       [38;2;124;38;66m▄[38;2;124;38;66m▄[38;2;124;38;66m[48;2;255;46;97m▀[0m[38;2;124;38;66m[48;2;191;52;77m▀[0m[38;2;124;38;66m[48;2;255;46;97m▀[0m[38;2;124;38;66m[48;2;255;46;97m▀[0m[38;2;124;38;66m[48;2;255;46;97m▀[0m[38;2;124;38;66m▄[38;2;124;38;66m▄[38;2;124;38;66m▄                                         
      [38;2;124;38;66m[48;2;124;38;66m▀[0m[38;2;255;46;97m[48;2;124;38;66m▀[0m[38;2;255;46;97m[48;2;124;38;66m▀[0m[38;2;255;46;97m[48;2;124;38;66m▀[0m[38;2;255;46;97m[48;2;124;38;66m▀[0m[38;2;124;38;66m[48;2;191;52;77m▀[0m[38;2;255;46;97m[48;2;124;38;66m▀[0m[38;2;255;46;97m[48;2;255;46;97m▀[0m[38;2;255;46;97m[48;2;255;46;97m▀[0m[38;2;191;52;77m[48;2;255;46;97m▀[0m[38;2;255;46;97m[48;2;124;38;66m▀[0m[38;2;124;38;66m[48;2;255;46;97m▀[0m[38;2;124;38;66m[48;2;255;46;97m▀[0m[38;2;124;38;66m▄                                      
           [38;2;124;38;66m▀[38;2;124;38;66m▀[38;2;191;52;77m[48;2;124;38;66m▀[0m[38;2;255;46;97m[48;2;255;46;97m▀[0m[38;2;255;46;97m[48;2;191;52;77m▀[0m[38;2;124;38;66m[48;2;124;38;66m▀[0m[38;2;255;46;97m[48;2;255;46;97m▀[0m[38;2;255;46;97m[48;2;255;46;97m▀[0m[38;2;255;46;97m[48;2;255;46;97m▀[0m[38;2;124;38;66m[48;2;191;52;77m▀[0m[38;2;124;38;66m▄   [38;2;124;38;66m▄[38;2;191;52;77m[48;2;255;46;97m▀[0m[38;2;124;38;66m[48;2;255;46;97m▀[0m[38;2;124;38;66m[48;2;124;38;66m▀[0m                             
              [38;2;124;38;66m▀[38;2;191;52;77m[48;2;124;38;66m▀[0m[38;2;124;38;66m[48;2;124;38;66m▀[0m[38;2;255;46;97m[48;2;191;52;77m▀[0m[38;2;255;46;97m[48;2;255;46;97m▀[0m[38;2;255;46;97m[48;2;255;46;97m▀[0m[38;2;255;46;97m[48;2;255;46;97m▀[0m[38;2;191;52;77m[48;2;191;52;77m▀[0m[38;2;124;38;66m[48;2;255;46;97m▀[0m[38;2;124;38;66m▄[38;2;124;38;66m[48;2;124;38;66m▀[0m[38;2;255;46;97m[48;2;255;46;97m▀[0m[38;2;255;46;97m[48;2;255;46;97m▀[0m[38;2;191;52;77m[48;2;124;38;66m▀[0m     [38;2;41;56;51m[48;2;41;56;51m▀[0m[38;2;41;56;51m[48;2;119;136;170m▀[0m[38;2;41;56;51m▄[38;2;41;56;51m▄                     
     [38;2;124;38;66m▄[38;2;124;38;66m▄[38;2;124;38;66m▄[38;2;124;38;66m▄[38;2;124;38;66m▄      [38;2;124;38;66m[48;2;124;38;66m▀[0m[38;2;191;52;77m[48;2;191;52;77m▀[0m[38;2;191;52;77m[48;2;191;52;77m▀[0m[38;2;255;46;97m[48;2;191;52;77m▀[0m[38;2;255;46;97m[48;2;191;52;77m▀[0m[38;2;191;52;77m[48;2;255;46;97m▀[0m[38;2;255;46;97m[48;2;255;46;97m▀[0m[38;2;255;46;97m[48;2;255;46;97m▀[0m[38;2;191;52;77m[48;2;255;46;97m▀[0m[38;2;255;46;97m[48;2;255;46;97m▀[0m[38;2;255;46;97m[48;2;255;46;97m▀[0m[38;2;124;38;66m[48;2;124;38;66m▀[0m      [38;2;41;56;51m▀[38;2;119;136;170m[48;2;41;56;51m▀[0m[38;2;119;136;170m[48;2;119;136;170m▀[0m[38;2;41;56;51m[48;2;119;136;170m▀[0m[38;2;41;56;51m▄              [38;2;41;56;51m▄[38;2;41;56;51m▄   
  [38;2;124;38;66m▄[38;2;124;38;66m[48;2;191;52;77m▀[0m[38;2;124;38;66m[48;2;191;52;77m▀[0m[38;2;255;46;97m[48;2;124;38;66m▀[0m[38;2;255;46;97m[48;2;255;46;97m▀[0m[38;2;255;46;97m[48;2;255;46;97m▀[0m[38;2;255;46;97m[48;2;255;46;97m▀[0m[38;2;255;46;97m[48;2;255;46;97m▀[0m[38;2;124;38;66m[48;2;255;46;97m▀[0m[38;2;124;38;66m[48;2;255;46;97m▀[0m[38;2;124;38;66m[48;2;124;38;66m▀[0m[38;2;124;38;66m[48;2;255;46;97m▀[0m[38;2;124;38;66m▄[38;2;124;38;66m▄ [38;2;124;38;66m[48;2;124;38;66m▀[0m[38;2;191;52;77m[48;2;191;52;77m▀[0m[38;2;191;52;77m[48;2;191;52;77m▀[0m[38;2;124;38;66m[48;2;124;38;66m▀[0m[38;2;255;46;97m[48;2;255;46;97m▀[0m[38;2;255;46;97m[48;2;255;46;97m▀[0m[38;2;255;46;97m[48;2;255;46;97m▀[0m[38;2;255;46;97m[48;2;255;46;97m▀[0m[38;2;255;46;97m[48;2;255;46;97m▀[0m[38;2;255;46;97m[48;2;255;46;97m▀[0m[38;2;124;38;66m[48;2;124;38;66m▀[0m      [38;2;41;56;51m▄[38;2;41;56;51m[48;2;119;136;170m▀[0m[38;2;119;136;170m[48;2;119;136;170m▀[0m[38;2;119;136;170m[48;2;41;56;51m▀[0m[38;2;41;56;51m▀          [38;2;41;56;51m▄[38;2;41;56;51m▄[38;2;41;56;51m[48;2;119;136;170m▀[0m[38;2;41;56;51m[48;2;119;136;170m▀[0m[38;2;119;136;170m[48;2;41;56;51m▀[0m[38;2;41;56;51m▀   
[38;2;124;38;66m▄[38;2;124;38;66m[48;2;191;52;77m▀[0m[38;2;255;46;97m[48;2;124;38;66m▀[0m[38;2;255;46;97m[48;2;255;46;97m▀[0m[38;2;255;46;97m[48;2;255;46;97m▀[0m[38;2;255;46;97m[48;2;255;46;97m▀[0m[38;2;124;38;66m[48;2;191;52;77m▀[0m[38;2;255;46;97m[48;2;124;38;66m▀[0m[38;2;255;46;97m[48;2;255;46;97m▀[0m[38;2;255;46;97m[48;2;255;46;97m▀[0m[38;2;255;46;97m[48;2;255;46;97m▀[0m[38;2;255;46;97m[48;2;255;46;97m▀[0m[38;2;255;46;97m[48;2;255;46;97m▀[0m[38;2;124;38;66m[48;2;255;46;97m▀[0m[38;2;255;46;97m[48;2;124;38;66m▀[0m[38;2;255;46;97m[48;2;255;46;97m▀[0m[38;2;124;38;66m[48;2;255;46;97m▀[0m[38;2;124;38;66m[48;2;255;46;97m▀[0m[38;2;191;52;77m[48;2;124;38;66m▀[0m[38;2;124;38;66m[48;2;255;46;97m▀[0m[38;2;255;46;97m[48;2;255;46;97m▀[0m[38;2;255;46;97m[48;2;255;46;97m▀[0m[38;2;255;46;97m[48;2;255;46;97m▀[0m[38;2;255;46;97m[48;2;255;46;97m▀[0m[38;2;255;46;97m[48;2;255;46;97m▀[0m[38;2;255;46;97m[48;2;191;52;77m▀[0m[38;2;191;52;77m[48;2;191;52;77m▀[0m[38;2;191;52;77m[48;2;191;52;77m▀[0m[38;2;0;0;0m[48;2;0;0;0m▀[0m    [38;2;87;90;124m[48;2;41;56;51m▀[0m[38;2;87;90;124m[48;2;119;136;170m▀[0m[38;2;119;136;170m[48;2;119;136;170m▀[0m[38;2;119;136;170m[48;2;0;0;0m▀[0m[38;2;0;0;0m▀[38;2;0;0;0m▄[38;2;38;58;84m▄[38;2;38;58;84m[48;2;53;90;125m▀[0m[38;2;38;58;84m[48;2;53;90;125m▀[0m[38;2;38;58;84m[48;2;53;90;125m▀[0m[38;2;38;58;84m[48;2;53;90;125m▀[0m[38;2;38;58;84m[48;2;53;90;125m▀[0m[38;2;38;58;84m▄[38;2;38;58;84m▄[38;2;87;90;124m▄[38;2;41;56;51m[48;2;119;136;170m▀[0m[38;2;87;90;124m[48;2;119;136;170m▀[0m[38;2;119;136;170m[48;2;119;136;170m▀[0m[38;2;119;136;170m[48;2;41;56;51m▀[0m[38;2;41;56;51m▀     
[38;2;124;38;66m[48;2;124;38;66m▀[0m[38;2;255;46;97m[48;2;255;46;97m▀[0m[38;2;255;46;97m[48;2;0;0;0m▀[0m[38;2;124;38;66m▀[38;2;0;0;0m▀[38;2;0;0;0m▀[38;2;191;52;77m[48;2;0;0;0m▀[0m[38;2;191;52;77m[48;2;0;0;0m▀[0m[38;2;124;38;66m[48;2;0;0;0m▀[0m[38;2;255;46;97m[48;2;0;0;0m▀[0m[38;2;255;46;97m[48;2;255;46;97m▀[0m[38;2;255;46;97m[48;2;255;46;97m▀[0m[38;2;255;46;97m[48;2;191;52;77m▀[0m[38;2;191;52;77m[48;2;191;52;77m▀[0m[38;2;191;52;77m[48;2;191;52;77m▀[0m[38;2;124;38;66m[48;2;124;38;66m▀[0m[38;2;255;46;97m[48;2;255;46;97m▀[0m[38;2;255;46;97m[48;2;255;46;97m▀[0m[38;2;255;46;97m[48;2;255;46;97m▀[0m[38;2;255;46;97m[48;2;255;46;97m▀[0m[38;2;255;46;97m[48;2;255;46;97m▀[0m[38;2;255;46;97m[48;2;255;46;97m▀[0m[38;2;255;46;97m[48;2;255;46;97m▀[0m[38;2;255;46;97m[48;2;255;46;97m▀[0m[38;2;191;52;77m[48;2;191;52;77m▀[0m[38;2;191;52;77m[48;2;191;52;77m▀[0m[38;2;191;52;77m[48;2;191;52;77m▀[0m[38;2;191;52;77m[48;2;191;52;77m▀[0m[38;2;0;0;0m[48;2;38;58;84m▀[0m[38;2;0;0;0m▄ [38;2;0;0;0m▄[38;2;41;56;51m[48;2;119;136;170m▀[0m[38;2;119;136;170m[48;2;119;136;170m▀[0m[38;2;119;136;170m[48;2;119;136;170m▀[0m[38;2;119;136;170m[48;2;119;136;170m▀[0m[38;2;0;0;0m[48;2;0;0;0m▀[0m[38;2;0;0;0m[48;2;53;90;125m▀[0m[38;2;53;90;125m[48;2;53;90;125m▀[0m[38;2;53;90;125m[48;2;53;90;125m▀[0m[38;2;53;90;125m[48;2;46;72;103m▀[0m[38;2;53;90;125m[48;2;46;72;103m▀[0m[38;2;53;90;125m[48;2;46;72;103m▀[0m[38;2;53;90;125m[48;2;53;90;125m▀[0m[38;2;53;90;125m[48;2;53;90;125m▀[0m[38;2;53;90;125m[48;2;53;90;125m▀[0m[38;2;53;90;125m[48;2;53;90;125m▀[0m[38;2;38;58;84m[48;2;53;90;125m▀[0m[38;2;119;136;170m[48;2;38;58;84m▀[0m[38;2;119;136;170m[48;2;119;136;170m▀[0m[38;2;119;136;170m[48;2;119;136;170m▀[0m[38;2;41;56;51m[48;2;119;136;170m▀[0m[38;2;41;56;51m▄     
[38;2;124;38;66m▀[38;2;124;38;66m▀        [38;2;0;0;0m▀[38;2;191;52;77m[48;2;0;0;0m▀[0m[38;2;191;52;77m[48;2;191;52;77m▀[0m[38;2;191;52;77m[48;2;191;52;77m▀[0m[38;2;191;52;77m[48;2;191;52;77m▀[0m[38;2;191;52;77m[48;2;191;52;77m▀[0m[38;2;124;38;66m[48;2;124;38;66m▀[0m[38;2;255;46;97m[48;2;255;46;97m▀[0m[38;2;255;46;97m[48;2;255;46;97m▀[0m[38;2;255;46;97m[48;2;255;46;97m▀[0m[38;2;255;46;97m[48;2;255;46;97m▀[0m[38;2;255;46;97m[48;2;255;46;97m▀[0m[38;2;255;46;97m[48;2;255;46;97m▀[0m[38;2;191;52;77m[48;2;191;52;77m▀[0m[38;2;191;52;77m[48;2;38;58;84m▀[0m[38;2;191;52;77m[48;2;38;58;84m▀[0m[38;2;191;52;77m[48;2;191;52;77m▀[0m[38;2;191;52;77m[48;2;191;52;77m▀[0m[38;2;38;58;84m[48;2;38;58;84m▀[0m[38;2;0;0;0m[48;2;0;0;0m▀[0m[38;2;0;0;0m[48;2;119;136;170m▀[0m[38;2;119;136;170m[48;2;194;195;197m▀[0m[38;2;119;136;170m[48;2;119;136;170m▀[0m[38;2;119;136;170m[48;2;119;136;170m▀[0m[38;2;119;136;170m[48;2;41;56;51m▀[0m[38;2;0;0;0m[48;2;0;0;0m▀[0m[38;2;38;58;84m[48;2;38;58;84m▀[0m[38;2;46;72;103m[48;2;119;136;170m▀[0m[38;2;46;72;103m[48;2;119;136;170m▀[0m[38;2;119;136;170m[48;2;119;136;170m▀[0m[38;2;119;136;170m[48;2;119;136;170m▀[0m[38;2;119;136;170m[48;2;119;136;170m▀[0m[38;2;119;136;170m[48;2;119;136;170m▀[0m[38;2;46;72;103m[48;2;119;136;170m▀[0m[38;2;46;72;103m[48;2;119;136;170m▀[0m[38;2;53;90;125m[48;2;38;58;84m▀[0m[38;2;53;90;125m[48;2;53;90;125m▀[0m[38;2;53;90;125m[48;2;53;90;125m▀[0m[38;2;53;90;125m[48;2;53;90;125m▀[0m[38;2;38;58;84m[48;2;53;90;125m▀[0m[38;2;87;90;124m[48;2;0;0;0m▀[0m[38;2;87;90;124m[48;2;87;90;124m▀[0m[38;2;87;90;124m[48;2;87;90;124m▀[0m[38;2;0;0;0m[48;2;87;90;124m▀[0m[38;2;0;0;0m▄   
         [38;2;124;38;66m▄[38;2;124;38;66m▄[38;2;124;38;66m[48;2;191;52;77m▀[0m[38;2;0;0;0m[48;2;191;52;77m▀[0m[38;2;191;52;77m[48;2;124;38;66m▀[0m[38;2;191;52;77m[48;2;124;38;66m▀[0m[38;2;191;52;77m[48;2;191;52;77m▀[0m[38;2;124;38;66m[48;2;191;52;77m▀[0m[38;2;255;46;97m[48;2;255;46;97m▀[0m[38;2;255;46;97m[48;2;255;46;97m▀[0m[38;2;255;46;97m[48;2;255;46;97m▀[0m[38;2;255;46;97m[48;2;255;46;97m▀[0m[38;2;255;46;97m[48;2;255;46;97m▀[0m[38;2;191;52;77m[48;2;191;52;77m▀[0m[38;2;191;52;77m[48;2;191;52;77m▀[0m[38;2;191;52;77m[48;2;191;52;77m▀[0m[38;2;38;58;84m[48;2;38;58;84m▀[0m[38;2;38;58;84m[48;2;38;58;84m▀[0m[38;2;191;52;77m[48;2;0;0;0m▀[0m[38;2;0;0;0m[48;2;0;0;0m▀[0m[38;2;87;90;124m[48;2;194;195;197m▀[0m[38;2;194;195;197m[48;2;119;136;170m▀[0m[38;2;119;136;170m[48;2;119;136;170m▀[0m[38;2;119;136;170m[48;2;119;136;170m▀[0m[38;2;119;136;170m[48;2;119;136;170m▀[0m[38;2;119;136;170m[48;2;119;136;170m▀[0m[38;2;0;0;0m[48;2;119;136;170m▀[0m[38;2;38;58;84m[48;2;0;0;0m▀[0m[38;2;38;58;84m[48;2;53;90;125m▀[0m[38;2;119;136;170m[48;2;38;58;84m▀[0m[38;2;119;136;170m[48;2;87;90;124m▀[0m[38;2;119;136;170m[48;2;87;90;124m▀[0m[38;2;119;136;170m[48;2;87;90;124m▀[0m[38;2;119;136;170m[48;2;87;90;124m▀[0m[38;2;87;90;124m[48;2;38;58;84m▀[0m[38;2;38;58;84m[48;2;53;90;125m▀[0m[38;2;53;90;125m[48;2;53;90;125m▀[0m[38;2;53;90;125m[48;2;53;90;125m▀[0m[38;2;53;90;125m[48;2;53;90;125m▀[0m[38;2;53;90;125m[48;2;53;90;125m▀[0m[38;2;53;90;125m[48;2;53;90;125m▀[0m[38;2;0;0;0m[48;2;53;90;125m▀[0m[38;2;87;90;124m[48;2;0;0;0m▀[0m[38;2;87;90;124m[48;2;0;0;0m▀[0m[38;2;0;0;0m▀    
     [38;2;124;38;66m▄[38;2;124;38;66m▄[38;2;124;38;66m[48;2;191;52;77m▀[0m[38;2;124;38;66m[48;2;124;38;66m▀[0m[38;2;191;52;77m[48;2;124;38;66m▀[0m[38;2;191;52;77m[48;2;124;38;66m▀[0m[38;2;191;52;77m[48;2;191;52;77m▀[0m[38;2;191;52;77m[48;2;255;46;97m▀[0m[38;2;255;46;97m[48;2;255;46;97m▀[0m[38;2;255;46;97m[48;2;255;46;97m▀[0m[38;2;255;46;97m[48;2;255;46;97m▀[0m[38;2;255;46;97m[48;2;255;46;97m▀[0m[38;2;255;46;97m[48;2;255;46;97m▀[0m[38;2;255;46;97m[48;2;255;46;97m▀[0m[38;2;255;46;97m[48;2;255;46;97m▀[0m[38;2;255;46;97m[48;2;255;46;97m▀[0m[38;2;191;52;77m[48;2;191;52;77m▀[0m[38;2;191;52;77m[48;2;191;52;77m▀[0m[38;2;191;52;77m[48;2;191;52;77m▀[0m[38;2;191;52;77m[48;2;191;52;77m▀[0m[38;2;191;52;77m[48;2;191;52;77m▀[0m[38;2;38;58;84m[48;2;0;0;0m▀[0m[38;2;0;0;0m[48;2;194;195;197m▀[0m[38;2;194;195;197m[48;2;194;195;197m▀[0m[38;2;194;195;197m[48;2;194;195;197m▀[0m[38;2;119;136;170m[48;2;119;136;170m▀[0m[38;2;119;136;170m[48;2;0;0;0m▀[0m[38;2;87;90;124m[48;2;41;56;51m▀[0m[38;2;119;136;170m[48;2;0;0;0m▀[0m[38;2;119;136;170m[48;2;0;0;0m▀[0m[38;2;41;56;51m[48;2;0;0;0m▀[0m[38;2;0;0;0m[48;2;119;136;170m▀[0m[38;2;53;90;125m[48;2;0;0;0m▀[0m[38;2;53;90;125m[48;2;53;90;125m▀[0m[38;2;38;58;84m[48;2;53;90;125m▀[0m[38;2;87;90;124m[48;2;38;58;84m▀[0m[38;2;87;90;124m[48;2;38;58;84m▀[0m[38;2;38;58;84m[48;2;53;90;125m▀[0m[38;2;53;90;125m[48;2;53;90;125m▀[0m[38;2;53;90;125m[48;2;53;90;125m▀[0m[38;2;53;90;125m[48;2;53;90;125m▀[0m[38;2;53;90;125m[48;2;53;90;125m▀[0m[38;2;53;90;125m[48;2;53;90;125m▀[0m[38;2;53;90;125m[48;2;53;90;125m▀[0m[38;2;53;90;125m[48;2;53;90;125m▀[0m[38;2;53;90;125m[48;2;53;90;125m▀[0m[38;2;0;0;0m[48;2;0;0;0m▀[0m      
   [38;2;124;38;66m▄[38;2;124;38;66m[48;2;255;46;97m▀[0m[38;2;255;46;97m[48;2;255;46;97m▀[0m[38;2;255;46;97m[48;2;255;46;97m▀[0m[38;2;255;46;97m[48;2;191;52;77m▀[0m[38;2;191;52;77m[48;2;191;52;77m▀[0m[38;2;191;52;77m[48;2;191;52;77m▀[0m[38;2;191;52;77m[48;2;191;52;77m▀[0m[38;2;124;38;66m[48;2;191;52;77m▀[0m[38;2;124;38;66m[48;2;191;52;77m▀[0m[38;2;255;46;97m[48;2;191;52;77m▀[0m[38;2;255;46;97m[48;2;255;46;97m▀[0m[38;2;255;46;97m[48;2;255;46;97m▀[0m[38;2;255;46;97m[48;2;255;46;97m▀[0m[38;2;255;46;97m[48;2;255;46;97m▀[0m[38;2;255;46;97m[48;2;255;46;97m▀[0m[38;2;255;46;97m[48;2;255;46;97m▀[0m[38;2;255;46;97m[48;2;191;52;77m▀[0m[38;2;38;58;84m[48;2;191;52;77m▀[0m[38;2;38;58;84m[48;2;38;58;84m▀[0m[38;2;38;58;84m[48;2;38;58;84m▀[0m[38;2;191;52;77m[48;2;38;58;84m▀[0m[38;2;191;52;77m[48;2;38;58;84m▀[0m[38;2;38;58;84m[48;2;38;58;84m▀[0m[38;2;0;0;0m[48;2;38;58;84m▀[0m[38;2;194;195;197m[48;2;0;0;0m▀[0m[38;2;194;195;197m[48;2;194;195;197m▀[0m[38;2;194;195;197m[48;2;194;195;197m▀[0m[38;2;0;0;0m[48;2;119;136;170m▀[0m[38;2;41;56;51m[48;2;0;0;0m▀[0m[38;2;0;0;0m[48;2;53;90;125m▀[0m[38;2;53;90;125m[48;2;53;90;125m▀[0m[38;2;0;0;0m[48;2;38;58;84m▀[0m[38;2;119;136;170m[48;2;119;136;170m▀[0m[38;2;255;251;230m[48;2;255;251;230m▀[0m[38;2;0;0;0m[48;2;191;52;77m▀[0m[38;2;38;58;84m[48;2;0;0;0m▀[0m[38;2;53;90;125m[48;2;38;58;84m▀[0m[38;2;53;90;125m[48;2;53;90;125m▀[0m[38;2;53;90;125m[48;2;53;90;125m▀[0m[38;2;53;90;125m[48;2;53;90;125m▀[0m[38;2;53;90;125m[48;2;53;90;125m▀[0m[38;2;53;90;125m[48;2;53;90;125m▀[0m[38;2;53;90;125m[48;2;53;90;125m▀[0m[38;2;53;90;125m[48;2;53;90;125m▀[0m[38;2;53;90;125m[48;2;53;90;125m▀[0m[38;2;53;90;125m[48;2;53;90;125m▀[0m[38;2;53;90;125m[48;2;46;72;103m▀[0m[38;2;38;58;84m[48;2;38;58;84m▀[0m[38;2;0;0;0m[48;2;0;0;0m▀[0m     
 [38;2;124;38;66m▄[38;2;124;38;66m[48;2;255;46;97m▀[0m[38;2;255;46;97m[48;2;255;46;97m▀[0m[38;2;255;46;97m[48;2;255;46;97m▀[0m[38;2;255;46;97m[48;2;124;38;66m▀[0m[38;2;191;52;77m[48;2;124;38;66m▀[0m[38;2;191;52;77m[48;2;124;38;66m▀[0m[38;2;191;52;77m[48;2;0;0;0m▀[0m[38;2;191;52;77m[48;2;0;0;0m▀[0m[38;2;191;52;77m[48;2;0;0;0m▀[0m[38;2;191;52;77m[48;2;124;38;66m▀[0m[38;2;191;52;77m[48;2;124;38;66m▀[0m[38;2;191;52;77m[48;2;255;46;97m▀[0m[38;2;191;52;77m[48;2;255;46;97m▀[0m[38;2;255;46;97m[48;2;255;46;97m▀[0m[38;2;255;46;97m[48;2;255;46;97m▀[0m[38;2;255;46;97m[48;2;255;46;97m▀[0m[38;2;255;46;97m[48;2;255;46;97m▀[0m[38;2;255;46;97m[48;2;255;46;97m▀[0m[38;2;191;52;77m[48;2;191;52;77m▀[0m[38;2;191;52;77m[48;2;191;52;77m▀[0m[38;2;191;52;77m[48;2;191;52;77m▀[0m[38;2;38;58;84m[48;2;38;58;84m▀[0m[38;2;38;58;84m[48;2;38;58;84m▀[0m[38;2;38;58;84m[48;2;38;58;84m▀[0m[38;2;38;58;84m[48;2;38;58;84m▀[0m[38;2;38;58;84m[48;2;38;58;84m▀[0m[38;2;38;58;84m[48;2;38;58;84m▀[0m[38;2;0;0;0m[48;2;38;58;84m▀[0m[38;2;194;195;197m[48;2;0;0;0m▀[0m[38;2;119;136;170m[48;2;194;195;197m▀[0m[38;2;0;0;0m[48;2;0;0;0m▀[0m[38;2;53;90;125m[48;2;53;90;125m▀[0m[38;2;53;90;125m[48;2;53;90;125m▀[0m[38;2;38;58;84m[48;2;53;90;125m▀[0m[38;2;119;136;170m[48;2;46;72;103m▀[0m[38;2;87;90;124m[48;2;119;136;170m▀[0m[38;2;191;52;77m[48;2;119;136;170m▀[0m[38;2;255;251;230m[48;2;87;90;124m▀[0m[38;2;191;52;77m[48;2;87;90;124m▀[0m[38;2;0;0;0m[48;2;119;136;170m▀[0m[38;2;53;90;125m[48;2;0;0;0m▀[0m[38;2;53;90;125m[48;2;46;72;103m▀[0m[38;2;53;90;125m[48;2;46;72;103m▀[0m[38;2;53;90;125m[48;2;53;90;125m▀[0m[38;2;53;90;125m[48;2;53;90;125m▀[0m[38;2;53;90;125m[48;2;46;72;103m▀[0m[38;2;53;90;125m[48;2;38;58;84m▀[0m[38;2;46;72;103m[48;2;38;58;84m▀[0m[38;2;38;58;84m[48;2;38;58;84m▀[0m[38;2;38;58;84m[48;2;38;58;84m▀[0m[38;2;0;0;0m[48;2;0;0;0m▀[0m  [38;2;124;38;66m▄  
[38;2;124;38;66m▄[38;2;124;38;66m[48;2;255;46;97m▀[0m[38;2;255;46;97m[48;2;124;38;66m▀[0m[38;2;124;38;66m[48;2;191;52;77m▀[0m[38;2;124;38;66m[48;2;191;52;77m▀[0m[38;2;191;52;77m[48;2;191;52;77m▀[0m[38;2;191;52;77m[48;2;0;0;0m▀[0m[38;2;0;0;0m▀ [38;2;124;38;66m▄[38;2;124;38;66m[48;2;255;46;97m▀[0m[38;2;255;46;97m[48;2;255;46;97m▀[0m[38;2;255;46;97m[48;2;0;0;0m▀[0m[38;2;255;46;97m[48;2;0;0;0m▀[0m[38;2;0;0;0m[48;2;41;56;51m▀[0m[38;2;0;0;0m[48;2;87;90;124m▀[0m[38;2;0;0;0m[48;2;41;56;51m▀[0m[38;2;0;0;0m▀[38;2;0;0;0m▀[38;2;0;0;0m▀[38;2;38;58;84m[48;2;0;0;0m▀[0m[38;2;38;58;84m[48;2;0;0;0m▀[0m[38;2;38;58;84m[48;2;0;0;0m▀[0m[38;2;38;58;84m[48;2;38;58;84m▀[0m[38;2;38;58;84m[48;2;38;58;84m▀[0m[38;2;38;58;84m[48;2;38;58;84m▀[0m[38;2;38;58;84m[48;2;38;58;84m▀[0m[38;2;38;58;84m[48;2;38;58;84m▀[0m[38;2;38;58;84m[48;2;38;58;84m▀[0m[38;2;38;58;84m[48;2;38;58;84m▀[0m[38;2;38;58;84m[48;2;38;58;84m▀[0m[38;2;0;0;0m[48;2;38;58;84m▀[0m[38;2;38;58;84m[48;2;38;58;84m▀[0m[38;2;0;0;0m[48;2;38;58;84m▀[0m[38;2;53;90;125m[48;2;0;0;0m▀[0m[38;2;53;90;125m[48;2;53;90;125m▀[0m[38;2;46;72;103m[48;2;53;90;125m▀[0m[38;2;119;136;170m[48;2;41;56;51m▀[0m[38;2;119;136;170m[48;2;119;136;170m▀[0m[38;2;119;136;170m[48;2;119;136;170m▀[0m[38;2;119;136;170m[48;2;119;136;170m▀[0m[38;2;119;136;170m[48;2;0;0;0m▀[0m[38;2;87;90;124m[48;2;41;56;51m▀[0m[38;2;0;0;0m[48;2;87;90;124m▀[0m[38;2;38;58;84m[48;2;8;24;43m▀[0m[38;2;38;58;84m[48;2;38;58;84m▀[0m[38;2;38;58;84m[48;2;38;58;84m▀[0m[38;2;38;58;84m[48;2;38;58;84m▀[0m[38;2;38;58;84m[48;2;38;58;84m▀[0m[38;2;38;58;84m[48;2;38;58;84m▀[0m[38;2;38;58;84m[48;2;38;58;84m▀[0m[38;2;38;58;84m[48;2;38;58;84m▀[0m[38;2;0;0;0m[48;2;0;0;0m▀[0m[38;2;0;0;0m▄[38;2;0;0;0m[48;2;255;46;97m▀[0m[38;2;255;46;97m[48;2;255;46;97m▀[0m[38;2;0;0;0m[48;2;0;0;0m▀[0m 
[38;2;124;38;66m[48;2;124;38;66m▀[0m[38;2;191;52;77m[48;2;255;46;97m▀[0m[38;2;255;46;97m[48;2;255;46;97m▀[0m[38;2;255;46;97m[48;2;255;46;97m▀[0m[38;2;191;52;77m[48;2;0;0;0m▀[0m[38;2;0;0;0m▀   [38;2;124;38;66m[48;2;124;38;66m▀[0m[38;2;255;46;97m[48;2;0;0;0m▀[0m[38;2;0;0;0m▀[38;2;41;56;51m▄[38;2;41;56;51m[48;2;87;90;124m▀[0m[38;2;87;90;124m[48;2;41;56;51m▀[0m[38;2;87;90;124m[48;2;41;56;51m▀[0m[38;2;41;56;51m[48;2;87;90;124m▀[0m[38;2;41;56;51m▄     [38;2;0;0;0m▀[38;2;0;0;0m▀[38;2;38;58;84m[48;2;0;0;0m▀[0m[38;2;38;58;84m[48;2;38;58;84m▀[0m[38;2;38;58;84m[48;2;38;58;84m▀[0m[38;2;38;58;84m[48;2;38;58;84m▀[0m[38;2;38;58;84m[48;2;38;58;84m▀[0m[38;2;38;58;84m[48;2;38;58;84m▀[0m[38;2;38;58;84m[48;2;8;24;43m▀[0m[38;2;38;58;84m[48;2;8;24;43m▀[0m[38;2;38;58;84m[48;2;8;24;43m▀[0m[38;2;38;58;84m[48;2;38;58;84m▀[0m[38;2;0;0;0m[48;2;0;0;0m▀[0m[38;2;53;90;125m[48;2;53;90;125m▀[0m[38;2;0;0;0m[48;2;0;0;0m▀[0m[38;2;41;56;51m[48;2;38;58;84m▀[0m[38;2;119;136;170m[48;2;0;0;0m▀[0m[38;2;87;90;124m[48;2;0;0;0m▀[0m[38;2;87;90;124m[48;2;87;90;124m▀[0m[38;2;87;90;124m[48;2;87;90;124m▀[0m[38;2;87;90;124m[48;2;87;90;124m▀[0m[38;2;87;90;124m[48;2;0;0;0m▀[0m[38;2;0;0;0m[48;2;8;24;43m▀[0m[38;2;38;58;84m[48;2;38;58;84m▀[0m[38;2;38;58;84m[48;2;38;58;84m▀[0m[38;2;38;58;84m[48;2;38;58;84m▀[0m[38;2;38;58;84m[48;2;38;58;84m▀[0m[38;2;38;58;84m[48;2;38;58;84m▀[0m[38;2;38;58;84m[48;2;38;58;84m▀[0m[38;2;0;0;0m[48;2;0;0;0m▀[0m[38;2;124;38;66m[48;2;38;58;84m▀[0m[38;2;124;38;66m[48;2;124;38;66m▀[0m[38;2;255;46;97m[48;2;255;46;97m▀[0m[38;2;0;0;0m[48;2;0;0;0m▀[0m 
[38;2;124;38;66m[48;2;124;38;66m▀[0m[38;2;255;46;97m[48;2;255;46;97m▀[0m[38;2;255;46;97m[48;2;255;46;97m▀[0m[38;2;124;38;66m[48;2;0;0;0m▀[0m[38;2;0;0;0m▀      [38;2;41;56;51m[48;2;41;56;51m▀[0m[38;2;87;90;124m[48;2;41;56;51m▀[0m[38;2;41;56;51m▀[38;2;41;56;51m▄[38;2;41;56;51m[48;2;87;90;124m▀[0m[38;2;87;90;124m[48;2;87;90;124m▀[0m[38;2;41;56;51m[48;2;41;56;51m▀[0m        [38;2;0;0;0m▀[38;2;38;58;84m[48;2;0;0;0m▀[0m[38;2;8;24;43m[48;2;53;90;125m▀[0m[38;2;8;24;43m[48;2;53;90;125m▀[0m[38;2;8;24;43m[48;2;53;90;125m▀[0m[38;2;53;90;125m[48;2;8;24;43m▀[0m[38;2;53;90;125m[48;2;53;90;125m▀[0m[38;2;53;90;125m[48;2;53;90;125m▀[0m[38;2;8;24;43m[48;2;38;58;84m▀[0m[38;2;38;58;84m[48;2;0;0;0m▀[0m[38;2;0;0;0m[48;2;38;58;84m▀[0m[38;2;0;0;0m[48;2;38;58;84m▀[0m[38;2;38;58;84m[48;2;8;24;43m▀[0m[38;2;38;58;84m[48;2;38;58;84m▀[0m[38;2;38;58;84m[48;2;38;58;84m▀[0m[38;2;0;0;0m[48;2;38;58;84m▀[0m[38;2;0;0;0m[48;2;38;58;84m▀[0m[38;2;0;0;0m[48;2;38;58;84m▀[0m[38;2;38;58;84m[48;2;38;58;84m▀[0m[38;2;0;0;0m[48;2;8;24;43m▀[0m[38;2;38;58;84m[48;2;38;58;84m▀[0m[38;2;38;58;84m[48;2;38;58;84m▀[0m[38;2;38;58;84m[48;2;38;58;84m▀[0m[38;2;38;58;84m[48;2;38;58;84m▀[0m[38;2;38;58;84m[48;2;38;58;84m▀[0m[38;2;38;58;84m[48;2;0;0;0m▀[0m[38;2;0;0;0m[48;2;38;58;84m▀[0m[38;2;38;58;84m[48;2;38;58;84m▀[0m[38;2;38;58;84m[48;2;38;58;84m▀[0m[38;2;124;38;66m[48;2;0;0;0m▀[0m  
[38;2;124;38;66m▀[38;2;255;46;97m[48;2;124;38;66m▀[0m[38;2;255;46;97m[48;2;255;46;97m▀[0m[38;2;0;0;0m[48;2;0;0;0m▀[0m        [38;2;41;56;51m▄[38;2;41;56;51m[48;2;87;90;124m▀[0m[38;2;87;90;124m[48;2;87;90;124m▀[0m[38;2;87;90;124m[48;2;87;90;124m▀[0m[38;2;87;90;124m[48;2;41;56;51m▀[0m[38;2;87;90;124m[48;2;87;90;124m▀[0m[38;2;41;56;51m[48;2;87;90;124m▀[0m[38;2;41;56;51m▄   [38;2;8;24;43m▄[38;2;8;24;43m▄[38;2;8;24;43m▄ [38;2;0;0;0m▄[38;2;0;0;0m[48;2;0;0;0m▀[0m[38;2;53;90;125m[48;2;0;0;0m▀[0m[38;2;53;90;125m[48;2;53;90;125m▀[0m[38;2;53;90;125m[48;2;38;58;84m▀[0m[38;2;8;24;43m[48;2;38;58;84m▀[0m[38;2;38;58;84m[48;2;38;58;84m▀[0m[38;2;38;58;84m[48;2;8;24;43m▀[0m[38;2;8;24;43m[48;2;53;90;125m▀[0m[38;2;8;24;43m[48;2;53;90;125m▀[0m[38;2;38;58;84m[48;2;53;90;125m▀[0m[38;2;38;58;84m[48;2;38;58;84m▀[0m[38;2;8;24;43m[48;2;38;58;84m▀[0m[38;2;38;58;84m[48;2;38;58;84m▀[0m[38;2;38;58;84m[48;2;38;58;84m▀[0m[38;2;38;58;84m[48;2;38;58;84m▀[0m[38;2;38;58;84m[48;2;38;58;84m▀[0m[38;2;38;58;84m[48;2;8;24;43m▀[0m[38;2;8;24;43m[48;2;38;58;84m▀[0m[38;2;38;58;84m[48;2;38;58;84m▀[0m[38;2;38;58;84m[48;2;38;58;84m▀[0m[38;2;38;58;84m[48;2;38;58;84m▀[0m[38;2;38;58;84m[48;2;38;58;84m▀[0m[38;2;38;58;84m[48;2;38;58;84m▀[0m[38;2;0;0;0m[48;2;0;0;0m▀[0m[38;2;38;58;84m[48;2;0;0;0m▀[0m[38;2;38;58;84m▀[38;2;0;0;0m▀   
 [38;2;124;38;66m▀[38;2;255;46;97m[48;2;0;0;0m▀[0m[38;2;0;0;0m▀       [38;2;41;56;51m▄[38;2;41;56;51m[48;2;87;90;124m▀[0m[38;2;87;90;124m[48;2;87;90;124m▀[0m[38;2;87;90;124m[48;2;41;56;51m▀[0m[38;2;41;56;51m▀[38;2;41;56;51m▀[38;2;87;90;124m[48;2;41;56;51m▀[0m[38;2;87;90;124m[48;2;87;90;124m▀[0m[38;2;87;90;124m[48;2;87;90;124m▀[0m[38;2;0;0;0m[48;2;8;24;43m▀[0m[38;2;8;24;43m[48;2;53;90;125m▀[0m[38;2;8;24;43m[48;2;53;90;125m▀[0m[38;2;53;90;125m[48;2;53;90;125m▀[0m[38;2;53;90;125m[48;2;53;90;125m▀[0m[38;2;53;90;125m[48;2;53;90;125m▀[0m[38;2;8;24;43m[48;2;53;90;125m▀[0m[38;2;53;90;125m[48;2;8;24;43m▀[0m[38;2;53;90;125m[48;2;53;90;125m▀[0m[38;2;38;58;84m[48;2;53;90;125m▀[0m[38;2;38;58;84m[48;2;38;58;84m▀[0m[38;2;38;58;84m[48;2;38;58;84m▀[0m[38;2;38;58;84m[48;2;38;58;84m▀[0m[38;2;38;58;84m[48;2;38;58;84m▀[0m[38;2;38;58;84m[48;2;38;58;84m▀[0m[38;2;0;0;0m[48;2;38;58;84m▀[0m[38;2;53;90;125m[48;2;0;0;0m▀[0m[38;2;53;90;125m[48;2;53;90;125m▀[0m[38;2;53;90;125m[48;2;53;90;125m▀[0m[38;2;46;72;103m[48;2;53;90;125m▀[0m[38;2;38;58;84m[48;2;46;72;103m▀[0m[38;2;38;58;84m[48;2;38;58;84m▀[0m[38;2;38;58;84m[48;2;38;58;84m▀[0m[38;2;38;58;84m[48;2;38;58;84m▀[0m[38;2;8;24;43m[48;2;8;24;43m▀[0m[38;2;38;58;84m[48;2;38;58;84m▀[0m[38;2;38;58;84m[48;2;38;58;84m▀[0m[38;2;38;58;84m[48;2;38;58;84m▀[0m[38;2;38;58;84m[48;2;38;58;84m▀[0m[38;2;38;58;84m[48;2;8;24;43m▀[0m[38;2;0;0;0m[48;2;0;0;0m▀[0m[38;2;38;58;84m[48;2;38;58;84m▀[0m[38;2;38;58;84m[48;2;38;58;84m▀[0m[38;2;0;0;0m[48;2;38;58;84m▀[0m[38;2;0;0;0m▄   
           [38;2;41;56;51m[48;2;41;56;51m▀[0m[38;2;87;90;124m[48;2;41;56;51m▀[0m[38;2;41;56;51m▀  [38;2;41;56;51m[48;2;41;56;51m▀[0m[38;2;87;90;124m[48;2;87;90;124m▀[0m[38;2;87;90;124m[48;2;41;56;51m▀[0m[38;2;8;24;43m[48;2;8;24;43m▀[0m[38;2;53;90;125m[48;2;53;90;125m▀[0m[38;2;53;90;125m[48;2;53;90;125m▀[0m[38;2;53;90;125m[48;2;53;90;125m▀[0m[38;2;53;90;125m[48;2;53;90;125m▀[0m[38;2;53;90;125m[48;2;53;90;125m▀[0m[38;2;53;90;125m[48;2;53;90;125m▀[0m[38;2;53;90;125m[48;2;53;90;125m▀[0m[38;2;53;90;125m[48;2;53;90;125m▀[0m[38;2;8;24;43m[48;2;53;90;125m▀[0m[38;2;8;24;43m[48;2;53;90;125m▀[0m[38;2;46;72;103m[48;2;53;90;125m▀[0m[38;2;38;58;84m[48;2;38;58;84m▀[0m[38;2;38;58;84m[48;2;38;58;84m▀[0m[38;2;8;24;43m[48;2;38;58;84m▀[0m[38;2;53;90;125m[48;2;0;0;0m▀[0m[38;2;53;90;125m[48;2;53;90;125m▀[0m[38;2;53;90;125m[48;2;53;90;125m▀[0m[38;2;38;58;84m[48;2;53;90;125m▀[0m[38;2;53;90;125m[48;2;53;90;125m▀[0m[38;2;53;90;125m[48;2;53;90;125m▀[0m[38;2;53;90;125m[48;2;53;90;125m▀[0m[38;2;38;58;84m[48;2;38;58;84m▀[0m[38;2;38;58;84m[48;2;38;58;84m▀[0m[38;2;38;58;84m[48;2;38;58;84m▀[0m[38;2;8;24;43m[48;2;8;24;43m▀[0m[38;2;38;58;84m[48;2;38;58;84m▀[0m[38;2;38;58;84m[48;2;38;58;84m▀[0m[38;2;38;58;84m[48;2;38;58;84m▀[0m[38;2;38;58;84m[48;2;38;58;84m▀[0m[38;2;0;0;0m[48;2;0;0;0m▀[0m[38;2;38;58;84m[48;2;0;0;0m▀[0m[38;2;38;58;84m[48;2;0;0;0m▀[0m[38;2;0;0;0m▀[38;2;0;0;0m▀    
               [38;2;41;56;51m[48;2;41;56;51m▀[0m[38;2;87;90;124m[48;2;87;90;124m▀[0m[38;2;41;56;51m[48;2;41;56;51m▀[0m [38;2;8;24;43m[48;2;8;24;43m▀[0m[38;2;53;90;125m[48;2;53;90;125m▀[0m[38;2;53;90;125m[48;2;53;90;125m▀[0m[38;2;53;90;125m[48;2;53;90;125m▀[0m[38;2;53;90;125m[48;2;53;90;125m▀[0m[38;2;53;90;125m[48;2;53;90;125m▀[0m[38;2;53;90;125m[48;2;53;90;125m▀[0m[38;2;53;90;125m[48;2;53;90;125m▀[0m[38;2;53;90;125m[48;2;53;90;125m▀[0m[38;2;53;90;125m[48;2;53;90;125m▀[0m[38;2;53;90;125m[48;2;53;90;125m▀[0m[38;2;53;90;125m[48;2;53;90;125m▀[0m[38;2;46;72;103m[48;2;46;72;103m▀[0m[38;2;38;58;84m[48;2;38;58;84m▀[0m[38;2;38;58;84m[48;2;38;58;84m▀[0m[38;2;38;58;84m[48;2;38;58;84m▀[0m[38;2;0;0;0m[48;2;38;58;84m▀[0m[38;2;0;0;0m[48;2;0;0;0m▀[0m[38;2;53;90;125m[48;2;53;90;125m▀[0m[38;2;53;90;125m[48;2;53;90;125m▀[0m[38;2;53;90;125m[48;2;53;90;125m▀[0m[38;2;53;90;125m[48;2;53;90;125m▀[0m[38;2;53;90;125m[48;2;53;90;125m▀[0m[38;2;38;58;84m[48;2;38;58;84m▀[0m[38;2;38;58;84m[48;2;38;58;84m▀[0m[38;2;38;58;84m[48;2;38;58;84m▀[0m[38;2;8;24;43m[48;2;8;24;43m▀[0m[38;2;38;58;84m[48;2;38;58;84m▀[0m[38;2;38;58;84m[48;2;38;58;84m▀[0m[38;2;38;58;84m[48;2;38;58;84m▀[0m[38;2;0;0;0m[48;2;0;0;0m▀[0m[38;2;38;58;84m[48;2;0;0;0m▀[0m[38;2;38;58;84m[48;2;0;0;0m▀[0m[38;2;0;0;0m▀     
               [38;2;41;56;51m▀[38;2;41;56;51m▀ [38;2;0;0;0m[48;2;0;0;0m▀[0m[38;2;38;58;84m[48;2;38;58;84m▀[0m[38;2;46;72;103m[48;2;38;58;84m▀[0m[38;2;53;90;125m[48;2;46;72;103m▀[0m[38;2;53;90;125m[48;2;46;72;103m▀[0m[38;2;53;90;125m[48;2;38;58;84m▀[0m[38;2;46;72;103m[48;2;38;58;84m▀[0m[38;2;38;58;84m[48;2;38;58;84m▀[0m[38;2;38;58;84m[48;2;38;58;84m▀[0m[38;2;46;72;103m[48;2;38;58;84m▀[0m[38;2;53;90;125m[48;2;46;72;103m▀[0m[38;2;53;90;125m[48;2;46;72;103m▀[0m[38;2;53;90;125m[48;2;38;58;84m▀[0m[38;2;38;58;84m[48;2;38;58;84m▀[0m[38;2;38;58;84m[48;2;38;58;84m▀[0m[38;2;38;58;84m[48;2;38;58;84m▀[0m[38;2;38;58;84m[48;2;38;58;84m▀[0m[38;2;38;58;84m[48;2;38;58;84m▀[0m[38;2;0;0;0m[48;2;0;0;0m▀[0m[38;2;53;90;125m[48;2;53;90;125m▀[0m[38;2;53;90;125m[48;2;53;90;125m▀[0m[38;2;53;90;125m[48;2;53;90;125m▀[0m[38;2;53;90;125m[48;2;53;90;125m▀[0m[38;2;53;90;125m[48;2;53;90;125m▀[0m[38;2;38;58;84m[48;2;38;58;84m▀[0m[38;2;38;58;84m[48;2;38;58;84m▀[0m[38;2;38;58;84m[48;2;38;58;84m▀[0m[38;2;38;58;84m[48;2;38;58;84m▀[0m[38;2;0;0;0m[48;2;38;58;84m▀[0m[38;2;38;58;84m[48;2;0;0;0m▀[0m[38;2;38;58;84m[48;2;38;58;84m▀[0m[38;2;0;0;0m[48;2;38;58;84m▀[0m[38;2;0;0;0m▄       
            [38;2;0;0;0m▄[38;2;0;0;0m▄   [38;2;0;0;0m▄[38;2;0;0;0m[48;2;38;58;84m▀[0m[38;2;38;58;84m[48;2;38;58;84m▀[0m[38;2;38;58;84m[48;2;38;58;84m▀[0m[38;2;38;58;84m[48;2;38;58;84m▀[0m[38;2;38;58;84m[48;2;38;58;84m▀[0m[38;2;38;58;84m[48;2;38;58;84m▀[0m[38;2;38;58;84m[48;2;38;58;84m▀[0m[38;2;38;58;84m[48;2;38;58;84m▀[0m[38;2;38;58;84m[48;2;0;0;0m▀[0m[38;2;38;58;84m[48;2;38;58;84m▀[0m[38;2;38;58;84m[48;2;38;58;84m▀[0m[38;2;38;58;84m[48;2;38;58;84m▀[0m[38;2;38;58;84m[48;2;38;58;84m▀[0m[38;2;8;24;43m[48;2;8;24;43m▀[0m[38;2;38;58;84m[48;2;38;58;84m▀[0m[38;2;38;58;84m[48;2;38;58;84m▀[0m[38;2;38;58;84m[48;2;38;58;84m▀[0m[38;2;38;58;84m[48;2;38;58;84m▀[0m[38;2;0;0;0m[48;2;0;0;0m▀[0m[38;2;53;90;125m[48;2;53;90;125m▀[0m[38;2;38;58;84m[48;2;38;58;84m▀[0m[38;2;53;90;125m[48;2;53;90;125m▀[0m[38;2;53;90;125m[48;2;53;90;125m▀[0m[38;2;46;72;103m[48;2;46;72;103m▀[0m[38;2;38;58;84m[48;2;38;58;84m▀[0m[38;2;38;58;84m[48;2;38;58;84m▀[0m[38;2;38;58;84m[48;2;38;58;84m▀[0m[38;2;38;58;84m[48;2;38;58;84m▀[0m[38;2;38;58;84m[48;2;38;58;84m▀[0m[38;2;38;58;84m[48;2;38;58;84m▀[0m[38;2;0;0;0m[48;2;38;58;84m▀[0m[38;2;38;58;84m[48;2;0;0;0m▀[0m[38;2;0;0;0m[48;2;0;0;0m▀[0m       
          [38;2;41;56;51m▄[38;2;0;0;0m[48;2;87;90;124m▀[0m[38;2;87;90;124m[48;2;0;0;0m▀[0m[38;2;87;90;124m[48;2;87;90;124m▀[0m[38;2;0;0;0m[48;2;87;90;124m▀[0m[38;2;0;0;0m▄[38;2;0;0;0m▄[38;2;0;0;0m[48;2;38;58;84m▀[0m[38;2;38;58;84m[48;2;38;58;84m▀[0m[38;2;38;58;84m[48;2;38;58;84m▀[0m[38;2;38;58;84m[48;2;38;58;84m▀[0m[38;2;38;58;84m[48;2;38;58;84m▀[0m[38;2;38;58;84m[48;2;38;58;84m▀[0m[38;2;38;58;84m[48;2;38;58;84m▀[0m[38;2;38;58;84m[48;2;0;0;0m▀[0m[38;2;0;0;0m▀[38;2;0;0;0m[48;2;0;0;0m▀[0m[38;2;0;0;0m[48;2;38;58;84m▀[0m[38;2;38;58;84m[48;2;0;0;0m▀[0m[38;2;38;58;84m[48;2;38;58;84m▀[0m[38;2;38;58;84m[48;2;8;24;43m▀[0m[38;2;8;24;43m[48;2;38;58;84m▀[0m[38;2;38;58;84m[48;2;38;58;84m▀[0m[38;2;38;58;84m[48;2;38;58;84m▀[0m[38;2;38;58;84m[48;2;38;58;84m▀[0m[38;2;38;58;84m[48;2;38;58;84m▀[0m[38;2;38;58;84m[48;2;38;58;84m▀[0m[38;2;0;0;0m[48;2;0;0;0m▀[0m[38;2;46;72;103m[48;2;53;90;125m▀[0m[38;2;53;90;125m[48;2;53;90;125m▀[0m[38;2;53;90;125m[48;2;46;72;103m▀[0m[38;2;38;58;84m[48;2;38;58;84m▀[0m[38;2;38;58;84m[48;2;38;58;84m▀[0m[38;2;38;58;84m[48;2;38;58;84m▀[0m[38;2;38;58;84m[48;2;38;58;84m▀[0m[38;2;38;58;84m[48;2;38;58;84m▀[0m[38;2;38;58;84m[48;2;38;58;84m▀[0m[38;2;38;58;84m[48;2;38;58;84m▀[0m[38;2;0;0;0m[48;2;0;0;0m▀[0m         
          [38;2;41;56;51m▀[38;2;41;56;51m▀ [38;2;0;0;0m[48;2;0;0;0m▀[0m[38;2;0;0;0m[48;2;38;58;84m▀[0m[38;2;38;58;84m[48;2;38;58;84m▀[0m[38;2;38;58;84m[48;2;38;58;84m▀[0m[38;2;38;58;84m[48;2;38;58;84m▀[0m[38;2;38;58;84m[48;2;38;58;84m▀[0m[38;2;38;58;84m[48;2;38;58;84m▀[0m[38;2;38;58;84m[48;2;38;58;84m▀[0m[38;2;38;58;84m[48;2;0;0;0m▀[0m[38;2;0;0;0m▀   [38;2;0;0;0m▀[38;2;38;58;84m[48;2;0;0;0m▀[0m[38;2;38;58;84m[48;2;38;58;84m▀[0m[38;2;0;0;0m[48;2;38;58;84m▀[0m[38;2;8;24;43m[48;2;8;24;43m▀[0m[38;2;53;90;125m[48;2;53;90;125m▀[0m[38;2;38;58;84m[48;2;53;90;125m▀[0m[38;2;38;58;84m[48;2;46;72;103m▀[0m[38;2;38;58;84m[48;2;38;58;84m▀[0m[38;2;38;58;84m[48;2;38;58;84m▀[0m[38;2;38;58;84m[48;2;38;58;84m▀[0m[38;2;0;0;0m[48;2;0;0;0m▀[0m[38;2;53;90;125m[48;2;53;90;125m▀[0m[38;2;53;90;125m[48;2;38;58;84m▀[0m[38;2;38;58;84m[48;2;38;58;84m▀[0m[38;2;38;58;84m[48;2;0;0;0m▀[0m[38;2;38;58;84m[48;2;38;58;84m▀[0m[38;2;38;58;84m[48;2;38;58;84m▀[0m[38;2;38;58;84m[48;2;38;58;84m▀[0m[38;2;38;58;84m[48;2;38;58;84m▀[0m[38;2;38;58;84m[48;2;0;0;0m▀[0m[38;2;0;0;0m▀          
            [38;2;0;0;0m▄[38;2;0;0;0m[48;2;38;58;84m▀[0m[38;2;38;58;84m[48;2;38;58;84m▀[0m[38;2;38;58;84m[48;2;38;58;84m▀[0m[38;2;38;58;84m[48;2;38;58;84m▀[0m[38;2;38;58;84m[48;2;0;0;0m▀[0m[38;2;38;58;84m[48;2;0;0;0m▀[0m[38;2;0;0;0m▀[38;2;0;0;0m▀      [38;2;0;0;0m[48;2;0;0;0m▀[0m[38;2;38;58;84m[48;2;38;58;84m▀[0m[38;2;38;58;84m[48;2;8;24;43m▀[0m[38;2;8;24;43m[48;2;53;90;125m▀[0m[38;2;53;90;125m[48;2;53;90;125m▀[0m[38;2;53;90;125m[48;2;53;90;125m▀[0m[38;2;53;90;125m[48;2;53;90;125m▀[0m[38;2;53;90;125m[48;2;53;90;125m▀[0m[38;2;46;72;103m[48;2;53;90;125m▀[0m[38;2;38;58;84m[48;2;0;0;0m▀[0m [38;2;0;0;0m[48;2;0;0;0m▀[0m[38;2;38;58;84m[48;2;38;58;84m▀[0m[38;2;38;58;84m[48;2;38;58;84m▀[0m[38;2;0;0;0m[48;2;0;0;0m▀[0m[38;2;38;58;84m[48;2;38;58;84m▀[0m[38;2;38;58;84m[48;2;38;58;84m▀[0m[38;2;38;58;84m[48;2;38;58;84m▀[0m[38;2;38;58;84m[48;2;0;0;0m▀[0m[38;2;0;0;0m▀           
            [38;2;0;0;0m[48;2;0;0;0m▀[0m[38;2;38;58;84m[48;2;38;58;84m▀[0m[38;2;38;58;84m[48;2;38;58;84m▀[0m[38;2;38;58;84m[48;2;38;58;84m▀[0m[38;2;0;0;0m[48;2;0;0;0m▀[0m          [38;2;0;0;0m▀[38;2;38;58;84m[48;2;38;58;84m▀[0m[38;2;8;24;43m[48;2;8;24;43m▀[0m[38;2;53;90;125m[48;2;53;90;125m▀[0m[38;2;53;90;125m[48;2;53;90;125m▀[0m[38;2;53;90;125m[48;2;53;90;125m▀[0m[38;2;53;90;125m[48;2;53;90;125m▀[0m[38;2;53;90;125m[48;2;53;90;125m▀[0m[38;2;0;0;0m[48;2;0;0;0m▀[0m   [38;2;0;0;0m[48;2;0;0;0m▀[0m[38;2;38;58;84m[48;2;0;0;0m▀[0m[38;2;0;0;0m[48;2;87;90;124m▀[0m[38;2;38;58;84m[48;2;0;0;0m▀[0m[38;2;38;58;84m[48;2;38;58;84m▀[0m[38;2;38;58;84m[48;2;38;58;84m▀[0m[38;2;0;0;0m[48;2;0;0;0m▀[0m[38;2;0;0;0m▄           
           [38;2;0;0;0m▄[38;2;0;0;0m[48;2;38;58;84m▀[0m[38;2;38;58;84m[48;2;38;58;84m▀[0m[38;2;38;58;84m[48;2;38;58;84m▀[0m[38;2;38;58;84m[48;2;38;58;84m▀[0m[38;2;0;0;0m[48;2;0;0;0m▀[0m           [38;2;38;58;84m[48;2;38;58;84m▀[0m[38;2;8;24;43m[48;2;8;24;43m▀[0m[38;2;53;90;125m[48;2;53;90;125m▀[0m[38;2;53;90;125m[48;2;53;90;125m▀[0m[38;2;53;90;125m[48;2;53;90;125m▀[0m[38;2;53;90;125m[48;2;0;0;0m▀[0m[38;2;0;0;0m▀    [38;2;0;0;0m[48;2;0;0;0m▀[0m[38;2;87;90;124m[48;2;87;90;124m▀[0m[38;2;87;90;124m[48;2;87;90;124m▀[0m[38;2;0;0;0m[48;2;0;0;0m▀[0m[38;2;38;58;84m[48;2;38;58;84m▀[0m[38;2;0;0;0m[48;2;0;0;0m▀[0m[38;2;38;58;84m[48;2;38;58;84m▀[0m[38;2;38;58;84m[48;2;38;58;84m▀[0m[38;2;0;0;0m[48;2;38;58;84m▀[0m[38;2;0;0;0m[48;2;38;58;84m▀[0m[38;2;0;0;0m▄        
           [38;2;0;0;0m[48;2;0;0;0m▀[0m[38;2;38;58;84m[48;2;38;58;84m▀[0m[38;2;38;58;84m[48;2;38;58;84m▀[0m[38;2;38;58;84m[48;2;38;58;84m▀[0m[38;2;38;58;84m[48;2;38;58;84m▀[0m[38;2;38;58;84m[48;2;38;58;84m▀[0m[38;2;0;0;0m[48;2;0;0;0m▀[0m        [38;2;0;0;0m▄[38;2;0;0;0m[48;2;38;58;84m▀[0m[38;2;0;0;0m[48;2;0;0;0m▀[0m[38;2;53;90;125m[48;2;53;90;125m▀[0m[38;2;53;90;125m[48;2;53;90;125m▀[0m[38;2;53;90;125m[48;2;53;90;125m▀[0m[38;2;53;90;125m[48;2;53;90;125m▀[0m[38;2;0;0;0m[48;2;0;0;0m▀[0m[38;2;0;0;0m[48;2;38;58;84m▀[0m[38;2;0;0;0m▄[38;2;0;0;0m▄   [38;2;0;0;0m▀[38;2;87;90;124m[48;2;0;0;0m▀[0m[38;2;0;0;0m▀[38;2;0;0;0m▀[38;2;38;58;84m[48;2;0;0;0m▀[0m[38;2;38;58;84m[48;2;38;58;84m▀[0m[38;2;38;58;84m[48;2;38;58;84m▀[0m[38;2;38;58;84m[48;2;38;58;84m▀[0m[38;2;38;58;84m[48;2;38;58;84m▀[0m[38;2;38;58;84m[48;2;38;58;84m▀[0m[38;2;0;0;0m[48;2;38;58;84m▀[0m[38;2;0;0;0m▄      
         [38;2;0;0;0m▄[38;2;0;0;0m[48;2;46;72;103m▀[0m[38;2;38;58;84m[48;2;46;72;103m▀[0m[38;2;46;72;103m[48;2;38;58;84m▀[0m[38;2;38;58;84m[48;2;87;90;124m▀[0m[38;2;46;72;103m[48;2;38;58;84m▀[0m[38;2;46;72;103m[48;2;46;72;103m▀[0m[38;2;0;0;0m[48;2;87;90;124m▀[0m[38;2;0;0;0m[48;2;0;0;0m▀[0m[38;2;0;0;0m[48;2;87;90;124m▀[0m[38;2;0;0;0m▄[38;2;0;0;0m▄    [38;2;0;0;0m▀[38;2;38;58;84m[48;2;0;0;0m▀[0m[38;2;38;58;84m[48;2;0;0;0m▀[0m[38;2;0;0;0m[48;2;0;0;0m▀[0m[38;2;53;90;125m[48;2;8;24;43m▀[0m[38;2;53;90;125m[48;2;53;90;125m▀[0m[38;2;53;90;125m[48;2;53;90;125m▀[0m[38;2;53;90;125m[48;2;53;90;125m▀[0m[38;2;53;90;125m[48;2;53;90;125m▀[0m[38;2;0;0;0m[48;2;53;90;125m▀[0m[38;2;38;58;84m[48;2;0;0;0m▀[0m[38;2;87;90;124m[48;2;0;0;0m▀[0m[38;2;87;90;124m[48;2;0;0;0m▀[0m[38;2;0;0;0m▀   [38;2;0;0;0m▄[38;2;0;0;0m▄[38;2;0;0;0m[48;2;38;58;84m▀[0m[38;2;0;0;0m[48;2;38;58;84m▀[0m[38;2;38;58;84m[48;2;38;58;84m▀[0m[38;2;38;58;84m[48;2;38;58;84m▀[0m[38;2;38;58;84m[48;2;38;58;84m▀[0m[38;2;0;0;0m[48;2;38;58;84m▀[0m[38;2;38;58;84m[48;2;0;0;0m▀[0m[38;2;38;58;84m[48;2;0;0;0m▀[0m[38;2;38;58;84m[48;2;38;58;84m▀[0m[38;2;38;58;84m[48;2;87;90;124m▀[0m[38;2;0;0;0m[48;2;87;90;124m▀[0m[38;2;0;0;0m▄[38;2;0;0;0m▄ 
        [38;2;0;0;0m▀[38;2;46;72;103m[48;2;0;0;0m▀[0m[38;2;46;72;103m[48;2;0;0;0m▀[0m[38;2;38;58;84m[48;2;0;0;0m▀[0m[38;2;87;90;124m[48;2;0;0;0m▀[0m[38;2;87;90;124m[48;2;87;90;124m▀[0m[38;2;87;90;124m[48;2;0;0;0m▀[0m[38;2;0;0;0m▀[38;2;87;90;124m[48;2;0;0;0m▀[0m[38;2;87;90;124m[48;2;0;0;0m▀[0m[38;2;0;0;0m[48;2;0;0;0m▀[0m[38;2;87;90;124m[48;2;0;0;0m▀[0m[38;2;87;90;124m[48;2;0;0;0m▀[0m[38;2;0;0;0m▀       [38;2;8;24;43m[48;2;8;24;43m▀[0m[38;2;53;90;125m[48;2;53;90;125m▀[0m[38;2;53;90;125m[48;2;53;90;125m▀[0m[38;2;53;90;125m[48;2;53;90;125m▀[0m[38;2;53;90;125m[48;2;53;90;125m▀[0m[38;2;53;90;125m[48;2;46;72;103m▀[0m[38;2;0;0;0m[48;2;53;90;125m▀[0m[38;2;0;0;0m▄    [38;2;0;0;0m▀[38;2;38;58;84m[48;2;0;0;0m▀[0m[38;2;38;58;84m[48;2;0;0;0m▀[0m[38;2;38;58;84m[48;2;0;0;0m▀[0m[38;2;38;58;84m[48;2;0;0;0m▀[0m[38;2;38;58;84m[48;2;0;0;0m▀[0m[38;2;38;58;84m[48;2;0;0;0m▀[0m[38;2;38;58;84m[48;2;0;0;0m▀[0m[38;2;87;90;124m[48;2;0;0;0m▀[0m[38;2;119;136;170m[48;2;119;136;170m▀[0m[38;2;119;136;170m[48;2;119;136;170m▀[0m[38;2;0;0;0m[48;2;119;136;170m▀[0m[38;2;0;0;0m[48;2;119;136;170m▀[0m[38;2;119;136;170m[48;2;0;0;0m▀[0m[38;2;119;136;170m[48;2;0;0;0m▀[0m[38;2;119;136;170m[48;2;0;0;0m▀[0m[38;2;0;0;0m▀
             [38;2;0;0;0m▀[38;2;0;0;0m▀             [38;2;8;24;43m[48;2;8;24;43m▀[0m[38;2;53;90;125m[48;2;38;58;84m▀[0m[38;2;53;90;125m[48;2;53;90;125m▀[0m[38;2;53;90;125m[48;2;53;90;125m▀[0m[38;2;53;90;125m[48;2;53;90;125m▀[0m[38;2;53;90;125m[48;2;53;90;125m▀[0m[38;2;53;90;125m[48;2;53;90;125m▀[0m[38;2;38;58;84m[48;2;53;90;125m▀[0m[38;2;53;90;125m[48;2;38;58;84m▀[0m             [38;2;0;0;0m▀[38;2;0;0;0m▀[38;2;0;0;0m▀[38;2;0;0;0m▀    
                          [38;2;0;0;0m▄[38;2;0;0;0m[48;2;46;72;103m▀[0m[38;2;38;58;84m[48;2;46;72;103m▀[0m[38;2;46;72;103m[48;2;38;58;84m▀[0m[38;2;38;58;84m[48;2;194;195;197m▀[0m[38;2;38;58;84m[48;2;119;136;170m▀[0m[38;2;53;90;125m[48;2;38;58;84m▀[0m[38;2;53;90;125m[48;2;194;195;197m▀[0m[38;2;38;58;84m[48;2;194;195;197m▀[0m[38;2;38;58;84m[48;2;38;58;84m▀[0m[38;2;53;90;125m[48;2;38;58;84m▀[0m[38;2;0;0;0m[48;2;194;195;197m▀[0m[38;2;0;0;0m[48;2;194;195;197m▀[0m[38;2;0;0;0m▄[38;2;0;0;0m▄                 
                          [38;2;0;0;0m▀[38;2;0;0;0m▀[38;2;0;0;0m▀[38;2;194;195;197m[48;2;0;0;0m▀[0m[38;2;194;195;197m[48;2;87;90;124m▀[0m[38;2;194;195;197m[48;2;0;0;0m▀[0m[38;2;0;0;0m▀[38;2;0;0;0m▀[38;2;194;195;197m[48;2;0;0;0m▀[0m[38;2;194;195;197m[48;2;87;90;124m▀[0m[38;2;38;58;84m[48;2;0;0;0m▀[0m[38;2;87;90;124m[48;2;0;0;0m▀[0m[38;2;87;90;124m[48;2;0;0;0m▀[0m[38;2;194;195;197m[48;2;0;0;0m▀[0m[38;2;119;136;170m[48;2;0;0;0m▀[0m[38;2;0;0;0m▀                
                              [38;2;0;0;0m▀    [38;2;0;0;0m▀                      
[0m