                                 [38;2;122;61;62m▄[38;2;122;61;62m[48;2;201;71;71m▀[0m[38;2;21;21;21m▄         [38;2;122;61;62m▄[38;2;122;61;62m[48;2;201;71;71m▀[0m[38;2;21;21;21m▄                            
                                 [38;2;122;61;62m[48;2;122;61;62m▀[0m[38;2;201;71;71m[48;2;201;71;71m▀[0m[38;2;21;21;21m[48;2;21;21;21m▀[0m         [38;2;122;61;62m[48;2;122;61;62m▀[0m[38;2;201;71;71m[48;2;201;71;71m▀[0m[38;2;21;21;21m[48;2;21;21;21m▀[0m                            
                                [38;2;30;44;89m[48;2;30;44;89m▀[0m[38;2;201;71;71m[48;2;36;60;121m▀[0m[38;2;201;71;71m[48;2;21;21;21m▀[0m[38;2;21;21;21m▀        [38;2;16;29;58m[48;2;16;29;58m▀[0m[38;2;201;71;71m[48;2;36;60;121m▀[0m[38;2;201;71;71m[48;2;36;60;121m▀[0m[38;2;201;71;71m[48;2;201;71;71m▀[0m[38;2;21;21;21m[48;2;21;21;21m▀[0m                   [38;2;187;121;68m▄       
                [38;2;187;121;68m▄              [38;2;30;44;89m▄[38;2;30;44;89m[48;2;41;80;152m▀[0m[38;2;41;80;152m[48;2;41;80;152m▀[0m[38;2;21;21;21m[48;2;21;21;21m▀[0m        [38;2;21;21;21m▄[38;2;16;29;58m[48;2;41;80;152m▀[0m[38;2;41;80;152m[48;2;41;80;152m▀[0m[38;2;41;80;152m[48;2;41;80;152m▀[0m[38;2;36;60;121m[48;2;21;21;21m▀[0m[38;2;21;21;21m▀                  [38;2;187;121;68m[48;2;187;121;68m▀[0m[38;2;255;223;157m[48;2;255;223;157m▀[0m[38;2;21;21;21m[48;2;187;121;68m▀[0m[38;2;21;21;21m▄     
               [38;2;187;121;68m[48;2;187;121;68m▀[0m[38;2;255;223;157m[48;2;255;223;157m▀[0m[38;2;104;98;132m[48;2;187;121;68m▀[0m[38;2;104;98;132m▄         [38;2;16;29;58m▄  [38;2;30;44;89m[48;2;30;44;89m▀[0m[38;2;41;80;152m[48;2;41;80;152m▀[0m[38;2;36;60;121m[48;2;21;21;21m▀[0m[38;2;21;21;21m▀[38;2;16;29;58m▄[38;2;16;29;58m[48;2;68;114;200m▀[0m[38;2;16;29;58m[48;2;68;114;200m▀[0m[38;2;30;44;89m▄    [38;2;21;21;21m[48;2;21;21;21m▀[0m[38;2;41;80;152m[48;2;41;80;152m▀[0m[38;2;41;80;152m[48;2;41;80;152m▀[0m[38;2;41;80;152m[48;2;41;80;152m▀[0m[38;2;21;21;21m[48;2;21;21;21m▀[0m                  [38;2;187;121;68m[48;2;187;121;68m▀[0m[38;2;255;223;157m[48;2;255;223;157m▀[0m[38;2;255;223;157m[48;2;255;223;157m▀[0m[38;2;187;121;68m[48;2;187;121;68m▀[0m[38;2;21;21;21m[48;2;187;121;68m▀[0m[38;2;21;21;21m▄    
               [38;2;187;121;68m[48;2;187;121;68m▀[0m[38;2;255;223;157m[48;2;255;223;157m▀[0m[38;2;187;121;68m[48;2;187;121;68m▀[0m[38;2;104;98;132m[48;2;104;98;132m▀[0m        [38;2;16;29;58m[48;2;16;29;58m▀[0m[38;2;68;114;200m[48;2;68;114;200m▀[0m[38;2;16;29;58m[48;2;68;114;200m▀[0m[38;2;30;44;89m[48;2;16;29;58m▀[0m[38;2;41;80;152m[48;2;41;80;152m▀[0m[38;2;36;60;121m[48;2;16;29;58m▀[0m[38;2;16;29;58m[48;2;68;114;200m▀[0m[38;2;16;29;58m[48;2;68;114;200m▀[0m[38;2;68;114;200m[48;2;68;114;200m▀[0m[38;2;68;114;200m[48;2;30;44;89m▀[0m[38;2;30;44;89m[48;2;36;60;121m▀[0m[38;2;30;44;89m[48;2;30;44;89m▀[0m[38;2;104;98;132m[48;2;224;224;237m▀[0m[38;2;104;98;132m[48;2;138;134;155m▀[0m[38;2;104;98;132m▄[38;2;16;29;58m[48;2;16;29;58m▀[0m[38;2;41;80;152m[48;2;41;80;152m▀[0m[38;2;41;80;152m[48;2;41;80;152m▀[0m[38;2;41;80;152m[48;2;41;80;152m▀[0m[38;2;21;21;21m[48;2;21;21;21m▀[0m                  [38;2;138;134;155m[48;2;138;134;155m▀[0m[38;2;169;165;185m[48;2;224;224;237m▀[0m[38;2;169;165;185m[48;2;224;224;237m▀[0m[38;2;169;165;185m[48;2;138;134;155m▀[0m[38;2;187;121;68m[48;2;169;165;185m▀[0m[38;2;187;121;68m[48;2;187;121;68m▀[0m[38;2;21;21;21m[48;2;21;21;21m▀[0m    
              [38;2;104;98;132m▄[38;2;104;98;132m[48;2;224;224;237m▀[0m[38;2;104;98;132m[48;2;138;134;155m▀[0m[38;2;187;121;68m[48;2;104;98;132m▀[0m[38;2;104;98;132m[48;2;104;98;132m▀[0m        [38;2;21;21;21m[48;2;21;21;21m▀[0m[38;2;30;44;89m[48;2;36;60;121m▀[0m[38;2;68;114;200m[48;2;30;44;89m▀[0m[38;2;68;114;200m[48;2;68;114;200m▀[0m[38;2;16;29;58m[48;2;68;114;200m▀[0m[38;2;68;114;200m[48;2;68;114;200m▀[0m[38;2;68;114;200m[48;2;41;80;152m▀[0m[38;2;41;80;152m[48;2;30;44;89m▀[0m[38;2;30;44;89m[48;2;36;60;121m▀[0m[38;2;36;60;121m[48;2;16;29;58m▀[0m[38;2;36;60;121m[48;2;36;60;121m▀[0m[38;2;30;44;89m[48;2;30;44;89m▀[0m[38;2;138;134;155m[48;2;224;224;237m▀[0m[38;2;224;224;237m[48;2;169;165;185m▀[0m[38;2;224;224;237m[48;2;16;29;58m▀[0m[38;2;16;29;58m[48;2;41;80;152m▀[0m[38;2;41;80;152m[48;2;41;80;152m▀[0m[38;2;41;80;152m[48;2;41;80;152m▀[0m[38;2;41;80;152m[48;2;41;80;152m▀[0m[38;2;21;21;21m[48;2;21;21;21m▀[0m                 [38;2;138;134;155m[48;2;138;134;155m▀[0m[38;2;224;224;237m[48;2;224;224;237m▀[0m[38;2;224;224;237m[48;2;224;224;237m▀[0m[38;2;224;224;237m[48;2;138;134;155m▀[0m[38;2;138;134;155m[48;2;169;165;185m▀[0m[38;2;169;165;185m[48;2;169;165;185m▀[0m[38;2;104;98;132m[48;2;21;21;21m▀[0m     
              [38;2;104;98;132m[48;2;138;134;155m▀[0m[38;2;224;224;237m[48;2;224;224;237m▀[0m[38;2;138;134;155m[48;2;138;134;155m▀[0m[38;2;169;165;185m[48;2;169;165;185m▀[0m[38;2;104;98;132m[48;2;104;98;132m▀[0m        [38;2;21;21;21m▀[38;2;36;60;121m[48;2;21;21;21m▀[0m[38;2;36;60;121m[48;2;36;60;121m▀[0m[38;2;30;44;89m[48;2;30;44;89m▀[0m[38;2;41;80;152m[48;2;41;80;152m▀[0m[38;2;30;44;89m[48;2;30;44;89m▀[0m[38;2;30;44;89m[48;2;36;60;121m▀[0m[38;2;16;29;58m[48;2;16;29;58m▀[0m[38;2;36;60;121m[48;2;36;60;121m▀[0m[38;2;16;29;58m[48;2;30;44;89m▀[0m[38;2;30;44;89m[48;2;21;21;21m▀[0m[38;2;255;223;157m[48;2;255;223;157m▀[0m[38;2;138;134;155m[48;2;138;134;155m▀[0m[38;2;169;165;185m[48;2;169;165;185m▀[0m[38;2;16;29;58m[48;2;16;29;58m▀[0m[38;2;41;80;152m[48;2;36;60;121m▀[0m[38;2;41;80;152m[48;2;30;44;89m▀[0m[38;2;36;60;121m[48;2;30;44;89m▀[0m[38;2;21;21;21m[48;2;21;21;21m▀[0m                 [38;2;138;134;155m[48;2;138;134;155m▀[0m[38;2;224;224;237m[48;2;224;224;237m▀[0m[38;2;224;224;237m[48;2;224;224;237m▀[0m[38;2;224;224;237m[48;2;138;134;155m▀[0m[38;2;138;134;155m[48;2;169;165;185m▀[0m[38;2;169;165;185m[48;2;169;165;185m▀[0m[38;2;169;165;185m[48;2;104;98;132m▀[0m[38;2;21;21;21m▀     
             [38;2;104;98;132m[48;2;104;98;132m▀[0m[38;2;224;224;237m[48;2;224;224;237m▀[0m[38;2;224;224;237m[48;2;224;224;237m▀[0m[38;2;138;134;155m[48;2;138;134;155m▀[0m[38;2;169;165;185m[48;2;169;165;185m▀[0m[38;2;104;98;132m[48;2;104;98;132m▀[0m         [38;2;30;44;89m[48;2;30;44;89m▀[0m[38;2;21;21;21m[48;2;41;80;152m▀[0m[38;2;30;44;89m[48;2;21;21;21m▀[0m[38;2;41;80;152m[48;2;41;80;152m▀[0m[38;2;30;44;89m[48;2;30;44;89m▀[0m[38;2;36;60;121m[48;2;36;60;121m▀[0m[38;2;36;60;121m[48;2;16;29;58m▀[0m[38;2;30;44;89m[48;2;169;165;185m▀[0m[38;2;255;223;157m[48;2;169;165;185m▀[0m[38;2;187;121;68m[48;2;169;165;185m▀[0m[38;2;138;134;155m[48;2;201;71;71m▀[0m[38;2;169;165;185m[48;2;138;134;155m▀[0m[38;2;16;29;58m[48;2;16;29;58m▀[0m[38;2;30;44;89m[48;2;30;44;89m▀[0m[38;2;30;44;89m[48;2;30;44;89m▀[0m[38;2;30;44;89m[48;2;30;44;89m▀[0m[38;2;30;44;89m[48;2;21;21;21m▀[0m[38;2;21;21;21m[48;2;138;134;155m▀[0m[38;2;104;98;132m[48;2;224;224;237m▀[0m[38;2;104;98;132m▄              [38;2;138;134;155m[48;2;138;134;155m▀[0m[38;2;224;224;237m[48;2;224;224;237m▀[0m[38;2;224;224;237m[48;2;224;224;237m▀[0m[38;2;224;224;237m[48;2;138;134;155m▀[0m[38;2;138;134;155m[48;2;169;165;185m▀[0m[38;2;169;165;185m[48;2;169;165;185m▀[0m[38;2;169;165;185m[48;2;169;165;185m▀[0m[38;2;21;21;21m[48;2;21;21;21m▀[0m      
             [38;2;104;98;132m[48;2;138;134;155m▀[0m[38;2;224;224;237m[48;2;224;224;237m▀[0m[38;2;138;134;155m[48;2;138;134;155m▀[0m[38;2;169;165;185m[48;2;169;165;185m▀[0m[38;2;169;165;185m[48;2;169;165;185m▀[0m[38;2;104;98;132m[48;2;104;98;132m▀[0m        [38;2;30;44;89m▄[38;2;30;44;89m[48;2;41;80;152m▀[0m[38;2;41;80;152m[48;2;21;21;21m▀[0m[38;2;21;21;21m[48;2;21;21;21m▀[0m[38;2;41;80;152m[48;2;41;80;152m▀[0m[38;2;30;44;89m[48;2;30;44;89m▀[0m[38;2;36;60;121m[48;2;36;60;121m▀[0m[38;2;16;29;58m[48;2;36;60;121m▀[0m[38;2;169;165;185m[48;2;16;29;58m▀[0m[38;2;169;165;185m[48;2;201;71;71m▀[0m[38;2;122;61;62m[48;2;122;61;62m▀[0m[38;2;201;71;71m[48;2;201;71;71m▀[0m[38;2;122;61;62m[48;2;122;61;62m▀[0m[38;2;16;29;58m[48;2;16;29;58m▀[0m[38;2;30;44;89m[48;2;30;44;89m▀[0m[38;2;30;44;89m[48;2;30;44;89m▀[0m[38;2;30;44;89m[48;2;30;44;89m▀[0m[38;2;21;21;21m[48;2;21;21;21m▀[0m[38;2;224;224;237m[48;2;224;224;237m▀[0m[38;2;138;134;155m[48;2;224;224;237m▀[0m[38;2;224;224;237m[48;2;138;134;155m▀[0m[38;2;104;98;132m[48;2;224;224;237m▀[0m[38;2;104;98;132m▄           [38;2;138;134;155m[48;2;138;134;155m▀[0m[38;2;224;224;237m[48;2;224;224;237m▀[0m[38;2;224;224;237m[48;2;224;224;237m▀[0m[38;2;224;224;237m[48;2;224;224;237m▀[0m[38;2;138;134;155m[48;2;138;134;155m▀[0m[38;2;169;165;185m[48;2;169;165;185m▀[0m[38;2;169;165;185m[48;2;169;165;185m▀[0m[38;2;104;98;132m[48;2;21;21;21m▀[0m       
            [38;2;104;98;132m[48;2;104;98;132m▀[0m[38;2;224;224;237m[48;2;224;224;237m▀[0m[38;2;224;224;237m[48;2;224;224;237m▀[0m[38;2;138;134;155m[48;2;138;134;155m▀[0m[38;2;169;165;185m[48;2;169;165;185m▀[0m[38;2;169;165;185m[48;2;169;165;185m▀[0m[38;2;104;98;132m[48;2;104;98;132m▀[0m        [38;2;30;44;89m[48;2;30;44;89m▀[0m[38;2;41;80;152m[48;2;68;114;200m▀[0m[38;2;36;60;121m[48;2;36;60;121m▀[0m[38;2;21;21;21m[48;2;41;80;152m▀[0m[38;2;41;80;152m[48;2;21;21;21m▀[0m[38;2;30;44;89m[48;2;21;21;21m▀[0m[38;2;36;60;121m[48;2;21;21;21m▀[0m[38;2;36;60;121m[48;2;21;21;21m▀[0m[38;2;16;29;58m[48;2;41;80;152m▀[0m[38;2;21;21;21m[48;2;41;80;152m▀[0m[38;2;21;21;21m[48;2;41;80;152m▀[0m[38;2;21;21;21m[48;2;41;80;152m▀[0m[38;2;16;29;58m[48;2;16;29;58m▀[0m[38;2;30;44;89m[48;2;30;44;89m▀[0m[38;2;30;44;89m[48;2;30;44;89m▀[0m[38;2;30;44;89m[48;2;30;44;89m▀[0m[38;2;30;44;89m[48;2;21;21;21m▀[0m[38;2;21;21;21m[48;2;224;224;237m▀[0m[38;2;224;224;237m[48;2;224;224;237m▀[0m[38;2;224;224;237m[48;2;138;134;155m▀[0m[38;2;224;224;237m[48;2;138;134;155m▀[0m[38;2;138;134;155m[48;2;224;224;237m▀[0m[38;2;224;224;237m[48;2;224;224;237m▀[0m[38;2;104;98;132m[48;2;224;224;237m▀[0m[38;2;104;98;132m▄        [38;2;104;98;132m[48;2;104;98;132m▀[0m[38;2;224;224;237m[48;2;224;224;237m▀[0m[38;2;224;224;237m[48;2;224;224;237m▀[0m[38;2;224;224;237m[48;2;224;224;237m▀[0m[38;2;138;134;155m[48;2;138;134;155m▀[0m[38;2;169;165;185m[48;2;169;165;185m▀[0m[38;2;169;165;185m[48;2;169;165;185m▀[0m[38;2;104;98;132m[48;2;21;21;21m▀[0m        
            [38;2;104;98;132m[48;2;138;134;155m▀[0m[38;2;224;224;237m[48;2;224;224;237m▀[0m[38;2;224;224;237m[48;2;224;224;237m▀[0m[38;2;138;134;155m[48;2;138;134;155m▀[0m[38;2;169;165;185m[48;2;169;165;185m▀[0m[38;2;169;165;185m[48;2;169;165;185m▀[0m[38;2;104;98;132m[48;2;104;98;132m▀[0m       [38;2;30;44;89m▄[38;2;30;44;89m[48;2;68;114;200m▀[0m[38;2;68;114;200m[48;2;36;60;121m▀[0m[38;2;36;60;121m[48;2;36;60;121m▀[0m[38;2;41;80;152m[48;2;41;80;152m▀[0m[38;2;41;80;152m[48;2;41;80;152m▀[0m[38;2;41;80;152m[48;2;41;80;152m▀[0m[38;2;41;80;152m[48;2;41;80;152m▀[0m[38;2;41;80;152m[48;2;41;80;152m▀[0m[38;2;41;80;152m[48;2;41;80;152m▀[0m[38;2;41;80;152m[48;2;36;60;121m▀[0m[38;2;41;80;152m[48;2;41;80;152m▀[0m[38;2;68;114;200m[48;2;68;114;200m▀[0m[38;2;16;29;58m[48;2;16;29;58m▀[0m[38;2;30;44;89m[48;2;30;44;89m▀[0m[38;2;30;44;89m[48;2;30;44;89m▀[0m[38;2;30;44;89m[48;2;30;44;89m▀[0m[38;2;21;21;21m[48;2;21;21;21m▀[0m[38;2;138;134;155m[48;2;224;224;237m▀[0m[38;2;138;134;155m[48;2;138;134;155m▀[0m[38;2;224;224;237m[48;2;224;224;237m▀[0m[38;2;224;224;237m[48;2;224;224;237m▀[0m[38;2;224;224;237m[48;2;224;224;237m▀[0m[38;2;224;224;237m[48;2;224;224;237m▀[0m[38;2;224;224;237m[48;2;224;224;237m▀[0m[38;2;224;224;237m[48;2;224;224;237m▀[0m[38;2;104;98;132m[48;2;224;224;237m▀[0m[38;2;104;98;132m▄     [38;2;104;98;132m[48;2;104;98;132m▀[0m[38;2;224;224;237m[48;2;224;224;237m▀[0m[38;2;224;224;237m[48;2;224;224;237m▀[0m[38;2;224;224;237m[48;2;224;224;237m▀[0m[38;2;138;134;155m[48;2;138;134;155m▀[0m[38;2;169;165;185m[48;2;169;165;185m▀[0m[38;2;169;165;185m[48;2;169;165;185m▀[0m[38;2;169;165;185m[48;2;104;98;132m▀[0m[38;2;21;21;21m▀        
           [38;2;104;98;132m[48;2;104;98;132m▀[0m[38;2;224;224;237m[48;2;224;224;237m▀[0m[38;2;224;224;237m[48;2;224;224;237m▀[0m[38;2;138;134;155m[48;2;138;134;155m▀[0m[38;2;169;165;185m[48;2;169;165;185m▀[0m[38;2;169;165;185m[48;2;169;165;185m▀[0m[38;2;169;165;185m[48;2;169;165;185m▀[0m[38;2;104;98;132m[48;2;104;98;132m▀[0m       [38;2;30;44;89m[48;2;30;44;89m▀[0m[38;2;68;114;200m[48;2;68;114;200m▀[0m[38;2;36;60;121m[48;2;36;60;121m▀[0m[38;2;224;224;237m[48;2;224;224;237m▀[0m[38;2;36;60;121m[48;2;224;224;237m▀[0m[38;2;41;80;152m[48;2;36;60;121m▀[0m[38;2;41;80;152m[48;2;41;80;152m▀[0m[38;2;41;80;152m[48;2;36;60;121m▀[0m[38;2;41;80;152m[48;2;224;224;237m▀[0m[38;2;36;60;121m[48;2;224;224;237m▀[0m[38;2;224;224;237m[48;2;224;224;237m▀[0m[38;2;41;80;152m[48;2;41;80;152m▀[0m[38;2;16;29;58m[48;2;16;29;58m▀[0m[38;2;30;44;89m[48;2;30;44;89m▀[0m[38;2;30;44;89m[48;2;30;44;89m▀[0m[38;2;30;44;89m[48;2;30;44;89m▀[0m[38;2;16;29;58m[48;2;16;29;58m▀[0m[38;2;224;224;237m[48;2;224;224;237m▀[0m[38;2;224;224;237m[48;2;224;224;237m▀[0m[38;2;224;224;237m[48;2;224;224;237m▀[0m[38;2;138;134;155m[48;2;224;224;237m▀[0m[38;2;224;224;237m[48;2;138;134;155m▀[0m[38;2;224;224;237m[48;2;224;224;237m▀[0m[38;2;224;224;237m[48;2;224;224;237m▀[0m[38;2;224;224;237m[48;2;224;224;237m▀[0m[38;2;224;224;237m[48;2;224;224;237m▀[0m[38;2;224;224;237m[48;2;224;224;237m▀[0m[38;2;224;224;237m[48;2;138;134;155m▀[0m[38;2;104;98;132m[48;2;187;121;68m▀[0m[38;2;104;98;132m▄  [38;2;104;98;132m[48;2;104;98;132m▀[0m[38;2;224;224;237m[48;2;224;224;237m▀[0m[38;2;224;224;237m[48;2;224;224;237m▀[0m[38;2;224;224;237m[48;2;224;224;237m▀[0m[38;2;224;224;237m[48;2;138;134;155m▀[0m[38;2;138;134;155m[48;2;169;165;185m▀[0m[38;2;169;165;185m[48;2;169;165;185m▀[0m[38;2;169;165;185m[48;2;169;165;185m▀[0m[38;2;21;21;21m[48;2;21;21;21m▀[0m         
           [38;2;104;98;132m[48;2;138;134;155m▀[0m[38;2;224;224;237m[48;2;224;224;237m▀[0m[38;2;224;224;237m[48;2;224;224;237m▀[0m[38;2;138;134;155m[48;2;138;134;155m▀[0m[38;2;169;165;185m[48;2;169;165;185m▀[0m[38;2;169;165;185m[48;2;169;165;185m▀[0m[38;2;169;165;185m[48;2;169;165;185m▀[0m[38;2;104;98;132m[48;2;104;98;132m▀[0m      [38;2;30;44;89m▄[38;2;30;44;89m[48;2;68;114;200m▀[0m[38;2;68;114;200m[48;2;36;60;121m▀[0m[38;2;224;224;237m[48;2;224;224;237m▀[0m[38;2;224;224;237m[48;2;224;224;237m▀[0m[38;2;224;224;237m[48;2;36;60;121m▀[0m[38;2;224;224;237m[48;2;36;60;121m▀[0m[38;2;36;60;121m[48;2;41;80;152m▀[0m[38;2;224;224;237m[48;2;36;60;121m▀[0m[38;2;224;224;237m[48;2;224;224;237m▀[0m[38;2;224;224;237m[48;2;224;224;237m▀[0m[38;2;224;224;237m[48;2;36;60;121m▀[0m[38;2;68;114;200m[48;2;68;114;200m▀[0m[38;2;16;29;58m[48;2;16;29;58m▀[0m[38;2;30;44;89m[48;2;30;44;89m▀[0m[38;2;30;44;89m[48;2;30;44;89m▀[0m[38;2;30;44;89m[48;2;16;29;58m▀[0m[38;2;16;29;58m[48;2;224;224;237m▀[0m[38;2;224;224;237m[48;2;138;134;155m▀[0m[38;2;224;224;237m[48;2;138;134;155m▀[0m[38;2;138;134;155m[48;2;224;224;237m▀[0m[38;2;138;134;155m[48;2;224;224;237m▀[0m[38;2;224;224;237m[48;2;224;224;237m▀[0m[38;2;224;224;237m[48;2;224;224;237m▀[0m[38;2;224;224;237m[48;2;104;98;132m▀[0m[38;2;224;224;237m[48;2;104;98;132m▀[0m[38;2;224;224;237m[48;2;104;98;132m▀[0m[38;2;138;134;155m[48;2;104;98;132m▀[0m[38;2;187;121;68m[48;2;104;98;132m▀[0m[38;2;187;121;68m[48;2;104;98;132m▀[0m[38;2;187;121;68m[48;2;104;98;132m▀[0m[38;2;104;98;132m[48;2;104;98;132m▀[0m[38;2;21;21;21m[48;2;21;21;21m▀[0m[38;2;224;224;237m[48;2;224;224;237m▀[0m[38;2;224;224;237m[48;2;224;224;237m▀[0m[38;2;224;224;237m[48;2;224;224;237m▀[0m[38;2;224;224;237m[48;2;224;224;237m▀[0m[38;2;138;134;155m[48;2;138;134;155m▀[0m[38;2;169;165;185m[48;2;169;165;185m▀[0m[38;2;169;165;185m[48;2;169;165;185m▀[0m[38;2;104;98;132m[48;2;21;21;21m▀[0m          
          [38;2;104;98;132m[48;2;104;98;132m▀[0m[38;2;224;224;237m[48;2;224;224;237m▀[0m[38;2;224;224;237m[48;2;224;224;237m▀[0m[38;2;224;224;237m[48;2;138;134;155m▀[0m[38;2;138;134;155m[48;2;169;165;185m▀[0m[38;2;169;165;185m[48;2;169;165;185m▀[0m[38;2;169;165;185m[48;2;169;165;185m▀[0m[38;2;169;165;185m[48;2;169;165;185m▀[0m[38;2;104;98;132m[48;2;104;98;132m▀[0m      [38;2;30;44;89m[48;2;30;44;89m▀[0m[38;2;68;114;200m[48;2;68;114;200m▀[0m[38;2;36;60;121m[48;2;36;60;121m▀[0m[38;2;224;224;237m[48;2;41;80;152m▀[0m[38;2;36;60;121m[48;2;36;60;121m▀[0m[38;2;36;60;121m[48;2;224;224;237m▀[0m[38;2;41;80;152m[48;2;36;60;121m▀[0m[38;2;41;80;152m[48;2;41;80;152m▀[0m[38;2;41;80;152m[48;2;41;80;152m▀[0m[38;2;36;60;121m[48;2;41;80;152m▀[0m[38;2;224;224;237m[48;2;36;60;121m▀[0m[38;2;36;60;121m[48;2;68;114;200m▀[0m[38;2;16;29;58m[48;2;16;29;58m▀[0m[38;2;30;44;89m[48;2;30;44;89m▀[0m[38;2;30;44;89m[48;2;30;44;89m▀[0m[38;2;30;44;89m[48;2;30;44;89m▀[0m[38;2;16;29;58m[48;2;16;29;58m▀[0m[38;2;138;134;155m[48;2;224;224;237m▀[0m[38;2;224;224;237m[48;2;138;134;155m▀[0m[38;2;224;224;237m[48;2;224;224;237m▀[0m[38;2;224;224;237m[48;2;224;224;237m▀[0m[38;2;224;224;237m[48;2;224;224;237m▀[0m[38;2;224;224;237m[48;2;224;224;237m▀[0m[38;2;104;98;132m[48;2;104;98;132m▀[0m       [38;2;21;21;21m[48;2;21;21;21m▀[0m[38;2;224;224;237m[48;2;224;224;237m▀[0m[38;2;224;224;237m[48;2;224;224;237m▀[0m[38;2;224;224;237m[48;2;224;224;237m▀[0m[38;2;224;224;237m[48;2;224;224;237m▀[0m[38;2;138;134;155m[48;2;138;134;155m▀[0m[38;2;169;165;185m[48;2;169;165;185m▀[0m[38;2;169;165;185m[48;2;169;165;185m▀[0m[38;2;169;165;185m[48;2;104;98;132m▀[0m[38;2;21;21;21m▀          
          [38;2;104;98;132m[48;2;104;98;132m▀[0m[38;2;224;224;237m[48;2;224;224;237m▀[0m[38;2;224;224;237m[48;2;224;224;237m▀[0m[38;2;138;134;155m[48;2;138;134;155m▀[0m[38;2;169;165;185m[48;2;169;165;185m▀[0m[38;2;169;165;185m[48;2;169;165;185m▀[0m[38;2;169;165;185m[48;2;169;165;185m▀[0m[38;2;169;165;185m[48;2;169;165;185m▀[0m[38;2;104;98;132m[48;2;104;98;132m▀[0m     [38;2;30;44;89m[48;2;30;44;89m▀[0m[38;2;68;114;200m[48;2;68;114;200m▀[0m[38;2;36;60;121m[48;2;36;60;121m▀[0m[38;2;41;80;152m[48;2;36;60;121m▀[0m[38;2;36;60;121m[48;2;224;224;237m▀[0m[38;2;224;224;237m[48;2;224;224;237m▀[0m[38;2;224;224;237m[48;2;224;224;237m▀[0m[38;2;224;224;237m[48;2;224;224;237m▀[0m[38;2;36;60;121m[48;2;224;224;237m▀[0m[38;2;41;80;152m[48;2;36;60;121m▀[0m[38;2;41;80;152m[48;2;41;80;152m▀[0m[38;2;41;80;152m[48;2;41;80;152m▀[0m[38;2;68;114;200m[48;2;68;114;200m▀[0m[38;2;16;29;58m[48;2;16;29;58m▀[0m[38;2;30;44;89m[48;2;30;44;89m▀[0m[38;2;30;44;89m[48;2;30;44;89m▀[0m[38;2;30;44;89m[48;2;16;29;58m▀[0m[38;2;16;29;58m[48;2;224;224;237m▀[0m[38;2;224;224;237m[48;2;224;224;237m▀[0m[38;2;224;224;237m[48;2;224;224;237m▀[0m[38;2;138;134;155m[48;2;224;224;237m▀[0m[38;2;224;224;237m[48;2;138;134;155m▀[0m[38;2;224;224;237m[48;2;224;224;237m▀[0m[38;2;104;98;132m[48;2;104;98;132m▀[0m      [38;2;104;98;132m▄[38;2;21;21;21m[48;2;224;224;237m▀[0m[38;2;224;224;237m[48;2;224;224;237m▀[0m[38;2;224;224;237m[48;2;224;224;237m▀[0m[38;2;224;224;237m[48;2;224;224;237m▀[0m[38;2;224;224;237m[48;2;224;224;237m▀[0m[38;2;138;134;155m[48;2;138;134;155m▀[0m[38;2;169;165;185m[48;2;169;165;185m▀[0m[38;2;169;165;185m[48;2;169;165;185m▀[0m[38;2;169;165;185m[48;2;169;165;185m▀[0m[38;2;21;21;21m[48;2;21;21;21m▀[0m           
         [38;2;104;98;132m[48;2;104;98;132m▀[0m[38;2;224;224;237m[48;2;224;224;237m▀[0m[38;2;224;224;237m[48;2;224;224;237m▀[0m[38;2;224;224;237m[48;2;224;224;237m▀[0m[38;2;138;134;155m[48;2;138;134;155m▀[0m[38;2;169;165;185m[48;2;169;165;185m▀[0m[38;2;169;165;185m[48;2;169;165;185m▀[0m[38;2;169;165;185m[48;2;169;165;185m▀[0m[38;2;169;165;185m[48;2;169;165;185m▀[0m[38;2;104;98;132m[48;2;104;98;132m▀[0m [38;2;104;98;132m▄[38;2;104;98;132m▄[38;2;104;98;132m▄[38;2;104;98;132m▄[38;2;30;44;89m[48;2;30;44;89m▀[0m[38;2;68;114;200m[48;2;36;60;121m▀[0m[38;2;36;60;121m[48;2;36;60;121m▀[0m[38;2;36;60;121m[48;2;224;224;237m▀[0m[38;2;36;60;121m[48;2;224;224;237m▀[0m[38;2;36;60;121m[48;2;224;224;237m▀[0m[38;2;36;60;121m[48;2;224;224;237m▀[0m[38;2;36;60;121m[48;2;224;224;237m▀[0m[38;2;36;60;121m[48;2;36;60;121m▀[0m[38;2;36;60;121m[48;2;41;80;152m▀[0m[38;2;41;80;152m[48;2;41;80;152m▀[0m[38;2;41;80;152m[48;2;68;114;200m▀[0m[38;2;16;29;58m[48;2;16;29;58m▀[0m[38;2;30;44;89m[48;2;30;44;89m▀[0m[38;2;30;44;89m[48;2;30;44;89m▀[0m[38;2;30;44;89m[48;2;30;44;89m▀[0m[38;2;16;29;58m[48;2;16;29;58m▀[0m[38;2;224;224;237m[48;2;138;134;155m▀[0m[38;2;224;224;237m[48;2;138;134;155m▀[0m[38;2;138;134;155m[48;2;224;224;237m▀[0m[38;2;138;134;155m[48;2;104;98;132m▀[0m[38;2;224;224;237m[48;2;104;98;132m▀[0m[38;2;224;224;237m[48;2;104;98;132m▀[0m[38;2;104;98;132m[48;2;104;98;132m▀[0m     [38;2;104;98;132m▄[38;2;104;98;132m[48;2;224;224;237m▀[0m[38;2;224;224;237m[48;2;224;224;237m▀[0m[38;2;224;224;237m[48;2;224;224;237m▀[0m[38;2;224;224;237m[48;2;224;224;237m▀[0m[38;2;224;224;237m[48;2;224;224;237m▀[0m[38;2;138;134;155m[48;2;138;134;155m▀[0m[38;2;169;165;185m[48;2;169;165;185m▀[0m[38;2;169;165;185m[48;2;169;165;185m▀[0m[38;2;169;165;185m[48;2;169;165;185m▀[0m[38;2;104;98;132m[48;2;21;21;21m▀[0m            
        [38;2;104;98;132m[48;2;104;98;132m▀[0m[38;2;138;134;155m[48;2;224;224;237m▀[0m[38;2;138;134;155m[48;2;224;224;237m▀[0m[38;2;138;134;155m[48;2;224;224;237m▀[0m[38;2;138;134;155m[48;2;138;134;155m▀[0m[38;2;169;165;185m[48;2;138;134;155m▀[0m[38;2;169;165;185m[48;2;169;165;185m▀[0m[38;2;169;165;185m[48;2;104;98;132m▀[0m[38;2;169;165;185m[48;2;104;98;132m▀[0m[38;2;104;98;132m[48;2;169;165;185m▀[0m[38;2;104;98;132m[48;2;224;224;237m▀[0m[38;2;104;98;132m[48;2;224;224;237m▀[0m[38;2;169;165;185m[48;2;169;165;185m▀[0m[38;2;224;224;237m[48;2;224;224;237m▀[0m[38;2;224;224;237m[48;2;224;224;237m▀[0m[38;2;30;44;89m[48;2;30;44;89m▀[0m[38;2;68;114;200m[48;2;68;114;200m▀[0m[38;2;36;60;121m[48;2;36;60;121m▀[0m[38;2;41;80;152m[48;2;41;80;152m▀[0m[38;2;36;60;121m[48;2;41;80;152m▀[0m[38;2;224;224;237m[48;2;36;60;121m▀[0m[38;2;224;224;237m[48;2;224;224;237m▀[0m[38;2;224;224;237m[48;2;36;60;121m▀[0m[38;2;36;60;121m[48;2;41;80;152m▀[0m[38;2;41;80;152m[48;2;36;60;121m▀[0m[38;2;41;80;152m[48;2;41;80;152m▀[0m[38;2;41;80;152m[48;2;41;80;152m▀[0m[38;2;68;114;200m[48;2;68;114;200m▀[0m[38;2;16;29;58m[48;2;16;29;58m▀[0m[38;2;30;44;89m[48;2;30;44;89m▀[0m[38;2;30;44;89m[48;2;30;44;89m▀[0m[38;2;16;29;58m[48;2;16;29;58m▀[0m[38;2;224;224;237m[48;2;224;224;237m▀[0m[38;2;224;224;237m[48;2;224;224;237m▀[0m[38;2;224;224;237m[48;2;224;224;237m▀[0m[38;2;224;224;237m[48;2;224;224;237m▀[0m[38;2;224;224;237m[48;2;224;224;237m▀[0m[38;2;169;165;185m[48;2;169;165;185m▀[0m[38;2;224;224;237m[48;2;224;224;237m▀[0m[38;2;224;224;237m[48;2;224;224;237m▀[0m[38;2;104;98;132m[48;2;169;165;185m▀[0m[38;2;104;98;132m[48;2;224;224;237m▀[0m[38;2;104;98;132m▄ [38;2;21;21;21m[48;2;21;21;21m▀[0m[38;2;224;224;237m[48;2;138;134;155m▀[0m[38;2;224;224;237m[48;2;138;134;155m▀[0m[38;2;224;224;237m[48;2;138;134;155m▀[0m[38;2;224;224;237m[48;2;138;134;155m▀[0m[38;2;224;224;237m[48;2;104;98;132m▀[0m[38;2;138;134;155m[48;2;138;134;155m▀[0m[38;2;169;165;185m[48;2;169;165;185m▀[0m[38;2;169;165;185m[48;2;169;165;185m▀[0m[38;2;169;165;185m[48;2;169;165;185m▀[0m[38;2;169;165;185m[48;2;104;98;132m▀[0m[38;2;21;21;21m▀            
       [38;2;104;98;132m[48;2;104;98;132m▀[0m[38;2;224;224;237m[48;2;224;224;237m▀[0m[38;2;224;224;237m[48;2;224;224;237m▀[0m[38;2;224;224;237m[48;2;224;224;237m▀[0m[38;2;224;224;237m[48;2;138;134;155m▀[0m[38;2;138;134;155m[48;2;169;165;185m▀[0m[38;2;169;165;185m[48;2;104;98;132m▀[0m[38;2;104;98;132m[48;2;224;224;237m▀[0m[38;2;224;224;237m[48;2;224;224;237m▀[0m[38;2;224;224;237m[48;2;224;224;237m▀[0m[38;2;169;165;185m[48;2;169;165;185m▀[0m[38;2;224;224;237m[48;2;224;224;237m▀[0m[38;2;224;224;237m[48;2;224;224;237m▀[0m[38;2;169;165;185m[48;2;169;165;185m▀[0m[38;2;224;224;237m[48;2;224;224;237m▀[0m[38;2;224;224;237m[48;2;30;44;89m▀[0m[38;2;30;44;89m[48;2;68;114;200m▀[0m[38;2;68;114;200m[48;2;36;60;121m▀[0m[38;2;224;224;237m[48;2;224;224;237m▀[0m[38;2;36;60;121m[48;2;224;224;237m▀[0m[38;2;41;80;152m[48;2;36;60;121m▀[0m[38;2;41;80;152m[48;2;41;80;152m▀[0m[38;2;36;60;121m[48;2;36;60;121m▀[0m[38;2;36;60;121m[48;2;224;224;237m▀[0m[38;2;36;60;121m[48;2;224;224;237m▀[0m[38;2;224;224;237m[48;2;224;224;237m▀[0m[38;2;36;60;121m[48;2;36;60;121m▀[0m[38;2;41;80;152m[48;2;68;114;200m▀[0m[38;2;16;29;58m[48;2;16;29;58m▀[0m[38;2;30;44;89m[48;2;30;44;89m▀[0m[38;2;30;44;89m[48;2;30;44;89m▀[0m[38;2;30;44;89m[48;2;30;44;89m▀[0m[38;2;16;29;58m[48;2;16;29;58m▀[0m[38;2;224;224;237m[48;2;224;224;237m▀[0m[38;2;224;224;237m[48;2;224;224;237m▀[0m[38;2;224;224;237m[48;2;224;224;237m▀[0m[38;2;224;224;237m[48;2;224;224;237m▀[0m[38;2;138;134;155m[48;2;138;134;155m▀[0m[38;2;224;224;237m[48;2;224;224;237m▀[0m[38;2;224;224;237m[48;2;224;224;237m▀[0m[38;2;224;224;237m[48;2;138;134;155m▀[0m[38;2;169;165;185m[48;2;224;224;237m▀[0m[38;2;224;224;237m[48;2;224;224;237m▀[0m[38;2;224;224;237m[48;2;21;21;21m▀[0m[38;2;21;21;21m[48;2;224;224;237m▀[0m[38;2;224;224;237m[48;2;224;224;237m▀[0m[38;2;224;224;237m[48;2;224;224;237m▀[0m[38;2;224;224;237m[48;2;224;224;237m▀[0m[38;2;224;224;237m[48;2;224;224;237m▀[0m[38;2;224;224;237m[48;2;224;224;237m▀[0m[38;2;138;134;155m[48;2;138;134;155m▀[0m[38;2;104;98;132m[48;2;104;98;132m▀[0m[38;2;169;165;185m[48;2;169;165;185m▀[0m[38;2;169;165;185m[48;2;169;165;185m▀[0m[38;2;169;165;185m[48;2;169;165;185m▀[0m[38;2;21;21;21m[48;2;21;21;21m▀[0m             
      [38;2;104;98;132m[48;2;104;98;132m▀[0m[38;2;224;224;237m[48;2;224;224;237m▀[0m[38;2;224;224;237m[48;2;224;224;237m▀[0m[38;2;224;224;237m[48;2;224;224;237m▀[0m[38;2;224;224;237m[48;2;224;224;237m▀[0m[38;2;138;134;155m[48;2;138;134;155m▀[0m[38;2;169;165;185m[48;2;169;165;185m▀[0m[38;2;224;224;237m[48;2;224;224;237m▀[0m[38;2;224;224;237m[48;2;224;224;237m▀[0m[38;2;224;224;237m[48;2;224;224;237m▀[0m[38;2;224;224;237m[48;2;224;224;237m▀[0m[38;2;169;165;185m[48;2;104;98;132m▀[0m[38;2;224;224;237m[48;2;104;98;132m▀[0m[38;2;104;98;132m[48;2;138;134;155m▀[0m[38;2;104;98;132m[48;2;138;134;155m▀[0m[38;2;104;98;132m[48;2;104;98;132m▀[0m[38;2;30;44;89m[48;2;30;44;89m▀[0m[38;2;68;114;200m[48;2;68;114;200m▀[0m[38;2;36;60;121m[48;2;224;224;237m▀[0m[38;2;224;224;237m[48;2;224;224;237m▀[0m[38;2;224;224;237m[48;2;224;224;237m▀[0m[38;2;224;224;237m[48;2;36;60;121m▀[0m[38;2;36;60;121m[48;2;41;80;152m▀[0m[38;2;224;224;237m[48;2;224;224;237m▀[0m[38;2;224;224;237m[48;2;224;224;237m▀[0m[38;2;224;224;237m[48;2;224;224;237m▀[0m[38;2;224;224;237m[48;2;36;60;121m▀[0m[38;2;36;60;121m[48;2;41;80;152m▀[0m[38;2;68;114;200m[48;2;68;114;200m▀[0m[38;2;16;29;58m[48;2;16;29;58m▀[0m[38;2;30;44;89m[48;2;30;44;89m▀[0m[38;2;30;44;89m[48;2;30;44;89m▀[0m[38;2;16;29;58m[48;2;16;29;58m▀[0m[38;2;224;224;237m[48;2;224;224;237m▀[0m[38;2;224;224;237m[48;2;224;224;237m▀[0m[38;2;138;134;155m[48;2;169;165;185m▀[0m[38;2;138;134;155m[48;2;169;165;185m▀[0m[38;2;138;134;155m[48;2;104;98;132m▀[0m[38;2;138;134;155m[48;2;169;165;185m▀[0m[38;2;169;165;185m[48;2;138;134;155m▀[0m[38;2;224;224;237m[48;2;138;134;155m▀[0m[38;2;138;134;155m[48;2;138;134;155m▀[0m[38;2;224;224;237m[48;2;224;224;237m▀[0m[38;2;224;224;237m[48;2;21;21;21m▀[0m[38;2;21;21;21m[48;2;224;224;237m▀[0m[38;2;224;224;237m[48;2;224;224;237m▀[0m[38;2;224;224;237m[48;2;224;224;237m▀[0m[38;2;224;224;237m[48;2;224;224;237m▀[0m[38;2;224;224;237m[48;2;224;224;237m▀[0m[38;2;224;224;237m[48;2;224;224;237m▀[0m[38;2;138;134;155m[48;2;138;134;155m▀[0m[38;2;169;165;185m[48;2;169;165;185m▀[0m[38;2;169;165;185m[48;2;169;165;185m▀[0m[38;2;104;98;132m[48;2;104;98;132m▀[0m[38;2;169;165;185m[48;2;169;165;185m▀[0m[38;2;169;165;185m[48;2;21;21;21m▀[0m[38;2;21;21;21m▀             
     [38;2;104;98;132m[48;2;104;98;132m▀[0m[38;2;224;224;237m[48;2;224;224;237m▀[0m[38;2;224;224;237m[48;2;224;224;237m▀[0m[38;2;224;224;237m[48;2;224;224;237m▀[0m[38;2;224;224;237m[48;2;224;224;237m▀[0m[38;2;138;134;155m[48;2;138;134;155m▀[0m[38;2;169;165;185m[48;2;169;165;185m▀[0m[38;2;169;165;185m[48;2;169;165;185m▀[0m[38;2;224;224;237m[48;2;224;224;237m▀[0m[38;2;224;224;237m[48;2;104;98;132m▀[0m[38;2;104;98;132m[48;2;138;134;155m▀[0m[38;2;104;98;132m[48;2;138;134;155m▀[0m[38;2;138;134;155m[48;2;138;134;155m▀[0m[38;2;104;98;132m[48;2;138;134;155m▀[0m[38;2;138;134;155m[48;2;104;98;132m▀[0m[38;2;138;134;155m[48;2;21;21;21m▀[0m[38;2;16;29;58m[48;2;16;29;58m▀[0m[38;2;68;114;200m[48;2;68;114;200m▀[0m[38;2;36;60;121m[48;2;36;60;121m▀[0m[38;2;224;224;237m[48;2;224;224;237m▀[0m[38;2;224;224;237m[48;2;36;60;121m▀[0m[38;2;36;60;121m[48;2;41;80;152m▀[0m[38;2;41;80;152m[48;2;41;80;152m▀[0m[38;2;41;80;152m[48;2;41;80;152m▀[0m[38;2;36;60;121m[48;2;41;80;152m▀[0m[38;2;224;224;237m[48;2;36;60;121m▀[0m[38;2;224;224;237m[48;2;224;224;237m▀[0m[38;2;36;60;121m[48;2;36;60;121m▀[0m[38;2;41;80;152m[48;2;68;114;200m▀[0m[38;2;16;29;58m[48;2;16;29;58m▀[0m[38;2;30;44;89m[48;2;30;44;89m▀[0m[38;2;30;44;89m[48;2;30;44;89m▀[0m[38;2;30;44;89m[48;2;16;29;58m▀[0m[38;2;16;29;58m[48;2;224;224;237m▀[0m[38;2;224;224;237m[48;2;224;224;237m▀[0m[38;2;224;224;237m[48;2;224;224;237m▀[0m[38;2;169;165;185m[48;2;224;224;237m▀[0m[38;2;169;165;185m[48;2;104;98;132m▀[0m[38;2;104;98;132m[48;2;104;98;132m▀[0m[38;2;169;165;185m[48;2;169;165;185m▀[0m[38;2;169;165;185m[48;2;169;165;185m▀[0m[38;2;104;98;132m[48;2;169;165;185m▀[0m[38;2;138;134;155m[48;2;104;98;132m▀[0m[38;2;138;134;155m[48;2;21;21;21m▀[0m[38;2;21;21;21m[48;2;224;224;237m▀[0m[38;2;224;224;237m[48;2;224;224;237m▀[0m[38;2;224;224;237m[48;2;224;224;237m▀[0m[38;2;224;224;237m[48;2;224;224;237m▀[0m[38;2;224;224;237m[48;2;224;224;237m▀[0m[38;2;224;224;237m[48;2;224;224;237m▀[0m[38;2;138;134;155m[48;2;138;134;155m▀[0m[38;2;169;165;185m[48;2;169;165;185m▀[0m[38;2;169;165;185m[48;2;169;165;185m▀[0m[38;2;169;165;185m[48;2;169;165;185m▀[0m[38;2;169;165;185m[48;2;169;165;185m▀[0m[38;2;104;98;132m[48;2;104;98;132m▀[0m[38;2;21;21;21m[48;2;21;21;21m▀[0m       [38;2;187;121;68m▄      
    [38;2;104;98;132m[48;2;104;98;132m▀[0m[38;2;224;224;237m[48;2;224;224;237m▀[0m[38;2;224;224;237m[48;2;224;224;237m▀[0m[38;2;224;224;237m[48;2;224;224;237m▀[0m[38;2;224;224;237m[48;2;224;224;237m▀[0m[38;2;224;224;237m[48;2;138;134;155m▀[0m[38;2;138;134;155m[48;2;169;165;185m▀[0m[38;2;169;165;185m[48;2;169;165;185m▀[0m[38;2;169;165;185m[48;2;169;165;185m▀[0m[38;2;104;98;132m[48;2;138;134;155m▀[0m[38;2;138;134;155m[48;2;138;134;155m▀[0m[38;2;138;134;155m[48;2;138;134;155m▀[0m[38;2;138;134;155m[48;2;138;134;155m▀[0m[38;2;138;134;155m[48;2;21;21;21m▀[0m[38;2;21;21;21m▀[38;2;21;21;21m▀[38;2;16;29;58m▄[38;2;16;29;58m[48;2;68;114;200m▀[0m[38;2;68;114;200m[48;2;36;60;121m▀[0m[38;2;36;60;121m[48;2;41;80;152m▀[0m[38;2;36;60;121m[48;2;30;44;89m▀[0m[38;2;41;80;152m[48;2;41;80;152m▀[0m[38;2;41;80;152m[48;2;41;80;152m▀[0m[38;2;41;80;152m[48;2;41;80;152m▀[0m[38;2;41;80;152m[48;2;30;44;89m▀[0m[38;2;41;80;152m[48;2;41;80;152m▀[0m[38;2;41;80;152m[48;2;41;80;152m▀[0m[38;2;36;60;121m[48;2;41;80;152m▀[0m[38;2;41;80;152m[48;2;41;80;152m▀[0m[38;2;68;114;200m[48;2;16;29;58m▀[0m[38;2;16;29;58m[48;2;30;44;89m▀[0m[38;2;30;44;89m[48;2;30;44;89m▀[0m[38;2;30;44;89m[48;2;30;44;89m▀[0m[38;2;16;29;58m[48;2;16;29;58m▀[0m[38;2;224;224;237m[48;2;224;224;237m▀[0m[38;2;224;224;237m[48;2;224;224;237m▀[0m[38;2;224;224;237m[48;2;224;224;237m▀[0m[38;2;224;224;237m[48;2;224;224;237m▀[0m[38;2;224;224;237m[48;2;224;224;237m▀[0m[38;2;224;224;237m[48;2;224;224;237m▀[0m[38;2;104;98;132m[48;2;104;98;132m▀[0m[38;2;104;98;132m▀[38;2;169;165;185m[48;2;104;98;132m▀[0m[38;2;21;21;21m[48;2;21;21;21m▀[0m[38;2;224;224;237m[48;2;224;224;237m▀[0m[38;2;224;224;237m[48;2;224;224;237m▀[0m[38;2;224;224;237m[48;2;224;224;237m▀[0m[38;2;224;224;237m[48;2;224;224;237m▀[0m[38;2;224;224;237m[48;2;224;224;237m▀[0m[38;2;224;224;237m[48;2;224;224;237m▀[0m[38;2;138;134;155m[48;2;138;134;155m▀[0m[38;2;169;165;185m[48;2;169;165;185m▀[0m[38;2;169;165;185m[48;2;169;165;185m▀[0m[38;2;169;165;185m[48;2;169;165;185m▀[0m[38;2;169;165;185m[48;2;169;165;185m▀[0m[38;2;169;165;185m[48;2;169;165;185m▀[0m[38;2;138;134;155m[48;2;21;21;21m▀[0m[38;2;21;21;21m▀      [38;2;187;121;68m[48;2;187;121;68m▀[0m[38;2;255;223;157m[48;2;255;223;157m▀[0m[38;2;104;98;132m[48;2;104;98;132m▀[0m     
   [38;2;104;98;132m[48;2;104;98;132m▀[0m[38;2;224;224;237m[48;2;224;224;237m▀[0m[38;2;224;224;237m[48;2;224;224;237m▀[0m[38;2;224;224;237m[48;2;224;224;237m▀[0m[38;2;224;224;237m[48;2;224;224;237m▀[0m[38;2;224;224;237m[48;2;224;224;237m▀[0m[38;2;138;134;155m[48;2;138;134;155m▀[0m[38;2;169;165;185m[48;2;169;165;185m▀[0m[38;2;169;165;185m[48;2;169;165;185m▀[0m[38;2;169;165;185m[48;2;169;165;185m▀[0m[38;2;169;165;185m[48;2;169;165;185m▀[0m[38;2;138;134;155m[48;2;169;165;185m▀[0m[38;2;138;134;155m[48;2;104;98;132m▀[0m[38;2;21;21;21m[48;2;169;165;185m▀[0m[38;2;21;21;21m[48;2;21;21;21m▀[0m  [38;2;16;29;58m[48;2;16;29;58m▀[0m[38;2;68;114;200m[48;2;68;114;200m▀[0m[38;2;36;60;121m[48;2;36;60;121m▀[0m[38;2;30;44;89m[48;2;201;71;71m▀[0m[38;2;201;71;71m[48;2;201;71;71m▀[0m[38;2;30;44;89m[48;2;30;44;89m▀[0m[38;2;41;80;152m[48;2;41;80;152m▀[0m[38;2;30;44;89m[48;2;30;44;89m▀[0m[38;2;201;71;71m[48;2;201;71;71m▀[0m[38;2;30;44;89m[48;2;201;71;71m▀[0m[38;2;41;80;152m[48;2;30;44;89m▀[0m[38;2;41;80;152m[48;2;41;80;152m▀[0m[38;2;68;114;200m[48;2;68;114;200m▀[0m[38;2;16;29;58m[48;2;16;29;58m▀[0m[38;2;30;44;89m[48;2;30;44;89m▀[0m[38;2;30;44;89m[48;2;30;44;89m▀[0m[38;2;30;44;89m[48;2;16;29;58m▀[0m[38;2;16;29;58m[48;2;224;224;237m▀[0m[38;2;224;224;237m[48;2;224;224;237m▀[0m[38;2;224;224;237m[48;2;224;224;237m▀[0m[38;2;224;224;237m[48;2;224;224;237m▀[0m[38;2;224;224;237m[48;2;224;224;237m▀[0m[38;2;224;224;237m[48;2;224;224;237m▀[0m[38;2;224;224;237m[48;2;104;98;132m▀[0m[38;2;104;98;132m▀[38;2;21;21;21m▄[38;2;21;21;21m[48;2;224;224;237m▀[0m[38;2;224;224;237m[48;2;224;224;237m▀[0m[38;2;224;224;237m[48;2;224;224;237m▀[0m[38;2;224;224;237m[48;2;224;224;237m▀[0m[38;2;224;224;237m[48;2;224;224;237m▀[0m[38;2;224;224;237m[48;2;224;224;237m▀[0m[38;2;224;224;237m[48;2;224;224;237m▀[0m[38;2;138;134;155m[48;2;138;134;155m▀[0m[38;2;169;165;185m[48;2;169;165;185m▀[0m[38;2;169;165;185m[48;2;169;165;185m▀[0m[38;2;169;165;185m[48;2;169;165;185m▀[0m[38;2;169;165;185m[48;2;169;165;185m▀[0m[38;2;169;165;185m[48;2;169;165;185m▀[0m[38;2;169;165;185m[48;2;169;165;185m▀[0m[38;2;21;21;21m[48;2;21;21;21m▀[0m       [38;2;187;121;68m[48;2;187;121;68m▀[0m[38;2;255;223;157m[48;2;255;223;157m▀[0m[38;2;104;98;132m[48;2;255;223;157m▀[0m[38;2;104;98;132m▄    
  [38;2;104;98;132m[48;2;104;98;132m▀[0m[38;2;224;224;237m[48;2;169;165;185m▀[0m[38;2;169;165;185m[48;2;41;80;152m▀[0m[38;2;224;224;237m[48;2;224;224;237m▀[0m[38;2;224;224;237m[48;2;224;224;237m▀[0m[38;2;224;224;237m[48;2;224;224;237m▀[0m[38;2;138;134;155m[48;2;138;134;155m▀[0m[38;2;169;165;185m[48;2;169;165;185m▀[0m[38;2;169;165;185m[48;2;169;165;185m▀[0m[38;2;169;165;185m[48;2;169;165;185m▀[0m[38;2;169;165;185m[48;2;169;165;185m▀[0m[38;2;104;98;132m[48;2;104;98;132m▀[0m[38;2;169;165;185m[48;2;169;165;185m▀[0m[38;2;169;165;185m[48;2;169;165;185m▀[0m[38;2;169;165;185m[48;2;169;165;185m▀[0m[38;2;21;21;21m[48;2;21;21;21m▀[0m [38;2;16;29;58m[48;2;16;29;58m▀[0m[38;2;68;114;200m[48;2;68;114;200m▀[0m[38;2;36;60;121m[48;2;36;60;121m▀[0m[38;2;30;44;89m[48;2;30;44;89m▀[0m[38;2;201;71;71m[48;2;201;71;71m▀[0m[38;2;201;71;71m[48;2;201;71;71m▀[0m[38;2;30;44;89m[48;2;30;44;89m▀[0m[38;2;41;80;152m[48;2;68;114;200m▀[0m[38;2;30;44;89m[48;2;30;44;89m▀[0m[38;2;201;71;71m[48;2;201;71;71m▀[0m[38;2;201;71;71m[48;2;201;71;71m▀[0m[38;2;30;44;89m[48;2;30;44;89m▀[0m[38;2;41;80;152m[48;2;68;114;200m▀[0m[38;2;16;29;58m[48;2;16;29;58m▀[0m[38;2;30;44;89m[48;2;30;44;89m▀[0m[38;2;30;44;89m[48;2;30;44;89m▀[0m[38;2;30;44;89m[48;2;30;44;89m▀[0m[38;2;16;29;58m[48;2;16;29;58m▀[0m[38;2;224;224;237m[48;2;224;224;237m▀[0m[38;2;224;224;237m[48;2;224;224;237m▀[0m[38;2;224;224;237m[48;2;224;224;237m▀[0m[38;2;224;224;237m[48;2;224;224;237m▀[0m[38;2;224;224;237m[48;2;224;224;237m▀[0m[38;2;224;224;237m[48;2;104;98;132m▀[0m[38;2;104;98;132m[48;2;21;21;21m▀[0m[38;2;21;21;21m[48;2;224;224;237m▀[0m[38;2;224;224;237m[48;2;224;224;237m▀[0m[38;2;224;224;237m[48;2;224;224;237m▀[0m[38;2;224;224;237m[48;2;224;224;237m▀[0m[38;2;224;224;237m[48;2;224;224;237m▀[0m[38;2;224;224;237m[48;2;224;224;237m▀[0m[38;2;224;224;237m[48;2;224;224;237m▀[0m[38;2;224;224;237m[48;2;224;224;237m▀[0m[38;2;138;134;155m[48;2;138;134;155m▀[0m[38;2;169;165;185m[48;2;169;165;185m▀[0m[38;2;169;165;185m[48;2;169;165;185m▀[0m[38;2;169;165;185m[48;2;169;165;185m▀[0m[38;2;169;165;185m[48;2;169;165;185m▀[0m[38;2;169;165;185m[48;2;169;165;185m▀[0m[38;2;169;165;185m[48;2;169;165;185m▀[0m[38;2;169;165;185m[48;2;104;98;132m▀[0m[38;2;21;21;21m▀       [38;2;187;121;68m[48;2;138;134;155m▀[0m[38;2;255;223;157m[48;2;138;134;155m▀[0m[38;2;138;134;155m[48;2;224;224;237m▀[0m[38;2;104;98;132m[48;2;104;98;132m▀[0m    
 [38;2;104;98;132m[48;2;104;98;132m▀[0m[38;2;224;224;237m[48;2;169;165;185m▀[0m[38;2;169;165;185m[48;2;41;80;152m▀[0m[38;2;41;80;152m[48;2;41;80;152m▀[0m[38;2;169;165;185m[48;2;169;165;185m▀[0m[38;2;224;224;237m[48;2;224;224;237m▀[0m[38;2;224;224;237m[48;2;138;134;155m▀[0m[38;2;138;134;155m[48;2;169;165;185m▀[0m[38;2;169;165;185m[48;2;169;165;185m▀[0m[38;2;169;165;185m[48;2;169;165;185m▀[0m[38;2;169;165;185m[48;2;169;165;185m▀[0m[38;2;21;21;21m[48;2;21;21;21m▀[0m[38;2;36;60;121m[48;2;36;60;121m▀[0m[38;2;169;165;185m[48;2;169;165;185m▀[0m[38;2;169;165;185m[48;2;169;165;185m▀[0m[38;2;169;165;185m[48;2;169;165;185m▀[0m[38;2;21;21;21m[48;2;21;21;21m▀[0m [38;2;16;29;58m[48;2;16;29;58m▀[0m[38;2;68;114;200m[48;2;68;114;200m▀[0m[38;2;36;60;121m[48;2;36;60;121m▀[0m[38;2;30;44;89m[48;2;30;44;89m▀[0m[38;2;201;71;71m[48;2;201;71;71m▀[0m[38;2;201;71;71m[48;2;201;71;71m▀[0m[38;2;30;44;89m[48;2;30;44;89m▀[0m[38;2;68;114;200m[48;2;68;114;200m▀[0m[38;2;30;44;89m[48;2;30;44;89m▀[0m[38;2;201;71;71m[48;2;201;71;71m▀[0m[38;2;201;71;71m[48;2;201;71;71m▀[0m[38;2;30;44;89m[48;2;30;44;89m▀[0m[38;2;68;114;200m[48;2;68;114;200m▀[0m[38;2;16;29;58m[48;2;16;29;58m▀[0m[38;2;30;44;89m[48;2;30;44;89m▀[0m[38;2;30;44;89m[48;2;30;44;89m▀[0m[38;2;30;44;89m[48;2;30;44;89m▀[0m[38;2;16;29;58m[48;2;30;44;89m▀[0m[38;2;138;134;155m[48;2;16;29;58m▀[0m[38;2;224;224;237m[48;2;138;134;155m▀[0m[38;2;224;224;237m[48;2;138;134;155m▀[0m[38;2;224;224;237m[48;2;224;224;237m▀[0m[38;2;224;224;237m[48;2;21;21;21m▀[0m[38;2;21;21;21m[48;2;224;224;237m▀[0m[38;2;224;224;237m[48;2;224;224;237m▀[0m[38;2;224;224;237m[48;2;169;165;185m▀[0m[38;2;169;165;185m[48;2;41;80;152m▀[0m[38;2;224;224;237m[48;2;169;165;185m▀[0m[38;2;224;224;237m[48;2;224;224;237m▀[0m[38;2;224;224;237m[48;2;224;224;237m▀[0m[38;2;224;224;237m[48;2;224;224;237m▀[0m[38;2;224;224;237m[48;2;224;224;237m▀[0m[38;2;138;134;155m[48;2;138;134;155m▀[0m[38;2;169;165;185m[48;2;169;165;185m▀[0m[38;2;169;165;185m[48;2;169;165;185m▀[0m[38;2;169;165;185m[48;2;169;165;185m▀[0m[38;2;169;165;185m[48;2;169;165;185m▀[0m[38;2;169;165;185m[48;2;169;165;185m▀[0m[38;2;169;165;185m[48;2;169;165;185m▀[0m[38;2;169;165;185m[48;2;169;165;185m▀[0m[38;2;21;21;21m[48;2;21;21;21m▀[0m  [38;2;104;98;132m▄[38;2;104;98;132m[48;2;224;224;237m▀[0m[38;2;104;98;132m▄  [38;2;104;98;132m[48;2;104;98;132m▀[0m[38;2;224;224;237m[48;2;224;224;237m▀[0m[38;2;224;224;237m[48;2;224;224;237m▀[0m[38;2;224;224;237m[48;2;224;224;237m▀[0m[38;2;224;224;237m[48;2;224;224;237m▀[0m[38;2;104;98;132m[48;2;104;98;132m▀[0m   
[38;2;104;98;132m[48;2;21;21;21m▀[0m[38;2;224;224;237m[48;2;30;44;89m▀[0m[38;2;169;165;185m[48;2;30;44;89m▀[0m[38;2;41;80;152m[48;2;30;44;89m▀[0m[38;2;41;80;152m[48;2;30;44;89m▀[0m[38;2;30;44;89m[48;2;30;44;89m▀[0m[38;2;30;44;89m[48;2;30;44;89m▀[0m[38;2;138;134;155m[48;2;30;44;89m▀[0m[38;2;169;165;185m[48;2;30;44;89m▀[0m[38;2;169;165;185m[48;2;169;165;185m▀[0m[38;2;169;165;185m[48;2;169;165;185m▀[0m[38;2;169;165;185m[48;2;21;21;21m▀[0m[38;2;21;21;21m[48;2;36;60;121m▀[0m[38;2;36;60;121m[48;2;36;60;121m▀[0m[38;2;104;98;132m[48;2;104;98;132m▀[0m[38;2;169;165;185m[48;2;169;165;185m▀[0m[38;2;169;165;185m[48;2;169;165;185m▀[0m[38;2;21;21;21m[48;2;21;21;21m▀[0m [38;2;16;29;58m▀[38;2;68;114;200m[48;2;21;21;21m▀[0m[38;2;36;60;121m[48;2;36;60;121m▀[0m[38;2;30;44;89m[48;2;30;44;89m▀[0m[38;2;201;71;71m[48;2;201;71;71m▀[0m[38;2;201;71;71m[48;2;201;71;71m▀[0m[38;2;30;44;89m[48;2;30;44;89m▀[0m[38;2;41;80;152m[48;2;41;80;152m▀[0m[38;2;30;44;89m[48;2;36;60;121m▀[0m[38;2;201;71;71m[48;2;30;44;89m▀[0m[38;2;201;71;71m[48;2;201;71;71m▀[0m[38;2;30;44;89m[48;2;201;71;71m▀[0m[38;2;41;80;152m[48;2;30;44;89m▀[0m[38;2;36;60;121m[48;2;36;60;121m▀[0m[38;2;16;29;58m[48;2;16;29;58m▀[0m[38;2;30;44;89m[48;2;30;44;89m▀[0m[38;2;30;44;89m[48;2;30;44;89m▀[0m[38;2;30;44;89m[48;2;30;44;89m▀[0m[38;2;16;29;58m[48;2;16;29;58m▀[0m[38;2;224;224;237m[48;2;224;224;237m▀[0m[38;2;224;224;237m[48;2;21;21;21m▀[0m[38;2;21;21;21m[48;2;224;224;237m▀[0m[38;2;224;224;237m[48;2;224;224;237m▀[0m[38;2;224;224;237m[48;2;169;165;185m▀[0m[38;2;169;165;185m[48;2;41;80;152m▀[0m[38;2;41;80;152m[48;2;41;80;152m▀[0m[38;2;41;80;152m[48;2;41;80;152m▀[0m[38;2;169;165;185m[48;2;169;165;185m▀[0m[38;2;224;224;237m[48;2;224;224;237m▀[0m[38;2;224;224;237m[48;2;224;224;237m▀[0m[38;2;224;224;237m[48;2;224;224;237m▀[0m[38;2;138;134;155m[48;2;138;134;155m▀[0m[38;2;169;165;185m[48;2;169;165;185m▀[0m[38;2;169;165;185m[48;2;169;165;185m▀[0m[38;2;169;165;185m[48;2;169;165;185m▀[0m[38;2;169;165;185m[48;2;104;98;132m▀[0m[38;2;169;165;185m[48;2;169;165;185m▀[0m[38;2;169;165;185m[48;2;169;165;185m▀[0m[38;2;169;165;185m[48;2;169;165;185m▀[0m[38;2;169;165;185m[48;2;104;98;132m▀[0m[38;2;21;21;21m[48;2;169;165;185m▀[0m[38;2;104;98;132m[48;2;104;98;132m▀[0m[38;2;104;98;132m[48;2;169;165;185m▀[0m[38;2;224;224;237m[48;2;169;165;185m▀[0m[38;2;224;224;237m[48;2;224;224;237m▀[0m[38;2;104;98;132m[48;2;224;224;237m▀[0m[38;2;104;98;132m[48;2;169;165;185m▀[0m[38;2;104;98;132m▄[38;2;104;98;132m[48;2;104;98;132m▀[0m[38;2;224;224;237m[48;2;224;224;237m▀[0m[38;2;224;224;237m[48;2;224;224;237m▀[0m[38;2;224;224;237m[48;2;224;224;237m▀[0m[38;2;224;224;237m[48;2;169;165;185m▀[0m[38;2;104;98;132m[48;2;169;165;185m▀[0m[38;2;104;98;132m▄  
[38;2;21;21;21m▀[38;2;21;21;21m▀[38;2;30;44;89m[48;2;21;21;21m▀[0m[38;2;30;44;89m[48;2;21;21;21m▀[0m[38;2;30;44;89m[48;2;30;44;89m▀[0m[38;2;30;44;89m[48;2;30;44;89m▀[0m[38;2;30;44;89m[48;2;30;44;89m▀[0m[38;2;30;44;89m[48;2;30;44;89m▀[0m[38;2;30;44;89m[48;2;30;44;89m▀[0m[38;2;30;44;89m[48;2;30;44;89m▀[0m[38;2;169;165;185m[48;2;30;44;89m▀[0m[38;2;21;21;21m[48;2;21;21;21m▀[0m[38;2;36;60;121m[48;2;36;60;121m▀[0m[38;2;36;60;121m[48;2;36;60;121m▀[0m[38;2;36;60;121m[48;2;36;60;121m▀[0m[38;2;169;165;185m[48;2;169;165;185m▀[0m[38;2;169;165;185m[48;2;169;165;185m▀[0m[38;2;169;165;185m[48;2;169;165;185m▀[0m[38;2;21;21;21m[48;2;21;21;21m▀[0m [38;2;21;21;21m[48;2;21;21;21m▀[0m[38;2;36;60;121m[48;2;36;60;121m▀[0m[38;2;36;60;121m[48;2;36;60;121m▀[0m[38;2;30;44;89m[48;2;30;44;89m▀[0m[38;2;201;71;71m[48;2;201;71;71m▀[0m[38;2;201;71;71m[48;2;201;71;71m▀[0m[38;2;30;44;89m[48;2;30;44;89m▀[0m[38;2;36;60;121m[48;2;36;60;121m▀[0m[38;2;30;44;89m[48;2;30;44;89m▀[0m[38;2;201;71;71m[48;2;201;71;71m▀[0m[38;2;201;71;71m[48;2;201;71;71m▀[0m[38;2;30;44;89m[48;2;201;71;71m▀[0m[38;2;36;60;121m[48;2;36;60;121m▀[0m[38;2;16;29;58m[48;2;16;29;58m▀[0m[38;2;30;44;89m[48;2;30;44;89m▀[0m[38;2;30;44;89m[48;2;30;44;89m▀[0m[38;2;30;44;89m[48;2;30;44;89m▀[0m[38;2;30;44;89m[48;2;30;44;89m▀[0m[38;2;21;21;21m[48;2;21;21;21m▀[0m[38;2;224;224;237m[48;2;30;44;89m▀[0m[38;2;224;224;237m[48;2;30;44;89m▀[0m[38;2;169;165;185m[48;2;30;44;89m▀[0m[38;2;41;80;152m[48;2;30;44;89m▀[0m[38;2;41;80;152m[48;2;30;44;89m▀[0m[38;2;41;80;152m[48;2;41;80;152m▀[0m[38;2;41;80;152m[48;2;41;80;152m▀[0m[38;2;169;165;185m[48;2;169;165;185m▀[0m[38;2;224;224;237m[48;2;224;224;237m▀[0m[38;2;224;224;237m[48;2;224;224;237m▀[0m[38;2;138;134;155m[48;2;138;134;155m▀[0m[38;2;169;165;185m[48;2;169;165;185m▀[0m[38;2;169;165;185m[48;2;169;165;185m▀[0m[38;2;169;165;185m[48;2;169;165;185m▀[0m[38;2;169;165;185m[48;2;21;21;21m▀[0m[38;2;104;98;132m[48;2;36;60;121m▀[0m[38;2;169;165;185m[48;2;169;165;185m▀[0m[38;2;169;165;185m[48;2;169;165;185m▀[0m[38;2;169;165;185m[48;2;169;165;185m▀[0m[38;2;21;21;21m[48;2;21;21;21m▀[0m[38;2;104;98;132m[48;2;169;165;185m▀[0m[38;2;169;165;185m[48;2;169;165;185m▀[0m[38;2;169;165;185m[48;2;169;165;185m▀[0m[38;2;169;165;185m[48;2;138;134;155m▀[0m[38;2;138;134;155m[48;2;169;165;185m▀[0m[38;2;138;134;155m[48;2;169;165;185m▀[0m[38;2;169;165;185m[48;2;169;165;185m▀[0m[38;2;169;165;185m[48;2;104;98;132m▀[0m[38;2;104;98;132m[48;2;104;98;132m▀[0m[38;2;224;224;237m[48;2;169;165;185m▀[0m[38;2;169;165;185m[48;2;169;165;185m▀[0m[38;2;169;165;185m[48;2;169;165;185m▀[0m[38;2;169;165;185m[48;2;169;165;185m▀[0m[38;2;169;165;185m[48;2;169;165;185m▀[0m[38;2;104;98;132m[48;2;104;98;132m▀[0m  
    [38;2;21;21;21m▀[38;2;21;21;21m▀[38;2;30;44;89m[48;2;21;21;21m▀[0m[38;2;30;44;89m[48;2;21;21;21m▀[0m[38;2;16;29;58m[48;2;21;21;21m▀[0m[38;2;21;21;21m[48;2;36;60;121m▀[0m[38;2;21;21;21m[48;2;36;60;121m▀[0m[38;2;36;60;121m[48;2;36;60;121m▀[0m[38;2;36;60;121m[48;2;36;60;121m▀[0m[38;2;36;60;121m[48;2;36;60;121m▀[0m[38;2;36;60;121m[48;2;36;60;121m▀[0m[38;2;104;98;132m[48;2;104;98;132m▀[0m[38;2;169;165;185m[48;2;169;165;185m▀[0m[38;2;169;165;185m[48;2;169;165;185m▀[0m[38;2;21;21;21m[48;2;21;21;21m▀[0m  [38;2;21;21;21m[48;2;21;21;21m▀[0m[38;2;36;60;121m[48;2;36;60;121m▀[0m[38;2;30;44;89m[48;2;30;44;89m▀[0m[38;2;201;71;71m[48;2;21;21;21m▀[0m[38;2;201;71;71m[48;2;201;71;71m▀[0m[38;2;30;44;89m[48;2;201;71;71m▀[0m[38;2;36;60;121m[48;2;30;44;89m▀[0m[38;2;30;44;89m[48;2;36;60;121m▀[0m[38;2;201;71;71m[48;2;30;44;89m▀[0m[38;2;201;71;71m[48;2;201;71;71m▀[0m[38;2;201;71;71m[48;2;201;71;71m▀[0m[38;2;30;44;89m[48;2;21;21;21m▀[0m[38;2;36;60;121m[48;2;36;60;121m▀[0m[38;2;16;29;58m[48;2;16;29;58m▀[0m[38;2;30;44;89m[48;2;30;44;89m▀[0m[38;2;30;44;89m[48;2;30;44;89m▀[0m[38;2;30;44;89m[48;2;30;44;89m▀[0m[38;2;16;29;58m[48;2;16;29;58m▀[0m[38;2;21;21;21m[48;2;138;134;155m▀[0m[38;2;30;44;89m[48;2;21;21;21m▀[0m[38;2;30;44;89m[48;2;30;44;89m▀[0m[38;2;30;44;89m[48;2;30;44;89m▀[0m[38;2;30;44;89m[48;2;30;44;89m▀[0m[38;2;30;44;89m[48;2;30;44;89m▀[0m[38;2;30;44;89m[48;2;30;44;89m▀[0m[38;2;104;98;132m[48;2;30;44;89m▀[0m[38;2;104;98;132m[48;2;30;44;89m▀[0m[38;2;104;98;132m[48;2;30;44;89m▀[0m[38;2;169;165;185m[48;2;104;98;132m▀[0m[38;2;169;165;185m[48;2;169;165;185m▀[0m[38;2;169;165;185m[48;2;169;165;185m▀[0m[38;2;169;165;185m[48;2;21;21;21m▀[0m[38;2;21;21;21m[48;2;36;60;121m▀[0m[38;2;36;60;121m[48;2;36;60;121m▀[0m[38;2;169;165;185m[48;2;169;165;185m▀[0m[38;2;169;165;185m[48;2;169;165;185m▀[0m[38;2;169;165;185m[48;2;169;165;185m▀[0m[38;2;21;21;21m[48;2;21;21;21m▀[0m[38;2;169;165;185m[48;2;138;134;155m▀[0m[38;2;138;134;155m[48;2;169;165;185m▀[0m[38;2;138;134;155m[48;2;169;165;185m▀[0m[38;2;169;165;185m[48;2;104;98;132m▀[0m[38;2;169;165;185m[48;2;104;98;132m▀[0m[38;2;104;98;132m[48;2;169;165;185m▀[0m[38;2;104;98;132m[48;2;169;165;185m▀[0m[38;2;169;165;185m[48;2;169;165;185m▀[0m[38;2;169;165;185m[48;2;169;165;185m▀[0m[38;2;169;165;185m[48;2;169;165;185m▀[0m[38;2;169;165;185m[48;2;169;165;185m▀[0m[38;2;169;165;185m[48;2;138;134;155m▀[0m[38;2;169;165;185m[48;2;169;165;185m▀[0m[38;2;169;165;185m[48;2;169;165;185m▀[0m[38;2;169;165;185m[48;2;169;165;185m▀[0m[38;2;104;98;132m[48;2;104;98;132m▀[0m 
        [38;2;16;29;58m[48;2;16;29;58m▀[0m[38;2;36;60;121m[48;2;30;44;89m▀[0m[38;2;36;60;121m[48;2;30;44;89m▀[0m[38;2;36;60;121m[48;2;30;44;89m▀[0m[38;2;30;44;89m[48;2;30;44;89m▀[0m[38;2;30;44;89m[48;2;30;44;89m▀[0m[38;2;30;44;89m[48;2;30;44;89m▀[0m[38;2;30;44;89m[48;2;30;44;89m▀[0m[38;2;169;165;185m[48;2;30;44;89m▀[0m[38;2;169;165;185m[48;2;30;44;89m▀[0m[38;2;169;165;185m[48;2;169;165;185m▀[0m[38;2;21;21;21m[48;2;21;21;21m▀[0m[38;2;104;98;132m▄[38;2;21;21;21m[48;2;255;223;157m▀[0m[38;2;36;60;121m[48;2;21;21;21m▀[0m[38;2;36;60;121m[48;2;36;60;121m▀[0m[38;2;30;44;89m[48;2;30;44;89m▀[0m[38;2;21;21;21m[48;2;201;71;71m▀[0m[38;2;201;71;71m[48;2;201;71;71m▀[0m[38;2;30;44;89m[48;2;30;44;89m▀[0m[38;2;36;60;121m[48;2;36;60;121m▀[0m[38;2;30;44;89m[48;2;30;44;89m▀[0m[38;2;201;71;71m[48;2;201;71;71m▀[0m[38;2;21;21;21m[48;2;201;71;71m▀[0m[38;2;201;71;71m[48;2;201;71;71m▀[0m[38;2;30;44;89m[48;2;30;44;89m▀[0m[38;2;16;29;58m[48;2;36;60;121m▀[0m[38;2;30;44;89m[48;2;16;29;58m▀[0m[38;2;30;44;89m[48;2;30;44;89m▀[0m[38;2;30;44;89m[48;2;30;44;89m▀[0m[38;2;30;44;89m[48;2;30;44;89m▀[0m[38;2;16;29;58m[48;2;16;29;58m▀[0m[38;2;138;134;155m[48;2;169;165;185m▀[0m[38;2;21;21;21m[48;2;138;134;155m▀[0m[38;2;30;44;89m[48;2;21;21;21m▀[0m[38;2;30;44;89m[48;2;21;21;21m▀[0m[38;2;30;44;89m[48;2;21;21;21m▀[0m[38;2;30;44;89m[48;2;30;44;89m▀[0m[38;2;30;44;89m[48;2;30;44;89m▀[0m[38;2;30;44;89m[48;2;30;44;89m▀[0m[38;2;30;44;89m[48;2;30;44;89m▀[0m[38;2;104;98;132m[48;2;30;44;89m▀[0m[38;2;169;165;185m[48;2;104;98;132m▀[0m[38;2;169;165;185m[48;2;21;21;21m▀[0m[38;2;21;21;21m[48;2;36;60;121m▀[0m[38;2;36;60;121m[48;2;36;60;121m▀[0m[38;2;138;134;155m[48;2;169;165;185m▀[0m[38;2;169;165;185m[48;2;169;165;185m▀[0m[38;2;169;165;185m[48;2;169;165;185m▀[0m[38;2;21;21;21m[48;2;21;21;21m▀[0m[38;2;169;165;185m[48;2;104;98;132m▀[0m[38;2;169;165;185m[48;2;104;98;132m▀[0m[38;2;104;98;132m[48;2;169;165;185m▀[0m[38;2;104;98;132m[48;2;169;165;185m▀[0m[38;2;169;165;185m[48;2;169;165;185m▀[0m[38;2;169;165;185m[48;2;169;165;185m▀[0m[38;2;169;165;185m[48;2;169;165;185m▀[0m[38;2;169;165;185m[48;2;169;165;185m▀[0m[38;2;169;165;185m[48;2;138;134;155m▀[0m[38;2;169;165;185m[48;2;169;165;185m▀[0m[38;2;169;165;185m[48;2;169;165;185m▀[0m[38;2;138;134;155m[48;2;138;134;155m▀[0m[38;2;169;165;185m[48;2;169;165;185m▀[0m[38;2;138;134;155m[48;2;169;165;185m▀[0m[38;2;169;165;185m[48;2;138;134;155m▀[0m[38;2;169;165;185m[48;2;16;29;58m▀[0m[38;2;16;29;58m[48;2;30;44;89m▀[0m[38;2;16;29;58m[48;2;21;21;21m▀[0m
         [38;2;16;29;58m▀[38;2;16;29;58m▀[38;2;30;44;89m[48;2;16;29;58m▀[0m[38;2;30;44;89m[48;2;16;29;58m▀[0m[38;2;30;44;89m[48;2;30;44;89m▀[0m[38;2;30;44;89m[48;2;30;44;89m▀[0m[38;2;30;44;89m[48;2;30;44;89m▀[0m[38;2;30;44;89m[48;2;21;21;21m▀[0m[38;2;30;44;89m[48;2;21;21;21m▀[0m[38;2;21;21;21m▀[38;2;104;98;132m▄[38;2;104;98;132m[48;2;104;98;132m▀[0m[38;2;255;223;157m[48;2;104;98;132m▀[0m[38;2;21;21;21m[48;2;21;21;21m▀[0m[38;2;36;60;121m[48;2;36;60;121m▀[0m[38;2;30;44;89m[48;2;36;60;121m▀[0m[38;2;201;71;71m[48;2;30;44;89m▀[0m[38;2;201;71;71m[48;2;201;71;71m▀[0m[38;2;201;71;71m[48;2;201;71;71m▀[0m[38;2;30;44;89m[48;2;30;44;89m▀[0m[38;2;36;60;121m[48;2;36;60;121m▀[0m[38;2;30;44;89m[48;2;30;44;89m▀[0m[38;2;201;71;71m[48;2;201;71;71m▀[0m[38;2;201;71;71m[48;2;201;71;71m▀[0m[38;2;30;44;89m[48;2;201;71;71m▀[0m[38;2;36;60;121m[48;2;30;44;89m▀[0m[38;2;16;29;58m[48;2;30;44;89m▀[0m[38;2;30;44;89m[48;2;16;29;58m▀[0m[38;2;30;44;89m[48;2;30;44;89m▀[0m[38;2;30;44;89m[48;2;30;44;89m▀[0m[38;2;16;29;58m[48;2;16;29;58m▀[0m[38;2;169;165;185m[48;2;169;165;185m▀[0m[38;2;169;165;185m[48;2;169;165;185m▀[0m[38;2;169;165;185m[48;2;138;134;155m▀[0m[38;2;138;134;155m[48;2;169;165;185m▀[0m[38;2;169;165;185m[48;2;169;165;185m▀[0m[38;2;21;21;21m[48;2;21;21;21m▀[0m[38;2;21;21;21m[48;2;36;60;121m▀[0m[38;2;21;21;21m[48;2;36;60;121m▀[0m[38;2;30;44;89m[48;2;21;21;21m▀[0m[38;2;30;44;89m[48;2;21;21;21m▀[0m[38;2;104;98;132m[48;2;21;21;21m▀[0m[38;2;21;21;21m[48;2;36;60;121m▀[0m[38;2;36;60;121m[48;2;36;60;121m▀[0m[38;2;36;60;121m[48;2;36;60;121m▀[0m[38;2;169;165;185m[48;2;169;165;185m▀[0m[38;2;169;165;185m[48;2;169;165;185m▀[0m[38;2;169;165;185m[48;2;169;165;185m▀[0m[38;2;21;21;21m[48;2;21;21;21m▀[0m[38;2;169;165;185m[48;2;169;165;185m▀[0m[38;2;169;165;185m[48;2;169;165;185m▀[0m[38;2;169;165;185m[48;2;169;165;185m▀[0m[38;2;169;165;185m[48;2;169;165;185m▀[0m[38;2;169;165;185m[48;2;138;134;155m▀[0m[38;2;169;165;185m[48;2;169;165;185m▀[0m[38;2;169;165;185m[48;2;169;165;185m▀[0m[38;2;138;134;155m[48;2;138;134;155m▀[0m[38;2;169;165;185m[48;2;169;165;185m▀[0m[38;2;138;134;155m[48;2;169;165;185m▀[0m[38;2;169;165;185m[48;2;138;134;155m▀[0m[38;2;138;134;155m[48;2;138;134;155m▀[0m[38;2;169;165;185m[48;2;16;29;58m▀[0m[38;2;16;29;58m[48;2;30;44;89m▀[0m[38;2;16;29;58m[48;2;30;44;89m▀[0m[38;2;30;44;89m[48;2;21;21;21m▀[0m[38;2;21;21;21m▀ 
             [38;2;21;21;21m▀[38;2;21;21;21m▀[38;2;21;21;21m▀  [38;2;104;98;132m[48;2;104;98;132m▀[0m[38;2;224;224;237m[48;2;224;224;237m▀[0m[38;2;224;224;237m[48;2;224;224;237m▀[0m[38;2;224;224;237m[48;2;224;224;237m▀[0m[38;2;224;224;237m[48;2;224;224;237m▀[0m[38;2;21;21;21m[48;2;21;21;21m▀[0m[38;2;36;60;121m[48;2;30;44;89m▀[0m[38;2;30;44;89m[48;2;30;44;89m▀[0m[38;2;201;71;71m[48;2;21;21;21m▀[0m[38;2;201;71;71m[48;2;122;61;62m▀[0m[38;2;30;44;89m[48;2;122;61;62m▀[0m[38;2;36;60;121m[48;2;30;44;89m▀[0m[38;2;36;60;121m[48;2;30;44;89m▀[0m[38;2;30;44;89m[48;2;30;44;89m▀[0m[38;2;201;71;71m[48;2;122;61;62m▀[0m[38;2;122;61;62m[48;2;122;61;62m▀[0m[38;2;30;44;89m[48;2;21;21;21m▀[0m[38;2;30;44;89m[48;2;30;44;89m▀[0m[38;2;16;29;58m[48;2;16;29;58m▀[0m[38;2;30;44;89m[48;2;30;44;89m▀[0m[38;2;30;44;89m[48;2;30;44;89m▀[0m[38;2;30;44;89m[48;2;30;44;89m▀[0m[38;2;16;29;58m[48;2;16;29;58m▀[0m[38;2;169;165;185m[48;2;138;134;155m▀[0m[38;2;138;134;155m[48;2;169;165;185m▀[0m[38;2;169;165;185m[48;2;169;165;185m▀[0m[38;2;21;21;21m[48;2;21;21;21m▀[0m[38;2;36;60;121m[48;2;30;44;89m▀[0m[38;2;36;60;121m[48;2;30;44;89m▀[0m[38;2;36;60;121m[48;2;30;44;89m▀[0m[38;2;36;60;121m[48;2;30;44;89m▀[0m[38;2;36;60;121m[48;2;36;60;121m▀[0m[38;2;36;60;121m[48;2;36;60;121m▀[0m[38;2;36;60;121m[48;2;36;60;121m▀[0m[38;2;36;60;121m[48;2;36;60;121m▀[0m[38;2;138;134;155m[48;2;138;134;155m▀[0m[38;2;169;165;185m[48;2;169;165;185m▀[0m[38;2;169;165;185m[48;2;169;165;185m▀[0m[38;2;169;165;185m[48;2;21;21;21m▀[0m[38;2;21;21;21m[48;2;169;165;185m▀[0m[38;2;169;165;185m[48;2;21;21;21m▀[0m[38;2;169;165;185m[48;2;169;165;185m▀[0m[38;2;169;165;185m[48;2;169;165;185m▀[0m[38;2;138;134;155m[48;2;138;134;155m▀[0m[38;2;169;165;185m[48;2;169;165;185m▀[0m[38;2;138;134;155m[48;2;169;165;185m▀[0m[38;2;169;165;185m[48;2;138;134;155m▀[0m[38;2;138;134;155m[48;2;138;134;155m▀[0m[38;2;169;165;185m[48;2;16;29;58m▀[0m[38;2;169;165;185m[48;2;16;29;58m▀[0m[38;2;16;29;58m[48;2;30;44;89m▀[0m[38;2;16;29;58m[48;2;30;44;89m▀[0m[38;2;30;44;89m[48;2;30;44;89m▀[0m[38;2;30;44;89m[48;2;21;21;21m▀[0m[38;2;21;21;21m▀   
                  [38;2;104;98;132m[48;2;104;98;132m▀[0m[38;2;224;224;237m[48;2;224;224;237m▀[0m[38;2;224;224;237m[48;2;224;224;237m▀[0m[38;2;224;224;237m[48;2;224;224;237m▀[0m[38;2;224;224;237m[48;2;224;224;237m▀[0m[38;2;224;224;237m[48;2;224;224;237m▀[0m[38;2;21;21;21m[48;2;21;21;21m▀[0m[38;2;30;44;89m[48;2;30;44;89m▀[0m[38;2;30;44;89m[48;2;30;44;89m▀[0m[38;2;21;21;21m[48;2;122;61;62m▀[0m[38;2;122;61;62m[48;2;122;61;62m▀[0m[38;2;30;44;89m[48;2;122;61;62m▀[0m[38;2;30;44;89m[48;2;30;44;89m▀[0m[38;2;30;44;89m[48;2;30;44;89m▀[0m[38;2;122;61;62m[48;2;16;29;58m▀[0m[38;2;21;21;21m[48;2;122;61;62m▀[0m[38;2;122;61;62m[48;2;122;61;62m▀[0m[38;2;30;44;89m[48;2;30;44;89m▀[0m[38;2;30;44;89m[48;2;30;44;89m▀[0m[38;2;16;29;58m[48;2;16;29;58m▀[0m[38;2;30;44;89m[48;2;30;44;89m▀[0m[38;2;30;44;89m[48;2;30;44;89m▀[0m[38;2;16;29;58m[48;2;30;44;89m▀[0m[38;2;138;134;155m[48;2;16;29;58m▀[0m[38;2;138;134;155m[48;2;169;165;185m▀[0m[38;2;138;134;155m[48;2;169;165;185m▀[0m[38;2;138;134;155m[48;2;169;165;185m▀[0m[38;2;21;21;21m[48;2;21;21;21m▀[0m[38;2;30;44;89m[48;2;30;44;89m▀[0m[38;2;30;44;89m[48;2;30;44;89m▀[0m[38;2;30;44;89m[48;2;30;44;89m▀[0m[38;2;30;44;89m[48;2;30;44;89m▀[0m[38;2;30;44;89m[48;2;30;44;89m▀[0m[38;2;30;44;89m[48;2;30;44;89m▀[0m[38;2;30;44;89m[48;2;30;44;89m▀[0m[38;2;104;98;132m[48;2;30;44;89m▀[0m[38;2;169;165;185m[48;2;104;98;132m▀[0m[38;2;169;165;185m[48;2;169;165;185m▀[0m[38;2;21;21;21m[48;2;21;21;21m▀[0m[38;2;169;165;185m[48;2;169;165;185m▀[0m[38;2;21;21;21m[48;2;21;21;21m▀[0m[38;2;169;165;185m[48;2;169;165;185m▀[0m[38;2;169;165;185m[48;2;169;165;185m▀[0m[38;2;138;134;155m[48;2;138;134;155m▀[0m[38;2;169;165;185m[48;2;169;165;185m▀[0m[38;2;169;165;185m[48;2;16;29;58m▀[0m[38;2;169;165;185m[48;2;16;29;58m▀[0m[38;2;16;29;58m[48;2;30;44;89m▀[0m[38;2;30;44;89m[48;2;30;44;89m▀[0m[38;2;30;44;89m[48;2;30;44;89m▀[0m[38;2;30;44;89m[48;2;21;21;21m▀[0m[38;2;30;44;89m[48;2;21;21;21m▀[0m[38;2;21;21;21m▀     
                 [38;2;104;98;132m▄[38;2;104;98;132m[48;2;224;224;237m▀[0m[38;2;224;224;237m[48;2;224;224;237m▀[0m[38;2;224;224;237m[48;2;224;224;237m▀[0m[38;2;224;224;237m[48;2;224;224;237m▀[0m[38;2;224;224;237m[48;2;224;224;237m▀[0m[38;2;224;224;237m[48;2;224;224;237m▀[0m[38;2;138;134;155m[48;2;138;134;155m▀[0m[38;2;21;21;21m[48;2;21;21;21m▀[0m[38;2;30;44;89m[48;2;30;44;89m▀[0m[38;2;16;29;58m[48;2;16;29;58m▀[0m[38;2;122;61;62m[48;2;122;61;62m▀[0m[38;2;122;61;62m[48;2;122;61;62m▀[0m[38;2;30;44;89m[48;2;122;61;62m▀[0m[38;2;30;44;89m[48;2;30;44;89m▀[0m[38;2;16;29;58m[48;2;30;44;89m▀[0m[38;2;122;61;62m[48;2;16;29;58m▀[0m[38;2;122;61;62m[48;2;122;61;62m▀[0m[38;2;122;61;62m[48;2;122;61;62m▀[0m[38;2;30;44;89m[48;2;30;44;89m▀[0m[38;2;16;29;58m[48;2;30;44;89m▀[0m[38;2;30;44;89m[48;2;16;29;58m▀[0m[38;2;30;44;89m[48;2;30;44;89m▀[0m[38;2;30;44;89m[48;2;30;44;89m▀[0m[38;2;16;29;58m[48;2;30;44;89m▀[0m[38;2;169;165;185m[48;2;16;29;58m▀[0m[38;2;169;165;185m[48;2;169;165;185m▀[0m[38;2;169;165;185m[48;2;169;165;185m▀[0m[38;2;169;165;185m[48;2;104;98;132m▀[0m[38;2;21;21;21m[48;2;224;224;237m▀[0m[38;2;21;21;21m[48;2;224;224;237m▀[0m[38;2;21;21;21m[48;2;224;224;237m▀[0m[38;2;30;44;89m[48;2;21;21;21m▀[0m[38;2;30;44;89m[48;2;21;21;21m▀[0m[38;2;30;44;89m[48;2;21;21;21m▀[0m[38;2;30;44;89m[48;2;30;44;89m▀[0m[38;2;30;44;89m[48;2;30;44;89m▀[0m[38;2;30;44;89m[48;2;30;44;89m▀[0m[38;2;104;98;132m[48;2;30;44;89m▀[0m[38;2;21;21;21m[48;2;21;21;21m▀[0m[38;2;169;165;185m[48;2;169;165;185m▀[0m[38;2;21;21;21m[48;2;21;21;21m▀[0m[38;2;169;165;185m[48;2;16;29;58m▀[0m[38;2;169;165;185m[48;2;16;29;58m▀[0m[38;2;16;29;58m[48;2;30;44;89m▀[0m[38;2;16;29;58m[48;2;30;44;89m▀[0m[38;2;30;44;89m[48;2;30;44;89m▀[0m[38;2;30;44;89m[48;2;30;44;89m▀[0m[38;2;30;44;89m[48;2;21;21;21m▀[0m[38;2;30;44;89m[48;2;21;21;21m▀[0m[38;2;21;21;21m▀        
                 [38;2;104;98;132m[48;2;104;98;132m▀[0m[38;2;224;224;237m[48;2;224;224;237m▀[0m[38;2;224;224;237m[48;2;224;224;237m▀[0m[38;2;224;224;237m[48;2;224;224;237m▀[0m[38;2;224;224;237m[48;2;224;224;237m▀[0m[38;2;224;224;237m[48;2;224;224;237m▀[0m[38;2;224;224;237m[48;2;224;224;237m▀[0m[38;2;138;134;155m[48;2;138;134;155m▀[0m[38;2;169;165;185m[48;2;169;165;185m▀[0m[38;2;21;21;21m[48;2;21;21;21m▀[0m[38;2;30;44;89m[48;2;30;44;89m▀[0m[38;2;21;21;21m[48;2;16;29;58m▀[0m[38;2;122;61;62m[48;2;21;21;21m▀[0m[38;2;122;61;62m[48;2;122;61;62m▀[0m[38;2;30;44;89m[48;2;30;44;89m▀[0m[38;2;30;44;89m[48;2;30;44;89m▀[0m[38;2;16;29;58m[48;2;30;44;89m▀[0m[38;2;122;61;62m[48;2;122;61;62m▀[0m[38;2;122;61;62m[48;2;21;21;21m▀[0m[38;2;21;21;21m[48;2;122;61;62m▀[0m[38;2;30;44;89m[48;2;30;44;89m▀[0m[38;2;16;29;58m[48;2;30;44;89m▀[0m[38;2;30;44;89m[48;2;16;29;58m▀[0m[38;2;30;44;89m[48;2;30;44;89m▀[0m[38;2;30;44;89m[48;2;30;44;89m▀[0m[38;2;16;29;58m[48;2;30;44;89m▀[0m[38;2;169;165;185m[48;2;16;29;58m▀[0m[38;2;138;134;155m[48;2;169;165;185m▀[0m[38;2;104;98;132m[48;2;104;98;132m▀[0m[38;2;224;224;237m[48;2;224;224;237m▀[0m[38;2;224;224;237m[48;2;224;224;237m▀[0m[38;2;224;224;237m[48;2;224;224;237m▀[0m[38;2;224;224;237m[48;2;224;224;237m▀[0m[38;2;224;224;237m[48;2;224;224;237m▀[0m[38;2;224;224;237m[48;2;224;224;237m▀[0m[38;2;21;21;21m[48;2;224;224;237m▀[0m[38;2;21;21;21m[48;2;138;134;155m▀[0m[38;2;21;21;21m[48;2;169;165;185m▀[0m[38;2;21;21;21m[48;2;169;165;185m▀[0m[38;2;169;165;185m[48;2;169;165;185m▀[0m[38;2;169;165;185m[48;2;169;165;185m▀[0m[38;2;21;21;21m[48;2;21;21;21m▀[0m[38;2;30;44;89m[48;2;30;44;89m▀[0m[38;2;30;44;89m[48;2;30;44;89m▀[0m[38;2;30;44;89m[48;2;30;44;89m▀[0m[38;2;30;44;89m[48;2;21;21;21m▀[0m[38;2;30;44;89m[48;2;21;21;21m▀[0m[38;2;21;21;21m▀           
                [38;2;104;98;132m▄[38;2;104;98;132m[48;2;224;224;237m▀[0m[38;2;224;224;237m[48;2;224;224;237m▀[0m[38;2;224;224;237m[48;2;224;224;237m▀[0m[38;2;224;224;237m[48;2;224;224;237m▀[0m[38;2;224;224;237m[48;2;224;224;237m▀[0m[38;2;224;224;237m[48;2;224;224;237m▀[0m[38;2;224;224;237m[48;2;224;224;237m▀[0m[38;2;138;134;155m[48;2;138;134;155m▀[0m[38;2;169;165;185m[48;2;169;165;185m▀[0m[38;2;169;165;185m[48;2;169;165;185m▀[0m[38;2;21;21;21m[48;2;21;21;21m▀[0m[38;2;30;44;89m[48;2;30;44;89m▀[0m[38;2;122;61;62m[48;2;16;29;58m▀[0m[38;2;122;61;62m[48;2;122;61;62m▀[0m[38;2;122;61;62m[48;2;122;61;62m▀[0m[38;2;30;44;89m[48;2;30;44;89m▀[0m[38;2;30;44;89m[48;2;30;44;89m▀[0m[38;2;16;29;58m[48;2;16;29;58m▀[0m[38;2;122;61;62m[48;2;122;61;62m▀[0m[38;2;122;61;62m[48;2;122;61;62m▀[0m[38;2;30;44;89m[48;2;122;61;62m▀[0m[38;2;30;44;89m[48;2;30;44;89m▀[0m[38;2;16;29;58m[48;2;30;44;89m▀[0m[38;2;30;44;89m[48;2;16;29;58m▀[0m[38;2;30;44;89m[48;2;30;44;89m▀[0m[38;2;30;44;89m[48;2;30;44;89m▀[0m[38;2;16;29;58m[48;2;30;44;89m▀[0m[38;2;169;165;185m[48;2;169;165;185m▀[0m[38;2;104;98;132m[48;2;104;98;132m▀[0m[38;2;224;224;237m[48;2;224;224;237m▀[0m[38;2;224;224;237m[48;2;224;224;237m▀[0m[38;2;224;224;237m[48;2;224;224;237m▀[0m[38;2;224;224;237m[48;2;224;224;237m▀[0m[38;2;224;224;237m[48;2;224;224;237m▀[0m[38;2;224;224;237m[48;2;224;224;237m▀[0m[38;2;224;224;237m[48;2;224;224;237m▀[0m[38;2;138;134;155m[48;2;138;134;155m▀[0m[38;2;169;165;185m[48;2;169;165;185m▀[0m[38;2;169;165;185m[48;2;169;165;185m▀[0m[38;2;169;165;185m[48;2;169;165;185m▀[0m[38;2;169;165;185m[48;2;169;165;185m▀[0m[38;2;21;21;21m[48;2;21;21;21m▀[0m[38;2;30;44;89m[48;2;21;21;21m▀[0m[38;2;21;21;21m▀[38;2;21;21;21m▀              
                [38;2;104;98;132m[48;2;104;98;132m▀[0m[38;2;224;224;237m[48;2;224;224;237m▀[0m[38;2;224;224;237m[48;2;224;224;237m▀[0m[38;2;224;224;237m[48;2;224;224;237m▀[0m[38;2;224;224;237m[48;2;224;224;237m▀[0m[38;2;224;224;237m[48;2;224;224;237m▀[0m[38;2;224;224;237m[48;2;224;224;237m▀[0m[38;2;224;224;237m[48;2;224;224;237m▀[0m[38;2;138;134;155m[48;2;138;134;155m▀[0m[38;2;169;165;185m[48;2;169;165;185m▀[0m[38;2;169;165;185m[48;2;169;165;185m▀[0m[38;2;169;165;185m[48;2;169;165;185m▀[0m[38;2;21;21;21m[48;2;21;21;21m▀[0m[38;2;16;29;58m[48;2;30;44;89m▀[0m[38;2;122;61;62m[48;2;16;29;58m▀[0m[38;2;122;61;62m[48;2;122;61;62m▀[0m[38;2;122;61;62m[48;2;122;61;62m▀[0m[38;2;30;44;89m[48;2;30;44;89m▀[0m[38;2;30;44;89m[48;2;30;44;89m▀[0m[38;2;16;29;58m[48;2;16;29;58m▀[0m[38;2;122;61;62m[48;2;122;61;62m▀[0m[38;2;122;61;62m[48;2;122;61;62m▀[0m[38;2;30;44;89m[48;2;122;61;62m▀[0m[38;2;30;44;89m[48;2;30;44;89m▀[0m[38;2;16;29;58m[48;2;30;44;89m▀[0m[38;2;30;44;89m[48;2;16;29;58m▀[0m[38;2;30;44;89m[48;2;30;44;89m▀[0m[38;2;30;44;89m[48;2;30;44;89m▀[0m[38;2;104;98;132m[48;2;104;98;132m▀[0m[38;2;224;224;237m[48;2;224;224;237m▀[0m[38;2;224;224;237m[48;2;224;224;237m▀[0m[38;2;224;224;237m[48;2;224;224;237m▀[0m[38;2;224;224;237m[48;2;224;224;237m▀[0m[38;2;224;224;237m[48;2;224;224;237m▀[0m[38;2;224;224;237m[48;2;224;224;237m▀[0m[38;2;224;224;237m[48;2;224;224;237m▀[0m[38;2;224;224;237m[48;2;224;224;237m▀[0m[38;2;138;134;155m[48;2;138;134;155m▀[0m[38;2;169;165;185m[48;2;169;165;185m▀[0m[38;2;169;165;185m[48;2;169;165;185m▀[0m[38;2;169;165;185m[48;2;169;165;185m▀[0m[38;2;169;165;185m[48;2;169;165;185m▀[0m[38;2;21;21;21m[48;2;169;165;185m▀[0m[38;2;21;21;21m▄                
               [38;2;104;98;132m[48;2;104;98;132m▀[0m[38;2;224;224;237m[48;2;224;224;237m▀[0m[38;2;224;224;237m[48;2;224;224;237m▀[0m[38;2;224;224;237m[48;2;224;224;237m▀[0m[38;2;224;224;237m[48;2;224;224;237m▀[0m[38;2;224;224;237m[48;2;224;224;237m▀[0m[38;2;224;224;237m[48;2;224;224;237m▀[0m[38;2;224;224;237m[48;2;224;224;237m▀[0m[38;2;138;134;155m[48;2;138;134;155m▀[0m[38;2;169;165;185m[48;2;169;165;185m▀[0m[38;2;169;165;185m[48;2;169;165;185m▀[0m[38;2;169;165;185m[48;2;169;165;185m▀[0m[38;2;169;165;185m[48;2;169;165;185m▀[0m[38;2;169;165;185m[48;2;21;21;21m▀[0m[38;2;21;21;21m[48;2;30;44;89m▀[0m[38;2;30;44;89m[48;2;21;21;21m▀[0m[38;2;16;29;58m[48;2;21;21;21m▀[0m[38;2;122;61;62m[48;2;21;21;21m▀[0m[38;2;122;61;62m[48;2;122;61;62m▀[0m[38;2;30;44;89m[48;2;122;61;62m▀[0m[38;2;30;44;89m[48;2;30;44;89m▀[0m[38;2;16;29;58m[48;2;30;44;89m▀[0m[38;2;122;61;62m[48;2;16;29;58m▀[0m[38;2;122;61;62m[48;2;122;61;62m▀[0m[38;2;122;61;62m[48;2;122;61;62m▀[0m[38;2;30;44;89m[48;2;122;61;62m▀[0m[38;2;30;44;89m[48;2;30;44;89m▀[0m[38;2;16;29;58m[48;2;30;44;89m▀[0m[38;2;30;44;89m[48;2;21;21;21m▀[0m[38;2;104;98;132m[48;2;104;98;132m▀[0m[38;2;224;224;237m[48;2;224;224;237m▀[0m[38;2;224;224;237m[48;2;224;224;237m▀[0m[38;2;224;224;237m[48;2;224;224;237m▀[0m[38;2;224;224;237m[48;2;224;224;237m▀[0m[38;2;224;224;237m[48;2;224;224;237m▀[0m[38;2;224;224;237m[48;2;224;224;237m▀[0m[38;2;224;224;237m[48;2;224;224;237m▀[0m[38;2;224;224;237m[48;2;224;224;237m▀[0m[38;2;138;134;155m[48;2;138;134;155m▀[0m[38;2;169;165;185m[48;2;169;165;185m▀[0m[38;2;169;165;185m[48;2;169;165;185m▀[0m[38;2;169;165;185m[48;2;138;134;155m▀[0m[38;2;169;165;185m[48;2;169;165;185m▀[0m[38;2;169;165;185m[48;2;169;165;185m▀[0m[38;2;21;21;21m[48;2;21;21;21m▀[0m                
              [38;2;104;98;132m▄[38;2;104;98;132m[48;2;224;224;237m▀[0m[38;2;224;224;237m[48;2;224;224;237m▀[0m[38;2;224;224;237m[48;2;224;224;237m▀[0m[38;2;224;224;237m[48;2;169;165;185m▀[0m[38;2;224;224;237m[48;2;224;224;237m▀[0m[38;2;224;224;237m[48;2;224;224;237m▀[0m[38;2;224;224;237m[48;2;224;224;237m▀[0m[38;2;224;224;237m[48;2;224;224;237m▀[0m[38;2;138;134;155m[48;2;138;134;155m▀[0m[38;2;169;165;185m[48;2;169;165;185m▀[0m[38;2;169;165;185m[48;2;169;165;185m▀[0m[38;2;169;165;185m[48;2;169;165;185m▀[0m[38;2;169;165;185m[48;2;169;165;185m▀[0m[38;2;21;21;21m[48;2;21;21;21m▀[0m[38;2;30;44;89m[48;2;30;44;89m▀[0m[38;2;138;134;155m[48;2;138;134;155m▀[0m[38;2;138;134;155m[48;2;138;134;155m▀[0m[38;2;138;134;155m[48;2;138;134;155m▀[0m[38;2;21;21;21m[48;2;138;134;155m▀[0m[38;2;21;21;21m[48;2;138;134;155m▀[0m[38;2;21;21;21m[48;2;104;98;132m▀[0m[38;2;21;21;21m▀[38;2;21;21;21m▀[38;2;21;21;21m▀[38;2;21;21;21m▀[38;2;21;21;21m▀[38;2;21;21;21m▀ [38;2;104;98;132m▄[38;2;104;98;132m[48;2;224;224;237m▀[0m[38;2;224;224;237m[48;2;224;224;237m▀[0m[38;2;224;224;237m[48;2;224;224;237m▀[0m[38;2;224;224;237m[48;2;224;224;237m▀[0m[38;2;224;224;237m[48;2;224;224;237m▀[0m[38;2;224;224;237m[48;2;224;224;237m▀[0m[38;2;224;224;237m[48;2;224;224;237m▀[0m[38;2;224;224;237m[48;2;224;224;237m▀[0m[38;2;224;224;237m[48;2;138;134;155m▀[0m[38;2;138;134;155m[48;2;169;165;185m▀[0m[38;2;169;165;185m[48;2;169;165;185m▀[0m[38;2;169;165;185m[48;2;169;165;185m▀[0m[38;2;104;98;132m[48;2;104;98;132m▀[0m[38;2;169;165;185m[48;2;169;165;185m▀[0m[38;2;169;165;185m[48;2;169;165;185m▀[0m[38;2;21;21;21m[48;2;169;165;185m▀[0m[38;2;21;21;21m▄               
              [38;2;104;98;132m[48;2;104;98;132m▀[0m[38;2;224;224;237m[48;2;224;224;237m▀[0m[38;2;224;224;237m[48;2;224;224;237m▀[0m[38;2;169;165;185m[48;2;169;165;185m▀[0m[38;2;41;80;152m[48;2;41;80;152m▀[0m[38;2;169;165;185m[48;2;169;165;185m▀[0m[38;2;224;224;237m[48;2;224;224;237m▀[0m[38;2;224;224;237m[48;2;224;224;237m▀[0m[38;2;224;224;237m[48;2;224;224;237m▀[0m[38;2;138;134;155m[48;2;138;134;155m▀[0m[38;2;169;165;185m[48;2;169;165;185m▀[0m[38;2;169;165;185m[48;2;169;165;185m▀[0m[38;2;169;165;185m[48;2;169;165;185m▀[0m[38;2;169;165;185m[48;2;104;98;132m▀[0m[38;2;21;21;21m[48;2;30;44;89m▀[0m[38;2;30;44;89m[48;2;30;44;89m▀[0m[38;2;30;44;89m[48;2;30;44;89m▀[0m[38;2;138;134;155m[48;2;138;134;155m▀[0m[38;2;138;134;155m[48;2;138;134;155m▀[0m[38;2;138;134;155m[48;2;138;134;155m▀[0m[38;2;138;134;155m[48;2;138;134;155m▀[0m[38;2;138;134;155m[48;2;138;134;155m▀[0m[38;2;104;98;132m[48;2;104;98;132m▀[0m      [38;2;104;98;132m[48;2;104;98;132m▀[0m[38;2;224;224;237m[48;2;224;224;237m▀[0m[38;2;224;224;237m[48;2;224;224;237m▀[0m[38;2;224;224;237m[48;2;224;224;237m▀[0m[38;2;224;224;237m[48;2;224;224;237m▀[0m[38;2;224;224;237m[48;2;224;224;237m▀[0m[38;2;224;224;237m[48;2;224;224;237m▀[0m[38;2;224;224;237m[48;2;224;224;237m▀[0m[38;2;224;224;237m[48;2;224;224;237m▀[0m[38;2;138;134;155m[48;2;138;134;155m▀[0m[38;2;169;165;185m[48;2;169;165;185m▀[0m[38;2;169;165;185m[48;2;169;165;185m▀[0m[38;2;169;165;185m[48;2;169;165;185m▀[0m[38;2;21;21;21m[48;2;21;21;21m▀[0m[38;2;138;134;155m[48;2;138;134;155m▀[0m[38;2;169;165;185m[48;2;169;165;185m▀[0m[38;2;169;165;185m[48;2;169;165;185m▀[0m[38;2;21;21;21m[48;2;21;21;21m▀[0m               
             [38;2;104;98;132m[48;2;104;98;132m▀[0m[38;2;224;224;237m[48;2;224;224;237m▀[0m[38;2;224;224;237m[48;2;224;224;237m▀[0m[38;2;169;165;185m[48;2;169;165;185m▀[0m[38;2;41;80;152m[48;2;41;80;152m▀[0m[38;2;41;80;152m[48;2;41;80;152m▀[0m[38;2;169;165;185m[48;2;41;80;152m▀[0m[38;2;224;224;237m[48;2;169;165;185m▀[0m[38;2;224;224;237m[48;2;224;224;237m▀[0m[38;2;138;134;155m[48;2;138;134;155m▀[0m[38;2;169;165;185m[48;2;169;165;185m▀[0m[38;2;169;165;185m[48;2;169;165;185m▀[0m[38;2;169;165;185m[48;2;169;165;185m▀[0m[38;2;169;165;185m[48;2;169;165;185m▀[0m[38;2;21;21;21m[48;2;21;21;21m▀[0m[38;2;21;21;21m▀[38;2;21;21;21m▀[38;2;30;44;89m[48;2;21;21;21m▀[0m[38;2;138;134;155m[48;2;21;21;21m▀[0m[38;2;138;134;155m[48;2;21;21;21m▀[0m[38;2;138;134;155m[48;2;21;21;21m▀[0m[38;2;104;98;132m▀[38;2;104;98;132m▀      [38;2;104;98;132m▄[38;2;104;98;132m[48;2;224;224;237m▀[0m[38;2;224;224;237m[48;2;224;224;237m▀[0m[38;2;224;224;237m[48;2;224;224;237m▀[0m[38;2;224;224;237m[48;2;169;165;185m▀[0m[38;2;224;224;237m[48;2;224;224;237m▀[0m[38;2;224;224;237m[48;2;224;224;237m▀[0m[38;2;224;224;237m[48;2;224;224;237m▀[0m[38;2;224;224;237m[48;2;224;224;237m▀[0m[38;2;224;224;237m[48;2;224;224;237m▀[0m[38;2;138;134;155m[48;2;138;134;155m▀[0m[38;2;169;165;185m[48;2;169;165;185m▀[0m[38;2;169;165;185m[48;2;169;165;185m▀[0m[38;2;169;165;185m[48;2;169;165;185m▀[0m[38;2;21;21;21m[48;2;21;21;21m▀[0m[38;2;30;44;89m[48;2;30;44;89m▀[0m[38;2;138;134;155m[48;2;138;134;155m▀[0m[38;2;169;165;185m[48;2;169;165;185m▀[0m[38;2;169;165;185m[48;2;169;165;185m▀[0m[38;2;21;21;21m[48;2;21;21;21m▀[0m              
             [38;2;104;98;132m▀[38;2;224;224;237m[48;2;21;21;21m▀[0m[38;2;169;165;185m[48;2;21;21;21m▀[0m[38;2;41;80;152m[48;2;21;21;21m▀[0m[38;2;41;80;152m[48;2;41;80;152m▀[0m[38;2;41;80;152m[48;2;41;80;152m▀[0m[38;2;41;80;152m[48;2;41;80;152m▀[0m[38;2;169;165;185m[48;2;169;165;185m▀[0m[38;2;224;224;237m[48;2;224;224;237m▀[0m[38;2;138;134;155m[48;2;138;134;155m▀[0m[38;2;169;165;185m[48;2;169;165;185m▀[0m[38;2;169;165;185m[48;2;169;165;185m▀[0m[38;2;169;165;185m[48;2;21;21;21m▀[0m[38;2;169;165;185m[48;2;21;21;21m▀[0m[38;2;21;21;21m▀              [38;2;104;98;132m[48;2;104;98;132m▀[0m[38;2;224;224;237m[48;2;224;224;237m▀[0m[38;2;224;224;237m[48;2;224;224;237m▀[0m[38;2;169;165;185m[48;2;169;165;185m▀[0m[38;2;41;80;152m[48;2;41;80;152m▀[0m[38;2;169;165;185m[48;2;169;165;185m▀[0m[38;2;224;224;237m[48;2;224;224;237m▀[0m[38;2;224;224;237m[48;2;224;224;237m▀[0m[38;2;224;224;237m[48;2;224;224;237m▀[0m[38;2;224;224;237m[48;2;224;224;237m▀[0m[38;2;138;134;155m[48;2;138;134;155m▀[0m[38;2;169;165;185m[48;2;169;165;185m▀[0m[38;2;169;165;185m[48;2;169;165;185m▀[0m[38;2;169;165;185m[48;2;169;165;185m▀[0m[38;2;21;21;21m[48;2;21;21;21m▀[0m[38;2;30;44;89m[48;2;30;44;89m▀[0m[38;2;138;134;155m[48;2;30;44;89m▀[0m[38;2;169;165;185m[48;2;138;134;155m▀[0m[38;2;169;165;185m[48;2;169;165;185m▀[0m[38;2;169;165;185m[48;2;169;165;185m▀[0m[38;2;21;21;21m[48;2;21;21;21m▀[0m             
                 [38;2;21;21;21m▀[38;2;21;21;21m▀[38;2;21;21;21m▀[38;2;169;165;185m[48;2;21;21;21m▀[0m[38;2;224;224;237m[48;2;21;21;21m▀[0m[38;2;138;134;155m[48;2;21;21;21m▀[0m[38;2;21;21;21m▀[38;2;21;21;21m▀                [38;2;104;98;132m[48;2;104;98;132m▀[0m[38;2;224;224;237m[48;2;224;224;237m▀[0m[38;2;224;224;237m[48;2;224;224;237m▀[0m[38;2;169;165;185m[48;2;169;165;185m▀[0m[38;2;41;80;152m[48;2;41;80;152m▀[0m[38;2;41;80;152m[48;2;41;80;152m▀[0m[38;2;169;165;185m[48;2;41;80;152m▀[0m[38;2;224;224;237m[48;2;169;165;185m▀[0m[38;2;224;224;237m[48;2;224;224;237m▀[0m[38;2;224;224;237m[48;2;224;224;237m▀[0m[38;2;224;224;237m[48;2;224;224;237m▀[0m[38;2;138;134;155m[48;2;138;134;155m▀[0m[38;2;169;165;185m[48;2;169;165;185m▀[0m[38;2;169;165;185m[48;2;169;165;185m▀[0m[38;2;169;165;185m[48;2;169;165;185m▀[0m[38;2;21;21;21m[48;2;21;21;21m▀[0m[38;2;21;21;21m▀[38;2;30;44;89m[48;2;21;21;21m▀[0m[38;2;104;98;132m[48;2;21;21;21m▀[0m[38;2;21;21;21m▀[38;2;21;21;21m▀              
                                         [38;2;104;98;132m▀[38;2;224;224;237m[48;2;21;21;21m▀[0m[38;2;169;165;185m[48;2;21;21;21m▀[0m[38;2;41;80;152m[48;2;21;21;21m▀[0m[38;2;41;80;152m[48;2;21;21;21m▀[0m[38;2;41;80;152m[48;2;41;80;152m▀[0m[38;2;41;80;152m[48;2;41;80;152m▀[0m[38;2;169;165;185m[48;2;169;165;185m▀[0m[38;2;224;224;237m[48;2;224;224;237m▀[0m[38;2;224;224;237m[48;2;224;224;237m▀[0m[38;2;138;134;155m[48;2;138;134;155m▀[0m[38;2;169;165;185m[48;2;169;165;185m▀[0m[38;2;169;165;185m[48;2;169;165;185m▀[0m[38;2;169;165;185m[48;2;169;165;185m▀[0m[38;2;169;165;185m[48;2;21;21;21m▀[0m[38;2;21;21;21m▀                   
                                              [38;2;21;21;21m▀[38;2;21;21;21m▀[38;2;21;21;21m▀[38;2;21;21;21m▀[38;2;224;224;237m[48;2;21;21;21m▀[0m[38;2;138;134;155m[48;2;21;21;21m▀[0m[38;2;169;165;185m[48;2;21;21;21m▀[0m[38;2;21;21;21m▀[38;2;21;21;21m▀                     
[0m