                    [38;2;147;50;48m[48;2;147;50;48m▀[0m[38;2;147;50;48m[48;2;226;60;27m▀[0m[38;2;147;50;48m▄ [38;2;147;50;48m▄[38;2;147;50;48m▄[38;2;147;50;48m▄                      
                     [38;2;147;50;48m[48;2;147;50;48m▀[0m[38;2;226;60;27m[48;2;226;60;27m▀[0m[38;2;147;50;48m[48;2;226;60;27m▀[0m[38;2;226;60;27m[48;2;226;60;27m▀[0m[38;2;226;60;27m[48;2;226;60;27m▀[0m[38;2;226;60;27m[48;2;226;60;27m▀[0m[38;2;147;50;48m[48;2;226;60;27m▀[0m[38;2;147;50;48m▄                    
                   [38;2;147;50;48m▄[38;2;147;50;48m[48;2;226;60;27m▀[0m[38;2;226;60;27m[48;2;226;60;27m▀[0m[38;2;226;60;27m[48;2;226;60;27m▀[0m[38;2;226;60;27m[48;2;226;60;27m▀[0m[38;2;226;60;27m[48;2;226;60;27m▀[0m[38;2;226;60;27m[48;2;226;60;27m▀[0m[38;2;226;60;27m[48;2;226;60;27m▀[0m[38;2;226;60;27m[48;2;226;60;27m▀[0m[38;2;226;60;27m[48;2;248;94;161m▀[0m[38;2;147;50;48m[48;2;147;50;48m▀[0m     [38;2;147;50;48m▄             
                  [38;2;147;50;48m▄[38;2;147;50;48m[48;2;226;60;27m▀[0m[38;2;226;60;27m[48;2;226;60;27m▀[0m[38;2;226;60;27m[48;2;226;60;27m▀[0m[38;2;226;60;27m[48;2;226;60;27m▀[0m[38;2;226;60;27m[48;2;226;60;27m▀[0m[38;2;226;60;27m[48;2;226;60;27m▀[0m[38;2;226;60;27m[48;2;226;60;27m▀[0m[38;2;226;60;27m[48;2;226;60;27m▀[0m[38;2;248;94;161m[48;2;226;60;27m▀[0m[38;2;226;60;27m[48;2;248;94;161m▀[0m[38;2;248;94;161m[48;2;248;94;161m▀[0m[38;2;147;50;48m[48;2;248;94;161m▀[0m[38;2;147;50;48m▄  [38;2;147;50;48m[48;2;147;50;48m▀[0m[38;2;248;94;161m[48;2;248;94;161m▀[0m[38;2;147;50;48m[48;2;147;50;48m▀[0m            
                  [38;2;147;50;48m[48;2;147;50;48m▀[0m[38;2;226;60;27m[48;2;226;60;27m▀[0m[38;2;226;60;27m[48;2;226;60;27m▀[0m[38;2;226;60;27m[48;2;226;60;27m▀[0m[38;2;226;60;27m[48;2;226;60;27m▀[0m[38;2;226;60;27m[48;2;226;60;27m▀[0m[38;2;226;60;27m[48;2;226;60;27m▀[0m[38;2;226;60;27m[48;2;226;60;27m▀[0m[38;2;226;60;27m[48;2;226;60;27m▀[0m[38;2;226;60;27m[48;2;255;181;33m▀[0m[38;2;226;60;27m[48;2;255;181;33m▀[0m[38;2;248;94;161m[48;2;255;181;33m▀[0m[38;2;248;94;161m[48;2;248;94;161m▀[0m[38;2;248;94;161m[48;2;248;94;161m▀[0m[38;2;147;50;48m[48;2;248;94;161m▀[0m[38;2;147;50;48m[48;2;248;94;161m▀[0m[38;2;248;94;161m[48;2;255;181;33m▀[0m[38;2;248;94;161m[48;2;255;181;33m▀[0m[38;2;248;94;161m[48;2;248;94;161m▀[0m[38;2;163;118;33m[48;2;248;94;161m▀[0m[38;2;163;118;33m▄[38;2;163;118;33m▄[38;2;163;118;33m▄[38;2;163;118;33m[48;2;255;181;33m▀[0m[38;2;163;118;33m▄      
                   [38;2;147;50;48m▀[38;2;226;60;27m[48;2;147;50;48m▀[0m[38;2;147;50;48m[48;2;147;50;48m▀[0m[38;2;147;50;48m▀[38;2;147;50;48m▀[38;2;226;60;27m[48;2;147;50;48m▀[0m[38;2;226;60;27m[48;2;226;60;27m▀[0m[38;2;255;181;33m[48;2;226;60;27m▀[0m[38;2;226;60;27m[48;2;226;60;27m▀[0m[38;2;226;60;27m[48;2;226;60;27m▀[0m[38;2;255;181;33m[48;2;226;60;27m▀[0m[38;2;255;181;33m[48;2;255;181;33m▀[0m[38;2;255;181;33m[48;2;255;181;33m▀[0m[38;2;248;94;161m[48;2;255;181;33m▀[0m[38;2;248;94;161m[48;2;255;181;33m▀[0m[38;2;248;94;161m[48;2;255;181;33m▀[0m[38;2;255;181;33m[48;2;255;181;33m▀[0m[38;2;255;181;33m[48;2;163;118;33m▀[0m[38;2;255;181;33m[48;2;163;118;33m▀[0m[38;2;255;181;33m[48;2;255;181;33m▀[0m[38;2;255;181;33m[48;2;163;118;33m▀[0m[38;2;255;181;33m[48;2;163;118;33m▀[0m[38;2;255;181;33m[48;2;255;181;33m▀[0m[38;2;163;118;33m[48;2;255;181;33m▀[0m[38;2;163;118;33m▄     
                   [38;2;12;12;12m▄[38;2;12;12;12m▄[38;2;84;40;41m▄[38;2;84;40;41m▄[38;2;147;50;48m[48;2;226;60;27m▀[0m[38;2;147;50;48m[48;2;226;60;27m▀[0m[38;2;226;60;27m[48;2;226;60;27m▀[0m[38;2;226;60;27m[48;2;147;50;48m▀[0m[38;2;147;50;48m▀[38;2;147;50;48m▀[38;2;226;60;27m[48;2;147;50;48m▀[0m[38;2;255;181;33m[48;2;255;181;33m▀[0m[38;2;255;181;33m[48;2;255;181;33m▀[0m[38;2;255;181;33m[48;2;255;181;33m▀[0m[38;2;255;181;33m[48;2;255;181;33m▀[0m[38;2;255;181;33m[48;2;163;118;33m▀[0m[38;2;163;118;33m▀  [38;2;163;118;33m▀[38;2;163;118;33m▀ [38;2;163;118;33m▀[38;2;255;181;33m[48;2;163;118;33m▀[0m[38;2;163;118;33m▀     
                 [38;2;12;12;12m▄[38;2;12;12;12m[48;2;84;40;41m▀[0m[38;2;84;40;41m[48;2;84;40;41m▀[0m[38;2;84;40;41m[48;2;147;50;48m▀[0m[38;2;147;50;48m[48;2;147;50;48m▀[0m[38;2;147;50;48m[48;2;147;50;48m▀[0m[38;2;84;40;41m[48;2;147;50;48m▀[0m[38;2;84;40;41m[48;2;226;60;27m▀[0m[38;2;255;181;33m[48;2;84;40;41m▀[0m[38;2;147;50;48m[48;2;255;181;33m▀[0m[38;2;147;50;48m▄ [38;2;147;50;48m▀[38;2;255;181;33m[48;2;147;50;48m▀[0m[38;2;255;181;33m[48;2;255;181;33m▀[0m[38;2;255;181;33m[48;2;163;118;33m▀[0m[38;2;255;181;33m[48;2;163;118;33m▀[0m[38;2;255;181;33m[48;2;163;118;33m▀[0m[38;2;163;118;33m▀             
               [38;2;12;12;12m▄[38;2;12;12;12m[48;2;226;60;27m▀[0m[38;2;12;12;12m[48;2;12;12;12m▀[0m[38;2;54;52;52m[48;2;54;52;52m▀[0m[38;2;54;52;52m[48;2;94;86;82m▀[0m[38;2;54;52;52m[48;2;94;86;82m▀[0m[38;2;54;52;52m[48;2;94;86;82m▀[0m[38;2;147;50;48m[48;2;54;52;52m▀[0m[38;2;147;50;48m[48;2;226;60;27m▀[0m[38;2;226;60;27m[48;2;226;60;27m▀[0m[38;2;226;60;27m[48;2;84;40;41m▀[0m[38;2;84;40;41m[48;2;147;50;48m▀[0m[38;2;84;40;41m[48;2;147;50;48m▀[0m[38;2;84;40;41m▄  [38;2;163;118;33m▀[38;2;163;118;33m▀                
            [38;2;240;224;10m▄ [38;2;12;12;12m▄[38;2;12;12;12m[48;2;28;34;37m▀[0m[38;2;54;52;52m[48;2;28;34;37m▀[0m[38;2;54;52;52m[48;2;54;52;52m▀[0m[38;2;54;52;52m[48;2;94;86;82m▀[0m[38;2;94;86;82m[48;2;94;86;82m▀[0m[38;2;94;86;82m[48;2;28;34;37m▀[0m[38;2;94;86;82m[48;2;28;34;37m▀[0m[38;2;94;86;82m[48;2;94;86;82m▀[0m[38;2;226;60;27m[48;2;94;86;82m▀[0m[38;2;54;52;52m[48;2;240;224;10m▀[0m[38;2;147;50;48m[48;2;54;52;52m▀[0m[38;2;147;50;48m[48;2;147;50;48m▀[0m[38;2;147;50;48m[48;2;84;40;41m▀[0m[38;2;12;12;12m[48;2;84;40;41m▀[0m[38;2;12;12;12m▄                   
        [38;2;163;118;33m▄[38;2;163;118;33m▄   [38;2;240;224;10m[48;2;240;224;10m▀[0m[38;2;12;12;12m[48;2;12;12;12m▀[0m[38;2;28;34;37m[48;2;54;52;52m▀[0m[38;2;250;242;53m[48;2;28;34;37m▀[0m[38;2;54;52;52m[48;2;54;52;52m▀[0m[38;2;94;86;82m[48;2;94;86;82m▀[0m[38;2;28;34;37m[48;2;28;34;37m▀[0m[38;2;250;242;53m[48;2;28;34;37m▀[0m[38;2;28;34;37m[48;2;94;86;82m▀[0m[38;2;94;86;82m[48;2;94;86;82m▀[0m[38;2;240;224;10m[48;2;240;224;10m▀[0m[38;2;94;86;82m[48;2;240;224;10m▀[0m[38;2;94;86;82m[48;2;54;52;52m▀[0m[38;2;54;52;52m[48;2;54;52;52m▀[0m[38;2;84;40;41m[48;2;84;40;41m▀[0m[38;2;84;40;41m[48;2;84;40;41m▀[0m[38;2;12;12;12m[48;2;12;12;12m▀[0m   [38;2;163;118;33m▄[38;2;163;118;33m▄[38;2;163;118;33m[48;2;250;242;53m▀[0m[38;2;163;118;33m[48;2;250;242;53m▀[0m[38;2;163;118;33m[48;2;250;242;53m▀[0m[38;2;163;118;33m[48;2;250;242;53m▀[0m[38;2;163;118;33m[48;2;250;242;53m▀[0m[38;2;163;118;33m▄        
     [38;2;163;118;33m▄[38;2;163;118;33m[48;2;250;242;53m▀[0m[38;2;163;118;33m[48;2;250;242;53m▀[0m[38;2;250;242;53m[48;2;250;242;53m▀[0m[38;2;250;242;53m[48;2;250;242;53m▀[0m[38;2;12;12;12m[48;2;12;12;12m▀[0m[38;2;12;12;12m▄[38;2;12;12;12m▄[38;2;240;224;10m[48;2;12;12;12m▀[0m[38;2;240;224;10m[48;2;240;224;10m▀[0m[38;2;54;52;52m[48;2;12;12;12m▀[0m[38;2;54;52;52m[48;2;54;52;52m▀[0m[38;2;54;52;52m[48;2;28;34;37m▀[0m[38;2;94;86;82m[48;2;28;34;37m▀[0m[38;2;94;86;82m[48;2;94;86;82m▀[0m[38;2;94;86;82m[48;2;94;86;82m▀[0m[38;2;94;86;82m[48;2;94;86;82m▀[0m[38;2;240;224;10m[48;2;240;224;10m▀[0m[38;2;240;224;10m[48;2;240;224;10m▀[0m[38;2;240;224;10m[48;2;12;12;12m▀[0m[38;2;54;52;52m[48;2;12;12;12m▀[0m[38;2;54;52;52m[48;2;54;52;52m▀[0m[38;2;84;40;41m[48;2;84;40;41m▀[0m[38;2;84;40;41m[48;2;12;12;12m▀[0m[38;2;12;12;12m[48;2;147;50;48m▀[0m[38;2;147;50;48m[48;2;255;181;33m▀[0m[38;2;147;50;48m[48;2;255;181;33m▀[0m[38;2;163;118;33m[48;2;163;118;33m▀[0m[38;2;250;242;53m[48;2;250;242;53m▀[0m[38;2;250;242;53m[48;2;250;242;53m▀[0m[38;2;250;242;53m[48;2;250;242;53m▀[0m[38;2;250;242;53m[48;2;250;242;53m▀[0m[38;2;250;242;53m[48;2;250;242;53m▀[0m[38;2;250;242;53m[48;2;250;242;53m▀[0m[38;2;250;242;53m[48;2;250;242;53m▀[0m[38;2;250;242;53m[48;2;250;242;53m▀[0m[38;2;163;118;33m[48;2;163;118;33m▀[0m       
     [38;2;163;118;33m[48;2;163;118;33m▀[0m[38;2;250;242;53m[48;2;237;193;33m▀[0m[38;2;250;242;53m[48;2;237;193;33m▀[0m[38;2;250;242;53m[48;2;250;242;53m▀[0m[38;2;250;242;53m[48;2;250;242;53m▀[0m[38;2;12;12;12m[48;2;12;12;12m▀[0m[38;2;237;193;33m[48;2;163;118;33m▀[0m[38;2;237;193;33m[48;2;163;118;33m▀[0m[38;2;237;193;33m[48;2;163;118;33m▀[0m[38;2;12;12;12m[48;2;163;118;33m▀[0m[38;2;240;224;10m[48;2;12;12;12m▀[0m[38;2;54;52;52m[48;2;12;12;12m▀[0m[38;2;28;34;37m[48;2;54;52;52m▀[0m[38;2;250;242;53m[48;2;28;34;37m▀[0m[38;2;94;86;82m[48;2;94;86;82m▀[0m[38;2;94;86;82m[48;2;94;86;82m▀[0m[38;2;94;86;82m[48;2;94;86;82m▀[0m[38;2;54;52;52m[48;2;12;12;12m▀[0m[38;2;240;224;10m[48;2;240;224;10m▀[0m[38;2;237;55;19m[48;2;237;55;19m▀[0m[38;2;250;250;250m[48;2;250;250;250m▀[0m[38;2;12;12;12m[48;2;28;34;37m▀[0m[38;2;12;12;12m[48;2;226;60;27m▀[0m[38;2;226;60;27m[48;2;226;60;27m▀[0m[38;2;226;60;27m[48;2;147;50;48m▀[0m[38;2;255;181;33m[48;2;84;40;41m▀[0m[38;2;84;40;41m▀[38;2;84;40;41m▀[38;2;163;118;33m▀[38;2;237;193;33m[48;2;12;12;12m▀[0m[38;2;250;242;53m[48;2;237;193;33m▀[0m[38;2;250;242;53m[48;2;250;242;53m▀[0m[38;2;250;242;53m[48;2;250;242;53m▀[0m[38;2;237;193;33m[48;2;250;242;53m▀[0m[38;2;237;193;33m[48;2;250;242;53m▀[0m[38;2;163;118;33m[48;2;250;242;53m▀[0m[38;2;163;118;33m[48;2;250;242;53m▀[0m[38;2;163;118;33m[48;2;250;242;53m▀[0m[38;2;163;118;33m▄[38;2;163;118;33m▄    
   [38;2;163;118;33m▄[38;2;163;118;33m[48;2;250;242;53m▀[0m[38;2;237;193;33m[48;2;250;242;53m▀[0m[38;2;250;242;53m[48;2;250;242;53m▀[0m[38;2;250;242;53m[48;2;12;12;12m▀[0m[38;2;12;12;12m[48;2;163;118;33m▀[0m[38;2;12;12;12m[48;2;163;118;33m▀[0m[38;2;163;118;33m[48;2;163;118;33m▀[0m[38;2;163;118;33m[48;2;163;118;33m▀[0m[38;2;163;118;33m[48;2;163;118;33m▀[0m[38;2;163;118;33m[48;2;12;12;12m▀[0m[38;2;163;118;33m[48;2;12;12;12m▀[0m[38;2;12;12;12m▀[38;2;12;12;12m▄[38;2;12;12;12m[48;2;237;193;33m▀[0m[38;2;54;52;52m[48;2;12;12;12m▀[0m[38;2;94;86;82m[48;2;12;12;12m▀[0m[38;2;54;52;52m[48;2;28;34;37m▀[0m[38;2;12;12;12m[48;2;28;34;37m▀[0m[38;2;28;34;37m[48;2;28;34;37m▀[0m[38;2;237;55;19m[48;2;28;34;37m▀[0m[38;2;237;55;19m[48;2;28;34;37m▀[0m[38;2;28;34;37m[48;2;226;60;27m▀[0m[38;2;226;60;27m[48;2;84;40;41m▀[0m[38;2;84;40;41m[48;2;163;118;33m▀[0m[38;2;84;40;41m[48;2;163;118;33m▀[0m[38;2;237;193;33m[48;2;12;12;12m▀[0m[38;2;12;12;12m[48;2;237;193;33m▀[0m[38;2;12;12;12m▄[38;2;12;12;12m[48;2;237;193;33m▀[0m[38;2;12;12;12m[48;2;250;242;53m▀[0m[38;2;250;242;53m[48;2;250;242;53m▀[0m[38;2;250;242;53m[48;2;250;242;53m▀[0m[38;2;250;242;53m[48;2;250;242;53m▀[0m[38;2;250;242;53m[48;2;250;242;53m▀[0m[38;2;250;242;53m[48;2;250;242;53m▀[0m[38;2;250;242;53m[48;2;250;242;53m▀[0m[38;2;250;242;53m[48;2;250;242;53m▀[0m[38;2;250;242;53m[48;2;250;242;53m▀[0m[38;2;250;242;53m[48;2;250;242;53m▀[0m[38;2;250;242;53m[48;2;250;242;53m▀[0m[38;2;250;242;53m[48;2;250;242;53m▀[0m[38;2;163;118;33m[48;2;250;242;53m▀[0m[38;2;163;118;33m▄  
  [38;2;163;118;33m[48;2;163;118;33m▀[0m[38;2;250;242;53m[48;2;237;193;33m▀[0m[38;2;250;242;53m[48;2;237;193;33m▀[0m[38;2;250;242;53m[48;2;250;242;53m▀[0m[38;2;250;242;53m[48;2;250;242;53m▀[0m[38;2;250;242;53m[48;2;250;242;53m▀[0m[38;2;12;12;12m[48;2;237;193;33m▀[0m[38;2;163;118;33m[48;2;12;12;12m▀[0m[38;2;163;118;33m[48;2;163;118;33m▀[0m[38;2;163;118;33m[48;2;163;118;33m▀[0m[38;2;12;12;12m[48;2;237;193;33m▀[0m[38;2;12;12;12m▄[38;2;12;12;12m▄[38;2;12;12;12m[48;2;12;12;12m▀[0m[38;2;237;193;33m[48;2;237;193;33m▀[0m[38;2;12;12;12m[48;2;12;12;12m▀[0m[38;2;163;118;33m[48;2;163;118;33m▀[0m[38;2;12;12;12m[48;2;163;118;33m▀[0m[38;2;28;34;37m[48;2;12;12;12m▀[0m[38;2;28;34;37m[48;2;226;60;27m▀[0m[38;2;28;34;37m[48;2;226;60;27m▀[0m[38;2;226;60;27m[48;2;12;12;12m▀[0m[38;2;226;60;27m[48;2;12;12;12m▀[0m[38;2;12;12;12m[48;2;12;12;12m▀[0m[38;2;163;118;33m[48;2;163;118;33m▀[0m[38;2;163;118;33m[48;2;163;118;33m▀[0m[38;2;163;118;33m[48;2;12;12;12m▀[0m[38;2;12;12;12m[48;2;237;193;33m▀[0m[38;2;237;193;33m[48;2;12;12;12m▀[0m[38;2;12;12;12m[48;2;250;242;53m▀[0m[38;2;250;242;53m[48;2;250;242;53m▀[0m[38;2;250;242;53m[48;2;250;242;53m▀[0m[38;2;250;242;53m[48;2;250;242;53m▀[0m[38;2;250;242;53m[48;2;250;242;53m▀[0m[38;2;250;242;53m[48;2;237;193;33m▀[0m[38;2;250;242;53m[48;2;237;193;33m▀[0m[38;2;250;242;53m[48;2;237;193;33m▀[0m[38;2;250;242;53m[48;2;250;242;53m▀[0m[38;2;250;242;53m[48;2;250;242;53m▀[0m[38;2;250;242;53m[48;2;250;242;53m▀[0m[38;2;250;242;53m[48;2;250;242;53m▀[0m[38;2;250;242;53m[48;2;237;193;33m▀[0m[38;2;250;242;53m[48;2;237;193;33m▀[0m[38;2;250;242;53m[48;2;237;193;33m▀[0m[38;2;163;118;33m[48;2;250;242;53m▀[0m[38;2;163;118;33m▄ 
 [38;2;163;118;33m[48;2;163;118;33m▀[0m[38;2;237;193;33m[48;2;250;242;53m▀[0m[38;2;250;242;53m[48;2;250;242;53m▀[0m[38;2;250;242;53m[48;2;163;118;33m▀[0m[38;2;250;242;53m[48;2;237;193;33m▀[0m[38;2;237;193;33m[48;2;237;193;33m▀[0m[38;2;237;193;33m[48;2;237;193;33m▀[0m[38;2;237;193;33m[48;2;237;193;33m▀[0m[38;2;12;12;12m[48;2;12;12;12m▀[0m[38;2;163;118;33m[48;2;163;118;33m▀[0m[38;2;163;118;33m[48;2;163;118;33m▀[0m[38;2;163;118;33m[48;2;163;118;33m▀[0m[38;2;237;193;33m[48;2;163;118;33m▀[0m[38;2;237;193;33m[48;2;163;118;33m▀[0m[38;2;12;12;12m[48;2;237;193;33m▀[0m[38;2;237;193;33m[48;2;12;12;12m▀[0m[38;2;250;242;53m[48;2;237;193;33m▀[0m[38;2;12;12;12m[48;2;250;242;53m▀[0m[38;2;163;118;33m[48;2;12;12;12m▀[0m[38;2;163;118;33m[48;2;12;12;12m▀[0m[38;2;12;12;12m[48;2;147;50;48m▀[0m[38;2;12;12;12m[48;2;147;50;48m▀[0m[38;2;147;50;48m[48;2;12;12;12m▀[0m[38;2;147;50;48m[48;2;12;12;12m▀[0m[38;2;12;12;12m[48;2;250;242;53m▀[0m[38;2;12;12;12m[48;2;250;242;53m▀[0m[38;2;12;12;12m[48;2;250;242;53m▀[0m[38;2;250;242;53m[48;2;237;193;33m▀[0m[38;2;237;193;33m[48;2;163;118;33m▀[0m[38;2;12;12;12m[48;2;12;12;12m▀[0m[38;2;250;242;53m[48;2;250;242;53m▀[0m[38;2;250;242;53m[48;2;250;242;53m▀[0m[38;2;250;242;53m[48;2;250;242;53m▀[0m[38;2;250;242;53m[48;2;163;118;33m▀[0m[38;2;250;242;53m[48;2;163;118;33m▀[0m[38;2;250;242;53m[48;2;163;118;33m▀[0m[38;2;250;242;53m[48;2;237;193;33m▀[0m[38;2;250;242;53m[48;2;250;242;53m▀[0m[38;2;237;193;33m[48;2;250;242;53m▀[0m[38;2;237;193;33m[48;2;237;193;33m▀[0m[38;2;237;193;33m[48;2;163;118;33m▀[0m[38;2;237;193;33m[48;2;237;193;33m▀[0m[38;2;237;193;33m[48;2;237;193;33m▀[0m[38;2;237;193;33m[48;2;237;193;33m▀[0m[38;2;237;193;33m[48;2;237;193;33m▀[0m[38;2;237;193;33m[48;2;237;193;33m▀[0m[38;2;163;118;33m[48;2;163;118;33m▀[0m 
[38;2;163;118;33m[48;2;163;118;33m▀[0m[38;2;250;242;53m[48;2;250;242;53m▀[0m[38;2;250;242;53m[48;2;163;118;33m▀[0m[38;2;163;118;33m[48;2;237;193;33m▀[0m[38;2;237;193;33m[48;2;237;193;33m▀[0m[38;2;237;193;33m[48;2;237;193;33m▀[0m[38;2;237;193;33m[48;2;237;193;33m▀[0m[38;2;237;193;33m[48;2;237;193;33m▀[0m[38;2;237;193;33m[48;2;237;193;33m▀[0m[38;2;12;12;12m[48;2;12;12;12m▀[0m[38;2;163;118;33m[48;2;163;118;33m▀[0m[38;2;163;118;33m[48;2;163;118;33m▀[0m[38;2;163;118;33m[48;2;163;118;33m▀[0m[38;2;163;118;33m[48;2;163;118;33m▀[0m[38;2;163;118;33m[48;2;163;118;33m▀[0m[38;2;163;118;33m[48;2;12;12;12m▀[0m[38;2;12;12;12m[48;2;28;34;37m▀[0m[38;2;237;193;33m[48;2;12;12;12m▀[0m[38;2;163;118;33m[48;2;163;118;33m▀[0m[38;2;250;242;53m[48;2;237;193;33m▀[0m[38;2;12;12;12m[48;2;250;242;53m▀[0m[38;2;12;12;12m[48;2;250;242;53m▀[0m[38;2;12;12;12m[48;2;250;242;53m▀[0m[38;2;250;242;53m[48;2;237;193;33m▀[0m[38;2;250;242;53m[48;2;237;193;33m▀[0m[38;2;163;118;33m[48;2;163;118;33m▀[0m[38;2;237;193;33m[48;2;237;193;33m▀[0m[38;2;237;193;33m[48;2;237;193;33m▀[0m[38;2;163;118;33m[48;2;12;12;12m▀[0m[38;2;12;12;12m[48;2;28;34;37m▀[0m[38;2;12;12;12m[48;2;12;12;12m▀[0m[38;2;250;242;53m[48;2;237;193;33m▀[0m[38;2;237;193;33m[48;2;237;193;33m▀[0m[38;2;237;193;33m[48;2;237;193;33m▀[0m[38;2;237;193;33m[48;2;237;193;33m▀[0m[38;2;237;193;33m[48;2;237;193;33m▀[0m[38;2;237;193;33m[48;2;237;193;33m▀[0m[38;2;237;193;33m[48;2;237;193;33m▀[0m[38;2;163;118;33m[48;2;237;193;33m▀[0m[38;2;163;118;33m[48;2;237;193;33m▀[0m[38;2;237;193;33m[48;2;163;118;33m▀[0m[38;2;237;193;33m[48;2;237;193;33m▀[0m[38;2;163;118;33m[48;2;163;118;33m▀[0m[38;2;237;193;33m[48;2;237;193;33m▀[0m[38;2;237;193;33m[48;2;237;193;33m▀[0m[38;2;237;193;33m[48;2;237;193;33m▀[0m[38;2;237;193;33m[48;2;237;193;33m▀[0m[38;2;163;118;33m[48;2;163;118;33m▀[0m 
[38;2;163;118;33m▀[38;2;250;242;53m[48;2;163;118;33m▀[0m[38;2;163;118;33m[48;2;237;193;33m▀[0m[38;2;237;193;33m[48;2;237;193;33m▀[0m[38;2;237;193;33m[48;2;237;193;33m▀[0m[38;2;237;193;33m[48;2;237;193;33m▀[0m[38;2;237;193;33m[48;2;237;193;33m▀[0m[38;2;237;193;33m[48;2;237;193;33m▀[0m[38;2;237;193;33m[48;2;12;12;12m▀[0m[38;2;12;12;12m[48;2;163;118;33m▀[0m[38;2;163;118;33m[48;2;163;118;33m▀[0m[38;2;163;118;33m[48;2;163;118;33m▀[0m[38;2;163;118;33m[48;2;163;118;33m▀[0m[38;2;163;118;33m[48;2;12;12;12m▀[0m[38;2;12;12;12m[48;2;28;34;37m▀[0m[38;2;28;34;37m[48;2;28;34;37m▀[0m[38;2;28;34;37m[48;2;28;34;37m▀[0m[38;2;12;12;12m[48;2;12;12;12m▀[0m[38;2;163;118;33m[48;2;237;193;33m▀[0m[38;2;237;193;33m[48;2;163;118;33m▀[0m[38;2;237;193;33m[48;2;237;193;33m▀[0m[38;2;237;193;33m[48;2;237;193;33m▀[0m[38;2;237;193;33m[48;2;237;193;33m▀[0m[38;2;237;193;33m[48;2;163;118;33m▀[0m[38;2;237;193;33m[48;2;163;118;33m▀[0m[38;2;163;118;33m[48;2;250;242;53m▀[0m[38;2;237;193;33m[48;2;163;118;33m▀[0m[38;2;237;193;33m[48;2;237;193;33m▀[0m[38;2;12;12;12m[48;2;237;193;33m▀[0m[38;2;28;34;37m[48;2;12;12;12m▀[0m[38;2;28;34;37m[48;2;28;34;37m▀[0m[38;2;12;12;12m[48;2;12;12;12m▀[0m[38;2;237;193;33m[48;2;237;193;33m▀[0m[38;2;237;193;33m[48;2;237;193;33m▀[0m[38;2;237;193;33m[48;2;237;193;33m▀[0m[38;2;237;193;33m[48;2;237;193;33m▀[0m[38;2;237;193;33m[48;2;237;193;33m▀[0m[38;2;237;193;33m[48;2;237;193;33m▀[0m[38;2;237;193;33m[48;2;237;193;33m▀[0m[38;2;237;193;33m[48;2;163;118;33m▀[0m[38;2;237;193;33m[48;2;163;118;33m▀[0m[38;2;163;118;33m[48;2;163;118;33m▀[0m[38;2;237;193;33m[48;2;237;193;33m▀[0m[38;2;163;118;33m[48;2;163;118;33m▀[0m[38;2;237;193;33m[48;2;237;193;33m▀[0m[38;2;237;193;33m[48;2;237;193;33m▀[0m[38;2;163;118;33m[48;2;163;118;33m▀[0m  
 [38;2;163;118;33m▀[38;2;237;193;33m[48;2;163;118;33m▀[0m[38;2;237;193;33m[48;2;237;193;33m▀[0m[38;2;237;193;33m[48;2;237;193;33m▀[0m[38;2;237;193;33m[48;2;237;193;33m▀[0m[38;2;237;193;33m[48;2;237;193;33m▀[0m[38;2;237;193;33m[48;2;12;12;12m▀[0m[38;2;12;12;12m[48;2;163;118;33m▀[0m[38;2;163;118;33m[48;2;163;118;33m▀[0m[38;2;163;118;33m[48;2;163;118;33m▀[0m[38;2;163;118;33m[48;2;28;34;37m▀[0m[38;2;28;34;37m[48;2;54;52;52m▀[0m[38;2;54;52;52m[48;2;28;34;37m▀[0m[38;2;28;34;37m[48;2;28;34;37m▀[0m[38;2;28;34;37m[48;2;12;12;12m▀[0m[38;2;12;12;12m[48;2;12;12;12m▀[0m[38;2;237;193;33m[48;2;237;193;33m▀[0m[38;2;237;193;33m[48;2;237;193;33m▀[0m[38;2;237;193;33m[48;2;237;193;33m▀[0m[38;2;163;118;33m[48;2;237;193;33m▀[0m[38;2;163;118;33m[48;2;250;242;53m▀[0m[38;2;163;118;33m[48;2;250;242;53m▀[0m[38;2;250;242;53m[48;2;250;242;53m▀[0m[38;2;250;242;53m[48;2;250;242;53m▀[0m[38;2;250;242;53m[48;2;250;242;53m▀[0m[38;2;250;242;53m[48;2;237;193;33m▀[0m[38;2;163;118;33m[48;2;226;60;27m▀[0m[38;2;237;193;33m[48;2;163;118;33m▀[0m[38;2;237;193;33m[48;2;237;193;33m▀[0m[38;2;12;12;12m[48;2;226;60;27m▀[0m[38;2;28;34;37m[48;2;12;12;12m▀[0m[38;2;12;12;12m[48;2;28;34;37m▀[0m[38;2;237;193;33m[48;2;12;12;12m▀[0m[38;2;237;193;33m[48;2;12;12;12m▀[0m[38;2;237;193;33m[48;2;237;193;33m▀[0m[38;2;237;193;33m[48;2;163;118;33m▀[0m[38;2;163;118;33m[48;2;250;242;53m▀[0m[38;2;163;118;33m[48;2;250;242;53m▀[0m[38;2;250;242;53m[48;2;250;242;53m▀[0m[38;2;250;242;53m[48;2;250;242;53m▀[0m[38;2;250;242;53m[48;2;250;242;53m▀[0m[38;2;250;242;53m[48;2;250;242;53m▀[0m[38;2;250;242;53m[48;2;250;242;53m▀[0m[38;2;237;193;33m[48;2;250;242;53m▀[0m[38;2;163;118;33m[48;2;237;193;33m▀[0m   
 [38;2;163;118;33m▄[38;2;163;118;33m[48;2;237;193;33m▀[0m[38;2;163;118;33m[48;2;237;193;33m▀[0m[38;2;237;193;33m[48;2;163;118;33m▀[0m[38;2;237;193;33m[48;2;12;12;12m▀[0m[38;2;12;12;12m[48;2;163;118;33m▀[0m[38;2;163;118;33m[48;2;28;34;37m▀[0m[38;2;163;118;33m[48;2;28;34;37m▀[0m[38;2;28;34;37m[48;2;54;52;52m▀[0m[38;2;28;34;37m[48;2;54;52;52m▀[0m[38;2;54;52;52m[48;2;28;34;37m▀[0m[38;2;28;34;37m[48;2;28;34;37m▀[0m[38;2;28;34;37m[48;2;12;12;12m▀[0m[38;2;12;12;12m[48;2;163;118;33m▀[0m[38;2;163;118;33m[48;2;12;12;12m▀[0m[38;2;12;12;12m[48;2;12;12;12m▀[0m[38;2;226;60;27m[48;2;226;60;27m▀[0m[38;2;237;193;33m[48;2;237;193;33m▀[0m[38;2;237;193;33m[48;2;237;193;33m▀[0m[38;2;237;193;33m[48;2;237;193;33m▀[0m[38;2;250;242;53m[48;2;250;242;53m▀[0m[38;2;250;242;53m[48;2;250;242;53m▀[0m[38;2;250;242;53m[48;2;250;242;53m▀[0m[38;2;250;242;53m[48;2;237;193;33m▀[0m[38;2;237;193;33m[48;2;226;60;27m▀[0m[38;2;226;60;27m[48;2;226;60;27m▀[0m[38;2;226;60;27m[48;2;226;60;27m▀[0m[38;2;226;60;27m[48;2;250;242;53m▀[0m[38;2;163;118;33m[48;2;250;242;53m▀[0m[38;2;226;60;27m[48;2;226;60;27m▀[0m[38;2;12;12;12m[48;2;12;12;12m▀[0m[38;2;12;12;12m▀[38;2;28;34;37m[48;2;12;12;12m▀[0m[38;2;28;34;37m[48;2;28;34;37m▀[0m[38;2;12;12;12m[48;2;28;34;37m▀[0m[38;2;12;12;12m[48;2;28;34;37m▀[0m[38;2;250;242;53m[48;2;12;12;12m▀[0m[38;2;250;242;53m[48;2;250;242;53m▀[0m[38;2;250;242;53m[48;2;250;242;53m▀[0m[38;2;250;242;53m[48;2;250;242;53m▀[0m[38;2;250;242;53m[48;2;237;193;33m▀[0m[38;2;250;242;53m[48;2;237;193;33m▀[0m[38;2;250;242;53m[48;2;237;193;33m▀[0m[38;2;250;242;53m[48;2;237;193;33m▀[0m[38;2;250;242;53m[48;2;250;242;53m▀[0m[38;2;237;193;33m[48;2;237;193;33m▀[0m  
 [38;2;163;118;33m[48;2;12;12;12m▀[0m[38;2;237;193;33m[48;2;237;193;33m▀[0m[38;2;237;193;33m[48;2;237;193;33m▀[0m[38;2;237;193;33m[48;2;12;12;12m▀[0m[38;2;12;12;12m[48;2;54;52;52m▀[0m[38;2;28;34;37m[48;2;54;52;52m▀[0m[38;2;54;52;52m[48;2;54;52;52m▀[0m[38;2;54;52;52m[48;2;54;52;52m▀[0m[38;2;54;52;52m[48;2;28;34;37m▀[0m[38;2;28;34;37m[48;2;28;34;37m▀[0m[38;2;28;34;37m[48;2;28;34;37m▀[0m[38;2;28;34;37m[48;2;12;12;12m▀[0m[38;2;12;12;12m▀[38;2;12;12;12m▀ [38;2;12;12;12m▀[38;2;237;193;33m[48;2;12;12;12m▀[0m[38;2;226;60;27m[48;2;226;60;27m▀[0m[38;2;226;60;27m[48;2;226;60;27m▀[0m[38;2;237;193;33m[48;2;226;60;27m▀[0m[38;2;237;193;33m[48;2;226;60;27m▀[0m[38;2;237;193;33m[48;2;226;60;27m▀[0m[38;2;226;60;27m[48;2;226;60;27m▀[0m[38;2;226;60;27m[48;2;226;60;27m▀[0m[38;2;226;60;27m[48;2;226;60;27m▀[0m[38;2;250;242;53m[48;2;250;242;53m▀[0m[38;2;250;242;53m[48;2;250;242;53m▀[0m[38;2;250;242;53m[48;2;250;242;53m▀[0m[38;2;250;242;53m[48;2;237;193;33m▀[0m[38;2;237;193;33m[48;2;12;12;12m▀[0m[38;2;12;12;12m▀  [38;2;12;12;12m▀[38;2;28;34;37m[48;2;12;12;12m▀[0m[38;2;28;34;37m[48;2;28;34;37m▀[0m[38;2;12;12;12m[48;2;28;34;37m▀[0m[38;2;250;242;53m[48;2;12;12;12m▀[0m[38;2;237;193;33m[48;2;12;12;12m▀[0m[38;2;12;12;12m[48;2;28;34;37m▀[0m[38;2;12;12;12m[48;2;28;34;37m▀[0m[38;2;12;12;12m[48;2;12;12;12m▀[0m[38;2;163;118;33m[48;2;12;12;12m▀[0m[38;2;163;118;33m[48;2;163;118;33m▀[0m[38;2;237;193;33m[48;2;163;118;33m▀[0m[38;2;12;12;12m[48;2;12;12;12m▀[0m  
 [38;2;12;12;12m▀[38;2;237;193;33m[48;2;12;12;12m▀[0m[38;2;12;12;12m[48;2;12;12;12m▀[0m[38;2;54;52;52m[48;2;84;40;41m▀[0m[38;2;54;52;52m[48;2;54;52;52m▀[0m[38;2;54;52;52m[48;2;54;52;52m▀[0m[38;2;54;52;52m[48;2;54;52;52m▀[0m[38;2;28;34;37m[48;2;28;34;37m▀[0m[38;2;28;34;37m[48;2;28;34;37m▀[0m[38;2;28;34;37m[48;2;28;34;37m▀[0m[38;2;28;34;37m[48;2;12;12;12m▀[0m[38;2;12;12;12m▀    [38;2;12;12;12m▀[38;2;237;193;33m[48;2;12;12;12m▀[0m[38;2;237;193;33m[48;2;237;193;33m▀[0m[38;2;226;60;27m[48;2;237;193;33m▀[0m[38;2;226;60;27m[48;2;226;60;27m▀[0m[38;2;226;60;27m[48;2;237;193;33m▀[0m[38;2;237;193;33m[48;2;250;242;53m▀[0m[38;2;250;242;53m[48;2;250;242;53m▀[0m[38;2;250;242;53m[48;2;250;242;53m▀[0m[38;2;250;242;53m[48;2;237;193;33m▀[0m[38;2;250;242;53m[48;2;226;60;27m▀[0m[38;2;237;193;33m[48;2;237;193;33m▀[0m[38;2;237;193;33m[48;2;12;12;12m▀[0m[38;2;12;12;12m▀    [38;2;12;12;12m[48;2;12;12;12m▀[0m[38;2;28;34;37m[48;2;28;34;37m▀[0m[38;2;28;34;37m[48;2;84;40;41m▀[0m[38;2;84;40;41m[48;2;84;40;41m▀[0m[38;2;84;40;41m[48;2;84;40;41m▀[0m[38;2;84;40;41m[48;2;84;40;41m▀[0m[38;2;84;40;41m[48;2;84;40;41m▀[0m[38;2;84;40;41m[48;2;84;40;41m▀[0m[38;2;12;12;12m[48;2;84;40;41m▀[0m[38;2;163;118;33m[48;2;12;12;12m▀[0m[38;2;12;12;12m▀   
   [38;2;12;12;12m[48;2;12;12;12m▀[0m[38;2;147;50;48m[48;2;147;50;48m▀[0m[38;2;147;50;48m[48;2;147;50;48m▀[0m[38;2;84;40;41m[48;2;147;50;48m▀[0m[38;2;28;34;37m[48;2;84;40;41m▀[0m[38;2;28;34;37m[48;2;84;40;41m▀[0m[38;2;28;34;37m[48;2;84;40;41m▀[0m[38;2;28;34;37m[48;2;84;40;41m▀[0m[38;2;12;12;12m[48;2;12;12;12m▀[0m  [38;2;163;118;33m▄[38;2;163;118;33m▄[38;2;163;118;33m[48;2;237;193;33m▀[0m[38;2;163;118;33m[48;2;12;12;12m▀[0m[38;2;12;12;12m[48;2;226;60;27m▀[0m[38;2;163;118;33m[48;2;163;118;33m▀[0m[38;2;237;193;33m[48;2;163;118;33m▀[0m[38;2;237;193;33m[48;2;237;193;33m▀[0m[38;2;250;242;53m[48;2;237;193;33m▀[0m[38;2;250;242;53m[48;2;163;118;33m▀[0m[38;2;237;193;33m[48;2;163;118;33m▀[0m[38;2;226;60;27m[48;2;226;60;27m▀[0m[38;2;226;60;27m[48;2;237;193;33m▀[0m[38;2;237;193;33m[48;2;163;118;33m▀[0m[38;2;12;12;12m[48;2;250;242;53m▀[0m[38;2;163;118;33m▄[38;2;163;118;33m▄    [38;2;12;12;12m▀[38;2;28;34;37m[48;2;12;12;12m▀[0m[38;2;84;40;41m[48;2;84;40;41m▀[0m[38;2;84;40;41m[48;2;84;40;41m▀[0m[38;2;84;40;41m[48;2;147;50;48m▀[0m[38;2;147;50;48m[48;2;147;50;48m▀[0m[38;2;147;50;48m[48;2;147;50;48m▀[0m[38;2;147;50;48m[48;2;147;50;48m▀[0m[38;2;84;40;41m[48;2;147;50;48m▀[0m[38;2;84;40;41m[48;2;147;50;48m▀[0m[38;2;12;12;12m[48;2;84;40;41m▀[0m[38;2;12;12;12m▄  
  [38;2;12;12;12m[48;2;12;12;12m▀[0m[38;2;147;50;48m[48;2;147;50;48m▀[0m[38;2;147;50;48m[48;2;84;40;41m▀[0m[38;2;147;50;48m[48;2;84;40;41m▀[0m[38;2;147;50;48m[48;2;84;40;41m▀[0m[38;2;84;40;41m[48;2;84;40;41m▀[0m[38;2;84;40;41m[48;2;84;40;41m▀[0m[38;2;84;40;41m[48;2;84;40;41m▀[0m[38;2;84;40;41m[48;2;12;12;12m▀[0m[38;2;12;12;12m▀ [38;2;163;118;33m[48;2;163;118;33m▀[0m[38;2;237;193;33m[48;2;237;193;33m▀[0m[38;2;237;193;33m[48;2;237;193;33m▀[0m[38;2;163;118;33m[48;2;12;12;12m▀[0m[38;2;12;12;12m[48;2;237;193;33m▀[0m[38;2;226;60;27m[48;2;226;60;27m▀[0m[38;2;163;118;33m[48;2;163;118;33m▀[0m[38;2;237;193;33m[48;2;237;193;33m▀[0m[38;2;237;193;33m[48;2;237;193;33m▀[0m[38;2;250;242;53m[48;2;250;242;53m▀[0m[38;2;250;242;53m[48;2;250;242;53m▀[0m[38;2;163;118;33m[48;2;163;118;33m▀[0m[38;2;226;60;27m[48;2;226;60;27m▀[0m[38;2;163;118;33m[48;2;250;242;53m▀[0m[38;2;250;242;53m[48;2;163;118;33m▀[0m[38;2;250;242;53m[48;2;250;242;53m▀[0m[38;2;250;242;53m[48;2;237;193;33m▀[0m[38;2;237;193;33m[48;2;237;193;33m▀[0m[38;2;12;12;12m[48;2;12;12;12m▀[0m    [38;2;12;12;12m▀[38;2;84;40;41m[48;2;12;12;12m▀[0m[38;2;84;40;41m[48;2;147;50;48m▀[0m[38;2;147;50;48m[48;2;147;50;48m▀[0m[38;2;147;50;48m[48;2;84;40;41m▀[0m[38;2;147;50;48m[48;2;84;40;41m▀[0m[38;2;147;50;48m[48;2;147;50;48m▀[0m[38;2;147;50;48m[48;2;147;50;48m▀[0m[38;2;147;50;48m[48;2;147;50;48m▀[0m[38;2;147;50;48m[48;2;147;50;48m▀[0m[38;2;12;12;12m[48;2;147;50;48m▀[0m[38;2;12;12;12m▄ 
  [38;2;84;40;41m[48;2;84;40;41m▀[0m[38;2;147;50;48m[48;2;226;60;27m▀[0m[38;2;226;60;27m[48;2;226;60;27m▀[0m[38;2;226;60;27m[48;2;226;60;27m▀[0m[38;2;84;40;41m[48;2;84;40;41m▀[0m[38;2;84;40;41m[48;2;84;40;41m▀[0m[38;2;84;40;41m[48;2;84;40;41m▀[0m[38;2;84;40;41m[48;2;84;40;41m▀[0m[38;2;12;12;12m[48;2;12;12;12m▀[0m [38;2;163;118;33m▄[38;2;163;118;33m[48;2;237;193;33m▀[0m[38;2;237;193;33m[48;2;237;193;33m▀[0m[38;2;12;12;12m[48;2;12;12;12m▀[0m[38;2;163;118;33m[48;2;28;34;37m▀[0m[38;2;237;193;33m[48;2;237;193;33m▀[0m[38;2;163;118;33m[48;2;163;118;33m▀[0m[38;2;237;193;33m[48;2;237;193;33m▀[0m[38;2;237;193;33m[48;2;237;193;33m▀[0m[38;2;237;193;33m[48;2;250;242;53m▀[0m[38;2;250;242;53m[48;2;250;242;53m▀[0m[38;2;250;242;53m[48;2;250;242;53m▀[0m[38;2;250;242;53m[48;2;250;242;53m▀[0m[38;2;163;118;33m[48;2;163;118;33m▀[0m[38;2;250;242;53m[48;2;250;242;53m▀[0m[38;2;250;242;53m[48;2;163;118;33m▀[0m[38;2;163;118;33m[48;2;12;12;12m▀[0m[38;2;237;193;33m[48;2;237;193;33m▀[0m[38;2;237;193;33m[48;2;237;193;33m▀[0m[38;2;12;12;12m[48;2;237;193;33m▀[0m[38;2;163;118;33m▄    [38;2;12;12;12m▀[38;2;147;50;48m[48;2;84;40;41m▀[0m[38;2;84;40;41m[48;2;226;60;27m▀[0m[38;2;226;60;27m[48;2;226;60;27m▀[0m[38;2;226;60;27m[48;2;226;60;27m▀[0m[38;2;84;40;41m[48;2;226;60;27m▀[0m[38;2;147;50;48m[48;2;84;40;41m▀[0m[38;2;147;50;48m[48;2;84;40;41m▀[0m[38;2;147;50;48m[48;2;147;50;48m▀[0m[38;2;147;50;48m[48;2;147;50;48m▀[0m[38;2;12;12;12m[48;2;147;50;48m▀[0m[38;2;12;12;12m▄
  [38;2;84;40;41m[48;2;147;50;48m▀[0m[38;2;226;60;27m[48;2;84;40;41m▀[0m[38;2;226;60;27m[48;2;226;60;27m▀[0m[38;2;226;60;27m[48;2;226;60;27m▀[0m[38;2;84;40;41m[48;2;84;40;41m▀[0m[38;2;147;50;48m[48;2;147;50;48m▀[0m[38;2;147;50;48m[48;2;147;50;48m▀[0m[38;2;147;50;48m[48;2;147;50;48m▀[0m[38;2;12;12;12m[48;2;12;12;12m▀[0m[38;2;12;12;12m[48;2;12;12;12m▀[0m[38;2;237;193;33m[48;2;12;12;12m▀[0m[38;2;237;193;33m[48;2;12;12;12m▀[0m[38;2;12;12;12m[48;2;12;12;12m▀[0m[38;2;28;34;37m[48;2;28;34;37m▀[0m[38;2;28;34;37m[48;2;163;118;33m▀[0m[38;2;163;118;33m[48;2;237;193;33m▀[0m[38;2;237;193;33m[48;2;237;193;33m▀[0m[38;2;237;193;33m[48;2;237;193;33m▀[0m[38;2;237;193;33m[48;2;237;193;33m▀[0m[38;2;250;242;53m[48;2;250;242;53m▀[0m[38;2;250;242;53m[48;2;250;242;53m▀[0m[38;2;250;242;53m[48;2;250;242;53m▀[0m[38;2;250;242;53m[48;2;250;242;53m▀[0m[38;2;250;242;53m[48;2;250;242;53m▀[0m[38;2;163;118;33m[48;2;250;242;53m▀[0m[38;2;28;34;37m[48;2;163;118;33m▀[0m[38;2;28;34;37m[48;2;28;34;37m▀[0m[38;2;12;12;12m[48;2;28;34;37m▀[0m[38;2;237;193;33m[48;2;12;12;12m▀[0m[38;2;250;242;53m[48;2;12;12;12m▀[0m[38;2;250;242;53m[48;2;250;242;53m▀[0m[38;2;163;118;33m[48;2;250;242;53m▀[0m[38;2;163;118;33m▄   [38;2;12;12;12m[48;2;12;12;12m▀[0m[38;2;226;60;27m[48;2;226;60;27m▀[0m[38;2;226;60;27m[48;2;226;60;27m▀[0m[38;2;226;60;27m[48;2;147;50;48m▀[0m[38;2;226;60;27m[48;2;226;60;27m▀[0m[38;2;226;60;27m[48;2;226;60;27m▀[0m[38;2;226;60;27m[48;2;226;60;27m▀[0m[38;2;84;40;41m[48;2;226;60;27m▀[0m[38;2;84;40;41m[48;2;226;60;27m▀[0m[38;2;147;50;48m[48;2;84;40;41m▀[0m[38;2;12;12;12m[48;2;12;12;12m▀[0m
  [38;2;147;50;48m[48;2;147;50;48m▀[0m[38;2;84;40;41m[48;2;226;60;27m▀[0m[38;2;226;60;27m[48;2;84;40;41m▀[0m[38;2;147;50;48m[48;2;84;40;41m▀[0m[38;2;84;40;41m[48;2;147;50;48m▀[0m[38;2;147;50;48m[48;2;147;50;48m▀[0m[38;2;147;50;48m[48;2;147;50;48m▀[0m[38;2;147;50;48m[48;2;12;12;12m▀[0m[38;2;12;12;12m▀   [38;2;12;12;12m[48;2;12;12;12m▀[0m[38;2;28;34;37m[48;2;28;34;37m▀[0m[38;2;237;193;33m[48;2;237;193;33m▀[0m[38;2;237;193;33m[48;2;237;193;33m▀[0m[38;2;237;193;33m[48;2;237;193;33m▀[0m[38;2;237;193;33m[48;2;237;193;33m▀[0m[38;2;237;193;33m[48;2;163;118;33m▀[0m[38;2;237;193;33m[48;2;12;12;12m▀[0m[38;2;250;242;53m[48;2;237;193;33m▀[0m[38;2;250;242;53m[48;2;250;242;53m▀[0m[38;2;250;242;53m[48;2;250;242;53m▀[0m[38;2;250;242;53m[48;2;250;242;53m▀[0m[38;2;250;242;53m[48;2;163;118;33m▀[0m[38;2;163;118;33m[48;2;28;34;37m▀[0m[38;2;28;34;37m[48;2;28;34;37m▀[0m[38;2;28;34;37m[48;2;28;34;37m▀[0m[38;2;12;12;12m[48;2;12;12;12m▀[0m [38;2;12;12;12m▀[38;2;12;12;12m▀[38;2;12;12;12m▀   [38;2;12;12;12m▀[38;2;147;50;48m[48;2;12;12;12m▀[0m[38;2;226;60;27m[48;2;12;12;12m▀[0m[38;2;12;12;12m[48;2;147;50;48m▀[0m[38;2;226;60;27m[48;2;147;50;48m▀[0m[38;2;226;60;27m[48;2;147;50;48m▀[0m[38;2;226;60;27m[48;2;147;50;48m▀[0m[38;2;226;60;27m[48;2;226;60;27m▀[0m[38;2;226;60;27m[48;2;226;60;27m▀[0m[38;2;226;60;27m[48;2;226;60;27m▀[0m[38;2;12;12;12m[48;2;12;12;12m▀[0m
  [38;2;147;50;48m▀[38;2;226;60;27m[48;2;147;50;48m▀[0m[38;2;226;60;27m[48;2;84;40;41m▀[0m[38;2;147;50;48m[48;2;84;40;41m▀[0m[38;2;147;50;48m[48;2;84;40;41m▀[0m[38;2;84;40;41m▀[38;2;84;40;41m▀    [38;2;12;12;12m[48;2;12;12;12m▀[0m[38;2;28;34;37m[48;2;28;34;37m▀[0m[38;2;28;34;37m[48;2;28;34;37m▀[0m[38;2;12;12;12m[48;2;28;34;37m▀[0m[38;2;237;193;33m[48;2;12;12;12m▀[0m[38;2;237;193;33m[48;2;12;12;12m▀[0m[38;2;163;118;33m[48;2;12;12;12m▀[0m  [38;2;12;12;12m▀[38;2;237;193;33m[48;2;12;12;12m▀[0m[38;2;250;242;53m[48;2;12;12;12m▀[0m[38;2;250;242;53m[48;2;12;12;12m▀[0m[38;2;163;118;33m[48;2;28;34;37m▀[0m[38;2;28;34;37m[48;2;28;34;37m▀[0m[38;2;28;34;37m[48;2;28;34;37m▀[0m[38;2;28;34;37m[48;2;28;34;37m▀[0m[38;2;12;12;12m[48;2;12;12;12m▀[0m          [38;2;12;12;12m▀[38;2;147;50;48m[48;2;12;12;12m▀[0m[38;2;147;50;48m[48;2;12;12;12m▀[0m[38;2;147;50;48m[48;2;147;50;48m▀[0m[38;2;147;50;48m[48;2;147;50;48m▀[0m[38;2;147;50;48m[48;2;147;50;48m▀[0m[38;2;226;60;27m[48;2;147;50;48m▀[0m[38;2;12;12;12m[48;2;12;12;12m▀[0m
            [38;2;84;40;41m[48;2;84;40;41m▀[0m[38;2;28;34;37m[48;2;147;50;48m▀[0m[38;2;147;50;48m[48;2;147;50;48m▀[0m[38;2;84;40;41m[48;2;147;50;48m▀[0m[38;2;28;34;37m[48;2;84;40;41m▀[0m[38;2;28;34;37m[48;2;28;34;37m▀[0m[38;2;28;34;37m[48;2;12;12;12m▀[0m[38;2;12;12;12m▀     [38;2;12;12;12m[48;2;12;12;12m▀[0m[38;2;28;34;37m[48;2;28;34;37m▀[0m[38;2;28;34;37m[48;2;84;40;41m▀[0m[38;2;84;40;41m[48;2;147;50;48m▀[0m[38;2;28;34;37m[48;2;147;50;48m▀[0m[38;2;28;34;37m[48;2;84;40;41m▀[0m[38;2;12;12;12m[48;2;12;12;12m▀[0m            [38;2;12;12;12m▀[38;2;12;12;12m▀[38;2;12;12;12m▀[38;2;12;12;12m▀ 
            [38;2;84;40;41m[48;2;84;40;41m▀[0m[38;2;147;50;48m[48;2;147;50;48m▀[0m[38;2;147;50;48m[48;2;147;50;48m▀[0m[38;2;147;50;48m[48;2;147;50;48m▀[0m[38;2;147;50;48m[48;2;147;50;48m▀[0m[38;2;84;40;41m[48;2;147;50;48m▀[0m[38;2;12;12;12m[48;2;12;12;12m▀[0m      [38;2;12;12;12m▀[38;2;84;40;41m[48;2;12;12;12m▀[0m[38;2;147;50;48m[48;2;147;50;48m▀[0m[38;2;147;50;48m[48;2;147;50;48m▀[0m[38;2;147;50;48m[48;2;147;50;48m▀[0m[38;2;147;50;48m[48;2;147;50;48m▀[0m[38;2;147;50;48m[48;2;147;50;48m▀[0m[38;2;12;12;12m[48;2;12;12;12m▀[0m                
            [38;2;84;40;41m[48;2;84;40;41m▀[0m[38;2;147;50;48m[48;2;226;60;27m▀[0m[38;2;147;50;48m[48;2;147;50;48m▀[0m[38;2;147;50;48m[48;2;147;50;48m▀[0m[38;2;147;50;48m[48;2;147;50;48m▀[0m[38;2;147;50;48m[48;2;84;40;41m▀[0m[38;2;12;12;12m▀       [38;2;12;12;12m[48;2;12;12;12m▀[0m[38;2;147;50;48m[48;2;147;50;48m▀[0m[38;2;147;50;48m[48;2;147;50;48m▀[0m[38;2;147;50;48m[48;2;226;60;27m▀[0m[38;2;147;50;48m[48;2;147;50;48m▀[0m[38;2;147;50;48m[48;2;147;50;48m▀[0m[38;2;147;50;48m[48;2;147;50;48m▀[0m[38;2;12;12;12m[48;2;147;50;48m▀[0m[38;2;12;12;12m▄              
           [38;2;147;50;48m[48;2;147;50;48m▀[0m[38;2;226;60;27m[48;2;226;60;27m▀[0m[38;2;226;60;27m[48;2;226;60;27m▀[0m[38;2;226;60;27m[48;2;226;60;27m▀[0m[38;2;147;50;48m[48;2;226;60;27m▀[0m[38;2;147;50;48m[48;2;147;50;48m▀[0m[38;2;12;12;12m[48;2;12;12;12m▀[0m         [38;2;84;40;41m[48;2;84;40;41m▀[0m[38;2;226;60;27m[48;2;226;60;27m▀[0m[38;2;226;60;27m[48;2;226;60;27m▀[0m[38;2;226;60;27m[48;2;226;60;27m▀[0m[38;2;226;60;27m[48;2;226;60;27m▀[0m[38;2;147;50;48m[48;2;226;60;27m▀[0m[38;2;147;50;48m[48;2;226;60;27m▀[0m[38;2;12;12;12m[48;2;147;50;48m▀[0m[38;2;12;12;12m▄             
           [38;2;147;50;48m[48;2;147;50;48m▀[0m[38;2;226;60;27m[48;2;226;60;27m▀[0m[38;2;226;60;27m[48;2;226;60;27m▀[0m[38;2;226;60;27m[48;2;226;60;27m▀[0m[38;2;226;60;27m[48;2;226;60;27m▀[0m[38;2;226;60;27m[48;2;226;60;27m▀[0m[38;2;12;12;12m[48;2;12;12;12m▀[0m          [38;2;84;40;41m[48;2;84;40;41m▀[0m[38;2;226;60;27m[48;2;226;60;27m▀[0m[38;2;226;60;27m[48;2;226;60;27m▀[0m[38;2;226;60;27m[48;2;226;60;27m▀[0m[38;2;226;60;27m[48;2;226;60;27m▀[0m[38;2;226;60;27m[48;2;226;60;27m▀[0m[38;2;226;60;27m[48;2;226;60;27m▀[0m[38;2;226;60;27m[48;2;226;60;27m▀[0m[38;2;12;12;12m[48;2;226;60;27m▀[0m[38;2;12;12;12m▄           
          [38;2;147;50;48m[48;2;147;50;48m▀[0m[38;2;226;60;27m[48;2;226;60;27m▀[0m[38;2;226;60;27m[48;2;226;60;27m▀[0m[38;2;226;60;27m[48;2;226;60;27m▀[0m[38;2;226;60;27m[48;2;226;60;27m▀[0m[38;2;226;60;27m[48;2;226;60;27m▀[0m[38;2;226;60;27m[48;2;226;60;27m▀[0m[38;2;226;60;27m[48;2;226;60;27m▀[0m[38;2;12;12;12m[48;2;12;12;12m▀[0m          [38;2;147;50;48m[48;2;147;50;48m▀[0m[38;2;226;60;27m[48;2;226;60;27m▀[0m[38;2;226;60;27m[48;2;226;60;27m▀[0m[38;2;226;60;27m[48;2;226;60;27m▀[0m[38;2;226;60;27m[48;2;226;60;27m▀[0m[38;2;226;60;27m[48;2;226;60;27m▀[0m[38;2;226;60;27m[48;2;226;60;27m▀[0m[38;2;226;60;27m[48;2;226;60;27m▀[0m[38;2;84;40;41m[48;2;226;60;27m▀[0m[38;2;12;12;12m▄          
          [38;2;147;50;48m[48;2;147;50;48m▀[0m[38;2;226;60;27m[48;2;226;60;27m▀[0m[38;2;226;60;27m[48;2;226;60;27m▀[0m[38;2;226;60;27m[48;2;226;60;27m▀[0m[38;2;226;60;27m[48;2;226;60;27m▀[0m[38;2;226;60;27m[48;2;226;60;27m▀[0m[38;2;226;60;27m[48;2;226;60;27m▀[0m[38;2;226;60;27m[48;2;226;60;27m▀[0m[38;2;12;12;12m[48;2;12;12;12m▀[0m           [38;2;147;50;48m[48;2;147;50;48m▀[0m[38;2;226;60;27m[48;2;226;60;27m▀[0m[38;2;226;60;27m[48;2;226;60;27m▀[0m[38;2;226;60;27m[48;2;226;60;27m▀[0m[38;2;226;60;27m[48;2;226;60;27m▀[0m[38;2;226;60;27m[48;2;226;60;27m▀[0m[38;2;226;60;27m[48;2;226;60;27m▀[0m[38;2;226;60;27m[48;2;226;60;27m▀[0m[38;2;84;40;41m[48;2;226;60;27m▀[0m[38;2;12;12;12m▄         
         [38;2;147;50;48m[48;2;147;50;48m▀[0m[38;2;226;60;27m[48;2;226;60;27m▀[0m[38;2;226;60;27m[48;2;226;60;27m▀[0m[38;2;226;60;27m[48;2;226;60;27m▀[0m[38;2;226;60;27m[48;2;226;60;27m▀[0m[38;2;226;60;27m[48;2;226;60;27m▀[0m[38;2;226;60;27m[48;2;226;60;27m▀[0m[38;2;226;60;27m[48;2;226;60;27m▀[0m[38;2;226;60;27m[48;2;226;60;27m▀[0m[38;2;12;12;12m[48;2;12;12;12m▀[0m           [38;2;147;50;48m▀[38;2;226;60;27m[48;2;147;50;48m▀[0m[38;2;226;60;27m[48;2;226;60;27m▀[0m[38;2;226;60;27m[48;2;226;60;27m▀[0m[38;2;226;60;27m[48;2;226;60;27m▀[0m[38;2;226;60;27m[48;2;226;60;27m▀[0m[38;2;226;60;27m[48;2;226;60;27m▀[0m[38;2;226;60;27m[48;2;226;60;27m▀[0m[38;2;226;60;27m[48;2;226;60;27m▀[0m[38;2;84;40;41m[48;2;226;60;27m▀[0m[38;2;12;12;12m▄        
         [38;2;147;50;48m[48;2;147;50;48m▀[0m[38;2;226;60;27m[48;2;226;60;27m▀[0m[38;2;226;60;27m[48;2;226;60;27m▀[0m[38;2;226;60;27m[48;2;226;60;27m▀[0m[38;2;226;60;27m[48;2;226;60;27m▀[0m[38;2;226;60;27m[48;2;226;60;27m▀[0m[38;2;226;60;27m[48;2;226;60;27m▀[0m[38;2;226;60;27m[48;2;226;60;27m▀[0m[38;2;226;60;27m[48;2;226;60;27m▀[0m[38;2;12;12;12m[48;2;12;12;12m▀[0m            [38;2;147;50;48m[48;2;147;50;48m▀[0m[38;2;226;60;27m[48;2;226;60;27m▀[0m[38;2;226;60;27m[48;2;226;60;27m▀[0m[38;2;226;60;27m[48;2;226;60;27m▀[0m[38;2;226;60;27m[48;2;226;60;27m▀[0m[38;2;226;60;27m[48;2;226;60;27m▀[0m[38;2;226;60;27m[48;2;226;60;27m▀[0m[38;2;226;60;27m[48;2;226;60;27m▀[0m[38;2;226;60;27m[48;2;226;60;27m▀[0m[38;2;12;12;12m[48;2;84;40;41m▀[0m        
        [38;2;147;50;48m[48;2;147;50;48m▀[0m[38;2;226;60;27m[48;2;226;60;27m▀[0m[38;2;226;60;27m[48;2;226;60;27m▀[0m[38;2;226;60;27m[48;2;226;60;27m▀[0m[38;2;226;60;27m[48;2;226;60;27m▀[0m[38;2;226;60;27m[48;2;226;60;27m▀[0m[38;2;226;60;27m[48;2;226;60;27m▀[0m[38;2;226;60;27m[48;2;226;60;27m▀[0m[38;2;226;60;27m[48;2;226;60;27m▀[0m[38;2;226;60;27m[48;2;226;60;27m▀[0m[38;2;12;12;12m[48;2;12;12;12m▀[0m            [38;2;147;50;48m[48;2;147;50;48m▀[0m[38;2;226;60;27m[48;2;226;60;27m▀[0m[38;2;226;60;27m[48;2;226;60;27m▀[0m[38;2;226;60;27m[48;2;226;60;27m▀[0m[38;2;226;60;27m[48;2;226;60;27m▀[0m[38;2;226;60;27m[48;2;226;60;27m▀[0m[38;2;226;60;27m[48;2;226;60;27m▀[0m[38;2;226;60;27m[48;2;226;60;27m▀[0m[38;2;226;60;27m[48;2;226;60;27m▀[0m[38;2;226;60;27m[48;2;226;60;27m▀[0m[38;2;12;12;12m[48;2;12;12;12m▀[0m       
        [38;2;147;50;48m[48;2;147;50;48m▀[0m[38;2;226;60;27m[48;2;226;60;27m▀[0m[38;2;226;60;27m[48;2;226;60;27m▀[0m[38;2;226;60;27m[48;2;226;60;27m▀[0m[38;2;226;60;27m[48;2;226;60;27m▀[0m[38;2;226;60;27m[48;2;226;60;27m▀[0m[38;2;226;60;27m[48;2;226;60;27m▀[0m[38;2;226;60;27m[48;2;12;12;12m▀[0m[38;2;226;60;27m[48;2;12;12;12m▀[0m[38;2;12;12;12m▀              [38;2;147;50;48m[48;2;147;50;48m▀[0m[38;2;226;60;27m[48;2;226;60;27m▀[0m[38;2;226;60;27m[48;2;226;60;27m▀[0m[38;2;226;60;27m[48;2;226;60;27m▀[0m[38;2;226;60;27m[48;2;226;60;27m▀[0m[38;2;226;60;27m[48;2;226;60;27m▀[0m[38;2;226;60;27m[48;2;226;60;27m▀[0m[38;2;226;60;27m[48;2;226;60;27m▀[0m[38;2;226;60;27m[48;2;226;60;27m▀[0m[38;2;12;12;12m[48;2;12;12;12m▀[0m       
         [38;2;12;12;12m▀[38;2;12;12;12m▀[38;2;12;12;12m▀[38;2;12;12;12m▀[38;2;12;12;12m▀[38;2;12;12;12m▀                 [38;2;147;50;48m[48;2;147;50;48m▀[0m[38;2;226;60;27m[48;2;226;60;27m▀[0m[38;2;226;60;27m[48;2;226;60;27m▀[0m[38;2;226;60;27m[48;2;226;60;27m▀[0m[38;2;226;60;27m[48;2;226;60;27m▀[0m[38;2;226;60;27m[48;2;226;60;27m▀[0m[38;2;226;60;27m[48;2;226;60;27m▀[0m[38;2;226;60;27m[48;2;226;60;27m▀[0m[38;2;226;60;27m[48;2;12;12;12m▀[0m[38;2;12;12;12m▀       
                                 [38;2;12;12;12m▀[38;2;12;12;12m▀[38;2;12;12;12m▀[38;2;12;12;12m▀[38;2;12;12;12m▀[38;2;12;12;12m▀[38;2;12;12;12m▀         
[0m