                                  [38;2;98;98;98m▄[38;2;16;16;16m[48;2;230;230;230m▀[0m[38;2;16;16;16m▄                      [38;2;46;92;120m▄[38;2;46;92;120m▄                         
                                 [38;2;98;98;98m▄[38;2;98;98;98m[48;2;230;230;230m▀[0m[38;2;230;230;230m[48;2;230;230;230m▀[0m[38;2;16;16;16m[48;2;230;230;230m▀[0m[38;2;16;16;16m▄ [38;2;98;98;98m▄[38;2;98;98;98m[48;2;230;230;230m▀[0m[38;2;16;16;16m▄                [38;2;46;92;120m[48;2;46;92;120m▀[0m[38;2;171;222;224m[48;2;171;222;224m▀[0m[38;2;171;222;224m[48;2;171;222;224m▀[0m[38;2;46;92;120m[48;2;171;222;224m▀[0m[38;2;46;92;120m[48;2;171;222;224m▀[0m[38;2;46;92;120m▄[38;2;46;92;120m▄[38;2;46;92;120m[48;2;171;222;224m▀[0m[38;2;46;92;120m[48;2;16;16;16m▀[0m           [38;2;171;222;224m▄       
                                [38;2;98;98;98m▄[38;2;98;98;98m[48;2;164;164;164m▀[0m[38;2;230;230;230m[48;2;230;230;230m▀[0m[38;2;230;230;230m[48;2;230;230;230m▀[0m[38;2;230;230;230m[48;2;230;230;230m▀[0m[38;2;16;16;16m[48;2;230;230;230m▀[0m[38;2;98;98;98m▄[38;2;98;98;98m[48;2;230;230;230m▀[0m[38;2;230;230;230m[48;2;230;230;230m▀[0m[38;2;16;16;16m[48;2;98;98;98m▀[0m [38;2;98;98;98m▄[38;2;98;98;98m[48;2;164;164;164m▀[0m[38;2;16;16;16m▄            [38;2;16;16;16m▀[38;2;171;222;224m[48;2;46;92;120m▀[0m[38;2;171;222;224m[48;2;171;222;224m▀[0m[38;2;171;222;224m[48;2;171;222;224m▀[0m[38;2;171;222;224m[48;2;122;168;175m▀[0m[38;2;171;222;224m[48;2;171;222;224m▀[0m[38;2;171;222;224m[48;2;171;222;224m▀[0m[38;2;171;222;224m[48;2;16;16;16m▀[0m[38;2;16;16;16m▀          [38;2;171;222;224m[48;2;171;222;224m▀[0m[38;2;227;242;239m[48;2;227;242;239m▀[0m[38;2;122;168;175m[48;2;122;168;175m▀[0m   [38;2;171;222;224m▄[38;2;171;222;224m[48;2;227;242;239m▀[0m[38;2;122;168;175m▄
                                [38;2;98;98;98m[48;2;98;98;98m▀[0m[38;2;230;230;230m[48;2;230;230;230m▀[0m[38;2;230;230;230m[48;2;230;230;230m▀[0m[38;2;230;230;230m[48;2;230;230;230m▀[0m[38;2;230;230;230m[48;2;230;230;230m▀[0m[38;2;230;230;230m[48;2;230;230;230m▀[0m[38;2;164;164;164m[48;2;230;230;230m▀[0m[38;2;230;230;230m[48;2;230;230;230m▀[0m[38;2;230;230;230m[48;2;46;92;120m▀[0m[38;2;164;164;164m[48;2;46;92;120m▀[0m[38;2;98;98;98m[48;2;46;92;120m▀[0m[38;2;164;164;164m[48;2;164;164;164m▀[0m[38;2;164;164;164m[48;2;164;164;164m▀[0m[38;2;16;16;16m[48;2;16;16;16m▀[0m  [38;2;46;92;120m▄[38;2;46;92;120m[48;2;171;222;224m▀[0m[38;2;46;92;120m[48;2;171;222;224m▀[0m[38;2;46;92;120m▄   [38;2;46;92;120m▄[38;2;46;92;120m▄  [38;2;16;16;16m▀[38;2;171;222;224m[48;2;16;16;16m▀[0m[38;2;171;222;224m[48;2;171;222;224m▀[0m[38;2;171;222;224m[48;2;171;222;224m▀[0m[38;2;16;16;16m[48;2;171;222;224m▀[0m[38;2;16;16;16m[48;2;16;16;16m▀[0m [38;2;46;92;120m▄[38;2;46;92;120m▄[38;2;46;92;120m▄     [38;2;122;168;175m▄[38;2;122;168;175m▄  [38;2;122;168;175m▀     [38;2;122;168;175m▀ 
                               [38;2;98;98;98m[48;2;98;98;98m▀[0m[38;2;230;230;230m[48;2;230;230;230m▀[0m[38;2;230;230;230m[48;2;230;230;230m▀[0m[38;2;230;230;230m[48;2;230;230;230m▀[0m[38;2;230;230;230m[48;2;230;230;230m▀[0m[38;2;230;230;230m[48;2;230;230;230m▀[0m[38;2;230;230;230m[48;2;230;230;230m▀[0m[38;2;230;230;230m[48;2;46;92;120m▀[0m[38;2;46;92;120m[48;2;171;222;224m▀[0m[38;2;171;222;224m[48;2;171;222;224m▀[0m[38;2;171;222;224m[48;2;171;222;224m▀[0m[38;2;171;222;224m[48;2;171;222;224m▀[0m[38;2;46;92;120m[48;2;171;222;224m▀[0m[38;2;46;92;120m[48;2;171;222;224m▀[0m[38;2;164;164;164m[48;2;46;92;120m▀[0m[38;2;16;16;16m[48;2;16;16;16m▀[0m [38;2;46;92;120m[48;2;46;92;120m▀[0m[38;2;171;222;224m[48;2;171;222;224m▀[0m[38;2;16;16;16m[48;2;16;16;16m▀[0m   [38;2;46;92;120m[48;2;46;92;120m▀[0m[38;2;171;222;224m[48;2;171;222;224m▀[0m[38;2;171;222;224m[48;2;171;222;224m▀[0m[38;2;122;168;175m[48;2;16;16;16m▀[0m[38;2;16;16;16m▀ [38;2;16;16;16m▀[38;2;171;222;224m[48;2;16;16;16m▀[0m[38;2;171;222;224m[48;2;171;222;224m▀[0m[38;2;171;222;224m[48;2;122;168;175m▀[0m[38;2;122;168;175m[48;2;46;92;120m▀[0m[38;2;46;92;120m[48;2;171;222;224m▀[0m[38;2;171;222;224m[48;2;171;222;224m▀[0m[38;2;171;222;224m[48;2;171;222;224m▀[0m[38;2;171;222;224m[48;2;171;222;224m▀[0m[38;2;46;92;120m[48;2;171;222;224m▀[0m[38;2;46;92;120m[48;2;171;222;224m▀[0m[38;2;46;92;120m▄ [38;2;122;168;175m[48;2;122;168;175m▀[0m[38;2;227;242;239m[48;2;227;242;239m▀[0m[38;2;227;242;239m[48;2;227;242;239m▀[0m[38;2;122;168;175m[48;2;122;168;175m▀[0m [38;2;171;222;224m[48;2;171;222;224m▀[0m[38;2;171;222;224m[48;2;227;242;239m▀[0m[38;2;122;168;175m▄  [38;2;171;222;224m▄  
                              [38;2;16;16;16m▄[38;2;98;98;98m[48;2;230;230;230m▀[0m[38;2;230;230;230m[48;2;230;230;230m▀[0m[38;2;230;230;230m[48;2;230;230;230m▀[0m[38;2;230;230;230m[48;2;230;230;230m▀[0m[38;2;230;230;230m[48;2;230;230;230m▀[0m[38;2;230;230;230m[48;2;230;230;230m▀[0m[38;2;230;230;230m[48;2;164;164;164m▀[0m[38;2;46;92;120m[48;2;46;92;120m▀[0m[38;2;171;222;224m[48;2;171;222;224m▀[0m[38;2;171;222;224m[48;2;171;222;224m▀[0m[38;2;171;222;224m[48;2;122;168;175m▀[0m[38;2;122;168;175m[48;2;171;222;224m▀[0m[38;2;122;168;175m[48;2;171;222;224m▀[0m[38;2;171;222;224m[48;2;46;92;120m▀[0m[38;2;171;222;224m[48;2;171;222;224m▀[0m[38;2;46;92;120m[48;2;171;222;224m▀[0m[38;2;46;92;120m[48;2;171;222;224m▀[0m[38;2;171;222;224m[48;2;171;222;224m▀[0m[38;2;171;222;224m[48;2;171;222;224m▀[0m[38;2;171;222;224m[48;2;171;222;224m▀[0m[38;2;16;16;16m[48;2;16;16;16m▀[0m   [38;2;46;92;120m[48;2;46;92;120m▀[0m[38;2;171;222;224m[48;2;171;222;224m▀[0m[38;2;16;16;16m[48;2;171;222;224m▀[0m[38;2;16;16;16m▄[38;2;16;16;16m▄[38;2;46;92;120m▄[38;2;16;16;16m[48;2;122;168;175m▀[0m[38;2;122;168;175m[48;2;122;168;175m▀[0m[38;2;122;168;175m[48;2;122;168;175m▀[0m[38;2;46;92;120m[48;2;46;92;120m▀[0m[38;2;171;222;224m[48;2;171;222;224m▀[0m[38;2;46;92;120m[48;2;46;92;120m▀[0m[38;2;46;92;120m[48;2;171;222;224m▀[0m[38;2;171;222;224m[48;2;46;92;120m▀[0m[38;2;171;222;224m[48;2;171;222;224m▀[0m[38;2;171;222;224m[48;2;227;242;239m▀[0m[38;2;227;242;239m[48;2;171;222;224m▀[0m[38;2;46;92;120m[48;2;227;242;239m▀[0m[38;2;122;168;175m[48;2;122;168;175m▀[0m[38;2;227;242;239m[48;2;227;242;239m▀[0m[38;2;227;242;239m[48;2;46;92;120m▀[0m[38;2;227;242;239m[48;2;227;242;239m▀[0m[38;2;171;222;224m[48;2;171;222;224m▀[0m[38;2;227;242;239m[48;2;227;242;239m▀[0m[38;2;227;242;239m[48;2;122;168;175m▀[0m[38;2;16;16;16m▀ [38;2;171;222;224m[48;2;171;222;224m▀[0m[38;2;227;242;239m[48;2;227;242;239m▀[0m[38;2;122;168;175m[48;2;122;168;175m▀[0m 
                              [38;2;16;16;16m[48;2;16;16;16m▀[0m[38;2;230;230;230m[48;2;230;230;230m▀[0m[38;2;230;230;230m[48;2;230;230;230m▀[0m[38;2;230;230;230m[48;2;230;230;230m▀[0m[38;2;230;230;230m[48;2;230;230;230m▀[0m[38;2;230;230;230m[48;2;230;230;230m▀[0m[38;2;230;230;230m[48;2;164;164;164m▀[0m[38;2;164;164;164m[48;2;164;164;164m▀[0m[38;2;164;164;164m[48;2;164;164;164m▀[0m[38;2;46;92;120m[48;2;164;164;164m▀[0m[38;2;171;222;224m[48;2;46;92;120m▀[0m[38;2;171;222;224m[48;2;171;222;224m▀[0m[38;2;171;222;224m[48;2;171;222;224m▀[0m[38;2;171;222;224m[48;2;122;168;175m▀[0m[38;2;46;92;120m[48;2;171;222;224m▀[0m[38;2;171;222;224m[48;2;171;222;224m▀[0m[38;2;171;222;224m[48;2;171;222;224m▀[0m[38;2;171;222;224m[48;2;171;222;224m▀[0m[38;2;171;222;224m[48;2;46;92;120m▀[0m[38;2;171;222;224m[48;2;46;92;120m▀[0m[38;2;46;92;120m[48;2;171;222;224m▀[0m[38;2;46;92;120m[48;2;171;222;224m▀[0m[38;2;46;92;120m[48;2;171;222;224m▀[0m[38;2;46;92;120m[48;2;171;222;224m▀[0m[38;2;46;92;120m[48;2;171;222;224m▀[0m[38;2;122;168;175m[48;2;171;222;224m▀[0m[38;2;171;222;224m[48;2;171;222;224m▀[0m[38;2;171;222;224m[48;2;171;222;224m▀[0m[38;2;171;222;224m[48;2;171;222;224m▀[0m[38;2;122;168;175m[48;2;171;222;224m▀[0m[38;2;122;168;175m[48;2;171;222;224m▀[0m[38;2;171;222;224m[48;2;122;168;175m▀[0m[38;2;122;168;175m[48;2;171;222;224m▀[0m[38;2;122;168;175m[48;2;122;168;175m▀[0m[38;2;46;92;120m[48;2;122;168;175m▀[0m[38;2;171;222;224m[48;2;46;92;120m▀[0m[38;2;171;222;224m[48;2;171;222;224m▀[0m[38;2;171;222;224m[48;2;122;168;175m▀[0m[38;2;46;92;120m[48;2;46;92;120m▀[0m[38;2;122;168;175m[48;2;122;168;175m▀[0m[38;2;171;222;224m[48;2;227;242;239m▀[0m[38;2;227;242;239m[48;2;171;222;224m▀[0m[38;2;171;222;224m[48;2;227;242;239m▀[0m[38;2;227;242;239m[48;2;227;242;239m▀[0m[38;2;227;242;239m[48;2;46;92;120m▀[0m[38;2;16;16;16m▀[38;2;227;242;239m[48;2;16;16;16m▀[0m[38;2;227;242;239m[48;2;227;242;239m▀[0m[38;2;227;242;239m[48;2;16;16;16m▀[0m[38;2;16;16;16m▀   [38;2;122;168;175m▀  
                       [38;2;32;49;57m▄[38;2;32;49;57m▄[38;2;32;49;57m▄[38;2;32;49;57m▄[38;2;32;49;57m[48;2;65;82;82m▀[0m[38;2;32;49;57m[48;2;65;82;82m▀[0m[38;2;32;49;57m[48;2;65;82;82m▀[0m[38;2;32;49;57m[48;2;65;82;82m▀[0m[38;2;32;49;57m[48;2;65;82;82m▀[0m[38;2;98;98;98m[48;2;65;82;82m▀[0m[38;2;98;98;98m[48;2;65;82;82m▀[0m[38;2;230;230;230m[48;2;65;82;82m▀[0m[38;2;230;230;230m[48;2;65;82;82m▀[0m[38;2;164;164;164m[48;2;122;168;175m▀[0m[38;2;164;164;164m[48;2;122;168;175m▀[0m[38;2;164;164;164m[48;2;171;222;224m▀[0m[38;2;164;164;164m[48;2;171;222;224m▀[0m[38;2;164;164;164m[48;2;171;222;224m▀[0m[38;2;46;92;120m[48;2;171;222;224m▀[0m[38;2;46;92;120m[48;2;171;222;224m▀[0m[38;2;171;222;224m[48;2;171;222;224m▀[0m[38;2;171;222;224m[48;2;122;168;175m▀[0m[38;2;171;222;224m[48;2;122;168;175m▀[0m[38;2;171;222;224m[48;2;122;168;175m▀[0m[38;2;46;92;120m[48;2;46;92;120m▀[0m[38;2;171;222;224m[48;2;171;222;224m▀[0m[38;2;171;222;224m[48;2;171;222;224m▀[0m[38;2;171;222;224m[48;2;171;222;224m▀[0m[38;2;171;222;224m[48;2;171;222;224m▀[0m[38;2;171;222;224m[48;2;171;222;224m▀[0m[38;2;171;222;224m[48;2;171;222;224m▀[0m[38;2;171;222;224m[48;2;171;222;224m▀[0m[38;2;171;222;224m[48;2;171;222;224m▀[0m[38;2;171;222;224m[48;2;171;222;224m▀[0m[38;2;171;222;224m[48;2;171;222;224m▀[0m[38;2;171;222;224m[48;2;171;222;224m▀[0m[38;2;171;222;224m[48;2;171;222;224m▀[0m[38;2;171;222;224m[48;2;171;222;224m▀[0m[38;2;171;222;224m[48;2;122;168;175m▀[0m[38;2;122;168;175m[48;2;122;168;175m▀[0m[38;2;122;168;175m[48;2;122;168;175m▀[0m[38;2;122;168;175m[48;2;122;168;175m▀[0m[38;2;122;168;175m[48;2;122;168;175m▀[0m[38;2;46;92;120m[48;2;122;168;175m▀[0m[38;2;46;92;120m[48;2;122;168;175m▀[0m[38;2;122;168;175m[48;2;122;168;175m▀[0m[38;2;122;168;175m[48;2;122;168;175m▀[0m[38;2;122;168;175m[48;2;46;92;120m▀[0m[38;2;171;222;224m[48;2;16;16;16m▀[0m[38;2;227;242;239m[48;2;16;16;16m▀[0m[38;2;227;242;239m[48;2;16;16;16m▀[0m[38;2;16;16;16m▀ [38;2;16;16;16m▀[38;2;227;242;239m[48;2;16;16;16m▀[0m[38;2;16;16;16m▀       
                  [38;2;32;49;57m▄[38;2;32;49;57m▄[38;2;32;49;57m[48;2;65;82;82m▀[0m[38;2;32;49;57m[48;2;65;82;82m▀[0m[38;2;32;49;57m[48;2;65;82;82m▀[0m[38;2;65;82;82m[48;2;65;82;82m▀[0m[38;2;65;82;82m[48;2;65;82;82m▀[0m[38;2;65;82;82m[48;2;65;82;82m▀[0m[38;2;65;82;82m[48;2;65;82;82m▀[0m[38;2;65;82;82m[48;2;65;82;82m▀[0m[38;2;65;82;82m[48;2;65;82;82m▀[0m[38;2;65;82;82m[48;2;65;82;82m▀[0m[38;2;65;82;82m[48;2;122;168;175m▀[0m[38;2;65;82;82m[48;2;122;168;175m▀[0m[38;2;65;82;82m[48;2;171;222;224m▀[0m[38;2;122;168;175m[48;2;171;222;224m▀[0m[38;2;122;168;175m[48;2;171;222;224m▀[0m[38;2;171;222;224m[48;2;171;222;224m▀[0m[38;2;171;222;224m[48;2;171;222;224m▀[0m[38;2;171;222;224m[48;2;122;168;175m▀[0m[38;2;171;222;224m[48;2;122;168;175m▀[0m[38;2;171;222;224m[48;2;55;140;89m▀[0m[38;2;122;168;175m[48;2;55;140;89m▀[0m[38;2;122;168;175m[48;2;55;140;89m▀[0m[38;2;122;168;175m[48;2;55;140;89m▀[0m[38;2;55;140;89m[48;2;55;140;89m▀[0m[38;2;55;140;89m[48;2;55;140;89m▀[0m[38;2;55;140;89m[48;2;55;140;89m▀[0m[38;2;46;92;120m[48;2;16;16;16m▀[0m[38;2;171;222;224m[48;2;171;222;224m▀[0m[38;2;171;222;224m[48;2;171;222;224m▀[0m[38;2;171;222;224m[48;2;122;168;175m▀[0m[38;2;122;168;175m[48;2;171;222;224m▀[0m[38;2;122;168;175m[48;2;171;222;224m▀[0m[38;2;171;222;224m[48;2;122;168;175m▀[0m[38;2;171;222;224m[48;2;171;222;224m▀[0m[38;2;171;222;224m[48;2;171;222;224m▀[0m[38;2;171;222;224m[48;2;171;222;224m▀[0m[38;2;171;222;224m[48;2;171;222;224m▀[0m[38;2;171;222;224m[48;2;171;222;224m▀[0m[38;2;171;222;224m[48;2;171;222;224m▀[0m[38;2;171;222;224m[48;2;171;222;224m▀[0m[38;2;122;168;175m[48;2;122;168;175m▀[0m[38;2;122;168;175m[48;2;122;168;175m▀[0m[38;2;122;168;175m[48;2;122;168;175m▀[0m[38;2;122;168;175m[48;2;122;168;175m▀[0m[38;2;122;168;175m[48;2;122;168;175m▀[0m[38;2;122;168;175m[48;2;122;168;175m▀[0m[38;2;122;168;175m[48;2;122;168;175m▀[0m[38;2;122;168;175m[48;2;46;92;120m▀[0m[38;2;46;92;120m▀[38;2;16;16;16m▀                
           [38;2;46;92;120m▄[38;2;46;92;120m[48;2;122;168;175m▀[0m[38;2;46;92;120m[48;2;46;92;120m▀[0m[38;2;32;49;57m▄[38;2;32;49;57m▄[38;2;32;49;57m[48;2;65;82;82m▀[0m[38;2;32;49;57m[48;2;65;82;82m▀[0m[38;2;65;82;82m[48;2;65;82;82m▀[0m[38;2;65;82;82m[48;2;65;82;82m▀[0m[38;2;65;82;82m[48;2;65;82;82m▀[0m[38;2;65;82;82m[48;2;65;82;82m▀[0m[38;2;65;82;82m[48;2;65;82;82m▀[0m[38;2;65;82;82m[48;2;65;82;82m▀[0m[38;2;65;82;82m[48;2;122;168;175m▀[0m[38;2;65;82;82m[48;2;122;168;175m▀[0m[38;2;65;82;82m[48;2;171;222;224m▀[0m[38;2;122;168;175m[48;2;171;222;224m▀[0m[38;2;122;168;175m[48;2;171;222;224m▀[0m[38;2;171;222;224m[48;2;171;222;224m▀[0m[38;2;171;222;224m[48;2;122;168;175m▀[0m[38;2;171;222;224m[48;2;122;168;175m▀[0m[38;2;171;222;224m[48;2;55;140;89m▀[0m[38;2;171;222;224m[48;2;55;140;89m▀[0m[38;2;122;168;175m[48;2;55;140;89m▀[0m[38;2;122;168;175m[48;2;55;140;89m▀[0m[38;2;55;140;89m[48;2;55;140;89m▀[0m[38;2;55;140;89m[48;2;55;140;89m▀[0m[38;2;55;140;89m[48;2;55;140;89m▀[0m[38;2;55;140;89m[48;2;55;140;89m▀[0m[38;2;55;140;89m[48;2;171;222;224m▀[0m[38;2;171;222;224m[48;2;171;222;224m▀[0m[38;2;55;140;89m[48;2;171;222;224m▀[0m[38;2;55;140;89m[48;2;55;140;89m▀[0m[38;2;55;140;89m[48;2;171;222;224m▀[0m[38;2;55;140;89m[48;2;171;222;224m▀[0m[38;2;16;16;16m[48;2;55;140;89m▀[0m[38;2;171;222;224m[48;2;46;92;120m▀[0m[38;2;171;222;224m[48;2;171;222;224m▀[0m[38;2;122;168;175m[48;2;171;222;224m▀[0m[38;2;171;222;224m[48;2;122;168;175m▀[0m[38;2;171;222;224m[48;2;171;222;224m▀[0m[38;2;171;222;224m[48;2;171;222;224m▀[0m[38;2;46;92;120m[48;2;46;92;120m▀[0m[38;2;171;222;224m[48;2;171;222;224m▀[0m[38;2;171;222;224m[48;2;171;222;224m▀[0m[38;2;171;222;224m[48;2;171;222;224m▀[0m[38;2;171;222;224m[48;2;171;222;224m▀[0m[38;2;171;222;224m[48;2;122;168;175m▀[0m[38;2;122;168;175m[48;2;122;168;175m▀[0m[38;2;122;168;175m[48;2;122;168;175m▀[0m[38;2;122;168;175m[48;2;122;168;175m▀[0m[38;2;122;168;175m[48;2;122;168;175m▀[0m[38;2;46;92;120m[48;2;16;16;16m▀[0m[38;2;122;168;175m[48;2;122;168;175m▀[0m[38;2;122;168;175m[48;2;122;168;175m▀[0m[38;2;122;168;175m[48;2;122;168;175m▀[0m[38;2;46;92;120m[48;2;122;168;175m▀[0m[38;2;46;92;120m▄[38;2;46;92;120m[48;2;122;168;175m▀[0m[38;2;46;92;120m[48;2;122;168;175m▀[0m[38;2;16;16;16m▄              
    [38;2;46;92;120m▄[38;2;46;92;120m[48;2;122;168;175m▀[0m[38;2;46;92;120m▄  [38;2;46;92;120m▄[38;2;46;92;120m[48;2;122;168;175m▀[0m[38;2;122;168;175m[48;2;32;49;57m▀[0m[38;2;32;49;57m[48;2;65;82;82m▀[0m[38;2;32;49;57m[48;2;65;82;82m▀[0m[38;2;65;82;82m[48;2;65;82;82m▀[0m[38;2;65;82;82m[48;2;65;82;82m▀[0m[38;2;65;82;82m[48;2;65;82;82m▀[0m[38;2;65;82;82m[48;2;65;82;82m▀[0m[38;2;65;82;82m[48;2;65;82;82m▀[0m[38;2;65;82;82m[48;2;65;82;82m▀[0m[38;2;65;82;82m[48;2;122;168;175m▀[0m[38;2;65;82;82m[48;2;171;222;224m▀[0m[38;2;122;168;175m[48;2;46;92;120m▀[0m[38;2;171;222;224m[48;2;46;92;120m▀[0m[38;2;171;222;224m[48;2;171;222;224m▀[0m[38;2;171;222;224m[48;2;171;222;224m▀[0m[38;2;171;222;224m[48;2;122;168;175m▀[0m[38;2;171;222;224m[48;2;122;168;175m▀[0m[38;2;122;168;175m[48;2;55;140;89m▀[0m[38;2;122;168;175m[48;2;55;140;89m▀[0m[38;2;55;140;89m[48;2;55;140;89m▀[0m[38;2;55;140;89m[48;2;55;140;89m▀[0m[38;2;55;140;89m[48;2;55;140;89m▀[0m[38;2;55;140;89m[48;2;55;140;89m▀[0m[38;2;55;140;89m[48;2;55;140;89m▀[0m[38;2;55;140;89m[48;2;55;140;89m▀[0m[38;2;55;140;89m[48;2;55;140;89m▀[0m[38;2;55;140;89m[48;2;55;140;89m▀[0m[38;2;55;140;89m[48;2;55;140;89m▀[0m[38;2;55;140;89m[48;2;55;140;89m▀[0m[38;2;55;140;89m[48;2;55;140;89m▀[0m[38;2;171;222;224m[48;2;55;140;89m▀[0m[38;2;55;140;89m[48;2;55;140;89m▀[0m[38;2;55;140;89m[48;2;55;140;89m▀[0m[38;2;171;222;224m[48;2;55;140;89m▀[0m[38;2;171;222;224m[48;2;55;140;89m▀[0m[38;2;55;140;89m[48;2;55;140;89m▀[0m[38;2;16;16;16m[48;2;55;140;89m▀[0m[38;2;171;222;224m[48;2;16;16;16m▀[0m[38;2;171;222;224m[48;2;171;222;224m▀[0m[38;2;171;222;224m[48;2;171;222;224m▀[0m[38;2;171;222;224m[48;2;171;222;224m▀[0m[38;2;171;222;224m[48;2;46;92;120m▀[0m[38;2;46;92;120m[48;2;122;168;175m▀[0m[38;2;171;222;224m[48;2;122;168;175m▀[0m[38;2;171;222;224m[48;2;122;168;175m▀[0m[38;2;122;168;175m[48;2;122;168;175m▀[0m[38;2;122;168;175m[48;2;122;168;175m▀[0m[38;2;122;168;175m[48;2;122;168;175m▀[0m[38;2;122;168;175m[48;2;122;168;175m▀[0m[38;2;122;168;175m[48;2;122;168;175m▀[0m[38;2;122;168;175m[48;2;122;168;175m▀[0m[38;2;122;168;175m[48;2;46;92;120m▀[0m[38;2;16;16;16m[48;2;122;168;175m▀[0m[38;2;122;168;175m[48;2;122;168;175m▀[0m[38;2;122;168;175m[48;2;122;168;175m▀[0m[38;2;122;168;175m[48;2;122;168;175m▀[0m[38;2;122;168;175m[48;2;122;168;175m▀[0m[38;2;122;168;175m[48;2;122;168;175m▀[0m[38;2;122;168;175m[48;2;16;16;16m▀[0m[38;2;16;16;16m▀[38;2;16;16;16m▀              
   [38;2;46;92;120m▄[38;2;46;92;120m[48;2;122;168;175m▀[0m[38;2;122;168;175m[48;2;122;168;175m▀[0m[38;2;46;92;120m[48;2;46;92;120m▀[0m[38;2;46;92;120m▄[38;2;32;49;57m▄[38;2;46;92;120m[48;2;65;82;82m▀[0m[38;2;65;82;82m[48;2;65;82;82m▀[0m[38;2;65;82;82m[48;2;46;92;120m▀[0m[38;2;46;92;120m[48;2;171;222;224m▀[0m[38;2;46;92;120m[48;2;16;16;16m▀[0m[38;2;65;82;82m[48;2;65;82;82m▀[0m[38;2;65;82;82m[48;2;65;82;82m▀[0m[38;2;65;82;82m[48;2;122;168;175m▀[0m[38;2;65;82;82m[48;2;171;222;224m▀[0m[38;2;122;168;175m[48;2;46;92;120m▀[0m[38;2;171;222;224m[48;2;46;92;120m▀[0m[38;2;46;92;120m[48;2;171;222;224m▀[0m[38;2;46;92;120m[48;2;171;222;224m▀[0m[38;2;171;222;224m[48;2;16;16;16m▀[0m[38;2;16;16;16m[48;2;171;222;224m▀[0m[38;2;171;222;224m[48;2;171;222;224m▀[0m[38;2;171;222;224m[48;2;171;222;224m▀[0m[38;2;122;168;175m[48;2;171;222;224m▀[0m[38;2;55;140;89m[48;2;122;168;175m▀[0m[38;2;55;140;89m[48;2;55;140;89m▀[0m[38;2;55;140;89m[48;2;55;140;89m▀[0m[38;2;55;140;89m[48;2;55;140;89m▀[0m[38;2;55;140;89m[48;2;55;140;89m▀[0m[38;2;55;140;89m[48;2;55;140;89m▀[0m[38;2;55;140;89m[48;2;55;140;89m▀[0m[38;2;55;140;89m[48;2;55;140;89m▀[0m[38;2;55;140;89m[48;2;55;140;89m▀[0m[38;2;55;140;89m[48;2;55;140;89m▀[0m[38;2;55;140;89m[48;2;171;222;224m▀[0m[38;2;55;140;89m[48;2;55;140;89m▀[0m[38;2;55;140;89m[48;2;55;140;89m▀[0m[38;2;55;140;89m[48;2;55;140;89m▀[0m[38;2;55;140;89m[48;2;55;140;89m▀[0m[38;2;55;140;89m[48;2;55;140;89m▀[0m[38;2;55;140;89m[48;2;55;140;89m▀[0m[38;2;55;140;89m[48;2;55;140;89m▀[0m[38;2;55;140;89m[48;2;55;140;89m▀[0m[38;2;55;140;89m[48;2;46;92;120m▀[0m[38;2;55;140;89m[48;2;16;16;16m▀[0m[38;2;55;140;89m[48;2;16;16;16m▀[0m[38;2;16;16;16m[48;2;171;222;224m▀[0m[38;2;16;16;16m[48;2;122;168;175m▀[0m[38;2;46;92;120m[48;2;122;168;175m▀[0m[38;2;122;168;175m[48;2;122;168;175m▀[0m[38;2;122;168;175m[48;2;122;168;175m▀[0m[38;2;122;168;175m[48;2;46;92;120m▀[0m[38;2;122;168;175m[48;2;46;92;120m▀[0m[38;2;122;168;175m[48;2;122;168;175m▀[0m[38;2;122;168;175m[48;2;122;168;175m▀[0m[38;2;122;168;175m[48;2;122;168;175m▀[0m[38;2;122;168;175m[48;2;122;168;175m▀[0m[38;2;122;168;175m[48;2;122;168;175m▀[0m[38;2;122;168;175m[48;2;16;16;16m▀[0m[38;2;16;16;16m▀[38;2;16;16;16m▀[38;2;122;168;175m[48;2;16;16;16m▀[0m[38;2;122;168;175m[48;2;16;16;16m▀[0m[38;2;122;168;175m[48;2;122;168;175m▀[0m[38;2;122;168;175m[48;2;122;168;175m▀[0m[38;2;122;168;175m[48;2;122;168;175m▀[0m[38;2;16;16;16m[48;2;16;16;16m▀[0m                
   [38;2;46;92;120m[48;2;122;168;175m▀[0m[38;2;122;168;175m[48;2;122;168;175m▀[0m[38;2;122;168;175m[48;2;122;168;175m▀[0m[38;2;122;168;175m[48;2;32;49;57m▀[0m[38;2;32;49;57m[48;2;65;82;82m▀[0m[38;2;65;82;82m[48;2;65;82;82m▀[0m[38;2;65;82;82m[48;2;46;92;120m▀[0m[38;2;46;92;120m[48;2;171;222;224m▀[0m[38;2;171;222;224m[48;2;171;222;224m▀[0m[38;2;171;222;224m[48;2;171;222;224m▀[0m[38;2;16;16;16m[48;2;16;16;16m▀[0m[38;2;65;82;82m[48;2;46;92;120m▀[0m[38;2;122;168;175m[48;2;16;16;16m▀[0m[38;2;171;222;224m[48;2;171;222;224m▀[0m[38;2;46;92;120m[48;2;46;92;120m▀[0m[38;2;171;222;224m[48;2;171;222;224m▀[0m[38;2;171;222;224m[48;2;171;222;224m▀[0m[38;2;171;222;224m[48;2;16;16;16m▀[0m[38;2;16;16;16m[48;2;55;140;89m▀[0m[38;2;34;96;61m[48;2;21;64;34m▀[0m[38;2;122;168;175m[48;2;55;140;89m▀[0m[38;2;171;222;224m[48;2;122;168;175m▀[0m[38;2;171;222;224m[48;2;171;222;224m▀[0m[38;2;171;222;224m[48;2;171;222;224m▀[0m[38;2;171;222;224m[48;2;171;222;224m▀[0m[38;2;122;168;175m[48;2;122;168;175m▀[0m[38;2;55;140;89m[48;2;55;140;89m▀[0m[38;2;55;140;89m[48;2;55;140;89m▀[0m[38;2;55;140;89m[48;2;55;140;89m▀[0m[38;2;55;140;89m[48;2;171;222;224m▀[0m[38;2;55;140;89m[48;2;171;222;224m▀[0m[38;2;55;140;89m[48;2;55;140;89m▀[0m[38;2;55;140;89m[48;2;55;140;89m▀[0m[38;2;55;140;89m[48;2;55;140;89m▀[0m[38;2;55;140;89m[48;2;55;140;89m▀[0m[38;2;55;140;89m[48;2;55;140;89m▀[0m[38;2;55;140;89m[48;2;55;140;89m▀[0m[38;2;55;140;89m[48;2;55;140;89m▀[0m[38;2;55;140;89m[48;2;55;140;89m▀[0m[38;2;55;140;89m[48;2;55;140;89m▀[0m[38;2;55;140;89m[48;2;55;140;89m▀[0m[38;2;55;140;89m[48;2;46;92;120m▀[0m[38;2;46;92;120m[48;2;171;222;224m▀[0m[38;2;171;222;224m[48;2;171;222;224m▀[0m[38;2;171;222;224m[48;2;171;222;224m▀[0m[38;2;171;222;224m[48;2;171;222;224m▀[0m[38;2;171;222;224m[48;2;122;168;175m▀[0m[38;2;122;168;175m[48;2;171;222;224m▀[0m[38;2;171;222;224m[48;2;122;168;175m▀[0m[38;2;122;168;175m[48;2;122;168;175m▀[0m[38;2;46;92;120m[48;2;46;92;120m▀[0m[38;2;122;168;175m[48;2;122;168;175m▀[0m[38;2;122;168;175m[48;2;122;168;175m▀[0m[38;2;46;92;120m[48;2;46;92;120m▀[0m[38;2;122;168;175m[48;2;122;168;175m▀[0m[38;2;122;168;175m[48;2;122;168;175m▀[0m[38;2;122;168;175m[48;2;16;16;16m▀[0m[38;2;16;16;16m▀     [38;2;16;16;16m▀[38;2;122;168;175m[48;2;16;16;16m▀[0m[38;2;122;168;175m[48;2;16;16;16m▀[0m[38;2;16;16;16m▀                
  [38;2;46;92;120m[48;2;46;92;120m▀[0m[38;2;122;168;175m[48;2;32;49;57m▀[0m[38;2;32;49;57m[48;2;65;82;82m▀[0m[38;2;32;49;57m[48;2;65;82;82m▀[0m[38;2;65;82;82m[48;2;65;82;82m▀[0m[38;2;65;82;82m[48;2;65;82;82m▀[0m[38;2;65;82;82m[48;2;46;92;120m▀[0m[38;2;46;92;120m[48;2;171;222;224m▀[0m[38;2;171;222;224m[48;2;171;222;224m▀[0m[38;2;171;222;224m[48;2;171;222;224m▀[0m[38;2;46;92;120m[48;2;171;222;224m▀[0m[38;2;46;92;120m[48;2;171;222;224m▀[0m[38;2;171;222;224m[48;2;16;16;16m▀[0m[38;2;16;16;16m[48;2;34;96;61m▀[0m[38;2;122;168;175m[48;2;55;140;89m▀[0m[38;2;55;140;89m[48;2;55;140;89m▀[0m[38;2;46;92;120m[48;2;46;92;120m▀[0m[38;2;171;222;224m[48;2;171;222;224m▀[0m[38;2;171;222;224m[48;2;122;168;175m▀[0m[38;2;16;16;16m[48;2;16;16;16m▀[0m[38;2;55;140;89m[48;2;55;140;89m▀[0m[38;2;34;96;61m[48;2;21;64;34m▀[0m[38;2;55;140;89m[48;2;55;140;89m▀[0m[38;2;122;168;175m[48;2;55;140;89m▀[0m[38;2;171;222;224m[48;2;171;222;224m▀[0m[38;2;171;222;224m[48;2;171;222;224m▀[0m[38;2;171;222;224m[48;2;171;222;224m▀[0m[38;2;122;168;175m[48;2;122;168;175m▀[0m[38;2;55;140;89m[48;2;55;140;89m▀[0m[38;2;55;140;89m[48;2;55;140;89m▀[0m[38;2;171;222;224m[48;2;55;140;89m▀[0m[38;2;171;222;224m[48;2;55;140;89m▀[0m[38;2;55;140;89m[48;2;55;140;89m▀[0m[38;2;55;140;89m[48;2;55;140;89m▀[0m[38;2;55;140;89m[48;2;171;222;224m▀[0m[38;2;55;140;89m[48;2;171;222;224m▀[0m[38;2;55;140;89m[48;2;55;140;89m▀[0m[38;2;55;140;89m[48;2;55;140;89m▀[0m[38;2;55;140;89m[48;2;55;140;89m▀[0m[38;2;171;222;224m[48;2;55;140;89m▀[0m[38;2;55;140;89m[48;2;55;140;89m▀[0m[38;2;55;140;89m[48;2;46;92;120m▀[0m[38;2;46;92;120m[48;2;171;222;224m▀[0m[38;2;171;222;224m[48;2;171;222;224m▀[0m[38;2;171;222;224m[48;2;122;168;175m▀[0m[38;2;46;92;120m[48;2;171;222;224m▀[0m[38;2;46;92;120m[48;2;122;168;175m▀[0m[38;2;122;168;175m[48;2;46;92;120m▀[0m[38;2;122;168;175m[48;2;122;168;175m▀[0m[38;2;122;168;175m[48;2;122;168;175m▀[0m[38;2;46;92;120m[48;2;16;16;16m▀[0m[38;2;122;168;175m[48;2;16;16;16m▀[0m[38;2;122;168;175m[48;2;122;168;175m▀[0m[38;2;46;92;120m[48;2;122;168;175m▀[0m[38;2;122;168;175m[48;2;16;16;16m▀[0m[38;2;122;168;175m[48;2;16;16;16m▀[0m[38;2;16;16;16m[48;2;164;164;164m▀[0m[38;2;16;16;16m▄                          
  [38;2;46;92;120m[48;2;32;49;57m▀[0m[38;2;32;49;57m[48;2;65;82;82m▀[0m[38;2;65;82;82m[48;2;65;82;82m▀[0m[38;2;65;82;82m[48;2;65;82;82m▀[0m[38;2;65;82;82m[48;2;65;82;82m▀[0m[38;2;65;82;82m[48;2;46;92;120m▀[0m[38;2;46;92;120m[48;2;171;222;224m▀[0m[38;2;171;222;224m[48;2;171;222;224m▀[0m[38;2;171;222;224m[48;2;34;96;61m▀[0m[38;2;171;222;224m[48;2;34;96;61m▀[0m[38;2;171;222;224m[48;2;171;222;224m▀[0m[38;2;171;222;224m[48;2;16;16;16m▀[0m[38;2;16;16;16m[48;2;122;168;175m▀[0m[38;2;55;140;89m[48;2;122;168;175m▀[0m[38;2;55;140;89m[48;2;46;92;120m▀[0m[38;2;46;92;120m[48;2;171;222;224m▀[0m[38;2;171;222;224m[48;2;171;222;224m▀[0m[38;2;171;222;224m[48;2;122;168;175m▀[0m[38;2;46;92;120m[48;2;16;16;16m▀[0m[38;2;55;140;89m[48;2;55;140;89m▀[0m[38;2;55;140;89m[48;2;55;140;89m▀[0m[38;2;55;140;89m[48;2;55;140;89m▀[0m[38;2;34;96;61m[48;2;21;64;34m▀[0m[38;2;55;140;89m[48;2;55;140;89m▀[0m[38;2;122;168;175m[48;2;55;140;89m▀[0m[38;2;171;222;224m[48;2;171;222;224m▀[0m[38;2;171;222;224m[48;2;171;222;224m▀[0m[38;2;171;222;224m[48;2;171;222;224m▀[0m[38;2;122;168;175m[48;2;122;168;175m▀[0m[38;2;55;140;89m[48;2;55;140;89m▀[0m[38;2;55;140;89m[48;2;55;140;89m▀[0m[38;2;55;140;89m[48;2;55;140;89m▀[0m[38;2;55;140;89m[48;2;55;140;89m▀[0m[38;2;171;222;224m[48;2;171;222;224m▀[0m[38;2;171;222;224m[48;2;171;222;224m▀[0m[38;2;171;222;224m[48;2;171;222;224m▀[0m[38;2;171;222;224m[48;2;171;222;224m▀[0m[38;2;55;140;89m[48;2;55;140;89m▀[0m[38;2;55;140;89m[48;2;55;140;89m▀[0m[38;2;55;140;89m[48;2;55;140;89m▀[0m[38;2;55;140;89m[48;2;55;140;89m▀[0m[38;2;46;92;120m[48;2;46;92;120m▀[0m[38;2;171;222;224m[48;2;122;168;175m▀[0m[38;2;171;222;224m[48;2;171;222;224m▀[0m[38;2;171;222;224m[48;2;171;222;224m▀[0m[38;2;171;222;224m[48;2;122;168;175m▀[0m[38;2;122;168;175m[48;2;122;168;175m▀[0m[38;2;16;16;16m[48;2;16;16;16m▀[0m[38;2;122;168;175m[48;2;16;16;16m▀[0m[38;2;16;16;16m[48;2;34;96;61m▀[0m[38;2;34;96;61m[48;2;34;96;61m▀[0m[38;2;34;96;61m[48;2;16;16;16m▀[0m[38;2;16;16;16m[48;2;164;164;164m▀[0m[38;2;16;16;16m[48;2;164;164;164m▀[0m[38;2;164;164;164m[48;2;164;164;164m▀[0m[38;2;164;164;164m[48;2;164;164;164m▀[0m[38;2;164;164;164m[48;2;164;164;164m▀[0m[38;2;164;164;164m[48;2;164;164;164m▀[0m[38;2;98;98;98m[48;2;164;164;164m▀[0m[38;2;16;16;16m[48;2;164;164;164m▀[0m[38;2;16;16;16m▄                       
[38;2;32;49;57m▄[38;2;32;49;57m[48;2;65;82;82m▀[0m[38;2;65;82;82m[48;2;65;82;82m▀[0m[38;2;65;82;82m[48;2;65;82;82m▀[0m[38;2;65;82;82m[48;2;65;82;82m▀[0m[38;2;65;82;82m[48;2;65;82;82m▀[0m[38;2;65;82;82m[48;2;122;168;175m▀[0m[38;2;46;92;120m[48;2;46;92;120m▀[0m[38;2;171;222;224m[48;2;122;168;175m▀[0m[38;2;34;96;61m[48;2;55;140;89m▀[0m[38;2;55;140;89m[48;2;55;140;89m▀[0m[38;2;55;140;89m[48;2;55;140;89m▀[0m[38;2;34;96;61m[48;2;55;140;89m▀[0m[38;2;16;16;16m[48;2;21;64;34m▀[0m[38;2;122;168;175m[48;2;46;92;120m▀[0m[38;2;46;92;120m[48;2;171;222;224m▀[0m[38;2;171;222;224m[48;2;171;222;224m▀[0m[38;2;171;222;224m[48;2;171;222;224m▀[0m[38;2;171;222;224m[48;2;122;168;175m▀[0m[38;2;46;92;120m[48;2;16;16;16m▀[0m[38;2;55;140;89m[48;2;55;140;89m▀[0m[38;2;55;140;89m[48;2;55;140;89m▀[0m[38;2;55;140;89m[48;2;55;140;89m▀[0m[38;2;55;140;89m[48;2;55;140;89m▀[0m[38;2;21;64;34m[48;2;21;64;34m▀[0m[38;2;55;140;89m[48;2;55;140;89m▀[0m[38;2;55;140;89m[48;2;55;140;89m▀[0m[38;2;122;168;175m[48;2;55;140;89m▀[0m[38;2;171;222;224m[48;2;171;222;224m▀[0m[38;2;171;222;224m[48;2;171;222;224m▀[0m[38;2;171;222;224m[48;2;171;222;224m▀[0m[38;2;122;168;175m[48;2;122;168;175m▀[0m[38;2;55;140;89m[48;2;55;140;89m▀[0m[38;2;55;140;89m[48;2;55;140;89m▀[0m[38;2;55;140;89m[48;2;55;140;89m▀[0m[38;2;55;140;89m[48;2;55;140;89m▀[0m[38;2;171;222;224m[48;2;55;140;89m▀[0m[38;2;171;222;224m[48;2;55;140;89m▀[0m[38;2;55;140;89m[48;2;55;140;89m▀[0m[38;2;55;140;89m[48;2;55;140;89m▀[0m[38;2;55;140;89m[48;2;34;96;61m▀[0m[38;2;55;140;89m[48;2;34;96;61m▀[0m[38;2;34;96;61m[48;2;34;96;61m▀[0m[38;2;46;92;120m[48;2;34;96;61m▀[0m[38;2;122;168;175m[48;2;46;92;120m▀[0m[38;2;122;168;175m[48;2;122;168;175m▀[0m[38;2;122;168;175m[48;2;122;168;175m▀[0m[38;2;122;168;175m[48;2;122;168;175m▀[0m[38;2;122;168;175m[48;2;16;16;16m▀[0m[38;2;16;16;16m[48;2;34;96;61m▀[0m[38;2;34;96;61m[48;2;34;96;61m▀[0m[38;2;34;96;61m[48;2;16;16;16m▀[0m[38;2;16;16;16m[48;2;164;164;164m▀[0m[38;2;164;164;164m[48;2;164;164;164m▀[0m[38;2;164;164;164m[48;2;164;164;164m▀[0m[38;2;164;164;164m[48;2;164;164;164m▀[0m[38;2;164;164;164m[48;2;164;164;164m▀[0m[38;2;164;164;164m[48;2;164;164;164m▀[0m[38;2;164;164;164m[48;2;98;98;98m▀[0m[38;2;164;164;164m[48;2;16;16;16m▀[0m[38;2;16;16;16m▀[38;2;16;16;16m▀[38;2;16;16;16m▀                       
[38;2;32;49;57m[48;2;32;49;57m▀[0m[38;2;65;82;82m[48;2;65;82;82m▀[0m[38;2;65;82;82m[48;2;65;82;82m▀[0m[38;2;65;82;82m[48;2;65;82;82m▀[0m[38;2;65;82;82m[48;2;122;168;175m▀[0m[38;2;122;168;175m[48;2;171;222;224m▀[0m[38;2;171;222;224m[48;2;122;168;175m▀[0m[38;2;122;168;175m[48;2;55;140;89m▀[0m[38;2;34;96;61m[48;2;55;140;89m▀[0m[38;2;171;222;224m[48;2;34;96;61m▀[0m[38;2;16;16;16m[48;2;171;222;224m▀[0m[38;2;171;222;224m[48;2;122;168;175m▀[0m[38;2;230;230;230m[48;2;16;16;16m▀[0m[38;2;46;92;120m[48;2;171;222;224m▀[0m[38;2;171;222;224m[48;2;171;222;224m▀[0m[38;2;171;222;224m[48;2;171;222;224m▀[0m[38;2;171;222;224m[48;2;171;222;224m▀[0m[38;2;171;222;224m[48;2;122;168;175m▀[0m[38;2;46;92;120m[48;2;16;16;16m▀[0m[38;2;55;140;89m[48;2;55;140;89m▀[0m[38;2;55;140;89m[48;2;55;140;89m▀[0m[38;2;55;140;89m[48;2;55;140;89m▀[0m[38;2;55;140;89m[48;2;55;140;89m▀[0m[38;2;55;140;89m[48;2;55;140;89m▀[0m[38;2;21;64;34m[48;2;21;64;34m▀[0m[38;2;55;140;89m[48;2;55;140;89m▀[0m[38;2;55;140;89m[48;2;55;140;89m▀[0m[38;2;55;140;89m[48;2;55;140;89m▀[0m[38;2;171;222;224m[48;2;171;222;224m▀[0m[38;2;171;222;224m[48;2;171;222;224m▀[0m[38;2;171;222;224m[48;2;122;168;175m▀[0m[38;2;122;168;175m[48;2;55;140;89m▀[0m[38;2;55;140;89m[48;2;55;140;89m▀[0m[38;2;55;140;89m[48;2;55;140;89m▀[0m[38;2;55;140;89m[48;2;34;96;61m▀[0m[38;2;55;140;89m[48;2;34;96;61m▀[0m[38;2;55;140;89m[48;2;34;96;61m▀[0m[38;2;34;96;61m[48;2;34;96;61m▀[0m[38;2;34;96;61m[48;2;34;96;61m▀[0m[38;2;34;96;61m[48;2;34;96;61m▀[0m[38;2;34;96;61m[48;2;34;96;61m▀[0m[38;2;34;96;61m[48;2;122;168;175m▀[0m[38;2;34;96;61m[48;2;122;168;175m▀[0m[38;2;34;96;61m[48;2;34;96;61m▀[0m[38;2;34;96;61m[48;2;34;96;61m▀[0m[38;2;16;16;16m[48;2;34;96;61m▀[0m[38;2;16;16;16m[48;2;34;96;61m▀[0m[38;2;16;16;16m[48;2;34;96;61m▀[0m[38;2;34;96;61m[48;2;21;64;34m▀[0m[38;2;34;96;61m[48;2;16;16;16m▀[0m[38;2;16;16;16m[48;2;164;164;164m▀[0m[38;2;164;164;164m[48;2;164;164;164m▀[0m[38;2;164;164;164m[48;2;164;164;164m▀[0m[38;2;164;164;164m[48;2;164;164;164m▀[0m[38;2;164;164;164m[48;2;164;164;164m▀[0m[38;2;164;164;164m[48;2;16;16;16m▀[0m[38;2;98;98;98m▀[38;2;16;16;16m▀                            
[38;2;46;92;120m[48;2;46;92;120m▀[0m[38;2;122;168;175m[48;2;122;168;175m▀[0m[38;2;171;222;224m[48;2;171;222;224m▀[0m[38;2;171;222;224m[48;2;171;222;224m▀[0m[38;2;171;222;224m[48;2;171;222;224m▀[0m[38;2;122;168;175m[48;2;171;222;224m▀[0m[38;2;55;140;89m[48;2;122;168;175m▀[0m[38;2;55;140;89m[48;2;122;168;175m▀[0m[38;2;55;140;89m[48;2;122;168;175m▀[0m[38;2;55;140;89m[48;2;55;140;89m▀[0m[38;2;21;64;34m[48;2;55;140;89m▀[0m[38;2;16;16;16m[48;2;16;16;16m▀[0m[38;2;171;222;224m[48;2;171;222;224m▀[0m[38;2;171;222;224m[48;2;122;168;175m▀[0m[38;2;122;168;175m[48;2;171;222;224m▀[0m[38;2;122;168;175m[48;2;122;168;175m▀[0m[38;2;171;222;224m[48;2;171;222;224m▀[0m[38;2;46;92;120m[48;2;16;16;16m▀[0m[38;2;55;140;89m[48;2;34;96;61m▀[0m[38;2;55;140;89m[48;2;55;140;89m▀[0m[38;2;55;140;89m[48;2;55;140;89m▀[0m[38;2;55;140;89m[48;2;55;140;89m▀[0m[38;2;55;140;89m[48;2;55;140;89m▀[0m[38;2;55;140;89m[48;2;34;96;61m▀[0m[38;2;21;64;34m[48;2;55;140;89m▀[0m[38;2;55;140;89m[48;2;55;140;89m▀[0m[38;2;55;140;89m[48;2;55;140;89m▀[0m[38;2;122;168;175m[48;2;122;168;175m▀[0m[38;2;171;222;224m[48;2;32;49;57m▀[0m[38;2;171;222;224m[48;2;32;49;57m▀[0m[38;2;122;168;175m[48;2;32;49;57m▀[0m[38;2;34;96;61m[48;2;32;49;57m▀[0m[38;2;34;96;61m[48;2;32;49;57m▀[0m[38;2;34;96;61m[48;2;34;96;61m▀[0m[38;2;34;96;61m[48;2;34;96;61m▀[0m[38;2;34;96;61m[48;2;34;96;61m▀[0m[38;2;34;96;61m[48;2;122;168;175m▀[0m[38;2;34;96;61m[48;2;34;96;61m▀[0m[38;2;34;96;61m[48;2;34;96;61m▀[0m[38;2;34;96;61m[48;2;34;96;61m▀[0m[38;2;34;96;61m[48;2;34;96;61m▀[0m[38;2;122;168;175m[48;2;34;96;61m▀[0m[38;2;122;168;175m[48;2;34;96;61m▀[0m[38;2;34;96;61m[48;2;34;96;61m▀[0m[38;2;34;96;61m[48;2;16;16;16m▀[0m[38;2;34;96;61m[48;2;16;16;16m▀[0m[38;2;21;64;34m[48;2;164;164;164m▀[0m[38;2;16;16;16m[48;2;164;164;164m▀[0m[38;2;164;164;164m[48;2;164;164;164m▀[0m[38;2;164;164;164m[48;2;164;164;164m▀[0m[38;2;164;164;164m[48;2;164;164;164m▀[0m[38;2;164;164;164m[48;2;164;164;164m▀[0m[38;2;164;164;164m[48;2;164;164;164m▀[0m[38;2;164;164;164m[48;2;16;16;16m▀[0m[38;2;16;16;16m▀                               
 [38;2;46;92;120m[48;2;46;92;120m▀[0m[38;2;171;222;224m[48;2;122;168;175m▀[0m[38;2;171;222;224m[48;2;171;222;224m▀[0m[38;2;171;222;224m[48;2;171;222;224m▀[0m[38;2;171;222;224m[48;2;171;222;224m▀[0m[38;2;122;168;175m[48;2;122;168;175m▀[0m[38;2;171;222;224m[48;2;16;16;16m▀[0m[38;2;171;222;224m[48;2;16;16;16m▀[0m[38;2;171;222;224m[48;2;171;222;224m▀[0m[38;2;122;168;175m[48;2;171;222;224m▀[0m[38;2;122;168;175m[48;2;171;222;224m▀[0m[38;2;16;16;16m[48;2;171;222;224m▀[0m[38;2;171;222;224m[48;2;16;16;16m▀[0m[38;2;171;222;224m[48;2;122;168;175m▀[0m[38;2;122;168;175m[48;2;171;222;224m▀[0m[38;2;46;92;120m[48;2;16;16;16m▀[0m[38;2;55;140;89m[48;2;55;140;89m▀[0m[38;2;21;64;34m[48;2;55;140;89m▀[0m[38;2;55;140;89m[48;2;34;96;61m▀[0m[38;2;55;140;89m[48;2;55;140;89m▀[0m[38;2;55;140;89m[48;2;55;140;89m▀[0m[38;2;55;140;89m[48;2;21;64;34m▀[0m[38;2;21;64;34m[48;2;55;140;89m▀[0m[38;2;55;140;89m[48;2;34;96;61m▀[0m[38;2;55;140;89m[48;2;34;96;61m▀[0m[38;2;34;96;61m[48;2;122;168;175m▀[0m[38;2;171;222;224m[48;2;171;222;224m▀[0m[38;2;16;16;16m[48;2;122;168;175m▀[0m[38;2;164;164;164m[48;2;16;16;16m▀[0m[38;2;164;164;164m[48;2;164;164;164m▀[0m[38;2;164;164;164m[48;2;164;164;164m▀[0m[38;2;164;164;164m[48;2;164;164;164m▀[0m[38;2;32;49;57m[48;2;164;164;164m▀[0m[38;2;32;49;57m[48;2;164;164;164m▀[0m[38;2;34;96;61m[48;2;32;49;57m▀[0m[38;2;34;96;61m[48;2;32;49;57m▀[0m[38;2;34;96;61m[48;2;34;96;61m▀[0m[38;2;34;96;61m[48;2;21;64;34m▀[0m[38;2;34;96;61m[48;2;16;16;16m▀[0m[38;2;34;96;61m[48;2;16;16;16m▀[0m[38;2;21;64;34m[48;2;164;164;164m▀[0m[38;2;16;16;16m[48;2;164;164;164m▀[0m[38;2;16;16;16m[48;2;164;164;164m▀[0m[38;2;164;164;164m[48;2;164;164;164m▀[0m[38;2;164;164;164m[48;2;164;164;164m▀[0m[38;2;164;164;164m[48;2;164;164;164m▀[0m[38;2;164;164;164m[48;2;164;164;164m▀[0m[38;2;164;164;164m[48;2;164;164;164m▀[0m[38;2;164;164;164m[48;2;164;164;164m▀[0m[38;2;164;164;164m[48;2;164;164;164m▀[0m[38;2;164;164;164m[48;2;98;98;98m▀[0m[38;2;16;16;16m▀                                 
 [38;2;230;230;230m[48;2;16;16;16m▀[0m[38;2;16;16;16m▀[38;2;171;222;224m[48;2;16;16;16m▀[0m[38;2;171;222;224m[48;2;16;16;16m▀[0m[38;2;16;16;16m[48;2;99;62;41m▀[0m[38;2;16;16;16m[48;2;99;62;41m▀[0m[38;2;230;230;230m[48;2;230;230;230m▀[0m[38;2;164;164;164m[48;2;16;16;16m▀[0m[38;2;16;16;16m[48;2;99;62;41m▀[0m[38;2;46;92;120m[48;2;99;62;41m▀[0m[38;2;171;222;224m[48;2;16;16;16m▀[0m[38;2;171;222;224m[48;2;46;92;120m▀[0m[38;2;171;222;224m[48;2;171;222;224m▀[0m[38;2;171;222;224m[48;2;171;222;224m▀[0m[38;2;46;92;120m[48;2;16;16;16m▀[0m[38;2;55;140;89m[48;2;55;140;89m▀[0m[38;2;55;140;89m[48;2;55;140;89m▀[0m[38;2;55;140;89m[48;2;55;140;89m▀[0m[38;2;21;64;34m[48;2;55;140;89m▀[0m[38;2;55;140;89m[48;2;21;64;34m▀[0m[38;2;21;64;34m[48;2;55;140;89m▀[0m[38;2;55;140;89m[48;2;34;96;61m▀[0m[38;2;34;96;61m[48;2;34;96;61m▀[0m[38;2;34;96;61m[48;2;34;96;61m▀[0m[38;2;34;96;61m[48;2;122;168;175m▀[0m[38;2;122;168;175m[48;2;122;168;175m▀[0m[38;2;122;168;175m[48;2;122;168;175m▀[0m[38;2;122;168;175m[48;2;122;168;175m▀[0m[38;2;34;96;61m[48;2;34;96;61m▀[0m[38;2;16;16;16m[48;2;34;96;61m▀[0m[38;2;164;164;164m[48;2;16;16;16m▀[0m[38;2;164;164;164m[48;2;164;164;164m▀[0m[38;2;164;164;164m[48;2;164;164;164m▀[0m[38;2;164;164;164m[48;2;230;230;230m▀[0m[38;2;230;230;230m[48;2;230;230;230m▀[0m[38;2;230;230;230m[48;2;230;230;230m▀[0m[38;2;98;98;98m[48;2;230;230;230m▀[0m[38;2;98;98;98m▄[38;2;98;98;98m▄ [38;2;98;98;98m▀[38;2;98;98;98m▀[38;2;164;164;164m[48;2;98;98;98m▀[0m[38;2;164;164;164m[48;2;98;98;98m▀[0m[38;2;164;164;164m[48;2;164;164;164m▀[0m[38;2;164;164;164m[48;2;164;164;164m▀[0m[38;2;164;164;164m[48;2;164;164;164m▀[0m[38;2;164;164;164m[48;2;164;164;164m▀[0m[38;2;164;164;164m[48;2;164;164;164m▀[0m[38;2;164;164;164m[48;2;16;16;16m▀[0m[38;2;16;16;16m▀                                  
     [38;2;99;62;41m▀[38;2;99;62;41m[48;2;99;62;41m▀[0m[38;2;16;16;16m▀[38;2;99;62;41m[48;2;99;62;41m▀[0m[38;2;99;62;41m[48;2;99;62;41m▀[0m[38;2;99;62;41m[48;2;99;62;41m▀[0m[38;2;99;62;41m[48;2;99;62;41m▀[0m[38;2;99;62;41m[48;2;99;62;41m▀[0m[38;2;16;16;16m[48;2;99;62;41m▀[0m[38;2;16;16;16m[48;2;99;62;41m▀[0m[38;2;16;16;16m[48;2;16;16;16m▀[0m[38;2;55;140;89m[48;2;55;140;89m▀[0m[38;2;55;140;89m[48;2;55;140;89m▀[0m[38;2;55;140;89m[48;2;55;140;89m▀[0m[38;2;55;140;89m[48;2;55;140;89m▀[0m[38;2;55;140;89m[48;2;34;96;61m▀[0m[38;2;34;96;61m[48;2;34;96;61m▀[0m[38;2;34;96;61m[48;2;34;96;61m▀[0m[38;2;34;96;61m[48;2;122;168;175m▀[0m[38;2;122;168;175m[48;2;122;168;175m▀[0m[38;2;122;168;175m[48;2;34;96;61m▀[0m[38;2;122;168;175m[48;2;34;96;61m▀[0m[38;2;34;96;61m[48;2;34;96;61m▀[0m[38;2;34;96;61m[48;2;16;16;16m▀[0m[38;2;34;96;61m[48;2;16;16;16m▀[0m[38;2;16;16;16m▀[38;2;16;16;16m▀[38;2;16;16;16m[48;2;16;16;16m▀[0m[38;2;164;164;164m[48;2;230;230;230m▀[0m[38;2;230;230;230m[48;2;230;230;230m▀[0m[38;2;230;230;230m[48;2;230;230;230m▀[0m[38;2;230;230;230m[48;2;230;230;230m▀[0m[38;2;230;230;230m[48;2;230;230;230m▀[0m[38;2;230;230;230m[48;2;230;230;230m▀[0m[38;2;230;230;230m[48;2;230;230;230m▀[0m[38;2;98;98;98m[48;2;230;230;230m▀[0m[38;2;98;98;98m[48;2;230;230;230m▀[0m[38;2;98;98;98m▄  [38;2;98;98;98m▀[38;2;164;164;164m[48;2;98;98;98m▀[0m[38;2;164;164;164m[48;2;164;164;164m▀[0m[38;2;164;164;164m[48;2;164;164;164m▀[0m[38;2;164;164;164m[48;2;16;16;16m▀[0m[38;2;16;16;16m▀                                   
    [38;2;16;16;16m▄[38;2;98;98;98m▄ [38;2;99;62;41m▄[38;2;99;62;41m[48;2;99;62;41m▀[0m[38;2;16;16;16m[48;2;16;16;16m▀[0m[38;2;98;98;98m[48;2;230;230;230m▀[0m[38;2;99;62;41m[48;2;98;98;98m▀[0m[38;2;99;62;41m[48;2;99;62;41m▀[0m[38;2;99;62;41m[48;2;99;62;41m▀[0m[38;2;99;62;41m[48;2;99;62;41m▀[0m[38;2;16;16;16m[48;2;21;64;34m▀[0m[38;2;55;140;89m[48;2;55;140;89m▀[0m[38;2;55;140;89m[48;2;55;140;89m▀[0m[38;2;55;140;89m[48;2;55;140;89m▀[0m[38;2;34;96;61m[48;2;34;96;61m▀[0m[38;2;34;96;61m[48;2;34;96;61m▀[0m[38;2;34;96;61m[48;2;34;96;61m▀[0m[38;2;34;96;61m[48;2;34;96;61m▀[0m[38;2;34;96;61m[48;2;16;16;16m▀[0m[38;2;34;96;61m[48;2;16;16;16m▀[0m[38;2;21;64;34m[48;2;164;164;164m▀[0m[38;2;16;16;16m[48;2;164;164;164m▀[0m[38;2;16;16;16m[48;2;98;98;98m▀[0m     [38;2;16;16;16m[48;2;16;16;16m▀[0m[38;2;230;230;230m[48;2;230;230;230m▀[0m[38;2;230;230;230m[48;2;230;230;230m▀[0m[38;2;230;230;230m[48;2;230;230;230m▀[0m[38;2;230;230;230m[48;2;230;230;230m▀[0m[38;2;230;230;230m[48;2;230;230;230m▀[0m[38;2;230;230;230m[48;2;230;230;230m▀[0m[38;2;230;230;230m[48;2;230;230;230m▀[0m[38;2;230;230;230m[48;2;230;230;230m▀[0m[38;2;230;230;230m[48;2;230;230;230m▀[0m[38;2;98;98;98m[48;2;230;230;230m▀[0m[38;2;98;98;98m▄  [38;2;98;98;98m▀[38;2;164;164;164m[48;2;98;98;98m▀[0m[38;2;16;16;16m[48;2;16;16;16m▀[0m                                    
    [38;2;16;16;16m[48;2;16;16;16m▀[0m[38;2;230;230;230m[48;2;122;168;175m▀[0m[38;2;98;98;98m[48;2;16;16;16m▀[0m[38;2;99;62;41m[48;2;99;62;41m▀[0m[38;2;99;62;41m[48;2;99;62;41m▀[0m[38;2;16;16;16m[48;2;16;16;16m▀[0m[38;2;230;230;230m[48;2;16;16;16m▀[0m[38;2;164;164;164m[48;2;122;168;175m▀[0m[38;2;16;16;16m[48;2;171;222;224m▀[0m[38;2;16;16;16m[48;2;171;222;224m▀[0m[38;2;16;16;16m[48;2;171;222;224m▀[0m[38;2;122;168;175m[48;2;122;168;175m▀[0m[38;2;55;140;89m[48;2;55;140;89m▀[0m[38;2;55;140;89m[48;2;55;140;89m▀[0m[38;2;34;96;61m[48;2;34;96;61m▀[0m[38;2;34;96;61m[48;2;16;16;16m▀[0m[38;2;34;96;61m[48;2;16;16;16m▀[0m[38;2;16;16;16m[48;2;98;98;98m▀[0m[38;2;16;16;16m[48;2;164;164;164m▀[0m[38;2;164;164;164m[48;2;164;164;164m▀[0m[38;2;164;164;164m[48;2;164;164;164m▀[0m[38;2;164;164;164m[48;2;164;164;164m▀[0m[38;2;98;98;98m[48;2;98;98;98m▀[0m       [38;2;16;16;16m[48;2;16;16;16m▀[0m[38;2;230;230;230m[48;2;230;230;230m▀[0m[38;2;230;230;230m[48;2;230;230;230m▀[0m[38;2;230;230;230m[48;2;230;230;230m▀[0m[38;2;230;230;230m[48;2;230;230;230m▀[0m[38;2;230;230;230m[48;2;230;230;230m▀[0m[38;2;230;230;230m[48;2;230;230;230m▀[0m[38;2;230;230;230m[48;2;230;230;230m▀[0m[38;2;230;230;230m[48;2;230;230;230m▀[0m[38;2;230;230;230m[48;2;230;230;230m▀[0m[38;2;230;230;230m[48;2;230;230;230m▀[0m[38;2;98;98;98m[48;2;230;230;230m▀[0m[38;2;98;98;98m▄                                       
     [38;2;16;16;16m[48;2;16;16;16m▀[0m[38;2;122;168;175m[48;2;122;168;175m▀[0m[38;2;16;16;16m[48;2;171;222;224m▀[0m[38;2;16;16;16m[48;2;171;222;224m▀[0m[38;2;171;222;224m[48;2;171;222;224m▀[0m[38;2;171;222;224m[48;2;171;222;224m▀[0m[38;2;122;168;175m[48;2;122;168;175m▀[0m[38;2;171;222;224m[48;2;55;140;89m▀[0m[38;2;122;168;175m[48;2;55;140;89m▀[0m[38;2;55;140;89m[48;2;55;140;89m▀[0m[38;2;55;140;89m[48;2;55;140;89m▀[0m[38;2;55;140;89m[48;2;34;96;61m▀[0m[38;2;34;96;61m[48;2;16;16;16m▀[0m[38;2;16;16;16m▀  [38;2;16;16;16m▀[38;2;164;164;164m[48;2;98;98;98m▀[0m[38;2;164;164;164m[48;2;164;164;164m▀[0m[38;2;164;164;164m[48;2;164;164;164m▀[0m[38;2;164;164;164m[48;2;98;98;98m▀[0m[38;2;98;98;98m▀       [38;2;16;16;16m▀[38;2;230;230;230m[48;2;16;16;16m▀[0m[38;2;230;230;230m[48;2;230;230;230m▀[0m[38;2;230;230;230m[48;2;230;230;230m▀[0m[38;2;230;230;230m[48;2;230;230;230m▀[0m[38;2;230;230;230m[48;2;98;98;98m▀[0m[38;2;230;230;230m[48;2;16;16;16m▀[0m[38;2;230;230;230m[48;2;16;16;16m▀[0m[38;2;16;16;16m▀[38;2;16;16;16m▀[38;2;16;16;16m▀[38;2;16;16;16m▀[38;2;16;16;16m▀                                       
      [38;2;16;16;16m[48;2;16;16;16m▀[0m[38;2;171;222;224m[48;2;122;168;175m▀[0m[38;2;171;222;224m[48;2;171;222;224m▀[0m[38;2;171;222;224m[48;2;122;168;175m▀[0m[38;2;122;168;175m[48;2;55;140;89m▀[0m[38;2;55;140;89m[48;2;55;140;89m▀[0m[38;2;55;140;89m[48;2;55;140;89m▀[0m[38;2;55;140;89m[48;2;16;16;16m▀[0m[38;2;55;140;89m[48;2;16;16;16m▀[0m[38;2;16;16;16m▀[38;2;16;16;16m▀     [38;2;16;16;16m▀[38;2;164;164;164m[48;2;16;16;16m▀[0m[38;2;164;164;164m[48;2;164;164;164m▀[0m[38;2;98;98;98m[48;2;98;98;98m▀[0m         [38;2;16;16;16m[48;2;16;16;16m▀[0m[38;2;230;230;230m[48;2;16;16;16m▀[0m[38;2;98;98;98m▀[38;2;16;16;16m▀                                               
       [38;2;16;16;16m▀[38;2;16;16;16m▀[38;2;16;16;16m▀[38;2;16;16;16m▀[38;2;16;16;16m▀[38;2;16;16;16m▀           [38;2;16;16;16m▀[38;2;98;98;98m▀                                                            
[0m