              [38;2;235;129;68m▄[38;2;235;129;68m▄[38;2;235;129;68m[48;2;245;169;76m▀[0m[38;2;235;129;68m[48;2;245;169;76m▀[0m[38;2;235;129;68m[48;2;245;169;76m▀[0m[38;2;235;129;68m[48;2;245;169;76m▀[0m[38;2;235;129;68m[48;2;245;169;76m▀[0m[38;2;235;129;68m[48;2;245;169;76m▀[0m[38;2;235;129;68m[48;2;245;169;76m▀[0m[38;2;235;129;68m▄[38;2;235;129;68m▄               
         [38;2;141;134;127m▄[38;2;141;134;127m▄[38;2;141;134;127m▄[38;2;18;117;105m▄[38;2;18;117;105m[48;2;71;199;169m▀[0m[38;2;245;169;76m[48;2;71;199;169m▀[0m[38;2;245;169;76m[48;2;235;129;68m▀[0m[38;2;245;169;76m[48;2;245;169;76m▀[0m[38;2;245;169;76m[48;2;245;169;76m▀[0m[38;2;245;169;76m[48;2;245;169;76m▀[0m[38;2;245;169;76m[48;2;235;129;68m▀[0m[38;2;245;169;76m[48;2;71;199;169m▀[0m[38;2;235;129;68m[48;2;71;199;169m▀[0m[38;2;235;129;68m[48;2;71;199;169m▀[0m[38;2;235;129;68m[48;2;71;199;169m▀[0m[38;2;71;199;169m[48;2;71;199;169m▀[0m[38;2;18;117;105m[48;2;71;199;169m▀[0m[38;2;18;117;105m▄             
      [38;2;141;134;127m▄[38;2;141;134;127m[48;2;252;251;252m▀[0m[38;2;141;134;127m[48;2;252;251;252m▀[0m[38;2;252;251;252m[48;2;252;251;252m▀[0m[38;2;252;251;252m[48;2;29;142;120m▀[0m[38;2;18;117;105m[48;2;71;199;169m▀[0m[38;2;71;199;169m[48;2;71;199;169m▀[0m[38;2;71;199;169m[48;2;71;199;169m▀[0m[38;2;71;199;169m[48;2;71;199;169m▀[0m[38;2;71;199;169m[48;2;71;199;169m▀[0m[38;2;235;129;68m[48;2;71;199;169m▀[0m[38;2;235;129;68m[48;2;71;199;169m▀[0m[38;2;235;129;68m[48;2;71;199;169m▀[0m[38;2;71;199;169m[48;2;71;199;169m▀[0m[38;2;71;199;169m[48;2;71;199;169m▀[0m[38;2;71;199;169m[48;2;71;199;169m▀[0m[38;2;71;199;169m[48;2;71;199;169m▀[0m[38;2;71;199;169m[48;2;71;199;169m▀[0m[38;2;71;199;169m[48;2;71;199;169m▀[0m[38;2;71;199;169m[48;2;71;199;169m▀[0m[38;2;71;199;169m[48;2;71;199;169m▀[0m[38;2;18;117;105m[48;2;141;134;127m▀[0m[38;2;141;134;127m[48;2;252;251;252m▀[0m[38;2;141;134;127m[48;2;252;251;252m▀[0m[38;2;141;134;127m▄[38;2;141;134;127m▄        
     [38;2;141;134;127m[48;2;141;134;127m▀[0m[38;2;245;244;191m[48;2;243;242;38m▀[0m[38;2;243;242;38m[48;2;15;15;15m▀[0m[38;2;245;244;191m[48;2;243;242;38m▀[0m[38;2;252;251;252m[48;2;29;142;120m▀[0m[38;2;29;142;120m[48;2;71;199;169m▀[0m[38;2;71;199;169m[48;2;71;199;169m▀[0m[38;2;71;199;169m[48;2;71;199;169m▀[0m[38;2;71;199;169m[48;2;71;199;169m▀[0m[38;2;71;199;169m[48;2;71;199;169m▀[0m[38;2;71;199;169m[48;2;71;199;169m▀[0m[38;2;71;199;169m[48;2;71;199;169m▀[0m[38;2;71;199;169m[48;2;71;199;169m▀[0m[38;2;71;199;169m[48;2;71;199;169m▀[0m[38;2;71;199;169m[48;2;71;199;169m▀[0m[38;2;71;199;169m[48;2;71;199;169m▀[0m[38;2;71;199;169m[48;2;71;199;169m▀[0m[38;2;71;199;169m[48;2;71;199;169m▀[0m[38;2;71;199;169m[48;2;71;199;169m▀[0m[38;2;71;199;169m[48;2;71;199;169m▀[0m[38;2;71;199;169m[48;2;71;199;169m▀[0m[38;2;29;142;120m[48;2;29;142;120m▀[0m[38;2;252;251;252m[48;2;252;251;252m▀[0m[38;2;252;251;252m[48;2;245;244;191m▀[0m[38;2;252;251;252m[48;2;243;242;38m▀[0m[38;2;252;251;252m[48;2;245;244;191m▀[0m[38;2;252;251;252m[48;2;252;251;252m▀[0m[38;2;141;134;127m[48;2;252;251;252m▀[0m[38;2;141;134;127m▄      
    [38;2;90;83;76m[48;2;90;83;76m▀[0m[38;2;243;242;38m[48;2;243;242;38m▀[0m[38;2;15;15;15m[48;2;15;15;15m▀[0m[38;2;15;15;15m[48;2;243;242;38m▀[0m[38;2;243;242;38m[48;2;29;142;120m▀[0m[38;2;29;142;120m[48;2;71;199;169m▀[0m[38;2;71;199;169m[48;2;71;199;169m▀[0m[38;2;71;199;169m[48;2;71;199;169m▀[0m[38;2;71;199;169m[48;2;71;199;169m▀[0m[38;2;227;198;36m[48;2;243;242;38m▀[0m[38;2;243;242;38m[48;2;243;242;38m▀[0m[38;2;71;199;169m[48;2;71;199;169m▀[0m[38;2;71;199;169m[48;2;71;199;169m▀[0m[38;2;71;199;169m[48;2;71;199;169m▀[0m[38;2;227;198;36m[48;2;243;242;38m▀[0m[38;2;243;242;38m[48;2;243;242;38m▀[0m[38;2;71;199;169m[48;2;71;199;169m▀[0m[38;2;71;199;169m[48;2;71;199;169m▀[0m[38;2;71;199;169m[48;2;71;199;169m▀[0m[38;2;71;199;169m[48;2;71;199;169m▀[0m[38;2;71;199;169m[48;2;71;199;169m▀[0m[38;2;71;199;169m[48;2;71;199;169m▀[0m[38;2;29;142;120m[48;2;29;142;120m▀[0m[38;2;252;251;252m[48;2;252;251;252m▀[0m[38;2;243;242;38m[48;2;243;242;38m▀[0m[38;2;15;15;15m[48;2;15;15;15m▀[0m[38;2;243;242;38m[48;2;15;15;15m▀[0m[38;2;245;244;191m[48;2;243;242;38m▀[0m[38;2;252;251;252m[48;2;252;251;252m▀[0m[38;2;141;134;127m[48;2;252;251;252m▀[0m[38;2;90;83;76m▄     
    [38;2;90;83;76m▀[38;2;245;244;191m[48;2;90;83;76m▀[0m[38;2;243;242;38m[48;2;252;251;252m▀[0m[38;2;245;244;191m[48;2;29;142;120m▀[0m[38;2;29;142;120m[48;2;71;199;169m▀[0m[38;2;227;198;36m[48;2;243;242;38m▀[0m[38;2;243;242;38m[48;2;243;242;38m▀[0m[38;2;227;198;36m[48;2;243;242;38m▀[0m[38;2;71;199;169m[48;2;71;199;169m▀[0m[38;2;227;198;36m[48;2;71;199;169m▀[0m[38;2;243;242;38m[48;2;71;199;169m▀[0m[38;2;71;199;169m[48;2;71;199;169m▀[0m[38;2;71;199;169m[48;2;71;199;169m▀[0m[38;2;71;199;169m[48;2;71;199;169m▀[0m[38;2;243;242;38m[48;2;71;199;169m▀[0m[38;2;227;198;36m[48;2;71;199;169m▀[0m[38;2;71;199;169m[48;2;71;199;169m▀[0m[38;2;227;198;36m[48;2;243;242;38m▀[0m[38;2;243;242;38m[48;2;243;242;38m▀[0m[38;2;227;198;36m[48;2;243;242;38m▀[0m[38;2;71;199;169m[48;2;71;199;169m▀[0m[38;2;71;199;169m[48;2;71;199;169m▀[0m[38;2;71;199;169m[48;2;71;199;169m▀[0m[38;2;29;142;120m[48;2;29;142;120m▀[0m[38;2;245;244;191m[48;2;252;251;252m▀[0m[38;2;243;242;38m[48;2;245;244;191m▀[0m[38;2;15;15;15m[48;2;243;242;38m▀[0m[38;2;243;242;38m[48;2;245;244;191m▀[0m[38;2;252;251;252m[48;2;252;251;252m▀[0m[38;2;252;251;252m[48;2;252;251;252m▀[0m[38;2;90;83;76m[48;2;90;83;76m▀[0m     
     [38;2;90;83;76m▀[38;2;29;142;120m[48;2;29;142;120m▀[0m[38;2;71;199;169m[48;2;71;199;169m▀[0m[38;2;71;199;169m[48;2;71;199;169m▀[0m[38;2;227;198;36m[48;2;71;199;169m▀[0m[38;2;243;242;38m[48;2;71;199;169m▀[0m[38;2;245;169;76m[48;2;71;199;169m▀[0m[38;2;71;199;169m[48;2;245;169;76m▀[0m[38;2;71;199;169m[48;2;245;169;76m▀[0m[38;2;71;199;169m[48;2;245;169;76m▀[0m[38;2;71;199;169m[48;2;245;169;76m▀[0m[38;2;71;199;169m[48;2;245;169;76m▀[0m[38;2;71;199;169m[48;2;245;169;76m▀[0m[38;2;71;199;169m[48;2;245;169;76m▀[0m[38;2;71;199;169m[48;2;245;169;76m▀[0m[38;2;245;169;76m[48;2;71;199;169m▀[0m[38;2;245;169;76m[48;2;71;199;169m▀[0m[38;2;243;242;38m[48;2;71;199;169m▀[0m[38;2;227;198;36m[48;2;71;199;169m▀[0m[38;2;71;199;169m[48;2;71;199;169m▀[0m[38;2;71;199;169m[48;2;71;199;169m▀[0m[38;2;71;199;169m[48;2;71;199;169m▀[0m[38;2;71;199;169m[48;2;71;199;169m▀[0m[38;2;29;142;120m[48;2;71;199;169m▀[0m[38;2;252;251;252m[48;2;18;117;105m▀[0m[38;2;252;251;252m[48;2;252;251;252m▀[0m[38;2;252;251;252m[48;2;252;251;252m▀[0m[38;2;252;251;252m[48;2;252;251;252m▀[0m[38;2;252;251;252m[48;2;90;83;76m▀[0m[38;2;90;83;76m▀     
     [38;2;29;142;120m[48;2;29;142;120m▀[0m[38;2;71;199;169m[48;2;71;199;169m▀[0m[38;2;71;199;169m[48;2;71;199;169m▀[0m[38;2;71;199;169m[48;2;71;199;169m▀[0m[38;2;71;199;169m[48;2;71;199;169m▀[0m[38;2;71;199;169m[48;2;71;199;169m▀[0m[38;2;71;199;169m[48;2;71;199;169m▀[0m[38;2;71;199;169m[48;2;71;199;169m▀[0m[38;2;71;199;169m[48;2;71;199;169m▀[0m[38;2;71;199;169m[48;2;71;199;169m▀[0m[38;2;71;199;169m[48;2;71;199;169m▀[0m[38;2;71;199;169m[48;2;71;199;169m▀[0m[38;2;71;199;169m[48;2;71;199;169m▀[0m[38;2;71;199;169m[48;2;71;199;169m▀[0m[38;2;71;199;169m[48;2;71;199;169m▀[0m[38;2;71;199;169m[48;2;71;199;169m▀[0m[38;2;71;199;169m[48;2;71;199;169m▀[0m[38;2;71;199;169m[48;2;71;199;169m▀[0m[38;2;71;199;169m[48;2;71;199;169m▀[0m[38;2;71;199;169m[48;2;71;199;169m▀[0m[38;2;71;199;169m[48;2;71;199;169m▀[0m[38;2;71;199;169m[48;2;71;199;169m▀[0m[38;2;71;199;169m[48;2;71;199;169m▀[0m[38;2;71;199;169m[48;2;71;199;169m▀[0m[38;2;71;199;169m[48;2;71;199;169m▀[0m[38;2;18;117;105m[48;2;71;199;169m▀[0m[38;2;18;117;105m[48;2;71;199;169m▀[0m[38;2;18;117;105m[48;2;71;199;169m▀[0m[38;2;18;79;73m▄      
   [38;2;18;117;105m▄[38;2;29;142;120m[48;2;71;199;169m▀[0m[38;2;71;199;169m[48;2;71;199;169m▀[0m[38;2;71;199;169m[48;2;71;199;169m▀[0m[38;2;71;199;169m[48;2;71;199;169m▀[0m[38;2;71;199;169m[48;2;71;199;169m▀[0m[38;2;71;199;169m[48;2;71;199;169m▀[0m[38;2;71;199;169m[48;2;71;199;169m▀[0m[38;2;71;199;169m[48;2;90;83;76m▀[0m[38;2;71;199;169m[48;2;90;83;76m▀[0m[38;2;90;83;76m[48;2;141;134;127m▀[0m[38;2;90;83;76m[48;2;141;134;127m▀[0m[38;2;90;83;76m[48;2;141;134;127m▀[0m[38;2;90;83;76m[48;2;141;134;127m▀[0m[38;2;90;83;76m[48;2;141;134;127m▀[0m[38;2;90;83;76m[48;2;141;134;127m▀[0m[38;2;90;83;76m[48;2;141;134;127m▀[0m[38;2;71;199;169m[48;2;90;83;76m▀[0m[38;2;71;199;169m[48;2;90;83;76m▀[0m[38;2;71;199;169m[48;2;90;83;76m▀[0m[38;2;71;199;169m[48;2;71;199;169m▀[0m[38;2;71;199;169m[48;2;71;199;169m▀[0m[38;2;71;199;169m[48;2;71;199;169m▀[0m[38;2;71;199;169m[48;2;71;199;169m▀[0m[38;2;71;199;169m[48;2;71;199;169m▀[0m[38;2;71;199;169m[48;2;71;199;169m▀[0m[38;2;71;199;169m[48;2;71;199;169m▀[0m[38;2;71;199;169m[48;2;71;199;169m▀[0m[38;2;71;199;169m[48;2;71;199;169m▀[0m[38;2;71;199;169m[48;2;71;199;169m▀[0m[38;2;18;79;73m[48;2;18;79;73m▀[0m      
 [38;2;18;117;105m▄[38;2;18;117;105m[48;2;71;199;169m▀[0m[38;2;71;199;169m[48;2;71;199;169m▀[0m[38;2;71;199;169m[48;2;71;199;169m▀[0m[38;2;71;199;169m[48;2;71;199;169m▀[0m[38;2;71;199;169m[48;2;29;142;120m▀[0m[38;2;71;199;169m[48;2;71;199;169m▀[0m[38;2;71;199;169m[48;2;90;83;76m▀[0m[38;2;90;83;76m[48;2;141;134;127m▀[0m[38;2;90;83;76m[48;2;141;134;127m▀[0m[38;2;141;134;127m[48;2;252;251;252m▀[0m[38;2;141;134;127m[48;2;252;251;252m▀[0m[38;2;141;134;127m[48;2;185;178;175m▀[0m[38;2;141;134;127m[48;2;141;134;127m▀[0m[38;2;141;134;127m[48;2;141;134;127m▀[0m[38;2;141;134;127m[48;2;141;134;127m▀[0m[38;2;141;134;127m[48;2;141;134;127m▀[0m[38;2;141;134;127m[48;2;141;134;127m▀[0m[38;2;141;134;127m[48;2;141;134;127m▀[0m[38;2;141;134;127m[48;2;141;134;127m▀[0m[38;2;141;134;127m[48;2;141;134;127m▀[0m[38;2;141;134;127m[48;2;141;134;127m▀[0m[38;2;90;83;76m[48;2;141;134;127m▀[0m[38;2;90;83;76m[48;2;141;134;127m▀[0m[38;2;71;199;169m[48;2;90;83;76m▀[0m[38;2;71;199;169m[48;2;71;199;169m▀[0m[38;2;71;199;169m[48;2;29;142;120m▀[0m[38;2;29;142;120m[48;2;71;199;169m▀[0m[38;2;71;199;169m[48;2;71;199;169m▀[0m[38;2;71;199;169m[48;2;71;199;169m▀[0m[38;2;71;199;169m[48;2;71;199;169m▀[0m[38;2;71;199;169m[48;2;71;199;169m▀[0m[38;2;71;199;169m[48;2;71;199;169m▀[0m[38;2;18;79;73m[48;2;18;79;73m▀[0m     
[38;2;18;79;73m▄[38;2;18;117;105m[48;2;71;199;169m▀[0m[38;2;71;199;169m[48;2;71;199;169m▀[0m[38;2;71;199;169m[48;2;71;199;169m▀[0m[38;2;71;199;169m[48;2;71;199;169m▀[0m[38;2;71;199;169m[48;2;71;199;169m▀[0m[38;2;71;199;169m[48;2;71;199;169m▀[0m[38;2;18;117;105m[48;2;18;117;105m▀[0m[38;2;141;134;127m[48;2;141;134;127m▀[0m[38;2;141;134;127m[48;2;141;134;127m▀[0m[38;2;252;251;252m[48;2;141;134;127m▀[0m[38;2;185;178;175m[48;2;141;134;127m▀[0m[38;2;141;134;127m[48;2;141;134;127m▀[0m[38;2;141;134;127m[48;2;141;134;127m▀[0m[38;2;141;134;127m[48;2;141;134;127m▀[0m[38;2;141;134;127m[48;2;141;134;127m▀[0m[38;2;141;134;127m[48;2;141;134;127m▀[0m[38;2;141;134;127m[48;2;141;134;127m▀[0m[38;2;141;134;127m[48;2;141;134;127m▀[0m[38;2;141;134;127m[48;2;141;134;127m▀[0m[38;2;141;134;127m[48;2;141;134;127m▀[0m[38;2;141;134;127m[48;2;141;134;127m▀[0m[38;2;141;134;127m[48;2;141;134;127m▀[0m[38;2;141;134;127m[48;2;141;134;127m▀[0m[38;2;141;134;127m[48;2;141;134;127m▀[0m[38;2;141;134;127m[48;2;141;134;127m▀[0m[38;2;18;117;105m[48;2;18;117;105m▀[0m[38;2;71;199;169m[48;2;71;199;169m▀[0m[38;2;71;199;169m[48;2;71;199;169m▀[0m[38;2;71;199;169m[48;2;71;199;169m▀[0m[38;2;71;199;169m[48;2;71;199;169m▀[0m[38;2;71;199;169m[48;2;71;199;169m▀[0m[38;2;71;199;169m[48;2;71;199;169m▀[0m[38;2;71;199;169m[48;2;71;199;169m▀[0m[38;2;29;142;120m[48;2;29;142;120m▀[0m[38;2;18;79;73m[48;2;18;79;73m▀[0m    
[38;2;18;79;73m[48;2;18;79;73m▀[0m[38;2;71;199;169m[48;2;71;199;169m▀[0m[38;2;71;199;169m[48;2;71;199;169m▀[0m[38;2;71;199;169m[48;2;71;199;169m▀[0m[38;2;71;199;169m[48;2;71;199;169m▀[0m[38;2;71;199;169m[48;2;71;199;169m▀[0m[38;2;71;199;169m[48;2;71;199;169m▀[0m[38;2;71;199;169m[48;2;71;199;169m▀[0m[38;2;18;79;73m[48;2;18;79;73m▀[0m[38;2;141;134;127m[48;2;141;134;127m▀[0m[38;2;141;134;127m[48;2;141;134;127m▀[0m[38;2;141;134;127m[48;2;141;134;127m▀[0m[38;2;141;134;127m[48;2;141;134;127m▀[0m[38;2;141;134;127m[48;2;141;134;127m▀[0m[38;2;141;134;127m[48;2;141;134;127m▀[0m[38;2;141;134;127m[48;2;141;134;127m▀[0m[38;2;141;134;127m[48;2;141;134;127m▀[0m[38;2;141;134;127m[48;2;141;134;127m▀[0m[38;2;141;134;127m[48;2;141;134;127m▀[0m[38;2;141;134;127m[48;2;141;134;127m▀[0m[38;2;141;134;127m[48;2;141;134;127m▀[0m[38;2;141;134;127m[48;2;141;134;127m▀[0m[38;2;141;134;127m[48;2;141;134;127m▀[0m[38;2;141;134;127m[48;2;141;134;127m▀[0m[38;2;141;134;127m[48;2;141;134;127m▀[0m[38;2;18;79;73m[48;2;18;79;73m▀[0m[38;2;71;199;169m[48;2;71;199;169m▀[0m[38;2;71;199;169m[48;2;71;199;169m▀[0m[38;2;71;199;169m[48;2;71;199;169m▀[0m[38;2;71;199;169m[48;2;71;199;169m▀[0m[38;2;71;199;169m[48;2;71;199;169m▀[0m[38;2;71;199;169m[48;2;71;199;169m▀[0m[38;2;71;199;169m[48;2;71;199;169m▀[0m[38;2;71;199;169m[48;2;29;142;120m▀[0m[38;2;29;142;120m[48;2;29;142;120m▀[0m[38;2;29;142;120m[48;2;29;142;120m▀[0m[38;2;15;15;15m[48;2;18;79;73m▀[0m   
[38;2;18;79;73m▀[38;2;29;142;120m[48;2;15;15;15m▀[0m[38;2;71;199;169m[48;2;29;142;120m▀[0m[38;2;71;199;169m[48;2;71;199;169m▀[0m[38;2;71;199;169m[48;2;71;199;169m▀[0m[38;2;71;199;169m[48;2;71;199;169m▀[0m[38;2;71;199;169m[48;2;71;199;169m▀[0m[38;2;71;199;169m[48;2;29;142;120m▀[0m[38;2;18;79;73m[48;2;18;79;73m▀[0m[38;2;141;134;127m[48;2;141;134;127m▀[0m[38;2;141;134;127m[48;2;141;134;127m▀[0m[38;2;141;134;127m[48;2;141;134;127m▀[0m[38;2;141;134;127m[48;2;141;134;127m▀[0m[38;2;141;134;127m[48;2;141;134;127m▀[0m[38;2;141;134;127m[48;2;227;198;36m▀[0m[38;2;141;134;127m[48;2;243;242;38m▀[0m[38;2;141;134;127m[48;2;243;242;38m▀[0m[38;2;141;134;127m[48;2;227;198;36m▀[0m[38;2;141;134;127m[48;2;141;134;127m▀[0m[38;2;141;134;127m[48;2;141;134;127m▀[0m[38;2;141;134;127m[48;2;141;134;127m▀[0m[38;2;141;134;127m[48;2;141;134;127m▀[0m[38;2;141;134;127m[48;2;141;134;127m▀[0m[38;2;141;134;127m[48;2;141;134;127m▀[0m[38;2;141;134;127m[48;2;141;134;127m▀[0m[38;2;18;79;73m[48;2;18;79;73m▀[0m[38;2;71;199;169m[48;2;29;142;120m▀[0m[38;2;71;199;169m[48;2;71;199;169m▀[0m[38;2;71;199;169m[48;2;71;199;169m▀[0m[38;2;71;199;169m[48;2;71;199;169m▀[0m[38;2;71;199;169m[48;2;71;199;169m▀[0m[38;2;71;199;169m[48;2;29;142;120m▀[0m[38;2;29;142;120m[48;2;15;15;15m▀[0m[38;2;18;79;73m[48;2;29;142;120m▀[0m[38;2;29;142;120m[48;2;29;142;120m▀[0m[38;2;29;142;120m[48;2;29;142;120m▀[0m[38;2;29;142;120m[48;2;29;142;120m▀[0m[38;2;15;15;15m[48;2;18;79;73m▀[0m  
 [38;2;18;117;105m[48;2;18;117;105m▀[0m[38;2;15;15;15m[48;2;29;142;120m▀[0m[38;2;15;15;15m[48;2;29;142;120m▀[0m[38;2;29;142;120m[48;2;15;15;15m▀[0m[38;2;29;142;120m[48;2;15;15;15m▀[0m[38;2;29;142;120m[48;2;15;15;15m▀[0m[38;2;15;15;15m[48;2;141;134;127m▀[0m[38;2;141;134;127m[48;2;141;134;127m▀[0m[38;2;141;134;127m[48;2;141;134;127m▀[0m[38;2;141;134;127m[48;2;141;134;127m▀[0m[38;2;141;134;127m[48;2;141;134;127m▀[0m[38;2;141;134;127m[48;2;227;198;36m▀[0m[38;2;243;242;38m[48;2;243;242;38m▀[0m[38;2;243;242;38m[48;2;243;242;38m▀[0m[38;2;243;242;38m[48;2;243;242;38m▀[0m[38;2;243;242;38m[48;2;245;244;191m▀[0m[38;2;243;242;38m[48;2;245;244;191m▀[0m[38;2;243;242;38m[48;2;243;242;38m▀[0m[38;2;141;134;127m[48;2;227;198;36m▀[0m[38;2;141;134;127m[48;2;141;134;127m▀[0m[38;2;141;134;127m[48;2;141;134;127m▀[0m[38;2;141;134;127m[48;2;141;134;127m▀[0m[38;2;141;134;127m[48;2;141;134;127m▀[0m[38;2;141;134;127m[48;2;141;134;127m▀[0m[38;2;141;134;127m[48;2;141;134;127m▀[0m[38;2;15;15;15m[48;2;141;134;127m▀[0m[38;2;29;142;120m[48;2;15;15;15m▀[0m[38;2;29;142;120m[48;2;15;15;15m▀[0m[38;2;29;142;120m[48;2;15;15;15m▀[0m[38;2;15;15;15m[48;2;29;142;120m▀[0m[38;2;15;15;15m[48;2;29;142;120m▀[0m[38;2;29;142;120m[48;2;29;142;120m▀[0m[38;2;29;142;120m[48;2;29;142;120m▀[0m[38;2;29;142;120m[48;2;29;142;120m▀[0m[38;2;29;142;120m[48;2;29;142;120m▀[0m[38;2;29;142;120m[48;2;29;142;120m▀[0m[38;2;29;142;120m[48;2;29;142;120m▀[0m[38;2;15;15;15m[48;2;15;15;15m▀[0m 
[38;2;18;117;105m[48;2;18;117;105m▀[0m[38;2;29;142;120m[48;2;29;142;120m▀[0m[38;2;29;142;120m[48;2;29;142;120m▀[0m[38;2;29;142;120m[48;2;29;142;120m▀[0m[38;2;90;83;76m[48;2;90;83;76m▀[0m[38;2;141;134;127m[48;2;141;134;127m▀[0m[38;2;141;134;127m[48;2;141;134;127m▀[0m[38;2;141;134;127m[48;2;141;134;127m▀[0m[38;2;141;134;127m[48;2;141;134;127m▀[0m[38;2;141;134;127m[48;2;141;134;127m▀[0m[38;2;141;134;127m[48;2;141;134;127m▀[0m[38;2;141;134;127m[48;2;141;134;127m▀[0m[38;2;243;242;38m[48;2;243;242;38m▀[0m[38;2;243;242;38m[48;2;243;242;38m▀[0m[38;2;243;242;38m[48;2;243;242;38m▀[0m[38;2;245;244;191m[48;2;245;244;191m▀[0m[38;2;252;251;252m[48;2;252;251;252m▀[0m[38;2;252;251;252m[48;2;252;251;252m▀[0m[38;2;245;244;191m[48;2;245;244;191m▀[0m[38;2;243;242;38m[48;2;243;242;38m▀[0m[38;2;141;134;127m[48;2;141;134;127m▀[0m[38;2;141;134;127m[48;2;141;134;127m▀[0m[38;2;141;134;127m[48;2;141;134;127m▀[0m[38;2;141;134;127m[48;2;141;134;127m▀[0m[38;2;141;134;127m[48;2;141;134;127m▀[0m[38;2;141;134;127m[48;2;141;134;127m▀[0m[38;2;141;134;127m[48;2;141;134;127m▀[0m[38;2;141;134;127m[48;2;141;134;127m▀[0m[38;2;141;134;127m[48;2;141;134;127m▀[0m[38;2;15;15;15m[48;2;15;15;15m▀[0m[38;2;29;142;120m[48;2;29;142;120m▀[0m[38;2;29;142;120m[48;2;29;142;120m▀[0m[38;2;29;142;120m[48;2;29;142;120m▀[0m[38;2;29;142;120m[48;2;29;142;120m▀[0m[38;2;29;142;120m[48;2;29;142;120m▀[0m[38;2;29;142;120m[48;2;29;142;120m▀[0m[38;2;29;142;120m[48;2;29;142;120m▀[0m[38;2;29;142;120m[48;2;29;142;120m▀[0m[38;2;18;79;73m[48;2;29;142;120m▀[0m[38;2;15;15;15m▄
[38;2;18;117;105m[48;2;18;117;105m▀[0m[38;2;29;142;120m[48;2;29;142;120m▀[0m[38;2;29;142;120m[48;2;29;142;120m▀[0m[38;2;29;142;120m[48;2;29;142;120m▀[0m[38;2;90;83;76m[48;2;15;15;15m▀[0m[38;2;141;134;127m[48;2;141;134;127m▀[0m[38;2;141;134;127m[48;2;141;134;127m▀[0m[38;2;141;134;127m[48;2;141;134;127m▀[0m[38;2;141;134;127m[48;2;141;134;127m▀[0m[38;2;141;134;127m[48;2;141;134;127m▀[0m[38;2;141;134;127m[48;2;141;134;127m▀[0m[38;2;141;134;127m[48;2;141;134;127m▀[0m[38;2;227;198;36m[48;2;141;134;127m▀[0m[38;2;243;242;38m[48;2;243;242;38m▀[0m[38;2;243;242;38m[48;2;243;242;38m▀[0m[38;2;243;242;38m[48;2;243;242;38m▀[0m[38;2;245;244;191m[48;2;243;242;38m▀[0m[38;2;245;244;191m[48;2;243;242;38m▀[0m[38;2;243;242;38m[48;2;243;242;38m▀[0m[38;2;227;198;36m[48;2;141;134;127m▀[0m[38;2;141;134;127m[48;2;141;134;127m▀[0m[38;2;141;134;127m[48;2;141;134;127m▀[0m[38;2;141;134;127m[48;2;141;134;127m▀[0m[38;2;141;134;127m[48;2;141;134;127m▀[0m[38;2;141;134;127m[48;2;141;134;127m▀[0m[38;2;141;134;127m[48;2;141;134;127m▀[0m[38;2;141;134;127m[48;2;141;134;127m▀[0m[38;2;141;134;127m[48;2;141;134;127m▀[0m[38;2;141;134;127m[48;2;141;134;127m▀[0m[38;2;15;15;15m[48;2;15;15;15m▀[0m[38;2;29;142;120m[48;2;29;142;120m▀[0m[38;2;29;142;120m[48;2;29;142;120m▀[0m[38;2;29;142;120m[48;2;29;142;120m▀[0m[38;2;29;142;120m[48;2;29;142;120m▀[0m[38;2;29;142;120m[48;2;29;142;120m▀[0m[38;2;29;142;120m[48;2;29;142;120m▀[0m[38;2;29;142;120m[48;2;29;142;120m▀[0m[38;2;29;142;120m[48;2;29;142;120m▀[0m[38;2;29;142;120m[48;2;29;142;120m▀[0m[38;2;15;15;15m[48;2;15;15;15m▀[0m
[38;2;18;117;105m[48;2;18;79;73m▀[0m[38;2;235;129;68m[48;2;235;129;68m▀[0m[38;2;29;142;120m[48;2;235;129;68m▀[0m[38;2;29;142;120m[48;2;29;142;120m▀[0m[38;2;15;15;15m[48;2;15;15;15m▀[0m[38;2;141;134;127m[48;2;90;83;76m▀[0m[38;2;141;134;127m[48;2;141;134;127m▀[0m[38;2;141;134;127m[48;2;141;134;127m▀[0m[38;2;141;134;127m[48;2;141;134;127m▀[0m[38;2;141;134;127m[48;2;141;134;127m▀[0m[38;2;141;134;127m[48;2;141;134;127m▀[0m[38;2;141;134;127m[48;2;141;134;127m▀[0m[38;2;141;134;127m[48;2;141;134;127m▀[0m[38;2;141;134;127m[48;2;141;134;127m▀[0m[38;2;227;198;36m[48;2;141;134;127m▀[0m[38;2;243;242;38m[48;2;141;134;127m▀[0m[38;2;243;242;38m[48;2;141;134;127m▀[0m[38;2;227;198;36m[48;2;141;134;127m▀[0m[38;2;141;134;127m[48;2;141;134;127m▀[0m[38;2;141;134;127m[48;2;141;134;127m▀[0m[38;2;141;134;127m[48;2;141;134;127m▀[0m[38;2;141;134;127m[48;2;141;134;127m▀[0m[38;2;141;134;127m[48;2;141;134;127m▀[0m[38;2;141;134;127m[48;2;141;134;127m▀[0m[38;2;141;134;127m[48;2;141;134;127m▀[0m[38;2;141;134;127m[48;2;141;134;127m▀[0m[38;2;141;134;127m[48;2;141;134;127m▀[0m[38;2;141;134;127m[48;2;90;83;76m▀[0m[38;2;90;83;76m[48;2;90;83;76m▀[0m[38;2;15;15;15m[48;2;15;15;15m▀[0m[38;2;29;142;120m[48;2;29;142;120m▀[0m[38;2;29;142;120m[48;2;29;142;120m▀[0m[38;2;29;142;120m[48;2;29;142;120m▀[0m[38;2;29;142;120m[48;2;29;142;120m▀[0m[38;2;29;142;120m[48;2;29;142;120m▀[0m[38;2;29;142;120m[48;2;235;129;68m▀[0m[38;2;29;142;120m[48;2;235;129;68m▀[0m[38;2;29;142;120m[48;2;29;142;120m▀[0m[38;2;29;142;120m[48;2;15;15;15m▀[0m[38;2;15;15;15m▀
[38;2;18;79;73m[48;2;18;79;73m▀[0m[38;2;235;129;68m[48;2;235;129;68m▀[0m[38;2;235;129;68m[48;2;235;129;68m▀[0m[38;2;29;142;120m[48;2;235;129;68m▀[0m[38;2;29;142;120m[48;2;29;142;120m▀[0m[38;2;15;15;15m[48;2;15;15;15m▀[0m[38;2;90;83;76m[48;2;90;83;76m▀[0m[38;2;141;134;127m[48;2;90;83;76m▀[0m[38;2;141;134;127m[48;2;90;83;76m▀[0m[38;2;141;134;127m[48;2;90;83;76m▀[0m[38;2;141;134;127m[48;2;141;134;127m▀[0m[38;2;141;134;127m[48;2;141;134;127m▀[0m[38;2;141;134;127m[48;2;141;134;127m▀[0m[38;2;141;134;127m[48;2;141;134;127m▀[0m[38;2;141;134;127m[48;2;141;134;127m▀[0m[38;2;141;134;127m[48;2;141;134;127m▀[0m[38;2;141;134;127m[48;2;141;134;127m▀[0m[38;2;141;134;127m[48;2;141;134;127m▀[0m[38;2;141;134;127m[48;2;141;134;127m▀[0m[38;2;141;134;127m[48;2;141;134;127m▀[0m[38;2;141;134;127m[48;2;141;134;127m▀[0m[38;2;141;134;127m[48;2;90;83;76m▀[0m[38;2;141;134;127m[48;2;90;83;76m▀[0m[38;2;141;134;127m[48;2;90;83;76m▀[0m[38;2;141;134;127m[48;2;90;83;76m▀[0m[38;2;90;83;76m[48;2;90;83;76m▀[0m[38;2;90;83;76m[48;2;90;83;76m▀[0m[38;2;90;83;76m[48;2;141;134;127m▀[0m[38;2;15;15;15m[48;2;15;15;15m▀[0m[38;2;29;142;120m[48;2;29;142;120m▀[0m[38;2;29;142;120m[48;2;29;142;120m▀[0m[38;2;29;142;120m[48;2;29;142;120m▀[0m[38;2;29;142;120m[48;2;29;142;120m▀[0m[38;2;29;142;120m[48;2;235;129;68m▀[0m[38;2;235;129;68m[48;2;235;129;68m▀[0m[38;2;235;129;68m[48;2;235;129;68m▀[0m[38;2;235;129;68m[48;2;235;129;68m▀[0m[38;2;29;142;120m[48;2;235;129;68m▀[0m[38;2;15;15;15m[48;2;15;15;15m▀[0m 
 [38;2;18;79;73m[48;2;18;79;73m▀[0m[38;2;235;129;68m[48;2;235;129;68m▀[0m[38;2;235;129;68m[48;2;235;129;68m▀[0m[38;2;29;142;120m[48;2;29;142;120m▀[0m[38;2;29;142;120m[48;2;29;142;120m▀[0m[38;2;15;15;15m[48;2;29;142;120m▀[0m[38;2;90;83;76m[48;2;15;15;15m▀[0m[38;2;90;83;76m[48;2;90;83;76m▀[0m[38;2;90;83;76m[48;2;90;83;76m▀[0m[38;2;90;83;76m[48;2;90;83;76m▀[0m[38;2;90;83;76m[48;2;90;83;76m▀[0m[38;2;90;83;76m[48;2;90;83;76m▀[0m[38;2;90;83;76m[48;2;90;83;76m▀[0m[38;2;90;83;76m[48;2;90;83;76m▀[0m[38;2;90;83;76m[48;2;90;83;76m▀[0m[38;2;90;83;76m[48;2;90;83;76m▀[0m[38;2;90;83;76m[48;2;90;83;76m▀[0m[38;2;90;83;76m[48;2;90;83;76m▀[0m[38;2;90;83;76m[48;2;90;83;76m▀[0m[38;2;90;83;76m[48;2;90;83;76m▀[0m[38;2;90;83;76m[48;2;90;83;76m▀[0m[38;2;90;83;76m[48;2;90;83;76m▀[0m[38;2;90;83;76m[48;2;90;83;76m▀[0m[38;2;90;83;76m[48;2;90;83;76m▀[0m[38;2;90;83;76m[48;2;141;134;127m▀[0m[38;2;141;134;127m[48;2;15;15;15m▀[0m[38;2;15;15;15m[48;2;29;142;120m▀[0m[38;2;29;142;120m[48;2;29;142;120m▀[0m[38;2;29;142;120m[48;2;29;142;120m▀[0m[38;2;29;142;120m[48;2;29;142;120m▀[0m[38;2;29;142;120m[48;2;29;142;120m▀[0m[38;2;29;142;120m[48;2;235;129;68m▀[0m[38;2;235;129;68m[48;2;235;129;68m▀[0m[38;2;235;129;68m[48;2;235;129;68m▀[0m[38;2;235;129;68m[48;2;29;142;120m▀[0m[38;2;235;129;68m[48;2;235;129;68m▀[0m[38;2;15;15;15m[48;2;15;15;15m▀[0m  
  [38;2;18;79;73m▀[38;2;29;142;120m[48;2;15;15;15m▀[0m[38;2;29;142;120m[48;2;29;142;120m▀[0m[38;2;29;142;120m[48;2;29;142;120m▀[0m[38;2;29;142;120m[48;2;29;142;120m▀[0m[38;2;29;142;120m[48;2;29;142;120m▀[0m[38;2;15;15;15m[48;2;29;142;120m▀[0m[38;2;141;134;127m[48;2;15;15;15m▀[0m[38;2;90;83;76m[48;2;15;15;15m▀[0m[38;2;90;83;76m[48;2;141;134;127m▀[0m[38;2;90;83;76m[48;2;141;134;127m▀[0m[38;2;90;83;76m[48;2;90;83;76m▀[0m[38;2;90;83;76m[48;2;90;83;76m▀[0m[38;2;90;83;76m[48;2;90;83;76m▀[0m[38;2;90;83;76m[48;2;90;83;76m▀[0m[38;2;90;83;76m[48;2;90;83;76m▀[0m[38;2;90;83;76m[48;2;90;83;76m▀[0m[38;2;90;83;76m[48;2;90;83;76m▀[0m[38;2;90;83;76m[48;2;90;83;76m▀[0m[38;2;90;83;76m[48;2;141;134;127m▀[0m[38;2;90;83;76m[48;2;141;134;127m▀[0m[38;2;141;134;127m[48;2;15;15;15m▀[0m[38;2;141;134;127m[48;2;15;15;15m▀[0m[38;2;15;15;15m[48;2;29;142;120m▀[0m[38;2;29;142;120m[48;2;29;142;120m▀[0m[38;2;29;142;120m[48;2;29;142;120m▀[0m[38;2;29;142;120m[48;2;29;142;120m▀[0m[38;2;29;142;120m[48;2;29;142;120m▀[0m[38;2;29;142;120m[48;2;29;142;120m▀[0m[38;2;29;142;120m[48;2;29;142;120m▀[0m[38;2;235;129;68m[48;2;29;142;120m▀[0m[38;2;235;129;68m[48;2;29;142;120m▀[0m[38;2;29;142;120m[48;2;29;142;120m▀[0m[38;2;29;142;120m[48;2;15;15;15m▀[0m[38;2;15;15;15m▀   
    [38;2;15;15;15m▀[38;2;29;142;120m[48;2;15;15;15m▀[0m[38;2;29;142;120m[48;2;18;79;73m▀[0m[38;2;29;142;120m[48;2;29;142;120m▀[0m[38;2;29;142;120m[48;2;29;142;120m▀[0m[38;2;29;142;120m[48;2;29;142;120m▀[0m[38;2;29;142;120m[48;2;29;142;120m▀[0m[38;2;15;15;15m[48;2;29;142;120m▀[0m[38;2;15;15;15m[48;2;29;142;120m▀[0m[38;2;141;134;127m[48;2;15;15;15m▀[0m[38;2;141;134;127m[48;2;15;15;15m▀[0m[38;2;141;134;127m[48;2;15;15;15m▀[0m[38;2;141;134;127m[48;2;15;15;15m▀[0m[38;2;141;134;127m[48;2;15;15;15m▀[0m[38;2;141;134;127m[48;2;15;15;15m▀[0m[38;2;141;134;127m[48;2;15;15;15m▀[0m[38;2;141;134;127m[48;2;15;15;15m▀[0m[38;2;15;15;15m[48;2;29;142;120m▀[0m[38;2;15;15;15m[48;2;29;142;120m▀[0m[38;2;29;142;120m[48;2;29;142;120m▀[0m[38;2;29;142;120m[48;2;29;142;120m▀[0m[38;2;29;142;120m[48;2;29;142;120m▀[0m[38;2;29;142;120m[48;2;29;142;120m▀[0m[38;2;29;142;120m[48;2;29;142;120m▀[0m[38;2;29;142;120m[48;2;29;142;120m▀[0m[38;2;29;142;120m[48;2;29;142;120m▀[0m[38;2;29;142;120m[48;2;29;142;120m▀[0m[38;2;29;142;120m[48;2;18;79;73m▀[0m[38;2;29;142;120m[48;2;15;15;15m▀[0m[38;2;18;79;73m▀[38;2;15;15;15m▀     
   [38;2;148;68;34m▄[38;2;148;68;34m[48;2;235;129;68m▀[0m[38;2;235;129;68m[48;2;235;129;68m▀[0m[38;2;235;129;68m[48;2;235;129;68m▀[0m[38;2;15;15;15m[48;2;235;129;68m▀[0m[38;2;15;15;15m[48;2;235;129;68m▀[0m[38;2;15;15;15m[48;2;235;129;68m▀[0m[38;2;18;79;73m[48;2;235;129;68m▀[0m[38;2;29;142;120m[48;2;15;15;15m▀[0m[38;2;29;142;120m[48;2;15;15;15m▀[0m[38;2;29;142;120m[48;2;15;15;15m▀[0m[38;2;29;142;120m[48;2;15;15;15m▀[0m[38;2;29;142;120m[48;2;15;15;15m▀[0m[38;2;29;142;120m[48;2;15;15;15m▀[0m[38;2;29;142;120m[48;2;15;15;15m▀[0m[38;2;29;142;120m[48;2;15;15;15m▀[0m[38;2;29;142;120m[48;2;15;15;15m▀[0m[38;2;29;142;120m[48;2;15;15;15m▀[0m[38;2;29;142;120m[48;2;15;15;15m▀[0m[38;2;29;142;120m[48;2;15;15;15m▀[0m[38;2;29;142;120m[48;2;15;15;15m▀[0m[38;2;29;142;120m[48;2;15;15;15m▀[0m[38;2;29;142;120m[48;2;15;15;15m▀[0m[38;2;18;79;73m[48;2;235;129;68m▀[0m[38;2;15;15;15m[48;2;235;129;68m▀[0m[38;2;15;15;15m[48;2;235;129;68m▀[0m[38;2;15;15;15m[48;2;235;129;68m▀[0m[38;2;15;15;15m[48;2;235;129;68m▀[0m[38;2;235;129;68m[48;2;235;129;68m▀[0m[38;2;148;68;34m[48;2;235;129;68m▀[0m[38;2;148;68;34m▄      
   [38;2;148;68;34m▀[38;2;235;129;68m[48;2;15;15;15m▀[0m[38;2;235;129;68m[48;2;15;15;15m▀[0m[38;2;235;129;68m[48;2;15;15;15m▀[0m[38;2;235;129;68m[48;2;15;15;15m▀[0m[38;2;235;129;68m[48;2;15;15;15m▀[0m[38;2;148;68;34m▀[38;2;15;15;15m▀               [38;2;15;15;15m▀[38;2;235;129;68m[48;2;15;15;15m▀[0m[38;2;235;129;68m[48;2;15;15;15m▀[0m[38;2;235;129;68m[48;2;235;129;68m▀[0m[38;2;235;129;68m[48;2;235;129;68m▀[0m[38;2;235;129;68m[48;2;235;129;68m▀[0m[38;2;235;129;68m[48;2;235;129;68m▀[0m[38;2;235;129;68m[48;2;235;129;68m▀[0m[38;2;148;68;34m[48;2;148;68;34m▀[0m     
                             [38;2;15;15;15m▀[38;2;15;15;15m▀[38;2;15;15;15m▀[38;2;15;15;15m▀[38;2;15;15;15m▀      
[0m