             [38;2;125;124;124m[48;2;125;124;124m▀[0m[38;2;125;124;124m[48;2;194;189;188m▀[0m[38;2;125;124;124m[48;2;194;189;188m▀[0m[38;2;125;124;124m▄[38;2;125;124;124m▄                                          
             [38;2;125;124;124m[48;2;125;124;124m▀[0m[38;2;194;189;188m[48;2;194;189;188m▀[0m[38;2;194;189;188m[48;2;194;189;188m▀[0m[38;2;194;189;188m[48;2;194;189;188m▀[0m[38;2;194;189;188m[48;2;194;189;188m▀[0m[38;2;125;124;124m[48;2;194;189;188m▀[0m[38;2;125;124;124m▄ [38;2;24;24;24m▄[38;2;24;24;24m▄[38;2;125;124;124m▄[38;2;125;124;124m[48;2;246;243;243m▀[0m[38;2;125;124;124m[48;2;246;243;243m▀[0m[38;2;125;124;124m[48;2;246;243;243m▀[0m[38;2;125;124;124m[48;2;246;243;243m▀[0m[38;2;125;124;124m[48;2;246;243;243m▀[0m[38;2;125;124;124m[48;2;246;243;243m▀[0m[38;2;125;124;124m[48;2;246;243;243m▀[0m[38;2;125;124;124m[48;2;246;243;243m▀[0m[38;2;125;124;124m▄[38;2;125;124;124m▄[38;2;125;124;124m▄                         
             [38;2;125;124;124m▀[38;2;194;189;188m[48;2;125;124;124m▀[0m[38;2;194;189;188m[48;2;194;189;188m▀[0m[38;2;194;189;188m[48;2;194;189;188m▀[0m[38;2;194;189;188m[48;2;194;189;188m▀[0m[38;2;194;189;188m[48;2;125;124;124m▀[0m[38;2;194;189;188m[48;2;125;124;124m▀[0m[38;2;125;124;124m[48;2;246;243;243m▀[0m[38;2;24;24;24m[48;2;24;24;24m▀[0m[38;2;246;243;243m[48;2;246;243;243m▀[0m[38;2;24;24;24m[48;2;246;243;243m▀[0m[38;2;24;24;24m[48;2;246;243;243m▀[0m[38;2;246;243;243m[48;2;125;124;124m▀[0m[38;2;246;243;243m[48;2;125;124;124m▀[0m[38;2;246;243;243m[48;2;246;243;243m▀[0m[38;2;246;243;243m[48;2;246;243;243m▀[0m[38;2;246;243;243m[48;2;246;243;243m▀[0m[38;2;246;243;243m[48;2;246;243;243m▀[0m[38;2;246;243;243m[48;2;246;243;243m▀[0m[38;2;246;243;243m[48;2;246;243;243m▀[0m[38;2;246;243;243m[48;2;246;243;243m▀[0m[38;2;246;243;243m[48;2;246;243;243m▀[0m[38;2;125;124;124m[48;2;246;243;243m▀[0m[38;2;125;124;124m[48;2;246;243;243m▀[0m[38;2;125;124;124m▄[38;2;125;124;124m▄               [38;2;125;124;124m▄[38;2;125;124;124m▄[38;2;125;124;124m▄[38;2;125;124;124m[48;2;194;189;188m▀[0m[38;2;125;124;124m[48;2;194;189;188m▀[0m[38;2;125;124;124m[48;2;24;24;24m▀[0m
              [38;2;125;124;124m[48;2;125;124;124m▀[0m[38;2;194;189;188m[48;2;194;189;188m▀[0m[38;2;194;189;188m[48;2;125;124;124m▀[0m[38;2;125;124;124m[48;2;246;243;243m▀[0m[38;2;246;243;243m[48;2;246;243;243m▀[0m[38;2;246;243;243m[48;2;246;243;243m▀[0m[38;2;246;243;243m[48;2;246;243;243m▀[0m[38;2;24;24;24m[48;2;24;24;24m▀[0m[38;2;194;189;188m[48;2;194;189;188m▀[0m[38;2;246;243;243m[48;2;194;189;188m▀[0m[38;2;246;243;243m[48;2;246;243;243m▀[0m[38;2;246;243;243m[48;2;246;243;243m▀[0m[38;2;246;243;243m[48;2;246;243;243m▀[0m[38;2;125;124;124m[48;2;246;243;243m▀[0m[38;2;246;243;243m[48;2;194;189;188m▀[0m[38;2;246;243;243m[48;2;246;243;243m▀[0m[38;2;246;243;243m[48;2;246;243;243m▀[0m[38;2;246;243;243m[48;2;246;243;243m▀[0m[38;2;246;243;243m[48;2;246;243;243m▀[0m[38;2;246;243;243m[48;2;246;243;243m▀[0m[38;2;246;243;243m[48;2;246;243;243m▀[0m[38;2;246;243;243m[48;2;246;243;243m▀[0m[38;2;246;243;243m[48;2;246;243;243m▀[0m[38;2;246;243;243m[48;2;246;243;243m▀[0m[38;2;246;243;243m[48;2;246;243;243m▀[0m[38;2;125;124;124m[48;2;246;243;243m▀[0m[38;2;125;124;124m▄        [38;2;125;124;124m▄[38;2;125;124;124m▄[38;2;125;124;124m[48;2;194;189;188m▀[0m[38;2;125;124;124m[48;2;194;189;188m▀[0m[38;2;125;124;124m[48;2;194;189;188m▀[0m[38;2;194;189;188m[48;2;194;189;188m▀[0m[38;2;194;189;188m[48;2;194;189;188m▀[0m[38;2;194;189;188m[48;2;194;189;188m▀[0m[38;2;194;189;188m[48;2;194;189;188m▀[0m[38;2;194;189;188m[48;2;194;189;188m▀[0m[38;2;24;24;24m[48;2;24;24;24m▀[0m
              [38;2;125;124;124m▄[38;2;125;124;124m[48;2;246;243;243m▀[0m[38;2;246;243;243m[48;2;246;243;243m▀[0m[38;2;246;243;243m[48;2;246;243;243m▀[0m[38;2;246;243;243m[48;2;246;243;243m▀[0m[38;2;246;243;243m[48;2;246;243;243m▀[0m[38;2;246;243;243m[48;2;246;243;243m▀[0m[38;2;24;24;24m[48;2;125;124;124m▀[0m[38;2;194;189;188m[48;2;194;189;188m▀[0m[38;2;194;189;188m[48;2;194;189;188m▀[0m[38;2;194;189;188m[48;2;194;189;188m▀[0m[38;2;224;219;218m[48;2;194;189;188m▀[0m[38;2;246;243;243m[48;2;224;219;218m▀[0m[38;2;246;243;243m[48;2;246;243;243m▀[0m[38;2;194;189;188m[48;2;246;243;243m▀[0m[38;2;246;243;243m[48;2;246;243;243m▀[0m[38;2;246;243;243m[48;2;246;243;243m▀[0m[38;2;246;243;243m[48;2;246;243;243m▀[0m[38;2;246;243;243m[48;2;246;243;243m▀[0m[38;2;246;243;243m[48;2;246;243;243m▀[0m[38;2;246;243;243m[48;2;246;243;243m▀[0m[38;2;246;243;243m[48;2;246;243;243m▀[0m[38;2;246;243;243m[48;2;246;243;243m▀[0m[38;2;246;243;243m[48;2;246;243;243m▀[0m[38;2;246;243;243m[48;2;246;243;243m▀[0m[38;2;246;243;243m[48;2;246;243;243m▀[0m[38;2;246;243;243m[48;2;246;243;243m▀[0m[38;2;24;24;24m[48;2;246;243;243m▀[0m[38;2;24;24;24m▄  [38;2;125;124;124m▄[38;2;125;124;124m▄[38;2;125;124;124m[48;2;194;189;188m▀[0m[38;2;125;124;124m[48;2;194;189;188m▀[0m[38;2;194;189;188m[48;2;194;189;188m▀[0m[38;2;194;189;188m[48;2;194;189;188m▀[0m[38;2;194;189;188m[48;2;194;189;188m▀[0m[38;2;194;189;188m[48;2;194;189;188m▀[0m[38;2;194;189;188m[48;2;194;189;188m▀[0m[38;2;194;189;188m[48;2;194;189;188m▀[0m[38;2;194;189;188m[48;2;194;189;188m▀[0m[38;2;194;189;188m[48;2;194;189;188m▀[0m[38;2;194;189;188m[48;2;194;189;188m▀[0m[38;2;24;24;24m[48;2;24;24;24m▀[0m 
             [38;2;125;124;124m▄[38;2;125;124;124m[48;2;227;161;210m▀[0m[38;2;227;161;210m[48;2;227;161;210m▀[0m[38;2;227;161;210m[48;2;227;161;210m▀[0m[38;2;246;243;243m[48;2;227;161;210m▀[0m[38;2;246;243;243m[48;2;246;243;243m▀[0m[38;2;246;243;243m[48;2;246;243;243m▀[0m[38;2;246;243;243m[48;2;246;243;243m▀[0m[38;2;246;243;243m[48;2;246;243;243m▀[0m[38;2;125;124;124m[48;2;246;243;243m▀[0m[38;2;194;189;188m[48;2;125;124;124m▀[0m[38;2;194;189;188m[48;2;125;124;124m▀[0m[38;2;194;189;188m[48;2;125;124;124m▀[0m[38;2;194;189;188m[48;2;125;124;124m▀[0m[38;2;125;124;124m[48;2;246;243;243m▀[0m[38;2;246;243;243m[48;2;246;243;243m▀[0m[38;2;246;243;243m[48;2;246;243;243m▀[0m[38;2;246;243;243m[48;2;246;243;243m▀[0m[38;2;246;243;243m[48;2;246;243;243m▀[0m[38;2;246;243;243m[48;2;246;243;243m▀[0m[38;2;246;243;243m[48;2;246;243;243m▀[0m[38;2;246;243;243m[48;2;246;243;243m▀[0m[38;2;246;243;243m[48;2;227;161;210m▀[0m[38;2;246;243;243m[48;2;227;161;210m▀[0m[38;2;246;243;243m[48;2;227;161;210m▀[0m[38;2;246;243;243m[48;2;246;243;243m▀[0m[38;2;246;243;243m[48;2;246;243;243m▀[0m[38;2;246;243;243m[48;2;246;243;243m▀[0m[38;2;246;243;243m[48;2;246;243;243m▀[0m[38;2;24;24;24m[48;2;246;243;243m▀[0m[38;2;24;24;24m▄[38;2;125;124;124m[48;2;194;189;188m▀[0m[38;2;194;189;188m[48;2;194;189;188m▀[0m[38;2;194;189;188m[48;2;194;189;188m▀[0m[38;2;194;189;188m[48;2;194;189;188m▀[0m[38;2;194;189;188m[48;2;194;189;188m▀[0m[38;2;194;189;188m[48;2;196;124;171m▀[0m[38;2;194;189;188m[48;2;196;124;171m▀[0m[38;2;194;189;188m[48;2;194;189;188m▀[0m[38;2;194;189;188m[48;2;194;189;188m▀[0m[38;2;194;189;188m[48;2;194;189;188m▀[0m[38;2;194;189;188m[48;2;194;189;188m▀[0m[38;2;194;189;188m[48;2;194;189;188m▀[0m[38;2;194;189;188m[48;2;24;24;24m▀[0m[38;2;24;24;24m▀  
             [38;2;125;124;124m[48;2;227;161;210m▀[0m[38;2;227;161;210m[48;2;227;161;210m▀[0m[38;2;227;161;210m[48;2;24;24;24m▀[0m[38;2;125;124;124m[48;2;248;248;248m▀[0m[38;2;125;124;124m[48;2;24;24;24m▀[0m[38;2;227;161;210m[48;2;125;124;124m▀[0m[38;2;246;243;243m[48;2;246;243;243m▀[0m[38;2;246;243;243m[48;2;246;243;243m▀[0m[38;2;246;243;243m[48;2;246;243;243m▀[0m[38;2;246;243;243m[48;2;194;189;188m▀[0m[38;2;246;243;243m[48;2;125;124;124m▀[0m[38;2;246;243;243m[48;2;125;124;124m▀[0m[38;2;246;243;243m[48;2;125;124;124m▀[0m[38;2;246;243;243m[48;2;246;243;243m▀[0m[38;2;246;243;243m[48;2;246;243;243m▀[0m[38;2;246;243;243m[48;2;246;243;243m▀[0m[38;2;246;243;243m[48;2;246;243;243m▀[0m[38;2;246;243;243m[48;2;246;243;243m▀[0m[38;2;246;243;243m[48;2;246;243;243m▀[0m[38;2;246;243;243m[48;2;246;243;243m▀[0m[38;2;246;243;243m[48;2;125;124;124m▀[0m[38;2;227;161;210m[48;2;125;124;124m▀[0m[38;2;227;161;210m[48;2;125;124;124m▀[0m[38;2;227;161;210m[48;2;227;161;210m▀[0m[38;2;227;161;210m[48;2;227;161;210m▀[0m[38;2;227;161;210m[48;2;227;161;210m▀[0m[38;2;246;243;243m[48;2;246;243;243m▀[0m[38;2;246;243;243m[48;2;246;243;243m▀[0m[38;2;246;243;243m[48;2;246;243;243m▀[0m[38;2;246;243;243m[48;2;246;243;243m▀[0m[38;2;24;24;24m[48;2;24;24;24m▀[0m[38;2;194;189;188m[48;2;194;189;188m▀[0m[38;2;194;189;188m[48;2;196;124;171m▀[0m[38;2;194;189;188m[48;2;196;124;171m▀[0m[38;2;196;124;171m[48;2;196;124;171m▀[0m[38;2;196;124;171m[48;2;196;124;171m▀[0m[38;2;196;124;171m[48;2;196;124;171m▀[0m[38;2;196;124;171m[48;2;194;189;188m▀[0m[38;2;194;189;188m[48;2;194;189;188m▀[0m[38;2;194;189;188m[48;2;194;189;188m▀[0m[38;2;194;189;188m[48;2;194;189;188m▀[0m[38;2;194;189;188m[48;2;194;189;188m▀[0m[38;2;194;189;188m[48;2;24;24;24m▀[0m[38;2;24;24;24m▀   
            [38;2;125;124;124m[48;2;125;124;124m▀[0m[38;2;227;161;210m[48;2;227;161;210m▀[0m[38;2;24;24;24m[48;2;24;24;24m▀[0m[38;2;198;202;203m[48;2;248;248;248m▀[0m[38;2;24;24;24m[48;2;24;24;24m▀[0m[38;2;94;96;97m[48;2;248;248;248m▀[0m[38;2;24;24;24m[48;2;24;24;24m▀[0m[38;2;246;243;243m[48;2;246;243;243m▀[0m[38;2;246;243;243m[48;2;125;124;124m▀[0m[38;2;125;124;124m[48;2;194;189;188m▀[0m[38;2;194;189;188m[48;2;246;243;243m▀[0m[38;2;246;243;243m[48;2;246;243;243m▀[0m[38;2;246;243;243m[48;2;246;243;243m▀[0m[38;2;246;243;243m[48;2;246;243;243m▀[0m[38;2;125;124;124m[48;2;246;243;243m▀[0m[38;2;125;124;124m[48;2;194;189;188m▀[0m[38;2;246;243;243m[48;2;125;124;124m▀[0m[38;2;246;243;243m[48;2;246;243;243m▀[0m[38;2;246;243;243m[48;2;246;243;243m▀[0m[38;2;246;243;243m[48;2;194;189;188m▀[0m[38;2;125;124;124m[48;2;24;24;24m▀[0m[38;2;24;24;24m[48;2;94;96;97m▀[0m[38;2;198;202;203m[48;2;24;24;24m▀[0m[38;2;248;248;248m[48;2;248;248;248m▀[0m[38;2;24;24;24m[48;2;198;202;203m▀[0m[38;2;227;161;210m[48;2;24;24;24m▀[0m[38;2;227;161;210m[48;2;227;161;210m▀[0m[38;2;227;161;210m[48;2;227;161;210m▀[0m[38;2;246;243;243m[48;2;246;243;243m▀[0m[38;2;246;243;243m[48;2;246;243;243m▀[0m[38;2;246;243;243m[48;2;246;243;243m▀[0m[38;2;224;219;218m[48;2;246;243;243m▀[0m[38;2;24;24;24m[48;2;24;24;24m▀[0m[38;2;196;124;171m[48;2;196;124;171m▀[0m[38;2;196;124;171m[48;2;196;124;171m▀[0m[38;2;196;124;171m[48;2;196;124;171m▀[0m[38;2;196;124;171m[48;2;196;124;171m▀[0m[38;2;196;124;171m[48;2;194;189;188m▀[0m[38;2;194;189;188m[48;2;194;189;188m▀[0m[38;2;194;189;188m[48;2;194;189;188m▀[0m[38;2;194;189;188m[48;2;194;189;188m▀[0m[38;2;194;189;188m[48;2;24;24;24m▀[0m[38;2;24;24;24m▀     
            [38;2;125;124;124m[48;2;125;124;124m▀[0m[38;2;227;161;210m[48;2;227;161;210m▀[0m[38;2;24;24;24m[48;2;24;24;24m▀[0m[38;2;248;248;248m[48;2;248;248;248m▀[0m[38;2;24;24;24m[48;2;24;24;24m▀[0m[38;2;248;248;248m[48;2;94;96;97m▀[0m[38;2;24;24;24m[48;2;24;24;24m▀[0m[38;2;246;243;243m[48;2;246;243;243m▀[0m[38;2;125;124;124m[48;2;125;124;124m▀[0m[38;2;246;243;243m[48;2;246;243;243m▀[0m[38;2;246;243;243m[48;2;246;243;243m▀[0m[38;2;246;243;243m[48;2;246;243;243m▀[0m[38;2;246;243;243m[48;2;246;243;243m▀[0m[38;2;246;243;243m[48;2;246;243;243m▀[0m[38;2;246;243;243m[48;2;246;243;243m▀[0m[38;2;246;243;243m[48;2;246;243;243m▀[0m[38;2;125;124;124m[48;2;246;243;243m▀[0m[38;2;246;243;243m[48;2;125;124;124m▀[0m[38;2;246;243;243m[48;2;246;243;243m▀[0m[38;2;125;124;124m[48;2;125;124;124m▀[0m[38;2;24;24;24m[48;2;24;24;24m▀[0m[38;2;248;248;248m[48;2;248;248;248m▀[0m[38;2;24;24;24m[48;2;24;24;24m▀[0m[38;2;248;248;248m[48;2;248;248;248m▀[0m[38;2;248;248;248m[48;2;248;248;248m▀[0m[38;2;24;24;24m[48;2;24;24;24m▀[0m[38;2;227;161;210m[48;2;227;161;210m▀[0m[38;2;227;161;210m[48;2;246;243;243m▀[0m[38;2;246;243;243m[48;2;246;243;243m▀[0m[38;2;246;243;243m[48;2;246;243;243m▀[0m[38;2;246;243;243m[48;2;246;243;243m▀[0m[38;2;246;243;243m[48;2;224;219;218m▀[0m[38;2;24;24;24m[48;2;194;189;188m▀[0m[38;2;196;124;171m[48;2;24;24;24m▀[0m[38;2;196;124;171m[48;2;196;124;171m▀[0m[38;2;196;124;171m[48;2;194;189;188m▀[0m[38;2;194;189;188m[48;2;194;189;188m▀[0m[38;2;194;189;188m[48;2;194;189;188m▀[0m[38;2;194;189;188m[48;2;194;189;188m▀[0m[38;2;194;189;188m[48;2;24;24;24m▀[0m[38;2;24;24;24m▀       
           [38;2;125;124;124m▄[38;2;125;124;124m[48;2;125;124;124m▀[0m[38;2;224;219;218m[48;2;246;243;243m▀[0m[38;2;125;124;124m[48;2;246;243;243m▀[0m[38;2;248;248;248m[48;2;125;124;124m▀[0m[38;2;248;248;248m[48;2;248;248;248m▀[0m[38;2;24;24;24m[48;2;194;189;188m▀[0m[38;2;194;189;188m[48;2;246;243;243m▀[0m[38;2;125;124;124m[48;2;125;124;124m▀[0m[38;2;246;243;243m[48;2;246;243;243m▀[0m[38;2;246;243;243m[48;2;246;243;243m▀[0m[38;2;246;243;243m[48;2;246;243;243m▀[0m[38;2;246;243;243m[48;2;246;243;243m▀[0m[38;2;246;243;243m[48;2;246;243;243m▀[0m[38;2;246;243;243m[48;2;246;243;243m▀[0m[38;2;246;243;243m[48;2;246;243;243m▀[0m[38;2;246;243;243m[48;2;246;243;243m▀[0m[38;2;246;243;243m[48;2;246;243;243m▀[0m[38;2;125;124;124m[48;2;125;124;124m▀[0m[38;2;246;243;243m[48;2;246;243;243m▀[0m[38;2;125;124;124m[48;2;125;124;124m▀[0m[38;2;24;24;24m[48;2;198;202;203m▀[0m[38;2;94;96;97m[48;2;24;24;24m▀[0m[38;2;24;24;24m[48;2;248;248;248m▀[0m[38;2;248;248;248m[48;2;248;248;248m▀[0m[38;2;248;248;248m[48;2;198;202;203m▀[0m[38;2;24;24;24m[48;2;24;24;24m▀[0m[38;2;227;161;210m[48;2;246;243;243m▀[0m[38;2;246;243;243m[48;2;246;243;243m▀[0m[38;2;246;243;243m[48;2;246;243;243m▀[0m[38;2;246;243;243m[48;2;246;243;243m▀[0m[38;2;246;243;243m[48;2;224;219;218m▀[0m[38;2;194;189;188m[48;2;24;24;24m▀[0m[38;2;194;189;188m[48;2;24;24;24m▀[0m[38;2;24;24;24m[48;2;24;24;24m▀[0m[38;2;194;189;188m[48;2;194;189;188m▀[0m[38;2;194;189;188m[48;2;194;189;188m▀[0m[38;2;194;189;188m[48;2;125;124;124m▀[0m[38;2;194;189;188m[48;2;24;24;24m▀[0m[38;2;24;24;24m▀         
        [38;2;125;124;124m▄[38;2;125;124;124m▄[38;2;125;124;124m[48;2;224;219;218m▀[0m[38;2;194;189;188m[48;2;194;189;188m▀[0m[38;2;125;124;124m[48;2;125;124;124m▀[0m[38;2;125;124;124m[48;2;194;189;188m▀[0m[38;2;246;243;243m[48;2;125;124;124m▀[0m[38;2;246;243;243m[48;2;125;124;124m▀[0m[38;2;246;243;243m[48;2;125;124;124m▀[0m[38;2;246;243;243m[48;2;125;124;124m▀[0m[38;2;125;124;124m[48;2;246;243;243m▀[0m[38;2;246;243;243m[48;2;246;243;243m▀[0m[38;2;246;243;243m[48;2;246;243;243m▀[0m[38;2;246;243;243m[48;2;246;243;243m▀[0m[38;2;246;243;243m[48;2;246;243;243m▀[0m[38;2;246;243;243m[48;2;246;243;243m▀[0m[38;2;246;243;243m[48;2;246;243;243m▀[0m[38;2;246;243;243m[48;2;246;243;243m▀[0m[38;2;246;243;243m[48;2;246;243;243m▀[0m[38;2;246;243;243m[48;2;246;243;243m▀[0m[38;2;246;243;243m[48;2;246;243;243m▀[0m[38;2;194;189;188m[48;2;246;243;243m▀[0m[38;2;194;189;188m[48;2;125;124;124m▀[0m[38;2;246;243;243m[48;2;246;243;243m▀[0m[38;2;125;124;124m[48;2;246;243;243m▀[0m[38;2;198;202;203m[48;2;246;243;243m▀[0m[38;2;248;248;248m[48;2;246;243;243m▀[0m[38;2;198;202;203m[48;2;246;243;243m▀[0m[38;2;125;124;124m[48;2;246;243;243m▀[0m[38;2;224;219;218m[48;2;246;243;243m▀[0m[38;2;246;243;243m[48;2;246;243;243m▀[0m[38;2;246;243;243m[48;2;194;189;188m▀[0m[38;2;246;243;243m[48;2;246;243;243m▀[0m[38;2;246;243;243m[48;2;194;189;188m▀[0m[38;2;125;124;124m[48;2;246;243;243m▀[0m[38;2;246;243;243m[48;2;246;243;243m▀[0m[38;2;246;243;243m[48;2;246;243;243m▀[0m[38;2;246;243;243m[48;2;246;243;243m▀[0m[38;2;24;24;24m[48;2;246;243;243m▀[0m[38;2;125;124;124m[48;2;24;24;24m▀[0m[38;2;24;24;24m▄           
     [38;2;125;124;124m▄[38;2;125;124;124m[48;2;246;243;243m▀[0m[38;2;125;124;124m[48;2;246;243;243m▀[0m[38;2;246;243;243m[48;2;246;243;243m▀[0m[38;2;246;243;243m[48;2;246;243;243m▀[0m[38;2;246;243;243m[48;2;246;243;243m▀[0m[38;2;224;219;218m[48;2;224;219;218m▀[0m[38;2;194;189;188m[48;2;194;189;188m▀[0m[38;2;125;124;124m[48;2;125;124;124m▀[0m[38;2;246;243;243m[48;2;224;219;218m▀[0m[38;2;246;243;243m[48;2;246;243;243m▀[0m[38;2;246;243;243m[48;2;246;243;243m▀[0m[38;2;246;243;243m[48;2;246;243;243m▀[0m[38;2;246;243;243m[48;2;246;243;243m▀[0m[38;2;246;243;243m[48;2;246;243;243m▀[0m[38;2;246;243;243m[48;2;246;243;243m▀[0m[38;2;246;243;243m[48;2;246;243;243m▀[0m[38;2;246;243;243m[48;2;246;243;243m▀[0m[38;2;246;243;243m[48;2;246;243;243m▀[0m[38;2;246;243;243m[48;2;246;243;243m▀[0m[38;2;246;243;243m[48;2;246;243;243m▀[0m[38;2;246;243;243m[48;2;246;243;243m▀[0m[38;2;246;243;243m[48;2;246;243;243m▀[0m[38;2;246;243;243m[48;2;246;243;243m▀[0m[38;2;246;243;243m[48;2;246;243;243m▀[0m[38;2;246;243;243m[48;2;246;243;243m▀[0m[38;2;125;124;124m[48;2;246;243;243m▀[0m[38;2;194;189;188m[48;2;194;189;188m▀[0m[38;2;246;243;243m[48;2;125;124;124m▀[0m[38;2;246;243;243m[48;2;125;124;124m▀[0m[38;2;246;243;243m[48;2;125;124;124m▀[0m[38;2;246;243;243m[48;2;125;124;124m▀[0m[38;2;194;189;188m[48;2;246;243;243m▀[0m[38;2;194;189;188m[48;2;246;243;243m▀[0m[38;2;246;243;243m[48;2;246;243;243m▀[0m[38;2;246;243;243m[48;2;194;189;188m▀[0m[38;2;246;243;243m[48;2;194;189;188m▀[0m[38;2;246;243;243m[48;2;246;243;243m▀[0m[38;2;246;243;243m[48;2;246;243;243m▀[0m[38;2;246;243;243m[48;2;246;243;243m▀[0m[38;2;246;243;243m[48;2;246;243;243m▀[0m[38;2;246;243;243m[48;2;246;243;243m▀[0m[38;2;246;243;243m[48;2;246;243;243m▀[0m[38;2;246;243;243m[48;2;246;243;243m▀[0m[38;2;125;124;124m[48;2;246;243;243m▀[0m[38;2;125;124;124m▄[38;2;125;124;124m▄        
 [38;2;125;124;124m▄[38;2;125;124;124m▄[38;2;125;124;124m[48;2;246;243;243m▀[0m[38;2;125;124;124m[48;2;246;243;243m▀[0m[38;2;246;243;243m[48;2;246;243;243m▀[0m[38;2;246;243;243m[48;2;246;243;243m▀[0m[38;2;246;243;243m[48;2;246;243;243m▀[0m[38;2;246;243;243m[48;2;224;219;218m▀[0m[38;2;246;243;243m[48;2;194;189;188m▀[0m[38;2;224;219;218m[48;2;194;189;188m▀[0m[38;2;194;189;188m[48;2;194;189;188m▀[0m[38;2;194;189;188m[48;2;194;189;188m▀[0m[38;2;125;124;124m[48;2;194;189;188m▀[0m[38;2;194;189;188m[48;2;24;24;24m▀[0m[38;2;246;243;243m[48;2;194;189;188m▀[0m[38;2;246;243;243m[48;2;224;219;218m▀[0m[38;2;246;243;243m[48;2;246;243;243m▀[0m[38;2;246;243;243m[48;2;246;243;243m▀[0m[38;2;246;243;243m[48;2;246;243;243m▀[0m[38;2;246;243;243m[48;2;246;243;243m▀[0m[38;2;246;243;243m[48;2;246;243;243m▀[0m[38;2;246;243;243m[48;2;246;243;243m▀[0m[38;2;246;243;243m[48;2;246;243;243m▀[0m[38;2;246;243;243m[48;2;246;243;243m▀[0m[38;2;246;243;243m[48;2;246;243;243m▀[0m[38;2;246;243;243m[48;2;246;243;243m▀[0m[38;2;246;243;243m[48;2;246;243;243m▀[0m[38;2;246;243;243m[48;2;246;243;243m▀[0m[38;2;246;243;243m[48;2;246;243;243m▀[0m[38;2;246;243;243m[48;2;246;243;243m▀[0m[38;2;246;243;243m[48;2;246;243;243m▀[0m[38;2;246;243;243m[48;2;246;243;243m▀[0m[38;2;246;243;243m[48;2;246;243;243m▀[0m[38;2;246;243;243m[48;2;246;243;243m▀[0m[38;2;246;243;243m[48;2;246;243;243m▀[0m[38;2;246;243;243m[48;2;246;243;243m▀[0m[38;2;246;243;243m[48;2;224;219;218m▀[0m[38;2;246;243;243m[48;2;194;189;188m▀[0m[38;2;224;219;218m[48;2;194;189;188m▀[0m[38;2;125;124;124m[48;2;125;124;124m▀[0m[38;2;194;189;188m[48;2;194;189;188m▀[0m[38;2;194;189;188m[48;2;194;189;188m▀[0m[38;2;224;219;218m[48;2;194;189;188m▀[0m[38;2;246;243;243m[48;2;194;189;188m▀[0m[38;2;246;243;243m[48;2;224;219;218m▀[0m[38;2;246;243;243m[48;2;246;243;243m▀[0m[38;2;246;243;243m[48;2;246;243;243m▀[0m[38;2;246;243;243m[48;2;246;243;243m▀[0m[38;2;246;243;243m[48;2;246;243;243m▀[0m[38;2;246;243;243m[48;2;246;243;243m▀[0m[38;2;246;243;243m[48;2;246;243;243m▀[0m[38;2;125;124;124m[48;2;246;243;243m▀[0m[38;2;125;124;124m▄      
[38;2;125;124;124m▀[38;2;246;243;243m[48;2;24;24;24m▀[0m[38;2;246;243;243m[48;2;24;24;24m▀[0m[38;2;246;243;243m[48;2;246;243;243m▀[0m[38;2;246;243;243m[48;2;246;243;243m▀[0m[38;2;246;243;243m[48;2;125;124;124m▀[0m[38;2;125;124;124m[48;2;194;189;188m▀[0m[38;2;194;189;188m[48;2;194;189;188m▀[0m[38;2;194;189;188m[48;2;194;189;188m▀[0m[38;2;194;189;188m[48;2;194;189;188m▀[0m[38;2;194;189;188m[48;2;194;189;188m▀[0m[38;2;194;189;188m[48;2;194;189;188m▀[0m[38;2;194;189;188m[48;2;24;24;24m▀[0m[38;2;194;189;188m[48;2;24;24;24m▀[0m[38;2;24;24;24m▀[38;2;194;189;188m[48;2;24;24;24m▀[0m[38;2;194;189;188m[48;2;194;189;188m▀[0m[38;2;194;189;188m[48;2;194;189;188m▀[0m[38;2;224;219;218m[48;2;194;189;188m▀[0m[38;2;246;243;243m[48;2;194;189;188m▀[0m[38;2;246;243;243m[48;2;194;189;188m▀[0m[38;2;246;243;243m[48;2;224;219;218m▀[0m[38;2;246;243;243m[48;2;246;243;243m▀[0m[38;2;246;243;243m[48;2;246;243;243m▀[0m[38;2;246;243;243m[48;2;246;243;243m▀[0m[38;2;246;243;243m[48;2;246;243;243m▀[0m[38;2;246;243;243m[48;2;246;243;243m▀[0m[38;2;246;243;243m[48;2;246;243;243m▀[0m[38;2;246;243;243m[48;2;246;243;243m▀[0m[38;2;246;243;243m[48;2;246;243;243m▀[0m[38;2;246;243;243m[48;2;224;219;218m▀[0m[38;2;246;243;243m[48;2;194;189;188m▀[0m[38;2;246;243;243m[48;2;194;189;188m▀[0m[38;2;246;243;243m[48;2;194;189;188m▀[0m[38;2;224;219;218m[48;2;194;189;188m▀[0m[38;2;194;189;188m[48;2;194;189;188m▀[0m[38;2;194;189;188m[48;2;194;189;188m▀[0m[38;2;194;189;188m[48;2;194;189;188m▀[0m[38;2;194;189;188m[48;2;194;189;188m▀[0m[38;2;194;189;188m[48;2;194;189;188m▀[0m[38;2;125;124;124m[48;2;194;189;188m▀[0m[38;2;194;189;188m[48;2;125;124;124m▀[0m[38;2;194;189;188m[48;2;194;189;188m▀[0m[38;2;194;189;188m[48;2;194;189;188m▀[0m[38;2;194;189;188m[48;2;194;189;188m▀[0m[38;2;194;189;188m[48;2;194;189;188m▀[0m[38;2;194;189;188m[48;2;194;189;188m▀[0m[38;2;224;219;218m[48;2;194;189;188m▀[0m[38;2;246;243;243m[48;2;194;189;188m▀[0m[38;2;246;243;243m[48;2;194;189;188m▀[0m[38;2;246;243;243m[48;2;224;219;218m▀[0m[38;2;246;243;243m[48;2;246;243;243m▀[0m[38;2;246;243;243m[48;2;246;243;243m▀[0m[38;2;246;243;243m[48;2;246;243;243m▀[0m[38;2;125;124;124m[48;2;246;243;243m▀[0m[38;2;125;124;124m[48;2;246;243;243m▀[0m[38;2;125;124;124m▄[38;2;125;124;124m▄  
   [38;2;24;24;24m▀[38;2;24;24;24m▀[38;2;194;189;188m[48;2;24;24;24m▀[0m[38;2;194;189;188m[48;2;24;24;24m▀[0m[38;2;194;189;188m[48;2;24;24;24m▀[0m[38;2;24;24;24m▀[38;2;24;24;24m▀[38;2;24;24;24m▀[38;2;24;24;24m▀    [38;2;24;24;24m▀[38;2;194;189;188m[48;2;24;24;24m▀[0m[38;2;194;189;188m[48;2;194;189;188m▀[0m[38;2;194;189;188m[48;2;194;189;188m▀[0m[38;2;194;189;188m[48;2;194;189;188m▀[0m[38;2;194;189;188m[48;2;194;189;188m▀[0m[38;2;194;189;188m[48;2;194;189;188m▀[0m[38;2;194;189;188m[48;2;194;189;188m▀[0m[38;2;194;189;188m[48;2;194;189;188m▀[0m[38;2;194;189;188m[48;2;194;189;188m▀[0m[38;2;194;189;188m[48;2;194;189;188m▀[0m[38;2;194;189;188m[48;2;194;189;188m▀[0m[38;2;194;189;188m[48;2;194;189;188m▀[0m[38;2;194;189;188m[48;2;194;189;188m▀[0m[38;2;194;189;188m[48;2;194;189;188m▀[0m[38;2;194;189;188m[48;2;194;189;188m▀[0m[38;2;194;189;188m[48;2;194;189;188m▀[0m[38;2;194;189;188m[48;2;194;189;188m▀[0m[38;2;194;189;188m[48;2;194;189;188m▀[0m[38;2;194;189;188m[48;2;194;189;188m▀[0m[38;2;194;189;188m[48;2;194;189;188m▀[0m[38;2;194;189;188m[48;2;194;189;188m▀[0m[38;2;194;189;188m[48;2;194;189;188m▀[0m[38;2;194;189;188m[48;2;194;189;188m▀[0m[38;2;194;189;188m[48;2;194;189;188m▀[0m[38;2;194;189;188m[48;2;24;24;24m▀[0m[38;2;24;24;24m▀[38;2;24;24;24m▀[38;2;194;189;188m[48;2;24;24;24m▀[0m[38;2;194;189;188m[48;2;24;24;24m▀[0m[38;2;194;189;188m[48;2;24;24;24m▀[0m[38;2;194;189;188m[48;2;194;189;188m▀[0m[38;2;194;189;188m[48;2;194;189;188m▀[0m[38;2;194;189;188m[48;2;194;189;188m▀[0m[38;2;194;189;188m[48;2;194;189;188m▀[0m[38;2;194;189;188m[48;2;194;189;188m▀[0m[38;2;125;124;124m[48;2;194;189;188m▀[0m[38;2;246;243;243m[48;2;125;124;124m▀[0m[38;2;246;243;243m[48;2;246;243;243m▀[0m[38;2;246;243;243m[48;2;246;243;243m▀[0m[38;2;246;243;243m[48;2;125;124;124m▀[0m[38;2;246;243;243m[48;2;125;124;124m▀[0m[38;2;125;124;124m▀ 
                [38;2;24;24;24m▄[38;2;24;24;24m[48;2;194;189;188m▀[0m[38;2;125;124;124m[48;2;194;189;188m▀[0m[38;2;194;189;188m[48;2;125;124;124m▀[0m[38;2;194;189;188m[48;2;125;124;124m▀[0m[38;2;194;189;188m[48;2;194;189;188m▀[0m[38;2;194;189;188m[48;2;194;189;188m▀[0m[38;2;194;189;188m[48;2;194;189;188m▀[0m[38;2;194;189;188m[48;2;194;189;188m▀[0m[38;2;194;189;188m[48;2;194;189;188m▀[0m[38;2;194;189;188m[48;2;194;189;188m▀[0m[38;2;194;189;188m[48;2;194;189;188m▀[0m[38;2;194;189;188m[48;2;194;189;188m▀[0m[38;2;194;189;188m[48;2;194;189;188m▀[0m[38;2;194;189;188m[48;2;194;189;188m▀[0m[38;2;194;189;188m[48;2;194;189;188m▀[0m[38;2;194;189;188m[48;2;194;189;188m▀[0m[38;2;194;189;188m[48;2;194;189;188m▀[0m[38;2;194;189;188m[48;2;194;189;188m▀[0m[38;2;194;189;188m[48;2;194;189;188m▀[0m[38;2;194;189;188m[48;2;194;189;188m▀[0m[38;2;194;189;188m[48;2;194;189;188m▀[0m[38;2;194;189;188m[48;2;125;124;124m▀[0m[38;2;194;189;188m[48;2;125;124;124m▀[0m[38;2;24;24;24m[48;2;24;24;24m▀[0m      [38;2;24;24;24m▀[38;2;24;24;24m▀[38;2;24;24;24m▀[38;2;24;24;24m▀[38;2;194;189;188m[48;2;24;24;24m▀[0m[38;2;194;189;188m[48;2;24;24;24m▀[0m[38;2;194;189;188m[48;2;24;24;24m▀[0m[38;2;24;24;24m▀[38;2;24;24;24m▀    
                [38;2;24;24;24m[48;2;125;124;124m▀[0m[38;2;194;189;188m[48;2;194;189;188m▀[0m[38;2;194;189;188m[48;2;194;189;188m▀[0m[38;2;194;189;188m[48;2;194;189;188m▀[0m[38;2;194;189;188m[48;2;194;189;188m▀[0m[38;2;194;189;188m[48;2;194;189;188m▀[0m[38;2;125;124;124m[48;2;194;189;188m▀[0m[38;2;125;124;124m[48;2;194;189;188m▀[0m[38;2;194;189;188m[48;2;125;124;124m▀[0m[38;2;194;189;188m[48;2;125;124;124m▀[0m[38;2;194;189;188m[48;2;125;124;124m▀[0m[38;2;194;189;188m[48;2;24;24;24m▀[0m[38;2;194;189;188m[48;2;24;24;24m▀[0m[38;2;194;189;188m[48;2;24;24;24m▀[0m[38;2;194;189;188m[48;2;125;124;124m▀[0m[38;2;194;189;188m[48;2;125;124;124m▀[0m[38;2;194;189;188m[48;2;125;124;124m▀[0m[38;2;194;189;188m[48;2;125;124;124m▀[0m[38;2;125;124;124m[48;2;194;189;188m▀[0m[38;2;125;124;124m[48;2;194;189;188m▀[0m[38;2;125;124;124m[48;2;194;189;188m▀[0m[38;2;194;189;188m[48;2;194;189;188m▀[0m[38;2;194;189;188m[48;2;194;189;188m▀[0m[38;2;194;189;188m[48;2;194;189;188m▀[0m[38;2;24;24;24m[48;2;194;189;188m▀[0m[38;2;24;24;24m▄                  
               [38;2;24;24;24m[48;2;24;24;24m▀[0m[38;2;194;189;188m[48;2;194;189;188m▀[0m[38;2;194;189;188m[48;2;194;189;188m▀[0m[38;2;194;189;188m[48;2;194;189;188m▀[0m[38;2;194;189;188m[48;2;194;189;188m▀[0m[38;2;194;189;188m[48;2;194;189;188m▀[0m[38;2;194;189;188m[48;2;194;189;188m▀[0m[38;2;194;189;188m[48;2;194;189;188m▀[0m[38;2;194;189;188m[48;2;194;189;188m▀[0m[38;2;194;189;188m[48;2;194;189;188m▀[0m[38;2;194;189;188m[48;2;24;24;24m▀[0m[38;2;24;24;24m▀   [38;2;24;24;24m[48;2;24;24;24m▀[0m[38;2;194;189;188m[48;2;194;189;188m▀[0m[38;2;194;189;188m[48;2;194;189;188m▀[0m[38;2;194;189;188m[48;2;194;189;188m▀[0m[38;2;194;189;188m[48;2;194;189;188m▀[0m[38;2;194;189;188m[48;2;194;189;188m▀[0m[38;2;194;189;188m[48;2;194;189;188m▀[0m[38;2;194;189;188m[48;2;194;189;188m▀[0m[38;2;194;189;188m[48;2;194;189;188m▀[0m[38;2;194;189;188m[48;2;194;189;188m▀[0m[38;2;194;189;188m[48;2;194;189;188m▀[0m[38;2;24;24;24m[48;2;24;24;24m▀[0m                  
               [38;2;24;24;24m▀[38;2;194;189;188m[48;2;24;24;24m▀[0m[38;2;194;189;188m[48;2;24;24;24m▀[0m[38;2;194;189;188m[48;2;194;189;188m▀[0m[38;2;194;189;188m[48;2;194;189;188m▀[0m[38;2;194;189;188m[48;2;194;189;188m▀[0m[38;2;194;189;188m[48;2;194;189;188m▀[0m[38;2;194;189;188m[48;2;194;189;188m▀[0m[38;2;194;189;188m[48;2;194;189;188m▀[0m[38;2;194;189;188m[48;2;24;24;24m▀[0m[38;2;24;24;24m▀     [38;2;24;24;24m[48;2;24;24;24m▀[0m[38;2;194;189;188m[48;2;194;189;188m▀[0m[38;2;194;189;188m[48;2;194;189;188m▀[0m[38;2;194;189;188m[48;2;194;189;188m▀[0m[38;2;194;189;188m[48;2;194;189;188m▀[0m[38;2;194;189;188m[48;2;194;189;188m▀[0m[38;2;194;189;188m[48;2;194;189;188m▀[0m[38;2;194;189;188m[48;2;194;189;188m▀[0m[38;2;194;189;188m[48;2;194;189;188m▀[0m[38;2;194;189;188m[48;2;194;189;188m▀[0m[38;2;24;24;24m[48;2;24;24;24m▀[0m                  
                  [38;2;24;24;24m▀[38;2;24;24;24m▀[38;2;24;24;24m▀[38;2;24;24;24m▀[38;2;24;24;24m▀[38;2;24;24;24m▀        [38;2;24;24;24m▀[38;2;194;189;188m[48;2;24;24;24m▀[0m[38;2;194;189;188m[48;2;24;24;24m▀[0m[38;2;194;189;188m[48;2;24;24;24m▀[0m[38;2;194;189;188m[48;2;24;24;24m▀[0m[38;2;194;189;188m[48;2;24;24;24m▀[0m[38;2;194;189;188m[48;2;24;24;24m▀[0m[38;2;24;24;24m▀[38;2;24;24;24m▀                   
[0m