[38;2;238;119;145m▄[38;2;238;119;145m[48;2;238;119;145m▀[0m[38;2;238;119;145m[48;2;238;119;145m▀[0m[38;2;238;119;145m[48;2;238;119;145m▀[0m[38;2;238;119;145m[48;2;238;119;145m▀[0m[38;2;238;119;145m▄[38;2;238;119;145m▄[38;2;238;119;145m▄[38;2;238;119;145m▄                                                                                       
[38;2;238;119;145m[48;2;238;119;145m▀[0m[38;2;238;119;145m[48;2;238;119;145m▀[0m[38;2;238;119;145m[48;2;238;119;145m▀[0m[38;2;238;119;145m[48;2;238;119;145m▀[0m[38;2;238;119;145m[48;2;238;119;145m▀[0m[38;2;238;119;145m[48;2;238;119;145m▀[0m[38;2;238;119;145m[48;2;238;119;145m▀[0m[38;2;238;119;145m[48;2;238;119;145m▀[0m[38;2;238;119;145m[48;2;238;119;145m▀[0m[38;2;238;119;145m[48;2;238;119;145m▀[0m[38;2;238;119;145m[48;2;238;119;145m▀[0m[38;2;238;119;145m▄[38;2;238;119;145m▄                                                                                   
 [38;2;238;119;145m▀[38;2;238;119;145m[48;2;238;119;145m▀[0m[38;2;238;119;145m[48;2;238;119;145m▀[0m[38;2;238;119;145m[48;2;238;119;145m▀[0m[38;2;238;119;145m[48;2;238;119;145m▀[0m[38;2;238;119;145m[48;2;238;119;145m▀[0m[38;2;238;119;145m[48;2;238;119;145m▀[0m[38;2;238;119;145m[48;2;238;119;145m▀[0m[38;2;238;119;145m[48;2;238;119;145m▀[0m[38;2;238;119;145m[48;2;238;119;145m▀[0m[38;2;238;119;145m[48;2;238;119;145m▀[0m[38;2;238;119;145m[48;2;238;119;145m▀[0m[38;2;238;119;145m[48;2;238;119;145m▀[0m[38;2;238;119;145m[48;2;238;119;145m▀[0m[38;2;238;119;145m▄[38;2;238;119;145m▄                                                                               
  [38;2;238;119;145m▀[38;2;238;119;145m[48;2;238;119;145m▀[0m[38;2;238;119;145m[48;2;238;119;145m▀[0m[38;2;238;119;145m[48;2;238;119;145m▀[0m[38;2;238;119;145m[48;2;238;119;145m▀[0m[38;2;238;119;145m[48;2;238;119;145m▀[0m[38;2;238;119;145m[48;2;238;119;145m▀[0m[38;2;238;119;145m[48;2;238;119;145m▀[0m[38;2;238;119;145m[48;2;238;119;145m▀[0m[38;2;238;119;145m[48;2;238;119;145m▀[0m[38;2;238;119;145m[48;2;238;119;145m▀[0m[38;2;238;119;145m[48;2;238;119;145m▀[0m[38;2;238;119;145m[48;2;238;119;145m▀[0m[38;2;238;119;145m[48;2;238;119;145m▀[0m[38;2;238;119;145m[48;2;238;119;145m▀[0m[38;2;238;119;145m[48;2;238;119;145m▀[0m[38;2;238;119;145m▄                [38;2;139;129;136m▄[38;2;139;129;136m▄[38;2;139;129;136m[48;2;254;252;252m▀[0m[38;2;139;129;136m[48;2;254;252;252m▀[0m[38;2;139;129;136m▄                                          [38;2;238;119;145m▄[38;2;238;119;145m▄[38;2;238;119;145m▄[38;2;238;119;145m▄[38;2;238;119;145m▄[38;2;238;119;145m▄[38;2;238;119;145m▄[38;2;238;119;145m▄[38;2;238;119;145m▄[38;2;238;119;145m▄[38;2;238;119;145m▄   
   [38;2;238;119;145m▀[38;2;238;119;145m[48;2;238;119;145m▀[0m[38;2;238;119;145m[48;2;238;119;145m▀[0m[38;2;238;119;145m[48;2;238;119;145m▀[0m[38;2;238;119;145m[48;2;238;119;145m▀[0m[38;2;238;119;145m[48;2;238;119;145m▀[0m[38;2;238;119;145m[48;2;238;119;145m▀[0m[38;2;238;119;145m[48;2;238;119;145m▀[0m[38;2;238;119;145m[48;2;238;119;145m▀[0m[38;2;238;119;145m[48;2;238;119;145m▀[0m[38;2;238;119;145m[48;2;238;119;145m▀[0m[38;2;238;119;145m[48;2;238;119;145m▀[0m[38;2;238;119;145m[48;2;238;119;145m▀[0m[38;2;238;119;145m[48;2;238;119;145m▀[0m[38;2;238;119;145m[48;2;238;119;145m▀[0m[38;2;238;119;145m[48;2;238;119;145m▀[0m[38;2;238;119;145m[48;2;238;119;145m▀[0m[38;2;238;119;145m▄            [38;2;139;129;136m▄[38;2;139;129;136m[48;2;216;202;212m▀[0m[38;2;216;202;212m[48;2;254;252;252m▀[0m[38;2;254;252;252m[48;2;254;252;252m▀[0m[38;2;254;252;252m[48;2;254;252;252m▀[0m[38;2;254;252;252m[48;2;254;252;252m▀[0m[38;2;254;252;252m[48;2;254;252;252m▀[0m[38;2;139;129;136m[48;2;254;252;252m▀[0m[38;2;139;129;136m▄                              [38;2;238;119;145m▄[38;2;238;119;145m▄[38;2;238;119;145m▄[38;2;238;119;145m▄[38;2;238;119;145m[48;2;238;119;145m▀[0m[38;2;238;119;145m[48;2;238;119;145m▀[0m[38;2;238;119;145m[48;2;238;119;145m▀[0m[38;2;238;119;145m[48;2;238;119;145m▀[0m[38;2;238;119;145m[48;2;238;119;145m▀[0m[38;2;238;119;145m[48;2;238;119;145m▀[0m[38;2;238;119;145m[48;2;238;119;145m▀[0m[38;2;238;119;145m[48;2;238;119;145m▀[0m[38;2;238;119;145m[48;2;238;119;145m▀[0m[38;2;238;119;145m[48;2;238;119;145m▀[0m[38;2;238;119;145m[48;2;238;119;145m▀[0m[38;2;238;119;145m[48;2;238;119;145m▀[0m[38;2;238;119;145m[48;2;238;119;145m▀[0m[38;2;238;119;145m[48;2;238;119;145m▀[0m[38;2;238;119;145m[48;2;238;119;145m▀[0m[38;2;238;119;145m[48;2;238;119;145m▀[0m[38;2;238;119;145m[48;2;238;119;145m▀[0m[38;2;238;119;145m[48;2;238;119;145m▀[0m[38;2;238;119;145m[48;2;238;119;145m▀[0m[38;2;238;119;145m▄
     [38;2;238;119;145m[48;2;238;119;145m▀[0m[38;2;238;119;145m[48;2;238;119;145m▀[0m[38;2;246;187;165m[48;2;238;119;145m▀[0m[38;2;238;119;145m[48;2;238;119;145m▀[0m[38;2;238;119;145m[48;2;238;119;145m▀[0m[38;2;238;119;145m[48;2;238;119;145m▀[0m[38;2;238;119;145m[48;2;238;119;145m▀[0m[38;2;238;119;145m[48;2;238;119;145m▀[0m[38;2;238;119;145m[48;2;238;119;145m▀[0m[38;2;238;119;145m[48;2;238;119;145m▀[0m[38;2;238;119;145m[48;2;238;119;145m▀[0m[38;2;238;119;145m[48;2;238;119;145m▀[0m[38;2;238;119;145m[48;2;246;187;165m▀[0m[38;2;238;119;145m[48;2;238;119;145m▀[0m[38;2;238;119;145m[48;2;238;119;145m▀[0m[38;2;238;119;145m[48;2;238;119;145m▀[0m[38;2;238;119;145m[48;2;238;119;145m▀[0m[38;2;238;119;145m▄         [38;2;139;129;136m▄[38;2;139;129;136m[48;2;254;252;252m▀[0m[38;2;254;252;252m[48;2;254;252;252m▀[0m[38;2;254;252;252m[48;2;254;252;252m▀[0m[38;2;254;252;252m[48;2;254;252;252m▀[0m[38;2;139;129;136m[48;2;254;252;252m▀[0m[38;2;254;252;252m[48;2;139;129;136m▀[0m[38;2;254;252;252m[48;2;254;252;252m▀[0m[38;2;254;252;252m[48;2;254;252;252m▀[0m[38;2;139;129;136m[48;2;16;16;16m▀[0m                          [38;2;238;119;145m▄[38;2;238;119;145m[48;2;238;119;145m▀[0m[38;2;238;119;145m[48;2;238;119;145m▀[0m[38;2;238;119;145m[48;2;238;119;145m▀[0m[38;2;238;119;145m[48;2;238;119;145m▀[0m[38;2;238;119;145m[48;2;238;119;145m▀[0m[38;2;238;119;145m[48;2;238;119;145m▀[0m[38;2;238;119;145m[48;2;238;119;145m▀[0m[38;2;238;119;145m[48;2;238;119;145m▀[0m[38;2;238;119;145m[48;2;238;119;145m▀[0m[38;2;238;119;145m[48;2;238;119;145m▀[0m[38;2;238;119;145m[48;2;238;119;145m▀[0m[38;2;238;119;145m[48;2;238;119;145m▀[0m[38;2;238;119;145m[48;2;238;119;145m▀[0m[38;2;238;119;145m[48;2;238;119;145m▀[0m[38;2;238;119;145m[48;2;238;119;145m▀[0m[38;2;238;119;145m[48;2;238;119;145m▀[0m[38;2;238;119;145m[48;2;238;119;145m▀[0m[38;2;238;119;145m[48;2;238;119;145m▀[0m[38;2;238;119;145m[48;2;238;119;145m▀[0m[38;2;238;119;145m[48;2;238;119;145m▀[0m[38;2;238;119;145m[48;2;238;119;145m▀[0m[38;2;238;119;145m[48;2;238;119;145m▀[0m[38;2;238;119;145m[48;2;238;119;145m▀[0m[38;2;238;119;145m[48;2;238;119;145m▀[0m[38;2;238;119;145m[48;2;238;119;145m▀[0m[38;2;238;119;145m[48;2;238;119;145m▀[0m[38;2;238;119;145m▀
     [38;2;238;119;145m▀[38;2;238;119;145m[48;2;238;119;145m▀[0m[38;2;238;119;145m[48;2;238;119;145m▀[0m[38;2;238;119;145m[48;2;238;119;145m▀[0m[38;2;238;119;145m[48;2;238;119;145m▀[0m[38;2;238;119;145m[48;2;238;119;145m▀[0m[38;2;238;119;145m[48;2;246;187;165m▀[0m[38;2;238;119;145m[48;2;238;119;145m▀[0m[38;2;238;119;145m[48;2;238;119;145m▀[0m[38;2;238;119;145m[48;2;238;119;145m▀[0m[38;2;238;119;145m[48;2;238;119;145m▀[0m[38;2;238;119;145m[48;2;238;119;145m▀[0m[38;2;238;119;145m[48;2;238;119;145m▀[0m[38;2;238;119;145m[48;2;238;119;145m▀[0m[38;2;238;119;145m[48;2;238;119;145m▀[0m[38;2;238;119;145m[48;2;238;119;145m▀[0m[38;2;238;119;145m[48;2;238;119;145m▀[0m[38;2;238;119;145m[48;2;238;119;145m▀[0m[38;2;238;119;145m[48;2;238;119;145m▀[0m[38;2;238;119;145m▄       [38;2;139;129;136m[48;2;139;129;136m▀[0m[38;2;254;252;252m[48;2;216;202;212m▀[0m[38;2;254;252;252m[48;2;254;252;252m▀[0m[38;2;254;252;252m[48;2;254;252;252m▀[0m[38;2;254;252;252m[48;2;254;252;252m▀[0m[38;2;254;252;252m[48;2;216;202;212m▀[0m[38;2;139;129;136m[48;2;139;129;136m▀[0m[38;2;254;252;252m[48;2;216;202;212m▀[0m[38;2;216;202;212m[48;2;216;202;212m▀[0m[38;2;16;16;16m[48;2;16;16;16m▀[0m                     [38;2;238;119;145m▄[38;2;238;119;145m▄[38;2;238;119;145m[48;2;238;119;145m▀[0m[38;2;238;119;145m[48;2;238;119;145m▀[0m[38;2;238;119;145m[48;2;238;119;145m▀[0m[38;2;238;119;145m[48;2;238;119;145m▀[0m[38;2;238;119;145m[48;2;238;119;145m▀[0m[38;2;238;119;145m[48;2;238;119;145m▀[0m[38;2;238;119;145m[48;2;238;119;145m▀[0m[38;2;238;119;145m[48;2;238;119;145m▀[0m[38;2;238;119;145m[48;2;238;119;145m▀[0m[38;2;238;119;145m[48;2;238;119;145m▀[0m[38;2;238;119;145m[48;2;238;119;145m▀[0m[38;2;238;119;145m[48;2;238;119;145m▀[0m[38;2;238;119;145m[48;2;238;119;145m▀[0m[38;2;238;119;145m[48;2;238;119;145m▀[0m[38;2;238;119;145m[48;2;238;119;145m▀[0m[38;2;238;119;145m[48;2;238;119;145m▀[0m[38;2;238;119;145m[48;2;238;119;145m▀[0m[38;2;238;119;145m[48;2;238;119;145m▀[0m[38;2;238;119;145m[48;2;238;119;145m▀[0m[38;2;238;119;145m[48;2;238;119;145m▀[0m[38;2;238;119;145m[48;2;238;119;145m▀[0m[38;2;238;119;145m[48;2;238;119;145m▀[0m[38;2;238;119;145m[48;2;238;119;145m▀[0m[38;2;238;119;145m[48;2;238;119;145m▀[0m[38;2;238;119;145m[48;2;238;119;145m▀[0m[38;2;238;119;145m[48;2;238;119;145m▀[0m[38;2;238;119;145m[48;2;238;119;145m▀[0m[38;2;238;119;145m[48;2;238;119;145m▀[0m[38;2;238;119;145m[48;2;238;119;145m▀[0m[38;2;238;119;145m▀ 
      [38;2;238;119;145m▀[38;2;238;119;145m▀[38;2;238;119;145m[48;2;238;119;145m▀[0m[38;2;238;119;145m[48;2;238;119;145m▀[0m[38;2;238;119;145m[48;2;238;119;145m▀[0m[38;2;238;119;145m[48;2;238;119;145m▀[0m[38;2;238;119;145m[48;2;238;119;145m▀[0m[38;2;238;119;145m[48;2;238;119;145m▀[0m[38;2;238;119;145m[48;2;238;119;145m▀[0m[38;2;238;119;145m[48;2;238;119;145m▀[0m[38;2;238;119;145m[48;2;238;119;145m▀[0m[38;2;238;119;145m[48;2;238;119;145m▀[0m[38;2;238;119;145m[48;2;238;119;145m▀[0m[38;2;238;119;145m[48;2;238;119;145m▀[0m[38;2;238;119;145m[48;2;238;119;145m▀[0m[38;2;238;119;145m[48;2;238;119;145m▀[0m[38;2;238;119;145m[48;2;238;119;145m▀[0m[38;2;238;119;145m[48;2;238;119;145m▀[0m[38;2;238;119;145m[48;2;238;119;145m▀[0m[38;2;238;119;145m[48;2;238;119;145m▀[0m[38;2;238;119;145m▄   [38;2;139;129;136m▄[38;2;16;16;16m▄[38;2;139;129;136m[48;2;16;16;16m▀[0m[38;2;216;202;212m[48;2;16;16;16m▀[0m[38;2;216;202;212m[48;2;16;16;16m▀[0m[38;2;216;202;212m[48;2;139;129;136m▀[0m[38;2;216;202;212m[48;2;139;129;136m▀[0m[38;2;216;202;212m[48;2;139;129;136m▀[0m[38;2;139;129;136m[48;2;139;129;136m▀[0m[38;2;216;202;212m[48;2;16;16;16m▀[0m[38;2;216;202;212m▀[38;2;16;16;16m▀               [38;2;238;119;145m▄[38;2;238;119;145m▄[38;2;238;119;145m▄[38;2;238;119;145m▄[38;2;238;119;145m[48;2;238;119;145m▀[0m[38;2;238;119;145m[48;2;238;119;145m▀[0m[38;2;238;119;145m[48;2;238;119;145m▀[0m[38;2;238;119;145m[48;2;238;119;145m▀[0m[38;2;238;119;145m[48;2;238;119;145m▀[0m[38;2;238;119;145m[48;2;238;119;145m▀[0m[38;2;238;119;145m[48;2;238;119;145m▀[0m[38;2;238;119;145m[48;2;238;119;145m▀[0m[38;2;238;119;145m[48;2;238;119;145m▀[0m[38;2;238;119;145m[48;2;238;119;145m▀[0m[38;2;238;119;145m[48;2;238;119;145m▀[0m[38;2;238;119;145m[48;2;238;119;145m▀[0m[38;2;238;119;145m[48;2;238;119;145m▀[0m[38;2;238;119;145m[48;2;238;119;145m▀[0m[38;2;238;119;145m[48;2;238;119;145m▀[0m[38;2;238;119;145m[48;2;238;119;145m▀[0m[38;2;238;119;145m[48;2;238;119;145m▀[0m[38;2;238;119;145m[48;2;238;119;145m▀[0m[38;2;238;119;145m[48;2;238;119;145m▀[0m[38;2;238;119;145m[48;2;238;119;145m▀[0m[38;2;238;119;145m[48;2;238;119;145m▀[0m[38;2;238;119;145m[48;2;238;119;145m▀[0m[38;2;238;119;145m[48;2;238;119;145m▀[0m[38;2;238;119;145m[48;2;238;119;145m▀[0m[38;2;238;119;145m[48;2;238;119;145m▀[0m[38;2;238;119;145m[48;2;238;119;145m▀[0m[38;2;238;119;145m[48;2;238;119;145m▀[0m[38;2;238;119;145m[48;2;238;119;145m▀[0m[38;2;238;119;145m[48;2;238;119;145m▀[0m[38;2;238;119;145m[48;2;238;119;145m▀[0m[38;2;238;119;145m▀[38;2;238;119;145m▀   
         [38;2;238;119;145m[48;2;238;119;145m▀[0m[38;2;238;119;145m[48;2;238;119;145m▀[0m[38;2;238;119;145m[48;2;238;119;145m▀[0m[38;2;238;119;145m[48;2;238;119;145m▀[0m[38;2;238;119;145m[48;2;238;119;145m▀[0m[38;2;238;119;145m[48;2;238;119;145m▀[0m[38;2;238;119;145m[48;2;238;119;145m▀[0m[38;2;238;119;145m[48;2;238;119;145m▀[0m[38;2;238;119;145m[48;2;238;119;145m▀[0m[38;2;238;119;145m[48;2;139;74;82m▀[0m[38;2;139;74;82m[48;2;230;80;120m▀[0m[38;2;238;119;145m[48;2;139;74;82m▀[0m[38;2;238;119;145m[48;2;238;119;145m▀[0m[38;2;238;119;145m[48;2;238;119;145m▀[0m[38;2;238;119;145m[48;2;238;119;145m▀[0m[38;2;238;119;145m[48;2;238;119;145m▀[0m[38;2;238;119;145m[48;2;238;119;145m▀[0m[38;2;238;119;145m[48;2;16;16;16m▀[0m[38;2;16;16;16m[48;2;216;202;212m▀[0m[38;2;16;16;16m[48;2;254;252;252m▀[0m[38;2;16;16;16m[48;2;254;252;252m▀[0m[38;2;216;202;212m[48;2;254;252;252m▀[0m[38;2;216;202;212m[48;2;254;252;252m▀[0m[38;2;254;252;252m[48;2;254;252;252m▀[0m[38;2;254;252;252m[48;2;254;252;252m▀[0m[38;2;254;252;252m[48;2;254;252;252m▀[0m[38;2;254;252;252m[48;2;254;252;252m▀[0m[38;2;254;252;252m[48;2;254;252;252m▀[0m[38;2;254;252;252m[48;2;254;252;252m▀[0m[38;2;254;252;252m[48;2;254;252;252m▀[0m[38;2;16;16;16m[48;2;254;252;252m▀[0m[38;2;16;16;16m[48;2;254;252;252m▀[0m[38;2;16;16;16m[48;2;254;252;252m▀[0m[38;2;16;16;16m▄[38;2;16;16;16m▄         [38;2;238;119;145m▄[38;2;238;119;145m▄[38;2;238;119;145m[48;2;238;119;145m▀[0m[38;2;238;119;145m[48;2;238;119;145m▀[0m[38;2;238;119;145m[48;2;238;119;145m▀[0m[38;2;238;119;145m[48;2;238;119;145m▀[0m[38;2;238;119;145m[48;2;238;119;145m▀[0m[38;2;238;119;145m[48;2;238;119;145m▀[0m[38;2;238;119;145m[48;2;238;119;145m▀[0m[38;2;238;119;145m[48;2;238;119;145m▀[0m[38;2;238;119;145m[48;2;238;119;145m▀[0m[38;2;238;119;145m[48;2;238;119;145m▀[0m[38;2;238;119;145m[48;2;238;119;145m▀[0m[38;2;238;119;145m[48;2;238;119;145m▀[0m[38;2;238;119;145m[48;2;238;119;145m▀[0m[38;2;238;119;145m[48;2;238;119;145m▀[0m[38;2;238;119;145m[48;2;238;119;145m▀[0m[38;2;238;119;145m[48;2;238;119;145m▀[0m[38;2;238;119;145m[48;2;238;119;145m▀[0m[38;2;238;119;145m[48;2;246;187;165m▀[0m[38;2;238;119;145m[48;2;238;119;145m▀[0m[38;2;238;119;145m[48;2;238;119;145m▀[0m[38;2;238;119;145m[48;2;238;119;145m▀[0m[38;2;238;119;145m[48;2;238;119;145m▀[0m[38;2;238;119;145m[48;2;238;119;145m▀[0m[38;2;238;119;145m[48;2;238;119;145m▀[0m[38;2;238;119;145m[48;2;238;119;145m▀[0m[38;2;238;119;145m[48;2;238;119;145m▀[0m[38;2;238;119;145m[48;2;238;119;145m▀[0m[38;2;238;119;145m[48;2;238;119;145m▀[0m[38;2;238;119;145m[48;2;238;119;145m▀[0m[38;2;238;119;145m[48;2;238;119;145m▀[0m[38;2;238;119;145m[48;2;238;119;145m▀[0m[38;2;238;119;145m[48;2;238;119;145m▀[0m[38;2;238;119;145m[48;2;238;119;145m▀[0m[38;2;238;119;145m[48;2;238;119;145m▀[0m[38;2;238;119;145m[48;2;238;119;145m▀[0m[38;2;238;119;145m▀     
          [38;2;238;119;145m▀[38;2;238;119;145m[48;2;238;119;145m▀[0m[38;2;238;119;145m[48;2;238;119;145m▀[0m[38;2;238;119;145m[48;2;238;119;145m▀[0m[38;2;238;119;145m[48;2;238;119;145m▀[0m[38;2;238;119;145m[48;2;238;119;145m▀[0m[38;2;238;119;145m[48;2;238;119;145m▀[0m[38;2;238;119;145m[48;2;238;119;145m▀[0m[38;2;139;74;82m[48;2;238;119;145m▀[0m[38;2;230;80;120m[48;2;139;74;82m▀[0m[38;2;230;80;120m[48;2;230;80;120m▀[0m[38;2;139;74;82m[48;2;230;80;120m▀[0m[38;2;238;119;145m[48;2;139;74;82m▀[0m[38;2;238;119;145m[48;2;238;119;145m▀[0m[38;2;238;119;145m[48;2;16;16;16m▀[0m[38;2;16;16;16m[48;2;254;252;252m▀[0m[38;2;216;202;212m[48;2;254;252;252m▀[0m[38;2;254;252;252m[48;2;254;252;252m▀[0m[38;2;254;252;252m[48;2;254;252;252m▀[0m[38;2;254;252;252m[48;2;254;252;252m▀[0m[38;2;254;252;252m[48;2;254;252;252m▀[0m[38;2;254;252;252m[48;2;254;252;252m▀[0m[38;2;254;252;252m[48;2;254;252;252m▀[0m[38;2;254;252;252m[48;2;254;252;252m▀[0m[38;2;254;252;252m[48;2;254;252;252m▀[0m[38;2;254;252;252m[48;2;254;252;252m▀[0m[38;2;254;252;252m[48;2;254;252;252m▀[0m[38;2;254;252;252m[48;2;254;252;252m▀[0m[38;2;254;252;252m[48;2;254;252;252m▀[0m[38;2;254;252;252m[48;2;254;252;252m▀[0m[38;2;254;252;252m[48;2;254;252;252m▀[0m[38;2;254;252;252m[48;2;254;252;252m▀[0m[38;2;254;252;252m[48;2;254;252;252m▀[0m[38;2;254;252;252m[48;2;254;252;252m▀[0m[38;2;16;16;16m[48;2;254;252;252m▀[0m[38;2;16;16;16m[48;2;216;202;212m▀[0m[38;2;16;16;16m▄    [38;2;238;119;145m▄[38;2;238;119;145m[48;2;238;119;145m▀[0m[38;2;238;119;145m[48;2;238;119;145m▀[0m[38;2;238;119;145m[48;2;238;119;145m▀[0m[38;2;238;119;145m[48;2;238;119;145m▀[0m[38;2;238;119;145m[48;2;238;119;145m▀[0m[38;2;238;119;145m[48;2;238;119;145m▀[0m[38;2;238;119;145m[48;2;238;119;145m▀[0m[38;2;238;119;145m[48;2;238;119;145m▀[0m[38;2;238;119;145m[48;2;238;119;145m▀[0m[38;2;238;119;145m[48;2;238;119;145m▀[0m[38;2;238;119;145m[48;2;238;119;145m▀[0m[38;2;238;119;145m[48;2;238;119;145m▀[0m[38;2;238;119;145m[48;2;238;119;145m▀[0m[38;2;238;119;145m[48;2;238;119;145m▀[0m[38;2;238;119;145m[48;2;238;119;145m▀[0m[38;2;238;119;145m[48;2;238;119;145m▀[0m[38;2;238;119;145m[48;2;238;119;145m▀[0m[38;2;238;119;145m[48;2;238;119;145m▀[0m[38;2;238;119;145m[48;2;238;119;145m▀[0m[38;2;238;119;145m[48;2;238;119;145m▀[0m[38;2;238;119;145m[48;2;238;119;145m▀[0m[38;2;238;119;145m[48;2;238;119;145m▀[0m[38;2;238;119;145m[48;2;238;119;145m▀[0m[38;2;238;119;145m[48;2;246;187;165m▀[0m[38;2;238;119;145m[48;2;238;119;145m▀[0m[38;2;238;119;145m[48;2;238;119;145m▀[0m[38;2;238;119;145m[48;2;238;119;145m▀[0m[38;2;238;119;145m[48;2;238;119;145m▀[0m[38;2;238;119;145m[48;2;238;119;145m▀[0m[38;2;238;119;145m[48;2;238;119;145m▀[0m[38;2;238;119;145m[48;2;238;119;145m▀[0m[38;2;238;119;145m[48;2;238;119;145m▀[0m[38;2;238;119;145m[48;2;238;119;145m▀[0m[38;2;238;119;145m[48;2;238;119;145m▀[0m[38;2;238;119;145m[48;2;238;119;145m▀[0m[38;2;238;119;145m[48;2;238;119;145m▀[0m[38;2;238;119;145m▀       
            [38;2;238;119;145m▀[38;2;238;119;145m[48;2;238;119;145m▀[0m[38;2;238;119;145m[48;2;238;119;145m▀[0m[38;2;238;119;145m[48;2;238;119;145m▀[0m[38;2;238;119;145m[48;2;238;119;145m▀[0m[38;2;238;119;145m[48;2;238;119;145m▀[0m[38;2;238;119;145m[48;2;238;119;145m▀[0m[38;2;139;74;82m[48;2;238;119;145m▀[0m[38;2;230;80;120m[48;2;139;74;82m▀[0m[38;2;230;80;120m[48;2;230;80;120m▀[0m[38;2;230;80;120m[48;2;230;80;120m▀[0m[38;2;16;16;16m[48;2;139;129;136m▀[0m[38;2;254;252;252m[48;2;254;252;252m▀[0m[38;2;254;252;252m[48;2;254;252;252m▀[0m[38;2;254;252;252m[48;2;254;252;252m▀[0m[38;2;254;252;252m[48;2;254;252;252m▀[0m[38;2;254;252;252m[48;2;254;252;252m▀[0m[38;2;254;252;252m[48;2;254;252;252m▀[0m[38;2;254;252;252m[48;2;254;252;252m▀[0m[38;2;254;252;252m[48;2;254;252;252m▀[0m[38;2;254;252;252m[48;2;254;252;252m▀[0m[38;2;254;252;252m[48;2;254;252;252m▀[0m[38;2;254;252;252m[48;2;254;252;252m▀[0m[38;2;254;252;252m[48;2;254;252;252m▀[0m[38;2;254;252;252m[48;2;254;252;252m▀[0m[38;2;254;252;252m[48;2;254;252;252m▀[0m[38;2;254;252;252m[48;2;254;252;252m▀[0m[38;2;254;252;252m[48;2;254;252;252m▀[0m[38;2;254;252;252m[48;2;254;252;252m▀[0m[38;2;254;252;252m[48;2;254;252;252m▀[0m[38;2;254;252;252m[48;2;254;252;252m▀[0m[38;2;254;252;252m[48;2;254;252;252m▀[0m[38;2;254;252;252m[48;2;254;252;252m▀[0m[38;2;254;252;252m[48;2;254;252;252m▀[0m[38;2;216;202;212m[48;2;254;252;252m▀[0m[38;2;16;16;16m[48;2;216;202;212m▀[0m[38;2;238;119;145m▄[38;2;238;119;145m[48;2;238;119;145m▀[0m[38;2;238;119;145m[48;2;238;119;145m▀[0m[38;2;238;119;145m[48;2;238;119;145m▀[0m[38;2;238;119;145m[48;2;238;119;145m▀[0m[38;2;238;119;145m[48;2;238;119;145m▀[0m[38;2;238;119;145m[48;2;238;119;145m▀[0m[38;2;238;119;145m[48;2;238;119;145m▀[0m[38;2;238;119;145m[48;2;238;119;145m▀[0m[38;2;238;119;145m[48;2;238;119;145m▀[0m[38;2;238;119;145m[48;2;238;119;145m▀[0m[38;2;238;119;145m[48;2;238;119;145m▀[0m[38;2;238;119;145m[48;2;238;119;145m▀[0m[38;2;238;119;145m[48;2;238;119;145m▀[0m[38;2;238;119;145m[48;2;238;119;145m▀[0m[38;2;238;119;145m[48;2;238;119;145m▀[0m[38;2;238;119;145m[48;2;238;119;145m▀[0m[38;2;238;119;145m[48;2;238;119;145m▀[0m[38;2;238;119;145m[48;2;238;119;145m▀[0m[38;2;238;119;145m[48;2;238;119;145m▀[0m[38;2;238;119;145m[48;2;238;119;145m▀[0m[38;2;238;119;145m[48;2;238;119;145m▀[0m[38;2;238;119;145m[48;2;238;119;145m▀[0m[38;2;238;119;145m[48;2;238;119;145m▀[0m[38;2;238;119;145m[48;2;238;119;145m▀[0m[38;2;238;119;145m[48;2;238;119;145m▀[0m[38;2;238;119;145m[48;2;238;119;145m▀[0m[38;2;238;119;145m[48;2;238;119;145m▀[0m[38;2;238;119;145m[48;2;238;119;145m▀[0m[38;2;238;119;145m[48;2;238;119;145m▀[0m[38;2;238;119;145m[48;2;238;119;145m▀[0m[38;2;238;119;145m[48;2;238;119;145m▀[0m[38;2;238;119;145m[48;2;238;119;145m▀[0m[38;2;238;119;145m[48;2;238;119;145m▀[0m[38;2;238;119;145m[48;2;238;119;145m▀[0m[38;2;238;119;145m[48;2;238;119;145m▀[0m[38;2;238;119;145m[48;2;238;119;145m▀[0m[38;2;238;119;145m▀          
          [38;2;238;119;145m▄[38;2;238;119;145m▄[38;2;238;119;145m▄[38;2;238;119;145m▄[38;2;238;119;145m[48;2;238;119;145m▀[0m[38;2;238;119;145m[48;2;238;119;145m▀[0m[38;2;238;119;145m[48;2;238;119;145m▀[0m[38;2;238;119;145m[48;2;238;119;145m▀[0m[38;2;238;119;145m[48;2;238;119;145m▀[0m[38;2;238;119;145m[48;2;238;119;145m▀[0m[38;2;139;74;82m[48;2;238;119;145m▀[0m[38;2;230;80;120m[48;2;139;74;82m▀[0m[38;2;139;74;82m[48;2;16;16;16m▀[0m[38;2;254;252;252m[48;2;254;252;252m▀[0m[38;2;254;252;252m[48;2;254;252;252m▀[0m[38;2;254;252;252m[48;2;254;252;252m▀[0m[38;2;254;252;252m[48;2;254;252;252m▀[0m[38;2;254;252;252m[48;2;255;220;205m▀[0m[38;2;254;252;252m[48;2;255;220;205m▀[0m[38;2;254;252;252m[48;2;255;220;205m▀[0m[38;2;254;236;229m[48;2;255;220;205m▀[0m[38;2;254;236;229m[48;2;255;220;205m▀[0m[38;2;254;236;229m[48;2;255;220;205m▀[0m[38;2;254;236;229m[48;2;255;220;205m▀[0m[38;2;254;236;229m[48;2;255;220;205m▀[0m[38;2;254;236;229m[48;2;255;220;205m▀[0m[38;2;254;236;229m[48;2;255;220;205m▀[0m[38;2;254;236;229m[48;2;255;220;205m▀[0m[38;2;254;252;252m[48;2;255;220;205m▀[0m[38;2;254;252;252m[48;2;255;220;205m▀[0m[38;2;254;252;252m[48;2;254;236;229m▀[0m[38;2;254;252;252m[48;2;254;236;229m▀[0m[38;2;254;252;252m[48;2;254;236;229m▀[0m[38;2;254;252;252m[48;2;254;252;252m▀[0m[38;2;254;252;252m[48;2;254;252;252m▀[0m[38;2;254;252;252m[48;2;254;252;252m▀[0m[38;2;254;252;252m[48;2;254;252;252m▀[0m[38;2;254;252;252m[48;2;254;252;252m▀[0m[38;2;238;119;145m[48;2;16;16;16m▀[0m[38;2;238;119;145m[48;2;238;119;145m▀[0m[38;2;238;119;145m[48;2;238;119;145m▀[0m[38;2;238;119;145m[48;2;246;187;165m▀[0m[38;2;238;119;145m[48;2;238;119;145m▀[0m[38;2;238;119;145m[48;2;238;119;145m▀[0m[38;2;238;119;145m[48;2;238;119;145m▀[0m[38;2;238;119;145m[48;2;238;119;145m▀[0m[38;2;238;119;145m[48;2;238;119;145m▀[0m[38;2;238;119;145m[48;2;238;119;145m▀[0m[38;2;238;119;145m[48;2;238;119;145m▀[0m[38;2;238;119;145m[48;2;139;74;82m▀[0m[38;2;238;119;145m[48;2;139;74;82m▀[0m[38;2;238;119;145m[48;2;238;119;145m▀[0m[38;2;238;119;145m[48;2;238;119;145m▀[0m[38;2;238;119;145m[48;2;238;119;145m▀[0m[38;2;238;119;145m[48;2;238;119;145m▀[0m[38;2;238;119;145m[48;2;238;119;145m▀[0m[38;2;238;119;145m[48;2;238;119;145m▀[0m[38;2;238;119;145m[48;2;238;119;145m▀[0m[38;2;238;119;145m[48;2;238;119;145m▀[0m[38;2;238;119;145m[48;2;238;119;145m▀[0m[38;2;238;119;145m[48;2;238;119;145m▀[0m[38;2;238;119;145m[48;2;238;119;145m▀[0m[38;2;238;119;145m[48;2;238;119;145m▀[0m[38;2;238;119;145m[48;2;238;119;145m▀[0m[38;2;238;119;145m[48;2;238;119;145m▀[0m[38;2;238;119;145m[48;2;238;119;145m▀[0m[38;2;238;119;145m[48;2;238;119;145m▀[0m[38;2;238;119;145m[48;2;238;119;145m▀[0m[38;2;238;119;145m[48;2;238;119;145m▀[0m[38;2;238;119;145m[48;2;238;119;145m▀[0m[38;2;238;119;145m[48;2;238;119;145m▀[0m[38;2;238;119;145m[48;2;238;119;145m▀[0m[38;2;238;119;145m▀             
         [38;2;238;119;145m▀[38;2;238;119;145m[48;2;238;119;145m▀[0m[38;2;238;119;145m[48;2;238;119;145m▀[0m[38;2;238;119;145m[48;2;238;119;145m▀[0m[38;2;238;119;145m[48;2;238;119;145m▀[0m[38;2;238;119;145m[48;2;238;119;145m▀[0m[38;2;238;119;145m[48;2;238;119;145m▀[0m[38;2;238;119;145m[48;2;238;119;145m▀[0m[38;2;238;119;145m[48;2;238;119;145m▀[0m[38;2;238;119;145m[48;2;238;119;145m▀[0m[38;2;238;119;145m[48;2;238;119;145m▀[0m[38;2;238;119;145m[48;2;238;119;145m▀[0m[38;2;238;119;145m[48;2;238;119;145m▀[0m[38;2;16;16;16m[48;2;16;16;16m▀[0m[38;2;254;252;252m[48;2;255;220;205m▀[0m[38;2;254;252;252m[48;2;255;220;205m▀[0m[38;2;254;236;229m[48;2;255;220;205m▀[0m[38;2;255;220;205m[48;2;255;220;205m▀[0m[38;2;255;220;205m[48;2;255;220;205m▀[0m[38;2;255;220;205m[48;2;255;220;205m▀[0m[38;2;255;220;205m[48;2;255;220;205m▀[0m[38;2;255;220;205m[48;2;255;220;205m▀[0m[38;2;255;220;205m[48;2;255;220;205m▀[0m[38;2;255;220;205m[48;2;255;220;205m▀[0m[38;2;255;220;205m[48;2;255;220;205m▀[0m[38;2;255;220;205m[48;2;255;220;205m▀[0m[38;2;255;220;205m[48;2;255;220;205m▀[0m[38;2;255;220;205m[48;2;255;220;205m▀[0m[38;2;255;220;205m[48;2;255;220;205m▀[0m[38;2;255;220;205m[48;2;255;220;205m▀[0m[38;2;255;220;205m[48;2;255;220;205m▀[0m[38;2;255;220;205m[48;2;255;220;205m▀[0m[38;2;255;220;205m[48;2;255;220;205m▀[0m[38;2;255;220;205m[48;2;255;220;205m▀[0m[38;2;255;220;205m[48;2;255;220;205m▀[0m[38;2;254;236;229m[48;2;255;220;205m▀[0m[38;2;254;252;252m[48;2;255;220;205m▀[0m[38;2;254;252;252m[48;2;255;220;205m▀[0m[38;2;254;252;252m[48;2;254;236;229m▀[0m[38;2;16;16;16m[48;2;16;16;16m▀[0m[38;2;238;119;145m[48;2;238;119;145m▀[0m[38;2;238;119;145m[48;2;238;119;145m▀[0m[38;2;238;119;145m[48;2;238;119;145m▀[0m[38;2;238;119;145m[48;2;238;119;145m▀[0m[38;2;238;119;145m[48;2;139;74;82m▀[0m[38;2;238;119;145m[48;2;139;74;82m▀[0m[38;2;238;119;145m[48;2;230;80;120m▀[0m[38;2;238;119;145m[48;2;230;80;120m▀[0m[38;2;139;74;82m[48;2;230;80;120m▀[0m[38;2;139;74;82m[48;2;230;80;120m▀[0m[38;2;230;80;120m[48;2;139;74;82m▀[0m[38;2;230;80;120m[48;2;238;119;145m▀[0m[38;2;139;74;82m[48;2;238;119;145m▀[0m[38;2;238;119;145m[48;2;238;119;145m▀[0m[38;2;238;119;145m[48;2;238;119;145m▀[0m[38;2;238;119;145m[48;2;238;119;145m▀[0m[38;2;238;119;145m[48;2;238;119;145m▀[0m[38;2;238;119;145m[48;2;238;119;145m▀[0m[38;2;238;119;145m[48;2;238;119;145m▀[0m[38;2;238;119;145m[48;2;238;119;145m▀[0m[38;2;238;119;145m[48;2;238;119;145m▀[0m[38;2;238;119;145m[48;2;238;119;145m▀[0m[38;2;238;119;145m[48;2;238;119;145m▀[0m[38;2;238;119;145m[48;2;238;119;145m▀[0m[38;2;238;119;145m[48;2;238;119;145m▀[0m[38;2;238;119;145m[48;2;238;119;145m▀[0m[38;2;238;119;145m[48;2;238;119;145m▀[0m[38;2;238;119;145m[48;2;238;119;145m▀[0m[38;2;238;119;145m[48;2;238;119;145m▀[0m[38;2;238;119;145m▀[38;2;238;119;145m▀                
          [38;2;238;119;145m▀[38;2;238;119;145m[48;2;239;136;149m▀[0m[38;2;238;119;145m[48;2;239;136;149m▀[0m[38;2;238;119;145m[48;2;239;136;149m▀[0m[38;2;238;119;145m[48;2;239;136;149m▀[0m[38;2;238;119;145m[48;2;239;136;149m▀[0m[38;2;238;119;145m[48;2;16;16;16m▀[0m[38;2;238;119;145m[48;2;16;16;16m▀[0m[38;2;238;119;145m[48;2;16;16;16m▀[0m[38;2;238;119;145m[48;2;238;119;145m▀[0m[38;2;238;119;145m[48;2;238;119;145m▀[0m[38;2;238;119;145m[48;2;238;119;145m▀[0m[38;2;16;16;16m[48;2;238;119;145m▀[0m[38;2;241;171;165m[48;2;16;16;16m▀[0m[38;2;255;220;205m[48;2;255;220;205m▀[0m[38;2;255;220;205m[48;2;255;220;205m▀[0m[38;2;255;220;205m[48;2;255;220;205m▀[0m[38;2;255;220;205m[48;2;255;220;205m▀[0m[38;2;255;220;205m[48;2;255;220;205m▀[0m[38;2;255;220;205m[48;2;255;220;205m▀[0m[38;2;255;220;205m[48;2;255;220;205m▀[0m[38;2;255;220;205m[48;2;255;220;205m▀[0m[38;2;255;220;205m[48;2;255;220;205m▀[0m[38;2;255;220;205m[48;2;255;220;205m▀[0m[38;2;255;220;205m[48;2;255;220;205m▀[0m[38;2;255;220;205m[48;2;255;220;205m▀[0m[38;2;255;220;205m[48;2;255;220;205m▀[0m[38;2;255;220;205m[48;2;255;220;205m▀[0m[38;2;255;220;205m[48;2;255;220;205m▀[0m[38;2;255;220;205m[48;2;255;220;205m▀[0m[38;2;255;220;205m[48;2;255;220;205m▀[0m[38;2;255;220;205m[48;2;255;220;205m▀[0m[38;2;255;220;205m[48;2;255;220;205m▀[0m[38;2;255;220;205m[48;2;255;220;205m▀[0m[38;2;255;220;205m[48;2;255;220;205m▀[0m[38;2;255;220;205m[48;2;255;220;205m▀[0m[38;2;255;220;205m[48;2;255;220;205m▀[0m[38;2;255;220;205m[48;2;241;171;165m▀[0m[38;2;16;16;16m[48;2;16;16;16m▀[0m[38;2;238;119;145m[48;2;139;74;82m▀[0m[38;2;238;119;145m[48;2;139;74;82m▀[0m[38;2;139;74;82m[48;2;230;80;120m▀[0m[38;2;139;74;82m[48;2;230;80;120m▀[0m[38;2;230;80;120m[48;2;230;80;120m▀[0m[38;2;230;80;120m[48;2;230;80;120m▀[0m[38;2;230;80;120m[48;2;230;80;120m▀[0m[38;2;230;80;120m[48;2;230;80;120m▀[0m[38;2;230;80;120m[48;2;139;74;82m▀[0m[38;2;139;74;82m[48;2;238;119;145m▀[0m[38;2;238;119;145m[48;2;238;119;145m▀[0m[38;2;238;119;145m[48;2;238;119;145m▀[0m[38;2;238;119;145m[48;2;238;119;145m▀[0m[38;2;238;119;145m[48;2;238;119;145m▀[0m[38;2;238;119;145m[48;2;238;119;145m▀[0m[38;2;238;119;145m[48;2;238;119;145m▀[0m[38;2;238;119;145m[48;2;238;119;145m▀[0m[38;2;238;119;145m[48;2;238;119;145m▀[0m[38;2;238;119;145m[48;2;238;119;145m▀[0m[38;2;238;119;145m[48;2;238;119;145m▀[0m[38;2;238;119;145m[48;2;238;119;145m▀[0m[38;2;238;119;145m[48;2;238;119;145m▀[0m[38;2;238;119;145m[48;2;238;119;145m▀[0m[38;2;238;119;145m[48;2;238;119;145m▀[0m[38;2;238;119;145m[48;2;238;119;145m▀[0m[38;2;238;119;145m▀[38;2;238;119;145m▀                    
           [38;2;239;136;149m▀[38;2;239;136;149m[48;2;239;136;149m▀[0m[38;2;239;136;149m[48;2;239;136;149m▀[0m[38;2;239;136;149m[48;2;239;136;149m▀[0m[38;2;239;136;149m[48;2;239;136;149m▀[0m[38;2;82;65;57m[48;2;82;65;57m▀[0m[38;2;82;65;57m[48;2;123;106;98m▀[0m[38;2;123;106;98m[48;2;123;106;98m▀[0m[38;2;16;16;16m[48;2;241;171;165m▀[0m[38;2;16;16;16m[48;2;241;171;165m▀[0m[38;2;16;16;16m[48;2;241;171;165m▀[0m[38;2;16;16;16m[48;2;193;95;95m▀[0m[38;2;238;119;145m[48;2;16;16;16m▀[0m[38;2;16;16;16m[48;2;16;16;16m▀[0m[38;2;241;171;165m[48;2;16;16;16m▀[0m[38;2;255;220;205m[48;2;16;16;16m▀[0m[38;2;255;220;205m[48;2;255;220;205m▀[0m[38;2;255;220;205m[48;2;255;220;205m▀[0m[38;2;255;220;205m[48;2;255;220;205m▀[0m[38;2;241;171;165m[48;2;255;220;205m▀[0m[38;2;241;171;165m[48;2;255;220;205m▀[0m[38;2;193;95;95m[48;2;255;220;205m▀[0m[38;2;193;95;95m[48;2;255;220;205m▀[0m[38;2;193;95;95m[48;2;255;220;205m▀[0m[38;2;193;95;95m[48;2;255;220;205m▀[0m[38;2;241;171;165m[48;2;255;220;205m▀[0m[38;2;255;220;205m[48;2;255;220;205m▀[0m[38;2;255;220;205m[48;2;255;220;205m▀[0m[38;2;241;171;165m[48;2;255;220;205m▀[0m[38;2;241;171;165m[48;2;241;171;165m▀[0m[38;2;255;220;205m[48;2;193;95;95m▀[0m[38;2;255;220;205m[48;2;16;16;16m▀[0m[38;2;255;220;205m[48;2;16;16;16m▀[0m[38;2;255;220;205m[48;2;16;16;16m▀[0m[38;2;255;220;205m[48;2;241;171;165m▀[0m[38;2;241;171;165m[48;2;241;171;165m▀[0m[38;2;241;171;165m[48;2;16;16;16m▀[0m[38;2;139;74;82m[48;2;230;80;120m▀[0m[38;2;230;80;120m[48;2;230;80;120m▀[0m[38;2;230;80;120m[48;2;230;80;120m▀[0m[38;2;230;80;120m[48;2;230;80;120m▀[0m[38;2;230;80;120m[48;2;230;80;120m▀[0m[38;2;230;80;120m[48;2;230;80;120m▀[0m[38;2;230;80;120m[48;2;16;16;16m▀[0m[38;2;139;74;82m[48;2;16;16;16m▀[0m[38;2;139;74;82m[48;2;16;16;16m▀[0m[38;2;16;16;16m[48;2;123;106;98m▀[0m[38;2;16;16;16m[48;2;123;106;98m▀[0m[38;2;238;119;145m[48;2;16;16;16m▀[0m[38;2;238;119;145m[48;2;238;119;145m▀[0m[38;2;238;119;145m[48;2;238;119;145m▀[0m[38;2;238;119;145m[48;2;238;119;145m▀[0m[38;2;238;119;145m[48;2;238;119;145m▀[0m[38;2;238;119;145m[48;2;238;119;145m▀[0m[38;2;238;119;145m[48;2;238;119;145m▀[0m[38;2;238;119;145m[48;2;238;119;145m▀[0m[38;2;238;119;145m[48;2;238;119;145m▀[0m[38;2;238;119;145m[48;2;238;119;145m▀[0m[38;2;238;119;145m▀[38;2;238;119;145m▀                         
             [38;2;243;161;159m▀[38;2;239;136;149m[48;2;243;161;159m▀[0m[38;2;239;136;149m[48;2;243;161;159m▀[0m[38;2;82;65;57m[48;2;82;65;57m▀[0m[38;2;123;106;98m[48;2;82;65;57m▀[0m[38;2;241;171;165m[48;2;241;171;165m▀[0m[38;2;241;171;165m[48;2;241;171;165m▀[0m[38;2;241;171;165m[48;2;241;171;165m▀[0m[38;2;241;171;165m[48;2;241;171;165m▀[0m[38;2;241;171;165m[48;2;241;171;165m▀[0m[38;2;241;171;165m[48;2;241;171;165m▀[0m[38;2;241;171;165m[48;2;193;95;95m▀[0m[38;2;241;171;165m[48;2;241;171;165m▀[0m[38;2;255;220;205m[48;2;255;220;205m▀[0m[38;2;255;220;205m[48;2;255;220;205m▀[0m[38;2;255;220;205m[48;2;255;220;205m▀[0m[38;2;255;220;205m[48;2;94;166;173m▀[0m[38;2;255;220;205m[48;2;255;220;205m▀[0m[38;2;255;220;205m[48;2;255;220;205m▀[0m[38;2;255;220;205m[48;2;255;220;205m▀[0m[38;2;255;220;205m[48;2;255;220;205m▀[0m[38;2;255;220;205m[48;2;255;220;205m▀[0m[38;2;255;220;205m[48;2;94;166;173m▀[0m[38;2;255;220;205m[48;2;255;220;205m▀[0m[38;2;255;220;205m[48;2;255;220;205m▀[0m[38;2;255;220;205m[48;2;255;220;205m▀[0m[38;2;255;220;205m[48;2;255;220;205m▀[0m[38;2;255;220;205m[48;2;255;220;205m▀[0m[38;2;255;220;205m[48;2;255;220;205m▀[0m[38;2;255;220;205m[48;2;255;220;205m▀[0m[38;2;241;171;165m[48;2;255;220;205m▀[0m[38;2;241;171;165m[48;2;255;220;205m▀[0m[38;2;16;16;16m[48;2;255;220;205m▀[0m[38;2;16;16;16m[48;2;255;220;205m▀[0m[38;2;16;16;16m[48;2;255;220;205m▀[0m[38;2;139;74;82m[48;2;255;220;205m▀[0m[38;2;16;16;16m[48;2;255;220;205m▀[0m[38;2;16;16;16m[48;2;255;220;205m▀[0m[38;2;16;16;16m[48;2;255;220;205m▀[0m[38;2;16;16;16m[48;2;255;220;205m▀[0m[38;2;16;16;16m[48;2;255;220;205m▀[0m[38;2;255;220;205m[48;2;255;220;205m▀[0m[38;2;123;106;98m[48;2;255;220;205m▀[0m[38;2;123;106;98m[48;2;123;106;98m▀[0m[38;2;123;106;98m[48;2;123;106;98m▀[0m[38;2;123;106;98m[48;2;123;106;98m▀[0m[38;2;123;106;98m[48;2;123;106;98m▀[0m[38;2;16;16;16m[48;2;16;16;16m▀[0m[38;2;238;119;145m[48;2;238;119;145m▀[0m[38;2;238;119;145m[48;2;238;119;145m▀[0m[38;2;238;119;145m[48;2;238;119;145m▀[0m[38;2;238;119;145m[48;2;238;119;145m▀[0m[38;2;238;119;145m[48;2;238;119;145m▀[0m[38;2;238;119;145m[48;2;238;119;145m▀[0m[38;2;238;119;145m[48;2;238;119;145m▀[0m[38;2;238;119;145m[48;2;238;119;145m▀[0m[38;2;238;119;145m[48;2;238;119;145m▀[0m[38;2;238;119;145m[48;2;238;119;145m▀[0m[38;2;238;119;145m[48;2;238;119;145m▀[0m[38;2;238;119;145m[48;2;238;119;145m▀[0m[38;2;238;119;145m▄[38;2;238;119;145m▄                     
               [38;2;243;161;159m▀[38;2;82;65;57m[48;2;16;16;16m▀[0m[38;2;82;65;57m[48;2;82;65;57m▀[0m[38;2;241;171;165m[48;2;241;171;165m▀[0m[38;2;241;171;165m[48;2;241;171;165m▀[0m[38;2;241;171;165m[48;2;241;171;165m▀[0m[38;2;241;171;165m[48;2;241;171;165m▀[0m[38;2;241;171;165m[48;2;241;171;165m▀[0m[38;2;241;171;165m[48;2;193;95;95m▀[0m[38;2;193;95;95m[48;2;241;171;165m▀[0m[38;2;255;220;205m[48;2;255;220;205m▀[0m[38;2;255;220;205m[48;2;255;220;205m▀[0m[38;2;255;220;205m[48;2;255;220;205m▀[0m[38;2;126;218;216m[48;2;94;166;173m▀[0m[38;2;255;255;255m[48;2;126;218;216m▀[0m[38;2;255;220;205m[48;2;255;220;205m▀[0m[38;2;255;220;205m[48;2;255;220;205m▀[0m[38;2;255;220;205m[48;2;255;220;205m▀[0m[38;2;255;220;205m[48;2;255;220;205m▀[0m[38;2;126;218;216m[48;2;94;166;173m▀[0m[38;2;255;255;255m[48;2;126;218;216m▀[0m[38;2;126;218;216m[48;2;94;166;173m▀[0m[38;2;241;171;165m[48;2;193;95;95m▀[0m[38;2;255;220;205m[48;2;255;220;205m▀[0m[38;2;255;220;205m[48;2;255;220;205m▀[0m[38;2;255;220;205m[48;2;255;220;205m▀[0m[38;2;255;220;205m[48;2;255;220;205m▀[0m[38;2;255;220;205m[48;2;255;220;205m▀[0m[38;2;255;220;205m[48;2;255;220;205m▀[0m[38;2;255;220;205m[48;2;255;220;205m▀[0m[38;2;255;220;205m[48;2;255;220;205m▀[0m[38;2;255;220;205m[48;2;255;220;205m▀[0m[38;2;255;220;205m[48;2;255;220;205m▀[0m[38;2;255;220;205m[48;2;255;220;205m▀[0m[38;2;255;220;205m[48;2;255;220;205m▀[0m[38;2;255;220;205m[48;2;255;220;205m▀[0m[38;2;255;220;205m[48;2;255;220;205m▀[0m[38;2;255;220;205m[48;2;255;220;205m▀[0m[38;2;255;220;205m[48;2;255;220;205m▀[0m[38;2;255;220;205m[48;2;255;220;205m▀[0m[38;2;255;220;205m[48;2;255;220;205m▀[0m[38;2;123;106;98m[48;2;123;106;98m▀[0m[38;2;123;106;98m[48;2;123;106;98m▀[0m[38;2;123;106;98m[48;2;123;106;98m▀[0m[38;2;82;65;57m[48;2;16;16;16m▀[0m[38;2;16;16;16m[48;2;239;136;149m▀[0m[38;2;239;136;149m[48;2;239;136;149m▀[0m[38;2;239;136;149m[48;2;239;136;149m▀[0m[38;2;239;136;149m[48;2;239;136;149m▀[0m[38;2;239;136;149m[48;2;239;136;149m▀[0m[38;2;239;136;149m[48;2;239;136;149m▀[0m[38;2;239;136;149m[48;2;239;136;149m▀[0m[38;2;239;136;149m[48;2;239;136;149m▀[0m[38;2;238;119;145m[48;2;239;136;149m▀[0m[38;2;238;119;145m[48;2;239;136;149m▀[0m[38;2;238;119;145m[48;2;239;136;149m▀[0m[38;2;238;119;145m[48;2;239;136;149m▀[0m[38;2;238;119;145m[48;2;239;136;149m▀[0m[38;2;238;119;145m[48;2;239;136;149m▀[0m[38;2;238;119;145m[48;2;239;136;149m▀[0m[38;2;238;119;145m[48;2;239;136;149m▀[0m[38;2;238;119;145m[48;2;239;136;149m▀[0m[38;2;239;136;149m▄                  
                 [38;2;16;16;16m▀[38;2;82;65;57m[48;2;16;16;16m▀[0m[38;2;193;95;95m[48;2;16;16;16m▀[0m[38;2;16;16;16m[48;2;241;171;165m▀[0m[38;2;16;16;16m[48;2;241;171;165m▀[0m[38;2;241;171;165m[48;2;193;95;95m▀[0m[38;2;193;95;95m[48;2;255;220;205m▀[0m[38;2;255;220;205m[48;2;255;220;205m▀[0m[38;2;255;220;205m[48;2;255;220;205m▀[0m[38;2;255;220;205m[48;2;255;220;205m▀[0m[38;2;243;138;159m[48;2;255;220;205m▀[0m[38;2;255;220;205m[48;2;255;220;205m▀[0m[38;2;94;166;173m[48;2;255;220;205m▀[0m[38;2;255;220;205m[48;2;255;220;205m▀[0m[38;2;255;220;205m[48;2;255;220;205m▀[0m[38;2;255;220;205m[48;2;193;95;95m▀[0m[38;2;255;220;205m[48;2;255;220;205m▀[0m[38;2;255;220;205m[48;2;255;220;205m▀[0m[38;2;94;166;173m[48;2;255;220;205m▀[0m[38;2;255;220;205m[48;2;255;220;205m▀[0m[38;2;255;220;205m[48;2;243;138;159m▀[0m[38;2;255;220;205m[48;2;243;138;159m▀[0m[38;2;255;220;205m[48;2;255;220;205m▀[0m[38;2;255;220;205m[48;2;255;220;205m▀[0m[38;2;255;220;205m[48;2;255;220;205m▀[0m[38;2;255;220;205m[48;2;255;220;205m▀[0m[38;2;255;220;205m[48;2;255;220;205m▀[0m[38;2;193;95;95m[48;2;255;220;205m▀[0m[38;2;193;95;95m[48;2;241;171;165m▀[0m[38;2;241;171;165m[48;2;16;16;16m▀[0m[38;2;255;220;205m[48;2;193;95;95m▀[0m[38;2;255;220;205m[48;2;255;220;205m▀[0m[38;2;255;220;205m[48;2;255;220;205m▀[0m[38;2;255;220;205m[48;2;255;220;205m▀[0m[38;2;255;220;205m[48;2;241;171;165m▀[0m[38;2;255;220;205m[48;2;241;171;165m▀[0m[38;2;255;220;205m[48;2;241;171;165m▀[0m[38;2;241;171;165m[48;2;241;171;165m▀[0m[38;2;82;65;57m[48;2;82;65;57m▀[0m[38;2;82;65;57m[48;2;82;65;57m▀[0m[38;2;82;65;57m[48;2;82;65;57m▀[0m[38;2;82;65;57m[48;2;16;16;16m▀[0m[38;2;243;161;159m[48;2;139;74;82m▀[0m[38;2;243;161;159m[48;2;243;161;159m▀[0m[38;2;243;161;159m[48;2;243;161;159m▀[0m[38;2;243;161;159m[48;2;243;161;159m▀[0m[38;2;243;161;159m[48;2;243;161;159m▀[0m[38;2;243;161;159m[48;2;243;161;159m▀[0m[38;2;243;161;159m[48;2;243;161;159m▀[0m[38;2;239;136;149m[48;2;243;161;159m▀[0m[38;2;239;136;149m[48;2;243;161;159m▀[0m[38;2;239;136;149m[48;2;243;161;159m▀[0m[38;2;239;136;149m[48;2;243;161;159m▀[0m[38;2;239;136;149m[48;2;243;161;159m▀[0m[38;2;239;136;149m[48;2;243;161;159m▀[0m[38;2;239;136;149m[48;2;243;161;159m▀[0m[38;2;239;136;149m[48;2;243;161;159m▀[0m[38;2;239;136;149m[48;2;243;161;159m▀[0m[38;2;239;136;149m[48;2;243;161;159m▀[0m[38;2;239;136;149m▀                   
               [38;2;139;74;82m▄[38;2;139;74;82m▄[38;2;16;16;16m[48;2;255;220;205m▀[0m[38;2;139;74;82m[48;2;255;220;205m▀[0m[38;2;241;171;165m[48;2;241;171;165m▀[0m[38;2;241;171;165m[48;2;241;171;165m▀[0m[38;2;241;171;165m[48;2;241;171;165m▀[0m[38;2;193;95;95m[48;2;139;74;82m▀[0m[38;2;255;220;205m[48;2;255;220;205m▀[0m[38;2;255;220;205m[48;2;255;220;205m▀[0m[38;2;255;220;205m[48;2;255;220;205m▀[0m[38;2;255;220;205m[48;2;255;220;205m▀[0m[38;2;255;220;205m[48;2;255;220;205m▀[0m[38;2;255;220;205m[48;2;255;220;205m▀[0m[38;2;241;171;165m[48;2;255;220;205m▀[0m[38;2;139;74;82m[48;2;255;220;205m▀[0m[38;2;193;95;95m[48;2;255;220;205m▀[0m[38;2;241;171;165m[48;2;255;220;205m▀[0m[38;2;139;74;82m[48;2;255;220;205m▀[0m[38;2;139;74;82m[48;2;255;220;205m▀[0m[38;2;241;171;165m[48;2;255;220;205m▀[0m[38;2;255;220;205m[48;2;255;220;205m▀[0m[38;2;255;220;205m[48;2;255;220;205m▀[0m[38;2;255;220;205m[48;2;255;220;205m▀[0m[38;2;255;220;205m[48;2;255;220;205m▀[0m[38;2;255;220;205m[48;2;255;220;205m▀[0m[38;2;255;220;205m[48;2;255;220;205m▀[0m[38;2;255;220;205m[48;2;255;220;205m▀[0m[38;2;255;220;205m[48;2;255;220;205m▀[0m[38;2;255;220;205m[48;2;255;220;205m▀[0m[38;2;255;220;205m[48;2;255;220;205m▀[0m[38;2;241;171;165m[48;2;193;95;95m▀[0m[38;2;16;16;16m[48;2;16;16;16m▀[0m[38;2;16;16;16m[48;2;230;80;120m▀[0m[38;2;16;16;16m[48;2;230;80;120m▀[0m[38;2;241;171;165m[48;2;16;16;16m▀[0m[38;2;241;171;165m[48;2;16;16;16m▀[0m[38;2;241;171;165m[48;2;16;16;16m▀[0m[38;2;241;171;165m[48;2;16;16;16m▀[0m[38;2;82;65;57m[48;2;16;16;16m▀[0m[38;2;82;65;57m[48;2;16;16;16m▀[0m[38;2;16;16;16m[48;2;230;80;120m▀[0m[38;2;16;16;16m[48;2;230;80;120m▀[0m[38;2;230;80;120m[48;2;139;74;82m▀[0m[38;2;230;80;120m[48;2;139;74;82m▀[0m[38;2;139;74;82m[48;2;243;161;159m▀[0m[38;2;243;161;159m[48;2;243;161;159m▀[0m[38;2;243;161;159m[48;2;243;161;159m▀[0m[38;2;243;161;159m[48;2;243;161;159m▀[0m[38;2;243;161;159m[48;2;243;161;159m▀[0m[38;2;243;161;159m[48;2;243;161;159m▀[0m[38;2;243;161;159m[48;2;243;161;159m▀[0m[38;2;243;161;159m[48;2;243;161;159m▀[0m[38;2;243;161;159m[48;2;243;161;159m▀[0m[38;2;243;161;159m[48;2;243;161;159m▀[0m[38;2;243;161;159m[48;2;243;161;159m▀[0m[38;2;243;161;159m[48;2;243;161;159m▀[0m[38;2;243;161;159m▀[38;2;243;161;159m▀                      
               [38;2;139;74;82m[48;2;139;74;82m▀[0m[38;2;193;95;95m[48;2;255;220;205m▀[0m[38;2;255;220;205m[48;2;255;220;205m▀[0m[38;2;255;220;205m[48;2;241;171;165m▀[0m[38;2;241;171;165m[48;2;241;171;165m▀[0m[38;2;241;171;165m[48;2;241;171;165m▀[0m[38;2;241;171;165m[48;2;241;171;165m▀[0m[38;2;139;74;82m[48;2;139;74;82m▀[0m[38;2;255;220;205m[48;2;255;220;205m▀[0m[38;2;255;220;205m[48;2;255;220;205m▀[0m[38;2;255;220;205m[48;2;255;220;205m▀[0m[38;2;255;220;205m[48;2;255;220;205m▀[0m[38;2;255;220;205m[48;2;255;220;205m▀[0m[38;2;255;220;205m[48;2;255;220;205m▀[0m[38;2;255;220;205m[48;2;255;220;205m▀[0m[38;2;255;220;205m[48;2;255;220;205m▀[0m[38;2;255;220;205m[48;2;255;220;205m▀[0m[38;2;255;220;205m[48;2;255;220;205m▀[0m[38;2;255;220;205m[48;2;255;220;205m▀[0m[38;2;255;220;205m[48;2;255;220;205m▀[0m[38;2;255;220;205m[48;2;255;220;205m▀[0m[38;2;255;220;205m[48;2;255;220;205m▀[0m[38;2;255;220;205m[48;2;255;220;205m▀[0m[38;2;255;220;205m[48;2;255;220;205m▀[0m[38;2;255;220;205m[48;2;255;220;205m▀[0m[38;2;255;220;205m[48;2;255;220;205m▀[0m[38;2;255;220;205m[48;2;255;220;205m▀[0m[38;2;255;220;205m[48;2;255;220;205m▀[0m[38;2;255;220;205m[48;2;255;220;205m▀[0m[38;2;255;220;205m[48;2;255;220;205m▀[0m[38;2;255;220;205m[48;2;255;220;205m▀[0m[38;2;255;220;205m[48;2;255;220;205m▀[0m[38;2;139;74;82m[48;2;255;220;205m▀[0m[38;2;230;80;120m[48;2;139;74;82m▀[0m[38;2;230;80;120m[48;2;139;74;82m▀[0m[38;2;230;80;120m[48;2;139;74;82m▀[0m[38;2;230;80;120m[48;2;139;74;82m▀[0m[38;2;139;74;82m[48;2;246;187;165m▀[0m[38;2;139;74;82m[48;2;246;187;165m▀[0m[38;2;139;74;82m[48;2;246;187;165m▀[0m[38;2;139;74;82m[48;2;246;187;165m▀[0m[38;2;139;74;82m[48;2;246;187;165m▀[0m[38;2;139;74;82m[48;2;246;187;165m▀[0m[38;2;246;187;165m[48;2;246;187;165m▀[0m[38;2;246;187;165m[48;2;246;187;165m▀[0m[38;2;246;187;165m[48;2;246;187;165m▀[0m[38;2;246;187;165m[48;2;246;187;165m▀[0m[38;2;246;187;165m[48;2;246;187;165m▀[0m[38;2;246;187;165m[48;2;246;187;165m▀[0m[38;2;246;187;165m[48;2;246;187;165m▀[0m[38;2;243;161;159m[48;2;246;187;165m▀[0m[38;2;243;161;159m[48;2;246;187;165m▀[0m[38;2;243;161;159m[48;2;246;187;165m▀[0m[38;2;243;161;159m▀[38;2;243;161;159m▀                          
              [38;2;139;74;82m▀[38;2;255;220;205m[48;2;139;74;82m▀[0m[38;2;193;95;95m[48;2;241;171;165m▀[0m[38;2;241;171;165m[48;2;241;171;165m▀[0m[38;2;241;171;165m[48;2;241;171;165m▀[0m[38;2;241;171;165m[48;2;241;171;165m▀[0m[38;2;241;171;165m[48;2;139;74;82m▀[0m[38;2;241;171;165m[48;2;16;16;16m▀[0m[38;2;139;74;82m[48;2;139;74;82m▀[0m[38;2;255;220;205m[48;2;255;220;205m▀[0m[38;2;255;220;205m[48;2;255;220;205m▀[0m[38;2;255;220;205m[48;2;255;220;205m▀[0m[38;2;255;220;205m[48;2;255;220;205m▀[0m[38;2;255;220;205m[48;2;255;220;205m▀[0m[38;2;255;220;205m[48;2;255;220;205m▀[0m[38;2;255;220;205m[48;2;255;220;205m▀[0m[38;2;255;220;205m[48;2;255;220;205m▀[0m[38;2;255;220;205m[48;2;255;220;205m▀[0m[38;2;255;220;205m[48;2;255;220;205m▀[0m[38;2;255;220;205m[48;2;255;220;205m▀[0m[38;2;255;220;205m[48;2;255;220;205m▀[0m[38;2;255;220;205m[48;2;255;220;205m▀[0m[38;2;255;220;205m[48;2;255;220;205m▀[0m[38;2;255;220;205m[48;2;255;220;205m▀[0m[38;2;255;220;205m[48;2;255;220;205m▀[0m[38;2;255;220;205m[48;2;255;220;205m▀[0m[38;2;255;220;205m[48;2;255;220;205m▀[0m[38;2;255;220;205m[48;2;255;220;205m▀[0m[38;2;255;220;205m[48;2;255;220;205m▀[0m[38;2;255;220;205m[48;2;193;95;95m▀[0m[38;2;255;220;205m[48;2;255;220;205m▀[0m[38;2;255;220;205m[48;2;255;220;205m▀[0m[38;2;255;220;205m[48;2;255;220;205m▀[0m[38;2;255;220;205m[48;2;255;220;205m▀[0m[38;2;16;16;16m[48;2;241;171;165m▀[0m[38;2;246;187;165m[48;2;16;16;16m▀[0m[38;2;246;187;165m[48;2;253;235;183m▀[0m[38;2;246;187;165m[48;2;253;235;183m▀[0m[38;2;246;187;165m[48;2;253;235;183m▀[0m[38;2;246;187;165m[48;2;253;235;183m▀[0m[38;2;246;187;165m[48;2;246;187;165m▀[0m[38;2;246;187;165m[48;2;246;187;165m▀[0m[38;2;246;187;165m[48;2;246;187;165m▀[0m[38;2;246;187;165m[48;2;246;187;165m▀[0m[38;2;246;187;165m[48;2;246;187;165m▀[0m[38;2;246;187;165m▀[38;2;246;187;165m▀[38;2;246;187;165m▀[38;2;246;187;165m▀[38;2;246;187;165m▀[38;2;246;187;165m▀                               
                [38;2;16;16;16m▀[38;2;16;16;16m[48;2;255;255;190m▀[0m[38;2;16;16;16m[48;2;253;235;183m▀[0m[38;2;16;16;16m[48;2;253;235;183m▀[0m[38;2;253;235;183m[48;2;253;235;183m▀[0m[38;2;253;235;183m[48;2;253;235;183m▀[0m[38;2;139;74;82m[48;2;253;235;183m▀[0m[38;2;255;220;205m[48;2;139;74;82m▀[0m[38;2;255;220;205m[48;2;255;220;205m▀[0m[38;2;255;220;205m[48;2;255;220;205m▀[0m[38;2;255;220;205m[48;2;255;220;205m▀[0m[38;2;255;220;205m[48;2;255;220;205m▀[0m[38;2;255;220;205m[48;2;255;220;205m▀[0m[38;2;255;220;205m[48;2;255;220;205m▀[0m[38;2;255;220;205m[48;2;255;220;205m▀[0m[38;2;255;220;205m[48;2;255;220;205m▀[0m[38;2;255;220;205m[48;2;255;220;205m▀[0m[38;2;255;220;205m[48;2;255;220;205m▀[0m[38;2;255;220;205m[48;2;255;220;205m▀[0m[38;2;255;220;205m[48;2;255;220;205m▀[0m[38;2;255;220;205m[48;2;255;220;205m▀[0m[38;2;255;220;205m[48;2;255;220;205m▀[0m[38;2;255;220;205m[48;2;255;220;205m▀[0m[38;2;255;220;205m[48;2;255;220;205m▀[0m[38;2;255;220;205m[48;2;255;220;205m▀[0m[38;2;255;220;205m[48;2;255;220;205m▀[0m[38;2;255;220;205m[48;2;255;220;205m▀[0m[38;2;193;95;95m[48;2;193;95;95m▀[0m[38;2;255;220;205m[48;2;255;220;205m▀[0m[38;2;255;220;205m[48;2;255;220;205m▀[0m[38;2;255;220;205m[48;2;255;220;205m▀[0m[38;2;255;220;205m[48;2;255;220;205m▀[0m[38;2;255;220;205m[48;2;255;220;205m▀[0m[38;2;16;16;16m[48;2;255;220;205m▀[0m[38;2;139;74;82m[48;2;16;16;16m▀[0m[38;2;253;235;183m[48;2;139;74;82m▀[0m[38;2;253;235;183m[48;2;253;235;183m▀[0m[38;2;253;235;183m[48;2;253;235;183m▀[0m[38;2;253;235;183m[48;2;253;235;183m▀[0m[38;2;253;235;183m[48;2;253;235;183m▀[0m[38;2;253;235;183m[48;2;253;235;183m▀[0m[38;2;253;235;183m[48;2;253;235;183m▀[0m[38;2;253;235;183m[48;2;253;235;183m▀[0m[38;2;253;235;183m▄                                    
                [38;2;255;255;190m[48;2;255;255;190m▀[0m[38;2;255;255;190m[48;2;255;255;190m▀[0m[38;2;255;255;190m[48;2;255;255;190m▀[0m[38;2;255;255;190m[48;2;255;255;190m▀[0m[38;2;255;255;190m[48;2;255;255;190m▀[0m[38;2;255;255;190m[48;2;255;255;190m▀[0m[38;2;255;255;190m[48;2;255;255;190m▀[0m[38;2;139;74;82m[48;2;139;74;82m▀[0m[38;2;241;171;165m[48;2;241;171;165m▀[0m[38;2;241;171;165m[48;2;241;171;165m▀[0m[38;2;255;220;205m[48;2;241;171;165m▀[0m[38;2;255;220;205m[48;2;255;220;205m▀[0m[38;2;255;220;205m[48;2;255;220;205m▀[0m[38;2;255;220;205m[48;2;255;220;205m▀[0m[38;2;255;220;205m[48;2;255;220;205m▀[0m[38;2;255;220;205m[48;2;255;220;205m▀[0m[38;2;255;220;205m[48;2;255;220;205m▀[0m[38;2;255;220;205m[48;2;255;220;205m▀[0m[38;2;255;220;205m[48;2;255;220;205m▀[0m[38;2;255;220;205m[48;2;255;220;205m▀[0m[38;2;255;220;205m[48;2;255;220;205m▀[0m[38;2;255;220;205m[48;2;255;220;205m▀[0m[38;2;255;220;205m[48;2;255;220;205m▀[0m[38;2;255;220;205m[48;2;255;220;205m▀[0m[38;2;255;220;205m[48;2;255;220;205m▀[0m[38;2;255;220;205m[48;2;255;220;205m▀[0m[38;2;255;220;205m[48;2;255;220;205m▀[0m[38;2;255;220;205m[48;2;255;220;205m▀[0m[38;2;16;16;16m[48;2;241;171;165m▀[0m[38;2;241;171;165m[48;2;16;16;16m▀[0m[38;2;241;171;165m[48;2;241;171;165m▀[0m[38;2;255;220;205m[48;2;241;171;165m▀[0m[38;2;255;220;205m[48;2;255;220;205m▀[0m[38;2;255;220;205m[48;2;255;220;205m▀[0m[38;2;255;220;205m[48;2;255;220;205m▀[0m[38;2;139;74;82m[48;2;139;74;82m▀[0m[38;2;230;80;120m[48;2;230;80;120m▀[0m[38;2;139;74;82m[48;2;230;80;120m▀[0m[38;2;255;255;190m[48;2;139;74;82m▀[0m[38;2;255;255;190m[48;2;255;255;190m▀[0m[38;2;255;255;190m[48;2;255;255;190m▀[0m[38;2;253;235;183m[48;2;255;255;190m▀[0m[38;2;253;235;183m[48;2;255;255;190m▀[0m[38;2;253;235;183m[48;2;255;255;190m▀[0m[38;2;253;235;183m[48;2;255;255;190m▀[0m                                   
                [38;2;255;255;190m[48;2;255;255;190m▀[0m[38;2;255;255;190m[48;2;255;255;190m▀[0m[38;2;255;255;190m[48;2;255;255;190m▀[0m[38;2;255;255;190m[48;2;255;255;190m▀[0m[38;2;255;255;190m[48;2;255;255;190m▀[0m[38;2;255;255;190m[48;2;255;255;190m▀[0m[38;2;255;255;190m[48;2;255;255;190m▀[0m[38;2;255;255;190m[48;2;255;255;190m▀[0m[38;2;139;74;82m[48;2;139;74;82m▀[0m[38;2;241;171;165m[48;2;241;171;165m▀[0m[38;2;241;171;165m[48;2;241;171;165m▀[0m[38;2;241;171;165m[48;2;241;171;165m▀[0m[38;2;255;220;205m[48;2;241;171;165m▀[0m[38;2;255;220;205m[48;2;241;171;165m▀[0m[38;2;255;220;205m[48;2;241;171;165m▀[0m[38;2;255;220;205m[48;2;255;220;205m▀[0m[38;2;255;220;205m[48;2;255;220;205m▀[0m[38;2;255;220;205m[48;2;255;220;205m▀[0m[38;2;255;220;205m[48;2;255;220;205m▀[0m[38;2;255;220;205m[48;2;255;220;205m▀[0m[38;2;255;220;205m[48;2;255;220;205m▀[0m[38;2;255;220;205m[48;2;255;220;205m▀[0m[38;2;255;220;205m[48;2;255;220;205m▀[0m[38;2;255;220;205m[48;2;241;171;165m▀[0m[38;2;255;220;205m[48;2;241;171;165m▀[0m[38;2;255;220;205m[48;2;241;171;165m▀[0m[38;2;241;171;165m[48;2;241;171;165m▀[0m[38;2;241;171;165m[48;2;241;171;165m▀[0m[38;2;241;171;165m[48;2;241;171;165m▀[0m[38;2;16;16;16m[48;2;241;171;165m▀[0m[38;2;16;16;16m[48;2;16;16;16m▀[0m[38;2;241;171;165m[48;2;16;16;16m▀[0m[38;2;241;171;165m[48;2;241;171;165m▀[0m[38;2;255;220;205m[48;2;241;171;165m▀[0m[38;2;255;220;205m[48;2;16;16;16m▀[0m[38;2;255;220;205m[48;2;255;220;205m▀[0m[38;2;16;16;16m[48;2;255;220;205m▀[0m[38;2;139;74;82m[48;2;16;16;16m▀[0m[38;2;255;255;190m[48;2;255;255;190m▀[0m[38;2;255;255;190m[48;2;255;255;190m▀[0m[38;2;255;255;190m[48;2;255;255;190m▀[0m[38;2;255;255;190m[48;2;255;255;190m▀[0m[38;2;255;255;190m[48;2;255;255;190m▀[0m[38;2;255;255;190m[48;2;255;255;190m▀[0m[38;2;255;255;190m[48;2;255;255;190m▀[0m[38;2;255;255;190m[48;2;255;255;190m▀[0m                                  
                  [38;2;255;255;190m▀[38;2;255;255;190m▀[38;2;255;255;190m▀[38;2;255;255;190m[48;2;255;255;190m▀[0m[38;2;255;255;190m[48;2;255;255;190m▀[0m[38;2;255;255;190m[48;2;255;255;190m▀[0m[38;2;255;255;190m[48;2;255;255;190m▀[0m[38;2;139;74;82m[48;2;16;16;16m▀[0m[38;2;241;171;165m[48;2;241;171;165m▀[0m[38;2;193;95;95m[48;2;241;171;165m▀[0m[38;2;241;171;165m[48;2;193;95;95m▀[0m[38;2;241;171;165m[48;2;193;95;95m▀[0m[38;2;241;171;165m[48;2;241;171;165m▀[0m[38;2;241;171;165m[48;2;241;171;165m▀[0m[38;2;241;171;165m[48;2;241;171;165m▀[0m[38;2;241;171;165m[48;2;241;171;165m▀[0m[38;2;241;171;165m[48;2;241;171;165m▀[0m[38;2;241;171;165m[48;2;241;171;165m▀[0m[38;2;241;171;165m[48;2;241;171;165m▀[0m[38;2;241;171;165m[48;2;241;171;165m▀[0m[38;2;241;171;165m[48;2;241;171;165m▀[0m[38;2;241;171;165m[48;2;241;171;165m▀[0m[38;2;241;171;165m[48;2;241;171;165m▀[0m[38;2;241;171;165m[48;2;241;171;165m▀[0m[38;2;241;171;165m[48;2;241;171;165m▀[0m[38;2;241;171;165m[48;2;241;171;165m▀[0m[38;2;241;171;165m[48;2;241;171;165m▀[0m[38;2;241;171;165m[48;2;16;16;16m▀[0m[38;2;16;16;16m[48;2;255;255;190m▀[0m[38;2;255;255;190m[48;2;255;255;190m▀[0m[38;2;16;16;16m[48;2;255;255;190m▀[0m[38;2;16;16;16m[48;2;255;255;190m▀[0m[38;2;193;95;95m[48;2;255;255;190m▀[0m[38;2;16;16;16m[48;2;255;255;190m▀[0m[38;2;16;16;16m[48;2;255;255;190m▀[0m[38;2;255;255;190m[48;2;255;255;190m▀[0m[38;2;255;255;190m[48;2;255;255;190m▀[0m[38;2;255;255;190m[48;2;255;255;190m▀[0m[38;2;255;255;190m[48;2;255;255;190m▀[0m[38;2;255;255;190m[48;2;255;255;190m▀[0m[38;2;255;255;190m[48;2;255;255;190m▀[0m[38;2;255;255;190m[48;2;255;255;190m▀[0m[38;2;255;255;190m[48;2;255;255;190m▀[0m[38;2;255;255;190m[48;2;255;255;190m▀[0m                                  
                          [38;2;139;74;82m[48;2;16;16;16m▀[0m[38;2;241;171;165m[48;2;241;171;165m▀[0m[38;2;241;171;165m[48;2;241;171;165m▀[0m[38;2;241;171;165m[48;2;241;171;165m▀[0m[38;2;193;95;95m[48;2;241;171;165m▀[0m[38;2;193;95;95m[48;2;241;171;165m▀[0m[38;2;241;171;165m[48;2;193;95;95m▀[0m[38;2;241;171;165m[48;2;193;95;95m▀[0m[38;2;241;171;165m[48;2;193;95;95m▀[0m[38;2;241;171;165m[48;2;193;95;95m▀[0m[38;2;241;171;165m[48;2;193;95;95m▀[0m[38;2;241;171;165m[48;2;241;171;165m▀[0m[38;2;241;171;165m[48;2;241;171;165m▀[0m[38;2;241;171;165m[48;2;241;171;165m▀[0m[38;2;241;171;165m[48;2;241;171;165m▀[0m[38;2;241;171;165m[48;2;241;171;165m▀[0m[38;2;241;171;165m[48;2;241;171;165m▀[0m[38;2;241;171;165m[48;2;241;171;165m▀[0m[38;2;241;171;165m[48;2;241;171;165m▀[0m[38;2;16;16;16m[48;2;16;16;16m▀[0m[38;2;255;255;190m[48;2;255;255;190m▀[0m[38;2;255;255;190m[48;2;255;255;190m▀[0m[38;2;255;255;190m[48;2;255;255;190m▀[0m[38;2;255;255;190m[48;2;255;255;190m▀[0m[38;2;255;255;190m[48;2;255;255;190m▀[0m[38;2;255;255;190m[48;2;255;255;190m▀[0m[38;2;255;255;190m[48;2;255;255;190m▀[0m[38;2;255;255;190m[48;2;255;255;190m▀[0m[38;2;255;255;190m[48;2;255;255;190m▀[0m[38;2;255;255;190m[48;2;255;255;190m▀[0m[38;2;255;255;190m[48;2;255;255;190m▀[0m[38;2;255;255;190m[48;2;255;255;190m▀[0m[38;2;255;255;190m[48;2;255;255;190m▀[0m[38;2;255;255;190m[48;2;255;255;190m▀[0m[38;2;255;255;190m[48;2;255;255;190m▀[0m[38;2;255;255;190m[48;2;255;255;190m▀[0m                                  
                           [38;2;241;171;165m[48;2;16;16;16m▀[0m[38;2;241;171;165m[48;2;241;171;165m▀[0m[38;2;241;171;165m[48;2;241;171;165m▀[0m[38;2;241;171;165m[48;2;241;171;165m▀[0m[38;2;241;171;165m[48;2;241;171;165m▀[0m[38;2;241;171;165m[48;2;241;171;165m▀[0m[38;2;241;171;165m[48;2;241;171;165m▀[0m[38;2;241;171;165m[48;2;241;171;165m▀[0m[38;2;139;74;82m[48;2;139;74;82m▀[0m[38;2;241;171;165m[48;2;241;171;165m▀[0m[38;2;241;171;165m[48;2;241;171;165m▀[0m[38;2;241;171;165m[48;2;241;171;165m▀[0m[38;2;241;171;165m[48;2;241;171;165m▀[0m[38;2;241;171;165m[48;2;241;171;165m▀[0m[38;2;241;171;165m[48;2;241;171;165m▀[0m[38;2;241;171;165m[48;2;241;171;165m▀[0m[38;2;241;171;165m[48;2;139;74;82m▀[0m[38;2;16;16;16m▀  [38;2;255;255;190m▀[38;2;255;255;190m[48;2;255;255;190m▀[0m[38;2;255;255;190m[48;2;255;255;190m▀[0m[38;2;255;255;190m[48;2;255;255;190m▀[0m[38;2;255;255;190m[48;2;255;255;190m▀[0m[38;2;255;255;190m[48;2;255;255;190m▀[0m[38;2;255;255;190m[48;2;255;255;190m▀[0m[38;2;255;255;190m[48;2;255;255;190m▀[0m[38;2;255;255;190m[48;2;255;255;190m▀[0m[38;2;255;255;190m[48;2;255;255;190m▀[0m[38;2;255;255;190m[48;2;255;255;190m▀[0m[38;2;255;255;190m[48;2;255;255;190m▀[0m[38;2;255;255;190m[48;2;255;255;190m▀[0m[38;2;255;255;190m[48;2;255;255;190m▀[0m[38;2;255;255;190m[48;2;255;255;190m▀[0m                                  
                             [38;2;16;16;16m▀[38;2;16;16;16m▀[38;2;241;171;165m[48;2;16;16;16m▀[0m[38;2;241;171;165m[48;2;16;16;16m▀[0m[38;2;131;131;131m[48;2;16;16;16m▀[0m[38;2;16;16;16m▀[38;2;139;74;82m[48;2;16;16;16m▀[0m[38;2;255;220;205m[48;2;131;131;131m▀[0m[38;2;241;171;165m[48;2;255;220;205m▀[0m[38;2;241;171;165m[48;2;255;220;205m▀[0m[38;2;241;171;165m[48;2;241;171;165m▀[0m[38;2;241;171;165m[48;2;241;171;165m▀[0m[38;2;241;171;165m[48;2;16;16;16m▀[0m[38;2;16;16;16m▀           [38;2;255;255;190m▀[38;2;255;255;190m▀[38;2;255;255;190m▀[38;2;255;255;190m▀[38;2;255;255;190m▀[38;2;255;255;190m▀[38;2;255;255;190m▀                                   
                                   [38;2;16;16;16m▀[38;2;255;255;255m[48;2;16;16;16m▀[0m[38;2;131;131;131m[48;2;255;255;255m▀[0m[38;2;131;131;131m[48;2;16;16;16m▀[0m[38;2;255;220;205m[48;2;139;74;82m▀[0m[38;2;139;74;82m▀                                                       
                                     [38;2;16;16;16m▀                                                          
[0m