                  [38;2;46;54;48m▄[38;2;46;54;48m▄[38;2;46;54;48m▄[38;2;46;54;48m[48;2;63;79;66m▀[0m[38;2;46;54;48m[48;2;63;79;66m▀[0m[38;2;46;54;48m[48;2;63;79;66m▀[0m[38;2;46;54;48m[48;2;63;79;66m▀[0m[38;2;46;54;48m[48;2;63;79;66m▀[0m[38;2;46;54;48m[48;2;63;79;66m▀[0m[38;2;46;54;48m[48;2;63;79;66m▀[0m[38;2;24;38;29m▄                                    
             [38;2;46;54;48m▄[38;2;46;54;48m▄[38;2;46;54;48m[48;2;63;79;66m▀[0m[38;2;46;54;48m[48;2;63;79;66m▀[0m[38;2;46;54;48m[48;2;63;79;66m▀[0m[38;2;63;79;66m[48;2;63;79;66m▀[0m[38;2;63;79;66m[48;2;63;79;66m▀[0m[38;2;63;79;66m[48;2;63;79;66m▀[0m[38;2;63;79;66m[48;2;63;79;66m▀[0m[38;2;63;79;66m[48;2;63;79;66m▀[0m[38;2;63;79;66m[48;2;63;79;66m▀[0m[38;2;63;79;66m[48;2;63;79;66m▀[0m[38;2;63;79;66m[48;2;63;79;66m▀[0m[38;2;63;79;66m[48;2;63;79;66m▀[0m[38;2;63;79;66m[48;2;63;79;66m▀[0m[38;2;15;15;15m[48;2;15;15;15m▀[0m                                    
           [38;2;46;54;48m▄[38;2;46;54;48m[48;2;63;79;66m▀[0m[38;2;63;79;66m[48;2;63;79;66m▀[0m[38;2;63;79;66m[48;2;63;79;66m▀[0m[38;2;63;79;66m[48;2;63;79;66m▀[0m[38;2;63;79;66m[48;2;63;79;66m▀[0m[38;2;63;79;66m[48;2;63;79;66m▀[0m[38;2;63;79;66m[48;2;63;79;66m▀[0m[38;2;63;79;66m[48;2;63;79;66m▀[0m[38;2;63;79;66m[48;2;63;79;66m▀[0m[38;2;63;79;66m[48;2;63;79;66m▀[0m[38;2;63;79;66m[48;2;63;79;66m▀[0m[38;2;63;79;66m[48;2;63;79;66m▀[0m[38;2;63;79;66m[48;2;63;79;66m▀[0m[38;2;63;79;66m[48;2;63;79;66m▀[0m[38;2;63;79;66m[48;2;15;15;15m▀[0m[38;2;15;15;15m▀                                     
         [38;2;46;54;48m▄[38;2;46;54;48m[48;2;63;79;66m▀[0m[38;2;63;79;66m[48;2;107;117;101m▀[0m[38;2;63;79;66m[48;2;107;117;101m▀[0m[38;2;107;117;101m[48;2;63;79;66m▀[0m[38;2;63;79;66m[48;2;63;79;66m▀[0m[38;2;63;79;66m[48;2;63;79;66m▀[0m[38;2;63;79;66m[48;2;63;79;66m▀[0m[38;2;63;79;66m[48;2;63;79;66m▀[0m[38;2;63;79;66m[48;2;63;79;66m▀[0m[38;2;63;79;66m[48;2;63;79;66m▀[0m[38;2;63;79;66m[48;2;63;79;66m▀[0m[38;2;63;79;66m[48;2;63;79;66m▀[0m[38;2;63;79;66m[48;2;63;79;66m▀[0m[38;2;63;79;66m[48;2;63;79;66m▀[0m[38;2;63;79;66m[48;2;63;79;66m▀[0m[38;2;15;15;15m[48;2;15;15;15m▀[0m                                       
       [38;2;43;51;45m▄[38;2;43;51;45m[48;2;63;79;66m▀[0m[38;2;63;79;66m[48;2;63;79;66m▀[0m[38;2;107;117;101m[48;2;107;117;101m▀[0m[38;2;107;117;101m[48;2;63;79;66m▀[0m[38;2;63;79;66m[48;2;63;79;66m▀[0m[38;2;63;79;66m[48;2;63;79;66m▀[0m[38;2;63;79;66m[48;2;46;54;48m▀[0m[38;2;63;79;66m[48;2;63;79;66m▀[0m[38;2;63;79;66m[48;2;46;54;48m▀[0m[38;2;63;79;66m[48;2;46;54;48m▀[0m[38;2;63;79;66m[48;2;63;79;66m▀[0m[38;2;63;79;66m[48;2;63;79;66m▀[0m[38;2;63;79;66m[48;2;63;79;66m▀[0m[38;2;63;79;66m[48;2;46;54;48m▀[0m[38;2;63;79;66m[48;2;46;54;48m▀[0m[38;2;63;79;66m[48;2;63;79;66m▀[0m[38;2;15;15;15m[48;2;15;15;15m▀[0m                                        
      [38;2;43;51;45m▄[38;2;43;51;45m[48;2;63;79;66m▀[0m[38;2;63;79;66m[48;2;63;79;66m▀[0m[38;2;107;117;101m[48;2;63;79;66m▀[0m[38;2;63;79;66m[48;2;63;79;66m▀[0m[38;2;63;79;66m[48;2;63;79;66m▀[0m[38;2;63;79;66m[48;2;46;54;48m▀[0m[38;2;46;54;48m[48;2;63;79;66m▀[0m[38;2;63;79;66m[48;2;63;79;66m▀[0m[38;2;63;79;66m[48;2;15;15;15m▀[0m[38;2;63;79;66m[48;2;15;15;15m▀[0m[38;2;63;79;66m[48;2;226;233;215m▀[0m[38;2;46;54;48m[48;2;226;233;215m▀[0m[38;2;46;54;48m[48;2;43;51;45m▀[0m[38;2;46;54;48m[48;2;241;107;50m▀[0m[38;2;241;107;50m[48;2;241;107;50m▀[0m[38;2;241;107;50m[48;2;241;107;50m▀[0m[38;2;46;54;48m[48;2;241;107;50m▀[0m[38;2;15;15;15m[48;2;15;15;15m▀[0m[38;2;15;15;15m[48;2;46;54;48m▀[0m[38;2;15;15;15m▄                                      
      [38;2;43;51;45m[48;2;43;51;45m▀[0m[38;2;63;79;66m[48;2;63;79;66m▀[0m[38;2;63;79;66m[48;2;63;79;66m▀[0m[38;2;63;79;66m[48;2;63;79;66m▀[0m[38;2;63;79;66m[48;2;63;79;66m▀[0m[38;2;63;79;66m[48;2;63;79;66m▀[0m[38;2;46;54;48m[48;2;46;54;48m▀[0m[38;2;63;79;66m[48;2;63;79;66m▀[0m[38;2;43;51;45m[48;2;149;158;138m▀[0m[38;2;226;233;215m[48;2;15;15;15m▀[0m[38;2;15;15;15m[48;2;149;158;138m▀[0m[38;2;226;233;215m[48;2;226;233;215m▀[0m[38;2;226;233;215m[48;2;96;125;109m▀[0m[38;2;43;51;45m[48;2;117;176;125m▀[0m[38;2;241;107;50m[48;2;43;51;45m▀[0m[38;2;241;107;50m[48;2;241;107;50m▀[0m[38;2;241;107;50m[48;2;241;107;50m▀[0m[38;2;241;107;50m[48;2;43;51;45m▀[0m[38;2;15;15;15m[48;2;15;15;15m▀[0m[38;2;46;54;48m[48;2;46;54;48m▀[0m[38;2;46;54;48m[48;2;46;54;48m▀[0m[38;2;15;15;15m[48;2;15;15;15m▀[0m                                     
      [38;2;43;51;45m[48;2;43;51;45m▀[0m[38;2;63;79;66m[48;2;63;79;66m▀[0m[38;2;63;79;66m[48;2;63;79;66m▀[0m[38;2;63;79;66m[48;2;63;79;66m▀[0m[38;2;63;79;66m[48;2;63;79;66m▀[0m[38;2;63;79;66m[48;2;43;51;45m▀[0m[38;2;63;79;66m[48;2;43;51;45m▀[0m[38;2;43;51;45m[48;2;117;176;125m▀[0m[38;2;226;233;215m[48;2;117;176;125m▀[0m[38;2;226;233;215m[48;2;117;176;125m▀[0m[38;2;226;233;215m[48;2;117;176;125m▀[0m[38;2;96;125;109m[48;2;117;176;125m▀[0m[38;2;117;176;125m[48;2;43;51;45m▀[0m[38;2;43;51;45m[48;2;63;79;66m▀[0m[38;2;63;79;66m[48;2;63;79;66m▀[0m[38;2;43;51;45m[48;2;63;79;66m▀[0m[38;2;43;51;45m[48;2;15;15;15m▀[0m[38;2;15;15;15m[48;2;46;54;48m▀[0m[38;2;46;54;48m[48;2;24;38;29m▀[0m[38;2;46;54;48m[48;2;63;79;66m▀[0m[38;2;46;54;48m[48;2;63;79;66m▀[0m[38;2;46;54;48m[48;2;46;54;48m▀[0m[38;2;15;15;15m[48;2;15;15;15m▀[0m                                    
      [38;2;43;51;45m▀[38;2;63;79;66m[48;2;52;69;61m▀[0m[38;2;63;79;66m[48;2;117;176;125m▀[0m[38;2;43;51;45m[48;2;96;125;109m▀[0m[38;2;43;51;45m[48;2;117;176;125m▀[0m[38;2;117;176;125m[48;2;117;176;125m▀[0m[38;2;117;176;125m[48;2;43;51;45m▀[0m[38;2;117;176;125m[48;2;43;51;45m▀[0m[38;2;117;176;125m[48;2;43;51;45m▀[0m[38;2;117;176;125m[48;2;43;51;45m▀[0m[38;2;43;51;45m[48;2;63;79;66m▀[0m[38;2;43;51;45m[48;2;63;79;66m▀[0m[38;2;63;79;66m[48;2;15;15;15m▀[0m[38;2;63;79;66m[48;2;15;15;15m▀[0m[38;2;15;15;15m[48;2;46;54;48m▀[0m[38;2;15;15;15m[48;2;46;54;48m▀[0m[38;2;46;54;48m[48;2;46;54;48m▀[0m[38;2;46;54;48m[48;2;46;54;48m▀[0m[38;2;24;38;29m[48;2;63;79;66m▀[0m[38;2;63;79;66m[48;2;63;79;66m▀[0m[38;2;63;79;66m[48;2;63;79;66m▀[0m[38;2;63;79;66m[48;2;63;79;66m▀[0m[38;2;15;15;15m[48;2;15;15;15m▀[0m[38;2;52;69;61m[48;2;117;176;125m▀[0m[38;2;52;69;61m▄                                  
        [38;2;52;69;61m▀[38;2;117;176;125m[48;2;52;69;61m▀[0m[38;2;117;176;125m[48;2;52;69;61m▀[0m[38;2;43;51;45m[48;2;63;79;66m▀[0m[38;2;63;79;66m[48;2;63;79;66m▀[0m[38;2;63;79;66m[48;2;63;79;66m▀[0m[38;2;63;79;66m[48;2;15;15;15m▀[0m[38;2;63;79;66m[48;2;15;15;15m▀[0m[38;2;15;15;15m[48;2;34;35;40m▀[0m[38;2;15;15;15m[48;2;34;35;40m▀[0m[38;2;50;57;67m[48;2;50;57;67m▀[0m[38;2;15;15;15m[48;2;50;57;67m▀[0m[38;2;46;54;48m[48;2;15;15;15m▀[0m[38;2;46;54;48m[48;2;46;54;48m▀[0m[38;2;46;54;48m[48;2;24;38;29m▀[0m[38;2;24;38;29m[48;2;63;79;66m▀[0m[38;2;63;79;66m[48;2;63;79;66m▀[0m[38;2;63;79;66m[48;2;63;79;66m▀[0m[38;2;63;79;66m[48;2;63;79;66m▀[0m[38;2;15;15;15m[48;2;24;38;29m▀[0m[38;2;117;176;125m[48;2;117;176;125m▀[0m[38;2;117;176;125m[48;2;117;176;125m▀[0m[38;2;117;176;125m[48;2;117;176;125m▀[0m[38;2;52;69;61m[48;2;117;176;125m▀[0m[38;2;52;69;61m[48;2;117;176;125m▀[0m[38;2;52;69;61m▄[38;2;52;69;61m▄                              
           [38;2;15;15;15m▀[38;2;15;15;15m▀[38;2;15;15;15m[48;2;34;35;40m▀[0m[38;2;34;35;40m[48;2;50;57;67m▀[0m[38;2;50;57;67m[48;2;50;57;67m▀[0m[38;2;50;57;67m[48;2;50;57;67m▀[0m[38;2;50;57;67m[48;2;75;86;92m▀[0m[38;2;34;35;40m[48;2;75;86;92m▀[0m[38;2;50;57;67m[48;2;34;35;40m▀[0m[38;2;15;15;15m[48;2;226;233;215m▀[0m[38;2;15;15;15m[48;2;149;158;138m▀[0m[38;2;63;79;66m[48;2;24;38;29m▀[0m[38;2;63;79;66m[48;2;63;79;66m▀[0m[38;2;63;79;66m[48;2;63;79;66m▀[0m[38;2;63;79;66m[48;2;24;38;29m▀[0m[38;2;24;38;29m[48;2;117;176;125m▀[0m[38;2;117;176;125m[48;2;117;176;125m▀[0m[38;2;117;176;125m[48;2;117;176;125m▀[0m[38;2;117;176;125m[48;2;117;176;125m▀[0m[38;2;117;176;125m[48;2;117;176;125m▀[0m[38;2;117;176;125m[48;2;117;176;125m▀[0m[38;2;117;176;125m[48;2;117;176;125m▀[0m[38;2;117;176;125m[48;2;117;176;125m▀[0m[38;2;117;176;125m[48;2;117;176;125m▀[0m[38;2;52;69;61m[48;2;117;176;125m▀[0m[38;2;52;69;61m[48;2;117;176;125m▀[0m[38;2;52;69;61m▄[38;2;15;15;15m▄                          
            [38;2;34;35;40m[48;2;34;35;40m▀[0m[38;2;75;86;92m[48;2;75;86;92m▀[0m[38;2;75;86;92m[48;2;75;86;92m▀[0m[38;2;75;86;92m[48;2;75;86;92m▀[0m[38;2;75;86;92m[48;2;75;86;92m▀[0m[38;2;75;86;92m[48;2;75;86;92m▀[0m[38;2;75;86;92m[48;2;34;35;40m▀[0m[38;2;34;35;40m[48;2;226;233;215m▀[0m[38;2;226;233;215m[48;2;226;233;215m▀[0m[38;2;226;233;215m[48;2;226;233;215m▀[0m[38;2;149;158;138m[48;2;226;233;215m▀[0m[38;2;24;38;29m[48;2;52;69;61m▀[0m[38;2;24;38;29m[48;2;117;176;125m▀[0m[38;2;117;176;125m[48;2;117;176;125m▀[0m[38;2;117;176;125m[48;2;117;176;125m▀[0m[38;2;117;176;125m[48;2;117;176;125m▀[0m[38;2;117;176;125m[48;2;117;176;125m▀[0m[38;2;117;176;125m[48;2;117;176;125m▀[0m[38;2;117;176;125m[48;2;52;69;61m▀[0m[38;2;117;176;125m[48;2;52;69;61m▀[0m[38;2;117;176;125m[48;2;117;176;125m▀[0m[38;2;117;176;125m[48;2;117;176;125m▀[0m[38;2;117;176;125m[48;2;117;176;125m▀[0m[38;2;117;176;125m[48;2;117;176;125m▀[0m[38;2;117;176;125m[48;2;117;176;125m▀[0m[38;2;117;176;125m[48;2;117;176;125m▀[0m[38;2;117;176;125m[48;2;117;176;125m▀[0m[38;2;15;15;15m[48;2;117;176;125m▀[0m[38;2;15;15;15m▄             [38;2;34;35;40m▄[38;2;34;35;40m▄[38;2;149;158;138m[48;2;226;233;215m▀[0m[38;2;149;158;138m[48;2;226;233;215m▀[0m[38;2;149;158;138m[48;2;226;233;215m▀[0m[38;2;149;158;138m[48;2;226;233;215m▀[0m[38;2;149;158;138m▄[38;2;149;158;138m▄   
            [38;2;34;35;40m[48;2;34;35;40m▀[0m[38;2;50;57;67m[48;2;75;86;92m▀[0m[38;2;50;57;67m[48;2;75;86;92m▀[0m[38;2;50;57;67m[48;2;75;86;92m▀[0m[38;2;50;57;67m[48;2;75;86;92m▀[0m[38;2;50;57;67m[48;2;75;86;92m▀[0m[38;2;34;35;40m[48;2;34;35;40m▀[0m[38;2;226;233;215m[48;2;226;233;215m▀[0m[38;2;226;233;215m[48;2;226;233;215m▀[0m[38;2;226;233;215m[48;2;226;233;215m▀[0m[38;2;226;233;215m[48;2;226;233;215m▀[0m[38;2;226;233;215m[48;2;226;233;215m▀[0m[38;2;52;69;61m[48;2;52;69;61m▀[0m[38;2;117;176;125m[48;2;117;176;125m▀[0m[38;2;117;176;125m[48;2;117;176;125m▀[0m[38;2;117;176;125m[48;2;117;176;125m▀[0m[38;2;117;176;125m[48;2;117;176;125m▀[0m[38;2;117;176;125m[48;2;96;125;109m▀[0m[38;2;96;125;109m[48;2;96;125;109m▀[0m[38;2;96;125;109m[48;2;96;125;109m▀[0m[38;2;52;69;61m[48;2;15;15;15m▀[0m[38;2;52;69;61m▀[38;2;117;176;125m[48;2;52;69;61m▀[0m[38;2;117;176;125m[48;2;52;69;61m▀[0m[38;2;117;176;125m[48;2;96;125;109m▀[0m[38;2;96;125;109m[48;2;117;176;125m▀[0m[38;2;117;176;125m[48;2;117;176;125m▀[0m[38;2;117;176;125m[48;2;117;176;125m▀[0m[38;2;15;15;15m[48;2;117;176;125m▀[0m[38;2;15;15;15m▄          [38;2;34;35;40m▄[38;2;34;35;40m[48;2;75;86;92m▀[0m[38;2;75;86;92m[48;2;75;86;92m▀[0m[38;2;75;86;92m[48;2;75;86;92m▀[0m[38;2;50;57;67m[48;2;50;57;67m▀[0m[38;2;226;233;215m[48;2;226;233;215m▀[0m[38;2;226;233;215m[48;2;226;233;215m▀[0m[38;2;226;233;215m[48;2;226;233;215m▀[0m[38;2;226;233;215m[48;2;226;233;215m▀[0m[38;2;226;233;215m[48;2;226;233;215m▀[0m[38;2;149;158;138m[48;2;226;233;215m▀[0m[38;2;149;158;138m▄ 
            [38;2;34;35;40m[48;2;34;35;40m▀[0m[38;2;75;86;92m[48;2;75;86;92m▀[0m[38;2;75;86;92m[48;2;75;86;92m▀[0m[38;2;75;86;92m[48;2;75;86;92m▀[0m[38;2;75;86;92m[48;2;75;86;92m▀[0m[38;2;75;86;92m[48;2;75;86;92m▀[0m[38;2;75;86;92m[48;2;75;86;92m▀[0m[38;2;34;35;40m[48;2;34;35;40m▀[0m[38;2;226;233;215m[48;2;226;233;215m▀[0m[38;2;226;233;215m[48;2;226;233;215m▀[0m[38;2;226;233;215m[48;2;226;233;215m▀[0m[38;2;226;233;215m[48;2;226;233;215m▀[0m[38;2;149;158;138m[48;2;149;158;138m▀[0m[38;2;117;176;125m[48;2;52;69;61m▀[0m[38;2;117;176;125m[48;2;117;176;125m▀[0m[38;2;117;176;125m[48;2;117;176;125m▀[0m[38;2;117;176;125m[48;2;96;125;109m▀[0m[38;2;96;125;109m[48;2;96;125;109m▀[0m[38;2;96;125;109m[48;2;96;125;109m▀[0m[38;2;96;125;109m[48;2;96;125;109m▀[0m[38;2;15;15;15m[48;2;15;15;15m▀[0m   [38;2;52;69;61m[48;2;52;69;61m▀[0m[38;2;117;176;125m[48;2;117;176;125m▀[0m[38;2;117;176;125m[48;2;117;176;125m▀[0m[38;2;117;176;125m[48;2;117;176;125m▀[0m[38;2;117;176;125m[48;2;117;176;125m▀[0m[38;2;15;15;15m[48;2;15;15;15m▀[0m         [38;2;34;35;40m[48;2;34;35;40m▀[0m[38;2;75;86;92m[48;2;50;57;67m▀[0m[38;2;75;86;92m[48;2;75;86;92m▀[0m[38;2;75;86;92m[48;2;75;86;92m▀[0m[38;2;75;86;92m[48;2;75;86;92m▀[0m[38;2;50;57;67m[48;2;15;15;15m▀[0m[38;2;15;15;15m▀[38;2;15;15;15m▀[38;2;15;15;15m▀[38;2;149;158;138m▀[38;2;226;233;215m[48;2;15;15;15m▀[0m[38;2;226;233;215m[48;2;226;233;215m▀[0m[38;2;149;158;138m[48;2;226;233;215m▀[0m[38;2;149;158;138m▄
             [38;2;34;35;40m[48;2;34;35;40m▀[0m[38;2;75;86;92m[48;2;50;57;67m▀[0m[38;2;75;86;92m[48;2;50;57;67m▀[0m[38;2;75;86;92m[48;2;50;57;67m▀[0m[38;2;50;57;67m[48;2;75;86;92m▀[0m[38;2;50;57;67m[48;2;75;86;92m▀[0m[38;2;75;86;92m[48;2;75;86;92m▀[0m[38;2;34;35;40m[48;2;75;86;92m▀[0m[38;2;226;233;215m[48;2;34;35;40m▀[0m[38;2;226;233;215m[48;2;149;158;138m▀[0m[38;2;149;158;138m[48;2;149;158;138m▀[0m[38;2;149;158;138m[48;2;34;35;40m▀[0m[38;2;52;69;61m[48;2;34;35;40m▀[0m[38;2;117;176;125m[48;2;96;125;109m▀[0m[38;2;96;125;109m[48;2;117;176;125m▀[0m[38;2;117;176;125m[48;2;96;125;109m▀[0m[38;2;96;125;109m[48;2;96;125;109m▀[0m[38;2;96;125;109m[48;2;96;125;109m▀[0m[38;2;96;125;109m[48;2;96;125;109m▀[0m[38;2;15;15;15m[48;2;96;125;109m▀[0m[38;2;15;15;15m▄ [38;2;52;69;61m▄[38;2;52;69;61m[48;2;117;176;125m▀[0m[38;2;117;176;125m[48;2;117;176;125m▀[0m[38;2;117;176;125m[48;2;117;176;125m▀[0m[38;2;117;176;125m[48;2;117;176;125m▀[0m[38;2;117;176;125m[48;2;117;176;125m▀[0m[38;2;15;15;15m[48;2;117;176;125m▀[0m[38;2;15;15;15m▄    [38;2;24;38;29m▄[38;2;24;38;29m▄ [38;2;34;35;40m[48;2;34;35;40m▀[0m[38;2;75;86;92m[48;2;75;86;92m▀[0m[38;2;75;86;92m[48;2;75;86;92m▀[0m[38;2;50;57;67m[48;2;75;86;92m▀[0m[38;2;75;86;92m[48;2;50;57;67m▀[0m[38;2;15;15;15m[48;2;15;15;15m▀[0m      [38;2;15;15;15m[48;2;15;15;15m▀[0m[38;2;226;233;215m[48;2;226;233;215m▀[0m[38;2;149;158;138m[48;2;149;158;138m▀[0m
           [38;2;52;69;61m▄[38;2;52;69;61m[48;2;96;125;109m▀[0m[38;2;96;125;109m[48;2;96;125;109m▀[0m[38;2;34;35;40m[48;2;96;125;109m▀[0m[38;2;75;86;92m[48;2;34;35;40m▀[0m[38;2;75;86;92m[48;2;75;86;92m▀[0m[38;2;75;86;92m[48;2;75;86;92m▀[0m[38;2;75;86;92m[48;2;75;86;92m▀[0m[38;2;75;86;92m[48;2;75;86;92m▀[0m[38;2;75;86;92m[48;2;34;35;40m▀[0m[38;2;50;57;67m[48;2;50;57;67m▀[0m[38;2;34;35;40m[48;2;50;57;67m▀[0m[38;2;34;35;40m[48;2;50;57;67m▀[0m[38;2;50;57;67m[48;2;34;35;40m▀[0m[38;2;50;57;67m[48;2;50;57;67m▀[0m[38;2;15;15;15m[48;2;15;15;15m▀[0m[38;2;96;125;109m[48;2;96;125;109m▀[0m[38;2;96;125;109m[48;2;96;125;109m▀[0m[38;2;96;125;109m[48;2;96;125;109m▀[0m[38;2;96;125;109m[48;2;96;125;109m▀[0m[38;2;96;125;109m[48;2;96;125;109m▀[0m[38;2;96;125;109m[48;2;96;125;109m▀[0m[38;2;15;15;15m[48;2;96;125;109m▀[0m[38;2;52;69;61m▄[38;2;52;69;61m[48;2;117;176;125m▀[0m[38;2;117;176;125m[48;2;117;176;125m▀[0m[38;2;117;176;125m[48;2;117;176;125m▀[0m[38;2;117;176;125m[48;2;117;176;125m▀[0m[38;2;117;176;125m[48;2;117;176;125m▀[0m[38;2;117;176;125m[48;2;117;176;125m▀[0m[38;2;117;176;125m[48;2;117;176;125m▀[0m[38;2;15;15;15m[48;2;15;15;15m▀[0m [38;2;24;38;29m▄[38;2;24;38;29m▄[38;2;24;38;29m[48;2;63;79;66m▀[0m[38;2;63;79;66m[48;2;46;54;48m▀[0m[38;2;46;54;48m[48;2;46;54;48m▀[0m[38;2;15;15;15m[48;2;15;15;15m▀[0m[38;2;75;86;92m[48;2;34;35;40m▀[0m[38;2;75;86;92m[48;2;50;57;67m▀[0m[38;2;50;57;67m[48;2;50;57;67m▀[0m[38;2;50;57;67m[48;2;50;57;67m▀[0m[38;2;15;15;15m[48;2;15;15;15m▀[0m        [38;2;15;15;15m▀ 
     [38;2;52;69;61m▄[38;2;52;69;61m▄[38;2;52;69;61m▄[38;2;52;69;61m▄[38;2;52;69;61m[48;2;96;125;109m▀[0m[38;2;52;69;61m[48;2;96;125;109m▀[0m[38;2;96;125;109m[48;2;96;125;109m▀[0m[38;2;96;125;109m[48;2;96;125;109m▀[0m[38;2;96;125;109m[48;2;96;125;109m▀[0m[38;2;96;125;109m[48;2;96;125;109m▀[0m[38;2;96;125;109m[48;2;96;125;109m▀[0m[38;2;34;35;40m[48;2;96;125;109m▀[0m[38;2;50;57;67m[48;2;34;35;40m▀[0m[38;2;75;86;92m[48;2;34;35;40m▀[0m[38;2;34;35;40m[48;2;50;57;67m▀[0m[38;2;50;57;67m[48;2;50;57;67m▀[0m[38;2;50;57;67m[48;2;50;57;67m▀[0m[38;2;50;57;67m[48;2;50;57;67m▀[0m[38;2;50;57;67m[48;2;34;35;40m▀[0m[38;2;34;35;40m[48;2;15;15;15m▀[0m[38;2;50;57;67m[48;2;15;15;15m▀[0m[38;2;15;15;15m[48;2;96;125;109m▀[0m[38;2;96;125;109m[48;2;96;125;109m▀[0m[38;2;96;125;109m[48;2;96;125;109m▀[0m[38;2;96;125;109m[48;2;96;125;109m▀[0m[38;2;96;125;109m[48;2;96;125;109m▀[0m[38;2;96;125;109m[48;2;96;125;109m▀[0m[38;2;96;125;109m[48;2;96;125;109m▀[0m[38;2;96;125;109m[48;2;52;69;61m▀[0m[38;2;52;69;61m[48;2;96;125;109m▀[0m[38;2;117;176;125m[48;2;96;125;109m▀[0m[38;2;117;176;125m[48;2;117;176;125m▀[0m[38;2;117;176;125m[48;2;117;176;125m▀[0m[38;2;117;176;125m[48;2;117;176;125m▀[0m[38;2;117;176;125m[48;2;117;176;125m▀[0m[38;2;117;176;125m[48;2;117;176;125m▀[0m[38;2;117;176;125m[48;2;117;176;125m▀[0m[38;2;15;15;15m[48;2;15;15;15m▀[0m[38;2;24;38;29m[48;2;63;79;66m▀[0m[38;2;63;79;66m[48;2;63;79;66m▀[0m[38;2;63;79;66m[48;2;46;54;48m▀[0m[38;2;46;54;48m[48;2;46;54;48m▀[0m[38;2;46;54;48m[48;2;46;54;48m▀[0m[38;2;46;54;48m[48;2;46;54;48m▀[0m[38;2;15;15;15m[48;2;15;15;15m▀[0m[38;2;50;57;67m[48;2;50;57;67m▀[0m[38;2;34;35;40m[48;2;50;57;67m▀[0m[38;2;50;57;67m[48;2;34;35;40m▀[0m[38;2;15;15;15m[48;2;15;15;15m▀[0m           
 [38;2;52;69;61m▄[38;2;52;69;61m[48;2;117;176;125m▀[0m[38;2;52;69;61m[48;2;117;176;125m▀[0m[38;2;96;125;109m[48;2;117;176;125m▀[0m[38;2;117;176;125m[48;2;52;69;61m▀[0m[38;2;117;176;125m[48;2;117;176;125m▀[0m[38;2;117;176;125m[48;2;117;176;125m▀[0m[38;2;117;176;125m[48;2;117;176;125m▀[0m[38;2;96;125;109m[48;2;117;176;125m▀[0m[38;2;96;125;109m[48;2;96;125;109m▀[0m[38;2;96;125;109m[48;2;96;125;109m▀[0m[38;2;96;125;109m[48;2;96;125;109m▀[0m[38;2;96;125;109m[48;2;96;125;109m▀[0m[38;2;96;125;109m[48;2;96;125;109m▀[0m[38;2;96;125;109m[48;2;15;15;15m▀[0m[38;2;15;15;15m▀  [38;2;15;15;15m▀[38;2;15;15;15m▀[38;2;15;15;15m[48;2;52;69;61m▀[0m[38;2;15;15;15m[48;2;52;69;61m▀[0m[38;2;15;15;15m[48;2;96;125;109m▀[0m[38;2;96;125;109m[48;2;52;69;61m▀[0m[38;2;96;125;109m[48;2;96;125;109m▀[0m[38;2;96;125;109m[48;2;34;35;40m▀[0m[38;2;34;35;40m[48;2;50;57;67m▀[0m[38;2;96;125;109m[48;2;34;35;40m▀[0m[38;2;96;125;109m[48;2;96;125;109m▀[0m[38;2;96;125;109m[48;2;96;125;109m▀[0m[38;2;96;125;109m[48;2;15;15;15m▀[0m[38;2;15;15;15m[48;2;117;176;125m▀[0m[38;2;96;125;109m[48;2;117;176;125m▀[0m[38;2;117;176;125m[48;2;117;176;125m▀[0m[38;2;117;176;125m[48;2;117;176;125m▀[0m[38;2;117;176;125m[48;2;117;176;125m▀[0m[38;2;117;176;125m[48;2;117;176;125m▀[0m[38;2;117;176;125m[48;2;117;176;125m▀[0m[38;2;117;176;125m[48;2;117;176;125m▀[0m[38;2;117;176;125m[48;2;96;125;109m▀[0m[38;2;117;176;125m[48;2;117;176;125m▀[0m[38;2;15;15;15m[48;2;15;15;15m▀[0m[38;2;46;54;48m[48;2;46;54;48m▀[0m[38;2;46;54;48m[48;2;46;54;48m▀[0m[38;2;46;54;48m[48;2;46;54;48m▀[0m[38;2;46;54;48m[48;2;46;54;48m▀[0m[38;2;46;54;48m[48;2;46;54;48m▀[0m[38;2;15;15;15m[48;2;15;15;15m▀[0m[38;2;50;57;67m[48;2;50;57;67m▀[0m[38;2;50;57;67m[48;2;50;57;67m▀[0m[38;2;50;57;67m[48;2;50;57;67m▀[0m[38;2;34;35;40m[48;2;15;15;15m▀[0m[38;2;15;15;15m▀           
[38;2;52;69;61m▄[38;2;52;69;61m[48;2;117;176;125m▀[0m[38;2;117;176;125m[48;2;117;176;125m▀[0m[38;2;117;176;125m[48;2;52;69;61m▀[0m[38;2;52;69;61m[48;2;117;176;125m▀[0m[38;2;117;176;125m[48;2;117;176;125m▀[0m[38;2;117;176;125m[48;2;117;176;125m▀[0m[38;2;117;176;125m[48;2;117;176;125m▀[0m[38;2;117;176;125m[48;2;15;15;15m▀[0m[38;2;117;176;125m[48;2;50;57;67m▀[0m[38;2;96;125;109m[48;2;50;57;67m▀[0m[38;2;96;125;109m[48;2;96;125;109m▀[0m[38;2;96;125;109m[48;2;96;125;109m▀[0m[38;2;96;125;109m[48;2;15;15;15m▀[0m[38;2;15;15;15m▀  [38;2;52;69;61m▄[38;2;52;69;61m▄[38;2;52;69;61m[48;2;96;125;109m▀[0m[38;2;52;69;61m[48;2;96;125;109m▀[0m[38;2;96;125;109m[48;2;96;125;109m▀[0m[38;2;96;125;109m[48;2;96;125;109m▀[0m[38;2;96;125;109m[48;2;96;125;109m▀[0m[38;2;52;69;61m[48;2;96;125;109m▀[0m[38;2;96;125;109m[48;2;34;35;40m▀[0m[38;2;34;35;40m[48;2;50;57;67m▀[0m[38;2;50;57;67m[48;2;50;57;67m▀[0m[38;2;50;57;67m[48;2;50;57;67m▀[0m[38;2;34;35;40m[48;2;50;57;67m▀[0m[38;2;15;15;15m[48;2;15;15;15m▀[0m[38;2;117;176;125m[48;2;117;176;125m▀[0m[38;2;117;176;125m[48;2;117;176;125m▀[0m[38;2;117;176;125m[48;2;96;125;109m▀[0m[38;2;117;176;125m[48;2;117;176;125m▀[0m[38;2;117;176;125m[48;2;117;176;125m▀[0m[38;2;117;176;125m[48;2;52;69;61m▀[0m[38;2;117;176;125m[48;2;117;176;125m▀[0m[38;2;117;176;125m[48;2;117;176;125m▀[0m[38;2;117;176;125m[48;2;117;176;125m▀[0m[38;2;117;176;125m[48;2;117;176;125m▀[0m[38;2;96;125;109m[48;2;117;176;125m▀[0m[38;2;15;15;15m[48;2;15;15;15m▀[0m[38;2;46;54;48m[48;2;46;54;48m▀[0m[38;2;46;54;48m[48;2;46;54;48m▀[0m[38;2;46;54;48m[48;2;15;15;15m▀[0m[38;2;46;54;48m[48;2;15;15;15m▀[0m[38;2;15;15;15m[48;2;50;57;67m▀[0m[38;2;50;57;67m[48;2;50;57;67m▀[0m[38;2;34;35;40m[48;2;34;35;40m▀[0m[38;2;50;57;67m[48;2;50;57;67m▀[0m[38;2;50;57;67m[48;2;15;15;15m▀[0m[38;2;15;15;15m▀            
[38;2;52;69;61m[48;2;15;15;15m▀[0m[38;2;117;176;125m[48;2;117;176;125m▀[0m[38;2;50;57;67m[48;2;50;57;67m▀[0m[38;2;52;69;61m[48;2;52;69;61m▀[0m[38;2;117;176;125m[48;2;117;176;125m▀[0m[38;2;117;176;125m[48;2;15;15;15m▀[0m[38;2;15;15;15m[48;2;96;125;109m▀[0m[38;2;15;15;15m[48;2;96;125;109m▀[0m[38;2;50;57;67m[48;2;15;15;15m▀[0m[38;2;50;57;67m[48;2;15;15;15m▀[0m[38;2;50;57;67m[48;2;15;15;15m▀[0m[38;2;15;15;15m▀[38;2;15;15;15m▀  [38;2;52;69;61m▄[38;2;52;69;61m[48;2;96;125;109m▀[0m[38;2;96;125;109m[48;2;96;125;109m▀[0m[38;2;96;125;109m[48;2;96;125;109m▀[0m[38;2;96;125;109m[48;2;96;125;109m▀[0m[38;2;96;125;109m[48;2;96;125;109m▀[0m[38;2;96;125;109m[48;2;96;125;109m▀[0m[38;2;96;125;109m[48;2;96;125;109m▀[0m[38;2;96;125;109m[48;2;96;125;109m▀[0m[38;2;96;125;109m[48;2;96;125;109m▀[0m[38;2;34;35;40m[48;2;34;35;40m▀[0m[38;2;50;57;67m[48;2;50;57;67m▀[0m[38;2;50;57;67m[48;2;50;57;67m▀[0m[38;2;50;57;67m[48;2;50;57;67m▀[0m[38;2;15;15;15m[48;2;15;15;15m▀[0m[38;2;117;176;125m[48;2;117;176;125m▀[0m[38;2;117;176;125m[48;2;117;176;125m▀[0m[38;2;52;69;61m[48;2;15;15;15m▀[0m[38;2;117;176;125m[48;2;117;176;125m▀[0m[38;2;117;176;125m[48;2;117;176;125m▀[0m[38;2;117;176;125m[48;2;52;69;61m▀[0m[38;2;52;69;61m[48;2;117;176;125m▀[0m[38;2;117;176;125m[48;2;117;176;125m▀[0m[38;2;117;176;125m[48;2;117;176;125m▀[0m[38;2;96;125;109m[48;2;15;15;15m▀[0m[38;2;117;176;125m[48;2;117;176;125m▀[0m[38;2;117;176;125m[48;2;117;176;125m▀[0m[38;2;96;125;109m[48;2;117;176;125m▀[0m[38;2;15;15;15m[48;2;15;15;15m▀[0m[38;2;15;15;15m[48;2;50;57;67m▀[0m[38;2;50;57;67m[48;2;50;57;67m▀[0m[38;2;34;35;40m[48;2;34;35;40m▀[0m[38;2;50;57;67m[48;2;50;57;67m▀[0m[38;2;50;57;67m[48;2;50;57;67m▀[0m[38;2;34;35;40m[48;2;34;35;40m▀[0m[38;2;50;57;67m[48;2;15;15;15m▀[0m[38;2;15;15;15m▀             
[38;2;15;15;15m[48;2;15;15;15m▀[0m[38;2;117;176;125m[48;2;15;15;15m▀[0m[38;2;15;15;15m▀[38;2;15;15;15m▀[38;2;15;15;15m[48;2;15;15;15m▀[0m[38;2;96;125;109m[48;2;15;15;15m▀[0m[38;2;15;15;15m▀[38;2;15;15;15m▀     [38;2;52;69;61m▄[38;2;52;69;61m[48;2;96;125;109m▀[0m[38;2;96;125;109m[48;2;96;125;109m▀[0m[38;2;96;125;109m[48;2;96;125;109m▀[0m[38;2;96;125;109m[48;2;96;125;109m▀[0m[38;2;96;125;109m[48;2;96;125;109m▀[0m[38;2;96;125;109m[48;2;96;125;109m▀[0m[38;2;96;125;109m[48;2;96;125;109m▀[0m[38;2;96;125;109m[48;2;96;125;109m▀[0m[38;2;96;125;109m[48;2;96;125;109m▀[0m[38;2;96;125;109m[48;2;96;125;109m▀[0m[38;2;96;125;109m[48;2;96;125;109m▀[0m[38;2;34;35;40m[48;2;96;125;109m▀[0m[38;2;50;57;67m[48;2;34;35;40m▀[0m[38;2;50;57;67m[48;2;50;57;67m▀[0m[38;2;50;57;67m[48;2;50;57;67m▀[0m[38;2;15;15;15m[48;2;15;15;15m▀[0m[38;2;117;176;125m[48;2;15;15;15m▀[0m[38;2;15;15;15m[48;2;50;57;67m▀[0m[38;2;15;15;15m[48;2;15;15;15m▀[0m[38;2;117;176;125m[48;2;117;176;125m▀[0m[38;2;117;176;125m[48;2;117;176;125m▀[0m[38;2;52;69;61m[48;2;52;69;61m▀[0m[38;2;117;176;125m[48;2;117;176;125m▀[0m[38;2;117;176;125m[48;2;117;176;125m▀[0m[38;2;117;176;125m[48;2;15;15;15m▀[0m[38;2;15;15;15m[48;2;96;125;109m▀[0m[38;2;52;69;61m[48;2;52;69;61m▀[0m[38;2;117;176;125m[48;2;117;176;125m▀[0m[38;2;117;176;125m[48;2;117;176;125m▀[0m[38;2;15;15;15m[48;2;15;15;15m▀[0m[38;2;50;57;67m[48;2;50;57;67m▀[0m[38;2;50;57;67m[48;2;50;57;67m▀[0m[38;2;34;35;40m[48;2;34;35;40m▀[0m[38;2;50;57;67m[48;2;50;57;67m▀[0m[38;2;50;57;67m[48;2;15;15;15m▀[0m[38;2;15;15;15m▀               
            [38;2;52;69;61m[48;2;15;15;15m▀[0m[38;2;96;125;109m[48;2;96;125;109m▀[0m[38;2;96;125;109m[48;2;96;125;109m▀[0m[38;2;96;125;109m[48;2;96;125;109m▀[0m[38;2;96;125;109m[48;2;52;69;61m▀[0m[38;2;96;125;109m[48;2;96;125;109m▀[0m[38;2;96;125;109m[48;2;96;125;109m▀[0m[38;2;96;125;109m[48;2;96;125;109m▀[0m[38;2;96;125;109m[48;2;96;125;109m▀[0m[38;2;96;125;109m[48;2;96;125;109m▀[0m[38;2;96;125;109m[48;2;96;125;109m▀[0m[38;2;96;125;109m[48;2;96;125;109m▀[0m[38;2;96;125;109m[48;2;96;125;109m▀[0m[38;2;96;125;109m[48;2;15;15;15m▀[0m[38;2;34;35;40m[48;2;15;15;15m▀[0m[38;2;50;57;67m[48;2;15;15;15m▀[0m[38;2;50;57;67m[48;2;50;57;67m▀[0m[38;2;50;57;67m[48;2;50;57;67m▀[0m[38;2;50;57;67m[48;2;50;57;67m▀[0m[38;2;50;57;67m[48;2;50;57;67m▀[0m[38;2;50;57;67m[48;2;50;57;67m▀[0m[38;2;15;15;15m[48;2;15;15;15m▀[0m[38;2;117;176;125m[48;2;117;176;125m▀[0m[38;2;52;69;61m[48;2;52;69;61m▀[0m[38;2;117;176;125m[48;2;117;176;125m▀[0m[38;2;117;176;125m[48;2;15;15;15m▀[0m[38;2;15;15;15m[48;2;96;125;109m▀[0m[38;2;96;125;109m[48;2;96;125;109m▀[0m[38;2;96;125;109m[48;2;96;125;109m▀[0m[38;2;15;15;15m[48;2;15;15;15m▀[0m[38;2;117;176;125m[48;2;117;176;125m▀[0m[38;2;15;15;15m[48;2;15;15;15m▀[0m[38;2;50;57;67m[48;2;50;57;67m▀[0m[38;2;34;35;40m[48;2;34;35;40m▀[0m[38;2;50;57;67m[48;2;15;15;15m▀[0m[38;2;15;15;15m▀                 
            [38;2;15;15;15m▀[38;2;96;125;109m[48;2;15;15;15m▀[0m[38;2;96;125;109m[48;2;96;125;109m▀[0m[38;2;52;69;61m[48;2;96;125;109m▀[0m[38;2;96;125;109m[48;2;96;125;109m▀[0m[38;2;96;125;109m[48;2;96;125;109m▀[0m[38;2;96;125;109m[48;2;96;125;109m▀[0m[38;2;96;125;109m[48;2;96;125;109m▀[0m[38;2;96;125;109m[48;2;15;15;15m▀[0m[38;2;96;125;109m[48;2;15;15;15m▀[0m[38;2;96;125;109m[48;2;15;15;15m▀[0m[38;2;15;15;15m▀[38;2;15;15;15m▀   [38;2;15;15;15m▀[38;2;15;15;15m▀[38;2;50;57;67m[48;2;15;15;15m▀[0m[38;2;50;57;67m[48;2;15;15;15m▀[0m[38;2;15;15;15m[48;2;15;15;15m▀[0m[38;2;96;125;109m[48;2;96;125;109m▀[0m[38;2;15;15;15m[48;2;96;125;109m▀[0m[38;2;52;69;61m[48;2;15;15;15m▀[0m[38;2;117;176;125m[48;2;15;15;15m▀[0m[38;2;15;15;15m[48;2;96;125;109m▀[0m[38;2;96;125;109m[48;2;96;125;109m▀[0m[38;2;96;125;109m[48;2;96;125;109m▀[0m[38;2;15;15;15m[48;2;15;15;15m▀[0m[38;2;50;57;67m[48;2;50;57;67m▀[0m[38;2;15;15;15m[48;2;15;15;15m▀[0m[38;2;50;57;67m[48;2;15;15;15m▀[0m[38;2;15;15;15m▀[38;2;15;15;15m▀                   
             [38;2;15;15;15m▀[38;2;96;125;109m[48;2;15;15;15m▀[0m[38;2;96;125;109m[48;2;96;125;109m▀[0m[38;2;96;125;109m[48;2;96;125;109m▀[0m[38;2;96;125;109m[48;2;96;125;109m▀[0m[38;2;96;125;109m[48;2;96;125;109m▀[0m[38;2;96;125;109m[48;2;96;125;109m▀[0m[38;2;96;125;109m[48;2;96;125;109m▀[0m[38;2;15;15;15m[48;2;96;125;109m▀[0m[38;2;15;15;15m▄         [38;2;15;15;15m▀[38;2;96;125;109m[48;2;15;15;15m▀[0m[38;2;96;125;109m[48;2;96;125;109m▀[0m[38;2;96;125;109m[48;2;52;69;61m▀[0m[38;2;96;125;109m[48;2;96;125;109m▀[0m[38;2;96;125;109m[48;2;96;125;109m▀[0m[38;2;96;125;109m[48;2;96;125;109m▀[0m[38;2;96;125;109m[48;2;52;69;61m▀[0m[38;2;96;125;109m[48;2;96;125;109m▀[0m[38;2;15;15;15m[48;2;15;15;15m▀[0m                       
              [38;2;15;15;15m▀[38;2;96;125;109m[48;2;15;15;15m▀[0m[38;2;117;176;125m[48;2;117;176;125m▀[0m[38;2;117;176;125m[48;2;117;176;125m▀[0m[38;2;117;176;125m[48;2;117;176;125m▀[0m[38;2;117;176;125m[48;2;117;176;125m▀[0m[38;2;96;125;109m[48;2;117;176;125m▀[0m[38;2;96;125;109m[48;2;117;176;125m▀[0m[38;2;96;125;109m[48;2;96;125;109m▀[0m[38;2;15;15;15m[48;2;52;69;61m▀[0m[38;2;52;69;61m▄        [38;2;15;15;15m▀[38;2;96;125;109m[48;2;52;69;61m▀[0m[38;2;96;125;109m[48;2;96;125;109m▀[0m[38;2;52;69;61m[48;2;96;125;109m▀[0m[38;2;96;125;109m[48;2;96;125;109m▀[0m[38;2;96;125;109m[48;2;96;125;109m▀[0m[38;2;52;69;61m[48;2;96;125;109m▀[0m[38;2;96;125;109m[48;2;96;125;109m▀[0m[38;2;96;125;109m[48;2;96;125;109m▀[0m[38;2;15;15;15m[48;2;96;125;109m▀[0m[38;2;15;15;15m▄                     
               [38;2;15;15;15m▀[38;2;117;176;125m[48;2;15;15;15m▀[0m[38;2;117;176;125m[48;2;117;176;125m▀[0m[38;2;117;176;125m[48;2;117;176;125m▀[0m[38;2;117;176;125m[48;2;117;176;125m▀[0m[38;2;117;176;125m[48;2;117;176;125m▀[0m[38;2;117;176;125m[48;2;117;176;125m▀[0m[38;2;117;176;125m[48;2;117;176;125m▀[0m[38;2;117;176;125m[48;2;117;176;125m▀[0m[38;2;15;15;15m[48;2;117;176;125m▀[0m[38;2;15;15;15m▄        [38;2;15;15;15m[48;2;15;15;15m▀[0m[38;2;96;125;109m[48;2;96;125;109m▀[0m[38;2;96;125;109m[48;2;96;125;109m▀[0m[38;2;96;125;109m[48;2;117;176;125m▀[0m[38;2;96;125;109m[48;2;117;176;125m▀[0m[38;2;96;125;109m[48;2;117;176;125m▀[0m[38;2;96;125;109m[48;2;117;176;125m▀[0m[38;2;96;125;109m[48;2;96;125;109m▀[0m[38;2;96;125;109m[48;2;96;125;109m▀[0m[38;2;15;15;15m[48;2;96;125;109m▀[0m[38;2;15;15;15m▄                    
            [38;2;52;69;61m▄[38;2;52;69;61m▄[38;2;52;69;61m[48;2;117;176;125m▀[0m[38;2;52;69;61m[48;2;117;176;125m▀[0m[38;2;15;15;15m[48;2;117;176;125m▀[0m[38;2;117;176;125m[48;2;117;176;125m▀[0m[38;2;117;176;125m[48;2;117;176;125m▀[0m[38;2;117;176;125m[48;2;117;176;125m▀[0m[38;2;117;176;125m[48;2;117;176;125m▀[0m[38;2;117;176;125m[48;2;117;176;125m▀[0m[38;2;117;176;125m[48;2;117;176;125m▀[0m[38;2;117;176;125m[48;2;117;176;125m▀[0m[38;2;117;176;125m[48;2;117;176;125m▀[0m[38;2;15;15;15m[48;2;117;176;125m▀[0m[38;2;15;15;15m▄        [38;2;52;69;61m[48;2;15;15;15m▀[0m[38;2;117;176;125m[48;2;117;176;125m▀[0m[38;2;117;176;125m[48;2;117;176;125m▀[0m[38;2;117;176;125m[48;2;117;176;125m▀[0m[38;2;117;176;125m[48;2;117;176;125m▀[0m[38;2;117;176;125m[48;2;117;176;125m▀[0m[38;2;117;176;125m[48;2;117;176;125m▀[0m[38;2;117;176;125m[48;2;117;176;125m▀[0m[38;2;96;125;109m[48;2;117;176;125m▀[0m[38;2;15;15;15m[48;2;96;125;109m▀[0m[38;2;15;15;15m▄                   
           [38;2;15;15;15m▀[38;2;117;176;125m[48;2;15;15;15m▀[0m[38;2;117;176;125m[48;2;15;15;15m▀[0m[38;2;52;69;61m[48;2;117;176;125m▀[0m[38;2;52;69;61m[48;2;117;176;125m▀[0m[38;2;52;69;61m[48;2;117;176;125m▀[0m[38;2;96;125;109m[48;2;117;176;125m▀[0m[38;2;117;176;125m[48;2;117;176;125m▀[0m[38;2;117;176;125m[48;2;117;176;125m▀[0m[38;2;117;176;125m[48;2;117;176;125m▀[0m[38;2;117;176;125m[48;2;117;176;125m▀[0m[38;2;117;176;125m[48;2;117;176;125m▀[0m[38;2;117;176;125m[48;2;117;176;125m▀[0m[38;2;117;176;125m[48;2;117;176;125m▀[0m[38;2;117;176;125m[48;2;117;176;125m▀[0m[38;2;15;15;15m[48;2;15;15;15m▀[0m        [38;2;15;15;15m▀[38;2;117;176;125m[48;2;52;69;61m▀[0m[38;2;117;176;125m[48;2;117;176;125m▀[0m[38;2;117;176;125m[48;2;117;176;125m▀[0m[38;2;117;176;125m[48;2;117;176;125m▀[0m[38;2;117;176;125m[48;2;117;176;125m▀[0m[38;2;117;176;125m[48;2;117;176;125m▀[0m[38;2;117;176;125m[48;2;117;176;125m▀[0m[38;2;117;176;125m[48;2;117;176;125m▀[0m[38;2;117;176;125m[48;2;117;176;125m▀[0m[38;2;52;69;61m[48;2;117;176;125m▀[0m[38;2;15;15;15m▄                  
          [38;2;15;15;15m▄[38;2;15;15;15m[48;2;117;176;125m▀[0m[38;2;117;176;125m[48;2;52;69;61m▀[0m[38;2;117;176;125m[48;2;52;69;61m▀[0m[38;2;52;69;61m[48;2;117;176;125m▀[0m[38;2;52;69;61m[48;2;117;176;125m▀[0m[38;2;96;125;109m[48;2;117;176;125m▀[0m[38;2;117;176;125m[48;2;117;176;125m▀[0m[38;2;117;176;125m[48;2;117;176;125m▀[0m[38;2;117;176;125m[48;2;117;176;125m▀[0m[38;2;117;176;125m[48;2;52;69;61m▀[0m[38;2;96;125;109m[48;2;117;176;125m▀[0m[38;2;117;176;125m[48;2;117;176;125m▀[0m[38;2;117;176;125m[48;2;117;176;125m▀[0m[38;2;117;176;125m[48;2;117;176;125m▀[0m[38;2;117;176;125m[48;2;15;15;15m▀[0m[38;2;15;15;15m▀         [38;2;52;69;61m[48;2;52;69;61m▀[0m[38;2;117;176;125m[48;2;117;176;125m▀[0m[38;2;117;176;125m[48;2;117;176;125m▀[0m[38;2;117;176;125m[48;2;117;176;125m▀[0m[38;2;117;176;125m[48;2;117;176;125m▀[0m[38;2;117;176;125m[48;2;117;176;125m▀[0m[38;2;117;176;125m[48;2;117;176;125m▀[0m[38;2;117;176;125m[48;2;117;176;125m▀[0m[38;2;117;176;125m[48;2;117;176;125m▀[0m[38;2;117;176;125m[48;2;117;176;125m▀[0m[38;2;52;69;61m[48;2;117;176;125m▀[0m[38;2;52;69;61m▄                 
          [38;2;15;15;15m▀[38;2;52;69;61m[48;2;15;15;15m▀[0m[38;2;117;176;125m[48;2;15;15;15m▀[0m[38;2;117;176;125m[48;2;15;15;15m▀[0m[38;2;117;176;125m[48;2;15;15;15m▀[0m[38;2;117;176;125m[48;2;15;15;15m▀[0m[38;2;117;176;125m[48;2;15;15;15m▀[0m[38;2;15;15;15m▀[38;2;15;15;15m[48;2;52;69;61m▀[0m[38;2;52;69;61m[48;2;117;176;125m▀[0m[38;2;117;176;125m[48;2;117;176;125m▀[0m[38;2;117;176;125m[48;2;15;15;15m▀[0m[38;2;117;176;125m[48;2;15;15;15m▀[0m[38;2;15;15;15m▀[38;2;15;15;15m▀         [38;2;52;69;61m▄[38;2;52;69;61m[48;2;117;176;125m▀[0m[38;2;117;176;125m[48;2;117;176;125m▀[0m[38;2;117;176;125m[48;2;96;125;109m▀[0m[38;2;117;176;125m[48;2;117;176;125m▀[0m[38;2;117;176;125m[48;2;117;176;125m▀[0m[38;2;117;176;125m[48;2;96;125;109m▀[0m[38;2;117;176;125m[48;2;117;176;125m▀[0m[38;2;117;176;125m[48;2;117;176;125m▀[0m[38;2;117;176;125m[48;2;117;176;125m▀[0m[38;2;117;176;125m[48;2;96;125;109m▀[0m[38;2;117;176;125m[48;2;117;176;125m▀[0m[38;2;117;176;125m[48;2;117;176;125m▀[0m[38;2;117;176;125m[48;2;117;176;125m▀[0m[38;2;52;69;61m[48;2;52;69;61m▀[0m                
                  [38;2;15;15;15m▀[38;2;15;15;15m▀[38;2;15;15;15m▀            [38;2;52;69;61m[48;2;52;69;61m▀[0m[38;2;117;176;125m[48;2;117;176;125m▀[0m[38;2;117;176;125m[48;2;117;176;125m▀[0m[38;2;52;69;61m[48;2;52;69;61m▀[0m[38;2;117;176;125m[48;2;117;176;125m▀[0m[38;2;117;176;125m[48;2;117;176;125m▀[0m[38;2;117;176;125m[48;2;117;176;125m▀[0m[38;2;52;69;61m[48;2;52;69;61m▀[0m[38;2;117;176;125m[48;2;117;176;125m▀[0m[38;2;117;176;125m[48;2;117;176;125m▀[0m[38;2;117;176;125m[48;2;117;176;125m▀[0m[38;2;96;125;109m[48;2;15;15;15m▀[0m[38;2;15;15;15m▀[38;2;117;176;125m[48;2;15;15;15m▀[0m[38;2;117;176;125m[48;2;117;176;125m▀[0m[38;2;117;176;125m[48;2;117;176;125m▀[0m[38;2;52;69;61m[48;2;52;69;61m▀[0m               
                                [38;2;52;69;61m[48;2;15;15;15m▀[0m[38;2;117;176;125m[48;2;15;15;15m▀[0m[38;2;117;176;125m[48;2;15;15;15m▀[0m[38;2;15;15;15m▀[38;2;15;15;15m[48;2;15;15;15m▀[0m[38;2;117;176;125m[48;2;117;176;125m▀[0m[38;2;117;176;125m[48;2;117;176;125m▀[0m[38;2;52;69;61m[48;2;52;69;61m▀[0m[38;2;117;176;125m[48;2;117;176;125m▀[0m[38;2;117;176;125m[48;2;117;176;125m▀[0m[38;2;117;176;125m[48;2;117;176;125m▀[0m[38;2;96;125;109m[48;2;15;15;15m▀[0m[38;2;15;15;15m▀  [38;2;15;15;15m▀[38;2;117;176;125m[48;2;15;15;15m▀[0m[38;2;52;69;61m[48;2;15;15;15m▀[0m               
                                     [38;2;52;69;61m[48;2;15;15;15m▀[0m[38;2;117;176;125m[48;2;117;176;125m▀[0m[38;2;52;69;61m[48;2;52;69;61m▀[0m[38;2;117;176;125m[48;2;117;176;125m▀[0m[38;2;117;176;125m[48;2;15;15;15m▀[0m[38;2;15;15;15m▀                      
                                      [38;2;15;15;15m▀[38;2;15;15;15m▀[38;2;15;15;15m▀                        
[0m