                                                  [38;2;189;139;128m▄[38;2;189;139;128m▄[38;2;189;139;128m[48;2;255;254;251m▀[0m[38;2;189;139;128m[48;2;255;254;251m▀[0m[38;2;189;139;128m[48;2;255;254;251m▀[0m[38;2;189;139;128m[48;2;255;254;251m▀[0m[38;2;189;139;128m[48;2;255;254;251m▀[0m[38;2;189;139;128m[48;2;255;254;251m▀[0m[38;2;189;139;128m[48;2;255;254;251m▀[0m[38;2;189;139;128m▄[38;2;189;139;128m▄[38;2;189;139;128m▄[38;2;189;139;128m▄                                 
                    [38;2;146;103;87m▄[38;2;146;103;87m▄[38;2;146;103;87m▄[38;2;189;139;128m▄[38;2;146;103;87m[48;2;255;243;217m▀[0m[38;2;146;103;87m[48;2;255;243;217m▀[0m[38;2;146;103;87m[48;2;255;243;217m▀[0m[38;2;146;103;87m[48;2;255;243;217m▀[0m[38;2;146;103;87m[48;2;255;243;217m▀[0m[38;2;146;103;87m[48;2;255;243;217m▀[0m[38;2;146;103;87m▄                  [38;2;146;103;87m[48;2;146;103;87m▀[0m[38;2;255;254;251m[48;2;255;254;251m▀[0m[38;2;255;254;251m[48;2;255;254;251m▀[0m[38;2;255;254;251m[48;2;255;254;251m▀[0m[38;2;255;254;251m[48;2;255;254;251m▀[0m[38;2;255;254;251m[48;2;255;254;251m▀[0m[38;2;255;254;251m[48;2;255;254;251m▀[0m[38;2;255;254;251m[48;2;255;254;251m▀[0m[38;2;255;254;251m[48;2;255;254;251m▀[0m[38;2;255;254;251m[48;2;255;254;251m▀[0m[38;2;255;254;251m[48;2;255;254;251m▀[0m[38;2;255;254;251m[48;2;255;254;251m▀[0m[38;2;255;254;251m[48;2;255;254;251m▀[0m[38;2;255;254;251m[48;2;255;254;251m▀[0m[38;2;189;139;128m[48;2;255;254;251m▀[0m[38;2;189;139;128m[48;2;255;254;251m▀[0m[38;2;189;139;128m[48;2;255;254;251m▀[0m[38;2;111;64;61m▄[38;2;111;64;61m▄[38;2;146;103;87m▄                           
                [38;2;111;64;61m▄[38;2;111;64;61m▄[38;2;111;64;61m[48;2;255;243;217m▀[0m[38;2;111;64;61m[48;2;255;243;217m▀[0m[38;2;255;243;217m[48;2;224;200;175m▀[0m[38;2;255;243;217m[48;2;224;200;175m▀[0m[38;2;255;243;217m[48;2;189;139;128m▀[0m[38;2;255;243;217m[48;2;189;139;128m▀[0m[38;2;224;200;175m[48;2;189;139;128m▀[0m[38;2;224;200;175m[48;2;189;139;128m▀[0m[38;2;224;200;175m[48;2;189;139;128m▀[0m[38;2;255;243;217m[48;2;189;139;128m▀[0m[38;2;255;243;217m[48;2;224;200;175m▀[0m[38;2;255;243;217m[48;2;255;243;217m▀[0m[38;2;255;243;217m[48;2;255;243;217m▀[0m[38;2;146;103;87m[48;2;111;64;61m▀[0m                 [38;2;146;103;87m▀[38;2;255;254;251m[48;2;111;64;61m▀[0m[38;2;255;254;251m[48;2;146;103;87m▀[0m[38;2;255;254;251m[48;2;224;200;175m▀[0m[38;2;255;254;251m[48;2;255;254;251m▀[0m[38;2;255;254;251m[48;2;255;254;251m▀[0m[38;2;255;254;251m[48;2;255;254;251m▀[0m[38;2;255;254;251m[48;2;255;254;251m▀[0m[38;2;255;254;251m[48;2;255;254;251m▀[0m[38;2;255;254;251m[48;2;255;254;251m▀[0m[38;2;255;254;251m[48;2;255;254;251m▀[0m[38;2;255;254;251m[48;2;255;254;251m▀[0m[38;2;255;254;251m[48;2;255;254;251m▀[0m[38;2;255;254;251m[48;2;255;254;251m▀[0m[38;2;255;254;251m[48;2;255;254;251m▀[0m[38;2;255;254;251m[48;2;255;254;251m▀[0m[38;2;255;254;251m[48;2;255;254;251m▀[0m[38;2;255;254;251m[48;2;255;254;251m▀[0m[38;2;255;254;251m[48;2;255;254;251m▀[0m[38;2;255;254;251m[48;2;255;254;251m▀[0m[38;2;111;64;61m[48;2;255;254;251m▀[0m[38;2;111;64;61m[48;2;255;254;251m▀[0m[38;2;111;64;61m[48;2;255;254;251m▀[0m[38;2;111;64;61m▄[38;2;111;64;61m▄                      
            [38;2;111;64;61m▄[38;2;111;64;61m▄[38;2;111;64;61m[48;2;255;243;217m▀[0m[38;2;111;64;61m[48;2;255;243;217m▀[0m[38;2;255;243;217m[48;2;224;200;175m▀[0m[38;2;224;200;175m[48;2;189;139;128m▀[0m[38;2;224;200;175m[48;2;189;139;128m▀[0m[38;2;189;139;128m[48;2;189;139;128m▀[0m[38;2;189;139;128m[48;2;189;139;128m▀[0m[38;2;189;139;128m[48;2;189;139;128m▀[0m[38;2;189;139;128m[48;2;189;139;128m▀[0m[38;2;189;139;128m[48;2;189;139;128m▀[0m[38;2;189;139;128m[48;2;189;139;128m▀[0m[38;2;189;139;128m[48;2;189;139;128m▀[0m[38;2;189;139;128m[48;2;189;139;128m▀[0m[38;2;189;139;128m[48;2;189;139;128m▀[0m[38;2;189;139;128m[48;2;146;103;87m▀[0m[38;2;255;243;217m[48;2;189;139;128m▀[0m[38;2;255;243;217m[48;2;255;243;217m▀[0m[38;2;255;243;217m[48;2;255;243;217m▀[0m[38;2;111;64;61m[48;2;111;64;61m▀[0m                 [38;2;111;64;61m▀[38;2;189;139;128m[48;2;111;64;61m▀[0m[38;2;189;139;128m[48;2;189;139;128m▀[0m[38;2;111;64;61m[48;2;189;139;128m▀[0m[38;2;111;64;61m[48;2;189;139;128m▀[0m[38;2;255;254;251m[48;2;111;64;61m▀[0m[38;2;255;254;251m[48;2;224;200;175m▀[0m[38;2;255;254;251m[48;2;255;254;251m▀[0m[38;2;255;254;251m[48;2;255;254;251m▀[0m[38;2;255;254;251m[48;2;255;254;251m▀[0m[38;2;255;254;251m[48;2;255;254;251m▀[0m[38;2;255;254;251m[48;2;255;254;251m▀[0m[38;2;255;254;251m[48;2;255;254;251m▀[0m[38;2;255;254;251m[48;2;255;254;251m▀[0m[38;2;255;254;251m[48;2;255;254;251m▀[0m[38;2;255;254;251m[48;2;255;254;251m▀[0m[38;2;255;254;251m[48;2;189;139;128m▀[0m[38;2;255;254;251m[48;2;189;139;128m▀[0m[38;2;255;254;251m[48;2;255;254;251m▀[0m[38;2;255;254;251m[48;2;255;254;251m▀[0m[38;2;189;139;128m[48;2;255;254;251m▀[0m[38;2;189;139;128m[48;2;255;254;251m▀[0m[38;2;255;254;251m[48;2;146;103;87m▀[0m[38;2;255;254;251m[48;2;146;103;87m▀[0m[38;2;111;64;61m▀                     
          [38;2;146;103;87m▄[38;2;111;64;61m▄[38;2;255;243;217m[48;2;224;200;175m▀[0m[38;2;255;243;217m[48;2;224;200;175m▀[0m[38;2;224;200;175m[48;2;224;200;175m▀[0m[38;2;224;200;175m[48;2;189;139;128m▀[0m[38;2;189;139;128m[48;2;189;139;128m▀[0m[38;2;189;139;128m[48;2;189;139;128m▀[0m[38;2;189;139;128m[48;2;189;139;128m▀[0m[38;2;189;139;128m[48;2;189;139;128m▀[0m[38;2;189;139;128m[48;2;189;139;128m▀[0m[38;2;189;139;128m[48;2;189;139;128m▀[0m[38;2;189;139;128m[48;2;189;139;128m▀[0m[38;2;189;139;128m[48;2;189;139;128m▀[0m[38;2;189;139;128m[48;2;146;103;87m▀[0m[38;2;189;139;128m[48;2;189;139;128m▀[0m[38;2;189;139;128m[48;2;189;139;128m▀[0m[38;2;189;139;128m[48;2;189;139;128m▀[0m[38;2;146;103;87m[48;2;146;103;87m▀[0m[38;2;189;139;128m[48;2;146;103;87m▀[0m[38;2;255;243;217m[48;2;255;243;217m▀[0m[38;2;255;243;217m[48;2;255;243;217m▀[0m[38;2;111;64;61m[48;2;111;64;61m▀[0m                  [38;2;111;64;61m[48;2;111;64;61m▀[0m[38;2;189;139;128m[48;2;189;139;128m▀[0m[38;2;189;139;128m[48;2;189;139;128m▀[0m[38;2;189;139;128m[48;2;189;139;128m▀[0m[38;2;146;103;87m[48;2;146;103;87m▀[0m[38;2;146;103;87m[48;2;189;139;128m▀[0m[38;2;111;64;61m[48;2;189;139;128m▀[0m[38;2;255;254;251m[48;2;111;64;61m▀[0m[38;2;255;254;251m[48;2;255;254;251m▀[0m[38;2;255;254;251m[48;2;255;254;251m▀[0m[38;2;255;254;251m[48;2;255;254;251m▀[0m[38;2;255;254;251m[48;2;255;254;251m▀[0m[38;2;255;254;251m[48;2;189;139;128m▀[0m[38;2;255;254;251m[48;2;189;139;128m▀[0m[38;2;255;254;251m[48;2;255;254;251m▀[0m[38;2;255;254;251m[48;2;255;254;251m▀[0m[38;2;255;254;251m[48;2;255;254;251m▀[0m[38;2;146;103;87m[48;2;255;254;251m▀[0m[38;2;146;103;87m[48;2;146;103;87m▀[0m[38;2;146;103;87m[48;2;224;200;175m▀[0m[38;2;146;103;87m[48;2;224;200;175m▀[0m[38;2;146;103;87m[48;2;224;200;175m▀[0m[38;2;111;64;61m▄[38;2;111;64;61m▄                     
       [38;2;111;64;61m▄[38;2;255;243;217m▄[38;2;111;64;61m[48;2;255;243;217m▀[0m[38;2;189;139;128m[48;2;224;200;175m▀[0m[38;2;255;243;217m[48;2;224;200;175m▀[0m[38;2;224;200;175m[48;2;224;200;175m▀[0m[38;2;224;200;175m[48;2;189;139;128m▀[0m[38;2;189;139;128m[48;2;189;139;128m▀[0m[38;2;189;139;128m[48;2;189;139;128m▀[0m[38;2;189;139;128m[48;2;189;139;128m▀[0m[38;2;189;139;128m[48;2;189;139;128m▀[0m[38;2;189;139;128m[48;2;189;139;128m▀[0m[38;2;189;139;128m[48;2;146;103;87m▀[0m[38;2;189;139;128m[48;2;189;139;128m▀[0m[38;2;189;139;128m[48;2;189;139;128m▀[0m[38;2;189;139;128m[48;2;189;139;128m▀[0m[38;2;189;139;128m[48;2;146;103;87m▀[0m[38;2;146;103;87m[48;2;189;139;128m▀[0m[38;2;189;139;128m[48;2;146;103;87m▀[0m[38;2;189;139;128m[48;2;146;103;87m▀[0m[38;2;146;103;87m[48;2;189;139;128m▀[0m[38;2;189;139;128m[48;2;189;139;128m▀[0m[38;2;146;103;87m[48;2;146;103;87m▀[0m[38;2;255;243;217m[48;2;255;243;217m▀[0m[38;2;255;243;217m[48;2;255;243;217m▀[0m[38;2;111;64;61m[48;2;111;64;61m▀[0m                  [38;2;111;64;61m[48;2;111;64;61m▀[0m[38;2;189;139;128m[48;2;189;139;128m▀[0m[38;2;189;139;128m[48;2;189;139;128m▀[0m[38;2;189;139;128m[48;2;146;103;87m▀[0m[38;2;146;103;87m[48;2;189;139;128m▀[0m[38;2;189;139;128m[48;2;189;139;128m▀[0m[38;2;189;139;128m[48;2;189;139;128m▀[0m[38;2;189;139;128m[48;2;189;139;128m▀[0m[38;2;111;64;61m[48;2;189;139;128m▀[0m[38;2;255;254;251m[48;2;111;64;61m▀[0m[38;2;255;254;251m[48;2;111;64;61m▀[0m[38;2;255;254;251m[48;2;255;254;251m▀[0m[38;2;255;254;251m[48;2;255;254;251m▀[0m[38;2;255;254;251m[48;2;255;254;251m▀[0m[38;2;189;139;128m[48;2;255;254;251m▀[0m[38;2;189;139;128m[48;2;146;103;87m▀[0m[38;2;255;254;251m[48;2;255;243;217m▀[0m[38;2;255;254;251m[48;2;255;243;217m▀[0m[38;2;255;254;251m[48;2;255;243;217m▀[0m[38;2;146;103;87m[48;2;255;243;217m▀[0m[38;2;255;243;217m[48;2;255;243;217m▀[0m[38;2;255;243;217m[48;2;255;243;217m▀[0m[38;2;255;243;217m[48;2;255;243;217m▀[0m[38;2;255;243;217m[48;2;255;243;217m▀[0m[38;2;111;64;61m[48;2;255;243;217m▀[0m[38;2;146;103;87m[48;2;255;254;251m▀[0m[38;2;255;254;251m▄[38;2;146;103;87m▄                 
     [38;2;111;64;61m▄[38;2;111;64;61m[48;2;255;243;217m▀[0m[38;2;255;243;217m[48;2;255;243;217m▀[0m[38;2;255;243;217m[48;2;111;64;61m▀[0m[38;2;224;200;175m[48;2;111;64;61m▀[0m[38;2;146;103;87m[48;2;224;200;175m▀[0m[38;2;224;200;175m[48;2;224;200;175m▀[0m[38;2;189;139;128m[48;2;189;139;128m▀[0m[38;2;189;139;128m[48;2;189;139;128m▀[0m[38;2;189;139;128m[48;2;146;103;87m▀[0m[38;2;189;139;128m[48;2;224;200;175m▀[0m[38;2;189;139;128m[48;2;189;139;128m▀[0m[38;2;189;139;128m[48;2;189;139;128m▀[0m[38;2;146;103;87m[48;2;146;103;87m▀[0m[38;2;189;139;128m[48;2;189;139;128m▀[0m[38;2;189;139;128m[48;2;189;139;128m▀[0m[38;2;189;139;128m[48;2;146;103;87m▀[0m[38;2;146;103;87m[48;2;189;139;128m▀[0m[38;2;189;139;128m[48;2;189;139;128m▀[0m[38;2;189;139;128m[48;2;189;139;128m▀[0m[38;2;189;139;128m[48;2;189;139;128m▀[0m[38;2;189;139;128m[48;2;189;139;128m▀[0m[38;2;189;139;128m[48;2;189;139;128m▀[0m[38;2;189;139;128m[48;2;189;139;128m▀[0m[38;2;146;103;87m[48;2;255;243;217m▀[0m[38;2;255;243;217m[48;2;146;103;87m▀[0m[38;2;255;243;217m[48;2;255;243;217m▀[0m[38;2;111;64;61m[48;2;255;243;217m▀[0m[38;2;111;64;61m▄                [38;2;111;64;61m[48;2;111;64;61m▀[0m[38;2;224;200;175m[48;2;224;200;175m▀[0m[38;2;189;139;128m[48;2;224;200;175m▀[0m[38;2;189;139;128m[48;2;189;139;128m▀[0m[38;2;146;103;87m[48;2;189;139;128m▀[0m[38;2;189;139;128m[48;2;189;139;128m▀[0m[38;2;189;139;128m[48;2;189;139;128m▀[0m[38;2;189;139;128m[48;2;189;139;128m▀[0m[38;2;189;139;128m[48;2;189;139;128m▀[0m[38;2;189;139;128m[48;2;189;139;128m▀[0m[38;2;189;139;128m[48;2;189;139;128m▀[0m[38;2;189;139;128m[48;2;189;139;128m▀[0m[38;2;111;64;61m[48;2;189;139;128m▀[0m[38;2;255;254;251m[48;2;111;64;61m▀[0m[38;2;255;254;251m[48;2;224;200;175m▀[0m[38;2;255;254;251m[48;2;255;254;251m▀[0m[38;2;146;103;87m[48;2;255;254;251m▀[0m[38;2;255;243;217m[48;2;146;103;87m▀[0m[38;2;255;243;217m[48;2;255;243;217m▀[0m[38;2;255;243;217m[48;2;255;243;217m▀[0m[38;2;255;243;217m[48;2;255;243;217m▀[0m[38;2;255;243;217m[48;2;255;243;217m▀[0m[38;2;255;243;217m[48;2;255;243;217m▀[0m[38;2;255;243;217m[48;2;255;243;217m▀[0m[38;2;255;243;217m[48;2;255;243;217m▀[0m[38;2;255;243;217m[48;2;255;243;217m▀[0m[38;2;255;254;251m[48;2;255;243;217m▀[0m[38;2;255;254;251m[48;2;255;254;251m▀[0m[38;2;255;254;251m[48;2;255;254;251m▀[0m[38;2;146;103;87m[48;2;255;254;251m▀[0m[38;2;146;103;87m▄               
     [38;2;111;64;61m▀[38;2;111;64;61m▀[38;2;111;64;61m[48;2;111;64;61m▀[0m[38;2;189;139;128m[48;2;146;103;87m▀[0m[38;2;146;103;87m[48;2;224;200;175m▀[0m[38;2;224;200;175m[48;2;224;200;175m▀[0m[38;2;224;200;175m[48;2;224;200;175m▀[0m[38;2;189;139;128m[48;2;146;103;87m▀[0m[38;2;146;103;87m[48;2;224;200;175m▀[0m[38;2;224;200;175m[48;2;189;139;128m▀[0m[38;2;189;139;128m[48;2;189;139;128m▀[0m[38;2;189;139;128m[48;2;146;103;87m▀[0m[38;2;146;103;87m[48;2;189;139;128m▀[0m[38;2;189;139;128m[48;2;189;139;128m▀[0m[38;2;146;103;87m[48;2;189;139;128m▀[0m[38;2;146;103;87m[48;2;189;139;128m▀[0m[38;2;189;139;128m[48;2;189;139;128m▀[0m[38;2;189;139;128m[48;2;189;139;128m▀[0m[38;2;189;139;128m[48;2;189;139;128m▀[0m[38;2;146;103;87m[48;2;111;64;61m▀[0m[38;2;189;139;128m[48;2;189;139;128m▀[0m[38;2;189;139;128m[48;2;189;139;128m▀[0m[38;2;189;139;128m[48;2;189;139;128m▀[0m[38;2;189;139;128m[48;2;111;64;61m▀[0m[38;2;255;243;217m[48;2;255;243;217m▀[0m[38;2;146;103;87m[48;2;146;103;87m▀[0m[38;2;255;243;217m[48;2;255;243;217m▀[0m[38;2;255;243;217m[48;2;255;243;217m▀[0m[38;2;111;64;61m[48;2;111;64;61m▀[0m             [38;2;111;64;61m▄[38;2;111;64;61m▄[38;2;111;64;61m[48;2;255;243;217m▀[0m[38;2;255;243;217m[48;2;255;243;217m▀[0m[38;2;224;200;175m[48;2;224;200;175m▀[0m[38;2;224;200;175m[48;2;146;103;87m▀[0m[38;2;146;103;87m[48;2;189;139;128m▀[0m[38;2;189;139;128m[48;2;189;139;128m▀[0m[38;2;189;139;128m[48;2;189;139;128m▀[0m[38;2;189;139;128m[48;2;189;139;128m▀[0m[38;2;189;139;128m[48;2;189;139;128m▀[0m[38;2;189;139;128m[48;2;189;139;128m▀[0m[38;2;189;139;128m[48;2;189;139;128m▀[0m[38;2;189;139;128m[48;2;189;139;128m▀[0m[38;2;189;139;128m[48;2;189;139;128m▀[0m[38;2;189;139;128m[48;2;189;139;128m▀[0m[38;2;189;139;128m[48;2;189;139;128m▀[0m[38;2;111;64;61m[48;2;189;139;128m▀[0m[38;2;255;254;251m[48;2;111;64;61m▀[0m[38;2;255;254;251m[48;2;255;254;251m▀[0m[38;2;111;64;61m[48;2;111;64;61m▀[0m[38;2;111;64;61m▀[38;2;255;243;217m[48;2;111;64;61m▀[0m[38;2;255;243;217m[48;2;255;243;217m▀[0m[38;2;255;243;217m[48;2;255;243;217m▀[0m[38;2;255;243;217m[48;2;255;243;217m▀[0m[38;2;255;243;217m[48;2;255;243;217m▀[0m[38;2;255;243;217m[48;2;255;243;217m▀[0m[38;2;255;243;217m[48;2;255;243;217m▀[0m[38;2;255;243;217m[48;2;255;243;217m▀[0m[38;2;255;254;251m[48;2;255;254;251m▀[0m[38;2;255;254;251m[48;2;255;254;251m▀[0m[38;2;255;254;251m[48;2;189;139;128m▀[0m[38;2;255;254;251m[48;2;255;254;251m▀[0m[38;2;111;64;61m[48;2;255;254;251m▀[0m[38;2;111;64;61m▄             
     [38;2;111;64;61m▄[38;2;111;64;61m[48;2;224;200;175m▀[0m[38;2;189;139;128m[48;2;189;139;128m▀[0m[38;2;146;103;87m[48;2;146;103;87m▀[0m[38;2;224;200;175m[48;2;224;200;175m▀[0m[38;2;224;200;175m[48;2;224;200;175m▀[0m[38;2;224;200;175m[48;2;146;103;87m▀[0m[38;2;224;200;175m[48;2;224;200;175m▀[0m[38;2;224;200;175m[48;2;224;200;175m▀[0m[38;2;189;139;128m[48;2;146;103;87m▀[0m[38;2;146;103;87m[48;2;189;139;128m▀[0m[38;2;189;139;128m[48;2;189;139;128m▀[0m[38;2;189;139;128m[48;2;189;139;128m▀[0m[38;2;146;103;87m[48;2;111;64;61m▀[0m[38;2;189;139;128m[48;2;189;139;128m▀[0m[38;2;189;139;128m[48;2;189;139;128m▀[0m[38;2;189;139;128m[48;2;189;139;128m▀[0m[38;2;189;139;128m[48;2;189;139;128m▀[0m[38;2;189;139;128m[48;2;111;64;61m▀[0m[38;2;111;64;61m[48;2;111;64;61m▀[0m[38;2;189;139;128m[48;2;189;139;128m▀[0m[38;2;189;139;128m[48;2;189;139;128m▀[0m[38;2;189;139;128m[48;2;111;64;61m▀[0m[38;2;111;64;61m[48;2;146;103;87m▀[0m[38;2;255;243;217m[48;2;255;243;217m▀[0m[38;2;189;139;128m[48;2;255;243;217m▀[0m[38;2;255;243;217m[48;2;146;103;87m▀[0m[38;2;255;243;217m[48;2;255;243;217m▀[0m[38;2;255;243;217m[48;2;255;243;217m▀[0m[38;2;111;64;61m[48;2;255;243;217m▀[0m[38;2;111;64;61m▄    [38;2;111;64;61m▄[38;2;111;64;61m▄[38;2;189;139;128m▄[38;2;111;64;61m[48;2;255;243;217m▀[0m[38;2;111;64;61m[48;2;255;243;217m▀[0m[38;2;111;64;61m[48;2;255;243;217m▀[0m[38;2;111;64;61m[48;2;255;243;217m▀[0m[38;2;255;243;217m[48;2;255;243;217m▀[0m[38;2;255;243;217m[48;2;255;243;217m▀[0m[38;2;255;243;217m[48;2;146;103;87m▀[0m[38;2;224;200;175m[48;2;146;103;87m▀[0m[38;2;146;103;87m[48;2;189;139;128m▀[0m[38;2;189;139;128m[48;2;189;139;128m▀[0m[38;2;189;139;128m[48;2;189;139;128m▀[0m[38;2;189;139;128m[48;2;189;139;128m▀[0m[38;2;189;139;128m[48;2;189;139;128m▀[0m[38;2;189;139;128m[48;2;189;139;128m▀[0m[38;2;189;139;128m[48;2;189;139;128m▀[0m[38;2;189;139;128m[48;2;189;139;128m▀[0m[38;2;189;139;128m[48;2;189;139;128m▀[0m[38;2;189;139;128m[48;2;189;139;128m▀[0m[38;2;189;139;128m[48;2;189;139;128m▀[0m[38;2;189;139;128m[48;2;189;139;128m▀[0m[38;2;189;139;128m[48;2;189;139;128m▀[0m[38;2;189;139;128m[48;2;189;139;128m▀[0m[38;2;189;139;128m[48;2;189;139;128m▀[0m[38;2;111;64;61m[48;2;189;139;128m▀[0m[38;2;111;64;61m[48;2;111;64;61m▀[0m  [38;2;111;64;61m▀[38;2;255;243;217m[48;2;111;64;61m▀[0m[38;2;255;243;217m[48;2;255;243;217m▀[0m[38;2;255;243;217m[48;2;255;243;217m▀[0m[38;2;255;243;217m[48;2;255;243;217m▀[0m[38;2;255;243;217m[48;2;255;243;217m▀[0m[38;2;255;243;217m[48;2;255;243;217m▀[0m[38;2;255;254;251m[48;2;255;254;251m▀[0m[38;2;255;254;251m[48;2;255;254;251m▀[0m[38;2;255;254;251m[48;2;255;254;251m▀[0m[38;2;189;139;128m[48;2;255;254;251m▀[0m[38;2;255;254;251m[48;2;189;139;128m▀[0m[38;2;255;254;251m[48;2;255;254;251m▀[0m[38;2;111;64;61m[48;2;111;64;61m▀[0m            
    [38;2;111;64;61m▄[38;2;146;103;87m[48;2;255;243;217m▀[0m[38;2;224;200;175m[48;2;224;200;175m▀[0m[38;2;189;139;128m[48;2;189;139;128m▀[0m[38;2;189;139;128m[48;2;189;139;128m▀[0m[38;2;146;103;87m[48;2;189;139;128m▀[0m[38;2;146;103;87m[48;2;189;139;128m▀[0m[38;2;189;139;128m[48;2;189;139;128m▀[0m[38;2;146;103;87m[48;2;189;139;128m▀[0m[38;2;146;103;87m[48;2;189;139;128m▀[0m[38;2;189;139;128m[48;2;189;139;128m▀[0m[38;2;189;139;128m[48;2;189;139;128m▀[0m[38;2;189;139;128m[48;2;189;139;128m▀[0m[38;2;189;139;128m[48;2;111;64;61m▀[0m[38;2;111;64;61m▀[38;2;146;103;87m[48;2;146;103;87m▀[0m[38;2;189;139;128m[48;2;111;64;61m▀[0m[38;2;189;139;128m[48;2;111;64;61m▀[0m[38;2;111;64;61m▀  [38;2;111;64;61m▀[38;2;111;64;61m▀  [38;2;146;103;87m[48;2;111;64;61m▀[0m[38;2;255;243;217m[48;2;255;243;217m▀[0m[38;2;255;243;217m[48;2;255;243;217m▀[0m[38;2;146;103;87m[48;2;255;243;217m▀[0m[38;2;255;243;217m[48;2;189;139;128m▀[0m[38;2;255;243;217m[48;2;189;139;128m▀[0m[38;2;255;243;217m[48;2;146;103;87m▀[0m[38;2;111;64;61m[48;2;224;200;175m▀[0m[38;2;111;64;61m▄[38;2;111;64;61m[48;2;189;139;128m▀[0m[38;2;111;64;61m[48;2;255;243;217m▀[0m[38;2;255;243;217m[48;2;255;243;217m▀[0m[38;2;255;243;217m[48;2;255;243;217m▀[0m[38;2;255;243;217m[48;2;146;103;87m▀[0m[38;2;255;243;217m[48;2;146;103;87m▀[0m[38;2;255;243;217m[48;2;146;103;87m▀[0m[38;2;255;243;217m[48;2;146;103;87m▀[0m[38;2;146;103;87m[48;2;189;139;128m▀[0m[38;2;146;103;87m[48;2;189;139;128m▀[0m[38;2;146;103;87m[48;2;189;139;128m▀[0m[38;2;189;139;128m[48;2;189;139;128m▀[0m[38;2;189;139;128m[48;2;189;139;128m▀[0m[38;2;189;139;128m[48;2;189;139;128m▀[0m[38;2;189;139;128m[48;2;189;139;128m▀[0m[38;2;189;139;128m[48;2;189;139;128m▀[0m[38;2;189;139;128m[48;2;189;139;128m▀[0m[38;2;189;139;128m[48;2;189;139;128m▀[0m[38;2;189;139;128m[48;2;189;139;128m▀[0m[38;2;189;139;128m[48;2;189;139;128m▀[0m[38;2;111;64;61m[48;2;189;139;128m▀[0m[38;2;189;139;128m[48;2;111;64;61m▀[0m[38;2;189;139;128m[48;2;189;139;128m▀[0m[38;2;189;139;128m[48;2;189;139;128m▀[0m[38;2;189;139;128m[48;2;224;200;175m▀[0m[38;2;224;200;175m[48;2;189;139;128m▀[0m[38;2;189;139;128m[48;2;224;200;175m▀[0m[38;2;224;200;175m[48;2;111;64;61m▀[0m[38;2;111;64;61m▀     [38;2;111;64;61m▀[38;2;255;243;217m[48;2;111;64;61m▀[0m[38;2;255;243;217m[48;2;255;243;217m▀[0m[38;2;255;243;217m[48;2;255;243;217m▀[0m[38;2;255;254;251m[48;2;255;254;251m▀[0m[38;2;255;254;251m[48;2;255;254;251m▀[0m[38;2;255;254;251m[48;2;189;139;128m▀[0m[38;2;255;254;251m[48;2;255;254;251m▀[0m[38;2;255;254;251m[48;2;255;254;251m▀[0m[38;2;255;254;251m[48;2;255;254;251m▀[0m[38;2;189;139;128m[48;2;146;103;87m▀[0m[38;2;255;254;251m[48;2;255;254;251m▀[0m            
   [38;2;111;64;61m[48;2;111;64;61m▀[0m[38;2;255;243;217m[48;2;255;243;217m▀[0m[38;2;255;243;217m[48;2;255;243;217m▀[0m[38;2;224;200;175m[48;2;224;200;175m▀[0m[38;2;224;200;175m[48;2;224;200;175m▀[0m[38;2;146;103;87m[48;2;146;103;87m▀[0m[38;2;189;139;128m[48;2;189;139;128m▀[0m[38;2;189;139;128m[48;2;189;139;128m▀[0m[38;2;189;139;128m[48;2;189;139;128m▀[0m[38;2;146;103;87m[48;2;111;64;61m▀[0m[38;2;189;139;128m[48;2;189;139;128m▀[0m[38;2;189;139;128m[48;2;189;139;128m▀[0m[38;2;189;139;128m[48;2;189;139;128m▀[0m[38;2;189;139;128m[48;2;111;64;61m▀[0m[38;2;146;103;87m▀           [38;2;111;64;61m▀[38;2;255;243;217m[48;2;146;103;87m▀[0m[38;2;111;64;61m[48;2;111;64;61m▀[0m[38;2;255;243;217m[48;2;255;243;217m▀[0m[38;2;255;243;217m[48;2;255;243;217m▀[0m[38;2;189;139;128m[48;2;146;103;87m▀[0m[38;2;255;255;255m[48;2;255;255;255m▀[0m[38;2;224;200;175m[48;2;111;64;61m▀[0m[38;2;111;64;61m[48;2;189;139;128m▀[0m[38;2;255;243;217m[48;2;255;243;217m▀[0m[38;2;255;243;217m[48;2;255;243;217m▀[0m[38;2;255;243;217m[48;2;114;62;33m▀[0m[38;2;146;103;87m[48;2;189;139;128m▀[0m[38;2;189;139;128m[48;2;189;139;128m▀[0m[38;2;189;139;128m[48;2;189;139;128m▀[0m[38;2;189;139;128m[48;2;189;139;128m▀[0m[38;2;189;139;128m[48;2;189;139;128m▀[0m[38;2;189;139;128m[48;2;189;139;128m▀[0m[38;2;189;139;128m[48;2;189;139;128m▀[0m[38;2;189;139;128m[48;2;189;139;128m▀[0m[38;2;189;139;128m[48;2;189;139;128m▀[0m[38;2;189;139;128m[48;2;189;139;128m▀[0m[38;2;189;139;128m[48;2;189;139;128m▀[0m[38;2;189;139;128m[48;2;189;139;128m▀[0m[38;2;189;139;128m[48;2;189;139;128m▀[0m[38;2;189;139;128m[48;2;189;139;128m▀[0m[38;2;189;139;128m[48;2;189;139;128m▀[0m[38;2;189;139;128m[48;2;189;139;128m▀[0m[38;2;189;139;128m[48;2;189;139;128m▀[0m[38;2;189;139;128m[48;2;189;139;128m▀[0m[38;2;111;64;61m[48;2;189;139;128m▀[0m[38;2;111;64;61m▀[38;2;111;64;61m▀[38;2;111;64;61m▀[38;2;111;64;61m▀[38;2;111;64;61m▀         [38;2;111;64;61m[48;2;111;64;61m▀[0m[38;2;255;243;217m[48;2;255;254;251m▀[0m[38;2;255;254;251m[48;2;255;254;251m▀[0m[38;2;255;254;251m[48;2;255;254;251m▀[0m[38;2;255;254;251m[48;2;255;254;251m▀[0m[38;2;189;139;128m[48;2;146;103;87m▀[0m[38;2;255;254;251m[48;2;255;254;251m▀[0m[38;2;255;254;251m[48;2;255;254;251m▀[0m[38;2;255;254;251m[48;2;255;254;251m▀[0m[38;2;146;103;87m[48;2;111;64;61m▀[0m            
  [38;2;111;64;61m[48;2;111;64;61m▀[0m[38;2;255;243;217m[48;2;255;243;217m▀[0m[38;2;255;243;217m[48;2;255;243;217m▀[0m[38;2;255;243;217m[48;2;255;243;217m▀[0m[38;2;255;243;217m[48;2;255;243;217m▀[0m[38;2;146;103;87m[48;2;146;103;87m▀[0m[38;2;224;200;175m[48;2;224;200;175m▀[0m[38;2;189;139;128m[48;2;189;139;128m▀[0m[38;2;189;139;128m[48;2;189;139;128m▀[0m[38;2;189;139;128m[48;2;189;139;128m▀[0m[38;2;146;103;87m▀[38;2;189;139;128m[48;2;111;64;61m▀[0m[38;2;189;139;128m[48;2;111;64;61m▀[0m[38;2;111;64;61m▀               [38;2;111;64;61m▀[38;2;255;243;217m[48;2;164;93;64m▀[0m[38;2;164;93;64m[48;2;250;189;90m▀[0m[38;2;111;64;61m[48;2;114;62;33m▀[0m[38;2;255;255;255m[48;2;255;255;255m▀[0m[38;2;205;205;205m[48;2;205;205;205m▀[0m[38;2;0;0;0m[48;2;220;125;54m▀[0m[38;2;255;243;217m[48;2;220;125;54m▀[0m[38;2;255;243;217m[48;2;250;189;90m▀[0m[38;2;220;125;54m[48;2;250;189;90m▀[0m[38;2;114;62;33m[48;2;220;125;54m▀[0m[38;2;189;139;128m[48;2;114;62;33m▀[0m[38;2;189;139;128m[48;2;189;139;128m▀[0m[38;2;189;139;128m[48;2;189;139;128m▀[0m[38;2;189;139;128m[48;2;189;139;128m▀[0m[38;2;189;139;128m[48;2;189;139;128m▀[0m[38;2;189;139;128m[48;2;189;139;128m▀[0m[38;2;189;139;128m[48;2;189;139;128m▀[0m[38;2;189;139;128m[48;2;189;139;128m▀[0m[38;2;189;139;128m[48;2;111;64;61m▀[0m[38;2;189;139;128m[48;2;111;64;61m▀[0m[38;2;189;139;128m[48;2;189;139;128m▀[0m[38;2;189;139;128m[48;2;189;139;128m▀[0m[38;2;189;139;128m[48;2;189;139;128m▀[0m[38;2;189;139;128m[48;2;189;139;128m▀[0m[38;2;189;139;128m[48;2;189;139;128m▀[0m[38;2;189;139;128m[48;2;189;139;128m▀[0m[38;2;189;139;128m[48;2;189;139;128m▀[0m[38;2;189;139;128m[48;2;189;139;128m▀[0m               [38;2;111;64;61m▀[38;2;255;254;251m[48;2;146;103;87m▀[0m[38;2;255;254;251m[48;2;255;254;251m▀[0m[38;2;255;254;251m[48;2;255;254;251m▀[0m[38;2;255;254;251m[48;2;255;254;251m▀[0m[38;2;146;103;87m[48;2;146;103;87m▀[0m[38;2;255;254;251m[48;2;255;254;251m▀[0m[38;2;255;254;251m[48;2;255;254;251m▀[0m[38;2;111;64;61m[48;2;255;254;251m▀[0m            
 [38;2;111;64;61m[48;2;111;64;61m▀[0m[38;2;255;243;217m[48;2;255;243;217m▀[0m[38;2;255;243;217m[48;2;255;243;217m▀[0m[38;2;255;243;217m[48;2;255;243;217m▀[0m[38;2;255;243;217m[48;2;255;243;217m▀[0m[38;2;146;103;87m[48;2;146;103;87m▀[0m[38;2;255;243;217m[48;2;255;243;217m▀[0m[38;2;224;200;175m[48;2;255;243;217m▀[0m[38;2;224;200;175m[48;2;224;200;175m▀[0m[38;2;189;139;128m[48;2;189;139;128m▀[0m[38;2;111;64;61m[48;2;146;103;87m▀[0m                   [38;2;164;93;64m▄[38;2;0;0;0m[48;2;250;189;90m▀[0m[38;2;250;189;90m[48;2;254;216;119m▀[0m[38;2;254;216;119m[48;2;254;216;119m▀[0m[38;2;220;125;54m[48;2;254;216;119m▀[0m[38;2;250;189;90m[48;2;254;216;119m▀[0m[38;2;250;189;90m[48;2;250;189;90m▀[0m[38;2;250;189;90m[48;2;250;189;90m▀[0m[38;2;250;189;90m[48;2;250;189;90m▀[0m[38;2;250;189;90m[48;2;250;189;90m▀[0m[38;2;250;189;90m[48;2;250;189;90m▀[0m[38;2;250;189;90m[48;2;250;189;90m▀[0m[38;2;164;93;64m[48;2;250;189;90m▀[0m[38;2;189;139;128m[48;2;146;103;87m▀[0m[38;2;189;139;128m[48;2;111;64;61m▀[0m[38;2;189;139;128m[48;2;111;64;61m▀[0m[38;2;189;139;128m[48;2;189;139;128m▀[0m[38;2;189;139;128m[48;2;189;139;128m▀[0m[38;2;189;139;128m[48;2;189;139;128m▀[0m[38;2;146;103;87m[48;2;111;64;61m▀[0m [38;2;111;64;61m▀[38;2;111;64;61m▀[38;2;189;139;128m[48;2;111;64;61m▀[0m[38;2;189;139;128m[48;2;111;64;61m▀[0m[38;2;189;139;128m[48;2;111;64;61m▀[0m[38;2;189;139;128m[48;2;111;64;61m▀[0m[38;2;189;139;128m[48;2;111;64;61m▀[0m[38;2;111;64;61m▀                [38;2;111;64;61m▀[38;2;255;254;251m[48;2;111;64;61m▀[0m[38;2;255;254;251m[48;2;255;254;251m▀[0m[38;2;255;254;251m[48;2;255;254;251m▀[0m[38;2;255;254;251m[48;2;255;254;251m▀[0m[38;2;146;103;87m[48;2;146;103;87m▀[0m[38;2;255;254;251m[48;2;255;254;251m▀[0m[38;2;255;254;251m[48;2;255;254;251m▀[0m            
[38;2;146;103;87m▄[38;2;111;64;61m[48;2;255;243;217m▀[0m[38;2;255;243;217m[48;2;255;243;217m▀[0m[38;2;255;243;217m[48;2;255;243;217m▀[0m[38;2;255;243;217m[48;2;146;103;87m▀[0m[38;2;111;64;61m▀[38;2;146;103;87m[48;2;146;103;87m▀[0m[38;2;255;243;217m[48;2;255;243;217m▀[0m[38;2;255;243;217m[48;2;255;243;217m▀[0m[38;2;255;243;217m[48;2;111;64;61m▀[0m[38;2;111;64;61m▀                    [38;2;0;0;0m[48;2;0;0;0m▀[0m[38;2;250;189;90m[48;2;250;189;90m▀[0m[38;2;254;216;119m[48;2;254;216;119m▀[0m[38;2;254;216;119m[48;2;254;216;119m▀[0m[38;2;254;216;119m[48;2;254;216;119m▀[0m[38;2;254;216;119m[48;2;254;216;119m▀[0m[38;2;250;189;90m[48;2;250;189;90m▀[0m[38;2;250;189;90m[48;2;33;117;114m▀[0m[38;2;164;93;64m[48;2;40;169;136m▀[0m[38;2;220;125;54m[48;2;205;205;205m▀[0m[38;2;250;189;90m[48;2;164;93;64m▀[0m[38;2;250;189;90m[48;2;250;189;90m▀[0m[38;2;250;189;90m[48;2;250;189;90m▀[0m[38;2;114;62;33m[48;2;114;62;33m▀[0m  [38;2;111;64;61m▀[38;2;111;64;61m▀[38;2;111;64;61m▀                           [38;2;111;64;61m▀[38;2;255;254;251m[48;2;111;64;61m▀[0m[38;2;255;254;251m[48;2;255;254;251m▀[0m[38;2;255;254;251m[48;2;255;254;251m▀[0m[38;2;111;64;61m[48;2;111;64;61m▀[0m[38;2;189;139;128m[48;2;189;139;128m▀[0m[38;2;255;254;251m[48;2;255;254;251m▀[0m            
[38;2;146;103;87m[48;2;146;103;87m▀[0m[38;2;255;243;217m[48;2;255;243;217m▀[0m[38;2;255;243;217m[48;2;255;243;217m▀[0m[38;2;255;243;217m[48;2;111;64;61m▀[0m[38;2;111;64;61m▀  [38;2;111;64;61m▀[38;2;111;64;61m▀                     [38;2;114;62;33m▄[38;2;114;62;33m[48;2;220;125;54m▀[0m[38;2;220;125;54m[48;2;250;189;90m▀[0m[38;2;220;125;54m[48;2;250;189;90m▀[0m[38;2;220;125;54m[48;2;250;189;90m▀[0m[38;2;254;216;119m[48;2;250;189;90m▀[0m[38;2;250;189;90m[48;2;250;189;90m▀[0m[38;2;250;189;90m[48;2;250;189;90m▀[0m[38;2;40;169;136m[48;2;40;169;136m▀[0m[38;2;255;255;255m[48;2;33;117;114m▀[0m[38;2;205;205;205m[48;2;255;255;255m▀[0m[38;2;114;62;33m[48;2;114;62;33m▀[0m[38;2;250;189;90m[48;2;250;189;90m▀[0m[38;2;250;189;90m[48;2;250;189;90m▀[0m[38;2;220;125;54m[48;2;220;125;54m▀[0m[38;2;114;62;33m[48;2;0;0;0m▀[0m                                [38;2;111;64;61m[48;2;111;64;61m▀[0m[38;2;255;254;251m[48;2;255;254;251m▀[0m[38;2;111;64;61m[48;2;111;64;61m▀[0m  [38;2;146;103;87m▀            
[38;2;146;103;87m▀[38;2;255;243;217m[48;2;146;103;87m▀[0m[38;2;146;103;87m▀                          [38;2;114;62;33m[48;2;114;62;33m▀[0m[38;2;220;125;54m[48;2;250;189;90m▀[0m[38;2;250;189;90m[48;2;250;189;90m▀[0m[38;2;250;189;90m[48;2;250;189;90m▀[0m[38;2;250;189;90m[48;2;250;189;90m▀[0m[38;2;250;189;90m[48;2;250;189;90m▀[0m[38;2;250;189;90m[48;2;250;189;90m▀[0m[38;2;250;189;90m[48;2;250;189;90m▀[0m[38;2;250;189;90m[48;2;250;189;90m▀[0m[38;2;33;117;114m[48;2;250;189;90m▀[0m[38;2;40;169;136m[48;2;250;189;90m▀[0m[38;2;255;255;255m[48;2;250;189;90m▀[0m[38;2;220;125;54m[48;2;250;189;90m▀[0m[38;2;250;189;90m[48;2;250;189;90m▀[0m[38;2;250;189;90m[48;2;250;189;90m▀[0m[38;2;220;125;54m[48;2;220;125;54m▀[0m[38;2;0;0;0m[48;2;0;0;0m▀[0m                                 [38;2;111;64;61m▀                
                            [38;2;114;62;33m[48;2;0;0;0m▀[0m[38;2;250;189;90m[48;2;250;189;90m▀[0m[38;2;250;189;90m[48;2;220;125;54m▀[0m[38;2;250;189;90m[48;2;250;189;90m▀[0m[38;2;250;189;90m[48;2;250;189;90m▀[0m[38;2;250;189;90m[48;2;250;189;90m▀[0m[38;2;250;189;90m[48;2;250;189;90m▀[0m[38;2;250;189;90m[48;2;220;125;54m▀[0m[38;2;250;189;90m[48;2;250;189;90m▀[0m[38;2;250;189;90m[48;2;250;189;90m▀[0m[38;2;250;189;90m[48;2;250;189;90m▀[0m[38;2;250;189;90m[48;2;250;189;90m▀[0m[38;2;250;189;90m[48;2;250;189;90m▀[0m[38;2;250;189;90m[48;2;114;62;33m▀[0m[38;2;250;189;90m[48;2;220;125;54m▀[0m[38;2;220;125;54m[48;2;220;125;54m▀[0m[38;2;220;125;54m[48;2;220;125;54m▀[0m[38;2;0;0;0m[48;2;0;0;0m▀[0m                                                  
                             [38;2;114;62;33m[48;2;0;0;0m▀[0m[38;2;250;189;90m[48;2;220;125;54m▀[0m[38;2;164;93;64m[48;2;220;125;54m▀[0m[38;2;250;189;90m[48;2;220;125;54m▀[0m[38;2;250;189;90m[48;2;220;125;54m▀[0m[38;2;164;93;64m[48;2;250;189;90m▀[0m[38;2;250;189;90m[48;2;250;189;90m▀[0m[38;2;250;189;90m[48;2;250;189;90m▀[0m[38;2;250;189;90m[48;2;250;189;90m▀[0m[38;2;250;189;90m[48;2;220;125;54m▀[0m[38;2;250;189;90m[48;2;220;125;54m▀[0m[38;2;220;125;54m[48;2;114;62;33m▀[0m[38;2;114;62;33m[48;2;220;125;54m▀[0m[38;2;220;125;54m[48;2;220;125;54m▀[0m[38;2;220;125;54m[48;2;220;125;54m▀[0m[38;2;0;0;0m[48;2;0;0;0m▀[0m    [38;2;21;106;98m▄[38;2;21;106;98m▄[38;2;21;106;98m▄[38;2;21;106;98m▄                                           
                        [38;2;98;98;98m▄     [38;2;0;0;0m▀[38;2;220;125;54m[48;2;0;0;0m▀[0m[38;2;220;125;54m[48;2;0;0;0m▀[0m[38;2;220;125;54m[48;2;220;125;54m▀[0m[38;2;220;125;54m[48;2;220;125;54m▀[0m[38;2;220;125;54m[48;2;220;125;54m▀[0m[38;2;220;125;54m[48;2;220;125;54m▀[0m[38;2;220;125;54m[48;2;0;0;0m▀[0m[38;2;220;125;54m[48;2;0;0;0m▀[0m[38;2;114;62;33m[48;2;114;62;33m▀[0m[38;2;220;125;54m[48;2;114;62;33m▀[0m[38;2;114;62;33m[48;2;220;125;54m▀[0m[38;2;220;125;54m[48;2;220;125;54m▀[0m[38;2;220;125;54m[48;2;220;125;54m▀[0m[38;2;0;0;0m[48;2;0;0;0m▀[0m    [38;2;21;106;98m[48;2;21;106;98m▀[0m[38;2;32;164;123m[48;2;32;164;123m▀[0m[38;2;32;164;123m[48;2;32;164;123m▀[0m[38;2;32;164;123m[48;2;32;164;123m▀[0m[38;2;21;106;98m[48;2;32;164;123m▀[0m[38;2;21;106;98m▄                                         
                      [38;2;114;62;33m▄[38;2;98;98;98m[48;2;255;255;255m▀[0m[38;2;255;255;255m[48;2;255;255;255m▀[0m[38;2;0;0;0m[48;2;98;98;98m▀[0m[38;2;0;0;0m▄[38;2;0;0;0m▄[38;2;0;0;0m▄    [38;2;0;0;0m[48;2;0;0;0m▀[0m[38;2;0;0;0m[48;2;220;125;54m▀[0m[38;2;0;0;0m[48;2;220;125;54m▀[0m[38;2;114;62;33m[48;2;220;125;54m▀[0m[38;2;220;125;54m[48;2;220;125;54m▀[0m[38;2;220;125;54m[48;2;220;125;54m▀[0m[38;2;220;125;54m[48;2;220;125;54m▀[0m[38;2;220;125;54m[48;2;220;125;54m▀[0m[38;2;220;125;54m[48;2;220;125;54m▀[0m[38;2;220;125;54m[48;2;220;125;54m▀[0m[38;2;220;125;54m[48;2;220;125;54m▀[0m[38;2;220;125;54m[48;2;220;125;54m▀[0m[38;2;0;0;0m[48;2;0;0;0m▀[0m  [38;2;0;0;0m[48;2;0;0;0m▀[0m[38;2;21;106;98m[48;2;21;106;98m▀[0m[38;2;21;106;98m[48;2;21;106;98m▀[0m[38;2;32;164;123m[48;2;32;164;123m▀[0m[38;2;32;164;123m[48;2;0;0;0m▀[0m[38;2;32;164;123m[48;2;0;0;0m▀[0m[38;2;32;164;123m[48;2;0;0;0m▀[0m[38;2;21;106;98m[48;2;0;0;0m▀[0m                                        
                    [38;2;114;62;33m▄[38;2;114;62;33m[48;2;254;216;119m▀[0m[38;2;254;216;119m[48;2;254;216;119m▀[0m[38;2;250;189;90m[48;2;254;216;119m▀[0m[38;2;164;93;64m[48;2;250;189;90m▀[0m[38;2;114;62;33m[48;2;250;189;90m▀[0m[38;2;164;93;64m[48;2;250;189;90m▀[0m[38;2;205;205;205m[48;2;164;93;64m▀[0m[38;2;0;0;0m[48;2;0;0;0m▀[0m    [38;2;0;0;0m[48;2;0;0;0m▀[0m[38;2;220;125;54m[48;2;220;125;54m▀[0m[38;2;220;125;54m[48;2;164;93;64m▀[0m[38;2;164;93;64m[48;2;224;200;175m▀[0m[38;2;220;125;54m[48;2;164;93;64m▀[0m[38;2;220;125;54m[48;2;220;125;54m▀[0m[38;2;220;125;54m[48;2;220;125;54m▀[0m[38;2;220;125;54m[48;2;220;125;54m▀[0m[38;2;220;125;54m[48;2;220;125;54m▀[0m[38;2;220;125;54m[48;2;220;125;54m▀[0m[38;2;220;125;54m[48;2;220;125;54m▀[0m[38;2;220;125;54m[48;2;220;125;54m▀[0m[38;2;114;62;33m[48;2;250;189;90m▀[0m[38;2;0;0;0m[48;2;0;0;0m▀[0m[38;2;0;0;0m[48;2;21;106;98m▀[0m[38;2;21;106;98m[48;2;21;106;98m▀[0m[38;2;21;106;98m[48;2;0;0;0m▀[0m[38;2;0;0;0m▀[38;2;0;0;0m▀       [38;2;146;103;87m▄[38;2;146;103;87m▄[38;2;146;103;87m▄                                  
                   [38;2;114;62;33m▄[38;2;114;62;33m[48;2;250;189;90m▀[0m[38;2;254;216;119m[48;2;250;189;90m▀[0m[38;2;254;216;119m[48;2;254;216;119m▀[0m[38;2;254;216;119m[48;2;164;93;64m▀[0m[38;2;250;189;90m[48;2;98;98;98m▀[0m[38;2;250;189;90m[48;2;98;98;98m▀[0m[38;2;250;189;90m[48;2;250;189;90m▀[0m[38;2;250;189;90m[48;2;250;189;90m▀[0m[38;2;0;0;0m[48;2;250;189;90m▀[0m[38;2;0;0;0m▄  [38;2;0;0;0m▄[38;2;0;0;0m[48;2;0;0;0m▀[0m[38;2;164;93;64m[48;2;224;200;175m▀[0m[38;2;224;200;175m[48;2;224;200;175m▀[0m[38;2;224;200;175m[48;2;224;200;175m▀[0m[38;2;224;200;175m[48;2;224;200;175m▀[0m[38;2;164;93;64m[48;2;164;93;64m▀[0m[38;2;220;125;54m[48;2;220;125;54m▀[0m[38;2;220;125;54m[48;2;220;125;54m▀[0m[38;2;220;125;54m[48;2;220;125;54m▀[0m[38;2;220;125;54m[48;2;220;125;54m▀[0m[38;2;220;125;54m[48;2;250;189;90m▀[0m[38;2;250;189;90m[48;2;250;189;90m▀[0m[38;2;250;189;90m[48;2;250;189;90m▀[0m[38;2;164;93;64m[48;2;250;189;90m▀[0m[38;2;0;0;0m[48;2;250;189;90m▀[0m[38;2;0;0;0m[48;2;164;93;64m▀[0m[38;2;114;62;33m▄[38;2;114;62;33m▄[38;2;114;62;33m▄[38;2;114;62;33m▄[38;2;114;62;33m▄[38;2;114;62;33m▄[38;2;146;103;87m[48;2;224;200;175m▀[0m[38;2;146;103;87m[48;2;224;200;175m▀[0m[38;2;146;103;87m[48;2;255;243;217m▀[0m[38;2;146;103;87m[48;2;255;243;217m▀[0m[38;2;255;243;217m[48;2;255;243;217m▀[0m[38;2;255;243;217m[48;2;111;64;61m▀[0m[38;2;111;64;61m▀                                  
                   [38;2;114;62;33m[48;2;114;62;33m▀[0m[38;2;250;189;90m[48;2;250;189;90m▀[0m[38;2;250;189;90m[48;2;250;189;90m▀[0m[38;2;164;93;64m[48;2;250;189;90m▀[0m[38;2;255;255;255m[48;2;205;205;205m▀[0m[38;2;255;255;255m[48;2;98;98;98m▀[0m[38;2;0;0;0m[48;2;250;189;90m▀[0m[38;2;250;189;90m[48;2;250;189;90m▀[0m[38;2;250;189;90m[48;2;250;189;90m▀[0m[38;2;250;189;90m[48;2;250;189;90m▀[0m[38;2;0;0;0m[48;2;114;62;33m▀[0m[38;2;0;0;0m[48;2;220;125;54m▀[0m[38;2;0;0;0m[48;2;220;125;54m▀[0m[38;2;220;125;54m[48;2;114;62;33m▀[0m[38;2;0;0;0m[48;2;255;243;217m▀[0m[38;2;255;243;217m[48;2;255;243;217m▀[0m[38;2;224;200;175m[48;2;255;243;217m▀[0m[38;2;224;200;175m[48;2;224;200;175m▀[0m[38;2;224;200;175m[48;2;224;200;175m▀[0m[38;2;164;93;64m[48;2;255;243;217m▀[0m[38;2;220;125;54m[48;2;189;139;128m▀[0m[38;2;220;125;54m[48;2;250;189;90m▀[0m[38;2;250;189;90m[48;2;250;189;90m▀[0m[38;2;250;189;90m[48;2;250;189;90m▀[0m[38;2;250;189;90m[48;2;250;189;90m▀[0m[38;2;250;189;90m[48;2;250;189;90m▀[0m[38;2;250;189;90m[48;2;250;189;90m▀[0m[38;2;250;189;90m[48;2;250;189;90m▀[0m[38;2;250;189;90m[48;2;250;189;90m▀[0m[38;2;250;189;90m[48;2;250;189;90m▀[0m[38;2;250;189;90m[48;2;250;189;90m▀[0m[38;2;250;189;90m[48;2;250;189;90m▀[0m[38;2;250;189;90m[48;2;250;189;90m▀[0m[38;2;250;189;90m[48;2;250;189;90m▀[0m[38;2;255;243;217m[48;2;250;189;90m▀[0m[38;2;255;243;217m[48;2;250;189;90m▀[0m[38;2;255;243;217m[48;2;255;243;217m▀[0m[38;2;255;243;217m[48;2;255;243;217m▀[0m[38;2;255;243;217m[48;2;189;139;128m▀[0m[38;2;255;243;217m[48;2;111;64;61m▀[0m[38;2;111;64;61m▀                                    
                   [38;2;114;62;33m[48;2;114;62;33m▀[0m[38;2;250;189;90m[48;2;220;125;54m▀[0m[38;2;250;189;90m[48;2;250;189;90m▀[0m[38;2;250;189;90m[48;2;250;189;90m▀[0m[38;2;164;93;64m[48;2;250;189;90m▀[0m[38;2;0;0;0m[48;2;250;189;90m▀[0m[38;2;250;189;90m[48;2;250;189;90m▀[0m[38;2;250;189;90m[48;2;250;189;90m▀[0m[38;2;250;189;90m[48;2;220;125;54m▀[0m[38;2;220;125;54m[48;2;220;125;54m▀[0m[38;2;114;62;33m[48;2;114;62;33m▀[0m[38;2;220;125;54m[48;2;220;125;54m▀[0m[38;2;220;125;54m[48;2;220;125;54m▀[0m[38;2;0;0;0m[48;2;0;0;0m▀[0m[38;2;255;243;217m[48;2;255;243;217m▀[0m[38;2;255;243;217m[48;2;255;243;217m▀[0m[38;2;255;243;217m[48;2;255;243;217m▀[0m[38;2;255;243;217m[48;2;255;243;217m▀[0m[38;2;255;243;217m[48;2;255;243;217m▀[0m[38;2;255;243;217m[48;2;255;243;217m▀[0m[38;2;189;139;128m[48;2;189;139;128m▀[0m[38;2;250;189;90m[48;2;250;189;90m▀[0m[38;2;250;189;90m[48;2;250;189;90m▀[0m[38;2;250;189;90m[48;2;250;189;90m▀[0m[38;2;250;189;90m[48;2;250;189;90m▀[0m[38;2;250;189;90m[48;2;250;189;90m▀[0m[38;2;250;189;90m[48;2;250;189;90m▀[0m[38;2;220;125;54m[48;2;250;189;90m▀[0m[38;2;250;189;90m[48;2;114;62;33m▀[0m[38;2;250;189;90m[48;2;255;243;217m▀[0m[38;2;250;189;90m[48;2;255;243;217m▀[0m[38;2;250;189;90m[48;2;255;243;217m▀[0m[38;2;224;200;175m[48;2;255;243;217m▀[0m[38;2;224;200;175m[48;2;255;243;217m▀[0m[38;2;255;243;217m[48;2;111;64;61m▀[0m[38;2;255;243;217m[48;2;189;139;128m▀[0m[38;2;255;243;217m[48;2;189;139;128m▀[0m[38;2;255;243;217m[48;2;111;64;61m▀[0m[38;2;255;243;217m[48;2;111;64;61m▀[0m[38;2;255;243;217m[48;2;111;64;61m▀[0m[38;2;111;64;61m▀                                    
                   [38;2;114;62;33m▀[38;2;220;125;54m[48;2;114;62;33m▀[0m[38;2;220;125;54m[48;2;220;125;54m▀[0m[38;2;250;189;90m[48;2;220;125;54m▀[0m[38;2;250;189;90m[48;2;220;125;54m▀[0m[38;2;250;189;90m[48;2;220;125;54m▀[0m[38;2;250;189;90m[48;2;220;125;54m▀[0m[38;2;220;125;54m[48;2;220;125;54m▀[0m[38;2;220;125;54m[48;2;220;125;54m▀[0m[38;2;164;93;64m[48;2;164;93;64m▀[0m[38;2;220;125;54m[48;2;220;125;54m▀[0m[38;2;220;125;54m[48;2;220;125;54m▀[0m[38;2;220;125;54m[48;2;0;0;0m▀[0m[38;2;0;0;0m[48;2;255;243;217m▀[0m[38;2;255;243;217m[48;2;189;139;128m▀[0m[38;2;255;243;217m[48;2;255;243;217m▀[0m[38;2;255;243;217m[48;2;255;243;217m▀[0m[38;2;255;243;217m[48;2;255;243;217m▀[0m[38;2;255;243;217m[48;2;255;243;217m▀[0m[38;2;255;243;217m[48;2;189;139;128m▀[0m[38;2;189;139;128m[48;2;189;139;128m▀[0m[38;2;250;189;90m[48;2;250;189;90m▀[0m[38;2;250;189;90m[48;2;250;189;90m▀[0m[38;2;250;189;90m[48;2;250;189;90m▀[0m[38;2;250;189;90m[48;2;250;189;90m▀[0m[38;2;250;189;90m[48;2;250;189;90m▀[0m[38;2;250;189;90m[48;2;250;189;90m▀[0m[38;2;250;189;90m[48;2;250;189;90m▀[0m[38;2;250;189;90m[48;2;250;189;90m▀[0m[38;2;114;62;33m[48;2;250;189;90m▀[0m[38;2;114;62;33m[48;2;220;125;54m▀[0m[38;2;255;243;217m[48;2;111;64;61m▀[0m[38;2;255;243;217m[48;2;111;64;61m▀[0m[38;2;255;243;217m[48;2;111;64;61m▀[0m[38;2;255;243;217m[48;2;111;64;61m▀[0m[38;2;0;0;0m[48;2;250;189;90m▀[0m[38;2;0;0;0m[48;2;250;189;90m▀[0m[38;2;0;0;0m▄[38;2;0;0;0m▄          [38;2;114;62;33m▄[38;2;114;62;33m▄[38;2;114;62;33m▄[38;2;114;62;33m▄[38;2;114;62;33m▄[38;2;114;62;33m▄[38;2;114;62;33m▄[38;2;114;62;33m▄[38;2;114;62;33m▄[38;2;114;62;33m▄[38;2;114;62;33m▄                 
                    [38;2;0;0;0m▀[38;2;220;125;54m[48;2;0;0;0m▀[0m[38;2;220;125;54m[48;2;220;125;54m▀[0m[38;2;220;125;54m[48;2;220;125;54m▀[0m[38;2;220;125;54m[48;2;220;125;54m▀[0m[38;2;220;125;54m[48;2;220;125;54m▀[0m[38;2;220;125;54m[48;2;220;125;54m▀[0m[38;2;220;125;54m[48;2;220;125;54m▀[0m[38;2;220;125;54m[48;2;220;125;54m▀[0m[38;2;220;125;54m[48;2;220;125;54m▀[0m[38;2;220;125;54m[48;2;0;0;0m▀[0m[38;2;0;0;0m[48;2;0;0;0m▀[0m[38;2;255;243;217m[48;2;255;243;217m▀[0m[38;2;255;243;217m[48;2;255;243;217m▀[0m[38;2;189;139;128m[48;2;255;243;217m▀[0m[38;2;255;243;217m[48;2;189;139;128m▀[0m[38;2;189;139;128m[48;2;255;243;217m▀[0m[38;2;189;139;128m[48;2;255;243;217m▀[0m[38;2;255;243;217m[48;2;255;243;217m▀[0m[38;2;189;139;128m[48;2;255;243;217m▀[0m[38;2;250;189;90m[48;2;189;139;128m▀[0m[38;2;250;189;90m[48;2;250;189;90m▀[0m[38;2;250;189;90m[48;2;250;189;90m▀[0m[38;2;250;189;90m[48;2;250;189;90m▀[0m[38;2;250;189;90m[48;2;250;189;90m▀[0m[38;2;250;189;90m[48;2;250;189;90m▀[0m[38;2;164;93;64m[48;2;250;189;90m▀[0m[38;2;164;93;64m[48;2;250;189;90m▀[0m[38;2;250;189;90m[48;2;114;62;33m▀[0m[38;2;250;189;90m[48;2;114;62;33m▀[0m[38;2;250;189;90m[48;2;250;189;90m▀[0m[38;2;250;189;90m[48;2;250;189;90m▀[0m[38;2;250;189;90m[48;2;250;189;90m▀[0m[38;2;250;189;90m[48;2;250;189;90m▀[0m[38;2;250;189;90m[48;2;250;189;90m▀[0m[38;2;250;189;90m[48;2;250;189;90m▀[0m[38;2;250;189;90m[48;2;250;189;90m▀[0m[38;2;250;189;90m[48;2;250;189;90m▀[0m[38;2;114;62;33m[48;2;250;189;90m▀[0m[38;2;114;62;33m[48;2;220;125;54m▀[0m[38;2;114;62;33m▄ [38;2;114;62;33m▄[38;2;114;62;33m▄[38;2;114;62;33m▄[38;2;114;62;33m[48;2;250;189;90m▀[0m[38;2;114;62;33m[48;2;250;189;90m▀[0m[38;2;114;62;33m[48;2;250;189;90m▀[0m[38;2;250;189;90m[48;2;250;189;90m▀[0m[38;2;250;189;90m[48;2;250;189;90m▀[0m[38;2;250;189;90m[48;2;250;189;90m▀[0m[38;2;250;189;90m[48;2;250;189;90m▀[0m[38;2;250;189;90m[48;2;250;189;90m▀[0m[38;2;250;189;90m[48;2;250;189;90m▀[0m[38;2;250;189;90m[48;2;250;189;90m▀[0m[38;2;250;189;90m[48;2;250;189;90m▀[0m[38;2;250;189;90m[48;2;250;189;90m▀[0m[38;2;250;189;90m[48;2;250;189;90m▀[0m[38;2;250;189;90m[48;2;250;189;90m▀[0m[38;2;114;62;33m[48;2;250;189;90m▀[0m[38;2;114;62;33m[48;2;250;189;90m▀[0m[38;2;114;62;33m[48;2;250;189;90m▀[0m[38;2;114;62;33m[48;2;250;189;90m▀[0m[38;2;114;62;33m▄            
                      [38;2;0;0;0m▀[38;2;220;125;54m[48;2;0;0;0m▀[0m[38;2;220;125;54m[48;2;0;0;0m▀[0m[38;2;220;125;54m[48;2;0;0;0m▀[0m[38;2;220;125;54m[48;2;0;0;0m▀[0m[38;2;220;125;54m[48;2;0;0;0m▀[0m[38;2;0;0;0m▀[38;2;0;0;0m▀[38;2;0;0;0m▄[38;2;0;0;0m[48;2;255;243;217m▀[0m[38;2;255;243;217m[48;2;255;243;217m▀[0m[38;2;255;243;217m[48;2;255;243;217m▀[0m[38;2;255;243;217m[48;2;255;243;217m▀[0m[38;2;255;243;217m[48;2;255;243;217m▀[0m[38;2;255;243;217m[48;2;255;243;217m▀[0m[38;2;255;243;217m[48;2;255;243;217m▀[0m[38;2;255;243;217m[48;2;255;243;217m▀[0m[38;2;255;243;217m[48;2;255;243;217m▀[0m[38;2;189;139;128m[48;2;189;139;128m▀[0m[38;2;250;189;90m[48;2;250;189;90m▀[0m[38;2;250;189;90m[48;2;250;189;90m▀[0m[38;2;250;189;90m[48;2;250;189;90m▀[0m[38;2;250;189;90m[48;2;250;189;90m▀[0m[38;2;250;189;90m[48;2;250;189;90m▀[0m[38;2;250;189;90m[48;2;250;189;90m▀[0m[38;2;250;189;90m[48;2;250;189;90m▀[0m[38;2;250;189;90m[48;2;250;189;90m▀[0m[38;2;220;125;54m[48;2;250;189;90m▀[0m[38;2;114;62;33m[48;2;250;189;90m▀[0m[38;2;250;189;90m[48;2;114;62;33m▀[0m[38;2;250;189;90m[48;2;250;189;90m▀[0m[38;2;250;189;90m[48;2;250;189;90m▀[0m[38;2;250;189;90m[48;2;250;189;90m▀[0m[38;2;250;189;90m[48;2;250;189;90m▀[0m[38;2;250;189;90m[48;2;250;189;90m▀[0m[38;2;250;189;90m[48;2;250;189;90m▀[0m[38;2;250;189;90m[48;2;250;189;90m▀[0m[38;2;250;189;90m[48;2;250;189;90m▀[0m[38;2;220;125;54m[48;2;220;125;54m▀[0m[38;2;114;62;33m[48;2;220;125;54m▀[0m[38;2;250;189;90m[48;2;114;62;33m▀[0m[38;2;250;189;90m[48;2;250;189;90m▀[0m[38;2;250;189;90m[48;2;250;189;90m▀[0m[38;2;250;189;90m[48;2;250;189;90m▀[0m[38;2;250;189;90m[48;2;250;189;90m▀[0m[38;2;250;189;90m[48;2;250;189;90m▀[0m[38;2;250;189;90m[48;2;250;189;90m▀[0m[38;2;250;189;90m[48;2;250;189;90m▀[0m[38;2;250;189;90m[48;2;250;189;90m▀[0m[38;2;250;189;90m[48;2;250;189;90m▀[0m[38;2;250;189;90m[48;2;250;189;90m▀[0m[38;2;250;189;90m[48;2;250;189;90m▀[0m[38;2;250;189;90m[48;2;250;189;90m▀[0m[38;2;250;189;90m[48;2;250;189;90m▀[0m[38;2;250;189;90m[48;2;250;189;90m▀[0m[38;2;250;189;90m[48;2;250;189;90m▀[0m[38;2;250;189;90m[48;2;250;189;90m▀[0m[38;2;250;189;90m[48;2;250;189;90m▀[0m[38;2;250;189;90m[48;2;250;189;90m▀[0m[38;2;250;189;90m[48;2;250;189;90m▀[0m[38;2;250;189;90m[48;2;250;189;90m▀[0m[38;2;250;189;90m[48;2;250;189;90m▀[0m[38;2;114;62;33m[48;2;250;189;90m▀[0m[38;2;114;62;33m[48;2;220;125;54m▀[0m[38;2;114;62;33m▄[38;2;0;0;0m▄        
                              [38;2;0;0;0m[48;2;0;0;0m▀[0m[38;2;255;243;217m[48;2;255;243;217m▀[0m[38;2;255;243;217m[48;2;255;243;217m▀[0m[38;2;255;243;217m[48;2;255;243;217m▀[0m[38;2;255;243;217m[48;2;255;243;217m▀[0m[38;2;255;243;217m[48;2;255;243;217m▀[0m[38;2;255;243;217m[48;2;255;243;217m▀[0m[38;2;255;243;217m[48;2;255;243;217m▀[0m[38;2;255;243;217m[48;2;255;243;217m▀[0m[38;2;255;243;217m[48;2;255;243;217m▀[0m[38;2;189;139;128m[48;2;189;139;128m▀[0m[38;2;250;189;90m[48;2;250;189;90m▀[0m[38;2;250;189;90m[48;2;250;189;90m▀[0m[38;2;250;189;90m[48;2;250;189;90m▀[0m[38;2;250;189;90m[48;2;250;189;90m▀[0m[38;2;250;189;90m[48;2;250;189;90m▀[0m[38;2;250;189;90m[48;2;250;189;90m▀[0m[38;2;250;189;90m[48;2;250;189;90m▀[0m[38;2;250;189;90m[48;2;250;189;90m▀[0m[38;2;250;189;90m[48;2;250;189;90m▀[0m[38;2;250;189;90m[48;2;250;189;90m▀[0m[38;2;250;189;90m[48;2;250;189;90m▀[0m[38;2;0;0;0m[48;2;250;189;90m▀[0m[38;2;250;189;90m[48;2;250;189;90m▀[0m[38;2;250;189;90m[48;2;0;0;0m▀[0m[38;2;250;189;90m[48;2;220;125;54m▀[0m[38;2;250;189;90m[48;2;220;125;54m▀[0m[38;2;250;189;90m[48;2;220;125;54m▀[0m[38;2;250;189;90m[48;2;220;125;54m▀[0m[38;2;220;125;54m[48;2;220;125;54m▀[0m[38;2;220;125;54m[48;2;220;125;54m▀[0m[38;2;220;125;54m[48;2;220;125;54m▀[0m[38;2;220;125;54m[48;2;0;0;0m▀[0m[38;2;114;62;33m[48;2;255;255;255m▀[0m[38;2;250;189;90m[48;2;255;255;255m▀[0m[38;2;250;189;90m[48;2;0;0;0m▀[0m[38;2;250;189;90m[48;2;250;189;90m▀[0m[38;2;250;189;90m[48;2;250;189;90m▀[0m[38;2;250;189;90m[48;2;250;189;90m▀[0m[38;2;250;189;90m[48;2;250;189;90m▀[0m[38;2;250;189;90m[48;2;250;189;90m▀[0m[38;2;250;189;90m[48;2;250;189;90m▀[0m[38;2;250;189;90m[48;2;250;189;90m▀[0m[38;2;250;189;90m[48;2;250;189;90m▀[0m[38;2;250;189;90m[48;2;250;189;90m▀[0m[38;2;250;189;90m[48;2;250;189;90m▀[0m[38;2;250;189;90m[48;2;250;189;90m▀[0m[38;2;250;189;90m[48;2;250;189;90m▀[0m[38;2;250;189;90m[48;2;250;189;90m▀[0m[38;2;250;189;90m[48;2;250;189;90m▀[0m[38;2;250;189;90m[48;2;250;189;90m▀[0m[38;2;250;189;90m[48;2;250;189;90m▀[0m[38;2;250;189;90m[48;2;250;189;90m▀[0m[38;2;250;189;90m[48;2;250;189;90m▀[0m[38;2;250;189;90m[48;2;250;189;90m▀[0m[38;2;250;189;90m[48;2;250;189;90m▀[0m[38;2;220;125;54m[48;2;250;189;90m▀[0m[38;2;220;125;54m[48;2;220;125;54m▀[0m[38;2;0;0;0m[48;2;220;125;54m▀[0m[38;2;220;125;54m▄[38;2;0;0;0m▄     
                              [38;2;0;0;0m[48;2;0;0;0m▀[0m[38;2;255;243;217m[48;2;255;243;217m▀[0m[38;2;255;243;217m[48;2;255;243;217m▀[0m[38;2;255;243;217m[48;2;255;243;217m▀[0m[38;2;255;243;217m[48;2;255;243;217m▀[0m[38;2;255;243;217m[48;2;255;243;217m▀[0m[38;2;255;243;217m[48;2;255;243;217m▀[0m[38;2;255;243;217m[48;2;255;243;217m▀[0m[38;2;255;243;217m[48;2;255;243;217m▀[0m[38;2;255;243;217m[48;2;255;243;217m▀[0m[38;2;255;243;217m[48;2;189;139;128m▀[0m[38;2;189;139;128m[48;2;189;139;128m▀[0m[38;2;250;189;90m[48;2;250;189;90m▀[0m[38;2;250;189;90m[48;2;250;189;90m▀[0m[38;2;250;189;90m[48;2;250;189;90m▀[0m[38;2;250;189;90m[48;2;250;189;90m▀[0m[38;2;250;189;90m[48;2;250;189;90m▀[0m[38;2;250;189;90m[48;2;250;189;90m▀[0m[38;2;250;189;90m[48;2;250;189;90m▀[0m[38;2;250;189;90m[48;2;250;189;90m▀[0m[38;2;250;189;90m[48;2;250;189;90m▀[0m[38;2;250;189;90m[48;2;250;189;90m▀[0m[38;2;250;189;90m[48;2;250;189;90m▀[0m[38;2;250;189;90m[48;2;250;189;90m▀[0m[38;2;250;189;90m[48;2;250;189;90m▀[0m[38;2;0;0;0m[48;2;250;189;90m▀[0m[38;2;220;125;54m[48;2;0;0;0m▀[0m[38;2;220;125;54m[48;2;0;0;0m▀[0m[38;2;220;125;54m[48;2;220;125;54m▀[0m[38;2;98;98;98m[48;2;164;93;64m▀[0m[38;2;98;98;98m[48;2;255;255;255m▀[0m[38;2;220;125;54m[48;2;98;98;98m▀[0m[38;2;220;125;54m[48;2;0;0;0m▀[0m[38;2;0;0;0m[48;2;250;189;90m▀[0m[38;2;0;0;0m[48;2;250;189;90m▀[0m[38;2;250;189;90m[48;2;250;189;90m▀[0m[38;2;250;189;90m[48;2;250;189;90m▀[0m[38;2;250;189;90m[48;2;250;189;90m▀[0m[38;2;250;189;90m[48;2;250;189;90m▀[0m[38;2;250;189;90m[48;2;250;189;90m▀[0m[38;2;250;189;90m[48;2;146;103;87m▀[0m[38;2;250;189;90m[48;2;250;189;90m▀[0m[38;2;250;189;90m[48;2;250;189;90m▀[0m[38;2;250;189;90m[48;2;250;189;90m▀[0m[38;2;250;189;90m[48;2;250;189;90m▀[0m[38;2;250;189;90m[48;2;250;189;90m▀[0m[38;2;250;189;90m[48;2;250;189;90m▀[0m[38;2;250;189;90m[48;2;250;189;90m▀[0m[38;2;250;189;90m[48;2;250;189;90m▀[0m[38;2;250;189;90m[48;2;250;189;90m▀[0m[38;2;250;189;90m[48;2;250;189;90m▀[0m[38;2;250;189;90m[48;2;250;189;90m▀[0m[38;2;250;189;90m[48;2;250;189;90m▀[0m[38;2;250;189;90m[48;2;250;189;90m▀[0m[38;2;250;189;90m[48;2;250;189;90m▀[0m[38;2;250;189;90m[48;2;250;189;90m▀[0m[38;2;250;189;90m[48;2;220;125;54m▀[0m[38;2;220;125;54m[48;2;220;125;54m▀[0m[38;2;220;125;54m[48;2;220;125;54m▀[0m[38;2;220;125;54m[48;2;220;125;54m▀[0m[38;2;220;125;54m[48;2;220;125;54m▀[0m[38;2;0;0;0m[48;2;220;125;54m▀[0m[38;2;0;0;0m▄   
                              [38;2;0;0;0m[48;2;0;0;0m▀[0m[38;2;189;139;128m[48;2;255;243;217m▀[0m[38;2;255;243;217m[48;2;189;139;128m▀[0m[38;2;255;243;217m[48;2;255;243;217m▀[0m[38;2;255;243;217m[48;2;255;243;217m▀[0m[38;2;255;243;217m[48;2;255;243;217m▀[0m[38;2;255;243;217m[48;2;255;243;217m▀[0m[38;2;255;243;217m[48;2;189;139;128m▀[0m[38;2;255;243;217m[48;2;189;139;128m▀[0m[38;2;189;139;128m[48;2;255;243;217m▀[0m[38;2;255;243;217m[48;2;255;243;217m▀[0m[38;2;189;139;128m[48;2;189;139;128m▀[0m[38;2;250;189;90m[48;2;250;189;90m▀[0m[38;2;250;189;90m[48;2;250;189;90m▀[0m[38;2;250;189;90m[48;2;250;189;90m▀[0m[38;2;250;189;90m[48;2;250;189;90m▀[0m[38;2;250;189;90m[48;2;250;189;90m▀[0m[38;2;250;189;90m[48;2;250;189;90m▀[0m[38;2;250;189;90m[48;2;250;189;90m▀[0m[38;2;250;189;90m[48;2;250;189;90m▀[0m[38;2;250;189;90m[48;2;250;189;90m▀[0m[38;2;250;189;90m[48;2;250;189;90m▀[0m[38;2;250;189;90m[48;2;250;189;90m▀[0m[38;2;250;189;90m[48;2;250;189;90m▀[0m[38;2;250;189;90m[48;2;250;189;90m▀[0m[38;2;250;189;90m[48;2;250;189;90m▀[0m[38;2;220;125;54m[48;2;220;125;54m▀[0m[38;2;220;125;54m[48;2;220;125;54m▀[0m[38;2;0;0;0m[48;2;220;125;54m▀[0m[38;2;0;0;0m[48;2;220;125;54m▀[0m[38;2;0;0;0m[48;2;220;125;54m▀[0m[38;2;0;0;0m[48;2;220;125;54m▀[0m[38;2;220;125;54m[48;2;220;125;54m▀[0m[38;2;250;189;90m[48;2;114;62;33m▀[0m[38;2;250;189;90m[48;2;250;189;90m▀[0m[38;2;250;189;90m[48;2;250;189;90m▀[0m[38;2;250;189;90m[48;2;250;189;90m▀[0m[38;2;250;189;90m[48;2;111;64;61m▀[0m[38;2;250;189;90m[48;2;250;189;90m▀[0m[38;2;146;103;87m[48;2;146;103;87m▀[0m[38;2;255;243;217m[48;2;255;243;217m▀[0m[38;2;111;64;61m[48;2;111;64;61m▀[0m[38;2;250;189;90m[48;2;250;189;90m▀[0m[38;2;250;189;90m[48;2;250;189;90m▀[0m[38;2;250;189;90m[48;2;250;189;90m▀[0m[38;2;250;189;90m[48;2;250;189;90m▀[0m[38;2;250;189;90m[48;2;250;189;90m▀[0m[38;2;250;189;90m[48;2;250;189;90m▀[0m[38;2;250;189;90m[48;2;250;189;90m▀[0m[38;2;250;189;90m[48;2;250;189;90m▀[0m[38;2;250;189;90m[48;2;250;189;90m▀[0m[38;2;250;189;90m[48;2;220;125;54m▀[0m[38;2;250;189;90m[48;2;220;125;54m▀[0m[38;2;250;189;90m[48;2;220;125;54m▀[0m[38;2;220;125;54m[48;2;220;125;54m▀[0m[38;2;220;125;54m[48;2;220;125;54m▀[0m[38;2;220;125;54m[48;2;220;125;54m▀[0m[38;2;220;125;54m[48;2;220;125;54m▀[0m[38;2;220;125;54m[48;2;220;125;54m▀[0m[38;2;220;125;54m[48;2;220;125;54m▀[0m[38;2;220;125;54m[48;2;220;125;54m▀[0m[38;2;220;125;54m[48;2;220;125;54m▀[0m[38;2;0;0;0m[48;2;220;125;54m▀[0m[38;2;0;0;0m▄  
                               [38;2;0;0;0m[48;2;0;0;0m▀[0m[38;2;255;243;217m[48;2;255;243;217m▀[0m[38;2;189;139;128m[48;2;255;243;217m▀[0m[38;2;255;243;217m[48;2;189;139;128m▀[0m[38;2;255;243;217m[48;2;189;139;128m▀[0m[38;2;189;139;128m[48;2;255;243;217m▀[0m[38;2;255;243;217m[48;2;255;243;217m▀[0m[38;2;255;243;217m[48;2;255;243;217m▀[0m[38;2;255;243;217m[48;2;255;243;217m▀[0m[38;2;255;243;217m[48;2;255;243;217m▀[0m[38;2;255;243;217m[48;2;255;243;217m▀[0m[38;2;189;139;128m[48;2;189;139;128m▀[0m[38;2;250;189;90m[48;2;250;189;90m▀[0m[38;2;250;189;90m[48;2;250;189;90m▀[0m[38;2;250;189;90m[48;2;250;189;90m▀[0m[38;2;250;189;90m[48;2;250;189;90m▀[0m[38;2;250;189;90m[48;2;250;189;90m▀[0m[38;2;250;189;90m[48;2;250;189;90m▀[0m[38;2;250;189;90m[48;2;250;189;90m▀[0m[38;2;250;189;90m[48;2;250;189;90m▀[0m[38;2;250;189;90m[48;2;250;189;90m▀[0m[38;2;250;189;90m[48;2;250;189;90m▀[0m[38;2;250;189;90m[48;2;250;189;90m▀[0m[38;2;250;189;90m[48;2;250;189;90m▀[0m[38;2;250;189;90m[48;2;250;189;90m▀[0m[38;2;164;93;64m[48;2;164;93;64m▀[0m[38;2;220;125;54m[48;2;250;189;90m▀[0m[38;2;250;189;90m[48;2;250;189;90m▀[0m[38;2;250;189;90m[48;2;250;189;90m▀[0m[38;2;250;189;90m[48;2;250;189;90m▀[0m[38;2;220;125;54m[48;2;250;189;90m▀[0m[38;2;220;125;54m[48;2;220;125;54m▀[0m[38;2;220;125;54m[48;2;220;125;54m▀[0m[38;2;114;62;33m[48;2;114;62;33m▀[0m[38;2;250;189;90m[48;2;250;189;90m▀[0m[38;2;111;64;61m[48;2;111;64;61m▀[0m[38;2;255;243;217m[48;2;255;243;217m▀[0m[38;2;146;103;87m[48;2;146;103;87m▀[0m[38;2;255;243;217m[48;2;255;243;217m▀[0m[38;2;255;243;217m[48;2;255;243;217m▀[0m[38;2;111;64;61m[48;2;114;62;33m▀[0m[38;2;250;189;90m[48;2;250;189;90m▀[0m[38;2;250;189;90m[48;2;250;189;90m▀[0m[38;2;250;189;90m[48;2;0;0;0m▀[0m[38;2;250;189;90m[48;2;0;0;0m▀[0m[38;2;250;189;90m[48;2;0;0;0m▀[0m[38;2;250;189;90m[48;2;0;0;0m▀[0m[38;2;250;189;90m[48;2;0;0;0m▀[0m[38;2;250;189;90m[48;2;0;0;0m▀[0m[38;2;220;125;54m[48;2;0;0;0m▀[0m[38;2;220;125;54m[48;2;0;0;0m▀[0m[38;2;220;125;54m[48;2;220;125;54m▀[0m[38;2;220;125;54m[48;2;220;125;54m▀[0m[38;2;220;125;54m[48;2;220;125;54m▀[0m[38;2;220;125;54m[48;2;220;125;54m▀[0m[38;2;220;125;54m[48;2;220;125;54m▀[0m[38;2;220;125;54m[48;2;220;125;54m▀[0m[38;2;220;125;54m[48;2;220;125;54m▀[0m[38;2;220;125;54m[48;2;220;125;54m▀[0m[38;2;220;125;54m[48;2;220;125;54m▀[0m[38;2;220;125;54m[48;2;220;125;54m▀[0m[38;2;220;125;54m[48;2;220;125;54m▀[0m[38;2;0;0;0m[48;2;220;125;54m▀[0m[38;2;0;0;0m▄ 
                               [38;2;0;0;0m[48;2;0;0;0m▀[0m[38;2;224;200;175m[48;2;224;200;175m▀[0m[38;2;255;243;217m[48;2;224;200;175m▀[0m[38;2;255;243;217m[48;2;255;243;217m▀[0m[38;2;255;243;217m[48;2;255;243;217m▀[0m[38;2;255;243;217m[48;2;255;243;217m▀[0m[38;2;255;243;217m[48;2;255;243;217m▀[0m[38;2;255;243;217m[48;2;255;243;217m▀[0m[38;2;255;243;217m[48;2;255;243;217m▀[0m[38;2;255;243;217m[48;2;255;243;217m▀[0m[38;2;255;243;217m[48;2;255;243;217m▀[0m[38;2;255;243;217m[48;2;255;243;217m▀[0m[38;2;189;139;128m[48;2;189;139;128m▀[0m[38;2;250;189;90m[48;2;250;189;90m▀[0m[38;2;250;189;90m[48;2;250;189;90m▀[0m[38;2;250;189;90m[48;2;250;189;90m▀[0m[38;2;250;189;90m[48;2;250;189;90m▀[0m[38;2;250;189;90m[48;2;250;189;90m▀[0m[38;2;250;189;90m[48;2;250;189;90m▀[0m[38;2;250;189;90m[48;2;250;189;90m▀[0m[38;2;250;189;90m[48;2;250;189;90m▀[0m[38;2;250;189;90m[48;2;250;189;90m▀[0m[38;2;250;189;90m[48;2;250;189;90m▀[0m[38;2;250;189;90m[48;2;250;189;90m▀[0m[38;2;164;93;64m[48;2;164;93;64m▀[0m[38;2;250;189;90m[48;2;250;189;90m▀[0m[38;2;250;189;90m[48;2;254;216;119m▀[0m[38;2;254;216;119m[48;2;254;216;119m▀[0m[38;2;254;216;119m[48;2;254;216;119m▀[0m[38;2;250;189;90m[48;2;250;189;90m▀[0m[38;2;250;189;90m[48;2;250;189;90m▀[0m[38;2;250;189;90m[48;2;250;189;90m▀[0m[38;2;220;125;54m[48;2;220;125;54m▀[0m[38;2;220;125;54m[48;2;220;125;54m▀[0m[38;2;114;62;33m[48;2;111;64;61m▀[0m[38;2;224;200;175m[48;2;224;200;175m▀[0m[38;2;255;243;217m[48;2;255;243;217m▀[0m[38;2;224;200;175m[48;2;255;243;217m▀[0m[38;2;255;243;217m[48;2;255;243;217m▀[0m[38;2;111;64;61m[48;2;111;64;61m▀[0m[38;2;220;125;54m[48;2;0;0;0m▀[0m[38;2;0;0;0m▀[38;2;0;0;0m▀        [38;2;0;0;0m▀[38;2;0;0;0m▀[38;2;220;125;54m[48;2;0;0;0m▀[0m[38;2;220;125;54m[48;2;220;125;54m▀[0m[38;2;220;125;54m[48;2;220;125;54m▀[0m[38;2;220;125;54m[48;2;220;125;54m▀[0m[38;2;220;125;54m[48;2;220;125;54m▀[0m[38;2;220;125;54m[48;2;220;125;54m▀[0m[38;2;220;125;54m[48;2;220;125;54m▀[0m[38;2;220;125;54m[48;2;220;125;54m▀[0m[38;2;220;125;54m[48;2;220;125;54m▀[0m[38;2;220;125;54m[48;2;220;125;54m▀[0m[38;2;0;0;0m[48;2;0;0;0m▀[0m 
                                [38;2;0;0;0m[48;2;0;0;0m▀[0m[38;2;224;200;175m[48;2;224;200;175m▀[0m[38;2;224;200;175m[48;2;224;200;175m▀[0m[38;2;255;243;217m[48;2;224;200;175m▀[0m[38;2;255;243;217m[48;2;255;243;217m▀[0m[38;2;255;243;217m[48;2;255;243;217m▀[0m[38;2;255;243;217m[48;2;255;243;217m▀[0m[38;2;255;243;217m[48;2;255;243;217m▀[0m[38;2;255;243;217m[48;2;255;243;217m▀[0m[38;2;255;243;217m[48;2;255;243;217m▀[0m[38;2;255;243;217m[48;2;255;243;217m▀[0m[38;2;255;243;217m[48;2;255;243;217m▀[0m[38;2;189;139;128m[48;2;189;139;128m▀[0m[38;2;250;189;90m[48;2;250;189;90m▀[0m[38;2;250;189;90m[48;2;250;189;90m▀[0m[38;2;250;189;90m[48;2;250;189;90m▀[0m[38;2;250;189;90m[48;2;250;189;90m▀[0m[38;2;250;189;90m[48;2;250;189;90m▀[0m[38;2;250;189;90m[48;2;250;189;90m▀[0m[38;2;250;189;90m[48;2;250;189;90m▀[0m[38;2;250;189;90m[48;2;220;125;54m▀[0m[38;2;250;189;90m[48;2;220;125;54m▀[0m[38;2;220;125;54m[48;2;220;125;54m▀[0m[38;2;250;189;90m[48;2;250;189;90m▀[0m[38;2;250;189;90m[48;2;250;189;90m▀[0m[38;2;254;216;119m[48;2;254;216;119m▀[0m[38;2;254;216;119m[48;2;254;216;119m▀[0m[38;2;254;216;119m[48;2;254;216;119m▀[0m[38;2;250;189;90m[48;2;250;189;90m▀[0m[38;2;250;189;90m[48;2;250;189;90m▀[0m[38;2;250;189;90m[48;2;250;189;90m▀[0m[38;2;220;125;54m[48;2;220;125;54m▀[0m[38;2;220;125;54m[48;2;220;125;54m▀[0m[38;2;111;64;61m[48;2;111;64;61m▀[0m[38;2;224;200;175m[48;2;224;200;175m▀[0m[38;2;255;243;217m[48;2;255;243;217m▀[0m[38;2;255;243;217m[48;2;255;243;217m▀[0m[38;2;255;243;217m[48;2;0;0;0m▀[0m[38;2;0;0;0m▀              [38;2;0;0;0m▀[38;2;220;125;54m[48;2;0;0;0m▀[0m[38;2;220;125;54m[48;2;220;125;54m▀[0m[38;2;220;125;54m[48;2;220;125;54m▀[0m[38;2;220;125;54m[48;2;220;125;54m▀[0m[38;2;220;125;54m[48;2;220;125;54m▀[0m[38;2;220;125;54m[48;2;220;125;54m▀[0m[38;2;220;125;54m[48;2;220;125;54m▀[0m[38;2;220;125;54m[48;2;220;125;54m▀[0m[38;2;220;125;54m[48;2;220;125;54m▀[0m[38;2;0;0;0m[48;2;0;0;0m▀[0m
                               [38;2;114;62;33m[48;2;114;62;33m▀[0m[38;2;220;125;54m[48;2;220;125;54m▀[0m[38;2;0;0;0m[48;2;0;0;0m▀[0m[38;2;224;200;175m[48;2;189;139;128m▀[0m[38;2;224;200;175m[48;2;224;200;175m▀[0m[38;2;224;200;175m[48;2;224;200;175m▀[0m[38;2;224;200;175m[48;2;224;200;175m▀[0m[38;2;224;200;175m[48;2;224;200;175m▀[0m[38;2;255;243;217m[48;2;224;200;175m▀[0m[38;2;255;243;217m[48;2;224;200;175m▀[0m[38;2;255;243;217m[48;2;224;200;175m▀[0m[38;2;255;243;217m[48;2;224;200;175m▀[0m[38;2;255;243;217m[48;2;189;139;128m▀[0m[38;2;189;139;128m[48;2;224;200;175m▀[0m[38;2;164;93;64m[48;2;224;200;175m▀[0m[38;2;250;189;90m[48;2;164;93;64m▀[0m[38;2;250;189;90m[48;2;220;125;54m▀[0m[38;2;250;189;90m[48;2;220;125;54m▀[0m[38;2;250;189;90m[48;2;220;125;54m▀[0m[38;2;220;125;54m[48;2;220;125;54m▀[0m[38;2;220;125;54m[48;2;220;125;54m▀[0m[38;2;220;125;54m[48;2;220;125;54m▀[0m[38;2;220;125;54m[48;2;220;125;54m▀[0m[38;2;220;125;54m[48;2;114;62;33m▀[0m[38;2;250;189;90m[48;2;250;189;90m▀[0m[38;2;250;189;90m[48;2;250;189;90m▀[0m[38;2;250;189;90m[48;2;250;189;90m▀[0m[38;2;254;216;119m[48;2;250;189;90m▀[0m[38;2;250;189;90m[48;2;250;189;90m▀[0m[38;2;250;189;90m[48;2;250;189;90m▀[0m[38;2;250;189;90m[48;2;250;189;90m▀[0m[38;2;250;189;90m[48;2;220;125;54m▀[0m[38;2;220;125;54m[48;2;220;125;54m▀[0m[38;2;114;62;33m[48;2;114;62;33m▀[0m[38;2;224;200;175m[48;2;224;200;175m▀[0m[38;2;250;189;90m[48;2;250;189;90m▀[0m[38;2;255;243;217m[48;2;250;189;90m▀[0m[38;2;250;189;90m[48;2;0;0;0m▀[0m[38;2;0;0;0m▀                 [38;2;114;62;33m[48;2;0;0;0m▀[0m[38;2;220;125;54m[48;2;220;125;54m▀[0m[38;2;220;125;54m[48;2;220;125;54m▀[0m[38;2;220;125;54m[48;2;220;125;54m▀[0m[38;2;220;125;54m[48;2;220;125;54m▀[0m[38;2;220;125;54m[48;2;220;125;54m▀[0m[38;2;220;125;54m[48;2;220;125;54m▀[0m[38;2;220;125;54m[48;2;220;125;54m▀[0m[38;2;0;0;0m[48;2;0;0;0m▀[0m
                               [38;2;114;62;33m▀[38;2;220;125;54m[48;2;114;62;33m▀[0m[38;2;220;125;54m[48;2;220;125;54m▀[0m[38;2;0;0;0m[48;2;220;125;54m▀[0m[38;2;189;139;128m[48;2;0;0;0m▀[0m[38;2;224;200;175m[48;2;189;139;128m▀[0m[38;2;224;200;175m[48;2;189;139;128m▀[0m[38;2;224;200;175m[48;2;224;200;175m▀[0m[38;2;224;200;175m[48;2;224;200;175m▀[0m[38;2;224;200;175m[48;2;224;200;175m▀[0m[38;2;224;200;175m[48;2;189;139;128m▀[0m[38;2;189;139;128m[48;2;224;200;175m▀[0m[38;2;224;200;175m[48;2;224;200;175m▀[0m[38;2;224;200;175m[48;2;224;200;175m▀[0m[38;2;224;200;175m[48;2;224;200;175m▀[0m[38;2;224;200;175m[48;2;224;200;175m▀[0m[38;2;164;93;64m[48;2;224;200;175m▀[0m[38;2;220;125;54m[48;2;164;93;64m▀[0m[38;2;220;125;54m[48;2;220;125;54m▀[0m[38;2;220;125;54m[48;2;220;125;54m▀[0m[38;2;220;125;54m[48;2;220;125;54m▀[0m[38;2;220;125;54m[48;2;220;125;54m▀[0m[38;2;220;125;54m[48;2;220;125;54m▀[0m[38;2;114;62;33m[48;2;114;62;33m▀[0m[38;2;220;125;54m[48;2;220;125;54m▀[0m[38;2;250;189;90m[48;2;220;125;54m▀[0m[38;2;250;189;90m[48;2;250;189;90m▀[0m[38;2;250;189;90m[48;2;250;189;90m▀[0m[38;2;250;189;90m[48;2;250;189;90m▀[0m[38;2;250;189;90m[48;2;220;125;54m▀[0m[38;2;250;189;90m[48;2;220;125;54m▀[0m[38;2;220;125;54m[48;2;220;125;54m▀[0m[38;2;220;125;54m[48;2;220;125;54m▀[0m[38;2;114;62;33m[48;2;114;62;33m▀[0m[38;2;220;125;54m[48;2;220;125;54m▀[0m[38;2;250;189;90m[48;2;220;125;54m▀[0m[38;2;0;0;0m[48;2;0;0;0m▀[0m                    [38;2;114;62;33m[48;2;114;62;33m▀[0m[38;2;220;125;54m[48;2;220;125;54m▀[0m[38;2;220;125;54m[48;2;220;125;54m▀[0m[38;2;220;125;54m[48;2;220;125;54m▀[0m[38;2;220;125;54m[48;2;220;125;54m▀[0m[38;2;220;125;54m[48;2;220;125;54m▀[0m[38;2;114;62;33m[48;2;0;0;0m▀[0m 
                                [38;2;114;62;33m▀[38;2;220;125;54m[48;2;114;62;33m▀[0m[38;2;220;125;54m[48;2;220;125;54m▀[0m[38;2;220;125;54m[48;2;220;125;54m▀[0m[38;2;224;200;175m[48;2;0;0;0m▀[0m[38;2;224;200;175m[48;2;224;200;175m▀[0m[38;2;189;139;128m[48;2;224;200;175m▀[0m[38;2;189;139;128m[48;2;224;200;175m▀[0m[38;2;189;139;128m[48;2;224;200;175m▀[0m[38;2;224;200;175m[48;2;224;200;175m▀[0m[38;2;224;200;175m[48;2;224;200;175m▀[0m[38;2;224;200;175m[48;2;224;200;175m▀[0m[38;2;224;200;175m[48;2;224;200;175m▀[0m[38;2;224;200;175m[48;2;224;200;175m▀[0m[38;2;224;200;175m[48;2;224;200;175m▀[0m[38;2;224;200;175m[48;2;224;200;175m▀[0m[38;2;224;200;175m[48;2;224;200;175m▀[0m[38;2;164;93;64m[48;2;224;200;175m▀[0m[38;2;220;125;54m[48;2;189;139;128m▀[0m[38;2;220;125;54m[48;2;164;93;64m▀[0m[38;2;220;125;54m[48;2;220;125;54m▀[0m[38;2;220;125;54m[48;2;220;125;54m▀[0m[38;2;0;0;0m[48;2;0;0;0m▀[0m[38;2;220;125;54m[48;2;220;125;54m▀[0m[38;2;220;125;54m[48;2;220;125;54m▀[0m[38;2;220;125;54m[48;2;220;125;54m▀[0m[38;2;220;125;54m[48;2;220;125;54m▀[0m[38;2;220;125;54m[48;2;220;125;54m▀[0m[38;2;220;125;54m[48;2;220;125;54m▀[0m[38;2;220;125;54m[48;2;220;125;54m▀[0m[38;2;220;125;54m[48;2;220;125;54m▀[0m[38;2;220;125;54m[48;2;220;125;54m▀[0m[38;2;114;62;33m[48;2;220;125;54m▀[0m[38;2;220;125;54m[48;2;220;125;54m▀[0m[38;2;220;125;54m[48;2;0;0;0m▀[0m[38;2;0;0;0m▀                    [38;2;114;62;33m[48;2;114;62;33m▀[0m[38;2;220;125;54m[48;2;220;125;54m▀[0m[38;2;220;125;54m[48;2;220;125;54m▀[0m[38;2;220;125;54m[48;2;220;125;54m▀[0m[38;2;220;125;54m[48;2;220;125;54m▀[0m[38;2;220;125;54m[48;2;220;125;54m▀[0m[38;2;0;0;0m[48;2;0;0;0m▀[0m 
                                  [38;2;114;62;33m▀[38;2;220;125;54m[48;2;0;0;0m▀[0m[38;2;220;125;54m[48;2;220;125;54m▀[0m[38;2;0;0;0m[48;2;220;125;54m▀[0m[38;2;0;0;0m[48;2;220;125;54m▀[0m[38;2;224;200;175m[48;2;0;0;0m▀[0m[38;2;224;200;175m[48;2;0;0;0m▀[0m[38;2;224;200;175m[48;2;224;200;175m▀[0m[38;2;224;200;175m[48;2;224;200;175m▀[0m[38;2;224;200;175m[48;2;224;200;175m▀[0m[38;2;224;200;175m[48;2;224;200;175m▀[0m[38;2;224;200;175m[48;2;224;200;175m▀[0m[38;2;224;200;175m[48;2;224;200;175m▀[0m[38;2;224;200;175m[48;2;224;200;175m▀[0m[38;2;224;200;175m[48;2;224;200;175m▀[0m[38;2;224;200;175m[48;2;224;200;175m▀[0m[38;2;224;200;175m[48;2;189;139;128m▀[0m[38;2;224;200;175m[48;2;189;139;128m▀[0m[38;2;164;93;64m[48;2;189;139;128m▀[0m[38;2;164;93;64m[48;2;189;139;128m▀[0m[38;2;164;93;64m[48;2;189;139;128m▀[0m[38;2;0;0;0m[48;2;0;0;0m▀[0m[38;2;220;125;54m[48;2;220;125;54m▀[0m[38;2;220;125;54m[48;2;220;125;54m▀[0m[38;2;220;125;54m[48;2;220;125;54m▀[0m[38;2;220;125;54m[48;2;220;125;54m▀[0m[38;2;220;125;54m[48;2;220;125;54m▀[0m[38;2;220;125;54m[48;2;220;125;54m▀[0m[38;2;220;125;54m[48;2;220;125;54m▀[0m[38;2;220;125;54m[48;2;220;125;54m▀[0m[38;2;220;125;54m[48;2;220;125;54m▀[0m[38;2;220;125;54m[48;2;0;0;0m▀[0m[38;2;0;0;0m[48;2;220;125;54m▀[0m[38;2;0;0;0m▄                [38;2;24;106;98m[48;2;0;168;135m▀[0m[38;2;24;106;98m[48;2;0;168;135m▀[0m[38;2;24;106;98m[48;2;0;168;135m▀[0m[38;2;114;62;33m[48;2;114;62;33m▀[0m[38;2;220;125;54m[48;2;220;125;54m▀[0m[38;2;220;125;54m[48;2;220;125;54m▀[0m[38;2;220;125;54m[48;2;220;125;54m▀[0m[38;2;220;125;54m[48;2;220;125;54m▀[0m[38;2;220;125;54m[48;2;220;125;54m▀[0m[38;2;114;62;33m[48;2;0;0;0m▀[0m  
                                    [38;2;0;0;0m▀[38;2;114;62;33m[48;2;114;62;33m▀[0m[38;2;114;62;33m[48;2;220;125;54m▀[0m[38;2;220;125;54m[48;2;220;125;54m▀[0m[38;2;220;125;54m[48;2;220;125;54m▀[0m[38;2;0;0;0m[48;2;220;125;54m▀[0m[38;2;0;0;0m[48;2;220;125;54m▀[0m[38;2;224;200;175m[48;2;0;0;0m▀[0m[38;2;224;200;175m[48;2;0;0;0m▀[0m[38;2;224;200;175m[48;2;0;0;0m▀[0m[38;2;224;200;175m[48;2;0;0;0m▀[0m[38;2;189;139;128m[48;2;0;0;0m▀[0m[38;2;189;139;128m[48;2;189;139;128m▀[0m[38;2;189;139;128m[48;2;189;139;128m▀[0m[38;2;189;139;128m[48;2;189;139;128m▀[0m[38;2;189;139;128m[48;2;189;139;128m▀[0m[38;2;189;139;128m[48;2;189;139;128m▀[0m[38;2;189;139;128m[48;2;189;139;128m▀[0m[38;2;189;139;128m[48;2;0;0;0m▀[0m[38;2;189;139;128m[48;2;0;0;0m▀[0m[38;2;0;0;0m▀[38;2;220;125;54m[48;2;0;0;0m▀[0m[38;2;220;125;54m[48;2;0;0;0m▀[0m[38;2;220;125;54m[48;2;220;125;54m▀[0m[38;2;220;125;54m[48;2;220;125;54m▀[0m[38;2;220;125;54m[48;2;220;125;54m▀[0m[38;2;220;125;54m[48;2;220;125;54m▀[0m[38;2;220;125;54m[48;2;220;125;54m▀[0m[38;2;164;93;64m[48;2;220;125;54m▀[0m[38;2;220;125;54m[48;2;220;125;54m▀[0m[38;2;220;125;54m[48;2;220;125;54m▀[0m[38;2;220;125;54m[48;2;220;125;54m▀[0m[38;2;0;0;0m[48;2;0;0;0m▀[0m             [38;2;24;106;98m▄[38;2;24;106;98m[48;2;0;255;198m▀[0m[38;2;0;255;198m[48;2;255;255;255m▀[0m[38;2;0;168;135m[48;2;0;255;198m▀[0m[38;2;114;62;33m[48;2;24;106;98m▀[0m[38;2;220;125;54m[48;2;220;125;54m▀[0m[38;2;220;125;54m[48;2;220;125;54m▀[0m[38;2;220;125;54m[48;2;220;125;54m▀[0m[38;2;220;125;54m[48;2;220;125;54m▀[0m[38;2;220;125;54m[48;2;0;0;0m▀[0m[38;2;0;0;0m▀   
                                    [38;2;114;62;33m▄[38;2;114;62;33m[48;2;98;98;98m▀[0m[38;2;220;125;54m[48;2;220;125;54m▀[0m[38;2;220;125;54m[48;2;220;125;54m▀[0m[38;2;220;125;54m[48;2;220;125;54m▀[0m[38;2;220;125;54m[48;2;220;125;54m▀[0m[38;2;220;125;54m[48;2;220;125;54m▀[0m[38;2;220;125;54m[48;2;220;125;54m▀[0m[38;2;220;125;54m[48;2;220;125;54m▀[0m[38;2;220;125;54m[48;2;0;0;0m▀[0m[38;2;0;0;0m▀ [38;2;0;0;0m▀[38;2;0;0;0m▀[38;2;0;0;0m▀[38;2;0;0;0m▀[38;2;0;0;0m▀[38;2;0;0;0m▀     [38;2;0;0;0m[48;2;0;0;0m▀[0m[38;2;114;62;33m[48;2;220;125;54m▀[0m[38;2;220;125;54m[48;2;220;125;54m▀[0m[38;2;220;125;54m[48;2;220;125;54m▀[0m[38;2;220;125;54m[48;2;220;125;54m▀[0m[38;2;220;125;54m[48;2;220;125;54m▀[0m[38;2;220;125;54m[48;2;220;125;54m▀[0m[38;2;220;125;54m[48;2;220;125;54m▀[0m[38;2;220;125;54m[48;2;0;0;0m▀[0m[38;2;0;0;0m▀             [38;2;24;106;98m[48;2;24;106;98m▀[0m[38;2;0;255;198m[48;2;0;168;135m▀[0m[38;2;255;255;255m[48;2;0;168;135m▀[0m[38;2;0;255;198m[48;2;0;168;135m▀[0m[38;2;0;168;135m[48;2;0;168;135m▀[0m[38;2;0;168;135m[48;2;0;168;135m▀[0m[38;2;24;106;98m[48;2;114;214;255m▀[0m[38;2;24;106;98m[48;2;114;214;255m▀[0m[38;2;24;106;98m[48;2;114;214;255m▀[0m[38;2;253;193;255m[48;2;253;193;255m▀[0m[38;2;0;0;0m[48;2;0;0;0m▀[0m   
                                    [38;2;0;0;0m[48;2;0;0;0m▀[0m[38;2;205;205;205m[48;2;205;205;205m▀[0m[38;2;164;93;64m[48;2;0;0;0m▀[0m[38;2;98;98;98m[48;2;205;205;205m▀[0m[38;2;220;125;54m[48;2;98;98;98m▀[0m[38;2;220;125;54m[48;2;220;125;54m▀[0m[38;2;220;125;54m[48;2;220;125;54m▀[0m[38;2;220;125;54m[48;2;220;125;54m▀[0m[38;2;220;125;54m[48;2;220;125;54m▀[0m[38;2;0;0;0m[48;2;0;0;0m▀[0m             [38;2;0;0;0m[48;2;0;0;0m▀[0m[38;2;220;125;54m[48;2;220;125;54m▀[0m[38;2;220;125;54m[48;2;220;125;54m▀[0m[38;2;220;125;54m[48;2;220;125;54m▀[0m[38;2;220;125;54m[48;2;220;125;54m▀[0m[38;2;220;125;54m[48;2;220;125;54m▀[0m[38;2;220;125;54m[48;2;220;125;54m▀[0m[38;2;220;125;54m[48;2;220;125;54m▀[0m[38;2;0;0;0m[48;2;0;0;0m▀[0m             [38;2;114;62;33m▄[38;2;24;106;98m[48;2;220;125;54m▀[0m[38;2;0;168;135m[48;2;24;106;98m▀[0m[38;2;0;168;135m[48;2;0;168;135m▀[0m[38;2;0;168;135m[48;2;0;168;135m▀[0m[38;2;0;168;135m[48;2;114;214;255m▀[0m[38;2;114;214;255m[48;2;163;160;233m▀[0m[38;2;163;160;233m[48;2;163;160;233m▀[0m[38;2;163;160;233m[48;2;163;160;233m▀[0m[38;2;114;214;255m[48;2;253;193;255m▀[0m[38;2;253;193;255m[48;2;24;106;98m▀[0m[38;2;0;0;0m▀   
                                     [38;2;0;0;0m▀[38;2;0;0;0m[48;2;0;0;0m▀[0m[38;2;205;205;205m[48;2;205;205;205m▀[0m[38;2;205;205;205m[48;2;0;0;0m▀[0m[38;2;98;98;98m[48;2;205;205;205m▀[0m[38;2;98;98;98m[48;2;205;205;205m▀[0m[38;2;220;125;54m[48;2;0;0;0m▀[0m[38;2;0;0;0m▀             [38;2;0;0;0m[48;2;0;0;0m▀[0m[38;2;220;125;54m[48;2;220;125;54m▀[0m[38;2;220;125;54m[48;2;220;125;54m▀[0m[38;2;220;125;54m[48;2;220;125;54m▀[0m[38;2;220;125;54m[48;2;220;125;54m▀[0m[38;2;220;125;54m[48;2;220;125;54m▀[0m[38;2;220;125;54m[48;2;220;125;54m▀[0m[38;2;220;125;54m[48;2;220;125;54m▀[0m[38;2;220;125;54m[48;2;220;125;54m▀[0m[38;2;0;0;0m[48;2;220;125;54m▀[0m[38;2;0;0;0m▄           [38;2;114;62;33m▀[38;2;220;125;54m[48;2;0;0;0m▀[0m[38;2;220;125;54m[48;2;0;0;0m▀[0m[38;2;114;62;33m▀[38;2;114;214;255m[48;2;24;106;98m▀[0m[38;2;114;214;255m[48;2;114;214;255m▀[0m[38;2;114;214;255m[48;2;253;193;255m▀[0m[38;2;163;160;233m[48;2;253;193;255m▀[0m[38;2;163;160;233m[48;2;253;193;255m▀[0m[38;2;253;193;255m[48;2;0;0;0m▀[0m[38;2;163;160;233m[48;2;0;0;0m▀[0m[38;2;0;0;0m▀    
                                       [38;2;0;0;0m▀ [38;2;0;0;0m▀[38;2;205;205;205m[48;2;0;0;0m▀[0m[38;2;0;0;0m▀              [38;2;0;0;0m[48;2;0;0;0m▀[0m[38;2;98;98;98m[48;2;205;205;205m▀[0m[38;2;220;125;54m[48;2;164;93;64m▀[0m[38;2;220;125;54m[48;2;98;98;98m▀[0m[38;2;220;125;54m[48;2;98;98;98m▀[0m[38;2;220;125;54m[48;2;220;125;54m▀[0m[38;2;220;125;54m[48;2;220;125;54m▀[0m[38;2;220;125;54m[48;2;220;125;54m▀[0m[38;2;220;125;54m[48;2;220;125;54m▀[0m[38;2;220;125;54m[48;2;220;125;54m▀[0m[38;2;0;0;0m[48;2;0;0;0m▀[0m                [38;2;0;0;0m▀[38;2;0;0;0m▀[38;2;0;0;0m▀[38;2;0;0;0m▀       
                                                          [38;2;0;0;0m[48;2;0;0;0m▀[0m[38;2;255;255;255m[48;2;255;255;255m▀[0m[38;2;0;0;0m▀[38;2;205;205;205m[48;2;0;0;0m▀[0m[38;2;255;255;255m[48;2;255;255;255m▀[0m[38;2;98;98;98m[48;2;255;255;255m▀[0m[38;2;98;98;98m[48;2;0;0;0m▀[0m[38;2;205;205;205m[48;2;255;255;255m▀[0m[38;2;98;98;98m[48;2;255;255;255m▀[0m[38;2;98;98;98m[48;2;0;0;0m▀[0m[38;2;0;0;0m▀                           
                                                           [38;2;0;0;0m▀ [38;2;0;0;0m▀[38;2;255;255;255m[48;2;0;0;0m▀[0m[38;2;0;0;0m[48;2;0;0;0m▀[0m [38;2;0;0;0m▀[38;2;255;255;255m[48;2;0;0;0m▀[0m[38;2;0;0;0m[48;2;0;0;0m▀[0m                            
[0m