                                                                        [38;2;30;109;125m▄[38;2;30;109;125m▄[38;2;30;109;125m[48;2;102;196;196m▀[0m[38;2;16;16;16m▄ 
                                                                    [38;2;30;109;125m▄[38;2;30;109;125m▄[38;2;30;109;125m[48;2;102;196;196m▀[0m[38;2;30;109;125m[48;2;102;196;196m▀[0m[38;2;102;196;196m[48;2;47;149;158m▀[0m[38;2;102;196;196m[48;2;47;149;158m▀[0m[38;2;102;196;196m[48;2;102;196;196m▀[0m[38;2;16;16;16m[48;2;16;16;16m▀[0m 
                                                                   [38;2;16;16;16m[48;2;16;16;16m▀[0m[38;2;102;196;196m[48;2;47;149;158m▀[0m[38;2;102;196;196m[48;2;47;149;158m▀[0m[38;2;102;196;196m[48;2;47;149;158m▀[0m[38;2;102;196;196m[48;2;47;149;158m▀[0m[38;2;102;196;196m[48;2;102;196;196m▀[0m[38;2;102;196;196m[48;2;102;196;196m▀[0m[38;2;47;149;158m[48;2;102;196;196m▀[0m[38;2;102;196;196m[48;2;47;149;158m▀[0m[38;2;16;16;16m[48;2;16;16;16m▀[0m
                                                                   [38;2;115;90;65m▄[38;2;16;16;16m[48;2;246;230;123m▀[0m[38;2;30;109;125m[48;2;246;230;123m▀[0m[38;2;30;109;125m[48;2;246;230;123m▀[0m[38;2;47;149;158m[48;2;30;109;125m▀[0m[38;2;47;149;158m[48;2;30;109;125m▀[0m[38;2;47;149;158m[48;2;47;149;158m▀[0m[38;2;102;196;196m[48;2;47;149;158m▀[0m[38;2;102;196;196m[48;2;102;196;196m▀[0m[38;2;16;16;16m[48;2;16;16;16m▀[0m
                                                                 [38;2;115;90;65m▄[38;2;115;90;65m[48;2;189;139;32m▀[0m[38;2;246;230;123m[48;2;189;139;32m▀[0m[38;2;246;230;123m[48;2;189;139;32m▀[0m[38;2;246;230;123m[48;2;189;139;32m▀[0m[38;2;246;230;123m[48;2;246;230;123m▀[0m[38;2;246;230;123m[48;2;246;230;123m▀[0m[38;2;246;230;123m[48;2;246;230;123m▀[0m[38;2;30;109;125m[48;2;222;189;57m▀[0m[38;2;47;149;158m[48;2;16;16;16m▀[0m[38;2;47;149;158m[48;2;16;16;16m▀[0m[38;2;16;16;16m▀
                                                               [38;2;115;90;65m▄[38;2;115;90;65m[48;2;246;230;123m▀[0m[38;2;246;230;123m[48;2;246;230;123m▀[0m[38;2;246;230;123m[48;2;246;230;123m▀[0m[38;2;246;230;123m[48;2;246;230;123m▀[0m[38;2;246;230;123m[48;2;246;230;123m▀[0m[38;2;246;230;123m[48;2;246;230;123m▀[0m[38;2;189;139;32m[48;2;246;230;123m▀[0m[38;2;189;139;32m[48;2;246;230;123m▀[0m[38;2;222;189;57m[48;2;189;139;32m▀[0m[38;2;222;189;57m[48;2;189;139;32m▀[0m[38;2;16;16;16m[48;2;16;16;16m▀[0m  
                                                             [38;2;115;90;65m▄[38;2;115;90;65m[48;2;189;139;32m▀[0m[38;2;246;230;123m[48;2;189;139;32m▀[0m[38;2;246;230;123m[48;2;189;139;32m▀[0m[38;2;246;230;123m[48;2;189;139;32m▀[0m[38;2;246;230;123m[48;2;189;139;32m▀[0m[38;2;246;230;123m[48;2;189;139;32m▀[0m[38;2;246;230;123m[48;2;246;230;123m▀[0m[38;2;246;230;123m[48;2;246;230;123m▀[0m[38;2;246;230;123m[48;2;246;230;123m▀[0m[38;2;246;230;123m[48;2;222;189;57m▀[0m[38;2;222;189;57m[48;2;222;189;57m▀[0m[38;2;222;189;57m[48;2;222;189;57m▀[0m[38;2;16;16;16m[48;2;16;16;16m▀[0m  
                                                            [38;2;115;90;65m[48;2;115;90;65m▀[0m[38;2;246;230;123m[48;2;246;230;123m▀[0m[38;2;246;230;123m[48;2;246;230;123m▀[0m[38;2;246;230;123m[48;2;246;230;123m▀[0m[38;2;246;230;123m[48;2;246;230;123m▀[0m[38;2;246;230;123m[48;2;246;230;123m▀[0m[38;2;246;230;123m[48;2;246;230;123m▀[0m[38;2;246;230;123m[48;2;246;230;123m▀[0m[38;2;189;139;32m[48;2;246;230;123m▀[0m[38;2;189;139;32m[48;2;246;230;123m▀[0m[38;2;189;139;32m[48;2;246;230;123m▀[0m[38;2;222;189;57m[48;2;189;139;32m▀[0m[38;2;222;189;57m[48;2;189;139;32m▀[0m[38;2;222;189;57m[48;2;222;189;57m▀[0m[38;2;16;16;16m[48;2;16;16;16m▀[0m  
                                                           [38;2;16;16;16m[48;2;16;16;16m▀[0m[38;2;246;230;123m[48;2;246;230;123m▀[0m[38;2;246;230;123m[48;2;189;139;32m▀[0m[38;2;246;230;123m[48;2;189;139;32m▀[0m[38;2;246;230;123m[48;2;189;139;32m▀[0m[38;2;246;230;123m[48;2;189;139;32m▀[0m[38;2;246;230;123m[48;2;189;139;32m▀[0m[38;2;246;230;123m[48;2;246;230;123m▀[0m[38;2;246;230;123m[48;2;246;230;123m▀[0m[38;2;246;230;123m[48;2;246;230;123m▀[0m[38;2;246;230;123m[48;2;246;230;123m▀[0m[38;2;246;230;123m[48;2;222;189;57m▀[0m[38;2;222;189;57m[48;2;222;189;57m▀[0m[38;2;222;189;57m[48;2;222;189;57m▀[0m[38;2;189;139;32m[48;2;222;189;57m▀[0m[38;2;16;16;16m[48;2;16;16;16m▀[0m  
                                                            [38;2;16;16;16m[48;2;16;16;16m▀[0m[38;2;222;189;57m[48;2;222;189;57m▀[0m[38;2;222;189;57m[48;2;222;189;57m▀[0m[38;2;222;189;57m[48;2;222;189;57m▀[0m[38;2;222;189;57m[48;2;222;189;57m▀[0m[38;2;222;189;57m[48;2;222;189;57m▀[0m[38;2;189;139;32m[48;2;222;189;57m▀[0m[38;2;189;139;32m[48;2;222;189;57m▀[0m[38;2;189;139;32m[48;2;222;189;57m▀[0m[38;2;222;189;57m[48;2;189;139;32m▀[0m[38;2;222;189;57m[48;2;189;139;32m▀[0m[38;2;222;189;57m[48;2;222;189;57m▀[0m[38;2;222;189;57m[48;2;222;189;57m▀[0m[38;2;222;189;57m[48;2;222;189;57m▀[0m[38;2;16;16;16m[48;2;16;16;16m▀[0m  
                                                             [38;2;16;16;16m▀[38;2;222;189;57m[48;2;16;16;16m▀[0m[38;2;222;189;57m[48;2;189;139;32m▀[0m[38;2;222;189;57m[48;2;189;139;32m▀[0m[38;2;222;189;57m[48;2;222;189;57m▀[0m[38;2;222;189;57m[48;2;222;189;57m▀[0m[38;2;222;189;57m[48;2;222;189;57m▀[0m[38;2;222;189;57m[48;2;222;189;57m▀[0m[38;2;222;189;57m[48;2;222;189;57m▀[0m[38;2;222;189;57m[48;2;222;189;57m▀[0m[38;2;189;139;32m[48;2;222;189;57m▀[0m[38;2;222;189;57m[48;2;189;139;32m▀[0m[38;2;16;16;16m[48;2;16;16;16m▀[0m   
                                                              [38;2;115;90;65m[48;2;115;90;65m▀[0m[38;2;189;139;32m[48;2;222;189;57m▀[0m[38;2;222;189;57m[48;2;222;189;57m▀[0m[38;2;222;189;57m[48;2;222;189;57m▀[0m[38;2;189;139;32m[48;2;16;16;16m▀[0m[38;2;222;189;57m[48;2;16;16;16m▀[0m[38;2;222;189;57m[48;2;16;16;16m▀[0m[38;2;222;189;57m[48;2;16;16;16m▀[0m[38;2;222;189;57m[48;2;16;16;16m▀[0m[38;2;16;16;16m▀[38;2;16;16;16m▀    
                                           [38;2;90;98;115m▄[38;2;90;98;115m▄          [38;2;189;139;32m▄[38;2;189;139;32m▄[38;2;189;139;32m▄[38;2;189;139;32m▄[38;2;189;139;32m▄[38;2;189;139;32m▄[38;2;115;90;65m[48;2;115;90;65m▀[0m[38;2;222;189;57m[48;2;222;189;57m▀[0m[38;2;222;189;57m[48;2;222;189;57m▀[0m[38;2;222;189;57m[48;2;222;189;57m▀[0m[38;2;222;189;57m[48;2;16;16;16m▀[0m[38;2;16;16;16m▀          
                                          [38;2;90;98;115m[48;2;90;98;115m▀[0m[38;2;189;205;230m[48;2;246;255;255m▀[0m[38;2;246;255;255m[48;2;246;255;255m▀[0m[38;2;16;16;16m[48;2;16;16;16m▀[0m    [38;2;189;139;32m▄[38;2;189;139;32m▄[38;2;189;139;32m[48;2;255;246;197m▀[0m[38;2;189;139;32m[48;2;255;246;197m▀[0m[38;2;189;139;32m[48;2;255;246;197m▀[0m[38;2;255;246;197m[48;2;255;246;197m▀[0m[38;2;255;246;197m[48;2;255;246;197m▀[0m[38;2;255;246;197m[48;2;255;246;197m▀[0m[38;2;255;246;197m[48;2;255;246;197m▀[0m[38;2;255;246;197m[48;2;255;246;197m▀[0m[38;2;255;246;197m[48;2;255;246;197m▀[0m[38;2;255;246;197m[48;2;255;246;197m▀[0m[38;2;189;139;32m[48;2;255;246;197m▀[0m[38;2;189;139;32m[48;2;255;246;197m▀[0m[38;2;222;189;57m[48;2;115;90;65m▀[0m[38;2;16;16;16m[48;2;115;90;65m▀[0m           
                                          [38;2;90;98;115m[48;2;90;98;115m▀[0m[38;2;246;255;255m[48;2;246;255;255m▀[0m[38;2;246;255;255m[48;2;246;255;255m▀[0m[38;2;213;230;246m[48;2;213;230;246m▀[0m[38;2;16;16;16m[48;2;16;16;16m▀[0m [38;2;189;139;32m▄[38;2;189;139;32m[48;2;47;149;158m▀[0m[38;2;102;196;196m[48;2;47;149;158m▀[0m[38;2;102;196;196m[48;2;47;149;158m▀[0m[38;2;102;196;196m[48;2;47;149;158m▀[0m[38;2;102;196;196m[48;2;47;149;158m▀[0m[38;2;102;196;196m[48;2;47;149;158m▀[0m[38;2;102;196;196m[48;2;47;149;158m▀[0m[38;2;102;196;196m[48;2;47;149;158m▀[0m[38;2;102;196;196m[48;2;47;149;158m▀[0m[38;2;255;246;197m[48;2;47;149;158m▀[0m[38;2;255;246;197m[48;2;102;196;196m▀[0m[38;2;255;246;197m[48;2;255;246;197m▀[0m[38;2;255;246;197m[48;2;255;246;197m▀[0m[38;2;255;246;197m[48;2;255;246;197m▀[0m[38;2;255;246;197m[48;2;255;246;197m▀[0m[38;2;255;246;197m[48;2;255;246;197m▀[0m[38;2;222;189;57m[48;2;255;246;197m▀[0m[38;2;115;90;65m[48;2;222;189;57m▀[0m[38;2;115;90;65m▄         
                                [38;2;90;98;115m▄[38;2;90;98;115m▄        [38;2;90;98;115m[48;2;90;98;115m▀[0m[38;2;246;255;255m[48;2;246;255;255m▀[0m[38;2;246;255;255m[48;2;213;230;246m▀[0m[38;2;213;230;246m[48;2;213;230;246m▀[0m[38;2;16;16;16m[48;2;189;139;32m▀[0m[38;2;189;139;32m[48;2;47;149;158m▀[0m[38;2;47;149;158m[48;2;47;149;158m▀[0m[38;2;47;149;158m[48;2;255;246;197m▀[0m[38;2;47;149;158m[48;2;255;246;197m▀[0m[38;2;47;149;158m[48;2;255;246;197m▀[0m[38;2;47;149;158m[48;2;255;246;197m▀[0m[38;2;47;149;158m[48;2;255;246;197m▀[0m[38;2;47;149;158m[48;2;255;246;197m▀[0m[38;2;47;149;158m[48;2;102;196;196m▀[0m[38;2;47;149;158m[48;2;102;196;196m▀[0m[38;2;47;149;158m[48;2;47;149;158m▀[0m[38;2;47;149;158m[48;2;47;149;158m▀[0m[38;2;47;149;158m[48;2;47;149;158m▀[0m[38;2;47;149;158m[48;2;47;149;158m▀[0m[38;2;102;196;196m[48;2;47;149;158m▀[0m[38;2;255;246;197m[48;2;47;149;158m▀[0m[38;2;255;246;197m[48;2;255;246;197m▀[0m[38;2;255;246;197m[48;2;90;98;115m▀[0m[38;2;255;246;197m[48;2;90;98;115m▀[0m[38;2;222;189;57m[48;2;90;98;115m▀[0m[38;2;222;189;57m[48;2;222;189;57m▀[0m[38;2;115;90;65m[48;2;115;90;65m▀[0m        
              [38;2;90;98;115m▄[38;2;90;98;115m▄               [38;2;90;98;115m[48;2;90;98;115m▀[0m[38;2;189;205;230m[48;2;246;255;255m▀[0m[38;2;246;255;255m[48;2;246;255;255m▀[0m[38;2;90;98;115m[48;2;90;98;115m▀[0m       [38;2;90;98;115m▀[38;2;246;255;255m[48;2;90;98;115m▀[0m[38;2;213;230;246m[48;2;213;230;246m▀[0m[38;2;213;230;246m[48;2;189;139;32m▀[0m[38;2;189;139;32m[48;2;255;246;197m▀[0m[38;2;255;246;197m[48;2;255;246;197m▀[0m[38;2;255;246;197m[48;2;255;246;197m▀[0m[38;2;255;246;197m[48;2;255;246;197m▀[0m[38;2;255;246;197m[48;2;255;246;197m▀[0m[38;2;255;246;197m[48;2;255;246;197m▀[0m[38;2;255;246;197m[48;2;255;246;197m▀[0m[38;2;255;246;197m[48;2;255;246;197m▀[0m[38;2;255;246;197m[48;2;255;246;197m▀[0m[38;2;255;246;197m[48;2;255;246;197m▀[0m[38;2;255;246;197m[48;2;255;246;197m▀[0m[38;2;255;246;197m[48;2;255;246;197m▀[0m[38;2;102;196;196m[48;2;255;246;197m▀[0m[38;2;47;149;158m[48;2;255;246;197m▀[0m[38;2;47;149;158m[48;2;47;149;158m▀[0m[38;2;47;149;158m[48;2;90;98;115m▀[0m[38;2;90;98;115m[48;2;246;255;255m▀[0m[38;2;90;98;115m[48;2;246;255;255m▀[0m[38;2;246;255;255m[48;2;246;255;255m▀[0m[38;2;246;255;255m[48;2;246;255;255m▀[0m[38;2;246;255;255m[48;2;246;255;255m▀[0m[38;2;90;98;115m[48;2;90;98;115m▀[0m[38;2;222;189;57m[48;2;222;189;57m▀[0m[38;2;16;16;16m[48;2;16;16;16m▀[0m       
             [38;2;90;98;115m[48;2;90;98;115m▀[0m[38;2;246;255;255m[48;2;246;255;255m▀[0m[38;2;246;255;255m[48;2;246;255;255m▀[0m[38;2;90;98;115m[48;2;90;98;115m▀[0m[38;2;90;98;115m▄[38;2;90;98;115m▄            [38;2;90;98;115m[48;2;90;98;115m▀[0m[38;2;246;255;255m[48;2;246;255;255m▀[0m[38;2;246;255;255m[48;2;246;255;255m▀[0m[38;2;246;255;255m[48;2;246;255;255m▀[0m[38;2;90;98;115m[48;2;90;98;115m▀[0m[38;2;16;16;16m▄      [38;2;90;98;115m▀[38;2;213;230;246m[48;2;90;98;115m▀[0m[38;2;189;139;32m[48;2;189;139;32m▀[0m[38;2;255;246;197m[48;2;222;189;57m▀[0m[38;2;255;246;197m[48;2;222;189;57m▀[0m[38;2;222;189;57m[48;2;246;230;123m▀[0m[38;2;222;189;57m[48;2;246;230;123m▀[0m[38;2;222;189;57m[48;2;246;230;123m▀[0m[38;2;222;189;57m[48;2;246;230;123m▀[0m[38;2;222;189;57m[48;2;246;230;123m▀[0m[38;2;222;189;57m[48;2;246;230;123m▀[0m[38;2;255;246;197m[48;2;222;189;57m▀[0m[38;2;255;246;197m[48;2;222;189;57m▀[0m[38;2;255;246;197m[48;2;255;246;197m▀[0m[38;2;255;246;197m[48;2;255;246;197m▀[0m[38;2;255;246;197m[48;2;255;246;197m▀[0m[38;2;255;246;197m[48;2;90;98;115m▀[0m[38;2;90;98;115m[48;2;246;255;255m▀[0m[38;2;246;255;255m[48;2;246;255;255m▀[0m[38;2;246;255;255m[48;2;246;255;255m▀[0m[38;2;246;255;255m[48;2;246;255;255m▀[0m[38;2;246;255;255m[48;2;213;230;246m▀[0m[38;2;246;255;255m[48;2;16;16;16m▀[0m[38;2;90;98;115m[48;2;222;189;57m▀[0m[38;2;222;189;57m[48;2;222;189;57m▀[0m[38;2;222;189;57m[48;2;222;189;57m▀[0m[38;2;16;16;16m[48;2;16;16;16m▀[0m       
             [38;2;90;98;115m▀[38;2;246;255;255m[48;2;90;98;115m▀[0m[38;2;246;255;255m[48;2;246;255;255m▀[0m[38;2;246;255;255m[48;2;246;255;255m▀[0m[38;2;90;98;115m[48;2;90;98;115m▀[0m[38;2;213;230;246m[48;2;213;230;246m▀[0m[38;2;16;16;16m[48;2;90;98;115m▀[0m[38;2;16;16;16m▄          [38;2;90;98;115m[48;2;90;98;115m▀[0m[38;2;213;230;246m[48;2;213;230;246m▀[0m[38;2;246;255;255m[48;2;246;255;255m▀[0m[38;2;246;255;255m[48;2;246;255;255m▀[0m[38;2;90;98;115m[48;2;189;205;230m▀[0m[38;2;213;230;246m[48;2;213;230;246m▀[0m[38;2;16;16;16m[48;2;16;16;16m▀[0m   [38;2;189;139;32m▄[38;2;189;139;32m▄[38;2;189;139;32m▄[38;2;189;139;32m[48;2;255;246;197m▀[0m[38;2;189;139;32m[48;2;255;246;197m▀[0m[38;2;189;139;32m[48;2;255;246;197m▀[0m[38;2;189;139;32m[48;2;47;149;158m▀[0m[38;2;189;139;32m[48;2;47;149;158m▀[0m[38;2;189;139;32m[48;2;47;149;158m▀[0m[38;2;189;139;32m[48;2;47;149;158m▀[0m[38;2;246;230;123m[48;2;189;139;32m▀[0m[38;2;246;230;123m[48;2;189;139;32m▀[0m[38;2;246;230;123m[48;2;189;139;32m▀[0m[38;2;246;230;123m[48;2;246;230;123m▀[0m[38;2;246;230;123m[48;2;246;230;123m▀[0m[38;2;222;189;57m[48;2;246;230;123m▀[0m[38;2;222;189;57m[48;2;90;98;115m▀[0m[38;2;90;98;115m[48;2;213;230;246m▀[0m[38;2;246;255;255m[48;2;213;230;246m▀[0m[38;2;246;255;255m[48;2;213;230;246m▀[0m[38;2;213;230;246m[48;2;16;16;16m▀[0m[38;2;213;230;246m[48;2;16;16;16m▀[0m[38;2;16;16;16m[48;2;222;189;57m▀[0m[38;2;16;16;16m[48;2;222;189;57m▀[0m[38;2;222;189;57m[48;2;222;189;57m▀[0m[38;2;222;189;57m[48;2;222;189;57m▀[0m[38;2;222;189;57m[48;2;222;189;57m▀[0m[38;2;222;189;57m[48;2;47;149;158m▀[0m[38;2;16;16;16m[48;2;16;16;16m▀[0m       
            [38;2;115;90;65m▄[38;2;115;90;65m▄[38;2;90;98;115m[48;2;115;90;65m▀[0m[38;2;213;230;246m[48;2;115;90;65m▀[0m[38;2;246;255;255m[48;2;115;90;65m▀[0m[38;2;246;255;255m[48;2;115;90;65m▀[0m[38;2;213;230;246m[48;2;115;90;65m▀[0m[38;2;90;98;115m[48;2;115;90;65m▀[0m[38;2;189;205;230m[48;2;189;205;230m▀[0m[38;2;16;16;16m[48;2;16;16;16m▀[0m          [38;2;90;98;115m[48;2;90;98;115m▀[0m[38;2;246;255;255m[48;2;213;230;246m▀[0m[38;2;246;255;255m[48;2;246;255;255m▀[0m[38;2;213;230;246m[48;2;213;230;246m▀[0m[38;2;213;230;246m[48;2;213;230;246m▀[0m[38;2;16;16;16m[48;2;16;16;16m▀[0m[38;2;189;139;32m▄[38;2;189;139;32m[48;2;47;149;158m▀[0m[38;2;189;139;32m[48;2;47;149;158m▀[0m[38;2;102;196;196m[48;2;47;149;158m▀[0m[38;2;102;196;196m[48;2;47;149;158m▀[0m[38;2;102;196;196m[48;2;47;149;158m▀[0m[38;2;102;196;196m[48;2;47;149;158m▀[0m[38;2;102;196;196m[48;2;47;149;158m▀[0m[38;2;255;246;197m[48;2;47;149;158m▀[0m[38;2;255;246;197m[48;2;102;196;196m▀[0m[38;2;255;246;197m[48;2;255;246;197m▀[0m[38;2;102;196;196m[48;2;255;246;197m▀[0m[38;2;47;149;158m[48;2;255;246;197m▀[0m[38;2;47;149;158m[48;2;102;196;196m▀[0m[38;2;47;149;158m[48;2;47;149;158m▀[0m[38;2;255;246;197m[48;2;47;149;158m▀[0m[38;2;189;139;32m[48;2;255;246;197m▀[0m[38;2;189;139;32m[48;2;255;246;197m▀[0m[38;2;222;189;57m[48;2;189;139;32m▀[0m[38;2;222;189;57m[48;2;222;189;57m▀[0m[38;2;16;16;16m[48;2;222;189;57m▀[0m[38;2;16;16;16m[48;2;222;189;57m▀[0m[38;2;16;16;16m[48;2;222;189;57m▀[0m[38;2;222;189;57m[48;2;222;189;57m▀[0m[38;2;222;189;57m[48;2;222;189;57m▀[0m[38;2;222;189;57m[48;2;222;189;57m▀[0m[38;2;222;189;57m[48;2;222;189;57m▀[0m[38;2;222;189;57m[48;2;222;189;57m▀[0m[38;2;222;189;57m[48;2;222;189;57m▀[0m[38;2;222;189;57m[48;2;47;149;158m▀[0m[38;2;16;16;16m[48;2;16;16;16m▀[0m        
       [38;2;30;109;125m▄[38;2;30;109;125m▄[38;2;115;90;65m[48;2;246;230;123m▀[0m[38;2;115;90;65m[48;2;246;230;123m▀[0m[38;2;115;90;65m[48;2;246;230;123m▀[0m[38;2;246;230;123m[48;2;246;230;123m▀[0m[38;2;246;230;123m[48;2;246;230;123m▀[0m[38;2;246;230;123m[48;2;246;230;123m▀[0m[38;2;246;230;123m[48;2;246;230;123m▀[0m[38;2;246;230;123m[48;2;246;230;123m▀[0m[38;2;246;230;123m[48;2;246;230;123m▀[0m[38;2;246;230;123m[48;2;246;230;123m▀[0m[38;2;246;230;123m[48;2;246;230;123m▀[0m[38;2;115;90;65m[48;2;246;230;123m▀[0m[38;2;115;90;65m[48;2;246;230;123m▀[0m[38;2;115;90;65m[48;2;246;230;123m▀[0m[38;2;115;90;65m▄[38;2;115;90;65m▄     [38;2;189;139;32m▄[38;2;189;139;32m▄[38;2;189;139;32m▄[38;2;90;98;115m[48;2;189;139;32m▀[0m[38;2;213;230;246m[48;2;189;139;32m▀[0m[38;2;213;230;246m[48;2;189;139;32m▀[0m[38;2;16;16;16m[48;2;189;139;32m▀[0m[38;2;189;139;32m[48;2;246;230;123m▀[0m[38;2;222;189;57m[48;2;246;230;123m▀[0m[38;2;255;246;197m[48;2;90;98;115m▀[0m[38;2;255;246;197m[48;2;90;98;115m▀[0m[38;2;255;246;197m[48;2;255;246;197m▀[0m[38;2;255;246;197m[48;2;255;246;197m▀[0m[38;2;255;246;197m[48;2;255;246;197m▀[0m[38;2;102;196;196m[48;2;255;246;197m▀[0m[38;2;47;149;158m[48;2;255;246;197m▀[0m[38;2;47;149;158m[48;2;47;149;158m▀[0m[38;2;47;149;158m[48;2;47;149;158m▀[0m[38;2;102;196;196m[48;2;47;149;158m▀[0m[38;2;255;246;197m[48;2;90;98;115m▀[0m[38;2;255;246;197m[48;2;90;98;115m▀[0m[38;2;90;98;115m[48;2;246;255;255m▀[0m[38;2;90;98;115m[48;2;246;255;255m▀[0m[38;2;90;98;115m[48;2;246;255;255m▀[0m[38;2;90;98;115m[48;2;246;255;255m▀[0m[38;2;255;246;197m[48;2;90;98;115m▀[0m[38;2;222;189;57m[48;2;222;189;57m▀[0m[38;2;222;189;57m[48;2;222;189;57m▀[0m[38;2;222;189;57m[48;2;189;139;32m▀[0m[38;2;222;189;57m[48;2;222;189;57m▀[0m[38;2;222;189;57m[48;2;222;189;57m▀[0m[38;2;222;189;57m[48;2;222;189;57m▀[0m[38;2;222;189;57m[48;2;222;189;57m▀[0m[38;2;222;189;57m[48;2;222;189;57m▀[0m[38;2;222;189;57m[48;2;222;189;57m▀[0m[38;2;222;189;57m[48;2;47;149;158m▀[0m[38;2;47;149;158m[48;2;47;149;158m▀[0m[38;2;16;16;16m[48;2;16;16;16m▀[0m         
    [38;2;189;139;32m▄[38;2;30;109;125m[48;2;255;246;197m▀[0m[38;2;30;109;125m[48;2;102;196;196m▀[0m[38;2;102;196;196m[48;2;102;196;196m▀[0m[38;2;246;230;123m[48;2;246;230;123m▀[0m[38;2;246;230;123m[48;2;246;230;123m▀[0m[38;2;246;230;123m[48;2;246;230;123m▀[0m[38;2;246;230;123m[48;2;246;230;123m▀[0m[38;2;246;230;123m[48;2;246;230;123m▀[0m[38;2;246;230;123m[48;2;246;230;123m▀[0m[38;2;246;230;123m[48;2;246;230;123m▀[0m[38;2;246;230;123m[48;2;246;230;123m▀[0m[38;2;246;230;123m[48;2;246;230;123m▀[0m[38;2;246;230;123m[48;2;246;230;123m▀[0m[38;2;246;230;123m[48;2;246;230;123m▀[0m[38;2;246;230;123m[48;2;246;230;123m▀[0m[38;2;246;230;123m[48;2;246;230;123m▀[0m[38;2;246;230;123m[48;2;246;230;123m▀[0m[38;2;246;230;123m[48;2;246;230;123m▀[0m[38;2;246;230;123m[48;2;246;230;123m▀[0m[38;2;246;230;123m[48;2;246;230;123m▀[0m[38;2;115;90;65m[48;2;246;230;123m▀[0m[38;2;115;90;65m[48;2;246;230;123m▀[0m[38;2;189;139;32m[48;2;115;90;65m▀[0m[38;2;189;139;32m[48;2;255;246;197m▀[0m[38;2;189;139;32m[48;2;255;246;197m▀[0m[38;2;47;149;158m[48;2;255;246;197m▀[0m[38;2;47;149;158m[48;2;255;246;197m▀[0m[38;2;47;149;158m[48;2;47;149;158m▀[0m[38;2;102;196;196m[48;2;47;149;158m▀[0m[38;2;255;246;197m[48;2;47;149;158m▀[0m[38;2;255;246;197m[48;2;90;98;115m▀[0m[38;2;255;246;197m[48;2;90;98;115m▀[0m[38;2;90;98;115m[48;2;246;255;255m▀[0m[38;2;90;98;115m[48;2;246;255;255m▀[0m[38;2;246;255;255m[48;2;246;255;255m▀[0m[38;2;246;255;255m[48;2;246;255;255m▀[0m[38;2;90;98;115m[48;2;90;98;115m▀[0m[38;2;222;189;57m[48;2;246;230;123m▀[0m[38;2;255;246;197m[48;2;222;189;57m▀[0m[38;2;255;246;197m[48;2;222;189;57m▀[0m[38;2;255;246;197m[48;2;255;246;197m▀[0m[38;2;255;246;197m[48;2;90;98;115m▀[0m[38;2;90;98;115m[48;2;246;255;255m▀[0m[38;2;90;98;115m[48;2;246;255;255m▀[0m[38;2;246;255;255m[48;2;246;255;255m▀[0m[38;2;246;255;255m[48;2;246;255;255m▀[0m[38;2;246;255;255m[48;2;246;255;255m▀[0m[38;2;246;255;255m[48;2;246;255;255m▀[0m[38;2;246;255;255m[48;2;189;205;230m▀[0m[38;2;189;205;230m[48;2;16;16;16m▀[0m[38;2;90;98;115m[48;2;222;189;57m▀[0m[38;2;222;189;57m[48;2;222;189;57m▀[0m[38;2;222;189;57m[48;2;222;189;57m▀[0m[38;2;189;139;32m[48;2;222;189;57m▀[0m[38;2;222;189;57m[48;2;115;90;65m▀[0m[38;2;222;189;57m[48;2;47;149;158m▀[0m[38;2;222;189;57m[48;2;47;149;158m▀[0m[38;2;222;189;57m[48;2;47;149;158m▀[0m[38;2;47;149;158m[48;2;47;149;158m▀[0m[38;2;47;149;158m[48;2;47;149;158m▀[0m[38;2;47;149;158m[48;2;16;16;16m▀[0m[38;2;16;16;16m▀          
  [38;2;189;139;32m▄[38;2;189;139;32m[48;2;90;98;115m▀[0m[38;2;255;246;197m[48;2;90;98;115m▀[0m[38;2;102;196;196m[48;2;102;196;196m▀[0m[38;2;102;196;196m[48;2;102;196;196m▀[0m[38;2;246;230;123m[48;2;246;230;123m▀[0m[38;2;246;230;123m[48;2;246;230;123m▀[0m[38;2;246;230;123m[48;2;246;230;123m▀[0m[38;2;246;230;123m[48;2;246;230;123m▀[0m[38;2;246;230;123m[48;2;246;230;123m▀[0m[38;2;246;230;123m[48;2;246;230;123m▀[0m[38;2;246;230;123m[48;2;246;230;123m▀[0m[38;2;246;230;123m[48;2;246;230;123m▀[0m[38;2;246;230;123m[48;2;246;230;123m▀[0m[38;2;246;230;123m[48;2;246;230;123m▀[0m[38;2;246;230;123m[48;2;246;230;123m▀[0m[38;2;246;230;123m[48;2;246;230;123m▀[0m[38;2;246;230;123m[48;2;246;230;123m▀[0m[38;2;246;230;123m[48;2;102;196;196m▀[0m[38;2;246;230;123m[48;2;102;196;196m▀[0m[38;2;246;230;123m[48;2;102;196;196m▀[0m[38;2;246;230;123m[48;2;102;196;196m▀[0m[38;2;246;230;123m[48;2;102;196;196m▀[0m[38;2;246;230;123m[48;2;246;230;123m▀[0m[38;2;246;230;123m[48;2;246;230;123m▀[0m[38;2;246;230;123m[48;2;246;230;123m▀[0m[38;2;115;90;65m[48;2;246;230;123m▀[0m[38;2;47;149;158m[48;2;115;90;65m▀[0m[38;2;102;196;196m[48;2;47;149;158m▀[0m[38;2;255;246;197m[48;2;47;149;158m▀[0m[38;2;255;246;197m[48;2;16;16;16m▀[0m[38;2;16;16;16m[48;2;246;255;255m▀[0m[38;2;16;16;16m[48;2;246;255;255m▀[0m[38;2;246;255;255m[48;2;246;255;255m▀[0m[38;2;246;255;255m[48;2;246;255;255m▀[0m[38;2;246;255;255m[48;2;246;255;255m▀[0m[38;2;246;255;255m[48;2;189;205;230m▀[0m[38;2;246;255;255m[48;2;90;98;115m▀[0m[38;2;90;98;115m[48;2;90;98;115m▀[0m[38;2;255;246;197m[48;2;90;98;115m▀[0m[38;2;115;90;65m[48;2;255;246;197m▀[0m[38;2;246;230;123m[48;2;115;90;65m▀[0m[38;2;246;230;123m[48;2;16;16;16m▀[0m[38;2;16;16;16m[48;2;213;230;246m▀[0m[38;2;246;255;255m[48;2;213;230;246m▀[0m[38;2;246;255;255m[48;2;246;255;255m▀[0m[38;2;246;255;255m[48;2;246;255;255m▀[0m[38;2;246;255;255m[48;2;189;205;230m▀[0m[38;2;246;255;255m[48;2;90;98;115m▀[0m[38;2;189;205;230m[48;2;90;98;115m▀[0m[38;2;16;16;16m[48;2;222;189;57m▀[0m[38;2;16;16;16m[48;2;222;189;57m▀[0m[38;2;222;189;57m[48;2;222;189;57m▀[0m[38;2;222;189;57m[48;2;222;189;57m▀[0m[38;2;222;189;57m[48;2;222;189;57m▀[0m[38;2;222;189;57m[48;2;222;189;57m▀[0m[38;2;222;189;57m[48;2;222;189;57m▀[0m[38;2;115;90;65m[48;2;115;90;65m▀[0m[38;2;47;149;158m[48;2;16;16;16m▀[0m[38;2;47;149;158m[48;2;16;16;16m▀[0m[38;2;47;149;158m[48;2;16;16;16m▀[0m[38;2;16;16;16m▀[38;2;16;16;16m▀            
 [38;2;189;139;32m[48;2;189;139;32m▀[0m[38;2;246;255;255m[48;2;90;98;115m▀[0m[38;2;246;255;255m[48;2;90;98;115m▀[0m[38;2;102;196;196m[48;2;102;196;196m▀[0m[38;2;102;196;196m[48;2;102;196;196m▀[0m[38;2;102;196;196m[48;2;246;230;123m▀[0m[38;2;246;230;123m[48;2;246;230;123m▀[0m[38;2;246;230;123m[48;2;246;230;123m▀[0m[38;2;246;230;123m[48;2;246;230;123m▀[0m[38;2;246;230;123m[48;2;246;230;123m▀[0m[38;2;246;230;123m[48;2;246;230;123m▀[0m[38;2;246;230;123m[48;2;246;230;123m▀[0m[38;2;246;230;123m[48;2;246;230;123m▀[0m[38;2;246;230;123m[48;2;246;230;123m▀[0m[38;2;246;230;123m[48;2;246;230;123m▀[0m[38;2;246;230;123m[48;2;246;230;123m▀[0m[38;2;246;230;123m[48;2;102;196;196m▀[0m[38;2;102;196;196m[48;2;102;196;196m▀[0m[38;2;102;196;196m[48;2;102;196;196m▀[0m[38;2;102;196;196m[48;2;102;196;196m▀[0m[38;2;102;196;196m[48;2;255;246;197m▀[0m[38;2;102;196;196m[48;2;255;246;197m▀[0m[38;2;102;196;196m[48;2;255;246;197m▀[0m[38;2;102;196;196m[48;2;102;196;196m▀[0m[38;2;102;196;196m[48;2;102;196;196m▀[0m[38;2;102;196;196m[48;2;102;196;196m▀[0m[38;2;246;230;123m[48;2;102;196;196m▀[0m[38;2;246;230;123m[48;2;246;230;123m▀[0m[38;2;246;230;123m[48;2;246;230;123m▀[0m[38;2;115;90;65m[48;2;115;90;65m▀[0m[38;2;16;16;16m[48;2;213;230;246m▀[0m[38;2;246;255;255m[48;2;213;230;246m▀[0m[38;2;246;255;255m[48;2;246;255;255m▀[0m[38;2;246;255;255m[48;2;246;255;255m▀[0m[38;2;246;255;255m[48;2;246;255;255m▀[0m[38;2;213;230;246m[48;2;246;255;255m▀[0m[38;2;213;230;246m[48;2;246;255;255m▀[0m[38;2;246;255;255m[48;2;246;255;255m▀[0m[38;2;246;255;255m[48;2;16;16;16m▀[0m[38;2;246;255;255m[48;2;16;16;16m▀[0m[38;2;16;16;16m[48;2;47;149;158m▀[0m[38;2;47;149;158m[48;2;47;149;158m▀[0m[38;2;255;246;197m[48;2;222;189;57m▀[0m[38;2;16;16;16m[48;2;222;189;57m▀[0m[38;2;189;205;230m[48;2;16;16;16m▀[0m[38;2;213;230;246m[48;2;16;16;16m▀[0m[38;2;213;230;246m[48;2;16;16;16m▀[0m[38;2;213;230;246m[48;2;16;16;16m▀[0m[38;2;213;230;246m[48;2;16;16;16m▀[0m[38;2;213;230;246m[48;2;16;16;16m▀[0m[38;2;90;98;115m[48;2;222;189;57m▀[0m[38;2;222;189;57m[48;2;222;189;57m▀[0m[38;2;222;189;57m[48;2;222;189;57m▀[0m[38;2;222;189;57m[48;2;222;189;57m▀[0m[38;2;222;189;57m[48;2;222;189;57m▀[0m[38;2;222;189;57m[48;2;222;189;57m▀[0m[38;2;222;189;57m[48;2;222;189;57m▀[0m[38;2;222;189;57m[48;2;222;189;57m▀[0m[38;2;16;16;16m[48;2;16;16;16m▀[0m                 
[38;2;189;139;32m[48;2;189;139;32m▀[0m[38;2;255;246;197m[48;2;255;246;197m▀[0m[38;2;255;246;197m[48;2;102;196;196m▀[0m[38;2;102;196;196m[48;2;102;196;196m▀[0m[38;2;102;196;196m[48;2;102;196;196m▀[0m[38;2;102;196;196m[48;2;246;230;123m▀[0m[38;2;246;230;123m[48;2;246;230;123m▀[0m[38;2;246;230;123m[48;2;246;230;123m▀[0m[38;2;246;230;123m[48;2;246;230;123m▀[0m[38;2;246;230;123m[48;2;246;230;123m▀[0m[38;2;246;230;123m[48;2;246;230;123m▀[0m[38;2;246;230;123m[48;2;246;230;123m▀[0m[38;2;246;230;123m[48;2;246;230;123m▀[0m[38;2;246;230;123m[48;2;246;230;123m▀[0m[38;2;246;230;123m[48;2;246;230;123m▀[0m[38;2;246;230;123m[48;2;246;230;123m▀[0m[38;2;102;196;196m[48;2;102;196;196m▀[0m[38;2;102;196;196m[48;2;102;196;196m▀[0m[38;2;102;196;196m[48;2;90;98;115m▀[0m[38;2;255;246;197m[48;2;90;98;115m▀[0m[38;2;255;246;197m[48;2;255;246;197m▀[0m[38;2;255;246;197m[48;2;255;246;197m▀[0m[38;2;255;246;197m[48;2;255;246;197m▀[0m[38;2;255;246;197m[48;2;255;246;197m▀[0m[38;2;255;246;197m[48;2;255;246;197m▀[0m[38;2;255;246;197m[48;2;255;246;197m▀[0m[38;2;102;196;196m[48;2;255;246;197m▀[0m[38;2;102;196;196m[48;2;102;196;196m▀[0m[38;2;102;196;196m[48;2;102;196;196m▀[0m[38;2;246;230;123m[48;2;246;230;123m▀[0m[38;2;246;230;123m[48;2;246;230;123m▀[0m[38;2;115;90;65m[48;2;115;90;65m▀[0m[38;2;213;230;246m[48;2;213;230;246m▀[0m[38;2;213;230;246m[48;2;213;230;246m▀[0m[38;2;213;230;246m[48;2;213;230;246m▀[0m[38;2;189;205;230m[48;2;213;230;246m▀[0m[38;2;90;98;115m[48;2;213;230;246m▀[0m[38;2;16;16;16m[48;2;16;16;16m▀[0m[38;2;16;16;16m[48;2;47;149;158m▀[0m[38;2;47;149;158m[48;2;47;149;158m▀[0m[38;2;255;246;197m[48;2;222;189;57m▀[0m[38;2;47;149;158m[48;2;222;189;57m▀[0m[38;2;47;149;158m[48;2;222;189;57m▀[0m[38;2;222;189;57m[48;2;222;189;57m▀[0m[38;2;222;189;57m[48;2;222;189;57m▀[0m[38;2;189;139;32m[48;2;222;189;57m▀[0m[38;2;222;189;57m[48;2;222;189;57m▀[0m[38;2;222;189;57m[48;2;222;189;57m▀[0m[38;2;222;189;57m[48;2;222;189;57m▀[0m[38;2;222;189;57m[48;2;222;189;57m▀[0m[38;2;222;189;57m[48;2;222;189;57m▀[0m[38;2;222;189;57m[48;2;222;189;57m▀[0m[38;2;222;189;57m[48;2;222;189;57m▀[0m[38;2;222;189;57m[48;2;222;189;57m▀[0m[38;2;222;189;57m[48;2;222;189;57m▀[0m[38;2;222;189;57m[48;2;222;189;57m▀[0m[38;2;222;189;57m[48;2;222;189;57m▀[0m[38;2;222;189;57m[48;2;47;149;158m▀[0m[38;2;47;149;158m[48;2;16;16;16m▀[0m[38;2;16;16;16m▀                 
[38;2;189;139;32m[48;2;30;109;125m▀[0m[38;2;102;196;196m[48;2;102;196;196m▀[0m[38;2;102;196;196m[48;2;102;196;196m▀[0m[38;2;102;196;196m[48;2;246;230;123m▀[0m[38;2;246;230;123m[48;2;246;230;123m▀[0m[38;2;246;230;123m[48;2;246;230;123m▀[0m[38;2;246;230;123m[48;2;246;230;123m▀[0m[38;2;246;230;123m[48;2;246;230;123m▀[0m[38;2;246;230;123m[48;2;246;230;123m▀[0m[38;2;246;230;123m[48;2;246;230;123m▀[0m[38;2;246;230;123m[48;2;246;230;123m▀[0m[38;2;246;230;123m[48;2;246;230;123m▀[0m[38;2;246;230;123m[48;2;246;230;123m▀[0m[38;2;246;230;123m[48;2;246;230;123m▀[0m[38;2;246;230;123m[48;2;246;230;123m▀[0m[38;2;102;196;196m[48;2;102;196;196m▀[0m[38;2;102;196;196m[48;2;102;196;196m▀[0m[38;2;47;149;158m[48;2;255;246;197m▀[0m[38;2;246;255;255m[48;2;90;98;115m▀[0m[38;2;246;255;255m[48;2;90;98;115m▀[0m[38;2;90;98;115m[48;2;246;255;255m▀[0m[38;2;90;98;115m[48;2;246;255;255m▀[0m[38;2;255;246;197m[48;2;90;98;115m▀[0m[38;2;255;246;197m[48;2;90;98;115m▀[0m[38;2;255;246;197m[48;2;255;246;197m▀[0m[38;2;255;246;197m[48;2;255;246;197m▀[0m[38;2;255;246;197m[48;2;255;246;197m▀[0m[38;2;102;196;196m[48;2;246;230;123m▀[0m[38;2;102;196;196m[48;2;47;149;158m▀[0m[38;2;47;149;158m[48;2;47;149;158m▀[0m[38;2;222;189;57m[48;2;222;189;57m▀[0m[38;2;222;189;57m[48;2;222;189;57m▀[0m[38;2;115;90;65m[48;2;115;90;65m▀[0m[38;2;16;16;16m[48;2;246;230;123m▀[0m[38;2;16;16;16m[48;2;246;230;123m▀[0m[38;2;16;16;16m[48;2;246;230;123m▀[0m[38;2;16;16;16m[48;2;246;230;123m▀[0m[38;2;222;189;57m[48;2;222;189;57m▀[0m[38;2;47;149;158m[48;2;222;189;57m▀[0m[38;2;47;149;158m[48;2;222;189;57m▀[0m[38;2;222;189;57m[48;2;222;189;57m▀[0m[38;2;222;189;57m[48;2;222;189;57m▀[0m[38;2;222;189;57m[48;2;222;189;57m▀[0m[38;2;222;189;57m[48;2;222;189;57m▀[0m[38;2;222;189;57m[48;2;222;189;57m▀[0m[38;2;222;189;57m[48;2;222;189;57m▀[0m[38;2;222;189;57m[48;2;189;139;32m▀[0m[38;2;222;189;57m[48;2;222;189;57m▀[0m[38;2;222;189;57m[48;2;222;189;57m▀[0m[38;2;222;189;57m[48;2;222;189;57m▀[0m[38;2;222;189;57m[48;2;222;189;57m▀[0m[38;2;222;189;57m[48;2;222;189;57m▀[0m[38;2;222;189;57m[48;2;222;189;57m▀[0m[38;2;222;189;57m[48;2;222;189;57m▀[0m[38;2;222;189;57m[48;2;47;149;158m▀[0m[38;2;222;189;57m[48;2;47;149;158m▀[0m[38;2;47;149;158m[48;2;47;149;158m▀[0m[38;2;47;149;158m[48;2;16;16;16m▀[0m[38;2;16;16;16m▀                  
[38;2;30;109;125m[48;2;115;90;65m▀[0m[38;2;102;196;196m[48;2;222;189;57m▀[0m[38;2;246;230;123m[48;2;246;230;123m▀[0m[38;2;246;230;123m[48;2;246;230;123m▀[0m[38;2;246;230;123m[48;2;189;139;32m▀[0m[38;2;246;230;123m[48;2;189;139;32m▀[0m[38;2;246;230;123m[48;2;189;139;32m▀[0m[38;2;246;230;123m[48;2;222;189;57m▀[0m[38;2;246;230;123m[48;2;246;230;123m▀[0m[38;2;246;230;123m[48;2;246;230;123m▀[0m[38;2;246;230;123m[48;2;246;230;123m▀[0m[38;2;246;230;123m[48;2;246;230;123m▀[0m[38;2;246;230;123m[48;2;246;230;123m▀[0m[38;2;246;230;123m[48;2;246;230;123m▀[0m[38;2;246;230;123m[48;2;246;230;123m▀[0m[38;2;102;196;196m[48;2;102;196;196m▀[0m[38;2;102;196;196m[48;2;102;196;196m▀[0m[38;2;255;246;197m[48;2;255;246;197m▀[0m[38;2;255;246;197m[48;2;255;246;197m▀[0m[38;2;255;246;197m[48;2;255;246;197m▀[0m[38;2;90;98;115m[48;2;255;246;197m▀[0m[38;2;90;98;115m[48;2;255;246;197m▀[0m[38;2;246;255;255m[48;2;90;98;115m▀[0m[38;2;246;255;255m[48;2;90;98;115m▀[0m[38;2;90;98;115m[48;2;246;255;255m▀[0m[38;2;90;98;115m[48;2;246;255;255m▀[0m[38;2;246;230;123m[48;2;16;16;16m▀[0m[38;2;246;230;123m[48;2;16;16;16m▀[0m[38;2;47;149;158m[48;2;47;149;158m▀[0m[38;2;47;149;158m[48;2;47;149;158m▀[0m[38;2;222;189;57m[48;2;222;189;57m▀[0m[38;2;222;189;57m[48;2;222;189;57m▀[0m[38;2;115;90;65m[48;2;115;90;65m▀[0m[38;2;246;230;123m[48;2;222;189;57m▀[0m[38;2;246;230;123m[48;2;222;189;57m▀[0m[38;2;222;189;57m[48;2;222;189;57m▀[0m[38;2;222;189;57m[48;2;222;189;57m▀[0m[38;2;222;189;57m[48;2;222;189;57m▀[0m[38;2;222;189;57m[48;2;222;189;57m▀[0m[38;2;222;189;57m[48;2;222;189;57m▀[0m[38;2;222;189;57m[48;2;222;189;57m▀[0m[38;2;222;189;57m[48;2;222;189;57m▀[0m[38;2;222;189;57m[48;2;222;189;57m▀[0m[38;2;222;189;57m[48;2;222;189;57m▀[0m[38;2;222;189;57m[48;2;222;189;57m▀[0m[38;2;222;189;57m[48;2;222;189;57m▀[0m[38;2;115;90;65m[48;2;115;90;65m▀[0m[38;2;222;189;57m[48;2;47;149;158m▀[0m[38;2;222;189;57m[48;2;47;149;158m▀[0m[38;2;222;189;57m[48;2;47;149;158m▀[0m[38;2;222;189;57m[48;2;47;149;158m▀[0m[38;2;47;149;158m[48;2;47;149;158m▀[0m[38;2;47;149;158m[48;2;47;149;158m▀[0m[38;2;47;149;158m[48;2;47;149;158m▀[0m[38;2;47;149;158m[48;2;16;16;16m▀[0m[38;2;47;149;158m[48;2;16;16;16m▀[0m[38;2;16;16;16m▀                    
 [38;2;16;16;16m[48;2;16;16;16m▀[0m[38;2;222;189;57m[48;2;189;139;32m▀[0m[38;2;189;139;32m[48;2;115;90;65m▀[0m[38;2;115;90;65m[48;2;115;90;65m▀[0m[38;2;115;90;65m[48;2;115;90;65m▀[0m[38;2;115;90;65m[48;2;115;90;65m▀[0m[38;2;115;90;65m[48;2;115;90;65m▀[0m[38;2;189;139;32m[48;2;115;90;65m▀[0m[38;2;222;189;57m[48;2;115;90;65m▀[0m[38;2;246;230;123m[48;2;222;189;57m▀[0m[38;2;246;230;123m[48;2;246;230;123m▀[0m[38;2;246;230;123m[48;2;246;230;123m▀[0m[38;2;246;230;123m[48;2;246;230;123m▀[0m[38;2;246;230;123m[48;2;246;230;123m▀[0m[38;2;102;196;196m[48;2;246;230;123m▀[0m[38;2;102;196;196m[48;2;102;196;196m▀[0m[38;2;102;196;196m[48;2;102;196;196m▀[0m[38;2;255;246;197m[48;2;255;246;197m▀[0m[38;2;255;246;197m[48;2;255;246;197m▀[0m[38;2;255;246;197m[48;2;255;246;197m▀[0m[38;2;255;246;197m[48;2;255;246;197m▀[0m[38;2;255;246;197m[48;2;246;230;123m▀[0m[38;2;255;246;197m[48;2;246;230;123m▀[0m[38;2;16;16;16m[48;2;246;230;123m▀[0m[38;2;16;16;16m[48;2;246;230;123m▀[0m[38;2;246;255;255m[48;2;16;16;16m▀[0m[38;2;47;149;158m[48;2;47;149;158m▀[0m[38;2;47;149;158m[48;2;47;149;158m▀[0m[38;2;47;149;158m[48;2;222;189;57m▀[0m[38;2;222;189;57m[48;2;222;189;57m▀[0m[38;2;222;189;57m[48;2;222;189;57m▀[0m[38;2;189;139;32m[48;2;222;189;57m▀[0m[38;2;222;189;57m[48;2;222;189;57m▀[0m[38;2;222;189;57m[48;2;222;189;57m▀[0m[38;2;222;189;57m[48;2;222;189;57m▀[0m[38;2;222;189;57m[48;2;222;189;57m▀[0m[38;2;222;189;57m[48;2;222;189;57m▀[0m[38;2;222;189;57m[48;2;222;189;57m▀[0m[38;2;222;189;57m[48;2;222;189;57m▀[0m[38;2;222;189;57m[48;2;222;189;57m▀[0m[38;2;222;189;57m[48;2;222;189;57m▀[0m[38;2;222;189;57m[48;2;222;189;57m▀[0m[38;2;222;189;57m[48;2;222;189;57m▀[0m[38;2;222;189;57m[48;2;222;189;57m▀[0m[38;2;222;189;57m[48;2;115;90;65m▀[0m[38;2;16;16;16m[48;2;16;16;16m▀[0m[38;2;47;149;158m[48;2;16;16;16m▀[0m[38;2;47;149;158m[48;2;16;16;16m▀[0m[38;2;47;149;158m[48;2;16;16;16m▀[0m[38;2;47;149;158m[48;2;16;16;16m▀[0m[38;2;47;149;158m[48;2;16;16;16m▀[0m[38;2;16;16;16m▀[38;2;16;16;16m▀                       
  [38;2;16;16;16m▀[38;2;115;90;65m[48;2;16;16;16m▀[0m[38;2;115;90;65m[48;2;115;90;65m▀[0m[38;2;115;90;65m[48;2;115;90;65m▀[0m[38;2;115;90;65m[48;2;115;90;65m▀[0m[38;2;115;90;65m[48;2;189;125;156m▀[0m[38;2;189;125;156m[48;2;189;125;156m▀[0m[38;2;189;125;156m[48;2;189;125;156m▀[0m[38;2;189;125;156m[48;2;189;125;156m▀[0m[38;2;115;90;65m[48;2;189;125;156m▀[0m[38;2;246;230;123m[48;2;115;90;65m▀[0m[38;2;246;230;123m[48;2;246;230;123m▀[0m[38;2;246;230;123m[48;2;246;230;123m▀[0m[38;2;246;230;123m[48;2;222;189;57m▀[0m[38;2;102;196;196m[48;2;222;189;57m▀[0m[38;2;102;196;196m[48;2;47;149;158m▀[0m[38;2;102;196;196m[48;2;47;149;158m▀[0m[38;2;246;230;123m[48;2;47;149;158m▀[0m[38;2;246;230;123m[48;2;47;149;158m▀[0m[38;2;246;230;123m[48;2;246;230;123m▀[0m[38;2;246;230;123m[48;2;246;230;123m▀[0m[38;2;246;230;123m[48;2;246;230;123m▀[0m[38;2;246;230;123m[48;2;47;149;158m▀[0m[38;2;246;230;123m[48;2;47;149;158m▀[0m[38;2;47;149;158m[48;2;47;149;158m▀[0m[38;2;47;149;158m[48;2;47;149;158m▀[0m[38;2;47;149;158m[48;2;222;189;57m▀[0m[38;2;222;189;57m[48;2;222;189;57m▀[0m[38;2;222;189;57m[48;2;222;189;57m▀[0m[38;2;222;189;57m[48;2;222;189;57m▀[0m[38;2;222;189;57m[48;2;222;189;57m▀[0m[38;2;222;189;57m[48;2;222;189;57m▀[0m[38;2;222;189;57m[48;2;222;189;57m▀[0m[38;2;222;189;57m[48;2;222;189;57m▀[0m[38;2;222;189;57m[48;2;222;189;57m▀[0m[38;2;222;189;57m[48;2;222;189;57m▀[0m[38;2;222;189;57m[48;2;222;189;57m▀[0m[38;2;222;189;57m[48;2;222;189;57m▀[0m[38;2;222;189;57m[48;2;222;189;57m▀[0m[38;2;222;189;57m[48;2;222;189;57m▀[0m[38;2;222;189;57m[48;2;47;149;158m▀[0m[38;2;222;189;57m[48;2;47;149;158m▀[0m[38;2;47;149;158m[48;2;16;16;16m▀[0m[38;2;16;16;16m▀                               
    [38;2;16;16;16m▀[38;2;115;90;65m[48;2;30;109;125m▀[0m[38;2;30;109;125m[48;2;47;149;158m▀[0m[38;2;30;109;125m[48;2;47;149;158m▀[0m[38;2;30;109;125m[48;2;47;149;158m▀[0m[38;2;189;125;156m[48;2;30;109;125m▀[0m[38;2;189;125;156m[48;2;30;109;125m▀[0m[38;2;189;125;156m[48;2;189;125;156m▀[0m[38;2;189;125;156m[48;2;189;125;156m▀[0m[38;2;115;90;65m[48;2;189;125;156m▀[0m[38;2;222;189;57m[48;2;115;90;65m▀[0m[38;2;222;189;57m[48;2;222;189;57m▀[0m[38;2;222;189;57m[48;2;222;189;57m▀[0m[38;2;222;189;57m[48;2;222;189;57m▀[0m[38;2;47;149;158m[48;2;222;189;57m▀[0m[38;2;47;149;158m[48;2;222;189;57m▀[0m[38;2;47;149;158m[48;2;47;149;158m▀[0m[38;2;47;149;158m[48;2;47;149;158m▀[0m[38;2;47;149;158m[48;2;47;149;158m▀[0m[38;2;47;149;158m[48;2;47;149;158m▀[0m[38;2;47;149;158m[48;2;47;149;158m▀[0m[38;2;47;149;158m[48;2;222;189;57m▀[0m[38;2;47;149;158m[48;2;222;189;57m▀[0m[38;2;222;189;57m[48;2;222;189;57m▀[0m[38;2;222;189;57m[48;2;222;189;57m▀[0m[38;2;222;189;57m[48;2;222;189;57m▀[0m[38;2;222;189;57m[48;2;222;189;57m▀[0m[38;2;189;139;32m[48;2;115;90;65m▀[0m[38;2;222;189;57m[48;2;222;189;57m▀[0m[38;2;222;189;57m[48;2;222;189;57m▀[0m[38;2;222;189;57m[48;2;222;189;57m▀[0m[38;2;222;189;57m[48;2;222;189;57m▀[0m[38;2;222;189;57m[48;2;47;149;158m▀[0m[38;2;222;189;57m[48;2;47;149;158m▀[0m[38;2;222;189;57m[48;2;47;149;158m▀[0m[38;2;222;189;57m[48;2;47;149;158m▀[0m[38;2;47;149;158m[48;2;47;149;158m▀[0m[38;2;47;149;158m[48;2;47;149;158m▀[0m[38;2;47;149;158m[48;2;16;16;16m▀[0m[38;2;16;16;16m▀                                 
    [38;2;30;109;125m[48;2;30;109;125m▀[0m[38;2;47;149;158m[48;2;102;196;196m▀[0m[38;2;47;149;158m[48;2;102;196;196m▀[0m[38;2;47;149;158m[48;2;47;149;158m▀[0m[38;2;47;149;158m[48;2;47;149;158m▀[0m[38;2;47;149;158m[48;2;47;149;158m▀[0m[38;2;47;149;158m[48;2;47;149;158m▀[0m[38;2;30;109;125m[48;2;47;149;158m▀[0m[38;2;189;125;156m[48;2;30;109;125m▀[0m[38;2;189;125;156m[48;2;30;109;125m▀[0m[38;2;189;125;156m[48;2;189;125;156m▀[0m[38;2;115;90;65m[48;2;189;125;156m▀[0m[38;2;115;90;65m[48;2;189;125;156m▀[0m[38;2;222;189;57m[48;2;115;90;65m▀[0m[38;2;222;189;57m[48;2;189;139;32m▀[0m[38;2;222;189;57m[48;2;222;189;57m▀[0m[38;2;222;189;57m[48;2;222;189;57m▀[0m[38;2;222;189;57m[48;2;222;189;57m▀[0m[38;2;222;189;57m[48;2;222;189;57m▀[0m[38;2;222;189;57m[48;2;222;189;57m▀[0m[38;2;222;189;57m[48;2;222;189;57m▀[0m[38;2;222;189;57m[48;2;222;189;57m▀[0m[38;2;222;189;57m[48;2;222;189;57m▀[0m[38;2;222;189;57m[48;2;222;189;57m▀[0m[38;2;222;189;57m[48;2;222;189;57m▀[0m[38;2;222;189;57m[48;2;16;16;16m▀[0m[38;2;115;90;65m[48;2;47;149;158m▀[0m[38;2;47;149;158m[48;2;47;149;158m▀[0m[38;2;47;149;158m[48;2;47;149;158m▀[0m[38;2;47;149;158m[48;2;47;149;158m▀[0m[38;2;47;149;158m[48;2;47;149;158m▀[0m[38;2;47;149;158m[48;2;47;149;158m▀[0m[38;2;47;149;158m[48;2;47;149;158m▀[0m[38;2;47;149;158m[48;2;16;16;16m▀[0m[38;2;47;149;158m[48;2;16;16;16m▀[0m[38;2;47;149;158m[48;2;16;16;16m▀[0m[38;2;16;16;16m▀[38;2;16;16;16m▀                                   
   [38;2;30;109;125m[48;2;16;16;16m▀[0m[38;2;102;196;196m[48;2;16;16;16m▀[0m[38;2;102;196;196m[48;2;16;16;16m▀[0m[38;2;16;16;16m▀[38;2;30;109;125m[48;2;30;109;125m▀[0m[38;2;102;196;196m[48;2;102;196;196m▀[0m[38;2;102;196;196m[48;2;102;196;196m▀[0m[38;2;47;149;158m[48;2;102;196;196m▀[0m[38;2;47;149;158m[48;2;30;109;125m▀[0m[38;2;47;149;158m[48;2;47;149;158m▀[0m[38;2;47;149;158m[48;2;47;149;158m▀[0m[38;2;30;109;125m[48;2;47;149;158m▀[0m[38;2;30;109;125m[48;2;47;149;158m▀[0m[38;2;189;125;156m[48;2;47;149;158m▀[0m[38;2;189;125;156m[48;2;30;109;125m▀[0m[38;2;189;125;156m[48;2;30;109;125m▀[0m[38;2;115;90;65m[48;2;30;109;125m▀[0m[38;2;189;139;32m[48;2;30;109;125m▀[0m[38;2;222;189;57m[48;2;30;109;125m▀[0m[38;2;222;189;57m[48;2;189;139;32m▀[0m[38;2;222;189;57m[48;2;189;139;32m▀[0m[38;2;222;189;57m[48;2;189;139;32m▀[0m[38;2;222;189;57m[48;2;189;139;32m▀[0m[38;2;222;189;57m[48;2;16;16;16m▀[0m[38;2;189;139;32m[48;2;16;16;16m▀[0m[38;2;16;16;16m▀[38;2;16;16;16m▀[38;2;16;16;16m▀[38;2;16;16;16m▀[38;2;16;16;16m▀[38;2;16;16;16m▀[38;2;16;16;16m▀[38;2;16;16;16m▀[38;2;16;16;16m▀                                        
       [38;2;30;109;125m[48;2;30;109;125m▀[0m[38;2;102;196;196m[48;2;102;196;196m▀[0m[38;2;102;196;196m[48;2;16;16;16m▀[0m[38;2;16;16;16m▀[38;2;30;109;125m[48;2;30;109;125m▀[0m[38;2;102;196;196m[48;2;102;196;196m▀[0m[38;2;102;196;196m[48;2;102;196;196m▀[0m[38;2;47;149;158m[48;2;102;196;196m▀[0m[38;2;16;16;16m[48;2;16;16;16m▀[0m[38;2;47;149;158m[48;2;16;16;16m▀[0m[38;2;47;149;158m[48;2;16;16;16m▀[0m[38;2;47;149;158m[48;2;16;16;16m▀[0m[38;2;47;149;158m[48;2;16;16;16m▀[0m[38;2;47;149;158m[48;2;16;16;16m▀[0m[38;2;47;149;158m[48;2;16;16;16m▀[0m[38;2;47;149;158m[48;2;16;16;16m▀[0m[38;2;16;16;16m▀[38;2;16;16;16m▀[38;2;16;16;16m▀                                                   
       [38;2;16;16;16m▀[38;2;16;16;16m▀   [38;2;30;109;125m[48;2;30;109;125m▀[0m[38;2;102;196;196m[48;2;102;196;196m▀[0m[38;2;16;16;16m[48;2;16;16;16m▀[0m                                                              
             [38;2;16;16;16m▀                                                               
[0m