                                                [38;2;156;169;191m▄[38;2;156;169;191m[48;2;239;255;255m▀[0m[38;2;156;169;191m[48;2;239;255;255m▀[0m[38;2;156;169;191m[48;2;239;255;255m▀[0m[38;2;112;122;144m▄                                           
                                  [38;2;1;56;74m▄[38;2;1;56;74m▄      [38;2;156;169;191m▄[38;2;156;169;191m[48;2;239;255;255m▀[0m[38;2;156;169;191m[48;2;239;255;255m▀[0m[38;2;156;169;191m▄ [38;2;156;169;191m▄[38;2;239;255;255m[48;2;239;255;255m▀[0m[38;2;239;255;255m[48;2;239;255;255m▀[0m[38;2;239;255;255m[48;2;239;255;255m▀[0m[38;2;239;255;255m[48;2;239;255;255m▀[0m[38;2;112;122;144m[48;2;239;255;255m▀[0m[38;2;112;122;144m▄ [38;2;112;122;144m▄[38;2;112;122;144m▄[38;2;112;122;144m▄                                      
                                 [38;2;1;56;74m[48;2;1;56;74m▀[0m[38;2;26;101;115m[48;2;115;180;205m▀[0m[38;2;26;101;115m[48;2;26;101;115m▀[0m[38;2;16;16;24m[48;2;1;56;74m▀[0m    [38;2;156;169;191m▄[38;2;156;169;191m[48;2;239;255;255m▀[0m[38;2;239;255;255m[48;2;239;255;255m▀[0m[38;2;239;255;255m[48;2;239;255;255m▀[0m[38;2;156;169;191m[48;2;239;255;255m▀[0m[38;2;239;255;255m▄[38;2;156;169;191m[48;2;239;255;255m▀[0m[38;2;239;255;255m[48;2;239;255;255m▀[0m[38;2;239;255;255m[48;2;239;255;255m▀[0m[38;2;239;255;255m[48;2;239;255;255m▀[0m[38;2;239;255;255m[48;2;196;218;229m▀[0m[38;2;239;255;255m[48;2;196;218;229m▀[0m[38;2;112;122;144m[48;2;196;218;229m▀[0m[38;2;112;122;144m[48;2;196;218;229m▀[0m[38;2;196;218;229m[48;2;196;218;229m▀[0m[38;2;196;218;229m[48;2;196;218;229m▀[0m[38;2;196;218;229m[48;2;196;218;229m▀[0m[38;2;112;122;144m[48;2;196;218;229m▀[0m[38;2;196;218;229m▄[38;2;196;218;229m▄[38;2;196;218;229m▄[38;2;196;218;229m▄[38;2;112;122;144m▄[38;2;112;122;144m▄                               
                                  [38;2;115;180;205m[48;2;1;56;74m▀[0m[38;2;26;101;115m[48;2;26;101;115m▀[0m[38;2;26;101;115m[48;2;26;101;115m▀[0m[38;2;16;16;24m[48;2;16;16;24m▀[0m   [38;2;156;169;191m[48;2;156;169;191m▀[0m[38;2;239;255;255m[48;2;239;255;255m▀[0m[38;2;239;255;255m[48;2;239;255;255m▀[0m[38;2;239;255;255m[48;2;239;255;255m▀[0m[38;2;239;255;255m[48;2;239;255;255m▀[0m[38;2;255;213;0m[48;2;255;213;0m▀[0m[38;2;239;255;255m[48;2;239;255;255m▀[0m[38;2;239;255;255m[48;2;196;218;229m▀[0m[38;2;196;218;229m[48;2;239;255;255m▀[0m[38;2;196;218;229m[48;2;239;255;255m▀[0m[38;2;239;255;255m[48;2;239;255;255m▀[0m[38;2;239;255;255m[48;2;239;255;255m▀[0m[38;2;196;218;229m[48;2;239;255;255m▀[0m[38;2;196;218;229m[48;2;196;218;229m▀[0m[38;2;196;218;229m[48;2;196;218;229m▀[0m[38;2;196;218;229m[48;2;196;218;229m▀[0m[38;2;196;218;229m[48;2;196;218;229m▀[0m[38;2;196;218;229m[48;2;196;218;229m▀[0m[38;2;196;218;229m[48;2;112;122;144m▀[0m[38;2;196;218;229m[48;2;112;122;144m▀[0m[38;2;196;218;229m[48;2;196;218;229m▀[0m[38;2;196;218;229m[48;2;196;218;229m▀[0m[38;2;196;218;229m[48;2;196;218;229m▀[0m[38;2;196;218;229m[48;2;196;218;229m▀[0m[38;2;156;169;191m[48;2;196;218;229m▀[0m[38;2;112;122;144m[48;2;196;218;229m▀[0m[38;2;112;122;144m▄                            
                                   [38;2;16;16;24m[48;2;16;16;24m▀[0m[38;2;26;101;115m[48;2;26;101;115m▀[0m[38;2;16;16;24m[48;2;1;56;74m▀[0m    [38;2;156;169;191m[48;2;156;169;191m▀[0m[38;2;239;255;255m[48;2;239;255;255m▀[0m[38;2;239;255;255m[48;2;239;255;255m▀[0m[38;2;239;255;255m[48;2;239;255;255m▀[0m[38;2;239;255;255m[48;2;239;255;255m▀[0m[38;2;255;213;0m[48;2;255;213;0m▀[0m[38;2;239;255;255m[48;2;239;255;255m▀[0m[38;2;239;255;255m[48;2;239;255;255m▀[0m[38;2;239;255;255m[48;2;239;255;255m▀[0m[38;2;239;255;255m[48;2;239;255;255m▀[0m[38;2;239;255;255m[48;2;239;255;255m▀[0m[38;2;239;255;255m[48;2;239;255;255m▀[0m[38;2;196;218;229m[48;2;196;218;229m▀[0m[38;2;196;218;229m[48;2;112;122;144m▀[0m[38;2;112;122;144m[48;2;156;169;191m▀[0m[38;2;112;122;144m[48;2;196;218;229m▀[0m[38;2;112;122;144m[48;2;196;218;229m▀[0m[38;2;156;169;191m▄[38;2;156;169;191m▄[38;2;112;122;144m[48;2;196;218;229m▀[0m[38;2;112;122;144m[48;2;196;218;229m▀[0m[38;2;196;218;229m[48;2;196;218;229m▀[0m[38;2;196;218;229m[48;2;112;122;144m▀[0m[38;2;196;218;229m[48;2;156;169;191m▀[0m[38;2;196;218;229m[48;2;196;218;229m▀[0m[38;2;196;218;229m[48;2;196;218;229m▀[0m[38;2;112;122;144m[48;2;196;218;229m▀[0m                           
                                    [38;2;16;16;24m[48;2;16;16;24m▀[0m[38;2;1;56;74m[48;2;1;56;74m▀[0m [38;2;156;169;191m▄[38;2;156;169;191m[48;2;239;255;255m▀[0m[38;2;156;169;191m[48;2;239;255;255m▀[0m[38;2;156;169;191m[48;2;156;169;191m▀[0m[38;2;239;255;255m[48;2;239;255;255m▀[0m[38;2;239;255;255m[48;2;239;255;255m▀[0m[38;2;239;255;255m[48;2;239;255;255m▀[0m[38;2;239;255;255m[48;2;196;218;229m▀[0m[38;2;255;213;0m[48;2;239;255;255m▀[0m[38;2;239;255;255m[48;2;239;255;255m▀[0m[38;2;239;255;255m[48;2;239;255;255m▀[0m[38;2;239;255;255m[48;2;239;255;255m▀[0m[38;2;239;255;255m[48;2;239;255;255m▀[0m[38;2;239;255;255m[48;2;112;122;144m▀[0m[38;2;112;122;144m▀[38;2;196;218;229m[48;2;112;122;144m▀[0m[38;2;196;218;229m[48;2;112;122;144m▀[0m[38;2;196;218;229m[48;2;196;218;229m▀[0m[38;2;196;218;229m[48;2;196;218;229m▀[0m[38;2;196;218;229m[48;2;196;218;229m▀[0m[38;2;196;218;229m[48;2;112;122;144m▀[0m[38;2;196;218;229m[48;2;112;122;144m▀[0m[38;2;112;122;144m▀[38;2;112;122;144m▀[38;2;112;122;144m▀  [38;2;112;122;144m▀[38;2;196;218;229m[48;2;112;122;144m▀[0m[38;2;196;218;229m[48;2;196;218;229m▀[0m[38;2;112;122;144m▄                          
                                     [38;2;26;101;115m[48;2;26;101;115m▀[0m[38;2;1;56;74m▄[38;2;156;169;191m[48;2;156;169;191m▀[0m[38;2;239;255;255m[48;2;239;255;255m▀[0m[38;2;239;255;255m[48;2;239;255;255m▀[0m[38;2;239;255;255m[48;2;239;255;255m▀[0m[38;2;255;213;0m[48;2;255;213;0m▀[0m[38;2;239;255;255m[48;2;239;255;255m▀[0m[38;2;196;218;229m[48;2;239;255;255m▀[0m[38;2;239;255;255m[48;2;239;255;255m▀[0m[38;2;239;255;255m[48;2;239;255;255m▀[0m[38;2;239;255;255m[48;2;239;255;255m▀[0m[38;2;239;255;255m[48;2;239;255;255m▀[0m[38;2;239;255;255m[48;2;196;218;229m▀[0m[38;2;112;122;144m[48;2;112;122;144m▀[0m[38;2;112;122;144m▄[38;2;112;122;144m▄  [38;2;112;122;144m▀[38;2;112;122;144m[48;2;156;169;191m▀[0m[38;2;112;122;144m[48;2;196;218;229m▀[0m[38;2;196;218;229m[48;2;196;218;229m▀[0m[38;2;196;218;229m[48;2;196;218;229m▀[0m[38;2;112;122;144m[48;2;112;122;144m▀[0m      [38;2;156;169;191m[48;2;112;122;144m▀[0m[38;2;112;122;144m[48;2;196;218;229m▀[0m[38;2;112;122;144m▄                         
                                     [38;2;26;101;115m[48;2;26;101;115m▀[0m[38;2;1;56;74m[48;2;1;56;74m▀[0m[38;2;239;255;255m[48;2;239;255;255m▀[0m[38;2;239;255;255m[48;2;239;255;255m▀[0m[38;2;239;255;255m[48;2;239;255;255m▀[0m[38;2;239;255;255m[48;2;239;255;255m▀[0m[38;2;239;255;255m[48;2;239;255;255m▀[0m[38;2;255;213;0m[48;2;255;213;0m▀[0m[38;2;239;255;255m[48;2;239;255;255m▀[0m[38;2;239;255;255m[48;2;239;255;255m▀[0m[38;2;239;255;255m[48;2;239;255;255m▀[0m[38;2;239;255;255m[48;2;239;255;255m▀[0m[38;2;239;255;255m[48;2;156;169;191m▀[0m[38;2;156;169;191m[48;2;196;218;229m▀[0m[38;2;196;218;229m[48;2;196;218;229m▀[0m[38;2;196;218;229m[48;2;196;218;229m▀[0m[38;2;196;218;229m[48;2;196;218;229m▀[0m[38;2;112;122;144m[48;2;196;218;229m▀[0m[38;2;112;122;144m[48;2;196;218;229m▀[0m[38;2;156;169;191m▄[38;2;156;169;191m[48;2;196;218;229m▀[0m[38;2;196;218;229m[48;2;196;218;229m▀[0m[38;2;196;218;229m[48;2;112;122;144m▀[0m[38;2;112;122;144m▀        [38;2;196;218;229m[48;2;196;218;229m▀[0m[38;2;112;122;144m[48;2;112;122;144m▀[0m         [38;2;112;122;144m▄[38;2;112;122;144m▄              
                                     [38;2;26;101;115m[48;2;26;101;115m▀[0m[38;2;1;56;74m[48;2;253;233;165m▀[0m[38;2;239;255;255m[48;2;131;115;65m▀[0m[38;2;239;255;255m[48;2;239;255;255m▀[0m[38;2;239;255;255m[48;2;239;255;255m▀[0m[38;2;239;255;255m[48;2;239;255;255m▀[0m[38;2;196;218;229m[48;2;196;218;229m▀[0m[38;2;239;255;255m[48;2;239;255;255m▀[0m[38;2;239;255;255m[48;2;239;255;255m▀[0m[38;2;239;255;255m[48;2;239;255;255m▀[0m[38;2;239;255;255m[48;2;239;255;255m▀[0m[38;2;156;169;191m[48;2;156;169;191m▀[0m[38;2;196;218;229m[48;2;196;218;229m▀[0m[38;2;196;218;229m[48;2;112;122;144m▀[0m[38;2;196;218;229m[48;2;112;122;144m▀[0m[38;2;112;122;144m▀  [38;2;112;122;144m[48;2;156;169;191m▀[0m[38;2;196;218;229m[48;2;112;122;144m▀[0m[38;2;112;122;144m▀    [38;2;112;122;144m▄      [38;2;196;218;229m[48;2;196;218;229m▀[0m[38;2;112;122;144m[48;2;112;122;144m▀[0m      [38;2;112;122;144m[48;2;112;122;144m▀[0m[38;2;196;218;229m[48;2;196;218;229m▀[0m[38;2;196;218;229m[48;2;196;218;229m▀[0m[38;2;196;218;229m[48;2;196;218;229m▀[0m[38;2;196;218;229m[48;2;196;218;229m▀[0m[38;2;196;218;229m[48;2;196;218;229m▀[0m[38;2;156;169;191m[48;2;196;218;229m▀[0m[38;2;112;122;144m[48;2;196;218;229m▀[0m[38;2;112;122;144m▄     [38;2;112;122;144m[48;2;112;122;144m▀[0m[38;2;196;218;229m[48;2;196;218;229m▀[0m[38;2;196;218;229m[48;2;196;218;229m▀[0m[38;2;112;122;144m[48;2;196;218;229m▀[0m[38;2;112;122;144m▄
                         [38;2;156;169;191m▄[38;2;156;169;191m▄[38;2;156;169;191m▄[38;2;156;169;191m▄       [38;2;1;56;74m▄[38;2;26;101;115m[48;2;1;56;74m▀[0m[38;2;253;233;165m[48;2;253;233;165m▀[0m[38;2;131;115;65m[48;2;131;115;65m▀[0m[38;2;239;255;255m[48;2;239;255;255m▀[0m[38;2;239;255;255m[48;2;239;255;255m▀[0m[38;2;239;255;255m[48;2;196;218;229m▀[0m[38;2;196;218;229m[48;2;239;255;255m▀[0m[38;2;239;255;255m[48;2;239;255;255m▀[0m[38;2;239;255;255m[48;2;239;255;255m▀[0m[38;2;239;255;255m[48;2;239;255;255m▀[0m[38;2;239;255;255m[48;2;239;255;255m▀[0m[38;2;156;169;191m[48;2;112;122;144m▀[0m[38;2;112;122;144m▀[38;2;112;122;144m▄[38;2;112;122;144m▄[38;2;112;122;144m▄[38;2;156;169;191m▄   [38;2;112;122;144m▄[38;2;112;122;144m[48;2;196;218;229m▀[0m[38;2;112;122;144m[48;2;196;218;229m▀[0m[38;2;156;169;191m▄[38;2;112;122;144m[48;2;196;218;229m▀[0m[38;2;196;218;229m[48;2;196;218;229m▀[0m[38;2;112;122;144m[48;2;112;122;144m▀[0m    [38;2;112;122;144m[48;2;112;122;144m▀[0m[38;2;196;218;229m[48;2;196;218;229m▀[0m[38;2;112;122;144m[48;2;196;218;229m▀[0m[38;2;112;122;144m▄    [38;2;112;122;144m[48;2;112;122;144m▀[0m[38;2;196;218;229m[48;2;196;218;229m▀[0m[38;2;196;218;229m[48;2;196;218;229m▀[0m[38;2;196;218;229m[48;2;196;218;229m▀[0m[38;2;196;218;229m[48;2;196;218;229m▀[0m[38;2;196;218;229m[48;2;196;218;229m▀[0m[38;2;196;218;229m[48;2;196;218;229m▀[0m[38;2;196;218;229m[48;2;196;218;229m▀[0m[38;2;196;218;229m[48;2;196;218;229m▀[0m[38;2;196;218;229m[48;2;196;218;229m▀[0m[38;2;112;122;144m[48;2;196;218;229m▀[0m[38;2;112;122;144m▄   [38;2;112;122;144m[48;2;112;122;144m▀[0m[38;2;196;218;229m[48;2;196;218;229m▀[0m[38;2;196;218;229m[48;2;196;218;229m▀[0m[38;2;196;218;229m[48;2;196;218;229m▀[0m[38;2;112;122;144m[48;2;112;122;144m▀[0m
                      [38;2;156;169;191m▄[38;2;156;169;191m[48;2;239;255;255m▀[0m[38;2;156;169;191m[48;2;239;255;255m▀[0m[38;2;239;255;255m[48;2;239;255;255m▀[0m[38;2;239;255;255m[48;2;255;213;0m▀[0m[38;2;239;255;255m[48;2;239;255;255m▀[0m[38;2;239;255;255m[48;2;239;255;255m▀[0m[38;2;156;169;191m[48;2;239;255;255m▀[0m[38;2;112;122;144m▄     [38;2;16;16;24m[48;2;16;16;24m▀[0m[38;2;1;56;74m[48;2;131;115;65m▀[0m[38;2;253;233;165m[48;2;253;233;165m▀[0m[38;2;131;115;65m[48;2;131;115;65m▀[0m[38;2;239;255;255m[48;2;239;255;255m▀[0m[38;2;239;255;255m[48;2;196;218;229m▀[0m[38;2;196;218;229m[48;2;239;255;255m▀[0m[38;2;239;255;255m[48;2;239;255;255m▀[0m[38;2;239;255;255m[48;2;239;255;255m▀[0m[38;2;239;255;255m[48;2;239;255;255m▀[0m[38;2;239;255;255m[48;2;239;255;255m▀[0m[38;2;239;255;255m[48;2;239;255;255m▀[0m[38;2;112;122;144m▄[38;2;112;122;144m[48;2;196;218;229m▀[0m[38;2;196;218;229m[48;2;196;218;229m▀[0m[38;2;196;218;229m[48;2;196;218;229m▀[0m[38;2;196;218;229m[48;2;196;218;229m▀[0m[38;2;196;218;229m[48;2;196;218;229m▀[0m[38;2;112;122;144m[48;2;196;218;229m▀[0m[38;2;112;122;144m▄[38;2;112;122;144m▄[38;2;112;122;144m[48;2;196;218;229m▀[0m[38;2;196;218;229m[48;2;196;218;229m▀[0m[38;2;196;218;229m[48;2;196;218;229m▀[0m[38;2;196;218;229m[48;2;112;122;144m▀[0m[38;2;112;122;144m▀[38;2;112;122;144m▀[38;2;156;169;191m▄[38;2;156;169;191m▄[38;2;156;169;191m▄  [38;2;112;122;144m[48;2;112;122;144m▀[0m[38;2;196;218;229m[48;2;196;218;229m▀[0m[38;2;196;218;229m[48;2;196;218;229m▀[0m[38;2;112;122;144m[48;2;112;122;144m▀[0m   [38;2;112;122;144m[48;2;112;122;144m▀[0m[38;2;196;218;229m[48;2;196;218;229m▀[0m[38;2;196;218;229m[48;2;196;218;229m▀[0m[38;2;196;218;229m[48;2;196;218;229m▀[0m[38;2;196;218;229m[48;2;196;218;229m▀[0m[38;2;196;218;229m[48;2;196;218;229m▀[0m[38;2;196;218;229m[48;2;112;122;144m▀[0m[38;2;112;122;144m▀[38;2;112;122;144m▀[38;2;196;218;229m[48;2;112;122;144m▀[0m[38;2;196;218;229m[48;2;156;169;191m▀[0m[38;2;196;218;229m[48;2;196;218;229m▀[0m[38;2;196;218;229m[48;2;196;218;229m▀[0m[38;2;112;122;144m[48;2;196;218;229m▀[0m[38;2;112;122;144m▄  [38;2;112;122;144m[48;2;112;122;144m▀[0m[38;2;196;218;229m[48;2;196;218;229m▀[0m[38;2;196;218;229m[48;2;112;122;144m▀[0m[38;2;112;122;144m▀
                     [38;2;112;122;144m▄[38;2;156;169;191m[48;2;239;255;255m▀[0m[38;2;239;255;255m[48;2;239;255;255m▀[0m[38;2;239;255;255m[48;2;255;213;0m▀[0m[38;2;255;213;0m[48;2;255;213;0m▀[0m[38;2;255;213;0m[48;2;239;255;255m▀[0m[38;2;239;255;255m[48;2;255;213;0m▀[0m[38;2;239;255;255m[48;2;255;213;0m▀[0m[38;2;239;255;255m[48;2;239;255;255m▀[0m[38;2;239;255;255m[48;2;239;255;255m▀[0m[38;2;112;122;144m[48;2;112;122;144m▀[0m   [38;2;16;16;24m[48;2;16;16;24m▀[0m[38;2;26;101;115m[48;2;26;101;115m▀[0m[38;2;253;233;165m[48;2;204;168;128m▀[0m[38;2;204;168;128m[48;2;253;233;165m▀[0m[38;2;253;233;165m[48;2;253;233;165m▀[0m[38;2;131;115;65m[48;2;131;115;65m▀[0m[38;2;196;218;229m[48;2;239;255;255m▀[0m[38;2;239;255;255m[48;2;239;255;255m▀[0m[38;2;239;255;255m[48;2;239;255;255m▀[0m[38;2;239;255;255m[48;2;239;255;255m▀[0m[38;2;239;255;255m[48;2;239;255;255m▀[0m[38;2;239;255;255m[48;2;239;255;255m▀[0m[38;2;239;255;255m[48;2;156;169;191m▀[0m[38;2;196;218;229m[48;2;196;218;229m▀[0m[38;2;196;218;229m[48;2;212;173;60m▀[0m[38;2;196;218;229m[48;2;212;173;60m▀[0m[38;2;212;173;60m[48;2;196;218;229m▀[0m[38;2;212;173;60m[48;2;196;218;229m▀[0m[38;2;196;218;229m[48;2;196;218;229m▀[0m[38;2;196;218;229m[48;2;196;218;229m▀[0m[38;2;196;218;229m[48;2;196;218;229m▀[0m[38;2;196;218;229m[48;2;196;218;229m▀[0m[38;2;196;218;229m[48;2;112;122;144m▀[0m[38;2;156;169;191m▀[38;2;112;122;144m▀  [38;2;156;169;191m[48;2;156;169;191m▀[0m[38;2;239;255;255m[48;2;239;255;255m▀[0m[38;2;239;255;255m[48;2;239;255;255m▀[0m[38;2;239;255;255m[48;2;239;255;255m▀[0m[38;2;156;169;191m[48;2;239;255;255m▀[0m[38;2;156;169;191m▄[38;2;112;122;144m▀[38;2;196;218;229m[48;2;196;218;229m▀[0m[38;2;196;218;229m[48;2;196;218;229m▀[0m[38;2;112;122;144m[48;2;112;122;144m▀[0m   [38;2;112;122;144m[48;2;112;122;144m▀[0m[38;2;239;255;255m[48;2;239;255;255m▀[0m[38;2;239;255;255m[48;2;239;255;255m▀[0m[38;2;239;255;255m[48;2;239;255;255m▀[0m[38;2;196;218;229m[48;2;239;255;255m▀[0m[38;2;196;218;229m[48;2;196;218;229m▀[0m[38;2;112;122;144m[48;2;112;122;144m▀[0m    [38;2;112;122;144m▀[38;2;196;218;229m[48;2;112;122;144m▀[0m[38;2;196;218;229m[48;2;196;218;229m▀[0m[38;2;196;218;229m[48;2;196;218;229m▀[0m[38;2;156;169;191m[48;2;196;218;229m▀[0m[38;2;112;122;144m[48;2;196;218;229m▀[0m[38;2;196;218;229m[48;2;196;218;229m▀[0m[38;2;196;218;229m[48;2;112;122;144m▀[0m[38;2;112;122;144m▀ 
         [38;2;168;63;99m▄[38;2;168;63;99m▄[38;2;168;63;99m[48;2;249;115;97m▀[0m[38;2;168;63;99m[48;2;249;115;97m▀[0m[38;2;168;63;99m[48;2;249;115;97m▀[0m[38;2;168;63;99m[48;2;249;115;97m▀[0m[38;2;168;63;99m[48;2;244;185;176m▀[0m     [38;2;112;122;144m[48;2;112;122;144m▀[0m[38;2;196;218;229m[48;2;196;218;229m▀[0m[38;2;196;218;229m[48;2;212;173;60m▀[0m[38;2;212;173;60m[48;2;196;218;229m▀[0m[38;2;239;255;255m[48;2;196;218;229m▀[0m[38;2;239;255;255m[48;2;212;173;60m▀[0m[38;2;239;255;255m[48;2;239;255;255m▀[0m[38;2;239;255;255m[48;2;239;255;255m▀[0m[38;2;239;255;255m[48;2;112;122;144m▀[0m[38;2;239;255;255m[48;2;112;122;144m▀[0m[38;2;239;255;255m[48;2;239;255;255m▀[0m[38;2;112;122;144m[48;2;239;255;255m▀[0m[38;2;16;16;24m▄[38;2;16;16;24m[48;2;26;101;115m▀[0m[38;2;26;101;115m[48;2;26;101;115m▀[0m[38;2;26;101;115m[48;2;1;56;74m▀[0m[38;2;253;233;165m[48;2;253;233;165m▀[0m[38;2;253;233;165m[48;2;253;233;165m▀[0m[38;2;131;115;65m[48;2;131;115;65m▀[0m[38;2;239;255;255m[48;2;239;255;255m▀[0m[38;2;239;255;255m[48;2;239;255;255m▀[0m[38;2;239;255;255m[48;2;196;218;229m▀[0m[38;2;239;255;255m[48;2;239;255;255m▀[0m[38;2;239;255;255m[48;2;239;255;255m▀[0m[38;2;239;255;255m[48;2;239;255;255m▀[0m[38;2;239;255;255m[48;2;239;255;255m▀[0m[38;2;156;169;191m[48;2;196;218;229m▀[0m[38;2;196;218;229m[48;2;196;218;229m▀[0m[38;2;196;218;229m[48;2;212;173;60m▀[0m[38;2;196;218;229m[48;2;212;173;60m▀[0m[38;2;196;218;229m[48;2;212;173;60m▀[0m[38;2;196;218;229m[48;2;212;173;60m▀[0m[38;2;212;173;60m[48;2;196;218;229m▀[0m[38;2;212;173;60m[48;2;196;218;229m▀[0m[38;2;196;218;229m[48;2;196;218;229m▀[0m[38;2;112;122;144m[48;2;112;122;144m▀[0m    [38;2;156;169;191m▄[38;2;156;169;191m[48;2;239;255;255m▀[0m[38;2;239;255;255m[48;2;239;255;255m▀[0m[38;2;239;255;255m[48;2;239;255;255m▀[0m[38;2;239;255;255m[48;2;255;213;0m▀[0m[38;2;239;255;255m[48;2;239;255;255m▀[0m[38;2;156;169;191m[48;2;156;169;191m▀[0m [38;2;112;122;144m▀[38;2;112;122;144m▀   [38;2;112;122;144m▄[38;2;112;122;144m[48;2;239;255;255m▀[0m[38;2;239;255;255m[48;2;239;255;255m▀[0m[38;2;239;255;255m[48;2;239;255;255m▀[0m[38;2;239;255;255m[48;2;239;255;255m▀[0m[38;2;239;255;255m[48;2;239;255;255m▀[0m[38;2;196;218;229m[48;2;196;218;229m▀[0m[38;2;112;122;144m[48;2;112;122;144m▀[0m      [38;2;112;122;144m▀[38;2;156;169;191m▀[38;2;196;218;229m[48;2;112;122;144m▀[0m[38;2;112;122;144m▀[38;2;112;122;144m▀   
      [38;2;168;63;99m▄[38;2;16;16;24m[48;2;249;115;97m▀[0m[38;2;249;115;97m[48;2;168;63;99m▀[0m[38;2;168;63;99m[48;2;239;255;255m▀[0m[38;2;196;218;229m[48;2;239;255;255m▀[0m[38;2;239;255;255m[48;2;239;255;255m▀[0m[38;2;239;255;255m[48;2;239;255;255m▀[0m[38;2;168;63;99m[48;2;168;63;99m▀[0m[38;2;249;115;97m[48;2;249;115;97m▀[0m[38;2;249;115;97m[48;2;249;115;97m▀[0m[38;2;244;185;176m[48;2;244;185;176m▀[0m[38;2;112;122;144m[48;2;239;255;255m▀[0m[38;2;112;122;144m[48;2;239;255;255m▀[0m[38;2;112;122;144m▄[38;2;112;122;144m[48;2;112;122;144m▀[0m[38;2;196;218;229m[48;2;196;218;229m▀[0m[38;2;196;218;229m[48;2;196;218;229m▀[0m[38;2;196;218;229m[48;2;196;218;229m▀[0m[38;2;196;218;229m[48;2;196;218;229m▀[0m[38;2;196;218;229m[48;2;196;218;229m▀[0m[38;2;196;218;229m[48;2;112;122;144m▀[0m[38;2;112;122;144m▀  [38;2;16;16;24m▄[38;2;16;16;24m[48;2;26;101;115m▀[0m[38;2;26;101;115m[48;2;26;101;115m▀[0m[38;2;26;101;115m[48;2;26;101;115m▀[0m[38;2;26;101;115m[48;2;1;56;74m▀[0m[38;2;1;56;74m[48;2;253;233;165m▀[0m[38;2;253;233;165m[48;2;253;233;165m▀[0m[38;2;131;115;65m[48;2;196;218;229m▀[0m[38;2;239;255;255m[48;2;239;255;255m▀[0m[38;2;239;255;255m[48;2;26;101;115m▀[0m[38;2;26;101;115m[48;2;26;101;115m▀[0m[38;2;26;101;115m[48;2;26;101;115m▀[0m[38;2;239;255;255m[48;2;239;255;255m▀[0m[38;2;239;255;255m[48;2;239;255;255m▀[0m[38;2;239;255;255m[48;2;196;218;229m▀[0m[38;2;196;218;229m[48;2;239;255;255m▀[0m[38;2;239;255;255m[48;2;16;16;24m▀[0m[38;2;16;16;24m▀ [38;2;112;122;144m▀[38;2;112;122;144m▀[38;2;112;122;144m▀[38;2;112;122;144m▀[38;2;112;122;144m▀[38;2;112;122;144m▀      [38;2;156;169;191m[48;2;156;169;191m▀[0m[38;2;239;255;255m[48;2;239;255;255m▀[0m[38;2;239;255;255m[48;2;239;255;255m▀[0m[38;2;255;213;0m[48;2;255;213;0m▀[0m[38;2;239;255;255m[48;2;239;255;255m▀[0m[38;2;239;255;255m[48;2;255;213;0m▀[0m[38;2;255;213;0m[48;2;239;255;255m▀[0m[38;2;156;169;191m[48;2;156;169;191m▀[0m    [38;2;156;169;191m▄[38;2;112;122;144m[48;2;239;255;255m▀[0m[38;2;239;255;255m[48;2;239;255;255m▀[0m[38;2;239;255;255m[48;2;239;255;255m▀[0m[38;2;239;255;255m[48;2;239;255;255m▀[0m[38;2;239;255;255m[48;2;239;255;255m▀[0m[38;2;239;255;255m[48;2;239;255;255m▀[0m[38;2;239;255;255m[48;2;239;255;255m▀[0m[38;2;112;122;144m[48;2;112;122;144m▀[0m              
     [38;2;16;16;24m▄[38;2;16;16;24m[48;2;249;115;97m▀[0m[38;2;249;115;97m[48;2;168;63;99m▀[0m[38;2;168;63;99m[48;2;255;227;90m▀[0m[38;2;212;173;60m[48;2;255;227;90m▀[0m[38;2;212;173;60m[48;2;255;227;90m▀[0m[38;2;196;218;229m[48;2;212;173;60m▀[0m[38;2;196;218;229m[48;2;168;63;99m▀[0m[38;2;168;63;99m[48;2;249;115;97m▀[0m[38;2;249;115;97m[48;2;249;115;97m▀[0m[38;2;249;115;97m[48;2;249;115;97m▀[0m[38;2;244;185;176m[48;2;244;185;176m▀[0m[38;2;239;255;255m[48;2;239;255;255m▀[0m[38;2;239;255;255m[48;2;239;255;255m▀[0m[38;2;239;255;255m[48;2;239;255;255m▀[0m[38;2;239;255;255m[48;2;239;255;255m▀[0m[38;2;156;169;191m[48;2;196;218;229m▀[0m[38;2;156;169;191m[48;2;196;218;229m▀[0m[38;2;196;218;229m[48;2;156;169;191m▀[0m[38;2;196;218;229m[48;2;112;122;144m▀[0m[38;2;112;122;144m▀ [38;2;1;56;74m▄[38;2;1;56;74m▄[38;2;1;56;74m[48;2;26;101;115m▀[0m[38;2;26;101;115m[48;2;26;101;115m▀[0m[38;2;26;101;115m[48;2;26;101;115m▀[0m[38;2;26;101;115m[48;2;131;115;65m▀[0m[38;2;1;56;74m[48;2;253;233;165m▀[0m[38;2;253;233;165m[48;2;253;233;165m▀[0m[38;2;253;233;165m[48;2;131;115;65m▀[0m[38;2;131;115;65m[48;2;253;233;165m▀[0m[38;2;239;255;255m[48;2;26;101;115m▀[0m[38;2;26;101;115m[48;2;26;101;115m▀[0m[38;2;26;101;115m[48;2;26;101;115m▀[0m[38;2;26;101;115m[48;2;26;101;115m▀[0m[38;2;26;101;115m[48;2;26;101;115m▀[0m[38;2;26;101;115m[48;2;26;101;115m▀[0m[38;2;26;101;115m[48;2;239;255;255m▀[0m[38;2;239;255;255m[48;2;239;255;255m▀[0m[38;2;239;255;255m[48;2;16;16;24m▀[0m[38;2;16;16;24m▀              [38;2;156;169;191m[48;2;156;169;191m▀[0m[38;2;239;255;255m[48;2;239;255;255m▀[0m[38;2;239;255;255m[48;2;239;255;255m▀[0m[38;2;255;213;0m[48;2;255;213;0m▀[0m[38;2;239;255;255m[48;2;239;255;255m▀[0m[38;2;255;213;0m[48;2;255;213;0m▀[0m[38;2;156;169;191m[48;2;156;169;191m▀[0m[38;2;239;255;255m[48;2;196;218;229m▀[0m   [38;2;156;169;191m▄[38;2;156;169;191m[48;2;239;255;255m▀[0m[38;2;239;255;255m[48;2;239;255;255m▀[0m[38;2;239;255;255m[48;2;239;255;255m▀[0m[38;2;239;255;255m[48;2;239;255;255m▀[0m[38;2;239;255;255m[48;2;239;255;255m▀[0m[38;2;239;255;255m[48;2;239;255;255m▀[0m[38;2;239;255;255m[48;2;239;255;255m▀[0m[38;2;156;169;191m[48;2;112;122;144m▀[0m               
     [38;2;16;16;24m[48;2;16;16;24m▀[0m[38;2;249;115;97m[48;2;249;115;97m▀[0m[38;2;168;63;99m[48;2;168;63;99m▀[0m[38;2;196;218;229m[48;2;196;218;229m▀[0m[38;2;239;255;255m[48;2;196;218;229m▀[0m[38;2;239;255;255m[48;2;239;255;255m▀[0m[38;2;239;255;255m[48;2;168;63;99m▀[0m[38;2;168;63;99m[48;2;249;115;97m▀[0m[38;2;249;115;97m[48;2;249;115;97m▀[0m[38;2;249;115;97m[48;2;249;115;97m▀[0m[38;2;249;115;97m[48;2;249;115;97m▀[0m[38;2;239;255;255m[48;2;239;255;255m▀[0m[38;2;239;255;255m[48;2;239;255;255m▀[0m[38;2;239;255;255m[48;2;239;255;255m▀[0m[38;2;239;255;255m[48;2;196;218;229m▀[0m[38;2;196;218;229m[48;2;196;218;229m▀[0m[38;2;196;218;229m[48;2;196;218;229m▀[0m[38;2;196;218;229m[48;2;196;218;229m▀[0m[38;2;196;218;229m[48;2;1;56;74m▀[0m[38;2;196;218;229m[48;2;1;56;74m▀[0m[38;2;1;56;74m[48;2;1;56;74m▀[0m[38;2;1;56;74m[48;2;26;101;115m▀[0m[38;2;26;101;115m[48;2;26;101;115m▀[0m[38;2;26;101;115m[48;2;26;101;115m▀[0m[38;2;26;101;115m[48;2;26;101;115m▀[0m[38;2;26;101;115m[48;2;204;168;128m▀[0m[38;2;131;115;65m[48;2;204;168;128m▀[0m[38;2;253;233;165m[48;2;204;168;128m▀[0m[38;2;204;168;128m[48;2;253;233;165m▀[0m[38;2;204;168;128m[48;2;253;233;165m▀[0m[38;2;253;233;165m[48;2;253;233;165m▀[0m[38;2;253;233;165m[48;2;1;56;74m▀[0m[38;2;26;101;115m[48;2;26;101;115m▀[0m[38;2;26;101;115m[48;2;26;101;115m▀[0m[38;2;26;101;115m[48;2;26;101;115m▀[0m[38;2;26;101;115m[48;2;26;101;115m▀[0m[38;2;26;101;115m[48;2;26;101;115m▀[0m[38;2;239;255;255m[48;2;196;218;229m▀[0m[38;2;239;255;255m[48;2;239;255;255m▀[0m[38;2;239;255;255m[48;2;16;16;24m▀[0m[38;2;16;16;24m▀      [38;2;168;63;99m▄[38;2;168;63;99m▄[38;2;168;63;99m▄[38;2;168;63;99m▄[38;2;168;63;99m▄[38;2;168;63;99m▄   [38;2;156;169;191m[48;2;156;169;191m▀[0m[38;2;239;255;255m[48;2;239;255;255m▀[0m[38;2;255;213;0m[48;2;255;213;0m▀[0m[38;2;239;255;255m[48;2;239;255;255m▀[0m[38;2;239;255;255m[48;2;255;213;0m▀[0m[38;2;212;173;60m[48;2;212;173;60m▀[0m[38;2;196;218;229m[48;2;196;218;229m▀[0m[38;2;196;218;229m[48;2;112;122;144m▀[0m [38;2;156;169;191m▄[38;2;156;169;191m[48;2;239;255;255m▀[0m[38;2;239;255;255m[48;2;239;255;255m▀[0m[38;2;239;255;255m[48;2;239;255;255m▀[0m[38;2;239;255;255m[48;2;239;255;255m▀[0m[38;2;239;255;255m[48;2;239;255;255m▀[0m[38;2;239;255;255m[48;2;239;255;255m▀[0m[38;2;239;255;255m[48;2;239;255;255m▀[0m[38;2;239;255;255m[48;2;239;255;255m▀[0m[38;2;239;255;255m[48;2;239;255;255m▀[0m[38;2;112;122;144m[48;2;112;122;144m▀[0m               
     [38;2;16;16;24m▀[38;2;249;115;97m[48;2;16;16;24m▀[0m[38;2;249;115;97m[48;2;249;115;97m▀[0m[38;2;168;63;99m[48;2;249;115;97m▀[0m[38;2;168;63;99m[48;2;249;115;97m▀[0m[38;2;168;63;99m[48;2;249;115;97m▀[0m[38;2;249;115;97m[48;2;249;115;97m▀[0m[38;2;249;115;97m[48;2;249;115;97m▀[0m[38;2;249;115;97m[48;2;249;115;97m▀[0m[38;2;249;115;97m[48;2;244;185;176m▀[0m[38;2;244;185;176m[48;2;239;255;255m▀[0m[38;2;239;255;255m[48;2;1;56;74m▀[0m[38;2;239;255;255m[48;2;1;56;74m▀[0m[38;2;196;218;229m[48;2;1;56;74m▀[0m[38;2;196;218;229m[48;2;1;56;74m▀[0m[38;2;1;56;74m[48;2;26;101;115m▀[0m[38;2;1;56;74m[48;2;26;101;115m▀[0m[38;2;1;56;74m[48;2;26;101;115m▀[0m[38;2;26;101;115m[48;2;26;101;115m▀[0m[38;2;26;101;115m[48;2;26;101;115m▀[0m[38;2;26;101;115m[48;2;26;101;115m▀[0m[38;2;26;101;115m[48;2;1;56;74m▀[0m[38;2;1;56;74m[48;2;253;233;165m▀[0m[38;2;1;56;74m[48;2;253;233;165m▀[0m[38;2;253;233;165m[48;2;253;233;165m▀[0m[38;2;253;233;165m[48;2;253;233;165m▀[0m[38;2;253;233;165m[48;2;253;233;165m▀[0m[38;2;253;233;165m[48;2;253;233;165m▀[0m[38;2;253;233;165m[48;2;16;16;24m▀[0m[38;2;253;233;165m[48;2;1;56;74m▀[0m[38;2;1;56;74m[48;2;26;101;115m▀[0m[38;2;26;101;115m[48;2;26;101;115m▀[0m[38;2;26;101;115m[48;2;26;101;115m▀[0m[38;2;26;101;115m[48;2;26;101;115m▀[0m[38;2;26;101;115m[48;2;1;56;74m▀[0m[38;2;26;101;115m[48;2;1;56;74m▀[0m[38;2;26;101;115m[48;2;26;101;115m▀[0m[38;2;26;101;115m[48;2;26;101;115m▀[0m[38;2;196;218;229m[48;2;16;16;24m▀[0m[38;2;16;16;24m▀    [38;2;168;63;99m▄[38;2;168;63;99m[48;2;249;115;97m▀[0m[38;2;168;63;99m[48;2;249;115;97m▀[0m[38;2;249;115;97m[48;2;249;115;97m▀[0m[38;2;249;115;97m[48;2;168;63;99m▀[0m[38;2;249;115;97m[48;2;168;63;99m▀[0m[38;2;249;115;97m[48;2;168;63;99m▀[0m[38;2;249;115;97m[48;2;249;115;97m▀[0m[38;2;249;115;97m[48;2;249;115;97m▀[0m[38;2;168;63;99m[48;2;249;115;97m▀[0m[38;2;168;63;99m▄[38;2;112;122;144m[48;2;112;122;144m▀[0m[38;2;239;255;255m[48;2;239;255;255m▀[0m[38;2;239;255;255m[48;2;239;255;255m▀[0m[38;2;255;213;0m[48;2;239;255;255m▀[0m[38;2;239;255;255m[48;2;239;255;255m▀[0m[38;2;212;173;60m[48;2;112;122;144m▀[0m[38;2;196;218;229m▀[38;2;112;122;144m▀[38;2;156;169;191m▄[38;2;156;169;191m[48;2;239;255;255m▀[0m[38;2;239;255;255m[48;2;239;255;255m▀[0m[38;2;239;255;255m[48;2;239;255;255m▀[0m[38;2;239;255;255m[48;2;239;255;255m▀[0m[38;2;239;255;255m[48;2;239;255;255m▀[0m[38;2;239;255;255m[48;2;239;255;255m▀[0m[38;2;239;255;255m[48;2;239;255;255m▀[0m[38;2;239;255;255m[48;2;239;255;255m▀[0m[38;2;239;255;255m[48;2;239;255;255m▀[0m[38;2;239;255;255m[48;2;239;255;255m▀[0m[38;2;239;255;255m[48;2;239;255;255m▀[0m                
  [38;2;131;131;131m▄[38;2;131;131;131m[48;2;255;255;255m▀[0m[38;2;16;16;24m[48;2;255;255;255m▀[0m[38;2;168;63;99m▄[38;2;16;16;24m[48;2;249;115;97m▀[0m[38;2;16;16;24m[48;2;249;115;97m▀[0m[38;2;16;16;24m[48;2;249;115;97m▀[0m[38;2;1;56;74m[48;2;249;115;97m▀[0m[38;2;1;56;74m[48;2;1;56;74m▀[0m[38;2;1;56;74m[48;2;26;101;115m▀[0m[38;2;1;56;74m[48;2;115;180;205m▀[0m[38;2;1;56;74m[48;2;115;180;205m▀[0m[38;2;1;56;74m[48;2;115;180;205m▀[0m[38;2;26;101;115m[48;2;1;56;74m▀[0m[38;2;26;101;115m[48;2;1;56;74m▀[0m[38;2;26;101;115m[48;2;26;101;115m▀[0m[38;2;26;101;115m[48;2;1;56;74m▀[0m[38;2;26;101;115m[48;2;1;56;74m▀[0m[38;2;26;101;115m[48;2;1;56;74m▀[0m[38;2;26;101;115m[48;2;1;56;74m▀[0m[38;2;26;101;115m[48;2;1;56;74m▀[0m[38;2;1;56;74m[48;2;204;168;128m▀[0m[38;2;1;56;74m[48;2;204;168;128m▀[0m[38;2;1;56;74m[48;2;204;168;128m▀[0m[38;2;204;168;128m[48;2;204;168;128m▀[0m[38;2;204;168;128m[48;2;16;16;24m▀[0m[38;2;204;168;128m[48;2;16;16;24m▀[0m[38;2;204;168;128m[48;2;16;16;24m▀[0m[38;2;16;16;24m[48;2;26;101;115m▀[0m[38;2;16;16;24m[48;2;26;101;115m▀[0m[38;2;16;16;24m[48;2;26;101;115m▀[0m[38;2;26;101;115m[48;2;26;101;115m▀[0m[38;2;26;101;115m[48;2;26;101;115m▀[0m[38;2;26;101;115m[48;2;26;101;115m▀[0m[38;2;26;101;115m[48;2;26;101;115m▀[0m[38;2;26;101;115m[48;2;26;101;115m▀[0m[38;2;26;101;115m[48;2;26;101;115m▀[0m[38;2;26;101;115m[48;2;26;101;115m▀[0m[38;2;26;101;115m[48;2;26;101;115m▀[0m[38;2;1;56;74m[48;2;26;101;115m▀[0m[38;2;1;56;74m[48;2;26;101;115m▀[0m[38;2;1;56;74m[48;2;26;101;115m▀[0m[38;2;1;56;74m[48;2;26;101;115m▀[0m[38;2;1;56;74m▄[38;2;1;56;74m▄[38;2;1;56;74m▄[38;2;16;16;24m[48;2;249;115;97m▀[0m[38;2;249;115;97m[48;2;249;115;97m▀[0m[38;2;249;115;97m[48;2;168;63;99m▀[0m[38;2;168;63;99m[48;2;239;255;255m▀[0m[38;2;168;63;99m[48;2;239;255;255m▀[0m[38;2;239;255;255m[48;2;196;218;229m▀[0m[38;2;212;173;60m[48;2;255;227;90m▀[0m[38;2;196;218;229m[48;2;196;218;229m▀[0m[38;2;239;255;255m[48;2;239;255;255m▀[0m[38;2;168;63;99m[48;2;239;255;255m▀[0m[38;2;249;115;97m[48;2;168;63;99m▀[0m[38;2;249;115;97m[48;2;249;115;97m▀[0m[38;2;244;185;176m[48;2;249;115;97m▀[0m[38;2;112;122;144m[48;2;244;185;176m▀[0m[38;2;239;255;255m[48;2;156;169;191m▀[0m[38;2;239;255;255m[48;2;156;169;191m▀[0m[38;2;239;255;255m[48;2;196;218;229m▀[0m[38;2;112;122;144m[48;2;196;218;229m▀[0m[38;2;156;169;191m[48;2;239;255;255m▀[0m[38;2;156;169;191m[48;2;239;255;255m▀[0m[38;2;239;255;255m[48;2;239;255;255m▀[0m[38;2;239;255;255m[48;2;239;255;255m▀[0m[38;2;239;255;255m[48;2;239;255;255m▀[0m[38;2;239;255;255m[48;2;239;255;255m▀[0m[38;2;239;255;255m[48;2;239;255;255m▀[0m[38;2;239;255;255m[48;2;239;255;255m▀[0m[38;2;239;255;255m[48;2;239;255;255m▀[0m[38;2;239;255;255m[48;2;239;255;255m▀[0m[38;2;239;255;255m[48;2;239;255;255m▀[0m[38;2;239;255;255m[48;2;239;255;255m▀[0m[38;2;239;255;255m[48;2;239;255;255m▀[0m[38;2;239;255;255m[48;2;112;122;144m▀[0m                
 [38;2;131;131;131m[48;2;131;131;131m▀[0m[38;2;255;255;255m[48;2;255;255;255m▀[0m[38;2;255;255;255m[48;2;255;255;255m▀[0m[38;2;255;255;255m[48;2;168;63;99m▀[0m[38;2;249;115;97m[48;2;249;115;97m▀[0m[38;2;249;115;97m[48;2;168;63;99m▀[0m[38;2;249;115;97m[48;2;255;255;255m▀[0m[38;2;249;115;97m[48;2;255;255;255m▀[0m[38;2;168;63;99m[48;2;255;255;255m▀[0m[38;2;168;63;99m[48;2;255;255;255m▀[0m[38;2;1;56;74m[48;2;255;255;255m▀[0m[38;2;26;101;115m[48;2;1;56;74m▀[0m[38;2;26;101;115m[48;2;26;101;115m▀[0m[38;2;26;101;115m[48;2;26;101;115m▀[0m[38;2;26;101;115m[48;2;255;227;90m▀[0m[38;2;26;101;115m[48;2;255;227;90m▀[0m[38;2;255;227;90m[48;2;26;101;115m▀[0m[38;2;255;227;90m[48;2;26;101;115m▀[0m[38;2;26;101;115m[48;2;26;101;115m▀[0m[38;2;26;101;115m[48;2;26;101;115m▀[0m[38;2;26;101;115m[48;2;255;227;90m▀[0m[38;2;26;101;115m[48;2;255;227;90m▀[0m[38;2;16;16;24m[48;2;255;227;90m▀[0m[38;2;16;16;24m[48;2;255;227;90m▀[0m[38;2;16;16;24m[48;2;212;173;60m▀[0m[38;2;16;16;24m[48;2;26;101;115m▀[0m[38;2;26;101;115m[48;2;26;101;115m▀[0m[38;2;26;101;115m[48;2;26;101;115m▀[0m[38;2;26;101;115m[48;2;26;101;115m▀[0m[38;2;26;101;115m[48;2;26;101;115m▀[0m[38;2;26;101;115m[48;2;26;101;115m▀[0m[38;2;26;101;115m[48;2;26;101;115m▀[0m[38;2;26;101;115m[48;2;26;101;115m▀[0m[38;2;26;101;115m[48;2;26;101;115m▀[0m[38;2;26;101;115m[48;2;212;173;60m▀[0m[38;2;26;101;115m[48;2;26;101;115m▀[0m[38;2;26;101;115m[48;2;26;101;115m▀[0m[38;2;1;56;74m[48;2;16;16;24m▀[0m[38;2;1;56;74m▀[38;2;16;16;24m▀[38;2;26;101;115m▀[38;2;26;101;115m▀[38;2;26;101;115m▀[38;2;26;101;115m[48;2;16;16;24m▀[0m[38;2;26;101;115m[48;2;16;16;24m▀[0m[38;2;239;255;255m[48;2;16;16;24m▀[0m[38;2;16;16;24m[48;2;249;115;97m▀[0m[38;2;249;115;97m[48;2;168;63;99m▀[0m[38;2;168;63;99m[48;2;212;173;60m▀[0m[38;2;239;255;255m[48;2;212;173;60m▀[0m[38;2;239;255;255m[48;2;212;173;60m▀[0m[38;2;239;255;255m[48;2;212;173;60m▀[0m[38;2;212;173;60m[48;2;212;173;60m▀[0m[38;2;255;227;90m[48;2;255;227;90m▀[0m[38;2;239;255;255m[48;2;239;255;255m▀[0m[38;2;239;255;255m[48;2;239;255;255m▀[0m[38;2;239;255;255m[48;2;239;255;255m▀[0m[38;2;239;255;255m[48;2;196;218;229m▀[0m[38;2;249;115;97m[48;2;249;115;97m▀[0m[38;2;249;115;97m[48;2;249;115;97m▀[0m[38;2;244;185;176m[48;2;249;115;97m▀[0m[38;2;196;218;229m[48;2;244;185;176m▀[0m[38;2;196;218;229m[48;2;196;218;229m▀[0m[38;2;196;218;229m[48;2;196;218;229m▀[0m[38;2;196;218;229m[48;2;196;218;229m▀[0m[38;2;196;218;229m[48;2;196;218;229m▀[0m[38;2;239;255;255m[48;2;196;218;229m▀[0m[38;2;239;255;255m[48;2;239;255;255m▀[0m[38;2;239;255;255m[48;2;239;255;255m▀[0m[38;2;239;255;255m[48;2;239;255;255m▀[0m[38;2;239;255;255m[48;2;239;255;255m▀[0m[38;2;239;255;255m[48;2;239;255;255m▀[0m[38;2;239;255;255m[48;2;255;213;0m▀[0m[38;2;239;255;255m[48;2;255;213;0m▀[0m[38;2;239;255;255m[48;2;239;255;255m▀[0m[38;2;255;213;0m[48;2;239;255;255m▀[0m[38;2;239;255;255m[48;2;196;218;229m▀[0m[38;2;239;255;255m[48;2;156;169;191m▀[0m[38;2;112;122;144m▀                
 [38;2;131;131;131m▀[38;2;255;255;255m[48;2;16;16;24m▀[0m[38;2;131;131;131m[48;2;168;63;99m▀[0m[38;2;249;115;97m[48;2;249;115;97m▀[0m[38;2;16;16;24m[48;2;255;255;255m▀[0m[38;2;255;255;255m[48;2;255;255;255m▀[0m[38;2;255;255;255m[48;2;255;255;255m▀[0m[38;2;255;255;255m[48;2;255;255;255m▀[0m[38;2;255;255;255m[48;2;131;131;131m▀[0m[38;2;255;255;255m[48;2;168;63;99m▀[0m[38;2;168;63;99m[48;2;249;115;97m▀[0m[38;2;249;115;97m[48;2;249;115;97m▀[0m[38;2;1;56;74m[48;2;1;56;74m▀[0m[38;2;212;173;60m[48;2;255;227;90m▀[0m[38;2;212;173;60m[48;2;255;227;90m▀[0m[38;2;255;227;90m[48;2;131;115;65m▀[0m[38;2;255;227;90m[48;2;131;115;65m▀[0m[38;2;255;227;90m[48;2;212;173;60m▀[0m[38;2;255;227;90m[48;2;255;227;90m▀[0m[38;2;255;227;90m[48;2;255;227;90m▀[0m[38;2;255;227;90m[48;2;255;227;90m▀[0m[38;2;255;227;90m[48;2;26;101;115m▀[0m[38;2;255;227;90m[48;2;26;101;115m▀[0m[38;2;255;227;90m[48;2;26;101;115m▀[0m[38;2;255;227;90m[48;2;26;101;115m▀[0m[38;2;26;101;115m[48;2;26;101;115m▀[0m[38;2;26;101;115m[48;2;26;101;115m▀[0m[38;2;26;101;115m[48;2;26;101;115m▀[0m[38;2;26;101;115m[48;2;26;101;115m▀[0m[38;2;26;101;115m[48;2;255;227;90m▀[0m[38;2;26;101;115m[48;2;255;227;90m▀[0m[38;2;26;101;115m[48;2;26;101;115m▀[0m[38;2;255;227;90m[48;2;255;227;90m▀[0m[38;2;26;101;115m[48;2;26;101;115m▀[0m[38;2;212;173;60m[48;2;26;101;115m▀[0m[38;2;26;101;115m[48;2;26;101;115m▀[0m[38;2;16;16;24m▀        [38;2;16;16;24m[48;2;16;16;24m▀[0m[38;2;249;115;97m[48;2;249;115;97m▀[0m[38;2;255;227;90m[48;2;196;218;229m▀[0m[38;2;255;227;90m[48;2;196;218;229m▀[0m[38;2;255;227;90m[48;2;239;255;255m▀[0m[38;2;255;227;90m[48;2;239;255;255m▀[0m[38;2;255;227;90m[48;2;255;227;90m▀[0m[38;2;255;227;90m[48;2;255;227;90m▀[0m[38;2;255;227;90m[48;2;255;227;90m▀[0m[38;2;212;173;60m[48;2;255;227;90m▀[0m[38;2;212;173;60m[48;2;255;227;90m▀[0m[38;2;212;173;60m[48;2;255;227;90m▀[0m[38;2;212;173;60m[48;2;255;227;90m▀[0m[38;2;249;115;97m[48;2;249;115;97m▀[0m[38;2;249;115;97m[48;2;249;115;97m▀[0m[38;2;249;115;97m[48;2;249;115;97m▀[0m[38;2;244;185;176m[48;2;244;185;176m▀[0m[38;2;196;218;229m[48;2;196;218;229m▀[0m[38;2;196;218;229m[48;2;212;173;60m▀[0m[38;2;212;173;60m[48;2;255;213;0m▀[0m[38;2;196;218;229m[48;2;212;173;60m▀[0m[38;2;196;218;229m[48;2;196;218;229m▀[0m[38;2;239;255;255m[48;2;239;255;255m▀[0m[38;2;239;255;255m[48;2;239;255;255m▀[0m[38;2;239;255;255m[48;2;255;213;0m▀[0m[38;2;239;255;255m[48;2;255;213;0m▀[0m[38;2;239;255;255m[48;2;239;255;255m▀[0m[38;2;255;213;0m[48;2;255;213;0m▀[0m[38;2;255;213;0m[48;2;255;213;0m▀[0m[38;2;239;255;255m[48;2;239;255;255m▀[0m[38;2;239;255;255m[48;2;112;122;144m▀[0m[38;2;112;122;144m▀                  
  [38;2;16;16;24m[48;2;16;16;24m▀[0m[38;2;249;115;97m[48;2;249;115;97m▀[0m[38;2;78;29;46m[48;2;78;29;46m▀[0m[38;2;78;29;46m[48;2;78;29;46m▀[0m[38;2;16;16;24m[48;2;78;29;46m▀[0m[38;2;16;16;24m[48;2;16;16;24m▀[0m[38;2;16;16;24m[48;2;16;16;24m▀[0m[38;2;168;63;99m[48;2;249;115;97m▀[0m[38;2;249;115;97m[48;2;249;115;97m▀[0m[38;2;249;115;97m[48;2;249;115;97m▀[0m[38;2;249;115;97m[48;2;249;115;97m▀[0m[38;2;1;56;74m[48;2;1;56;74m▀[0m[38;2;255;227;90m[48;2;255;227;90m▀[0m[38;2;212;173;60m[48;2;131;115;65m▀[0m[38;2;255;230;92m[48;2;16;16;24m▀[0m[38;2;168;63;99m[48;2;255;119;125m▀[0m[38;2;16;16;24m[48;2;16;16;24m▀[0m[38;2;16;16;24m[48;2;16;16;24m▀[0m[38;2;16;16;24m[48;2;255;227;90m▀[0m[38;2;255;227;90m[48;2;255;227;90m▀[0m[38;2;26;101;115m[48;2;255;227;90m▀[0m[38;2;26;101;115m[48;2;255;227;90m▀[0m[38;2;255;227;90m[48;2;255;227;90m▀[0m[38;2;255;227;90m[48;2;255;227;90m▀[0m[38;2;26;101;115m[48;2;255;227;90m▀[0m[38;2;255;227;90m[48;2;255;227;90m▀[0m[38;2;255;227;90m[48;2;255;227;90m▀[0m[38;2;26;101;115m[48;2;26;101;115m▀[0m[38;2;255;227;90m[48;2;255;227;90m▀[0m[38;2;255;227;90m[48;2;212;173;60m▀[0m[38;2;26;101;115m[48;2;26;101;115m▀[0m[38;2;26;101;115m[48;2;26;101;115m▀[0m[38;2;26;101;115m[48;2;26;101;115m▀[0m[38;2;26;101;115m[48;2;16;16;24m▀[0m[38;2;16;16;24m▀         [38;2;16;16;24m[48;2;16;16;24m▀[0m[38;2;249;115;97m[48;2;249;115;97m▀[0m[38;2;239;255;255m[48;2;239;255;255m▀[0m[38;2;239;255;255m[48;2;239;255;255m▀[0m[38;2;239;255;255m[48;2;239;255;255m▀[0m[38;2;239;255;255m[48;2;239;255;255m▀[0m[38;2;212;173;60m[48;2;212;173;60m▀[0m[38;2;255;227;90m[48;2;255;227;90m▀[0m[38;2;239;255;255m[48;2;239;255;255m▀[0m[38;2;239;255;255m[48;2;239;255;255m▀[0m[38;2;239;255;255m[48;2;239;255;255m▀[0m[38;2;196;218;229m[48;2;239;255;255m▀[0m[38;2;196;218;229m[48;2;168;63;99m▀[0m[38;2;249;115;97m[48;2;249;115;97m▀[0m[38;2;249;115;97m[48;2;249;115;97m▀[0m[38;2;249;115;97m[48;2;249;115;97m▀[0m[38;2;244;185;176m[48;2;244;185;176m▀[0m[38;2;196;218;229m[48;2;196;218;229m▀[0m[38;2;255;213;0m[48;2;249;115;97m▀[0m[38;2;249;115;97m[48;2;249;115;97m▀[0m[38;2;255;213;0m[48;2;255;213;0m▀[0m[38;2;212;173;60m[48;2;212;173;60m▀[0m[38;2;255;213;0m[48;2;212;173;60m▀[0m[38;2;239;255;255m[48;2;239;255;255m▀[0m[38;2;255;213;0m[48;2;255;213;0m▀[0m[38;2;255;213;0m[48;2;255;213;0m▀[0m[38;2;239;255;255m[48;2;239;255;255m▀[0m[38;2;239;255;255m[48;2;239;255;255m▀[0m[38;2;239;255;255m[48;2;112;122;144m▀[0m[38;2;112;122;144m▀                    
[38;2;131;131;131m▄[38;2;131;131;131m[48;2;255;255;255m▀[0m[38;2;168;63;99m[48;2;131;131;131m▀[0m[38;2;249;115;97m[48;2;168;63;99m▀[0m[38;2;16;16;24m[48;2;16;16;24m▀[0m[38;2;78;29;46m[48;2;78;29;46m▀[0m[38;2;78;29;46m[48;2;78;29;46m▀[0m[38;2;78;29;46m[48;2;78;29;46m▀[0m[38;2;16;16;24m[48;2;16;16;24m▀[0m[38;2;249;115;97m[48;2;249;115;97m▀[0m[38;2;249;115;97m[48;2;249;115;97m▀[0m[38;2;249;115;97m[48;2;249;115;97m▀[0m[38;2;249;115;97m[48;2;249;115;97m▀[0m[38;2;1;56;74m[48;2;1;56;74m▀[0m[38;2;255;227;90m[48;2;26;101;115m▀[0m[38;2;212;173;60m[48;2;255;227;90m▀[0m[38;2;255;119;125m[48;2;16;16;24m▀[0m[38;2;255;119;125m[48;2;16;16;24m▀[0m[38;2;16;16;24m[48;2;255;227;90m▀[0m[38;2;212;173;60m[48;2;16;16;24m▀[0m[38;2;255;227;90m[48;2;255;227;90m▀[0m[38;2;255;227;90m[48;2;212;173;60m▀[0m[38;2;255;227;90m[48;2;26;101;115m▀[0m[38;2;255;227;90m[48;2;212;173;60m▀[0m[38;2;255;227;90m[48;2;255;227;90m▀[0m[38;2;255;227;90m[48;2;255;227;90m▀[0m[38;2;255;227;90m[48;2;26;101;115m▀[0m[38;2;255;227;90m[48;2;26;101;115m▀[0m[38;2;255;227;90m[48;2;26;101;115m▀[0m[38;2;26;101;115m[48;2;26;101;115m▀[0m[38;2;26;101;115m[48;2;26;101;115m▀[0m[38;2;26;101;115m[48;2;26;101;115m▀[0m[38;2;26;101;115m[48;2;16;16;24m▀[0m[38;2;26;101;115m[48;2;16;16;24m▀[0m[38;2;16;16;24m▀           [38;2;16;16;24m▀[38;2;249;115;97m[48;2;16;16;24m▀[0m[38;2;168;63;99m[48;2;168;63;99m▀[0m[38;2;239;255;255m[48;2;239;255;255m▀[0m[38;2;239;255;255m[48;2;239;255;255m▀[0m[38;2;196;218;229m[48;2;196;218;229m▀[0m[38;2;212;173;60m[48;2;212;173;60m▀[0m[38;2;255;227;90m[48;2;255;227;90m▀[0m[38;2;239;255;255m[48;2;196;218;229m▀[0m[38;2;239;255;255m[48;2;239;255;255m▀[0m[38;2;239;255;255m[48;2;239;255;255m▀[0m[38;2;239;255;255m[48;2;168;63;99m▀[0m[38;2;168;63;99m[48;2;249;115;97m▀[0m[38;2;249;115;97m[48;2;249;115;97m▀[0m[38;2;249;115;97m[48;2;249;115;97m▀[0m[38;2;244;185;176m[48;2;244;185;176m▀[0m[38;2;196;218;229m[48;2;196;218;229m▀[0m[38;2;255;213;0m[48;2;255;213;0m▀[0m[38;2;249;115;97m[48;2;255;119;125m▀[0m[38;2;249;115;97m[48;2;255;213;0m▀[0m[38;2;255;213;0m[48;2;212;173;60m▀[0m[38;2;212;173;60m[48;2;212;173;60m▀[0m[38;2;212;173;60m[48;2;255;213;0m▀[0m[38;2;239;255;255m[48;2;239;255;255m▀[0m[38;2;255;213;0m[48;2;239;255;255m▀[0m[38;2;255;213;0m[48;2;239;255;255m▀[0m[38;2;239;255;255m[48;2;112;122;144m▀[0m[38;2;112;122;144m▀                      
[38;2;131;131;131m[48;2;131;131;131m▀[0m[38;2;255;255;255m[48;2;255;255;255m▀[0m[38;2;255;255;255m[48;2;255;255;255m▀[0m[38;2;168;63;99m[48;2;168;63;99m▀[0m[38;2;168;63;99m[48;2;168;63;99m▀[0m[38;2;78;29;46m[48;2;255;255;255m▀[0m[38;2;78;29;46m[48;2;131;131;131m▀[0m[38;2;16;16;24m[48;2;168;63;99m▀[0m[38;2;249;115;97m[48;2;168;63;99m▀[0m[38;2;249;115;97m[48;2;249;115;97m▀[0m[38;2;249;115;97m[48;2;249;115;97m▀[0m[38;2;249;115;97m[48;2;168;63;99m▀[0m[38;2;168;63;99m[48;2;168;63;99m▀[0m[38;2;1;56;74m[48;2;1;56;74m▀[0m[38;2;26;101;115m[48;2;26;101;115m▀[0m[38;2;255;227;90m[48;2;26;101;115m▀[0m[38;2;255;227;90m[48;2;16;16;24m▀[0m[38;2;255;227;90m[48;2;16;16;24m▀[0m[38;2;16;16;24m[48;2;255;227;90m▀[0m[38;2;255;227;90m[48;2;255;227;90m▀[0m[38;2;255;227;90m[48;2;26;101;115m▀[0m[38;2;26;101;115m[48;2;26;101;115m▀[0m[38;2;26;101;115m[48;2;26;101;115m▀[0m[38;2;26;101;115m[48;2;26;101;115m▀[0m[38;2;26;101;115m[48;2;26;101;115m▀[0m[38;2;26;101;115m[48;2;26;101;115m▀[0m[38;2;26;101;115m[48;2;26;101;115m▀[0m[38;2;26;101;115m[48;2;26;101;115m▀[0m[38;2;26;101;115m[48;2;26;101;115m▀[0m[38;2;26;101;115m[48;2;16;16;24m▀[0m[38;2;26;101;115m[48;2;16;16;24m▀[0m[38;2;16;16;24m▀               [38;2;16;16;24m▀[38;2;249;115;97m[48;2;249;115;97m▀[0m[38;2;168;63;99m[48;2;249;115;97m▀[0m[38;2;168;63;99m[48;2;249;115;97m▀[0m[38;2;196;218;229m[48;2;168;63;99m▀[0m[38;2;212;173;60m[48;2;168;63;99m▀[0m[38;2;255;227;90m[48;2;168;63;99m▀[0m[38;2;196;218;229m[48;2;168;63;99m▀[0m[38;2;168;63;99m[48;2;249;115;97m▀[0m[38;2;168;63;99m[48;2;249;115;97m▀[0m[38;2;249;115;97m[48;2;249;115;97m▀[0m[38;2;249;115;97m[48;2;249;115;97m▀[0m[38;2;249;115;97m[48;2;244;185;176m▀[0m[38;2;244;185;176m[48;2;196;218;229m▀[0m[38;2;196;218;229m[48;2;196;218;229m▀[0m[38;2;196;218;229m[48;2;196;218;229m▀[0m[38;2;212;173;60m[48;2;196;218;229m▀[0m[38;2;255;213;0m[48;2;212;173;60m▀[0m[38;2;255;213;0m[48;2;212;173;60m▀[0m[38;2;212;173;60m[48;2;196;218;229m▀[0m[38;2;239;255;255m[48;2;239;255;255m▀[0m[38;2;239;255;255m[48;2;239;255;255m▀[0m[38;2;239;255;255m[48;2;112;122;144m▀[0m[38;2;239;255;255m[48;2;112;122;144m▀[0m[38;2;112;122;144m▀                        
 [38;2;16;16;24m▀[38;2;255;255;255m▀[38;2;131;131;131m▀[38;2;168;63;99m[48;2;16;16;24m▀[0m[38;2;255;255;255m[48;2;168;63;99m▀[0m[38;2;255;255;255m[48;2;255;255;255m▀[0m[38;2;255;255;255m[48;2;255;255;255m▀[0m[38;2;131;131;131m[48;2;255;255;255m▀[0m[38;2;168;63;99m[48;2;255;255;255m▀[0m[38;2;168;63;99m[48;2;255;255;255m▀[0m[38;2;168;63;99m[48;2;16;16;24m▀[0m[38;2;16;16;24m[48;2;26;101;115m▀[0m[38;2;26;101;115m[48;2;26;101;115m▀[0m[38;2;26;101;115m[48;2;26;101;115m▀[0m[38;2;26;101;115m[48;2;26;101;115m▀[0m[38;2;26;101;115m[48;2;26;101;115m▀[0m[38;2;26;101;115m[48;2;26;101;115m▀[0m[38;2;26;101;115m[48;2;26;101;115m▀[0m[38;2;26;101;115m[48;2;16;16;24m▀[0m[38;2;26;101;115m[48;2;16;16;24m▀[0m[38;2;26;101;115m[48;2;16;16;24m▀[0m[38;2;26;101;115m[48;2;16;16;24m▀[0m[38;2;26;101;115m[48;2;112;122;144m▀[0m[38;2;26;101;115m▀[38;2;26;101;115m▀[38;2;26;101;115m▀[38;2;16;16;24m▀[38;2;16;16;24m▀                   [38;2;16;16;24m▀[38;2;249;115;97m▀[38;2;249;115;97m▀[38;2;249;115;97m[48;2;16;16;24m▀[0m[38;2;249;115;97m[48;2;16;16;24m▀[0m[38;2;249;115;97m[48;2;16;16;24m▀[0m[38;2;249;115;97m[48;2;244;185;176m▀[0m[38;2;249;115;97m[48;2;244;185;176m▀[0m[38;2;249;115;97m[48;2;244;185;176m▀[0m[38;2;249;115;97m[48;2;196;218;229m▀[0m[38;2;249;115;97m[48;2;196;218;229m▀[0m[38;2;196;218;229m[48;2;196;218;229m▀[0m[38;2;196;218;229m[48;2;196;218;229m▀[0m[38;2;196;218;229m[48;2;196;218;229m▀[0m[38;2;196;218;229m[48;2;196;218;229m▀[0m[38;2;196;218;229m[48;2;112;122;144m▀[0m[38;2;196;218;229m[48;2;112;122;144m▀[0m[38;2;196;218;229m[48;2;112;122;144m▀[0m[38;2;239;255;255m▀[38;2;239;255;255m▀[38;2;112;122;144m▀                           
     [38;2;16;16;24m▀[38;2;131;131;131m▀[38;2;255;255;255m[48;2;16;16;24m▀[0m[38;2;255;255;255m[48;2;16;16;24m▀[0m[38;2;255;255;255m[48;2;16;16;24m▀[0m[38;2;16;16;24m▀[38;2;16;16;24m▀[38;2;16;16;24m▀[38;2;16;16;24m[48;2;112;122;144m▀[0m[38;2;16;16;24m[48;2;196;218;229m▀[0m[38;2;16;16;24m[48;2;196;218;229m▀[0m[38;2;16;16;24m[48;2;196;218;229m▀[0m[38;2;16;16;24m[48;2;196;218;229m▀[0m[38;2;16;16;24m[48;2;212;173;60m▀[0m[38;2;212;173;60m[48;2;196;218;229m▀[0m[38;2;196;218;229m[48;2;196;218;229m▀[0m[38;2;196;218;229m[48;2;112;122;144m▀[0m[38;2;112;122;144m▀                               [38;2;16;16;24m▀[38;2;16;16;24m▀[38;2;16;16;24m▀[38;2;112;122;144m▀[38;2;112;122;144m[48;2;112;122;144m▀[0m[38;2;156;169;191m[48;2;196;218;229m▀[0m[38;2;156;169;191m[48;2;196;218;229m▀[0m[38;2;196;218;229m[48;2;196;218;229m▀[0m[38;2;112;122;144m[48;2;196;218;229m▀[0m[38;2;112;122;144m▄                                
             [38;2;112;122;144m▀[38;2;196;218;229m[48;2;112;122;144m▀[0m[38;2;196;218;229m[48;2;196;218;229m▀[0m[38;2;196;218;229m[48;2;196;218;229m▀[0m[38;2;212;173;60m[48;2;196;218;229m▀[0m[38;2;196;218;229m[48;2;196;218;229m▀[0m[38;2;196;218;229m[48;2;112;122;144m▀[0m[38;2;112;122;144m▀ [38;2;156;169;191m▄[38;2;156;169;191m▄                                   [38;2;196;218;229m[48;2;196;218;229m▀[0m[38;2;196;218;229m[48;2;196;218;229m▀[0m[38;2;196;218;229m[48;2;212;173;60m▀[0m[38;2;196;218;229m[48;2;196;218;229m▀[0m[38;2;112;122;144m[48;2;112;122;144m▀[0m                                
              [38;2;112;122;144m▀[38;2;196;218;229m[48;2;112;122;144m▀[0m[38;2;196;218;229m[48;2;196;218;229m▀[0m[38;2;196;218;229m[48;2;196;218;229m▀[0m[38;2;196;218;229m[48;2;196;218;229m▀[0m[38;2;112;122;144m[48;2;156;169;191m▀[0m[38;2;156;169;191m▄[38;2;156;169;191m[48;2;196;218;229m▀[0m[38;2;196;218;229m[48;2;196;218;229m▀[0m[38;2;196;218;229m[48;2;196;218;229m▀[0m[38;2;156;169;191m[48;2;156;169;191m▀[0m                                  [38;2;196;218;229m[48;2;196;218;229m▀[0m[38;2;196;218;229m[48;2;196;218;229m▀[0m[38;2;212;173;60m[48;2;212;173;60m▀[0m[38;2;196;218;229m[48;2;196;218;229m▀[0m[38;2;196;218;229m[48;2;212;173;60m▀[0m[38;2;112;122;144m[48;2;196;218;229m▀[0m[38;2;112;122;144m▄                              
                [38;2;196;218;229m[48;2;112;122;144m▀[0m[38;2;196;218;229m[48;2;156;169;191m▀[0m[38;2;196;218;229m[48;2;196;218;229m▀[0m[38;2;196;218;229m[48;2;196;218;229m▀[0m[38;2;196;218;229m[48;2;196;218;229m▀[0m[38;2;196;218;229m[48;2;112;122;144m▀[0m[38;2;196;218;229m[48;2;112;122;144m▀[0m[38;2;112;122;144m▀                                  [38;2;112;122;144m▄[38;2;196;218;229m[48;2;196;218;229m▀[0m[38;2;196;218;229m[48;2;196;218;229m▀[0m[38;2;212;173;60m[48;2;212;173;60m▀[0m[38;2;196;218;229m[48;2;196;218;229m▀[0m[38;2;212;173;60m[48;2;212;173;60m▀[0m[38;2;196;218;229m[48;2;196;218;229m▀[0m[38;2;112;122;144m[48;2;112;122;144m▀[0m                              
                  [38;2;112;122;144m▀[38;2;112;122;144m▀[38;2;112;122;144m▀                                     [38;2;112;122;144m[48;2;112;122;144m▀[0m[38;2;196;218;229m[48;2;196;218;229m▀[0m[38;2;196;218;229m[48;2;196;218;229m▀[0m[38;2;212;173;60m[48;2;212;173;60m▀[0m[38;2;196;218;229m[48;2;196;218;229m▀[0m[38;2;212;173;60m[48;2;212;173;60m▀[0m[38;2;196;218;229m[48;2;196;218;229m▀[0m[38;2;112;122;144m[48;2;112;122;144m▀[0m[38;2;156;169;191m▄[38;2;156;169;191m▄[38;2;156;169;191m[48;2;196;218;229m▀[0m[38;2;156;169;191m[48;2;196;218;229m▀[0m[38;2;156;169;191m▄                         
                                                         [38;2;112;122;144m[48;2;112;122;144m▀[0m[38;2;196;218;229m[48;2;196;218;229m▀[0m[38;2;196;218;229m[48;2;196;218;229m▀[0m[38;2;212;173;60m[48;2;212;173;60m▀[0m[38;2;196;218;229m[48;2;196;218;229m▀[0m[38;2;212;173;60m[48;2;212;173;60m▀[0m[38;2;196;218;229m[48;2;196;218;229m▀[0m[38;2;156;169;191m[48;2;196;218;229m▀[0m[38;2;196;218;229m[48;2;196;218;229m▀[0m[38;2;196;218;229m[48;2;156;169;191m▀[0m[38;2;196;218;229m[48;2;112;122;144m▀[0m[38;2;196;218;229m[48;2;112;122;144m▀[0m[38;2;112;122;144m▀                          
                                                         [38;2;112;122;144m▀[38;2;196;218;229m[48;2;112;122;144m▀[0m[38;2;196;218;229m[48;2;196;218;229m▀[0m[38;2;212;173;60m[48;2;196;218;229m▀[0m[38;2;196;218;229m[48;2;196;218;229m▀[0m[38;2;196;218;229m[48;2;196;218;229m▀[0m[38;2;196;218;229m[48;2;112;122;144m▀[0m[38;2;112;122;144m▀[38;2;112;122;144m▀                              
                                                           [38;2;112;122;144m▀[38;2;112;122;144m▀[38;2;112;122;144m▀[38;2;112;122;144m▀                                 
[0m