                                                                    [38;2;90;16;0m▄[38;2;90;16;0m▄[38;2;90;16;0m[48;2;189;57;65m▀[0m[38;2;90;16;0m[48;2;189;57;65m▀[0m[38;2;90;16;0m▄                      
                                                                 [38;2;90;16;0m▄[38;2;90;16;0m▄[38;2;90;16;0m[48;2;189;57;65m▀[0m[38;2;189;57;65m[48;2;16;16;16m▀[0m[38;2;189;57;65m[48;2;16;16;16m▀[0m[38;2;16;16;16m▀[38;2;16;16;16m▀                       
                                                     [38;2;72;65;119m▄[38;2;72;65;119m▄[38;2;251;110;59m▄[38;2;251;110;59m▄[38;2;189;57;65m[48;2;251;110;59m▀[0m[38;2;16;16;16m[48;2;47;39;77m▀[0m[38;2;16;16;16m[48;2;47;39;77m▀[0m[38;2;72;65;119m▄[38;2;189;57;65m▄[38;2;16;16;16m[48;2;189;57;65m▀[0m[38;2;90;16;0m[48;2;16;16;16m▀[0m[38;2;90;16;0m[48;2;16;16;16m▀[0m[38;2;189;57;65m▀[38;2;189;57;65m▀[38;2;16;16;16m▀                           
                                              [38;2;72;65;119m▄[38;2;72;65;119m▄[38;2;72;65;119m▄[38;2;72;65;119m▄[38;2;72;65;119m▄[38;2;16;16;16m▄[38;2;72;65;119m[48;2;100;97;151m▀[0m[38;2;100;97;151m[48;2;100;97;151m▀[0m[38;2;100;97;151m[48;2;100;97;151m▀[0m[38;2;100;97;151m[48;2;123;123;205m▀[0m[38;2;251;110;59m[48;2;123;123;205m▀[0m[38;2;251;110;59m[48;2;251;110;59m▀[0m[38;2;189;57;65m[48;2;47;39;77m▀[0m[38;2;189;57;65m[48;2;47;39;77m▀[0m[38;2;189;57;65m[48;2;100;97;151m▀[0m[38;2;16;16;16m[48;2;16;16;16m▀[0m[38;2;16;16;16m▀                                
                                 [38;2;189;57;65m▄[38;2;189;57;65m▄[38;2;72;65;119m[48;2;251;110;59m▀[0m[38;2;72;65;119m[48;2;100;97;151m▀[0m[38;2;72;65;119m[48;2;100;97;151m▀[0m[38;2;47;39;77m▄[38;2;47;39;77m▄[38;2;47;39;77m▄[38;2;72;65;119m▄[38;2;72;65;119m[48;2;100;97;151m▀[0m[38;2;72;65;119m[48;2;100;97;151m▀[0m[38;2;72;65;119m[48;2;100;97;151m▀[0m[38;2;72;65;119m[48;2;100;97;151m▀[0m[38;2;100;97;151m[48;2;100;97;151m▀[0m[38;2;100;97;151m[48;2;100;97;151m▀[0m[38;2;100;97;151m[48;2;100;97;151m▀[0m[38;2;100;97;151m[48;2;100;97;151m▀[0m[38;2;16;16;16m[48;2;16;16;16m▀[0m[38;2;100;97;151m[48;2;100;97;151m▀[0m[38;2;100;97;151m[48;2;100;97;151m▀[0m[38;2;123;123;205m[48;2;72;65;119m▀[0m[38;2;123;123;205m[48;2;72;65;119m▀[0m[38;2;72;65;119m[48;2;72;65;119m▀[0m[38;2;72;65;119m[48;2;72;65;119m▀[0m[38;2;189;57;65m[48;2;189;57;65m▀[0m[38;2;189;57;65m[48;2;189;57;65m▀[0m[38;2;189;57;65m[48;2;16;16;16m▀[0m[38;2;16;16;16m▀                                  
                               [38;2;47;39;77m▄[38;2;189;57;65m[48;2;251;110;59m▀[0m[38;2;251;110;59m[48;2;251;110;59m▀[0m[38;2;251;110;59m[48;2;251;110;59m▀[0m[38;2;251;110;59m[48;2;251;110;59m▀[0m[38;2;189;57;65m[48;2;47;39;77m▀[0m[38;2;47;39;77m[48;2;100;97;151m▀[0m[38;2;72;65;119m[48;2;100;97;151m▀[0m[38;2;100;97;151m[48;2;100;97;151m▀[0m[38;2;100;97;151m[48;2;100;97;151m▀[0m[38;2;100;97;151m[48;2;100;97;151m▀[0m[38;2;100;97;151m[48;2;100;97;151m▀[0m[38;2;100;97;151m[48;2;255;213;24m▀[0m[38;2;100;97;151m[48;2;255;213;24m▀[0m[38;2;255;213;24m[48;2;100;97;151m▀[0m[38;2;100;97;151m[48;2;123;123;205m▀[0m[38;2;100;97;151m[48;2;123;123;205m▀[0m[38;2;123;123;205m[48;2;72;65;119m▀[0m[38;2;123;123;205m[48;2;72;65;119m▀[0m[38;2;100;97;151m[48;2;72;65;119m▀[0m[38;2;16;16;16m[48;2;72;65;119m▀[0m[38;2;72;65;119m[48;2;16;16;16m▀[0m[38;2;72;65;119m[48;2;16;16;16m▀[0m[38;2;72;65;119m[48;2;16;16;16m▀[0m[38;2;72;65;119m[48;2;16;16;16m▀[0m[38;2;72;65;119m[48;2;16;16;16m▀[0m[38;2;189;57;65m[48;2;16;16;16m▀[0m[38;2;16;16;16m▀                                    
                    [38;2;72;65;119m▄[38;2;100;97;151m▄[38;2;100;97;151m▄[38;2;72;65;119m[48;2;100;97;151m▀[0m[38;2;72;65;119m[48;2;100;97;151m▀[0m[38;2;72;65;119m[48;2;100;97;151m▀[0m[38;2;47;39;77m[48;2;100;97;151m▀[0m[38;2;47;39;77m[48;2;100;97;151m▀[0m[38;2;47;39;77m[48;2;100;97;151m▀[0m[38;2;47;39;77m[48;2;47;39;77m▀[0m[38;2;47;39;77m[48;2;100;97;151m▀[0m[38;2;100;97;151m[48;2;100;97;151m▀[0m[38;2;100;97;151m[48;2;123;123;205m▀[0m[38;2;251;110;59m[48;2;123;123;205m▀[0m[38;2;251;110;59m[48;2;189;57;65m▀[0m[38;2;47;39;77m[48;2;47;39;77m▀[0m[38;2;100;97;151m[48;2;100;97;151m▀[0m[38;2;255;213;24m[48;2;255;213;24m▀[0m[38;2;255;213;24m[48;2;255;213;24m▀[0m[38;2;100;97;151m[48;2;255;213;24m▀[0m[38;2;100;97;151m[48;2;255;213;24m▀[0m[38;2;255;213;24m[48;2;255;239;164m▀[0m[38;2;255;213;24m[48;2;255;239;164m▀[0m[38;2;255;213;24m[48;2;72;65;119m▀[0m[38;2;123;123;205m[48;2;72;65;119m▀[0m[38;2;123;123;205m[48;2;72;65;119m▀[0m[38;2;72;65;119m[48;2;72;65;119m▀[0m[38;2;72;65;119m[48;2;16;16;16m▀[0m[38;2;72;65;119m[48;2;255;213;24m▀[0m[38;2;72;65;119m[48;2;16;16;16m▀[0m[38;2;72;65;119m[48;2;16;16;16m▀[0m[38;2;72;65;119m[48;2;72;65;119m▀[0m[38;2;72;65;119m[48;2;72;65;119m▀[0m[38;2;16;16;16m[48;2;72;65;119m▀[0m[38;2;16;16;16m▄                                        
                     [38;2;72;65;119m▀[38;2;47;39;77m▀[38;2;47;39;77m▀[38;2;47;39;77m▀[38;2;47;39;77m▀[38;2;47;39;77m▀[38;2;47;39;77m▀[38;2;47;39;77m▀[38;2;47;39;77m▀[38;2;123;123;205m[48;2;16;16;16m▀[0m[38;2;123;123;205m[48;2;72;65;119m▀[0m[38;2;72;65;119m[48;2;72;65;119m▀[0m[38;2;72;65;119m[48;2;72;65;119m▀[0m[38;2;189;57;65m[48;2;189;57;65m▀[0m[38;2;189;57;65m[48;2;16;16;16m▀[0m[38;2;123;123;205m[48;2;16;16;16m▀[0m[38;2;123;123;205m[48;2;16;16;16m▀[0m[38;2;255;213;24m[48;2;197;148;16m▀[0m[38;2;255;239;164m[48;2;197;148;16m▀[0m[38;2;255;239;164m[48;2;197;148;16m▀[0m[38;2;197;148;16m[48;2;197;148;16m▀[0m[38;2;197;148;16m[48;2;197;148;16m▀[0m[38;2;197;148;16m[48;2;197;148;16m▀[0m[38;2;197;148;16m[48;2;72;65;119m▀[0m[38;2;72;65;119m[48;2;72;65;119m▀[0m[38;2;16;16;16m[48;2;72;65;119m▀[0m[38;2;255;213;24m[48;2;72;65;119m▀[0m[38;2;197;148;16m[48;2;72;65;119m▀[0m[38;2;16;16;16m[48;2;72;65;119m▀[0m[38;2;72;65;119m[48;2;72;65;119m▀[0m[38;2;72;65;119m[48;2;72;65;119m▀[0m[38;2;72;65;119m[48;2;72;65;119m▀[0m[38;2;72;65;119m[48;2;72;65;119m▀[0m[38;2;16;16;16m[48;2;47;39;77m▀[0m[38;2;16;16;16m▄                                       
                                       [38;2;16;16;16m▀[38;2;16;16;16m▀[38;2;197;148;16m[48;2;16;16;16m▀[0m[38;2;72;65;119m[48;2;72;65;119m▀[0m[38;2;72;65;119m[48;2;72;65;119m▀[0m[38;2;72;65;119m[48;2;16;16;16m▀[0m[38;2;90;16;0m[48;2;251;110;59m▀[0m[38;2;251;110;59m[48;2;251;110;59m▀[0m[38;2;251;110;59m[48;2;251;110;59m▀[0m[38;2;90;16;0m[48;2;251;110;59m▀[0m[38;2;251;110;59m[48;2;251;110;59m▀[0m[38;2;251;110;59m[48;2;251;110;59m▀[0m[38;2;251;110;59m[48;2;189;57;65m▀[0m[38;2;189;57;65m[48;2;189;57;65m▀[0m[38;2;72;65;119m[48;2;47;39;77m▀[0m[38;2;72;65;119m[48;2;47;39;77m▀[0m[38;2;47;39;77m[48;2;72;65;119m▀[0m[38;2;16;16;16m[48;2;16;16;16m▀[0m           [38;2;16;16;16m[48;2;100;97;151m▀[0m[38;2;16;16;16m[48;2;72;65;119m▀[0m[38;2;115;123;131m[48;2;255;255;255m▀[0m[38;2;255;255;255m[48;2;197;205;213m▀[0m[38;2;197;205;213m[48;2;197;205;213m▀[0m[38;2;197;205;213m[48;2;197;205;213m▀[0m[38;2;197;205;213m[48;2;16;16;16m▀[0m[38;2;16;16;16m▀                   
                    [38;2;115;123;131m[48;2;115;123;131m▀[0m[38;2;115;123;131m[48;2;255;255;255m▀[0m[38;2;115;123;131m[48;2;255;255;255m▀[0m[38;2;115;123;131m[48;2;255;255;255m▀[0m[38;2;115;123;131m▄[38;2;115;123;131m▄                [38;2;16;16;16m▀[38;2;16;16;16m▀[38;2;251;110;59m[48;2;16;16;16m▀[0m[38;2;251;110;59m[48;2;16;16;16m▀[0m[38;2;251;110;59m[48;2;90;16;0m▀[0m[38;2;251;110;59m[48;2;90;16;0m▀[0m[38;2;189;57;65m[48;2;90;16;0m▀[0m[38;2;90;16;0m[48;2;189;57;65m▀[0m[38;2;189;57;65m[48;2;189;57;65m▀[0m[38;2;189;57;65m[48;2;189;57;65m▀[0m[38;2;189;57;65m[48;2;189;57;65m▀[0m[38;2;189;57;65m[48;2;189;57;65m▀[0m[38;2;72;65;119m[48;2;72;65;119m▀[0m[38;2;72;65;119m[48;2;47;39;77m▀[0m[38;2;47;39;77m[48;2;100;97;151m▀[0m[38;2;16;16;16m[48;2;16;16;16m▀[0m         [38;2;90;16;0m[48;2;90;16;0m▀[0m[38;2;251;110;59m[48;2;251;110;59m▀[0m[38;2;251;110;59m[48;2;251;110;59m▀[0m[38;2;189;57;65m[48;2;251;110;59m▀[0m[38;2;197;205;213m[48;2;72;65;119m▀[0m[38;2;197;205;213m[48;2;72;65;119m▀[0m[38;2;16;16;16m[48;2;16;16;16m▀[0m                     
           [38;2;115;123;131m▄[38;2;115;123;131m▄[38;2;115;123;131m▄[38;2;115;123;131m▄[38;2;115;123;131m▄     [38;2;16;16;16m▀[38;2;255;255;255m[48;2;16;16;16m▀[0m[38;2;197;205;213m[48;2;197;205;213m▀[0m[38;2;197;205;213m[48;2;197;205;213m▀[0m[38;2;197;205;213m[48;2;72;65;119m▀[0m[38;2;47;39;77m[48;2;100;97;151m▀[0m[38;2;47;39;77m▄                  [38;2;16;16;16m[48;2;16;16;16m▀[0m[38;2;189;57;65m[48;2;189;57;65m▀[0m[38;2;189;57;65m[48;2;189;57;65m▀[0m[38;2;189;57;65m[48;2;189;57;65m▀[0m[38;2;189;57;65m[48;2;189;57;65m▀[0m[38;2;189;57;65m[48;2;189;57;65m▀[0m[38;2;189;57;65m[48;2;189;57;65m▀[0m[38;2;189;57;65m[48;2;251;110;59m▀[0m[38;2;251;110;59m[48;2;100;97;151m▀[0m[38;2;100;97;151m[48;2;100;97;151m▀[0m[38;2;100;97;151m[48;2;100;97;151m▀[0m[38;2;100;97;151m[48;2;100;97;151m▀[0m[38;2;72;65;119m▄[38;2;72;65;119m▄[38;2;72;65;119m▄[38;2;72;65;119m[48;2;100;97;151m▀[0m[38;2;72;65;119m[48;2;100;97;151m▀[0m[38;2;47;39;77m▄  [38;2;90;16;0m[48;2;90;16;0m▀[0m[38;2;189;57;65m[48;2;189;57;65m▀[0m[38;2;189;57;65m[48;2;189;57;65m▀[0m[38;2;251;110;59m[48;2;189;57;65m▀[0m[38;2;251;110;59m[48;2;251;110;59m▀[0m[38;2;251;110;59m[48;2;251;110;59m▀[0m[38;2;100;97;151m[48;2;251;110;59m▀[0m[38;2;100;97;151m[48;2;100;97;151m▀[0m[38;2;16;16;16m[48;2;100;97;151m▀[0m[38;2;16;16;16m▄                   
          [38;2;115;123;131m▀[38;2;255;255;255m[48;2;16;16;16m▀[0m[38;2;255;255;255m[48;2;255;255;255m▀[0m[38;2;255;255;255m[48;2;255;255;255m▀[0m[38;2;255;255;255m[48;2;255;255;255m▀[0m[38;2;255;255;255m[48;2;255;255;255m▀[0m[38;2;115;123;131m[48;2;255;255;255m▀[0m[38;2;16;16;16m[48;2;255;255;255m▀[0m[38;2;16;16;16m▄[38;2;16;16;16m▄[38;2;16;16;16m[48;2;100;97;151m▀[0m[38;2;16;16;16m[48;2;100;97;151m▀[0m[38;2;100;97;151m[48;2;100;97;151m▀[0m[38;2;72;65;119m[48;2;251;110;59m▀[0m[38;2;72;65;119m[48;2;251;110;59m▀[0m[38;2;251;110;59m[48;2;251;110;59m▀[0m[38;2;100;97;151m[48;2;251;110;59m▀[0m[38;2;100;97;151m[48;2;100;97;151m▀[0m[38;2;47;39;77m[48;2;47;39;77m▀[0m             [38;2;72;65;119m▄[38;2;72;65;119m▄[38;2;72;65;119m▄[38;2;72;65;119m[48;2;100;97;151m▀[0m[38;2;100;97;151m[48;2;100;97;151m▀[0m[38;2;251;110;59m[48;2;251;110;59m▀[0m[38;2;189;57;65m[48;2;251;110;59m▀[0m[38;2;189;57;65m[48;2;251;110;59m▀[0m[38;2;189;57;65m[48;2;251;110;59m▀[0m[38;2;251;110;59m[48;2;251;110;59m▀[0m[38;2;251;110;59m[48;2;100;97;151m▀[0m[38;2;100;97;151m[48;2;100;97;151m▀[0m[38;2;100;97;151m[48;2;251;110;59m▀[0m[38;2;100;97;151m[48;2;251;110;59m▀[0m[38;2;251;110;59m[48;2;251;110;59m▀[0m[38;2;189;57;65m[48;2;251;110;59m▀[0m[38;2;100;97;151m[48;2;100;97;151m▀[0m[38;2;100;97;151m[48;2;100;97;151m▀[0m[38;2;100;97;151m[48;2;100;97;151m▀[0m[38;2;100;97;151m[48;2;100;97;151m▀[0m[38;2;100;97;151m[48;2;100;97;151m▀[0m[38;2;72;65;119m[48;2;72;65;119m▀[0m[38;2;47;39;77m[48;2;197;205;213m▀[0m[38;2;47;39;77m[48;2;47;39;77m▀[0m[38;2;189;57;65m[48;2;189;57;65m▀[0m[38;2;189;57;65m[48;2;189;57;65m▀[0m[38;2;189;57;65m[48;2;189;57;65m▀[0m[38;2;189;57;65m[48;2;189;57;65m▀[0m[38;2;189;57;65m[48;2;189;57;65m▀[0m[38;2;251;110;59m[48;2;189;57;65m▀[0m[38;2;251;110;59m[48;2;251;110;59m▀[0m[38;2;251;110;59m[48;2;251;110;59m▀[0m[38;2;100;97;151m[48;2;251;110;59m▀[0m[38;2;100;97;151m[48;2;100;97;151m▀[0m[38;2;16;16;16m[48;2;100;97;151m▀[0m[38;2;16;16;16m▄[38;2;115;123;131m▄                
            [38;2;16;16;16m▀[38;2;255;255;255m[48;2;16;16;16m▀[0m[38;2;255;255;255m[48;2;255;255;255m▀[0m[38;2;255;255;255m[48;2;197;205;213m▀[0m[38;2;197;205;213m[48;2;197;205;213m▀[0m[38;2;197;205;213m[48;2;197;205;213m▀[0m[38;2;197;205;213m[48;2;197;205;213m▀[0m[38;2;197;205;213m[48;2;72;65;119m▀[0m[38;2;72;65;119m[48;2;251;110;59m▀[0m[38;2;251;110;59m[48;2;251;110;59m▀[0m[38;2;251;110;59m[48;2;251;110;59m▀[0m[38;2;251;110;59m[48;2;251;110;59m▀[0m[38;2;251;110;59m[48;2;251;110;59m▀[0m[38;2;251;110;59m[48;2;251;110;59m▀[0m[38;2;251;110;59m[48;2;251;110;59m▀[0m[38;2;251;110;59m[48;2;251;110;59m▀[0m[38;2;100;97;151m[48;2;100;97;151m▀[0m[38;2;47;39;77m[48;2;100;97;151m▀[0m[38;2;47;39;77m▄     [38;2;115;123;131m▄    [38;2;47;39;77m[48;2;47;39;77m▀[0m[38;2;100;97;151m[48;2;100;97;151m▀[0m[38;2;100;97;151m[48;2;100;97;151m▀[0m[38;2;100;97;151m[48;2;251;110;59m▀[0m[38;2;100;97;151m[48;2;251;110;59m▀[0m[38;2;100;97;151m[48;2;251;110;59m▀[0m[38;2;100;97;151m[48;2;251;110;59m▀[0m[38;2;251;110;59m[48;2;251;110;59m▀[0m[38;2;251;110;59m[48;2;251;110;59m▀[0m[38;2;251;110;59m[48;2;251;110;59m▀[0m[38;2;251;110;59m[48;2;251;110;59m▀[0m[38;2;251;110;59m[48;2;251;110;59m▀[0m[38;2;251;110;59m[48;2;251;110;59m▀[0m[38;2;251;110;59m[48;2;251;110;59m▀[0m[38;2;251;110;59m[48;2;251;110;59m▀[0m[38;2;251;110;59m[48;2;251;110;59m▀[0m[38;2;251;110;59m[48;2;251;110;59m▀[0m[38;2;100;97;151m[48;2;251;110;59m▀[0m[38;2;100;97;151m[48;2;100;97;151m▀[0m[38;2;100;97;151m[48;2;100;97;151m▀[0m[38;2;100;97;151m[48;2;100;97;151m▀[0m[38;2;72;65;119m[48;2;197;205;213m▀[0m[38;2;197;205;213m[48;2;197;205;213m▀[0m[38;2;47;39;77m[48;2;47;39;77m▀[0m[38;2;72;65;119m[48;2;72;65;119m▀[0m[38;2;72;65;119m[48;2;72;65;119m▀[0m[38;2;189;57;65m[48;2;72;65;119m▀[0m[38;2;189;57;65m[48;2;189;57;65m▀[0m[38;2;189;57;65m[48;2;189;57;65m▀[0m[38;2;189;57;65m[48;2;189;57;65m▀[0m[38;2;189;57;65m[48;2;189;57;65m▀[0m[38;2;189;57;65m[48;2;189;57;65m▀[0m[38;2;251;110;59m[48;2;189;57;65m▀[0m[38;2;251;110;59m[48;2;251;110;59m▀[0m[38;2;251;110;59m[48;2;251;110;59m▀[0m[38;2;72;65;119m[48;2;189;57;65m▀[0m[38;2;255;255;255m[48;2;197;205;213m▀[0m[38;2;255;255;255m[48;2;197;205;213m▀[0m[38;2;115;123;131m[48;2;255;255;255m▀[0m[38;2;115;123;131m[48;2;255;255;255m▀[0m[38;2;115;123;131m[48;2;255;255;255m▀[0m[38;2;115;123;131m[48;2;255;255;255m▀[0m[38;2;115;123;131m▄[38;2;115;123;131m▄          
              [38;2;16;16;16m▀[38;2;197;205;213m[48;2;100;97;151m▀[0m[38;2;197;205;213m[48;2;100;97;151m▀[0m[38;2;72;65;119m[48;2;251;110;59m▀[0m[38;2;72;65;119m[48;2;251;110;59m▀[0m[38;2;251;110;59m[48;2;251;110;59m▀[0m[38;2;251;110;59m[48;2;251;110;59m▀[0m[38;2;251;110;59m[48;2;251;110;59m▀[0m[38;2;251;110;59m[48;2;251;110;59m▀[0m[38;2;251;110;59m[48;2;251;110;59m▀[0m[38;2;251;110;59m[48;2;251;110;59m▀[0m[38;2;251;110;59m[48;2;251;110;59m▀[0m[38;2;251;110;59m[48;2;251;110;59m▀[0m[38;2;251;110;59m[48;2;251;110;59m▀[0m[38;2;251;110;59m[48;2;251;110;59m▀[0m[38;2;100;97;151m[48;2;251;110;59m▀[0m[38;2;100;97;151m[48;2;72;65;119m▀[0m[38;2;47;39;77m[48;2;100;97;151m▀[0m[38;2;47;39;77m▄   [38;2;255;255;255m[48;2;255;255;255m▀[0m[38;2;16;16;16m[48;2;255;255;255m▀[0m[38;2;197;205;213m▄[38;2;16;16;16m▄[38;2;100;97;151m▄[38;2;72;65;119m[48;2;100;97;151m▀[0m[38;2;100;97;151m[48;2;189;57;65m▀[0m[38;2;100;97;151m[48;2;251;110;59m▀[0m[38;2;251;110;59m[48;2;189;57;65m▀[0m[38;2;251;110;59m[48;2;251;110;59m▀[0m[38;2;251;110;59m[48;2;251;110;59m▀[0m[38;2;251;110;59m[48;2;251;110;59m▀[0m[38;2;251;110;59m[48;2;251;110;59m▀[0m[38;2;251;110;59m[48;2;251;110;59m▀[0m[38;2;251;110;59m[48;2;251;110;59m▀[0m[38;2;251;110;59m[48;2;251;110;59m▀[0m[38;2;251;110;59m[48;2;251;110;59m▀[0m[38;2;251;110;59m[48;2;251;110;59m▀[0m[38;2;251;110;59m[48;2;251;110;59m▀[0m[38;2;251;110;59m[48;2;251;110;59m▀[0m[38;2;251;110;59m[48;2;251;110;59m▀[0m[38;2;251;110;59m[48;2;251;110;59m▀[0m[38;2;16;16;16m[48;2;72;65;119m▀[0m[38;2;189;57;65m[48;2;16;16;16m▀[0m[38;2;100;97;151m[48;2;16;16;16m▀[0m[38;2;100;97;151m[48;2;100;97;151m▀[0m[38;2;100;97;151m[48;2;72;65;119m▀[0m[38;2;47;39;77m[48;2;72;65;119m▀[0m[38;2;72;65;119m[48;2;72;65;119m▀[0m[38;2;72;65;119m[48;2;72;65;119m▀[0m[38;2;72;65;119m[48;2;72;65;119m▀[0m[38;2;72;65;119m[48;2;72;65;119m▀[0m[38;2;189;57;65m[48;2;16;16;16m▀[0m[38;2;189;57;65m[48;2;16;16;16m▀[0m[38;2;189;57;65m[48;2;16;16;16m▀[0m[38;2;189;57;65m[48;2;189;57;65m▀[0m[38;2;189;57;65m[48;2;189;57;65m▀[0m[38;2;189;57;65m[48;2;189;57;65m▀[0m[38;2;189;57;65m[48;2;189;57;65m▀[0m[38;2;251;110;59m[48;2;189;57;65m▀[0m[38;2;251;110;59m[48;2;189;57;65m▀[0m[38;2;115;123;131m[48;2;251;110;59m▀[0m[38;2;197;205;213m[48;2;189;57;65m▀[0m[38;2;197;205;213m[48;2;197;205;213m▀[0m[38;2;197;205;213m[48;2;115;123;131m▀[0m[38;2;197;205;213m[48;2;16;16;16m▀[0m[38;2;197;205;213m[48;2;16;16;16m▀[0m[38;2;255;255;255m▀[38;2;255;255;255m▀[38;2;115;123;131m▀         
         [38;2;115;123;131m▄[38;2;115;123;131m▄[38;2;115;123;131m▄[38;2;16;16;16m▄[38;2;16;16;16m▄[38;2;16;16;16m[48;2;100;97;151m▀[0m[38;2;100;97;151m[48;2;251;110;59m▀[0m[38;2;251;110;59m[48;2;251;110;59m▀[0m[38;2;251;110;59m[48;2;251;110;59m▀[0m[38;2;251;110;59m[48;2;251;110;59m▀[0m[38;2;251;110;59m[48;2;251;110;59m▀[0m[38;2;251;110;59m[48;2;251;110;59m▀[0m[38;2;251;110;59m[48;2;251;110;59m▀[0m[38;2;251;110;59m[48;2;251;110;59m▀[0m[38;2;251;110;59m[48;2;251;110;59m▀[0m[38;2;251;110;59m[48;2;251;110;59m▀[0m[38;2;251;110;59m[48;2;251;110;59m▀[0m[38;2;251;110;59m[48;2;251;110;59m▀[0m[38;2;251;110;59m[48;2;251;110;59m▀[0m[38;2;251;110;59m[48;2;72;65;119m▀[0m[38;2;72;65;119m[48;2;72;65;119m▀[0m[38;2;72;65;119m[48;2;72;65;119m▀[0m[38;2;72;65;119m[48;2;72;65;119m▀[0m[38;2;100;97;151m[48;2;72;65;119m▀[0m[38;2;47;39;77m[48;2;72;65;119m▀[0m[38;2;47;39;77m▄[38;2;16;16;16m▄[38;2;16;16;16m[48;2;100;97;151m▀[0m[38;2;72;65;119m[48;2;100;97;151m▀[0m[38;2;72;65;119m[48;2;100;97;151m▀[0m[38;2;100;97;151m[48;2;100;97;151m▀[0m[38;2;100;97;151m[48;2;189;57;65m▀[0m[38;2;189;57;65m[48;2;16;16;16m▀[0m[38;2;251;110;59m[48;2;16;16;16m▀[0m[38;2;16;16;16m▀[38;2;16;16;16m▀[38;2;251;110;59m[48;2;16;16;16m▀[0m[38;2;251;110;59m[48;2;251;110;59m▀[0m[38;2;251;110;59m[48;2;251;110;59m▀[0m[38;2;251;110;59m[48;2;251;110;59m▀[0m[38;2;251;110;59m[48;2;251;110;59m▀[0m[38;2;251;110;59m[48;2;251;110;59m▀[0m[38;2;251;110;59m[48;2;251;110;59m▀[0m[38;2;251;110;59m[48;2;251;110;59m▀[0m[38;2;251;110;59m[48;2;251;110;59m▀[0m[38;2;251;110;59m[48;2;251;110;59m▀[0m[38;2;251;110;59m[48;2;189;57;65m▀[0m[38;2;251;110;59m[48;2;189;57;65m▀[0m[38;2;189;57;65m[48;2;72;65;119m▀[0m[38;2;72;65;119m[48;2;16;16;16m▀[0m[38;2;16;16;16m[48;2;72;65;119m▀[0m[38;2;72;65;119m[48;2;72;65;119m▀[0m[38;2;16;16;16m[48;2;72;65;119m▀[0m[38;2;72;65;119m[48;2;16;16;16m▀[0m[38;2;72;65;119m[48;2;16;16;16m▀[0m[38;2;72;65;119m[48;2;16;16;16m▀[0m[38;2;72;65;119m[48;2;16;16;16m▀[0m[38;2;16;16;16m[48;2;72;65;119m▀[0m[38;2;16;16;16m[48;2;72;65;119m▀[0m[38;2;72;65;119m[48;2;72;65;119m▀[0m[38;2;72;65;119m[48;2;72;65;119m▀[0m[38;2;72;65;119m[48;2;72;65;119m▀[0m[38;2;16;16;16m[48;2;72;65;119m▀[0m[38;2;16;16;16m[48;2;72;65;119m▀[0m[38;2;189;57;65m[48;2;16;16;16m▀[0m[38;2;189;57;65m[48;2;189;57;65m▀[0m[38;2;189;57;65m[48;2;189;57;65m▀[0m[38;2;189;57;65m[48;2;189;57;65m▀[0m[38;2;251;110;59m[48;2;189;57;65m▀[0m[38;2;251;110;59m[48;2;251;110;59m▀[0m[38;2;72;65;119m[48;2;100;97;151m▀[0m[38;2;16;16;16m[48;2;100;97;151m▀[0m[38;2;16;16;16m[48;2;16;16;16m▀[0m             
    [38;2;115;123;131m▄[38;2;115;123;131m▄[38;2;115;123;131m[48;2;255;255;255m▀[0m[38;2;115;123;131m[48;2;255;255;255m▀[0m[38;2;115;123;131m[48;2;255;255;255m▀[0m[38;2;255;255;255m[48;2;255;255;255m▀[0m[38;2;255;255;255m[48;2;255;255;255m▀[0m[38;2;255;255;255m[48;2;255;255;255m▀[0m[38;2;255;255;255m[48;2;197;205;213m▀[0m[38;2;197;205;213m[48;2;72;65;119m▀[0m[38;2;72;65;119m[48;2;251;110;59m▀[0m[38;2;251;110;59m[48;2;251;110;59m▀[0m[38;2;251;110;59m[48;2;251;110;59m▀[0m[38;2;251;110;59m[48;2;251;110;59m▀[0m[38;2;251;110;59m[48;2;251;110;59m▀[0m[38;2;251;110;59m[48;2;251;110;59m▀[0m[38;2;251;110;59m[48;2;251;110;59m▀[0m[38;2;251;110;59m[48;2;251;110;59m▀[0m[38;2;251;110;59m[48;2;251;110;59m▀[0m[38;2;189;57;65m[48;2;251;110;59m▀[0m[38;2;90;16;0m[48;2;251;110;59m▀[0m[38;2;90;16;0m[48;2;90;16;0m▀[0m[38;2;251;110;59m[48;2;16;16;16m▀[0m[38;2;72;65;119m[48;2;16;16;16m▀[0m[38;2;72;65;119m[48;2;16;16;16m▀[0m[38;2;72;65;119m[48;2;72;65;119m▀[0m[38;2;72;65;119m[48;2;72;65;119m▀[0m[38;2;72;65;119m[48;2;72;65;119m▀[0m[38;2;72;65;119m[48;2;72;65;119m▀[0m[38;2;72;65;119m[48;2;72;65;119m▀[0m[38;2;72;65;119m[48;2;72;65;119m▀[0m[38;2;100;97;151m[48;2;72;65;119m▀[0m[38;2;100;97;151m[48;2;16;16;16m▀[0m[38;2;100;97;151m[48;2;16;16;16m▀[0m[38;2;100;97;151m[48;2;16;16;16m▀[0m[38;2;16;16;16m▀[38;2;16;16;16m▀     [38;2;16;16;16m▀[38;2;189;57;65m[48;2;189;57;65m▀[0m[38;2;189;57;65m[48;2;251;110;59m▀[0m[38;2;251;110;59m[48;2;251;110;59m▀[0m[38;2;251;110;59m[48;2;251;110;59m▀[0m[38;2;251;110;59m[48;2;251;110;59m▀[0m[38;2;189;57;65m[48;2;251;110;59m▀[0m[38;2;189;57;65m[48;2;251;110;59m▀[0m[38;2;189;57;65m[48;2;251;110;59m▀[0m[38;2;189;57;65m[48;2;251;110;59m▀[0m[38;2;189;57;65m[48;2;197;148;16m▀[0m[38;2;72;65;119m[48;2;72;65;119m▀[0m[38;2;16;16;16m[48;2;16;16;16m▀[0m[38;2;72;65;119m[48;2;72;65;119m▀[0m[38;2;72;65;119m[48;2;72;65;119m▀[0m[38;2;72;65;119m[48;2;72;65;119m▀[0m[38;2;72;65;119m[48;2;72;65;119m▀[0m[38;2;72;65;119m[48;2;72;65;119m▀[0m[38;2;72;65;119m[48;2;72;65;119m▀[0m[38;2;72;65;119m[48;2;72;65;119m▀[0m[38;2;72;65;119m[48;2;72;65;119m▀[0m[38;2;72;65;119m[48;2;72;65;119m▀[0m[38;2;72;65;119m[48;2;72;65;119m▀[0m[38;2;72;65;119m[48;2;16;16;16m▀[0m[38;2;16;16;16m[48;2;189;57;65m▀[0m[38;2;16;16;16m[48;2;189;57;65m▀[0m[38;2;16;16;16m[48;2;189;57;65m▀[0m[38;2;90;16;0m[48;2;189;57;65m▀[0m[38;2;90;16;0m[48;2;189;57;65m▀[0m[38;2;189;57;65m[48;2;189;57;65m▀[0m[38;2;189;57;65m[48;2;189;57;65m▀[0m[38;2;189;57;65m[48;2;189;57;65m▀[0m[38;2;189;57;65m[48;2;189;57;65m▀[0m[38;2;251;110;59m[48;2;251;110;59m▀[0m[38;2;100;97;151m[48;2;100;97;151m▀[0m[38;2;100;97;151m[48;2;100;97;151m▀[0m[38;2;16;16;16m[48;2;16;16;16m▀[0m            
    [38;2;255;255;255m[48;2;16;16;16m▀[0m[38;2;255;255;255m[48;2;16;16;16m▀[0m[38;2;255;255;255m[48;2;16;16;16m▀[0m[38;2;255;255;255m[48;2;255;255;255m▀[0m[38;2;255;255;255m[48;2;255;255;255m▀[0m[38;2;255;255;255m[48;2;255;255;255m▀[0m[38;2;255;255;255m[48;2;197;205;213m▀[0m[38;2;197;205;213m[48;2;197;205;213m▀[0m[38;2;197;205;213m[48;2;72;65;119m▀[0m[38;2;72;65;119m[48;2;251;110;59m▀[0m[38;2;251;110;59m[48;2;251;110;59m▀[0m[38;2;251;110;59m[48;2;251;110;59m▀[0m[38;2;251;110;59m[48;2;251;110;59m▀[0m[38;2;251;110;59m[48;2;251;110;59m▀[0m[38;2;251;110;59m[48;2;251;110;59m▀[0m[38;2;251;110;59m[48;2;251;110;59m▀[0m[38;2;251;110;59m[48;2;251;110;59m▀[0m[38;2;251;110;59m[48;2;251;110;59m▀[0m[38;2;251;110;59m[48;2;251;110;59m▀[0m[38;2;251;110;59m[48;2;251;110;59m▀[0m[38;2;251;110;59m[48;2;251;110;59m▀[0m[38;2;251;110;59m[48;2;251;110;59m▀[0m[38;2;90;16;0m▄  [38;2;16;16;16m▀[38;2;16;16;16m▀[38;2;16;16;16m▀[38;2;16;16;16m▀[38;2;16;16;16m▀[38;2;16;16;16m▀[38;2;16;16;16m▀           [38;2;16;16;16m[48;2;16;16;16m▀[0m[38;2;251;110;59m[48;2;251;110;59m▀[0m[38;2;251;110;59m[48;2;251;110;59m▀[0m[38;2;251;110;59m[48;2;251;110;59m▀[0m[38;2;251;110;59m[48;2;251;110;59m▀[0m[38;2;251;110;59m[48;2;251;110;59m▀[0m[38;2;251;110;59m[48;2;251;110;59m▀[0m[38;2;251;110;59m[48;2;255;213;24m▀[0m[38;2;255;213;24m[48;2;255;213;24m▀[0m[38;2;197;148;16m[48;2;72;65;119m▀[0m[38;2;72;65;119m[48;2;72;65;119m▀[0m[38;2;16;16;16m[48;2;16;16;16m▀[0m[38;2;72;65;119m[48;2;72;65;119m▀[0m[38;2;72;65;119m[48;2;72;65;119m▀[0m[38;2;72;65;119m[48;2;72;65;119m▀[0m[38;2;72;65;119m[48;2;72;65;119m▀[0m[38;2;72;65;119m[48;2;72;65;119m▀[0m[38;2;72;65;119m[48;2;72;65;119m▀[0m[38;2;72;65;119m[48;2;72;65;119m▀[0m[38;2;72;65;119m[48;2;72;65;119m▀[0m[38;2;72;65;119m[48;2;72;65;119m▀[0m[38;2;72;65;119m[48;2;72;65;119m▀[0m[38;2;72;65;119m[48;2;72;65;119m▀[0m[38;2;16;16;16m[48;2;72;65;119m▀[0m[38;2;189;57;65m[48;2;16;16;16m▀[0m[38;2;189;57;65m[48;2;189;57;65m▀[0m[38;2;189;57;65m[48;2;189;57;65m▀[0m[38;2;189;57;65m[48;2;189;57;65m▀[0m[38;2;189;57;65m[48;2;189;57;65m▀[0m[38;2;189;57;65m[48;2;189;57;65m▀[0m[38;2;189;57;65m[48;2;189;57;65m▀[0m[38;2;189;57;65m[48;2;189;57;65m▀[0m[38;2;251;110;59m[48;2;251;110;59m▀[0m[38;2;251;110;59m[48;2;251;110;59m▀[0m[38;2;100;97;151m[48;2;100;97;151m▀[0m[38;2;100;97;151m[48;2;72;65;119m▀[0m[38;2;16;16;16m[48;2;16;16;16m▀[0m           
       [38;2;16;16;16m▀[38;2;16;16;16m▀[38;2;197;205;213m[48;2;16;16;16m▀[0m[38;2;197;205;213m[48;2;72;65;119m▀[0m[38;2;72;65;119m[48;2;251;110;59m▀[0m[38;2;251;110;59m[48;2;251;110;59m▀[0m[38;2;251;110;59m[48;2;251;110;59m▀[0m[38;2;251;110;59m[48;2;251;110;59m▀[0m[38;2;251;110;59m[48;2;251;110;59m▀[0m[38;2;251;110;59m[48;2;251;110;59m▀[0m[38;2;251;110;59m[48;2;251;110;59m▀[0m[38;2;251;110;59m[48;2;251;110;59m▀[0m[38;2;251;110;59m[48;2;251;110;59m▀[0m[38;2;251;110;59m[48;2;251;110;59m▀[0m[38;2;251;110;59m[48;2;189;57;65m▀[0m[38;2;251;110;59m[48;2;189;57;65m▀[0m[38;2;251;110;59m[48;2;189;57;65m▀[0m[38;2;251;110;59m[48;2;16;16;16m▀[0m[38;2;90;16;0m▀                      [38;2;16;16;16m[48;2;16;16;16m▀[0m[38;2;255;213;24m[48;2;255;213;24m▀[0m[38;2;251;110;59m[48;2;255;213;24m▀[0m[38;2;251;110;59m[48;2;251;110;59m▀[0m[38;2;251;110;59m[48;2;255;213;24m▀[0m[38;2;255;213;24m[48;2;255;213;24m▀[0m[38;2;255;213;24m[48;2;251;110;59m▀[0m[38;2;251;110;59m[48;2;189;57;65m▀[0m[38;2;72;65;119m[48;2;72;65;119m▀[0m[38;2;72;65;119m[48;2;72;65;119m▀[0m[38;2;16;16;16m[48;2;72;65;119m▀[0m[38;2;47;39;77m[48;2;16;16;16m▀[0m[38;2;72;65;119m[48;2;47;39;77m▀[0m[38;2;72;65;119m[48;2;47;39;77m▀[0m[38;2;72;65;119m[48;2;72;65;119m▀[0m[38;2;72;65;119m[48;2;72;65;119m▀[0m[38;2;72;65;119m[48;2;72;65;119m▀[0m[38;2;72;65;119m[48;2;72;65;119m▀[0m[38;2;72;65;119m[48;2;72;65;119m▀[0m[38;2;72;65;119m[48;2;47;39;77m▀[0m[38;2;47;39;77m▀[38;2;47;39;77m▀[38;2;47;39;77m▀ [38;2;16;16;16m▀[38;2;189;57;65m[48;2;16;16;16m▀[0m[38;2;189;57;65m[48;2;189;57;65m▀[0m[38;2;189;57;65m[48;2;189;57;65m▀[0m[38;2;189;57;65m[48;2;189;57;65m▀[0m[38;2;189;57;65m[48;2;189;57;65m▀[0m[38;2;189;57;65m[48;2;189;57;65m▀[0m[38;2;189;57;65m[48;2;189;57;65m▀[0m[38;2;251;110;59m[48;2;251;110;59m▀[0m[38;2;189;57;65m[48;2;189;57;65m▀[0m[38;2;255;255;255m[48;2;197;205;213m▀[0m[38;2;255;255;255m[48;2;197;205;213m▀[0m[38;2;115;123;131m[48;2;255;255;255m▀[0m[38;2;115;123;131m[48;2;255;255;255m▀[0m[38;2;115;123;131m[48;2;255;255;255m▀[0m[38;2;115;123;131m▄[38;2;115;123;131m▄      
    [38;2;115;123;131m▄[38;2;115;123;131m▄[38;2;115;123;131m▄[38;2;100;97;151m▄[38;2;16;16;16m[48;2;100;97;151m▀[0m[38;2;100;97;151m[48;2;251;110;59m▀[0m[38;2;100;97;151m[48;2;251;110;59m▀[0m[38;2;251;110;59m[48;2;251;110;59m▀[0m[38;2;251;110;59m[48;2;251;110;59m▀[0m[38;2;251;110;59m[48;2;251;110;59m▀[0m[38;2;251;110;59m[48;2;251;110;59m▀[0m[38;2;251;110;59m[48;2;189;57;65m▀[0m[38;2;251;110;59m[48;2;189;57;65m▀[0m[38;2;251;110;59m[48;2;189;57;65m▀[0m[38;2;189;57;65m[48;2;189;57;65m▀[0m[38;2;189;57;65m[48;2;189;57;65m▀[0m[38;2;189;57;65m[48;2;16;16;16m▀[0m[38;2;189;57;65m▀[38;2;189;57;65m▀[38;2;16;16;16m▀              [38;2;16;16;16m▄[38;2;255;255;255m▄[38;2;16;16;16m▄      [38;2;16;16;16m▄[38;2;16;16;16m[48;2;251;110;59m▀[0m[38;2;255;213;24m[48;2;251;110;59m▀[0m[38;2;255;213;24m[48;2;255;213;24m▀[0m[38;2;255;213;24m[48;2;251;110;59m▀[0m[38;2;255;213;24m[48;2;251;110;59m▀[0m[38;2;251;110;59m[48;2;255;213;24m▀[0m[38;2;251;110;59m[48;2;255;213;24m▀[0m[38;2;189;57;65m[48;2;197;148;16m▀[0m[38;2;100;97;151m[48;2;100;97;151m▀[0m[38;2;72;65;119m[48;2;100;97;151m▀[0m[38;2;72;65;119m[48;2;16;16;16m▀[0m[38;2;16;16;16m[48;2;72;65;119m▀[0m[38;2;16;16;16m▄ [38;2;47;39;77m▀[38;2;47;39;77m▀[38;2;72;65;119m▀[38;2;72;65;119m▀[38;2;47;39;77m▀      [38;2;16;16;16m▀[38;2;189;57;65m▀[38;2;189;57;65m[48;2;16;16;16m▀[0m[38;2;189;57;65m[48;2;189;57;65m▀[0m[38;2;189;57;65m[48;2;189;57;65m▀[0m[38;2;189;57;65m[48;2;189;57;65m▀[0m[38;2;189;57;65m[48;2;189;57;65m▀[0m[38;2;189;57;65m[48;2;189;57;65m▀[0m[38;2;251;110;59m[48;2;189;57;65m▀[0m[38;2;115;123;131m[48;2;251;110;59m▀[0m[38;2;197;205;213m[48;2;115;123;131m▀[0m[38;2;197;205;213m[48;2;197;205;213m▀[0m[38;2;197;205;213m[48;2;197;205;213m▀[0m[38;2;197;205;213m[48;2;115;123;131m▀[0m[38;2;255;255;255m[48;2;16;16;16m▀[0m[38;2;255;255;255m[48;2;16;16;16m▀[0m[38;2;115;123;131m[48;2;16;16;16m▀[0m     
  [38;2;115;123;131m▄[38;2;115;123;131m[48;2;255;255;255m▀[0m[38;2;255;255;255m[48;2;255;255;255m▀[0m[38;2;255;255;255m[48;2;197;205;213m▀[0m[38;2;197;205;213m[48;2;197;205;213m▀[0m[38;2;72;65;119m[48;2;72;65;119m▀[0m[38;2;251;110;59m[48;2;251;110;59m▀[0m[38;2;251;110;59m[48;2;251;110;59m▀[0m[38;2;251;110;59m[48;2;251;110;59m▀[0m[38;2;251;110;59m[48;2;189;57;65m▀[0m[38;2;251;110;59m[48;2;189;57;65m▀[0m[38;2;189;57;65m[48;2;189;57;65m▀[0m[38;2;189;57;65m[48;2;189;57;65m▀[0m[38;2;189;57;65m[48;2;189;57;65m▀[0m[38;2;189;57;65m[48;2;189;57;65m▀[0m[38;2;189;57;65m[48;2;189;57;65m▀[0m[38;2;189;57;65m[48;2;16;16;16m▀[0m[38;2;16;16;16m▀                 [38;2;16;16;16m▄[38;2;16;16;16m[48;2;255;255;255m▀[0m[38;2;255;255;255m[48;2;255;255;255m▀[0m[38;2;16;16;16m[48;2;16;16;16m▀[0m    [38;2;72;65;119m▄[38;2;72;65;119m▄[38;2;16;16;16m[48;2;72;65;119m▀[0m[38;2;255;213;24m[48;2;255;213;24m▀[0m[38;2;251;110;59m[48;2;251;110;59m▀[0m[38;2;251;110;59m[48;2;251;110;59m▀[0m[38;2;251;110;59m[48;2;255;213;24m▀[0m[38;2;255;213;24m[48;2;255;213;24m▀[0m[38;2;255;213;24m[48;2;100;97;151m▀[0m[38;2;100;97;151m[48;2;100;97;151m▀[0m[38;2;72;65;119m[48;2;72;65;119m▀[0m[38;2;100;97;151m[48;2;100;97;151m▀[0m[38;2;100;97;151m[48;2;100;97;151m▀[0m[38;2;255;255;255m[48;2;255;255;255m▀[0m[38;2;16;16;16m[48;2;16;16;16m▀[0m[38;2;72;65;119m[48;2;72;65;119m▀[0m[38;2;16;16;16m[48;2;16;16;16m▀[0m              [38;2;16;16;16m[48;2;16;16;16m▀[0m[38;2;189;57;65m[48;2;189;57;65m▀[0m[38;2;189;57;65m[48;2;189;57;65m▀[0m[38;2;189;57;65m[48;2;189;57;65m▀[0m[38;2;189;57;65m[48;2;189;57;65m▀[0m[38;2;189;57;65m[48;2;189;57;65m▀[0m[38;2;251;110;59m[48;2;189;57;65m▀[0m[38;2;189;57;65m[48;2;251;110;59m▀[0m[38;2;72;65;119m[48;2;189;57;65m▀[0m[38;2;72;65;119m[48;2;100;97;151m▀[0m[38;2;16;16;16m[48;2;16;16;16m▀[0m        
 [38;2;115;123;131m▀[38;2;255;255;255m[48;2;16;16;16m▀[0m[38;2;255;255;255m[48;2;16;16;16m▀[0m[38;2;197;205;213m[48;2;197;205;213m▀[0m[38;2;197;205;213m[48;2;197;205;213m▀[0m[38;2;72;65;119m[48;2;72;65;119m▀[0m[38;2;251;110;59m[48;2;251;110;59m▀[0m[38;2;251;110;59m[48;2;251;110;59m▀[0m[38;2;251;110;59m[48;2;189;57;65m▀[0m[38;2;189;57;65m[48;2;189;57;65m▀[0m[38;2;189;57;65m[48;2;189;57;65m▀[0m[38;2;189;57;65m[48;2;189;57;65m▀[0m[38;2;189;57;65m[48;2;189;57;65m▀[0m[38;2;189;57;65m[48;2;189;57;65m▀[0m[38;2;189;57;65m[48;2;189;57;65m▀[0m[38;2;189;57;65m[48;2;16;16;16m▀[0m[38;2;16;16;16m▀                   [38;2;16;16;16m[48;2;16;16;16m▀[0m[38;2;255;255;255m[48;2;255;255;255m▀[0m[38;2;255;255;255m[48;2;197;205;213m▀[0m[38;2;255;255;255m[48;2;72;65;119m▀[0m[38;2;47;39;77m[48;2;72;65;119m▀[0m[38;2;47;39;77m[48;2;100;97;151m▀[0m[38;2;72;65;119m[48;2;100;97;151m▀[0m[38;2;72;65;119m[48;2;100;97;151m▀[0m[38;2;100;97;151m[48;2;100;97;151m▀[0m[38;2;100;97;151m[48;2;100;97;151m▀[0m[38;2;100;97;151m[48;2;100;97;151m▀[0m[38;2;255;213;24m[48;2;197;148;16m▀[0m[38;2;251;110;59m[48;2;255;213;24m▀[0m[38;2;255;213;24m[48;2;255;213;24m▀[0m[38;2;255;213;24m[48;2;100;97;151m▀[0m[38;2;100;97;151m[48;2;100;97;151m▀[0m[38;2;100;97;151m[48;2;72;65;119m▀[0m[38;2;72;65;119m[48;2;100;97;151m▀[0m[38;2;100;97;151m[48;2;72;65;119m▀[0m[38;2;100;97;151m[48;2;100;97;151m▀[0m[38;2;72;65;119m[48;2;72;65;119m▀[0m[38;2;255;255;255m[48;2;255;255;255m▀[0m[38;2;16;16;16m[48;2;255;255;255m▀[0m[38;2;72;65;119m[48;2;16;16;16m▀[0m[38;2;72;65;119m[48;2;72;65;119m▀[0m[38;2;16;16;16m[48;2;16;16;16m▀[0m              [38;2;16;16;16m▀[38;2;189;57;65m[48;2;16;16;16m▀[0m[38;2;189;57;65m[48;2;189;57;65m▀[0m[38;2;189;57;65m[48;2;189;57;65m▀[0m[38;2;189;57;65m[48;2;189;57;65m▀[0m[38;2;189;57;65m[48;2;189;57;65m▀[0m[38;2;251;110;59m[48;2;189;57;65m▀[0m[38;2;189;57;65m[48;2;251;110;59m▀[0m[38;2;100;97;151m[48;2;189;57;65m▀[0m[38;2;100;97;151m[48;2;100;97;151m▀[0m[38;2;16;16;16m[48;2;16;16;16m▀[0m       
    [38;2;16;16;16m[48;2;16;16;16m▀[0m[38;2;72;65;119m[48;2;100;97;151m▀[0m[38;2;251;110;59m[48;2;251;110;59m▀[0m[38;2;251;110;59m[48;2;189;57;65m▀[0m[38;2;189;57;65m[48;2;189;57;65m▀[0m[38;2;189;57;65m[48;2;189;57;65m▀[0m[38;2;189;57;65m[48;2;189;57;65m▀[0m[38;2;189;57;65m[48;2;189;57;65m▀[0m[38;2;189;57;65m[48;2;189;57;65m▀[0m[38;2;189;57;65m[48;2;189;57;65m▀[0m[38;2;189;57;65m[48;2;189;57;65m▀[0m[38;2;16;16;16m▀                    [38;2;47;39;77m▄[38;2;47;39;77m[48;2;72;65;119m▀[0m[38;2;72;65;119m[48;2;100;97;151m▀[0m[38;2;72;65;119m[48;2;100;97;151m▀[0m[38;2;100;97;151m[48;2;100;97;151m▀[0m[38;2;100;97;151m[48;2;100;97;151m▀[0m[38;2;100;97;151m[48;2;100;97;151m▀[0m[38;2;100;97;151m[48;2;100;97;151m▀[0m[38;2;100;97;151m[48;2;100;97;151m▀[0m[38;2;100;97;151m[48;2;100;97;151m▀[0m[38;2;72;65;119m[48;2;72;65;119m▀[0m[38;2;100;97;151m[48;2;100;97;151m▀[0m[38;2;197;148;16m[48;2;197;148;16m▀[0m[38;2;255;213;24m[48;2;100;97;151m▀[0m[38;2;100;97;151m[48;2;100;97;151m▀[0m[38;2;100;97;151m[48;2;72;65;119m▀[0m[38;2;72;65;119m[48;2;100;97;151m▀[0m[38;2;100;97;151m[48;2;100;97;151m▀[0m[38;2;72;65;119m[48;2;47;39;77m▀[0m[38;2;100;97;151m[48;2;100;97;151m▀[0m[38;2;100;97;151m[48;2;100;97;151m▀[0m[38;2;72;65;119m[48;2;72;65;119m▀[0m[38;2;255;255;255m[48;2;255;255;255m▀[0m[38;2;197;205;213m[48;2;72;65;119m▀[0m[38;2;16;16;16m[48;2;100;97;151m▀[0m[38;2;72;65;119m[48;2;72;65;119m▀[0m[38;2;72;65;119m[48;2;72;65;119m▀[0m[38;2;16;16;16m[48;2;16;16;16m▀[0m              [38;2;16;16;16m▀[38;2;189;57;65m[48;2;189;57;65m▀[0m[38;2;189;57;65m[48;2;189;57;65m▀[0m[38;2;189;57;65m[48;2;189;57;65m▀[0m[38;2;189;57;65m[48;2;189;57;65m▀[0m[38;2;189;57;65m[48;2;189;57;65m▀[0m[38;2;251;110;59m[48;2;189;57;65m▀[0m[38;2;189;57;65m[48;2;251;110;59m▀[0m[38;2;16;16;16m[48;2;255;255;255m▀[0m[38;2;16;16;16m[48;2;255;255;255m▀[0m[38;2;115;123;131m[48;2;255;255;255m▀[0m[38;2;115;123;131m▄     
   [38;2;16;16;16m▄[38;2;100;97;151m[48;2;72;65;119m▀[0m[38;2;100;97;151m[48;2;189;57;65m▀[0m[38;2;189;57;65m[48;2;189;57;65m▀[0m[38;2;189;57;65m[48;2;189;57;65m▀[0m[38;2;189;57;65m[48;2;189;57;65m▀[0m[38;2;189;57;65m[48;2;189;57;65m▀[0m[38;2;189;57;65m[48;2;189;57;65m▀[0m[38;2;189;57;65m[48;2;189;57;65m▀[0m[38;2;189;57;65m[48;2;189;57;65m▀[0m[38;2;189;57;65m[48;2;16;16;16m▀[0m[38;2;16;16;16m▀                    [38;2;47;39;77m▄[38;2;100;97;151m[48;2;100;97;151m▀[0m[38;2;100;97;151m[48;2;100;97;151m▀[0m[38;2;100;97;151m[48;2;100;97;151m▀[0m[38;2;100;97;151m[48;2;100;97;151m▀[0m[38;2;100;97;151m[48;2;100;97;151m▀[0m[38;2;100;97;151m[48;2;100;97;151m▀[0m[38;2;100;97;151m[48;2;100;97;151m▀[0m[38;2;100;97;151m[48;2;100;97;151m▀[0m[38;2;100;97;151m[48;2;100;97;151m▀[0m[38;2;100;97;151m[48;2;100;97;151m▀[0m[38;2;72;65;119m[48;2;72;65;119m▀[0m[38;2;72;65;119m[48;2;72;65;119m▀[0m[38;2;100;97;151m[48;2;100;97;151m▀[0m[38;2;100;97;151m[48;2;72;65;119m▀[0m[38;2;72;65;119m[48;2;100;97;151m▀[0m[38;2;100;97;151m[48;2;100;97;151m▀[0m[38;2;100;97;151m[48;2;100;97;151m▀[0m[38;2;47;39;77m[48;2;47;39;77m▀[0m[38;2;100;97;151m[48;2;100;97;151m▀[0m[38;2;100;97;151m[48;2;100;97;151m▀[0m[38;2;100;97;151m[48;2;100;97;151m▀[0m[38;2;100;97;151m[48;2;100;97;151m▀[0m[38;2;72;65;119m[48;2;100;97;151m▀[0m[38;2;100;97;151m[48;2;100;97;151m▀[0m[38;2;100;97;151m[48;2;100;97;151m▀[0m[38;2;100;97;151m[48;2;100;97;151m▀[0m[38;2;72;65;119m[48;2;72;65;119m▀[0m[38;2;16;16;16m[48;2;16;16;16m▀[0m               [38;2;16;16;16m[48;2;16;16;16m▀[0m[38;2;189;57;65m[48;2;189;57;65m▀[0m[38;2;189;57;65m[48;2;189;57;65m▀[0m[38;2;189;57;65m[48;2;189;57;65m▀[0m[38;2;189;57;65m[48;2;189;57;65m▀[0m[38;2;189;57;65m[48;2;189;57;65m▀[0m[38;2;251;110;59m[48;2;189;57;65m▀[0m[38;2;115;123;131m[48;2;251;110;59m▀[0m[38;2;197;205;213m[48;2;197;205;213m▀[0m[38;2;197;205;213m[48;2;197;205;213m▀[0m[38;2;255;255;255m[48;2;197;205;213m▀[0m[38;2;115;123;131m[48;2;255;255;255m▀[0m[38;2;115;123;131m▄   
[38;2;115;123;131m▄[38;2;115;123;131m[48;2;255;255;255m▀[0m[38;2;16;16;16m[48;2;255;255;255m▀[0m[38;2;197;205;213m[48;2;197;205;213m▀[0m[38;2;72;65;119m[48;2;72;65;119m▀[0m[38;2;189;57;65m[48;2;189;57;65m▀[0m[38;2;189;57;65m[48;2;189;57;65m▀[0m[38;2;189;57;65m[48;2;189;57;65m▀[0m[38;2;189;57;65m[48;2;189;57;65m▀[0m[38;2;189;57;65m[48;2;189;57;65m▀[0m[38;2;189;57;65m[48;2;189;57;65m▀[0m[38;2;189;57;65m[48;2;16;16;16m▀[0m[38;2;16;16;16m▀                     [38;2;47;39;77m[48;2;47;39;77m▀[0m[38;2;100;97;151m[48;2;100;97;151m▀[0m[38;2;100;97;151m[48;2;100;97;151m▀[0m[38;2;100;97;151m[48;2;100;97;151m▀[0m[38;2;100;97;151m[48;2;100;97;151m▀[0m[38;2;100;97;151m[48;2;100;97;151m▀[0m[38;2;100;97;151m[48;2;100;97;151m▀[0m[38;2;100;97;151m[48;2;100;97;151m▀[0m[38;2;100;97;151m[48;2;100;97;151m▀[0m[38;2;100;97;151m[48;2;100;97;151m▀[0m[38;2;100;97;151m[48;2;100;97;151m▀[0m[38;2;100;97;151m[48;2;100;97;151m▀[0m[38;2;72;65;119m[48;2;47;39;77m▀[0m[38;2;100;97;151m[48;2;100;97;151m▀[0m[38;2;72;65;119m[48;2;100;97;151m▀[0m[38;2;100;97;151m[48;2;100;97;151m▀[0m[38;2;100;97;151m[48;2;100;97;151m▀[0m[38;2;100;97;151m[48;2;100;97;151m▀[0m[38;2;100;97;151m[48;2;47;39;77m▀[0m[38;2;47;39;77m[48;2;100;97;151m▀[0m[38;2;100;97;151m[48;2;100;97;151m▀[0m[38;2;100;97;151m[48;2;100;97;151m▀[0m[38;2;100;97;151m[48;2;100;97;151m▀[0m[38;2;100;97;151m[48;2;100;97;151m▀[0m[38;2;100;97;151m[48;2;100;97;151m▀[0m[38;2;100;97;151m[48;2;100;97;151m▀[0m[38;2;100;97;151m[48;2;100;97;151m▀[0m[38;2;100;97;151m[48;2;100;97;151m▀[0m[38;2;72;65;119m[48;2;72;65;119m▀[0m[38;2;16;16;16m[48;2;16;16;16m▀[0m                [38;2;16;16;16m[48;2;16;16;16m▀[0m[38;2;189;57;65m[48;2;189;57;65m▀[0m[38;2;189;57;65m[48;2;189;57;65m▀[0m[38;2;189;57;65m[48;2;189;57;65m▀[0m[38;2;189;57;65m[48;2;189;57;65m▀[0m[38;2;189;57;65m[48;2;189;57;65m▀[0m[38;2;251;110;59m[48;2;251;110;59m▀[0m[38;2;115;123;131m[48;2;115;123;131m▀[0m[38;2;197;205;213m[48;2;72;65;119m▀[0m[38;2;197;205;213m[48;2;16;16;16m▀[0m[38;2;197;205;213m[48;2;16;16;16m▀[0m[38;2;255;255;255m[48;2;16;16;16m▀[0m[38;2;115;123;131m▀  
[38;2;16;16;16m▀[38;2;16;16;16m▀[38;2;16;16;16m▀[38;2;16;16;16m[48;2;16;16;16m▀[0m[38;2;72;65;119m[48;2;72;65;119m▀[0m[38;2;189;57;65m[48;2;189;57;65m▀[0m[38;2;189;57;65m[48;2;189;57;65m▀[0m[38;2;189;57;65m[48;2;189;57;65m▀[0m[38;2;189;57;65m[48;2;189;57;65m▀[0m[38;2;189;57;65m[48;2;16;16;16m▀[0m[38;2;16;16;16m▀                       [38;2;47;39;77m▀[38;2;72;65;119m[48;2;47;39;77m▀[0m[38;2;100;97;151m[48;2;100;97;151m▀[0m[38;2;100;97;151m[48;2;47;39;77m▀[0m[38;2;47;39;77m[48;2;72;65;119m▀[0m[38;2;100;97;151m[48;2;72;65;119m▀[0m[38;2;100;97;151m[48;2;72;65;119m▀[0m[38;2;100;97;151m[48;2;72;65;119m▀[0m[38;2;100;97;151m[48;2;72;65;119m▀[0m[38;2;72;65;119m[48;2;72;65;119m▀[0m[38;2;72;65;119m[48;2;72;65;119m▀[0m[38;2;72;65;119m[48;2;72;65;119m▀[0m[38;2;72;65;119m[48;2;72;65;119m▀[0m[38;2;72;65;119m[48;2;47;39;77m▀[0m[38;2;72;65;119m[48;2;72;65;119m▀[0m[38;2;72;65;119m[48;2;72;65;119m▀[0m[38;2;72;65;119m[48;2;72;65;119m▀[0m[38;2;72;65;119m[48;2;72;65;119m▀[0m[38;2;47;39;77m[48;2;47;39;77m▀[0m[38;2;100;97;151m[48;2;100;97;151m▀[0m[38;2;100;97;151m[48;2;100;97;151m▀[0m[38;2;100;97;151m[48;2;100;97;151m▀[0m[38;2;100;97;151m[48;2;100;97;151m▀[0m[38;2;100;97;151m[48;2;100;97;151m▀[0m[38;2;100;97;151m[48;2;100;97;151m▀[0m[38;2;100;97;151m[48;2;100;97;151m▀[0m[38;2;100;97;151m[48;2;100;97;151m▀[0m[38;2;100;97;151m[48;2;16;16;16m▀[0m[38;2;16;16;16m[48;2;72;65;119m▀[0m[38;2;72;65;119m[48;2;72;65;119m▀[0m[38;2;16;16;16m[48;2;16;16;16m▀[0m                [38;2;16;16;16m▀[38;2;189;57;65m[48;2;90;16;0m▀[0m[38;2;189;57;65m[48;2;189;57;65m▀[0m[38;2;189;57;65m[48;2;189;57;65m▀[0m[38;2;189;57;65m[48;2;189;57;65m▀[0m[38;2;189;57;65m[48;2;189;57;65m▀[0m[38;2;251;110;59m[48;2;251;110;59m▀[0m[38;2;100;97;151m[48;2;100;97;151m▀[0m[38;2;16;16;16m[48;2;100;97;151m▀[0m     
   [38;2;16;16;16m[48;2;16;16;16m▀[0m[38;2;189;57;65m[48;2;189;57;65m▀[0m[38;2;189;57;65m[48;2;189;57;65m▀[0m[38;2;189;57;65m[48;2;189;57;65m▀[0m[38;2;189;57;65m[48;2;189;57;65m▀[0m[38;2;16;16;16m[48;2;16;16;16m▀[0m                          [38;2;47;39;77m[48;2;47;39;77m▀[0m[38;2;72;65;119m[48;2;72;65;119m▀[0m[38;2;72;65;119m[48;2;72;65;119m▀[0m[38;2;72;65;119m[48;2;72;65;119m▀[0m[38;2;72;65;119m[48;2;47;39;77m▀[0m[38;2;72;65;119m[48;2;16;16;16m▀[0m[38;2;16;16;16m▀[38;2;16;16;16m▀[38;2;16;16;16m▀[38;2;16;16;16m▀[38;2;72;65;119m[48;2;16;16;16m▀[0m[38;2;72;65;119m[48;2;16;16;16m▀[0m[38;2;47;39;77m[48;2;16;16;16m▀[0m[38;2;72;65;119m[48;2;16;16;16m▀[0m[38;2;72;65;119m[48;2;72;65;119m▀[0m[38;2;72;65;119m[48;2;72;65;119m▀[0m[38;2;72;65;119m[48;2;72;65;119m▀[0m[38;2;47;39;77m[48;2;47;39;77m▀[0m[38;2;100;97;151m[48;2;100;97;151m▀[0m[38;2;72;65;119m[48;2;47;39;77m▀[0m[38;2;100;97;151m[48;2;100;97;151m▀[0m[38;2;100;97;151m[48;2;100;97;151m▀[0m[38;2;100;97;151m[48;2;100;97;151m▀[0m[38;2;72;65;119m[48;2;72;65;119m▀[0m[38;2;100;97;151m[48;2;100;97;151m▀[0m[38;2;100;97;151m[48;2;16;16;16m▀[0m[38;2;16;16;16m[48;2;72;65;119m▀[0m[38;2;72;65;119m[48;2;72;65;119m▀[0m[38;2;72;65;119m[48;2;72;65;119m▀[0m[38;2;16;16;16m[48;2;16;16;16m▀[0m                 [38;2;90;16;0m▀[38;2;189;57;65m[48;2;90;16;0m▀[0m[38;2;189;57;65m[48;2;189;57;65m▀[0m[38;2;189;57;65m[48;2;189;57;65m▀[0m[38;2;189;57;65m[48;2;189;57;65m▀[0m[38;2;251;110;59m[48;2;251;110;59m▀[0m[38;2;189;57;65m[48;2;189;57;65m▀[0m[38;2;100;97;151m[48;2;100;97;151m▀[0m     
   [38;2;16;16;16m[48;2;16;16;16m▀[0m[38;2;189;57;65m[48;2;189;57;65m▀[0m[38;2;189;57;65m[48;2;189;57;65m▀[0m[38;2;189;57;65m[48;2;16;16;16m▀[0m[38;2;16;16;16m▀                            [38;2;72;65;119m[48;2;72;65;119m▀[0m[38;2;72;65;119m[48;2;47;39;77m▀[0m[38;2;47;39;77m[48;2;72;65;119m▀[0m[38;2;72;65;119m[48;2;197;148;16m▀[0m[38;2;16;16;16m[48;2;16;16;16m▀[0m        [38;2;16;16;16m▀[38;2;72;65;119m[48;2;47;39;77m▀[0m[38;2;72;65;119m[48;2;72;65;119m▀[0m[38;2;47;39;77m[48;2;72;65;119m▀[0m[38;2;100;97;151m[48;2;16;16;16m▀[0m[38;2;47;39;77m[48;2;100;97;151m▀[0m[38;2;100;97;151m[48;2;47;39;77m▀[0m[38;2;100;97;151m[48;2;100;97;151m▀[0m[38;2;100;97;151m[48;2;72;65;119m▀[0m[38;2;72;65;119m[48;2;16;16;16m▀[0m[38;2;16;16;16m[48;2;72;65;119m▀[0m[38;2;72;65;119m[48;2;72;65;119m▀[0m[38;2;72;65;119m[48;2;72;65;119m▀[0m[38;2;72;65;119m[48;2;72;65;119m▀[0m[38;2;72;65;119m[48;2;72;65;119m▀[0m[38;2;16;16;16m[48;2;16;16;16m▀[0m                  [38;2;90;16;0m▀[38;2;189;57;65m[48;2;90;16;0m▀[0m[38;2;189;57;65m[48;2;189;57;65m▀[0m[38;2;189;57;65m[48;2;189;57;65m▀[0m[38;2;189;57;65m[48;2;189;57;65m▀[0m[38;2;251;110;59m[48;2;251;110;59m▀[0m[38;2;72;65;119m[48;2;189;57;65m▀[0m[38;2;115;123;131m[48;2;255;255;255m▀[0m[38;2;115;123;131m[48;2;255;255;255m▀[0m[38;2;115;123;131m▄  
   [38;2;16;16;16m[48;2;16;16;16m▀[0m[38;2;189;57;65m[48;2;189;57;65m▀[0m[38;2;16;16;16m[48;2;16;16;16m▀[0m                              [38;2;47;39;77m[48;2;72;65;119m▀[0m[38;2;72;65;119m[48;2;197;148;16m▀[0m[38;2;197;148;16m[48;2;197;148;16m▀[0m[38;2;197;148;16m[48;2;72;65;119m▀[0m[38;2;16;16;16m[48;2;16;16;16m▀[0m         [38;2;47;39;77m[48;2;47;39;77m▀[0m[38;2;72;65;119m[48;2;72;65;119m▀[0m[38;2;72;65;119m[48;2;72;65;119m▀[0m[38;2;16;16;16m[48;2;16;16;16m▀[0m[38;2;72;65;119m[48;2;47;39;77m▀[0m[38;2;47;39;77m[48;2;72;65;119m▀[0m[38;2;72;65;119m[48;2;47;39;77m▀[0m[38;2;47;39;77m[48;2;72;65;119m▀[0m[38;2;72;65;119m[48;2;72;65;119m▀[0m[38;2;72;65;119m[48;2;72;65;119m▀[0m[38;2;72;65;119m[48;2;72;65;119m▀[0m[38;2;72;65;119m[48;2;72;65;119m▀[0m[38;2;72;65;119m[48;2;72;65;119m▀[0m[38;2;16;16;16m[48;2;16;16;16m▀[0m                    [38;2;90;16;0m[48;2;90;16;0m▀[0m[38;2;189;57;65m[48;2;189;57;65m▀[0m[38;2;189;57;65m[48;2;189;57;65m▀[0m[38;2;189;57;65m[48;2;189;57;65m▀[0m[38;2;251;110;59m[48;2;251;110;59m▀[0m[38;2;189;57;65m[48;2;189;57;65m▀[0m[38;2;197;205;213m[48;2;197;205;213m▀[0m[38;2;197;205;213m[48;2;197;205;213m▀[0m[38;2;255;255;255m[48;2;197;205;213m▀[0m[38;2;115;123;131m[48;2;255;255;255m▀[0m[38;2;115;123;131m▄
   [38;2;16;16;16m▀[38;2;16;16;16m▀                               [38;2;72;65;119m[48;2;16;16;16m▀[0m[38;2;197;148;16m[48;2;197;148;16m▀[0m[38;2;197;148;16m[48;2;72;65;119m▀[0m[38;2;72;65;119m[48;2;72;65;119m▀[0m[38;2;16;16;16m[48;2;16;16;16m▀[0m         [38;2;47;39;77m[48;2;47;39;77m▀[0m[38;2;72;65;119m[48;2;72;65;119m▀[0m[38;2;72;65;119m[48;2;72;65;119m▀[0m[38;2;16;16;16m[48;2;16;16;16m▀[0m[38;2;72;65;119m[48;2;72;65;119m▀[0m[38;2;47;39;77m[48;2;72;65;119m▀[0m[38;2;72;65;119m[48;2;197;148;16m▀[0m[38;2;72;65;119m[48;2;16;16;16m▀[0m[38;2;72;65;119m[48;2;72;65;119m▀[0m[38;2;72;65;119m[48;2;72;65;119m▀[0m[38;2;72;65;119m[48;2;72;65;119m▀[0m[38;2;72;65;119m[48;2;72;65;119m▀[0m[38;2;72;65;119m[48;2;72;65;119m▀[0m[38;2;16;16;16m[48;2;16;16;16m▀[0m                     [38;2;90;16;0m[48;2;90;16;0m▀[0m[38;2;189;57;65m[48;2;189;57;65m▀[0m[38;2;189;57;65m[48;2;189;57;65m▀[0m[38;2;251;110;59m[48;2;189;57;65m▀[0m[38;2;189;57;65m[48;2;251;110;59m▀[0m[38;2;16;16;16m[48;2;16;16;16m▀[0m[38;2;16;16;16m▀[38;2;16;16;16m▀[38;2;16;16;16m▀ 
                                    [38;2;16;16;16m[48;2;16;16;16m▀[0m[38;2;72;65;119m[48;2;72;65;119m▀[0m[38;2;100;97;151m[48;2;100;97;151m▀[0m[38;2;100;97;151m[48;2;100;97;151m▀[0m[38;2;100;97;151m[48;2;100;97;151m▀[0m[38;2;72;65;119m[48;2;100;97;151m▀[0m[38;2;72;65;119m[48;2;72;65;119m▀[0m[38;2;16;16;16m[48;2;16;16;16m▀[0m     [38;2;47;39;77m[48;2;47;39;77m▀[0m[38;2;72;65;119m[48;2;72;65;119m▀[0m[38;2;72;65;119m[48;2;72;65;119m▀[0m[38;2;72;65;119m[48;2;72;65;119m▀[0m[38;2;16;16;16m[48;2;16;16;16m▀[0m[38;2;255;213;24m[48;2;255;213;24m▀[0m[38;2;255;213;24m[48;2;255;213;24m▀[0m[38;2;255;213;24m[48;2;72;65;119m▀[0m[38;2;16;16;16m[48;2;16;16;16m▀[0m[38;2;72;65;119m[48;2;72;65;119m▀[0m[38;2;72;65;119m[48;2;72;65;119m▀[0m[38;2;72;65;119m[48;2;72;65;119m▀[0m[38;2;72;65;119m[48;2;72;65;119m▀[0m[38;2;16;16;16m[48;2;16;16;16m▀[0m                       [38;2;90;16;0m[48;2;90;16;0m▀[0m[38;2;189;57;65m[48;2;189;57;65m▀[0m[38;2;189;57;65m[48;2;189;57;65m▀[0m[38;2;251;110;59m[48;2;251;110;59m▀[0m[38;2;16;16;16m[48;2;16;16;16m▀[0m    
                                    [38;2;72;65;119m[48;2;100;97;151m▀[0m[38;2;100;97;151m[48;2;100;97;151m▀[0m[38;2;100;97;151m[48;2;100;97;151m▀[0m[38;2;100;97;151m[48;2;100;97;151m▀[0m[38;2;100;97;151m[48;2;100;97;151m▀[0m[38;2;100;97;151m[48;2;16;16;16m▀[0m[38;2;16;16;16m▀     [38;2;47;39;77m▄[38;2;47;39;77m[48;2;72;65;119m▀[0m[38;2;72;65;119m[48;2;72;65;119m▀[0m[38;2;72;65;119m[48;2;72;65;119m▀[0m[38;2;16;16;16m[48;2;16;16;16m▀[0m[38;2;72;65;119m[48;2;72;65;119m▀[0m[38;2;255;213;24m[48;2;72;65;119m▀[0m[38;2;72;65;119m[48;2;72;65;119m▀[0m[38;2;16;16;16m[48;2;16;16;16m▀[0m[38;2;72;65;119m[48;2;72;65;119m▀[0m[38;2;72;65;119m[48;2;72;65;119m▀[0m[38;2;72;65;119m[48;2;72;65;119m▀[0m[38;2;72;65;119m[48;2;72;65;119m▀[0m[38;2;16;16;16m[48;2;16;16;16m▀[0m                         [38;2;90;16;0m[48;2;90;16;0m▀[0m[38;2;189;57;65m[48;2;189;57;65m▀[0m[38;2;251;110;59m[48;2;251;110;59m▀[0m[38;2;16;16;16m▀    
                                  [38;2;47;39;77m▄[38;2;47;39;77m[48;2;100;97;151m▀[0m[38;2;100;97;151m[48;2;100;97;151m▀[0m[38;2;100;97;151m[48;2;100;97;151m▀[0m[38;2;100;97;151m[48;2;100;97;151m▀[0m[38;2;100;97;151m[48;2;16;16;16m▀[0m[38;2;16;16;16m▀      [38;2;47;39;77m▄[38;2;47;39;77m[48;2;72;65;119m▀[0m[38;2;72;65;119m[48;2;72;65;119m▀[0m[38;2;72;65;119m[48;2;72;65;119m▀[0m[38;2;72;65;119m[48;2;16;16;16m▀[0m[38;2;16;16;16m[48;2;72;65;119m▀[0m[38;2;72;65;119m[48;2;100;97;151m▀[0m[38;2;72;65;119m[48;2;72;65;119m▀[0m[38;2;72;65;119m[48;2;72;65;119m▀[0m[38;2;16;16;16m[48;2;72;65;119m▀[0m[38;2;72;65;119m[48;2;16;16;16m▀[0m[38;2;72;65;119m[48;2;72;65;119m▀[0m[38;2;72;65;119m[48;2;72;65;119m▀[0m[38;2;16;16;16m[48;2;16;16;16m▀[0m                          [38;2;90;16;0m▀[38;2;189;57;65m[48;2;90;16;0m▀[0m[38;2;251;110;59m[48;2;251;110;59m▀[0m     
                                [38;2;47;39;77m▄[38;2;47;39;77m[48;2;100;97;151m▀[0m[38;2;100;97;151m[48;2;47;39;77m▀[0m[38;2;47;39;77m[48;2;100;97;151m▀[0m[38;2;100;97;151m[48;2;100;97;151m▀[0m[38;2;100;97;151m[48;2;47;39;77m▀[0m[38;2;16;16;16m[48;2;16;16;16m▀[0m        [38;2;47;39;77m[48;2;72;65;119m▀[0m[38;2;72;65;119m[48;2;72;65;119m▀[0m[38;2;72;65;119m[48;2;72;65;119m▀[0m[38;2;72;65;119m[48;2;16;16;16m▀[0m[38;2;16;16;16m[48;2;100;97;151m▀[0m[38;2;100;97;151m[48;2;100;97;151m▀[0m[38;2;100;97;151m[48;2;100;97;151m▀[0m[38;2;100;97;151m[48;2;100;97;151m▀[0m[38;2;72;65;119m[48;2;100;97;151m▀[0m[38;2;72;65;119m[48;2;72;65;119m▀[0m[38;2;16;16;16m[48;2;16;16;16m▀[0m[38;2;72;65;119m[48;2;16;16;16m▀[0m[38;2;16;16;16m▀                            [38;2;90;16;0m[48;2;90;16;0m▀[0m[38;2;251;110;59m[48;2;189;57;65m▀[0m     
                               [38;2;16;16;16m[48;2;47;39;77m▀[0m[38;2;72;65;119m[48;2;100;97;151m▀[0m[38;2;100;97;151m[48;2;100;97;151m▀[0m[38;2;47;39;77m[48;2;16;16;16m▀[0m[38;2;100;97;151m[48;2;100;97;151m▀[0m[38;2;72;65;119m[48;2;16;16;16m▀[0m[38;2;16;16;16m▀       [38;2;47;39;77m▄[38;2;47;39;77m[48;2;72;65;119m▀[0m[38;2;72;65;119m[48;2;72;65;119m▀[0m[38;2;72;65;119m[48;2;72;65;119m▀[0m[38;2;16;16;16m[48;2;47;39;77m▀[0m[38;2;72;65;119m[48;2;100;97;151m▀[0m[38;2;100;97;151m[48;2;100;97;151m▀[0m[38;2;100;97;151m[48;2;100;97;151m▀[0m[38;2;100;97;151m[48;2;100;97;151m▀[0m[38;2;100;97;151m[48;2;100;97;151m▀[0m[38;2;100;97;151m[48;2;100;97;151m▀[0m[38;2;16;16;16m[48;2;16;16;16m▀[0m[38;2;72;65;119m[48;2;72;65;119m▀[0m[38;2;16;16;16m▀                              [38;2;90;16;0m▀     
                             [38;2;16;16;16m▄[38;2;47;39;77m[48;2;72;65;119m▀[0m[38;2;16;16;16m[48;2;16;16;16m▀[0m[38;2;100;97;151m[48;2;100;97;151m▀[0m[38;2;100;97;151m[48;2;16;16;16m▀[0m[38;2;16;16;16m▀[38;2;100;97;151m[48;2;16;16;16m▀[0m[38;2;16;16;16m▀     [38;2;47;39;77m▄[38;2;72;65;119m▄[38;2;47;39;77m[48;2;72;65;119m▀[0m[38;2;72;65;119m[48;2;72;65;119m▀[0m[38;2;72;65;119m[48;2;72;65;119m▀[0m[38;2;72;65;119m[48;2;16;16;16m▀[0m[38;2;16;16;16m[48;2;100;97;151m▀[0m[38;2;100;97;151m[48;2;100;97;151m▀[0m[38;2;100;97;151m[48;2;47;39;77m▀[0m[38;2;100;97;151m[48;2;72;65;119m▀[0m[38;2;100;97;151m[48;2;100;97;151m▀[0m[38;2;100;97;151m[48;2;72;65;119m▀[0m[38;2;100;97;151m[48;2;100;97;151m▀[0m[38;2;72;65;119m[48;2;100;97;151m▀[0m[38;2;16;16;16m[48;2;47;39;77m▀[0m[38;2;16;16;16m▀                                     
                             [38;2;16;16;16m▀[38;2;72;65;119m[48;2;16;16;16m▀[0m[38;2;47;39;77m▀[38;2;16;16;16m▀      [38;2;47;39;77m▄[38;2;47;39;77m▄[38;2;47;39;77m[48;2;72;65;119m▀[0m[38;2;72;65;119m[48;2;72;65;119m▀[0m[38;2;72;65;119m[48;2;72;65;119m▀[0m[38;2;72;65;119m[48;2;72;65;119m▀[0m[38;2;72;65;119m[48;2;72;65;119m▀[0m[38;2;72;65;119m[48;2;72;65;119m▀[0m[38;2;72;65;119m[48;2;100;97;151m▀[0m[38;2;100;97;151m[48;2;100;97;151m▀[0m[38;2;100;97;151m[48;2;16;16;16m▀[0m[38;2;47;39;77m[48;2;100;97;151m▀[0m[38;2;100;97;151m[48;2;100;97;151m▀[0m[38;2;100;97;151m[48;2;100;97;151m▀[0m[38;2;47;39;77m[48;2;16;16;16m▀[0m[38;2;100;97;151m[48;2;100;97;151m▀[0m[38;2;100;97;151m[48;2;100;97;151m▀[0m[38;2;47;39;77m[48;2;16;16;16m▀[0m                                      
                         [38;2;47;39;77m▄[38;2;47;39;77m▄        [38;2;47;39;77m▄[38;2;47;39;77m▄[38;2;47;39;77m[48;2;72;65;119m▀[0m[38;2;47;39;77m[48;2;47;39;77m▀[0m[38;2;72;65;119m[48;2;72;65;119m▀[0m[38;2;72;65;119m[48;2;72;65;119m▀[0m[38;2;72;65;119m[48;2;72;65;119m▀[0m[38;2;72;65;119m[48;2;72;65;119m▀[0m[38;2;72;65;119m[48;2;72;65;119m▀[0m[38;2;72;65;119m[48;2;72;65;119m▀[0m[38;2;72;65;119m[48;2;72;65;119m▀[0m[38;2;72;65;119m[48;2;72;65;119m▀[0m[38;2;100;97;151m[48;2;16;16;16m▀[0m[38;2;16;16;16m[48;2;72;65;119m▀[0m[38;2;47;39;77m[48;2;16;16;16m▀[0m[38;2;100;97;151m[48;2;100;97;151m▀[0m[38;2;100;97;151m[48;2;100;97;151m▀[0m[38;2;72;65;119m[48;2;47;39;77m▀[0m[38;2;16;16;16m[48;2;47;39;77m▀[0m[38;2;100;97;151m[48;2;16;16;16m▀[0m[38;2;100;97;151m[48;2;100;97;151m▀[0m[38;2;16;16;16m[48;2;16;16;16m▀[0m                                      
                        [38;2;16;16;16m▀[38;2;100;97;151m[48;2;16;16;16m▀[0m[38;2;100;97;151m[48;2;100;97;151m▀[0m[38;2;47;39;77m[48;2;100;97;151m▀[0m[38;2;47;39;77m[48;2;100;97;151m▀[0m[38;2;47;39;77m[48;2;100;97;151m▀[0m[38;2;16;16;16m▄[38;2;16;16;16m▄[38;2;47;39;77m[48;2;72;65;119m▀[0m[38;2;47;39;77m[48;2;72;65;119m▀[0m[38;2;47;39;77m[48;2;72;65;119m▀[0m[38;2;72;65;119m[48;2;72;65;119m▀[0m[38;2;255;213;24m[48;2;255;213;24m▀[0m[38;2;72;65;119m[48;2;72;65;119m▀[0m[38;2;47;39;77m[48;2;72;65;119m▀[0m[38;2;72;65;119m[48;2;47;39;77m▀[0m[38;2;72;65;119m[48;2;72;65;119m▀[0m[38;2;72;65;119m[48;2;72;65;119m▀[0m[38;2;72;65;119m[48;2;72;65;119m▀[0m[38;2;72;65;119m[48;2;72;65;119m▀[0m[38;2;72;65;119m[48;2;72;65;119m▀[0m[38;2;72;65;119m[48;2;72;65;119m▀[0m[38;2;72;65;119m[48;2;72;65;119m▀[0m[38;2;72;65;119m[48;2;16;16;16m▀[0m[38;2;16;16;16m▀[38;2;16;16;16m[48;2;16;16;16m▀[0m[38;2;100;97;151m[48;2;100;97;151m▀[0m[38;2;72;65;119m[48;2;16;16;16m▀[0m[38;2;16;16;16m▀ [38;2;16;16;16m▀[38;2;100;97;151m[48;2;16;16;16m▀[0m[38;2;16;16;16m▀                                      
                     [38;2;115;123;131m▄[38;2;115;123;131m▄[38;2;115;123;131m▄[38;2;115;123;131m▄[38;2;115;123;131m▄[38;2;100;97;151m[48;2;47;39;77m▀[0m[38;2;100;97;151m[48;2;72;65;119m▀[0m[38;2;100;97;151m[48;2;72;65;119m▀[0m[38;2;100;97;151m[48;2;72;65;119m▀[0m[38;2;100;97;151m[48;2;47;39;77m▀[0m[38;2;100;97;151m[48;2;47;39;77m▀[0m[38;2;16;16;16m[48;2;47;39;77m▀[0m[38;2;72;65;119m[48;2;72;65;119m▀[0m[38;2;72;65;119m[48;2;72;65;119m▀[0m[38;2;72;65;119m[48;2;72;65;119m▀[0m[38;2;255;213;24m[48;2;255;213;24m▀[0m[38;2;255;213;24m[48;2;255;213;24m▀[0m[38;2;72;65;119m[48;2;255;213;24m▀[0m[38;2;72;65;119m[48;2;72;65;119m▀[0m[38;2;47;39;77m[48;2;72;65;119m▀[0m[38;2;72;65;119m[48;2;16;16;16m▀[0m[38;2;72;65;119m[48;2;16;16;16m▀[0m[38;2;72;65;119m[48;2;16;16;16m▀[0m[38;2;16;16;16m▀[38;2;16;16;16m▀[38;2;16;16;16m▀   [38;2;16;16;16m▀                                            
                    [38;2;115;123;131m▀[38;2;197;205;213m[48;2;16;16;16m▀[0m[38;2;197;205;213m[48;2;16;16;16m▀[0m[38;2;197;205;213m[48;2;16;16;16m▀[0m[38;2;197;205;213m[48;2;197;205;213m▀[0m[38;2;197;205;213m[48;2;197;205;213m▀[0m[38;2;115;123;131m[48;2;197;205;213m▀[0m[38;2;47;39;77m[48;2;115;123;131m▀[0m[38;2;47;39;77m[48;2;72;65;119m▀[0m[38;2;47;39;77m[48;2;72;65;119m▀[0m[38;2;72;65;119m[48;2;16;16;16m▀[0m[38;2;72;65;119m[48;2;16;16;16m▀[0m[38;2;72;65;119m[48;2;47;39;77m▀[0m[38;2;72;65;119m[48;2;47;39;77m▀[0m[38;2;72;65;119m[48;2;47;39;77m▀[0m[38;2;72;65;119m[48;2;47;39;77m▀[0m[38;2;16;16;16m[48;2;72;65;119m▀[0m[38;2;16;16;16m[48;2;16;16;16m▀[0m[38;2;16;16;16m▀[38;2;16;16;16m▀[38;2;16;16;16m▀                                                      
                                 [38;2;16;16;16m▀[38;2;72;65;119m[48;2;16;16;16m▀[0m[38;2;72;65;119m[48;2;72;65;119m▀[0m[38;2;72;65;119m[48;2;72;65;119m▀[0m[38;2;72;65;119m[48;2;72;65;119m▀[0m[38;2;16;16;16m[48;2;16;16;16m▀[0m                                                        
                                   [38;2;16;16;16m▀[38;2;72;65;119m[48;2;72;65;119m▀[0m[38;2;16;16;16m[48;2;16;16;16m▀[0m                                                         
                                    [38;2;16;16;16m▀                                                          
[0m