   [38;2;129;104;49m▄[38;2;129;104;49m▄[38;2;129;104;49m[48;2;245;215;125m▀[0m[38;2;129;104;49m[48;2;245;215;125m▀[0m[38;2;129;104;49m[48;2;245;215;125m▀[0m[38;2;129;104;49m[48;2;245;215;125m▀[0m[38;2;129;104;49m[48;2;227;193;93m▀[0m[38;2;129;104;49m▄[38;2;129;104;49m▄   [38;2;15;15;15m▄[38;2;15;15;15m▄[38;2;15;15;15m▄[38;2;15;15;15m▄[38;2;15;15;15m▄[38;2;15;15;15m▄       [38;2;129;104;49m▄[38;2;129;104;49m▄[38;2;129;104;49m▄[38;2;129;104;49m▄[38;2;129;104;49m▄[38;2;129;104;49m▄      
 [38;2;129;104;49m▄[38;2;129;104;49m[48;2;245;215;125m▀[0m[38;2;245;215;125m[48;2;245;215;125m▀[0m[38;2;245;215;125m[48;2;245;215;125m▀[0m[38;2;245;215;125m[48;2;227;193;93m▀[0m[38;2;245;215;125m[48;2;227;193;93m▀[0m[38;2;227;193;93m[48;2;103;38;54m▀[0m[38;2;227;193;93m[48;2;103;38;54m▀[0m[38;2;103;38;54m[48;2;154;44;46m▀[0m[38;2;103;38;54m[48;2;154;44;46m▀[0m[38;2;103;38;54m[48;2;154;44;46m▀[0m[38;2;103;38;54m[48;2;15;15;15m▀[0m[38;2;15;15;15m[48;2;55;57;64m▀[0m[38;2;15;15;15m[48;2;55;57;64m▀[0m[38;2;35;36;41m[48;2;55;57;64m▀[0m[38;2;35;36;41m[48;2;55;57;64m▀[0m[38;2;35;36;41m[48;2;35;36;41m▀[0m[38;2;35;36;41m[48;2;35;36;41m▀[0m[38;2;35;36;41m[48;2;15;15;15m▀[0m[38;2;35;36;41m[48;2;103;38;54m▀[0m[38;2;15;15;15m[48;2;103;38;54m▀[0m[38;2;15;15;15m[48;2;103;38;54m▀[0m[38;2;103;38;54m▄[38;2;103;38;54m▄[38;2;129;104;49m▄[38;2;129;104;49m[48;2;245;215;125m▀[0m[38;2;129;104;49m[48;2;245;215;125m▀[0m[38;2;245;215;125m[48;2;245;215;125m▀[0m[38;2;245;215;125m[48;2;245;215;125m▀[0m[38;2;245;215;125m[48;2;227;193;93m▀[0m[38;2;245;215;125m[48;2;227;193;93m▀[0m[38;2;245;215;125m[48;2;227;193;93m▀[0m[38;2;245;215;125m[48;2;227;193;93m▀[0m[38;2;129;104;49m[48;2;227;193;93m▀[0m[38;2;129;104;49m[48;2;227;193;93m▀[0m[38;2;129;104;49m▄   
[38;2;129;104;49m▄[38;2;129;104;49m[48;2;245;215;125m▀[0m[38;2;245;215;125m[48;2;245;215;125m▀[0m[38;2;245;215;125m[48;2;227;193;93m▀[0m[38;2;227;193;93m[48;2;227;193;93m▀[0m[38;2;227;193;93m[48;2;129;104;49m▀[0m[38;2;103;38;54m[48;2;154;44;46m▀[0m[38;2;154;44;46m[48;2;154;44;46m▀[0m[38;2;154;44;46m[48;2;154;44;46m▀[0m[38;2;154;44;46m[48;2;154;44;46m▀[0m[38;2;154;44;46m[48;2;154;44;46m▀[0m[38;2;35;36;41m[48;2;35;36;41m▀[0m[38;2;55;57;64m[48;2;55;57;64m▀[0m[38;2;55;57;64m[48;2;55;57;64m▀[0m[38;2;55;57;64m[48;2;55;57;64m▀[0m[38;2;55;57;64m[48;2;55;57;64m▀[0m[38;2;55;57;64m[48;2;35;36;41m▀[0m[38;2;15;15;15m[48;2;154;44;46m▀[0m[38;2;103;38;54m[48;2;154;44;46m▀[0m[38;2;154;44;46m[48;2;154;44;46m▀[0m[38;2;154;44;46m[48;2;154;44;46m▀[0m[38;2;154;44;46m[48;2;154;44;46m▀[0m[38;2;154;44;46m[48;2;154;44;46m▀[0m[38;2;154;44;46m[48;2;129;104;49m▀[0m[38;2;129;104;49m[48;2;245;215;125m▀[0m[38;2;245;215;125m[48;2;245;215;125m▀[0m[38;2;245;215;125m[48;2;245;215;125m▀[0m[38;2;245;215;125m[48;2;227;193;93m▀[0m[38;2;227;193;93m[48;2;227;193;93m▀[0m[38;2;227;193;93m[48;2;129;104;49m▀[0m[38;2;227;193;93m[48;2;182;148;68m▀[0m[38;2;129;104;49m[48;2;182;148;68m▀[0m[38;2;129;104;49m[48;2;182;148;68m▀[0m[38;2;129;104;49m[48;2;182;148;68m▀[0m[38;2;129;104;49m[48;2;182;148;68m▀[0m[38;2;227;193;93m[48;2;182;148;68m▀[0m[38;2;227;193;93m[48;2;129;104;49m▀[0m[38;2;15;15;15m[48;2;227;193;93m▀[0m[38;2;15;15;15m▄ 
[38;2;129;104;49m[48;2;129;104;49m▀[0m[38;2;245;215;125m[48;2;227;193;93m▀[0m[38;2;245;215;125m[48;2;227;193;93m▀[0m[38;2;227;193;93m[48;2;227;193;93m▀[0m[38;2;227;193;93m[48;2;129;104;49m▀[0m[38;2;129;104;49m[48;2;154;44;46m▀[0m[38;2;154;44;46m[48;2;154;44;46m▀[0m[38;2;154;44;46m[48;2;154;44;46m▀[0m[38;2;154;44;46m[48;2;154;44;46m▀[0m[38;2;154;44;46m[48;2;154;44;46m▀[0m[38;2;35;36;41m[48;2;35;36;41m▀[0m[38;2;55;57;64m[48;2;55;57;64m▀[0m[38;2;55;57;64m[48;2;55;57;64m▀[0m[38;2;55;57;64m[48;2;55;57;64m▀[0m[38;2;55;57;64m[48;2;55;57;64m▀[0m[38;2;55;57;64m[48;2;35;36;41m▀[0m[38;2;35;36;41m[48;2;154;44;46m▀[0m[38;2;154;44;46m[48;2;154;44;46m▀[0m[38;2;154;44;46m[48;2;154;44;46m▀[0m[38;2;154;44;46m[48;2;154;44;46m▀[0m[38;2;154;44;46m[48;2;154;44;46m▀[0m[38;2;154;44;46m[48;2;154;44;46m▀[0m[38;2;154;44;46m[48;2;129;104;49m▀[0m[38;2;129;104;49m[48;2;227;193;93m▀[0m[38;2;245;215;125m[48;2;227;193;93m▀[0m[38;2;245;215;125m[48;2;227;193;93m▀[0m[38;2;227;193;93m[48;2;227;193;93m▀[0m[38;2;227;193;93m[48;2;129;104;49m▀[0m[38;2;129;104;49m[48;2;182;148;68m▀[0m[38;2;182;148;68m[48;2;182;148;68m▀[0m[38;2;182;148;68m[48;2;182;148;68m▀[0m[38;2;182;148;68m[48;2;182;148;68m▀[0m[38;2;182;148;68m[48;2;182;148;68m▀[0m[38;2;182;148;68m[48;2;182;148;68m▀[0m[38;2;182;148;68m[48;2;182;148;68m▀[0m[38;2;182;148;68m[48;2;182;148;68m▀[0m[38;2;182;148;68m[48;2;182;148;68m▀[0m[38;2;182;148;68m[48;2;182;148;68m▀[0m[38;2;15;15;15m[48;2;182;148;68m▀[0m[38;2;15;15;15m▄
[38;2;129;104;49m[48;2;129;104;49m▀[0m[38;2;227;193;93m[48;2;227;193;93m▀[0m[38;2;227;193;93m[48;2;227;193;93m▀[0m[38;2;227;193;93m[48;2;227;193;93m▀[0m[38;2;129;104;49m[48;2;129;104;49m▀[0m[38;2;154;44;46m[48;2;154;44;46m▀[0m[38;2;154;44;46m[48;2;154;44;46m▀[0m[38;2;154;44;46m[48;2;154;44;46m▀[0m[38;2;154;44;46m[48;2;154;44;46m▀[0m[38;2;154;44;46m[48;2;154;44;46m▀[0m[38;2;35;36;41m[48;2;100;108;132m▀[0m[38;2;35;36;41m[48;2;143;149;183m▀[0m[38;2;35;36;41m[48;2;143;149;183m▀[0m[38;2;35;36;41m[48;2;143;149;183m▀[0m[38;2;35;36;41m[48;2;100;108;132m▀[0m[38;2;35;36;41m[48;2;100;108;132m▀[0m[38;2;154;44;46m[48;2;35;36;41m▀[0m[38;2;154;44;46m[48;2;154;44;46m▀[0m[38;2;154;44;46m[48;2;154;44;46m▀[0m[38;2;154;44;46m[48;2;154;44;46m▀[0m[38;2;154;44;46m[48;2;154;44;46m▀[0m[38;2;154;44;46m[48;2;154;44;46m▀[0m[38;2;129;104;49m[48;2;129;104;49m▀[0m[38;2;227;193;93m[48;2;227;193;93m▀[0m[38;2;227;193;93m[48;2;227;193;93m▀[0m[38;2;227;193;93m[48;2;227;193;93m▀[0m[38;2;227;193;93m[48;2;129;104;49m▀[0m[38;2;182;148;68m[48;2;182;148;68m▀[0m[38;2;182;148;68m[48;2;182;148;68m▀[0m[38;2;182;148;68m[48;2;182;148;68m▀[0m[38;2;182;148;68m[48;2;129;104;49m▀[0m[38;2;182;148;68m[48;2;103;38;54m▀[0m[38;2;129;104;49m[48;2;103;38;54m▀[0m[38;2;129;104;49m[48;2;103;38;54m▀[0m[38;2;129;104;49m[48;2;103;38;54m▀[0m[38;2;182;148;68m[48;2;129;104;49m▀[0m[38;2;182;148;68m[48;2;182;148;68m▀[0m[38;2;182;148;68m[48;2;182;148;68m▀[0m[38;2;182;148;68m[48;2;182;148;68m▀[0m[38;2;15;15;15m[48;2;15;15;15m▀[0m
[38;2;129;104;49m[48;2;129;104;49m▀[0m[38;2;227;193;93m[48;2;227;193;93m▀[0m[38;2;227;193;93m[48;2;227;193;93m▀[0m[38;2;227;193;93m[48;2;227;193;93m▀[0m[38;2;129;104;49m[48;2;129;104;49m▀[0m[38;2;154;44;46m[48;2;154;44;46m▀[0m[38;2;154;44;46m[48;2;154;44;46m▀[0m[38;2;154;44;46m[48;2;154;44;46m▀[0m[38;2;154;44;46m[48;2;154;44;46m▀[0m[38;2;100;108;132m[48;2;143;149;183m▀[0m[38;2;186;196;216m[48;2;143;149;183m▀[0m[38;2;186;196;216m[48;2;143;149;183m▀[0m[38;2;186;196;216m[48;2;186;196;216m▀[0m[38;2;186;196;216m[48;2;143;149;183m▀[0m[38;2;186;196;216m[48;2;143;149;183m▀[0m[38;2;100;108;132m[48;2;143;149;183m▀[0m[38;2;100;108;132m[48;2;100;108;132m▀[0m[38;2;35;36;41m[48;2;55;57;64m▀[0m[38;2;154;44;46m[48;2;154;44;46m▀[0m[38;2;154;44;46m[48;2;154;44;46m▀[0m[38;2;154;44;46m[48;2;154;44;46m▀[0m[38;2;129;104;49m[48;2;129;104;49m▀[0m[38;2;227;193;93m[48;2;227;193;93m▀[0m[38;2;227;193;93m[48;2;227;193;93m▀[0m[38;2;227;193;93m[48;2;227;193;93m▀[0m[38;2;227;193;93m[48;2;227;193;93m▀[0m[38;2;129;104;49m[48;2;182;148;68m▀[0m[38;2;182;148;68m[48;2;182;148;68m▀[0m[38;2;182;148;68m[48;2;182;148;68m▀[0m[38;2;129;104;49m[48;2;129;104;49m▀[0m[38;2;103;38;54m[48;2;103;38;54m▀[0m[38;2;103;38;54m[48;2;103;38;54m▀[0m[38;2;103;38;54m[48;2;103;38;54m▀[0m[38;2;103;38;54m[48;2;103;38;54m▀[0m[38;2;103;38;54m[48;2;103;38;54m▀[0m[38;2;103;38;54m[48;2;103;38;54m▀[0m[38;2;129;104;49m[48;2;129;104;49m▀[0m[38;2;182;148;68m[48;2;182;148;68m▀[0m[38;2;182;148;68m[48;2;182;148;68m▀[0m[38;2;15;15;15m[48;2;15;15;15m▀[0m
[38;2;129;104;49m[48;2;129;104;49m▀[0m[38;2;227;193;93m[48;2;227;193;93m▀[0m[38;2;227;193;93m[48;2;227;193;93m▀[0m[38;2;227;193;93m[48;2;227;193;93m▀[0m[38;2;129;104;49m[48;2;227;193;93m▀[0m[38;2;154;44;46m[48;2;129;104;49m▀[0m[38;2;154;44;46m[48;2;154;44;46m▀[0m[38;2;154;44;46m[48;2;154;44;46m▀[0m[38;2;100;108;132m[48;2;100;108;132m▀[0m[38;2;143;149;183m[48;2;186;196;216m▀[0m[38;2;186;196;216m[48;2;186;196;216m▀[0m[38;2;186;196;216m[48;2;143;149;183m▀[0m[38;2;186;196;216m[48;2;143;149;183m▀[0m[38;2;186;196;216m[48;2;143;149;183m▀[0m[38;2;186;196;216m[48;2;186;196;216m▀[0m[38;2;143;149;183m[48;2;186;196;216m▀[0m[38;2;100;108;132m[48;2;100;108;132m▀[0m[38;2;100;108;132m[48;2;100;108;132m▀[0m[38;2;154;44;46m[48;2;154;44;46m▀[0m[38;2;154;44;46m[48;2;154;44;46m▀[0m[38;2;154;44;46m[48;2;154;44;46m▀[0m[38;2;129;104;49m[48;2;129;104;49m▀[0m[38;2;227;193;93m[48;2;227;193;93m▀[0m[38;2;227;193;93m[48;2;227;193;93m▀[0m[38;2;227;193;93m[48;2;227;193;93m▀[0m[38;2;129;104;49m[48;2;129;104;49m▀[0m[38;2;182;148;68m[48;2;182;148;68m▀[0m[38;2;182;148;68m[48;2;182;148;68m▀[0m[38;2;182;148;68m[48;2;129;104;49m▀[0m[38;2;103;38;54m[48;2;103;38;54m▀[0m[38;2;103;38;54m[48;2;103;38;54m▀[0m[38;2;103;38;54m[48;2;103;38;54m▀[0m[38;2;103;38;54m[48;2;103;38;54m▀[0m[38;2;103;38;54m[48;2;103;38;54m▀[0m[38;2;103;38;54m[48;2;103;38;54m▀[0m[38;2;103;38;54m[48;2;103;38;54m▀[0m[38;2;103;38;54m[48;2;103;38;54m▀[0m[38;2;182;148;68m[48;2;182;148;68m▀[0m[38;2;182;148;68m[48;2;182;148;68m▀[0m[38;2;15;15;15m[48;2;15;15;15m▀[0m
 [38;2;129;104;49m[48;2;129;104;49m▀[0m[38;2;227;193;93m[48;2;227;193;93m▀[0m[38;2;227;193;93m[48;2;227;193;93m▀[0m[38;2;227;193;93m[48;2;227;193;93m▀[0m[38;2;129;104;49m[48;2;129;104;49m▀[0m[38;2;154;44;46m[48;2;154;44;46m▀[0m[38;2;154;44;46m[48;2;154;44;46m▀[0m[38;2;154;44;46m[48;2;154;44;46m▀[0m[38;2;143;149;183m[48;2;100;108;132m▀[0m[38;2;186;196;216m[48;2;143;149;183m▀[0m[38;2;186;196;216m[48;2;143;149;183m▀[0m[38;2;186;196;216m[48;2;186;196;216m▀[0m[38;2;186;196;216m[48;2;143;149;183m▀[0m[38;2;186;196;216m[48;2;143;149;183m▀[0m[38;2;143;149;183m[48;2;100;108;132m▀[0m[38;2;100;108;132m[48;2;100;108;132m▀[0m[38;2;55;57;64m[48;2;55;57;64m▀[0m[38;2;154;44;46m[48;2;154;44;46m▀[0m[38;2;154;44;46m[48;2;154;44;46m▀[0m[38;2;154;44;46m[48;2;154;44;46m▀[0m[38;2;129;104;49m[48;2;129;104;49m▀[0m[38;2;227;193;93m[48;2;227;193;93m▀[0m[38;2;227;193;93m[48;2;227;193;93m▀[0m[38;2;227;193;93m[48;2;227;193;93m▀[0m[38;2;129;104;49m[48;2;129;104;49m▀[0m[38;2;182;148;68m[48;2;182;148;68m▀[0m[38;2;182;148;68m[48;2;182;148;68m▀[0m[38;2;129;104;49m[48;2;129;104;49m▀[0m[38;2;103;38;54m[48;2;103;38;54m▀[0m[38;2;103;38;54m[48;2;103;38;54m▀[0m[38;2;103;38;54m[48;2;103;38;54m▀[0m[38;2;103;38;54m[48;2;103;38;54m▀[0m[38;2;103;38;54m[48;2;103;38;54m▀[0m[38;2;103;38;54m[48;2;103;38;54m▀[0m[38;2;103;38;54m[48;2;103;38;54m▀[0m[38;2;103;38;54m[48;2;103;38;54m▀[0m[38;2;182;148;68m[48;2;182;148;68m▀[0m[38;2;182;148;68m[48;2;182;148;68m▀[0m[38;2;15;15;15m[48;2;15;15;15m▀[0m
 [38;2;129;104;49m[48;2;129;104;49m▀[0m[38;2;227;193;93m[48;2;227;193;93m▀[0m[38;2;227;193;93m[48;2;227;193;93m▀[0m[38;2;227;193;93m[48;2;227;193;93m▀[0m[38;2;182;148;68m[48;2;227;193;93m▀[0m[38;2;129;104;49m[48;2;227;193;93m▀[0m[38;2;129;104;49m[48;2;227;193;93m▀[0m[38;2;129;104;49m[48;2;227;193;93m▀[0m[38;2;129;104;49m[48;2;227;193;93m▀[0m[38;2;100;108;132m[48;2;182;148;68m▀[0m[38;2;186;196;216m[48;2;55;57;64m▀[0m[38;2;186;196;216m[48;2;55;57;64m▀[0m[38;2;186;196;216m[48;2;55;57;64m▀[0m[38;2;100;108;132m[48;2;55;57;64m▀[0m[38;2;100;108;132m[48;2;55;57;64m▀[0m[38;2;55;57;64m[48;2;129;104;49m▀[0m[38;2;154;44;46m[48;2;129;104;49m▀[0m[38;2;154;44;46m[48;2;129;104;49m▀[0m[38;2;154;44;46m[48;2;129;104;49m▀[0m[38;2;154;44;46m[48;2;129;104;49m▀[0m[38;2;129;104;49m[48;2;182;148;68m▀[0m[38;2;227;193;93m[48;2;227;193;93m▀[0m[38;2;227;193;93m[48;2;227;193;93m▀[0m[38;2;227;193;93m[48;2;227;193;93m▀[0m[38;2;129;104;49m[48;2;129;104;49m▀[0m[38;2;182;148;68m[48;2;182;148;68m▀[0m[38;2;182;148;68m[48;2;182;148;68m▀[0m[38;2;129;104;49m[48;2;129;104;49m▀[0m[38;2;103;38;54m[48;2;103;38;54m▀[0m[38;2;103;38;54m[48;2;103;38;54m▀[0m[38;2;103;38;54m[48;2;103;38;54m▀[0m[38;2;103;38;54m[48;2;103;38;54m▀[0m[38;2;103;38;54m[48;2;103;38;54m▀[0m[38;2;103;38;54m[48;2;103;38;54m▀[0m[38;2;103;38;54m[48;2;103;38;54m▀[0m[38;2;129;104;49m[48;2;182;148;68m▀[0m[38;2;182;148;68m[48;2;182;148;68m▀[0m[38;2;15;15;15m[48;2;15;15;15m▀[0m 
  [38;2;129;104;49m[48;2;129;104;49m▀[0m[38;2;227;193;93m[48;2;182;148;68m▀[0m[38;2;227;193;93m[48;2;15;15;15m▀[0m[38;2;227;193;93m[48;2;15;15;15m▀[0m[38;2;227;193;93m[48;2;15;15;15m▀[0m[38;2;227;193;93m[48;2;15;15;15m▀[0m[38;2;227;193;93m[48;2;15;15;15m▀[0m[38;2;227;193;93m[48;2;129;104;49m▀[0m[38;2;227;193;93m[48;2;129;104;49m▀[0m[38;2;227;193;93m[48;2;182;148;68m▀[0m[38;2;227;193;93m[48;2;227;193;93m▀[0m[38;2;227;193;93m[48;2;227;193;93m▀[0m[38;2;227;193;93m[48;2;227;193;93m▀[0m[38;2;227;193;93m[48;2;227;193;93m▀[0m[38;2;227;193;93m[48;2;227;193;93m▀[0m[38;2;227;193;93m[48;2;227;193;93m▀[0m[38;2;227;193;93m[48;2;227;193;93m▀[0m[38;2;227;193;93m[48;2;227;193;93m▀[0m[38;2;227;193;93m[48;2;227;193;93m▀[0m[38;2;227;193;93m[48;2;227;193;93m▀[0m[38;2;227;193;93m[48;2;227;193;93m▀[0m[38;2;227;193;93m[48;2;227;193;93m▀[0m[38;2;227;193;93m[48;2;227;193;93m▀[0m[38;2;129;104;49m[48;2;129;104;49m▀[0m[38;2;182;148;68m[48;2;182;148;68m▀[0m[38;2;182;148;68m[48;2;182;148;68m▀[0m[38;2;129;104;49m[48;2;129;104;49m▀[0m[38;2;103;38;54m[48;2;103;38;54m▀[0m[38;2;103;38;54m[48;2;103;38;54m▀[0m[38;2;103;38;54m[48;2;103;38;54m▀[0m[38;2;103;38;54m[48;2;103;38;54m▀[0m[38;2;103;38;54m[48;2;103;38;54m▀[0m[38;2;103;38;54m[48;2;103;38;54m▀[0m[38;2;103;38;54m[48;2;129;104;49m▀[0m[38;2;182;148;68m[48;2;182;148;68m▀[0m[38;2;182;148;68m[48;2;15;15;15m▀[0m[38;2;15;15;15m▀ 
  [38;2;129;104;49m▀[38;2;182;148;68m[48;2;129;104;49m▀[0m[38;2;182;148;68m[48;2;129;104;49m▀[0m[38;2;182;148;68m[48;2;129;104;49m▀[0m[38;2;129;104;49m[48;2;182;148;68m▀[0m[38;2;35;36;41m[48;2;182;148;68m▀[0m[38;2;35;36;41m[48;2;182;148;68m▀[0m[38;2;35;36;41m[48;2;129;104;49m▀[0m[38;2;15;15;15m[48;2;35;36;41m▀[0m[38;2;15;15;15m[48;2;35;36;41m▀[0m[38;2;15;15;15m[48;2;35;36;41m▀[0m[38;2;15;15;15m[48;2;15;15;15m▀[0m[38;2;15;15;15m[48;2;15;15;15m▀[0m[38;2;15;15;15m[48;2;35;36;41m▀[0m[38;2;129;104;49m[48;2;35;36;41m▀[0m[38;2;129;104;49m[48;2;35;36;41m▀[0m[38;2;182;148;68m[48;2;15;15;15m▀[0m[38;2;227;193;93m[48;2;15;15;15m▀[0m[38;2;227;193;93m[48;2;15;15;15m▀[0m[38;2;227;193;93m[48;2;15;15;15m▀[0m[38;2;227;193;93m[48;2;15;15;15m▀[0m[38;2;227;193;93m[48;2;15;15;15m▀[0m[38;2;227;193;93m[48;2;15;15;15m▀[0m[38;2;182;148;68m[48;2;182;148;68m▀[0m[38;2;182;148;68m[48;2;182;148;68m▀[0m[38;2;182;148;68m[48;2;182;148;68m▀[0m[38;2;182;148;68m[48;2;182;148;68m▀[0m[38;2;129;104;49m[48;2;182;148;68m▀[0m[38;2;129;104;49m[48;2;182;148;68m▀[0m[38;2;103;38;54m[48;2;129;104;49m▀[0m[38;2;103;38;54m[48;2;129;104;49m▀[0m[38;2;103;38;54m[48;2;103;38;54m▀[0m[38;2;103;38;54m[48;2;129;104;49m▀[0m[38;2;182;148;68m[48;2;182;148;68m▀[0m[38;2;182;148;68m[48;2;182;148;68m▀[0m[38;2;15;15;15m[48;2;15;15;15m▀[0m  
      [38;2;129;104;49m▀[38;2;129;104;49m▀[38;2;129;104;49m▀[38;2;182;148;68m[48;2;15;15;15m▀[0m[38;2;182;148;68m[48;2;15;15;15m▀[0m[38;2;15;15;15m[48;2;129;104;49m▀[0m[38;2;15;15;15m[48;2;182;148;68m▀[0m[38;2;35;36;41m[48;2;182;148;68m▀[0m[38;2;35;36;41m[48;2;100;108;132m▀[0m[38;2;35;36;41m[48;2;143;149;183m▀[0m[38;2;100;108;132m[48;2;186;196;216m▀[0m[38;2;143;149;183m[48;2;186;196;216m▀[0m[38;2;143;149;183m[48;2;186;196;216m▀[0m[38;2;143;149;183m[48;2;186;196;216m▀[0m[38;2;143;149;183m[48;2;186;196;216m▀[0m[38;2;143;149;183m[48;2;143;149;183m▀[0m[38;2;55;57;64m[48;2;143;149;183m▀[0m[38;2;55;57;64m[48;2;143;149;183m▀[0m[38;2;15;15;15m[48;2;55;57;64m▀[0m[38;2;15;15;15m[48;2;15;15;15m▀[0m[38;2;15;15;15m[48;2;35;36;41m▀[0m[38;2;182;148;68m[48;2;15;15;15m▀[0m[38;2;182;148;68m[48;2;15;15;15m▀[0m[38;2;182;148;68m[48;2;182;148;68m▀[0m[38;2;182;148;68m[48;2;182;148;68m▀[0m[38;2;182;148;68m[48;2;182;148;68m▀[0m[38;2;182;148;68m[48;2;182;148;68m▀[0m[38;2;182;148;68m[48;2;182;148;68m▀[0m[38;2;182;148;68m[48;2;182;148;68m▀[0m[38;2;182;148;68m[48;2;182;148;68m▀[0m[38;2;15;15;15m[48;2;15;15;15m▀[0m   
      [38;2;55;57;64m▄[38;2;163;124;46m[48;2;241;206;71m▀[0m[38;2;15;15;15m[48;2;15;15;15m▀[0m   [38;2;129;104;49m▀[38;2;100;108;132m[48;2;100;108;132m▀[0m[38;2;143;149;183m[48;2;55;57;64m▀[0m[38;2;186;196;216m[48;2;55;57;64m▀[0m[38;2;186;196;216m[48;2;186;196;216m▀[0m[38;2;186;196;216m[48;2;186;196;216m▀[0m[38;2;186;196;216m[48;2;186;196;216m▀[0m[38;2;186;196;216m[48;2;186;196;216m▀[0m[38;2;186;196;216m[48;2;186;196;216m▀[0m[38;2;186;196;216m[48;2;186;196;216m▀[0m[38;2;186;196;216m[48;2;186;196;216m▀[0m[38;2;143;149;183m[48;2;186;196;216m▀[0m[38;2;143;149;183m[48;2;143;149;183m▀[0m[38;2;55;57;64m[48;2;55;57;64m▀[0m[38;2;15;15;15m[48;2;129;104;49m▀[0m[38;2;35;36;41m[48;2;15;15;15m▀[0m[38;2;35;36;41m[48;2;55;57;64m▀[0m[38;2;15;15;15m[48;2;129;104;49m▀[0m[38;2;15;15;15m[48;2;129;104;49m▀[0m[38;2;182;148;68m[48;2;15;15;15m▀[0m[38;2;182;148;68m[48;2;15;15;15m▀[0m[38;2;182;148;68m[48;2;182;148;68m▀[0m[38;2;182;148;68m[48;2;182;148;68m▀[0m[38;2;182;148;68m[48;2;15;15;15m▀[0m[38;2;15;15;15m▀   
      [38;2;15;15;15m▀[38;2;15;15;15m▀    [38;2;100;108;132m[48;2;100;108;132m▀[0m[38;2;55;57;64m[48;2;163;124;46m▀[0m[38;2;163;124;46m[48;2;241;206;71m▀[0m[38;2;163;124;46m[48;2;241;206;71m▀[0m[38;2;55;57;64m[48;2;163;124;46m▀[0m[38;2;186;196;216m[48;2;100;108;132m▀[0m[38;2;186;196;216m[48;2;100;108;132m▀[0m[38;2;143;149;183m[48;2;55;57;64m▀[0m[38;2;55;57;64m[48;2;163;124;46m▀[0m[38;2;55;57;64m[48;2;163;124;46m▀[0m[38;2;143;149;183m[48;2;55;57;64m▀[0m[38;2;186;196;216m[48;2;143;149;183m▀[0m[38;2;143;149;183m[48;2;186;196;216m▀[0m[38;2;143;149;183m[48;2;143;149;183m▀[0m[38;2;15;15;15m[48;2;15;15;15m▀[0m[38;2;129;104;49m[48;2;15;15;15m▀[0m[38;2;15;15;15m[48;2;15;15;15m▀[0m[38;2;55;57;64m[48;2;241;206;71m▀[0m[38;2;129;104;49m[48;2;55;57;64m▀[0m[38;2;129;104;49m[48;2;15;15;15m▀[0m[38;2;129;104;49m[48;2;15;15;15m▀[0m[38;2;129;104;49m[48;2;15;15;15m▀[0m[38;2;129;104;49m[48;2;15;15;15m▀[0m[38;2;15;15;15m▀    
            [38;2;100;108;132m[48;2;100;108;132m▀[0m[38;2;163;124;46m[48;2;55;57;64m▀[0m[38;2;241;206;71m[48;2;163;124;46m▀[0m[38;2;241;206;71m[48;2;163;124;46m▀[0m[38;2;163;124;46m[48;2;55;57;64m▀[0m[38;2;186;196;216m[48;2;100;108;132m▀[0m[38;2;55;57;64m[48;2;55;57;64m▀[0m[38;2;163;124;46m[48;2;163;124;46m▀[0m[38;2;241;206;71m[48;2;241;206;71m▀[0m[38;2;241;206;71m[48;2;241;206;71m▀[0m[38;2;163;124;46m[48;2;163;124;46m▀[0m[38;2;55;57;64m[48;2;55;57;64m▀[0m[38;2;186;196;216m[48;2;186;196;216m▀[0m[38;2;143;149;183m[48;2;143;149;183m▀[0m[38;2;15;15;15m[48;2;15;15;15m▀[0m[38;2;35;36;41m[48;2;35;36;41m▀[0m[38;2;15;15;15m[48;2;15;15;15m▀[0m[38;2;15;15;15m▀[38;2;55;57;64m▀         
            [38;2;100;108;132m▀[38;2;186;196;216m[48;2;100;108;132m▀[0m[38;2;55;57;64m[48;2;186;196;216m▀[0m[38;2;55;57;64m[48;2;186;196;216m▀[0m[38;2;186;196;216m[48;2;186;196;216m▀[0m[38;2;186;196;216m[48;2;186;196;216m▀[0m[38;2;143;149;183m[48;2;186;196;216m▀[0m[38;2;55;57;64m[48;2;100;108;132m▀[0m[38;2;163;124;46m[48;2;55;57;64m▀[0m[38;2;163;124;46m[48;2;55;57;64m▀[0m[38;2;55;57;64m[48;2;143;149;183m▀[0m[38;2;143;149;183m[48;2;186;196;216m▀[0m[38;2;186;196;216m[48;2;186;196;216m▀[0m[38;2;143;149;183m[48;2;15;15;15m▀[0m[38;2;15;15;15m[48;2;35;36;41m▀[0m[38;2;35;36;41m[48;2;15;15;15m▀[0m[38;2;15;15;15m▀           
       [38;2;15;15;15m▄[38;2;15;15;15m▄[38;2;100;108;132m[48;2;186;196;216m▀[0m[38;2;100;108;132m[48;2;186;196;216m▀[0m[38;2;15;15;15m[48;2;100;108;132m▀[0m[38;2;15;15;15m[48;2;199;155;48m▀[0m[38;2;15;15;15m[48;2;199;155;48m▀[0m[38;2;100;108;132m[48;2;129;104;49m▀[0m[38;2;186;196;216m[48;2;100;108;132m▀[0m[38;2;186;196;216m[48;2;186;196;216m▀[0m[38;2;100;108;132m[48;2;186;196;216m▀[0m[38;2;100;108;132m[48;2;186;196;216m▀[0m[38;2;186;196;216m[48;2;186;196;216m▀[0m[38;2;186;196;216m[48;2;186;196;216m▀[0m[38;2;186;196;216m[48;2;129;104;49m▀[0m[38;2;186;196;216m[48;2;129;104;49m▀[0m[38;2;129;104;49m[48;2;100;108;132m▀[0m[38;2;129;104;49m[48;2;100;108;132m▀[0m[38;2;15;15;15m[48;2;199;155;48m▀[0m[38;2;35;36;41m[48;2;129;104;49m▀[0m[38;2;15;15;15m[48;2;129;104;49m▀[0m[38;2;15;15;15m[48;2;199;155;48m▀[0m[38;2;15;15;15m[48;2;199;155;48m▀[0m[38;2;15;15;15m[48;2;199;155;48m▀[0m[38;2;15;15;15m▄[38;2;15;15;15m▄[38;2;15;15;15m▄[38;2;15;15;15m▄     
   [38;2;129;104;49m▄[38;2;129;104;49m[48;2;227;193;93m▀[0m[38;2;129;104;49m[48;2;227;193;93m▀[0m[38;2;129;104;49m[48;2;227;193;93m▀[0m[38;2;199;155;48m[48;2;129;104;49m▀[0m[38;2;199;155;48m[48;2;199;155;48m▀[0m[38;2;100;108;132m[48;2;199;155;48m▀[0m[38;2;100;108;132m[48;2;199;155;48m▀[0m[38;2;199;155;48m[48;2;199;155;48m▀[0m[38;2;241;206;71m[48;2;199;155;48m▀[0m[38;2;241;206;71m[48;2;199;155;48m▀[0m[38;2;199;155;48m[48;2;199;155;48m▀[0m[38;2;199;155;48m[48;2;241;206;71m▀[0m[38;2;199;155;48m[48;2;241;206;71m▀[0m[38;2;199;155;48m[48;2;199;155;48m▀[0m[38;2;241;206;71m[48;2;199;155;48m▀[0m[38;2;241;206;71m[48;2;199;155;48m▀[0m[38;2;199;155;48m[48;2;199;155;48m▀[0m[38;2;199;155;48m[48;2;241;206;71m▀[0m[38;2;100;108;132m[48;2;241;206;71m▀[0m[38;2;186;196;216m[48;2;199;155;48m▀[0m[38;2;186;196;216m[48;2;199;155;48m▀[0m[38;2;100;108;132m[48;2;199;155;48m▀[0m[38;2;199;155;48m[48;2;129;104;49m▀[0m[38;2;199;155;48m[48;2;129;104;49m▀[0m[38;2;199;155;48m[48;2;129;104;49m▀[0m[38;2;129;104;49m[48;2;103;38;54m▀[0m[38;2;129;104;49m[48;2;103;38;54m▀[0m[38;2;129;104;49m[48;2;103;38;54m▀[0m[38;2;129;104;49m[48;2;129;104;49m▀[0m[38;2;182;148;68m[48;2;182;148;68m▀[0m[38;2;182;148;68m[48;2;182;148;68m▀[0m[38;2;15;15;15m[48;2;15;15;15m▀[0m    
   [38;2;129;104;49m[48;2;129;104;49m▀[0m[38;2;227;193;93m[48;2;227;193;93m▀[0m[38;2;227;193;93m[48;2;227;193;93m▀[0m[38;2;227;193;93m[48;2;227;193;93m▀[0m[38;2;129;104;49m[48;2;129;104;49m▀[0m[38;2;129;104;49m[48;2;154;44;46m▀[0m[38;2;129;104;49m[48;2;154;44;46m▀[0m[38;2;129;104;49m[48;2;154;44;46m▀[0m[38;2;129;104;49m[48;2;154;44;46m▀[0m[38;2;129;104;49m[48;2;154;44;46m▀[0m[38;2;199;155;48m[48;2;154;44;46m▀[0m[38;2;199;155;48m[48;2;154;44;46m▀[0m[38;2;199;155;48m[48;2;129;104;49m▀[0m[38;2;199;155;48m[48;2;129;104;49m▀[0m[38;2;199;155;48m[48;2;129;104;49m▀[0m[38;2;199;155;48m[48;2;129;104;49m▀[0m[38;2;199;155;48m[48;2;129;104;49m▀[0m[38;2;199;155;48m[48;2;129;104;49m▀[0m[38;2;199;155;48m[48;2;129;104;49m▀[0m[38;2;129;104;49m[48;2;227;193;93m▀[0m[38;2;129;104;49m[48;2;227;193;93m▀[0m[38;2;129;104;49m[48;2;227;193;93m▀[0m[38;2;129;104;49m[48;2;129;104;49m▀[0m[38;2;182;148;68m[48;2;182;148;68m▀[0m[38;2;182;148;68m[48;2;182;148;68m▀[0m[38;2;129;104;49m[48;2;129;104;49m▀[0m[38;2;103;38;54m[48;2;103;38;54m▀[0m[38;2;103;38;54m[48;2;103;38;54m▀[0m[38;2;103;38;54m[48;2;103;38;54m▀[0m[38;2;129;104;49m[48;2;129;104;49m▀[0m[38;2;182;148;68m[48;2;182;148;68m▀[0m[38;2;182;148;68m[48;2;182;148;68m▀[0m[38;2;15;15;15m[48;2;15;15;15m▀[0m    
   [38;2;129;104;49m▀[38;2;227;193;93m[48;2;129;104;49m▀[0m[38;2;227;193;93m[48;2;227;193;93m▀[0m[38;2;227;193;93m[48;2;227;193;93m▀[0m[38;2;129;104;49m[48;2;129;104;49m▀[0m[38;2;154;44;46m[48;2;154;44;46m▀[0m[38;2;154;44;46m[48;2;154;44;46m▀[0m[38;2;154;44;46m[48;2;154;44;46m▀[0m[38;2;154;44;46m[48;2;154;44;46m▀[0m[38;2;154;44;46m[48;2;154;44;46m▀[0m[38;2;154;44;46m[48;2;154;44;46m▀[0m[38;2;154;44;46m[48;2;154;44;46m▀[0m[38;2;154;44;46m[48;2;154;44;46m▀[0m[38;2;154;44;46m[48;2;154;44;46m▀[0m[38;2;154;44;46m[48;2;154;44;46m▀[0m[38;2;154;44;46m[48;2;154;44;46m▀[0m[38;2;154;44;46m[48;2;154;44;46m▀[0m[38;2;154;44;46m[48;2;154;44;46m▀[0m[38;2;129;104;49m[48;2;129;104;49m▀[0m[38;2;227;193;93m[48;2;227;193;93m▀[0m[38;2;227;193;93m[48;2;227;193;93m▀[0m[38;2;227;193;93m[48;2;227;193;93m▀[0m[38;2;129;104;49m[48;2;129;104;49m▀[0m[38;2;182;148;68m[48;2;182;148;68m▀[0m[38;2;182;148;68m[48;2;182;148;68m▀[0m[38;2;129;104;49m[48;2;129;104;49m▀[0m[38;2;103;38;54m[48;2;103;38;54m▀[0m[38;2;103;38;54m[48;2;103;38;54m▀[0m[38;2;103;38;54m[48;2;103;38;54m▀[0m[38;2;129;104;49m[48;2;129;104;49m▀[0m[38;2;182;148;68m[48;2;182;148;68m▀[0m[38;2;182;148;68m[48;2;15;15;15m▀[0m[38;2;15;15;15m▀    
    [38;2;129;104;49m[48;2;129;104;49m▀[0m[38;2;227;193;93m[48;2;227;193;93m▀[0m[38;2;227;193;93m[48;2;227;193;93m▀[0m[38;2;129;104;49m[48;2;182;148;68m▀[0m[38;2;154;44;46m[48;2;154;44;46m▀[0m[38;2;154;44;46m[48;2;154;44;46m▀[0m[38;2;154;44;46m[48;2;154;44;46m▀[0m[38;2;154;44;46m[48;2;154;44;46m▀[0m[38;2;154;44;46m[48;2;154;44;46m▀[0m[38;2;154;44;46m[48;2;154;44;46m▀[0m[38;2;154;44;46m[48;2;154;44;46m▀[0m[38;2;154;44;46m[48;2;154;44;46m▀[0m[38;2;154;44;46m[48;2;154;44;46m▀[0m[38;2;154;44;46m[48;2;154;44;46m▀[0m[38;2;154;44;46m[48;2;154;44;46m▀[0m[38;2;154;44;46m[48;2;154;44;46m▀[0m[38;2;154;44;46m[48;2;154;44;46m▀[0m[38;2;129;104;49m[48;2;129;104;49m▀[0m[38;2;227;193;93m[48;2;227;193;93m▀[0m[38;2;227;193;93m[48;2;227;193;93m▀[0m[38;2;227;193;93m[48;2;227;193;93m▀[0m[38;2;129;104;49m[48;2;182;148;68m▀[0m[38;2;182;148;68m[48;2;182;148;68m▀[0m[38;2;129;104;49m[48;2;129;104;49m▀[0m[38;2;103;38;54m[48;2;103;38;54m▀[0m[38;2;103;38;54m[48;2;103;38;54m▀[0m[38;2;103;38;54m[48;2;103;38;54m▀[0m[38;2;103;38;54m[48;2;129;104;49m▀[0m[38;2;182;148;68m[48;2;182;148;68m▀[0m[38;2;182;148;68m[48;2;182;148;68m▀[0m[38;2;15;15;15m[48;2;15;15;15m▀[0m     
    [38;2;129;104;49m▀[38;2;227;193;93m[48;2;129;104;49m▀[0m[38;2;227;193;93m[48;2;227;193;93m▀[0m[38;2;227;193;93m[48;2;227;193;93m▀[0m[38;2;129;104;49m[48;2;129;104;49m▀[0m[38;2;154;44;46m[48;2;154;44;46m▀[0m[38;2;154;44;46m[48;2;154;44;46m▀[0m[38;2;154;44;46m[48;2;154;44;46m▀[0m[38;2;154;44;46m[48;2;154;44;46m▀[0m[38;2;154;44;46m[48;2;154;44;46m▀[0m[38;2;154;44;46m[48;2;154;44;46m▀[0m[38;2;154;44;46m[48;2;154;44;46m▀[0m[38;2;154;44;46m[48;2;154;44;46m▀[0m[38;2;154;44;46m[48;2;154;44;46m▀[0m[38;2;154;44;46m[48;2;154;44;46m▀[0m[38;2;154;44;46m[48;2;154;44;46m▀[0m[38;2;154;44;46m[48;2;154;44;46m▀[0m[38;2;129;104;49m[48;2;182;148;68m▀[0m[38;2;227;193;93m[48;2;227;193;93m▀[0m[38;2;227;193;93m[48;2;227;193;93m▀[0m[38;2;129;104;49m[48;2;129;104;49m▀[0m[38;2;182;148;68m[48;2;182;148;68m▀[0m[38;2;182;148;68m[48;2;182;148;68m▀[0m[38;2;129;104;49m[48;2;103;38;54m▀[0m[38;2;103;38;54m[48;2;103;38;54m▀[0m[38;2;103;38;54m[48;2;103;38;54m▀[0m[38;2;103;38;54m[48;2;129;104;49m▀[0m[38;2;182;148;68m[48;2;182;148;68m▀[0m[38;2;182;148;68m[48;2;182;148;68m▀[0m[38;2;182;148;68m[48;2;15;15;15m▀[0m[38;2;15;15;15m▀     
     [38;2;15;15;15m▀[38;2;227;193;93m[48;2;129;104;49m▀[0m[38;2;227;193;93m[48;2;227;193;93m▀[0m[38;2;227;193;93m[48;2;227;193;93m▀[0m[38;2;129;104;49m[48;2;227;193;93m▀[0m[38;2;129;104;49m[48;2;227;193;93m▀[0m[38;2;129;104;49m[48;2;227;193;93m▀[0m[38;2;129;104;49m[48;2;227;193;93m▀[0m[38;2;154;44;46m[48;2;227;193;93m▀[0m[38;2;154;44;46m[48;2;182;148;68m▀[0m[38;2;154;44;46m[48;2;129;104;49m▀[0m[38;2;154;44;46m[48;2;129;104;49m▀[0m[38;2;154;44;46m[48;2;129;104;49m▀[0m[38;2;154;44;46m[48;2;129;104;49m▀[0m[38;2;154;44;46m[48;2;129;104;49m▀[0m[38;2;154;44;46m[48;2;129;104;49m▀[0m[38;2;182;148;68m[48;2;227;193;93m▀[0m[38;2;227;193;93m[48;2;227;193;93m▀[0m[38;2;227;193;93m[48;2;227;193;93m▀[0m[38;2;129;104;49m[48;2;182;148;68m▀[0m[38;2;182;148;68m[48;2;182;148;68m▀[0m[38;2;129;104;49m[48;2;129;104;49m▀[0m[38;2;103;38;54m[48;2;129;104;49m▀[0m[38;2;103;38;54m[48;2;182;148;68m▀[0m[38;2;129;104;49m[48;2;182;148;68m▀[0m[38;2;182;148;68m[48;2;182;148;68m▀[0m[38;2;182;148;68m[48;2;182;148;68m▀[0m[38;2;182;148;68m[48;2;15;15;15m▀[0m[38;2;15;15;15m▀      
      [38;2;15;15;15m▀[38;2;227;193;93m[48;2;15;15;15m▀[0m[38;2;227;193;93m[48;2;227;193;93m▀[0m[38;2;227;193;93m[48;2;227;193;93m▀[0m[38;2;227;193;93m[48;2;227;193;93m▀[0m[38;2;227;193;93m[48;2;129;104;49m▀[0m[38;2;227;193;93m[48;2;129;104;49m▀[0m[38;2;227;193;93m[48;2;129;104;49m▀[0m[38;2;227;193;93m[48;2;129;104;49m▀[0m[38;2;227;193;93m[48;2;182;148;68m▀[0m[38;2;227;193;93m[48;2;227;193;93m▀[0m[38;2;227;193;93m[48;2;227;193;93m▀[0m[38;2;227;193;93m[48;2;227;193;93m▀[0m[38;2;227;193;93m[48;2;227;193;93m▀[0m[38;2;227;193;93m[48;2;227;193;93m▀[0m[38;2;227;193;93m[48;2;227;193;93m▀[0m[38;2;227;193;93m[48;2;227;193;93m▀[0m[38;2;129;104;49m[48;2;129;104;49m▀[0m[38;2;182;148;68m[48;2;182;148;68m▀[0m[38;2;182;148;68m[48;2;182;148;68m▀[0m[38;2;182;148;68m[48;2;182;148;68m▀[0m[38;2;182;148;68m[48;2;15;15;15m▀[0m[38;2;182;148;68m[48;2;15;15;15m▀[0m[38;2;182;148;68m[48;2;182;148;68m▀[0m[38;2;182;148;68m[48;2;182;148;68m▀[0m[38;2;182;148;68m[48;2;15;15;15m▀[0m[38;2;15;15;15m▀       
       [38;2;15;15;15m▀[38;2;227;193;93m[48;2;15;15;15m▀[0m[38;2;227;193;93m[48;2;15;15;15m▀[0m[38;2;15;15;15m▀[38;2;15;15;15m▄[38;2;15;15;15m[48;2;35;36;41m▀[0m[38;2;35;36;41m[48;2;35;36;41m▀[0m[38;2;35;36;41m[48;2;35;36;41m▀[0m[38;2;35;36;41m[48;2;35;36;41m▀[0m[38;2;15;15;15m[48;2;35;36;41m▀[0m[38;2;15;15;15m[48;2;15;15;15m▀[0m[38;2;15;15;15m▀[38;2;15;15;15m▀[38;2;129;104;49m▀[38;2;227;193;93m[48;2;15;15;15m▀[0m[38;2;227;193;93m[48;2;182;148;68m▀[0m[38;2;182;148;68m[48;2;182;148;68m▀[0m[38;2;182;148;68m[48;2;15;15;15m▀[0m[38;2;15;15;15m▀[38;2;15;15;15m▀  [38;2;15;15;15m▀[38;2;15;15;15m▀         
          [38;2;15;15;15m▄[38;2;15;15;15m[48;2;55;57;64m▀[0m[38;2;55;57;64m[48;2;55;57;64m▀[0m[38;2;55;57;64m[48;2;55;57;64m▀[0m[38;2;35;36;41m[48;2;55;57;64m▀[0m[38;2;35;36;41m[48;2;55;57;64m▀[0m[38;2;35;36;41m[48;2;15;15;15m▀[0m[38;2;15;15;15m▀    [38;2;15;15;15m▀[38;2;15;15;15m▀                
          [38;2;15;15;15m[48;2;15;15;15m▀[0m[38;2;55;57;64m[48;2;55;57;64m▀[0m[38;2;55;57;64m[48;2;55;57;64m▀[0m[38;2;55;57;64m[48;2;55;57;64m▀[0m[38;2;55;57;64m[48;2;55;57;64m▀[0m[38;2;55;57;64m[48;2;55;57;64m▀[0m[38;2;15;15;15m[48;2;15;15;15m▀[0m                       
          [38;2;15;15;15m▀[38;2;55;57;64m[48;2;15;15;15m▀[0m[38;2;55;57;64m[48;2;15;15;15m▀[0m[38;2;55;57;64m[48;2;15;15;15m▀[0m[38;2;55;57;64m[48;2;15;15;15m▀[0m[38;2;55;57;64m[48;2;15;15;15m▀[0m[38;2;15;15;15m▀                       
[0m