                      [38;2;54;105;86m▄[38;2;54;105;86m▄ [38;2;54;105;86m▄[38;2;54;105;86m[48;2;93;224;170m▀[0m[38;2;54;105;86m[48;2;54;105;86m▀[0m                   
                      [38;2;54;105;86m[48;2;54;105;86m▀[0m[38;2;93;224;170m[48;2;93;224;170m▀[0m[38;2;54;105;86m[48;2;65;150;139m▀[0m[38;2;93;224;170m[48;2;93;224;170m▀[0m[38;2;65;150;139m[48;2;93;224;170m▀[0m[38;2;93;224;170m[48;2;93;224;170m▀[0m[38;2;54;105;86m[48;2;54;105;86m▀[0m                  
        [38;2;54;105;86m▄[38;2;54;105;86m▄ [38;2;54;105;86m▄[38;2;54;105;86m▄      [38;2;38;43;107m▄[38;2;38;43;107m▄[38;2;54;105;86m[48;2;50;83;214m▀[0m[38;2;93;224;170m[48;2;65;150;139m▀[0m[38;2;93;224;170m[48;2;93;224;170m▀[0m[38;2;93;224;170m[48;2;93;224;170m▀[0m[38;2;93;224;170m[48;2;93;224;170m▀[0m[38;2;65;150;139m[48;2;93;224;170m▀[0m[38;2;54;105;86m[48;2;93;224;170m▀[0m[38;2;54;105;86m▄                  
      [38;2;54;105;86m▄[38;2;54;105;86m▄[38;2;54;105;86m[48;2;65;150;139m▀[0m[38;2;93;224;170m[48;2;93;224;170m▀[0m[38;2;54;105;86m[48;2;65;150;139m▀[0m[38;2;93;224;170m[48;2;93;224;170m▀[0m[38;2;54;105;86m[48;2;54;105;86m▀[0m [38;2;38;43;107m▄[38;2;38;43;107m▄[38;2;38;43;107m[48;2;50;83;214m▀[0m[38;2;38;43;107m[48;2;50;83;214m▀[0m[38;2;38;43;107m[48;2;50;83;214m▀[0m[38;2;50;83;214m[48;2;50;83;214m▀[0m[38;2;50;83;214m[48;2;50;83;214m▀[0m[38;2;50;83;214m[48;2;50;83;214m▀[0m[38;2;50;83;214m[48;2;50;83;214m▀[0m[38;2;50;83;214m[48;2;50;83;214m▀[0m[38;2;65;150;139m[48;2;44;54;154m▀[0m[38;2;93;224;170m[48;2;65;150;139m▀[0m[38;2;93;224;170m[48;2;6;6;6m▀[0m[38;2;6;6;6m▀[38;2;6;6;6m▀ [38;2;64;68;119m▄[38;2;64;68;119m▄[38;2;64;68;119m▄[38;2;64;68;119m▄             
      [38;2;54;105;86m▀[38;2;93;224;170m[48;2;54;105;86m▀[0m[38;2;65;150;139m[48;2;93;224;170m▀[0m[38;2;93;224;170m[48;2;93;224;170m▀[0m[38;2;65;150;139m[48;2;93;224;170m▀[0m[38;2;93;224;170m[48;2;93;224;170m▀[0m[38;2;65;150;139m[48;2;38;43;107m▀[0m[38;2;38;43;107m[48;2;93;224;170m▀[0m[38;2;93;224;170m[48;2;50;83;214m▀[0m[38;2;50;83;214m[48;2;50;83;214m▀[0m[38;2;50;83;214m[48;2;50;83;214m▀[0m[38;2;50;83;214m[48;2;50;83;214m▀[0m[38;2;50;83;214m[48;2;50;83;214m▀[0m[38;2;50;83;214m[48;2;50;83;214m▀[0m[38;2;50;83;214m[48;2;50;83;214m▀[0m[38;2;50;83;214m[48;2;50;83;214m▀[0m[38;2;50;83;214m[48;2;50;83;214m▀[0m[38;2;50;83;214m[48;2;44;54;154m▀[0m[38;2;44;54;154m[48;2;44;54;154m▀[0m[38;2;6;6;6m[48;2;6;6;6m▀[0m[38;2;64;68;119m▄[38;2;64;68;119m[48;2;116;118;192m▀[0m[38;2;64;68;119m[48;2;116;118;192m▀[0m[38;2;64;68;119m[48;2;116;118;192m▀[0m[38;2;116;118;192m[48;2;116;118;192m▀[0m[38;2;116;118;192m[48;2;116;118;192m▀[0m[38;2;116;118;192m[48;2;64;68;119m▀[0m[38;2;64;68;119m▀       [38;2;54;105;86m▄[38;2;54;105;86m▄    
       [38;2;20;23;56m[48;2;20;23;56m▀[0m[38;2;93;224;170m[48;2;38;43;107m▀[0m[38;2;93;224;170m[48;2;65;150;139m▀[0m[38;2;93;224;170m[48;2;38;43;107m▀[0m[38;2;38;43;107m[48;2;93;224;170m▀[0m[38;2;93;224;170m[48;2;50;83;214m▀[0m[38;2;50;83;214m[48;2;50;83;214m▀[0m[38;2;50;83;214m[48;2;50;83;214m▀[0m[38;2;50;83;214m[48;2;50;83;214m▀[0m[38;2;50;83;214m[48;2;93;224;170m▀[0m[38;2;93;224;170m[48;2;50;83;214m▀[0m[38;2;50;83;214m[48;2;50;83;214m▀[0m[38;2;50;83;214m[48;2;50;83;214m▀[0m[38;2;50;83;214m[48;2;50;83;214m▀[0m[38;2;50;83;214m[48;2;50;83;214m▀[0m[38;2;50;83;214m[48;2;44;54;154m▀[0m[38;2;44;54;154m[48;2;20;23;56m▀[0m[38;2;20;23;56m[48;2;20;23;56m▀[0m[38;2;116;118;192m[48;2;20;23;56m▀[0m[38;2;116;118;192m[48;2;20;23;56m▀[0m[38;2;20;23;56m[48;2;50;83;214m▀[0m[38;2;20;23;56m[48;2;50;83;214m▀[0m[38;2;20;23;56m[48;2;50;83;214m▀[0m[38;2;20;23;56m[48;2;50;83;214m▀[0m[38;2;20;23;56m[48;2;50;83;214m▀[0m[38;2;20;23;56m[48;2;50;83;214m▀[0m[38;2;20;23;56m▄[38;2;20;23;56m▄    [38;2;54;105;86m▄[38;2;54;105;86m[48;2;93;224;170m▀[0m[38;2;93;224;170m[48;2;93;224;170m▀[0m[38;2;54;105;86m[48;2;65;150;139m▀[0m[38;2;54;105;86m▄[38;2;54;105;86m▄  
     [38;2;20;23;56m▄[38;2;20;23;56m[48;2;44;54;154m▀[0m[38;2;44;54;154m[48;2;44;54;154m▀[0m[38;2;44;54;154m[48;2;44;54;154m▀[0m[38;2;20;23;56m[48;2;20;23;56m▀[0m[38;2;50;83;214m[48;2;93;224;170m▀[0m[38;2;93;224;170m[48;2;50;83;214m▀[0m[38;2;50;83;214m[48;2;50;83;214m▀[0m[38;2;50;83;214m[48;2;50;83;214m▀[0m[38;2;50;83;214m[48;2;93;224;170m▀[0m[38;2;93;224;170m[48;2;50;83;214m▀[0m[38;2;50;83;214m[48;2;50;83;214m▀[0m[38;2;50;83;214m[48;2;50;83;214m▀[0m[38;2;50;83;214m[48;2;50;83;214m▀[0m[38;2;50;83;214m[48;2;20;23;56m▀[0m[38;2;50;83;214m[48;2;20;23;56m▀[0m[38;2;20;23;56m[48;2;50;83;214m▀[0m[38;2;20;23;56m[48;2;50;83;214m▀[0m[38;2;50;83;214m[48;2;50;83;214m▀[0m[38;2;50;83;214m[48;2;50;83;214m▀[0m[38;2;50;83;214m[48;2;50;83;214m▀[0m[38;2;50;83;214m[48;2;50;83;214m▀[0m[38;2;50;83;214m[48;2;50;83;214m▀[0m[38;2;50;83;214m[48;2;50;83;214m▀[0m[38;2;50;83;214m[48;2;50;83;214m▀[0m[38;2;50;83;214m[48;2;50;83;214m▀[0m[38;2;50;83;214m[48;2;50;83;214m▀[0m[38;2;50;83;214m[48;2;50;83;214m▀[0m[38;2;50;83;214m[48;2;50;83;214m▀[0m[38;2;50;83;214m[48;2;50;83;214m▀[0m[38;2;20;23;56m[48;2;50;83;214m▀[0m[38;2;20;23;56m[48;2;50;83;214m▀[0m[38;2;20;23;56m[48;2;50;83;214m▀[0m[38;2;20;23;56m[48;2;50;83;214m▀[0m[38;2;93;224;170m[48;2;65;150;139m▀[0m[38;2;93;224;170m[48;2;93;224;170m▀[0m[38;2;65;150;139m[48;2;93;224;170m▀[0m[38;2;93;224;170m[48;2;93;224;170m▀[0m[38;2;93;224;170m[48;2;65;150;139m▀[0m[38;2;54;105;86m[48;2;65;150;139m▀[0m[38;2;54;105;86m▄ 
   [38;2;20;23;56m▄[38;2;20;23;56m[48;2;65;150;139m▀[0m[38;2;44;54;154m[48;2;44;54;154m▀[0m[38;2;44;54;154m[48;2;44;54;154m▀[0m[38;2;44;54;154m[48;2;44;54;154m▀[0m[38;2;20;23;56m[48;2;20;23;56m▀[0m[38;2;50;83;214m[48;2;50;83;214m▀[0m[38;2;93;224;170m[48;2;93;224;170m▀[0m[38;2;50;83;214m[48;2;50;83;214m▀[0m[38;2;50;83;214m[48;2;50;83;214m▀[0m[38;2;50;83;214m[48;2;93;224;170m▀[0m[38;2;93;224;170m[48;2;50;83;214m▀[0m[38;2;50;83;214m[48;2;50;83;214m▀[0m[38;2;50;83;214m[48;2;50;83;214m▀[0m[38;2;50;83;214m[48;2;20;23;56m▀[0m[38;2;20;23;56m[48;2;50;83;214m▀[0m[38;2;50;83;214m[48;2;50;83;214m▀[0m[38;2;50;83;214m[48;2;50;83;214m▀[0m[38;2;50;83;214m[48;2;50;83;214m▀[0m[38;2;50;83;214m[48;2;50;83;214m▀[0m[38;2;50;83;214m[48;2;50;83;214m▀[0m[38;2;50;83;214m[48;2;50;83;214m▀[0m[38;2;50;83;214m[48;2;50;83;214m▀[0m[38;2;50;83;214m[48;2;93;224;170m▀[0m[38;2;50;83;214m[48;2;93;224;170m▀[0m[38;2;50;83;214m[48;2;93;224;170m▀[0m[38;2;93;224;170m[48;2;50;83;214m▀[0m[38;2;93;224;170m[48;2;50;83;214m▀[0m[38;2;93;224;170m[48;2;50;83;214m▀[0m[38;2;93;224;170m[48;2;50;83;214m▀[0m[38;2;50;83;214m[48;2;50;83;214m▀[0m[38;2;50;83;214m[48;2;50;83;214m▀[0m[38;2;50;83;214m[48;2;50;83;214m▀[0m[38;2;50;83;214m[48;2;50;83;214m▀[0m[38;2;50;83;214m[48;2;50;83;214m▀[0m[38;2;50;83;214m[48;2;50;83;214m▀[0m[38;2;50;83;214m[48;2;50;83;214m▀[0m[38;2;93;224;170m[48;2;65;150;139m▀[0m[38;2;93;224;170m[48;2;93;224;170m▀[0m[38;2;65;150;139m[48;2;93;224;170m▀[0m[38;2;93;224;170m[48;2;93;224;170m▀[0m[38;2;93;224;170m[48;2;54;105;86m▀[0m[38;2;54;105;86m▀ 
  [38;2;20;23;56m[48;2;20;23;56m▀[0m[38;2;44;54;154m[48;2;44;54;154m▀[0m[38;2;65;150;139m[48;2;65;150;139m▀[0m[38;2;44;54;154m[48;2;44;54;154m▀[0m[38;2;44;54;154m[48;2;44;54;154m▀[0m[38;2;44;54;154m[48;2;20;23;56m▀[0m[38;2;20;23;56m[48;2;44;54;154m▀[0m[38;2;50;83;214m[48;2;50;83;214m▀[0m[38;2;50;83;214m[48;2;50;83;214m▀[0m[38;2;50;83;214m[48;2;50;83;214m▀[0m[38;2;50;83;214m[48;2;50;83;214m▀[0m[38;2;93;224;170m[48;2;50;83;214m▀[0m[38;2;50;83;214m[48;2;50;83;214m▀[0m[38;2;50;83;214m[48;2;20;23;56m▀[0m[38;2;20;23;56m[48;2;44;54;154m▀[0m[38;2;44;54;154m[48;2;50;83;214m▀[0m[38;2;50;83;214m[48;2;50;83;214m▀[0m[38;2;50;83;214m[48;2;50;83;214m▀[0m[38;2;50;83;214m[48;2;50;83;214m▀[0m[38;2;50;83;214m[48;2;50;83;214m▀[0m[38;2;50;83;214m[48;2;93;224;170m▀[0m[38;2;50;83;214m[48;2;93;224;170m▀[0m[38;2;93;224;170m[48;2;50;83;214m▀[0m[38;2;93;224;170m[48;2;50;83;214m▀[0m[38;2;50;83;214m[48;2;50;83;214m▀[0m[38;2;50;83;214m[48;2;50;83;214m▀[0m[38;2;50;83;214m[48;2;50;83;214m▀[0m[38;2;50;83;214m[48;2;50;83;214m▀[0m[38;2;50;83;214m[48;2;50;83;214m▀[0m[38;2;50;83;214m[48;2;50;83;214m▀[0m[38;2;50;83;214m[48;2;50;83;214m▀[0m[38;2;50;83;214m[48;2;50;83;214m▀[0m[38;2;50;83;214m[48;2;50;83;214m▀[0m[38;2;50;83;214m[48;2;50;83;214m▀[0m[38;2;50;83;214m[48;2;50;83;214m▀[0m[38;2;50;83;214m[48;2;50;83;214m▀[0m[38;2;50;83;214m[48;2;50;83;214m▀[0m[38;2;50;83;214m[48;2;50;83;214m▀[0m[38;2;50;83;214m[48;2;50;83;214m▀[0m[38;2;93;224;170m[48;2;93;224;170m▀[0m[38;2;93;224;170m[48;2;65;150;139m▀[0m[38;2;65;150;139m[48;2;6;6;6m▀[0m[38;2;65;150;139m[48;2;6;6;6m▀[0m[38;2;54;105;86m[48;2;6;6;6m▀[0m 
 [38;2;20;23;56m[48;2;20;23;56m▀[0m[38;2;65;150;139m[48;2;65;150;139m▀[0m[38;2;44;54;154m[48;2;44;54;154m▀[0m[38;2;44;54;154m[48;2;44;54;154m▀[0m[38;2;65;150;139m[48;2;65;150;139m▀[0m[38;2;44;54;154m[48;2;44;54;154m▀[0m[38;2;20;23;56m[48;2;20;23;56m▀[0m[38;2;44;54;154m[48;2;44;54;154m▀[0m[38;2;44;54;154m[48;2;44;54;154m▀[0m[38;2;50;83;214m[48;2;44;54;154m▀[0m[38;2;50;83;214m[48;2;44;54;154m▀[0m[38;2;50;83;214m[48;2;44;54;154m▀[0m[38;2;44;54;154m[48;2;38;43;107m▀[0m[38;2;20;23;56m[48;2;20;23;56m▀[0m[38;2;44;54;154m[48;2;44;54;154m▀[0m[38;2;44;54;154m[48;2;44;54;154m▀[0m[38;2;50;83;214m[48;2;50;83;214m▀[0m[38;2;50;83;214m[48;2;50;83;214m▀[0m[38;2;50;83;214m[48;2;50;83;214m▀[0m[38;2;50;83;214m[48;2;93;224;170m▀[0m[38;2;93;224;170m[48;2;50;83;214m▀[0m[38;2;50;83;214m[48;2;50;83;214m▀[0m[38;2;50;83;214m[48;2;50;83;214m▀[0m[38;2;50;83;214m[48;2;50;83;214m▀[0m[38;2;50;83;214m[48;2;50;83;214m▀[0m[38;2;50;83;214m[48;2;50;83;214m▀[0m[38;2;50;83;214m[48;2;50;83;214m▀[0m[38;2;50;83;214m[48;2;50;83;214m▀[0m[38;2;50;83;214m[48;2;50;83;214m▀[0m[38;2;50;83;214m[48;2;50;83;214m▀[0m[38;2;50;83;214m[48;2;50;83;214m▀[0m[38;2;50;83;214m[48;2;50;83;214m▀[0m[38;2;50;83;214m[48;2;50;83;214m▀[0m[38;2;50;83;214m[48;2;50;83;214m▀[0m[38;2;50;83;214m[48;2;50;83;214m▀[0m[38;2;50;83;214m[48;2;44;54;154m▀[0m[38;2;50;83;214m[48;2;44;54;154m▀[0m[38;2;44;54;154m[48;2;44;54;154m▀[0m[38;2;44;54;154m[48;2;44;54;154m▀[0m[38;2;44;54;154m[48;2;6;6;6m▀[0m[38;2;6;6;6m▀[38;2;6;6;6m▀    
 [38;2;20;23;56m[48;2;20;23;56m▀[0m[38;2;65;150;139m[48;2;38;43;107m▀[0m[38;2;44;54;154m[48;2;65;150;139m▀[0m[38;2;44;54;154m[48;2;44;54;154m▀[0m[38;2;44;54;154m[48;2;44;54;154m▀[0m[38;2;44;54;154m[48;2;38;43;107m▀[0m[38;2;20;23;56m[48;2;20;23;56m▀[0m[38;2;38;43;107m[48;2;38;43;107m▀[0m[38;2;44;54;154m[48;2;38;43;107m▀[0m[38;2;44;54;154m[48;2;38;43;107m▀[0m[38;2;44;54;154m[48;2;38;43;107m▀[0m[38;2;38;43;107m[48;2;38;43;107m▀[0m[38;2;38;43;107m[48;2;20;23;56m▀[0m[38;2;20;23;56m[48;2;38;43;107m▀[0m[38;2;44;54;154m[48;2;44;54;154m▀[0m[38;2;44;54;154m[48;2;44;54;154m▀[0m[38;2;50;83;214m[48;2;50;83;214m▀[0m[38;2;50;83;214m[48;2;50;83;214m▀[0m[38;2;93;224;170m[48;2;50;83;214m▀[0m[38;2;50;83;214m[48;2;50;83;214m▀[0m[38;2;50;83;214m[48;2;50;83;214m▀[0m[38;2;50;83;214m[48;2;50;83;214m▀[0m[38;2;50;83;214m[48;2;50;83;214m▀[0m[38;2;50;83;214m[48;2;50;83;214m▀[0m[38;2;50;83;214m[48;2;50;83;214m▀[0m[38;2;50;83;214m[48;2;50;83;214m▀[0m[38;2;50;83;214m[48;2;50;83;214m▀[0m[38;2;50;83;214m[48;2;50;83;214m▀[0m[38;2;50;83;214m[48;2;50;83;214m▀[0m[38;2;50;83;214m[48;2;50;83;214m▀[0m[38;2;50;83;214m[48;2;50;83;214m▀[0m[38;2;50;83;214m[48;2;50;83;214m▀[0m[38;2;50;83;214m[48;2;93;224;170m▀[0m[38;2;93;224;170m[48;2;44;54;154m▀[0m[38;2;44;54;154m[48;2;44;54;154m▀[0m[38;2;44;54;154m[48;2;44;54;154m▀[0m[38;2;44;54;154m[48;2;44;54;154m▀[0m[38;2;44;54;154m[48;2;6;6;6m▀[0m[38;2;6;6;6m▀       
 [38;2;20;23;56m▀[38;2;38;43;107m[48;2;20;23;56m▀[0m[38;2;38;43;107m[48;2;38;43;107m▀[0m[38;2;38;43;107m[48;2;38;43;107m▀[0m[38;2;38;43;107m[48;2;38;43;107m▀[0m[38;2;38;43;107m[48;2;38;43;107m▀[0m[38;2;38;43;107m[48;2;38;43;107m▀[0m[38;2;20;23;56m[48;2;61;70;75m▀[0m[38;2;38;43;107m[48;2;61;70;75m▀[0m[38;2;38;43;107m[48;2;61;70;75m▀[0m[38;2;38;43;107m[48;2;61;70;75m▀[0m[38;2;38;43;107m[48;2;61;70;75m▀[0m[38;2;20;23;56m[48;2;20;23;56m▀[0m[38;2;38;43;107m[48;2;38;43;107m▀[0m[38;2;44;54;154m[48;2;44;54;154m▀[0m[38;2;44;54;154m[48;2;44;54;154m▀[0m[38;2;44;54;154m[48;2;44;54;154m▀[0m[38;2;50;83;214m[48;2;50;83;214m▀[0m[38;2;50;83;214m[48;2;50;83;214m▀[0m[38;2;50;83;214m[48;2;50;83;214m▀[0m[38;2;50;83;214m[48;2;50;83;214m▀[0m[38;2;50;83;214m[48;2;50;83;214m▀[0m[38;2;50;83;214m[48;2;50;83;214m▀[0m[38;2;50;83;214m[48;2;50;83;214m▀[0m[38;2;50;83;214m[48;2;50;83;214m▀[0m[38;2;50;83;214m[48;2;50;83;214m▀[0m[38;2;50;83;214m[48;2;50;83;214m▀[0m[38;2;50;83;214m[48;2;50;83;214m▀[0m[38;2;50;83;214m[48;2;93;224;170m▀[0m[38;2;50;83;214m[48;2;93;224;170m▀[0m[38;2;93;224;170m[48;2;44;54;154m▀[0m[38;2;93;224;170m[48;2;44;54;154m▀[0m[38;2;44;54;154m[48;2;44;54;154m▀[0m[38;2;44;54;154m[48;2;44;54;154m▀[0m[38;2;44;54;154m[48;2;44;54;154m▀[0m[38;2;44;54;154m[48;2;6;6;6m▀[0m[38;2;6;6;6m[48;2;64;68;119m▀[0m[38;2;64;68;119m▄[38;2;64;68;119m▄       
  [38;2;20;23;56m[48;2;61;70;75m▀[0m[38;2;38;43;107m[48;2;61;70;75m▀[0m[38;2;38;43;107m[48;2;61;70;75m▀[0m[38;2;61;70;75m[48;2;77;96;118m▀[0m[38;2;61;70;75m[48;2;77;96;118m▀[0m[38;2;61;70;75m[48;2;77;96;118m▀[0m[38;2;77;96;118m[48;2;77;96;118m▀[0m[38;2;77;96;118m[48;2;90;134;156m▀[0m[38;2;77;96;118m[48;2;77;96;118m▀[0m[38;2;77;96;118m[48;2;77;96;118m▀[0m[38;2;77;96;118m[48;2;77;96;118m▀[0m[38;2;20;23;56m[48;2;77;96;118m▀[0m[38;2;38;43;107m[48;2;20;23;56m▀[0m[38;2;38;43;107m[48;2;38;43;107m▀[0m[38;2;44;54;154m[48;2;44;54;154m▀[0m[38;2;44;54;154m[48;2;44;54;154m▀[0m[38;2;44;54;154m[48;2;44;54;154m▀[0m[38;2;50;83;214m[48;2;44;54;154m▀[0m[38;2;50;83;214m[48;2;44;54;154m▀[0m[38;2;50;83;214m[48;2;44;54;154m▀[0m[38;2;50;83;214m[48;2;65;150;139m▀[0m[38;2;50;83;214m[48;2;65;150;139m▀[0m[38;2;50;83;214m[48;2;65;150;139m▀[0m[38;2;50;83;214m[48;2;65;150;139m▀[0m[38;2;93;224;170m[48;2;44;54;154m▀[0m[38;2;93;224;170m[48;2;44;54;154m▀[0m[38;2;93;224;170m[48;2;44;54;154m▀[0m[38;2;44;54;154m[48;2;44;54;154m▀[0m[38;2;44;54;154m[48;2;44;54;154m▀[0m[38;2;44;54;154m[48;2;44;54;154m▀[0m[38;2;44;54;154m[48;2;44;54;154m▀[0m[38;2;44;54;154m[48;2;44;54;154m▀[0m[38;2;44;54;154m[48;2;6;6;6m▀[0m[38;2;6;6;6m[48;2;116;118;192m▀[0m[38;2;116;118;192m[48;2;116;118;192m▀[0m[38;2;116;118;192m[48;2;116;118;192m▀[0m[38;2;116;118;192m[48;2;116;118;192m▀[0m[38;2;116;118;192m[48;2;116;118;192m▀[0m[38;2;64;68;119m[48;2;116;118;192m▀[0m[38;2;64;68;119m[48;2;116;118;192m▀[0m[38;2;64;68;119m[48;2;116;118;192m▀[0m[38;2;64;68;119m[48;2;116;118;192m▀[0m[38;2;64;68;119m[48;2;116;118;192m▀[0m[38;2;64;68;119m[48;2;64;68;119m▀[0m 
[38;2;6;6;6m▄[38;2;61;70;75m[48;2;90;134;156m▀[0m[38;2;77;96;118m[48;2;90;134;156m▀[0m[38;2;90;134;156m[48;2;90;134;156m▀[0m[38;2;90;134;156m[48;2;90;134;156m▀[0m[38;2;90;134;156m[48;2;90;134;156m▀[0m[38;2;77;96;118m[48;2;77;96;118m▀[0m[38;2;77;96;118m[48;2;77;96;118m▀[0m[38;2;90;134;156m[48;2;235;232;109m▀[0m[38;2;235;232;109m[48;2;235;232;109m▀[0m[38;2;77;96;118m[48;2;77;96;118m▀[0m[38;2;77;96;118m[48;2;90;134;156m▀[0m[38;2;90;134;156m[48;2;235;232;109m▀[0m[38;2;77;96;118m[48;2;77;96;118m▀[0m[38;2;20;23;56m[48;2;61;70;75m▀[0m[38;2;38;43;107m[48;2;20;23;56m▀[0m[38;2;38;43;107m[48;2;38;43;107m▀[0m[38;2;44;54;154m[48;2;38;43;107m▀[0m[38;2;44;54;154m[48;2;44;54;154m▀[0m[38;2;44;54;154m[48;2;44;54;154m▀[0m[38;2;44;54;154m[48;2;44;54;154m▀[0m[38;2;44;54;154m[48;2;44;54;154m▀[0m[38;2;44;54;154m[48;2;44;54;154m▀[0m[38;2;44;54;154m[48;2;44;54;154m▀[0m[38;2;44;54;154m[48;2;44;54;154m▀[0m[38;2;44;54;154m[48;2;44;54;154m▀[0m[38;2;44;54;154m[48;2;44;54;154m▀[0m[38;2;44;54;154m[48;2;44;54;154m▀[0m[38;2;44;54;154m[48;2;44;54;154m▀[0m[38;2;44;54;154m[48;2;44;54;154m▀[0m[38;2;44;54;154m[48;2;20;23;56m▀[0m[38;2;44;54;154m[48;2;20;23;56m▀[0m[38;2;20;23;56m[48;2;20;23;56m▀[0m[38;2;20;23;56m[48;2;116;118;192m▀[0m[38;2;116;118;192m[48;2;116;118;192m▀[0m[38;2;116;118;192m[48;2;116;118;192m▀[0m[38;2;116;118;192m[48;2;116;118;192m▀[0m[38;2;116;118;192m[48;2;116;118;192m▀[0m[38;2;116;118;192m[48;2;116;118;192m▀[0m[38;2;116;118;192m[48;2;116;118;192m▀[0m[38;2;116;118;192m[48;2;116;118;192m▀[0m[38;2;116;118;192m[48;2;116;118;192m▀[0m[38;2;116;118;192m[48;2;116;118;192m▀[0m[38;2;116;118;192m[48;2;64;68;119m▀[0m[38;2;64;68;119m▀  
 [38;2;6;6;6m▀[38;2;90;134;156m[48;2;6;6;6m▀[0m[38;2;90;134;156m[48;2;77;96;118m▀[0m[38;2;90;134;156m[48;2;90;134;156m▀[0m[38;2;90;134;156m[48;2;77;96;118m▀[0m[38;2;77;96;118m[48;2;77;96;118m▀[0m[38;2;77;96;118m[48;2;77;96;118m▀[0m[38;2;235;232;109m[48;2;90;134;156m▀[0m[38;2;90;134;156m[48;2;77;96;118m▀[0m[38;2;77;96;118m[48;2;77;96;118m▀[0m[38;2;235;232;109m[48;2;235;232;109m▀[0m[38;2;235;232;109m[48;2;90;134;156m▀[0m[38;2;77;96;118m[48;2;77;96;118m▀[0m[38;2;6;6;6m[48;2;6;6;6m▀[0m[38;2;38;43;107m[48;2;38;43;107m▀[0m[38;2;20;23;56m[48;2;38;43;107m▀[0m[38;2;20;23;56m[48;2;38;43;107m▀[0m[38;2;20;23;56m[48;2;38;43;107m▀[0m[38;2;38;43;107m[48;2;20;23;56m▀[0m[38;2;44;54;154m[48;2;20;23;56m▀[0m[38;2;44;54;154m[48;2;20;23;56m▀[0m[38;2;44;54;154m[48;2;20;23;56m▀[0m[38;2;44;54;154m[48;2;20;23;56m▀[0m[38;2;44;54;154m[48;2;20;23;56m▀[0m[38;2;44;54;154m[48;2;20;23;56m▀[0m[38;2;20;23;56m[48;2;44;54;154m▀[0m[38;2;20;23;56m[48;2;44;54;154m▀[0m[38;2;20;23;56m[48;2;44;54;154m▀[0m[38;2;20;23;56m[48;2;44;54;154m▀[0m[38;2;44;54;154m[48;2;44;54;154m▀[0m[38;2;44;54;154m[48;2;44;54;154m▀[0m[38;2;44;54;154m[48;2;50;83;214m▀[0m[38;2;20;23;56m[48;2;50;83;214m▀[0m[38;2;116;118;192m[48;2;20;23;56m▀[0m[38;2;116;118;192m[48;2;116;118;192m▀[0m[38;2;116;118;192m[48;2;116;118;192m▀[0m[38;2;116;118;192m[48;2;116;118;192m▀[0m[38;2;116;118;192m[48;2;116;118;192m▀[0m[38;2;116;118;192m[48;2;116;118;192m▀[0m[38;2;116;118;192m[48;2;64;68;119m▀[0m[38;2;116;118;192m[48;2;64;68;119m▀[0m[38;2;64;68;119m▀    
   [38;2;6;6;6m▀[38;2;6;6;6m[48;2;20;23;56m▀[0m[38;2;77;96;118m[48;2;6;6;6m▀[0m[38;2;77;96;118m[48;2;6;6;6m▀[0m[38;2;77;96;118m[48;2;6;6;6m▀[0m[38;2;77;96;118m[48;2;77;96;118m▀[0m[38;2;77;96;118m[48;2;77;96;118m▀[0m[38;2;77;96;118m[48;2;77;96;118m▀[0m[38;2;90;134;156m[48;2;77;96;118m▀[0m[38;2;77;96;118m[48;2;61;70;75m▀[0m[38;2;61;70;75m[48;2;6;6;6m▀[0m[38;2;6;6;6m[48;2;20;23;56m▀[0m[38;2;38;43;107m[48;2;38;43;107m▀[0m[38;2;38;43;107m[48;2;38;43;107m▀[0m[38;2;38;43;107m[48;2;38;43;107m▀[0m[38;2;38;43;107m[48;2;38;43;107m▀[0m[38;2;38;43;107m[48;2;44;54;154m▀[0m[38;2;44;54;154m[48;2;44;54;154m▀[0m[38;2;44;54;154m[48;2;44;54;154m▀[0m[38;2;44;54;154m[48;2;44;54;154m▀[0m[38;2;44;54;154m[48;2;44;54;154m▀[0m[38;2;44;54;154m[48;2;44;54;154m▀[0m[38;2;44;54;154m[48;2;44;54;154m▀[0m[38;2;44;54;154m[48;2;44;54;154m▀[0m[38;2;44;54;154m[48;2;44;54;154m▀[0m[38;2;44;54;154m[48;2;50;83;214m▀[0m[38;2;44;54;154m[48;2;50;83;214m▀[0m[38;2;50;83;214m[48;2;50;83;214m▀[0m[38;2;50;83;214m[48;2;50;83;214m▀[0m[38;2;50;83;214m[48;2;50;83;214m▀[0m[38;2;50;83;214m[48;2;50;83;214m▀[0m[38;2;50;83;214m[48;2;50;83;214m▀[0m[38;2;20;23;56m[48;2;50;83;214m▀[0m[38;2;116;118;192m[48;2;20;23;56m▀[0m[38;2;116;118;192m[48;2;20;23;56m▀[0m[38;2;64;68;119m▀[38;2;64;68;119m▀       
   [38;2;20;23;56m▄[38;2;20;23;56m[48;2;38;43;107m▀[0m[38;2;38;43;107m[48;2;38;43;107m▀[0m[38;2;38;43;107m[48;2;38;43;107m▀[0m[38;2;38;43;107m[48;2;20;23;56m▀[0m[38;2;6;6;6m[48;2;38;43;107m▀[0m[38;2;6;6;6m[48;2;38;43;107m▀[0m[38;2;6;6;6m[48;2;38;43;107m▀[0m[38;2;6;6;6m[48;2;38;43;107m▀[0m[38;2;6;6;6m[48;2;38;43;107m▀[0m[38;2;38;43;107m[48;2;38;43;107m▀[0m[38;2;38;43;107m[48;2;38;43;107m▀[0m[38;2;20;23;56m[48;2;20;23;56m▀[0m[38;2;38;43;107m[48;2;38;43;107m▀[0m[38;2;38;43;107m[48;2;38;43;107m▀[0m[38;2;38;43;107m[48;2;44;54;154m▀[0m[38;2;44;54;154m[48;2;44;54;154m▀[0m[38;2;44;54;154m[48;2;65;150;139m▀[0m[38;2;44;54;154m[48;2;65;150;139m▀[0m[38;2;44;54;154m[48;2;65;150;139m▀[0m[38;2;44;54;154m[48;2;44;54;154m▀[0m[38;2;44;54;154m[48;2;44;54;154m▀[0m[38;2;50;83;214m[48;2;44;54;154m▀[0m[38;2;50;83;214m[48;2;50;83;214m▀[0m[38;2;50;83;214m[48;2;50;83;214m▀[0m[38;2;50;83;214m[48;2;50;83;214m▀[0m[38;2;50;83;214m[48;2;50;83;214m▀[0m[38;2;50;83;214m[48;2;50;83;214m▀[0m[38;2;50;83;214m[48;2;50;83;214m▀[0m[38;2;50;83;214m[48;2;50;83;214m▀[0m[38;2;50;83;214m[48;2;50;83;214m▀[0m[38;2;50;83;214m[48;2;50;83;214m▀[0m[38;2;50;83;214m[48;2;50;83;214m▀[0m[38;2;50;83;214m[48;2;50;83;214m▀[0m[38;2;50;83;214m[48;2;50;83;214m▀[0m[38;2;20;23;56m[48;2;50;83;214m▀[0m[38;2;20;23;56m[48;2;50;83;214m▀[0m[38;2;20;23;56m▄[38;2;20;23;56m▄[38;2;54;105;86m▄[38;2;54;105;86m▄[38;2;54;105;86m[48;2;93;224;170m▀[0m[38;2;54;105;86m[48;2;54;105;86m▀[0m 
   [38;2;20;23;56m[48;2;20;23;56m▀[0m[38;2;38;43;107m[48;2;38;43;107m▀[0m[38;2;38;43;107m[48;2;38;43;107m▀[0m[38;2;38;43;107m[48;2;38;43;107m▀[0m[38;2;20;23;56m[48;2;20;23;56m▀[0m[38;2;38;43;107m[48;2;38;43;107m▀[0m[38;2;38;43;107m[48;2;38;43;107m▀[0m[38;2;38;43;107m[48;2;38;43;107m▀[0m[38;2;38;43;107m[48;2;38;43;107m▀[0m[38;2;38;43;107m[48;2;38;43;107m▀[0m[38;2;38;43;107m[48;2;38;43;107m▀[0m[38;2;38;43;107m[48;2;38;43;107m▀[0m[38;2;38;43;107m[48;2;38;43;107m▀[0m[38;2;20;23;56m[48;2;20;23;56m▀[0m[38;2;38;43;107m[48;2;38;43;107m▀[0m[38;2;44;54;154m[48;2;44;54;154m▀[0m[38;2;44;54;154m[48;2;44;54;154m▀[0m[38;2;44;54;154m[48;2;44;54;154m▀[0m[38;2;44;54;154m[48;2;44;54;154m▀[0m[38;2;44;54;154m[48;2;44;54;154m▀[0m[38;2;65;150;139m[48;2;44;54;154m▀[0m[38;2;65;150;139m[48;2;44;54;154m▀[0m[38;2;65;150;139m[48;2;44;54;154m▀[0m[38;2;65;150;139m[48;2;44;54;154m▀[0m[38;2;50;83;214m[48;2;65;150;139m▀[0m[38;2;50;83;214m[48;2;65;150;139m▀[0m[38;2;50;83;214m[48;2;65;150;139m▀[0m[38;2;50;83;214m[48;2;50;83;214m▀[0m[38;2;50;83;214m[48;2;50;83;214m▀[0m[38;2;50;83;214m[48;2;50;83;214m▀[0m[38;2;50;83;214m[48;2;50;83;214m▀[0m[38;2;50;83;214m[48;2;50;83;214m▀[0m[38;2;50;83;214m[48;2;50;83;214m▀[0m[38;2;50;83;214m[48;2;50;83;214m▀[0m[38;2;50;83;214m[48;2;50;83;214m▀[0m[38;2;50;83;214m[48;2;50;83;214m▀[0m[38;2;50;83;214m[48;2;50;83;214m▀[0m[38;2;50;83;214m[48;2;44;54;154m▀[0m[38;2;44;54;154m[48;2;44;54;154m▀[0m[38;2;65;150;139m[48;2;93;224;170m▀[0m[38;2;93;224;170m[48;2;93;224;170m▀[0m[38;2;54;105;86m[48;2;93;224;170m▀[0m[38;2;54;105;86m[48;2;93;224;170m▀[0m[38;2;54;105;86m[48;2;54;105;86m▀[0m
   [38;2;20;23;56m▀[38;2;38;43;107m[48;2;20;23;56m▀[0m[38;2;38;43;107m[48;2;38;43;107m▀[0m[38;2;38;43;107m[48;2;38;43;107m▀[0m[38;2;20;23;56m[48;2;20;23;56m▀[0m[38;2;38;43;107m[48;2;38;43;107m▀[0m[38;2;38;43;107m[48;2;44;54;154m▀[0m[38;2;44;54;154m[48;2;44;54;154m▀[0m[38;2;44;54;154m[48;2;44;54;154m▀[0m[38;2;44;54;154m[48;2;44;54;154m▀[0m[38;2;44;54;154m[48;2;44;54;154m▀[0m[38;2;44;54;154m[48;2;44;54;154m▀[0m[38;2;38;43;107m[48;2;44;54;154m▀[0m[38;2;38;43;107m[48;2;44;54;154m▀[0m[38;2;20;23;56m[48;2;44;54;154m▀[0m[38;2;65;150;139m[48;2;20;23;56m▀[0m[38;2;44;54;154m[48;2;65;150;139m▀[0m[38;2;44;54;154m[48;2;44;54;154m▀[0m[38;2;44;54;154m[48;2;44;54;154m▀[0m[38;2;44;54;154m[48;2;44;54;154m▀[0m[38;2;44;54;154m[48;2;44;54;154m▀[0m[38;2;44;54;154m[48;2;44;54;154m▀[0m[38;2;44;54;154m[48;2;44;54;154m▀[0m[38;2;44;54;154m[48;2;44;54;154m▀[0m[38;2;44;54;154m[48;2;44;54;154m▀[0m[38;2;44;54;154m[48;2;44;54;154m▀[0m[38;2;44;54;154m[48;2;44;54;154m▀[0m[38;2;65;150;139m[48;2;44;54;154m▀[0m[38;2;65;150;139m[48;2;44;54;154m▀[0m[38;2;44;54;154m[48;2;44;54;154m▀[0m[38;2;44;54;154m[48;2;44;54;154m▀[0m[38;2;44;54;154m[48;2;44;54;154m▀[0m[38;2;44;54;154m[48;2;44;54;154m▀[0m[38;2;44;54;154m[48;2;44;54;154m▀[0m[38;2;44;54;154m[48;2;44;54;154m▀[0m[38;2;44;54;154m[48;2;44;54;154m▀[0m[38;2;44;54;154m[48;2;44;54;154m▀[0m[38;2;44;54;154m[48;2;44;54;154m▀[0m[38;2;44;54;154m[48;2;65;150;139m▀[0m[38;2;65;150;139m[48;2;65;150;139m▀[0m[38;2;93;224;170m[48;2;65;150;139m▀[0m[38;2;54;105;86m[48;2;65;150;139m▀[0m[38;2;54;105;86m[48;2;65;150;139m▀[0m[38;2;54;105;86m▄
    [38;2;20;23;56m▀[38;2;38;43;107m[48;2;20;23;56m▀[0m[38;2;38;43;107m[48;2;38;43;107m▀[0m[38;2;38;43;107m[48;2;38;43;107m▀[0m[38;2;20;23;56m[48;2;20;23;56m▀[0m[38;2;65;150;139m[48;2;65;150;139m▀[0m[38;2;44;54;154m[48;2;44;54;154m▀[0m[38;2;44;54;154m[48;2;44;54;154m▀[0m[38;2;44;54;154m[48;2;44;54;154m▀[0m[38;2;44;54;154m[48;2;65;150;139m▀[0m[38;2;44;54;154m[48;2;44;54;154m▀[0m[38;2;44;54;154m[48;2;44;54;154m▀[0m[38;2;44;54;154m[48;2;44;54;154m▀[0m[38;2;44;54;154m[48;2;44;54;154m▀[0m[38;2;44;54;154m[48;2;44;54;154m▀[0m[38;2;6;6;6m[48;2;44;54;154m▀[0m[38;2;65;150;139m[48;2;6;6;6m▀[0m[38;2;65;150;139m[48;2;6;6;6m▀[0m[38;2;44;54;154m[48;2;65;150;139m▀[0m[38;2;44;54;154m[48;2;65;150;139m▀[0m[38;2;44;54;154m[48;2;65;150;139m▀[0m[38;2;44;54;154m[48;2;65;150;139m▀[0m[38;2;44;54;154m[48;2;44;54;154m▀[0m[38;2;44;54;154m[48;2;44;54;154m▀[0m[38;2;44;54;154m[48;2;44;54;154m▀[0m[38;2;44;54;154m[48;2;44;54;154m▀[0m[38;2;44;54;154m[48;2;44;54;154m▀[0m[38;2;44;54;154m[48;2;44;54;154m▀[0m[38;2;44;54;154m[48;2;44;54;154m▀[0m[38;2;44;54;154m[48;2;44;54;154m▀[0m[38;2;44;54;154m[48;2;44;54;154m▀[0m[38;2;44;54;154m[48;2;44;54;154m▀[0m[38;2;44;54;154m[48;2;44;54;154m▀[0m[38;2;44;54;154m[48;2;44;54;154m▀[0m[38;2;44;54;154m[48;2;44;54;154m▀[0m[38;2;44;54;154m[48;2;44;54;154m▀[0m[38;2;44;54;154m[48;2;6;6;6m▀[0m[38;2;65;150;139m[48;2;6;6;6m▀[0m[38;2;65;150;139m[48;2;65;150;139m▀[0m[38;2;54;105;86m[48;2;65;150;139m▀[0m[38;2;54;105;86m[48;2;6;6;6m▀[0m[38;2;6;6;6m▀[38;2;6;6;6m▀
      [38;2;20;23;56m▀[38;2;38;43;107m[48;2;20;23;56m▀[0m[38;2;20;23;56m[48;2;20;23;56m▀[0m[38;2;65;150;139m[48;2;20;23;56m▀[0m[38;2;44;54;154m[48;2;65;150;139m▀[0m[38;2;44;54;154m[48;2;44;54;154m▀[0m[38;2;44;54;154m[48;2;44;54;154m▀[0m[38;2;65;150;139m[48;2;44;54;154m▀[0m[38;2;44;54;154m[48;2;65;150;139m▀[0m[38;2;44;54;154m[48;2;44;54;154m▀[0m[38;2;44;54;154m[48;2;44;54;154m▀[0m[38;2;44;54;154m[48;2;44;54;154m▀[0m[38;2;44;54;154m[48;2;44;54;154m▀[0m[38;2;44;54;154m[48;2;44;54;154m▀[0m[38;2;44;54;154m[48;2;44;54;154m▀[0m[38;2;44;54;154m[48;2;44;54;154m▀[0m[38;2;6;6;6m[48;2;44;54;154m▀[0m[38;2;6;6;6m[48;2;44;54;154m▀[0m[38;2;6;6;6m[48;2;44;54;154m▀[0m[38;2;6;6;6m[48;2;20;23;56m▀[0m[38;2;65;150;139m[48;2;6;6;6m▀[0m[38;2;65;150;139m[48;2;6;6;6m▀[0m[38;2;65;150;139m[48;2;6;6;6m▀[0m[38;2;65;150;139m[48;2;6;6;6m▀[0m[38;2;44;54;154m[48;2;6;6;6m▀[0m[38;2;44;54;154m[48;2;6;6;6m▀[0m[38;2;44;54;154m[48;2;6;6;6m▀[0m[38;2;44;54;154m[48;2;6;6;6m▀[0m[38;2;44;54;154m[48;2;6;6;6m▀[0m[38;2;44;54;154m[48;2;6;6;6m▀[0m[38;2;6;6;6m▀[38;2;6;6;6m▀[38;2;6;6;6m▀[38;2;6;6;6m▀  [38;2;6;6;6m▀[38;2;6;6;6m▀[38;2;6;6;6m▀  
         [38;2;20;23;56m▀[38;2;65;150;139m[48;2;20;23;56m▀[0m[38;2;44;54;154m[48;2;65;150;139m▀[0m[38;2;44;54;154m[48;2;44;54;154m▀[0m[38;2;44;54;154m[48;2;44;54;154m▀[0m[38;2;44;54;154m[48;2;44;54;154m▀[0m[38;2;65;150;139m[48;2;44;54;154m▀[0m[38;2;44;54;154m[48;2;65;150;139m▀[0m[38;2;44;54;154m[48;2;65;150;139m▀[0m[38;2;44;54;154m[48;2;44;54;154m▀[0m[38;2;44;54;154m[48;2;44;54;154m▀[0m[38;2;44;54;154m[48;2;44;54;154m▀[0m[38;2;44;54;154m[48;2;44;54;154m▀[0m[38;2;44;54;154m[48;2;44;54;154m▀[0m[38;2;44;54;154m[48;2;44;54;154m▀[0m[38;2;44;54;154m[48;2;44;54;154m▀[0m[38;2;20;23;56m[48;2;44;54;154m▀[0m[38;2;116;118;192m[48;2;20;23;56m▀[0m[38;2;116;118;192m[48;2;64;68;119m▀[0m[38;2;116;118;192m[48;2;116;118;192m▀[0m[38;2;116;118;192m[48;2;116;118;192m▀[0m[38;2;116;118;192m[48;2;116;118;192m▀[0m[38;2;116;118;192m[48;2;116;118;192m▀[0m[38;2;64;68;119m[48;2;64;68;119m▀[0m              
           [38;2;20;23;56m▀[38;2;65;150;139m[48;2;6;6;6m▀[0m[38;2;44;54;154m[48;2;6;6;6m▀[0m[38;2;44;54;154m[48;2;44;54;154m▀[0m[38;2;44;54;154m[48;2;44;54;154m▀[0m[38;2;44;54;154m[48;2;44;54;154m▀[0m[38;2;44;54;154m[48;2;44;54;154m▀[0m[38;2;65;150;139m[48;2;44;54;154m▀[0m[38;2;65;150;139m[48;2;44;54;154m▀[0m[38;2;44;54;154m[48;2;44;54;154m▀[0m[38;2;44;54;154m[48;2;44;54;154m▀[0m[38;2;44;54;154m[48;2;44;54;154m▀[0m[38;2;44;54;154m[48;2;44;54;154m▀[0m[38;2;44;54;154m[48;2;44;54;154m▀[0m[38;2;44;54;154m[48;2;44;54;154m▀[0m[38;2;20;23;56m[48;2;44;54;154m▀[0m[38;2;20;23;56m▄[38;2;64;68;119m▀[38;2;64;68;119m▀[38;2;116;118;192m[48;2;64;68;119m▀[0m[38;2;116;118;192m[48;2;64;68;119m▀[0m[38;2;116;118;192m[48;2;64;68;119m▀[0m[38;2;64;68;119m[48;2;64;68;119m▀[0m             
              [38;2;6;6;6m▀[38;2;6;6;6m▀[38;2;6;6;6m▀[38;2;6;6;6m▀[38;2;6;6;6m▀[38;2;44;54;154m[48;2;6;6;6m▀[0m[38;2;44;54;154m[48;2;6;6;6m▀[0m[38;2;44;54;154m[48;2;44;54;154m▀[0m[38;2;44;54;154m[48;2;44;54;154m▀[0m[38;2;44;54;154m[48;2;44;54;154m▀[0m[38;2;44;54;154m[48;2;44;54;154m▀[0m[38;2;44;54;154m[48;2;44;54;154m▀[0m[38;2;54;105;86m[48;2;65;150;139m▀[0m[38;2;65;150;139m[48;2;65;150;139m▀[0m[38;2;54;105;86m[48;2;65;150;139m▀[0m[38;2;54;105;86m[48;2;65;150;139m▀[0m[38;2;54;105;86m▄                
                     [38;2;6;6;6m▀[38;2;44;54;154m[48;2;6;6;6m▀[0m[38;2;44;54;154m[48;2;54;105;86m▀[0m[38;2;44;54;154m[48;2;65;150;139m▀[0m[38;2;54;105;86m[48;2;65;150;139m▀[0m[38;2;65;150;139m[48;2;65;150;139m▀[0m[38;2;65;150;139m[48;2;65;150;139m▀[0m[38;2;54;105;86m[48;2;65;150;139m▀[0m[38;2;54;105;86m[48;2;54;105;86m▀[0m[38;2;54;105;86m▀                
                       [38;2;6;6;6m[48;2;6;6;6m▀[0m[38;2;65;150;139m[48;2;65;150;139m▀[0m[38;2;65;150;139m[48;2;54;105;86m▀[0m[38;2;65;150;139m[48;2;65;150;139m▀[0m[38;2;54;105;86m[48;2;65;150;139m▀[0m[38;2;65;150;139m[48;2;54;105;86m▀[0m[38;2;65;150;139m[48;2;6;6;6m▀[0m[38;2;54;105;86m[48;2;6;6;6m▀[0m                
                       [38;2;6;6;6m▀[38;2;6;6;6m▀ [38;2;6;6;6m▀[38;2;6;6;6m▀[38;2;6;6;6m▀                  
[0m