               [38;2;0;167;174m▄[38;2;0;167;174m▄[38;2;0;167;174m▄[38;2;0;167;174m[48;2;98;247;247m▀[0m[38;2;0;167;174m[48;2;98;247;247m▀[0m[38;2;0;167;174m[48;2;98;247;247m▀[0m[38;2;0;167;174m[48;2;98;247;247m▀[0m[38;2;0;167;174m[48;2;249;255;255m▀[0m[38;2;1;1;1m▄ [38;2;0;167;174m▄[38;2;0;167;174m▄[38;2;0;167;174m▄[38;2;0;167;174m▄[38;2;0;167;174m▄[38;2;0;167;174m▄[38;2;0;167;174m▄                  
              [38;2;0;167;174m[48;2;0;167;174m▀[0m[38;2;0;167;174m[48;2;98;247;247m▀[0m[38;2;98;247;247m[48;2;181;151;25m▀[0m[38;2;249;255;255m[48;2;240;200;26m▀[0m[38;2;240;200;26m[48;2;1;1;1m▀[0m[38;2;240;200;26m[48;2;1;1;1m▀[0m[38;2;138;86;4m[48;2;138;86;4m▀[0m[38;2;1;1;1m▀[38;2;1;1;1m▀[38;2;0;167;174m▄[38;2;0;167;174m[48;2;98;247;247m▀[0m[38;2;98;247;247m[48;2;240;200;26m▀[0m[38;2;249;255;255m[48;2;240;200;26m▀[0m[38;2;98;247;247m[48;2;240;200;26m▀[0m[38;2;98;247;247m[48;2;181;151;25m▀[0m[38;2;98;247;247m[48;2;138;86;4m▀[0m[38;2;249;255;255m[48;2;1;1;1m▀[0m[38;2;98;247;247m[48;2;1;1;1m▀[0m[38;2;1;1;1m▀                 
             [38;2;0;167;174m▄[38;2;0;167;174m[48;2;249;255;255m▀[0m[38;2;98;247;247m[48;2;98;247;247m▀[0m[38;2;240;200;26m[48;2;240;200;26m▀[0m[38;2;138;86;4m[48;2;138;86;4m▀[0m    [38;2;0;167;174m[48;2;0;167;174m▀[0m[38;2;0;167;174m[48;2;249;255;255m▀[0m[38;2;98;247;247m[48;2;181;151;25m▀[0m[38;2;181;151;25m[48;2;1;1;1m▀[0m[38;2;1;1;1m▀[38;2;1;1;1m▀[38;2;1;1;1m▀[38;2;138;86;4m▀                    
           [38;2;0;167;174m▄[38;2;0;167;174m▄[38;2;0;167;174m[48;2;98;247;247m▀[0m[38;2;98;247;247m[48;2;98;247;247m▀[0m[38;2;240;200;26m[48;2;181;151;25m▀[0m[38;2;181;151;25m[48;2;1;1;1m▀[0m[38;2;138;86;4m[48;2;0;167;174m▀[0m[38;2;0;167;174m▄[38;2;0;167;174m▄[38;2;0;167;174m▄[38;2;0;167;174m[48;2;98;247;247m▀[0m[38;2;98;247;247m[48;2;249;255;255m▀[0m[38;2;98;247;247m[48;2;181;151;25m▀[0m[38;2;181;151;25m[48;2;138;86;4m▀[0m[38;2;1;1;1m▀                        
         [38;2;0;167;174m[48;2;138;86;4m▀[0m[38;2;0;167;174m[48;2;138;86;4m▀[0m[38;2;98;247;247m[48;2;240;200;26m▀[0m[38;2;98;247;247m[48;2;181;151;25m▀[0m[38;2;0;167;174m[48;2;181;151;25m▀[0m[38;2;181;151;25m[48;2;138;86;4m▀[0m[38;2;1;1;1m[48;2;138;86;4m▀[0m[38;2;0;167;174m[48;2;240;200;26m▀[0m[38;2;249;255;255m[48;2;240;200;26m▀[0m[38;2;98;247;247m[48;2;240;200;26m▀[0m[38;2;98;247;247m[48;2;240;200;26m▀[0m[38;2;98;247;247m[48;2;240;200;26m▀[0m[38;2;0;167;174m[48;2;240;200;26m▀[0m[38;2;181;151;25m[48;2;181;151;25m▀[0m[38;2;181;151;25m[48;2;1;1;1m▀[0m[38;2;1;1;1m▀                         
        [38;2;138;86;4m[48;2;138;86;4m▀[0m[38;2;240;200;26m[48;2;138;86;4m▀[0m[38;2;240;200;26m[48;2;181;151;25m▀[0m[38;2;138;86;4m[48;2;1;1;1m▀[0m[38;2;1;1;1m▀[38;2;138;86;4m[48;2;138;86;4m▀[0m[38;2;240;200;26m[48;2;138;86;4m▀[0m[38;2;240;200;26m[48;2;240;200;26m▀[0m[38;2;138;86;4m[48;2;181;151;25m▀[0m[38;2;181;151;25m[48;2;1;1;1m▀[0m[38;2;138;86;4m▀[38;2;1;1;1m▀[38;2;1;1;1m▀[38;2;1;1;1m▀[38;2;1;1;1m▀                           
        [38;2;138;86;4m[48;2;138;86;4m▀[0m[38;2;181;151;25m[48;2;181;151;25m▀[0m[38;2;138;86;4m[48;2;181;151;25m▀[0m[38;2;1;1;1m[48;2;138;86;4m▀[0m[38;2;138;86;4m[48;2;181;151;25m▀[0m[38;2;240;200;26m[48;2;138;86;4m▀[0m[38;2;240;200;26m[48;2;181;151;25m▀[0m[38;2;138;86;4m[48;2;1;1;1m▀[0m[38;2;1;1;1m▀ [38;2;26;100;120m▄[38;2;14;58;65m▄[38;2;14;58;65m▄[38;2;14;58;65m▄                            
      [38;2;0;167;174m▄[38;2;0;167;174m▄[38;2;0;167;174m[48;2;98;247;247m▀[0m[38;2;0;167;174m[48;2;98;247;247m▀[0m[38;2;0;167;174m[48;2;249;255;255m▀[0m[38;2;138;86;4m[48;2;98;247;247m▀[0m[38;2;240;200;26m[48;2;138;86;4m▀[0m[38;2;181;151;25m[48;2;1;1;1m▀[0m[38;2;1;1;1m[48;2;98;247;247m▀[0m[38;2;0;167;174m[48;2;14;58;65m▀[0m[38;2;14;58;65m[48;2;67;204;201m▀[0m[38;2;14;58;65m[48;2;67;204;201m▀[0m[38;2;26;100;120m[48;2;67;204;201m▀[0m[38;2;67;204;201m[48;2;53;157;174m▀[0m[38;2;67;204;201m[48;2;53;157;174m▀[0m[38;2;14;58;65m[48;2;1;1;1m▀[0m                            
  [38;2;0;167;174m▄[38;2;0;167;174m▄[38;2;0;167;174m[48;2;98;247;247m▀[0m[38;2;0;167;174m[48;2;98;247;247m▀[0m[38;2;249;255;255m[48;2;98;247;247m▀[0m[38;2;98;247;247m[48;2;98;247;247m▀[0m[38;2;98;247;247m[48;2;98;247;247m▀[0m[38;2;98;247;247m[48;2;98;247;247m▀[0m[38;2;98;247;247m[48;2;98;247;247m▀[0m[38;2;98;247;247m[48;2;98;247;247m▀[0m[38;2;98;247;247m[48;2;98;247;247m▀[0m[38;2;249;255;255m[48;2;98;247;247m▀[0m[38;2;98;247;247m[48;2;98;247;247m▀[0m[38;2;14;58;65m[48;2;14;58;65m▀[0m[38;2;53;157;174m[48;2;53;157;174m▀[0m[38;2;53;157;174m[48;2;53;157;174m▀[0m[38;2;53;157;174m[48;2;53;157;174m▀[0m[38;2;53;157;174m[48;2;53;157;174m▀[0m[38;2;14;58;65m[48;2;1;1;1m▀[0m                             
[38;2;0;167;174m▄[38;2;0;167;174m[48;2;98;247;247m▀[0m[38;2;98;247;247m[48;2;98;247;247m▀[0m[38;2;98;247;247m[48;2;98;247;247m▀[0m[38;2;98;247;247m[48;2;98;247;247m▀[0m[38;2;98;247;247m[48;2;134;141;168m▀[0m[38;2;98;247;247m[48;2;134;141;168m▀[0m[38;2;98;247;247m[48;2;134;141;168m▀[0m[38;2;98;247;247m[48;2;0;167;174m▀[0m[38;2;0;167;174m[48;2;31;30;28m▀[0m[38;2;0;167;174m[48;2;0;167;174m▀[0m[38;2;31;30;28m[48;2;31;30;28m▀[0m[38;2;134;141;168m[48;2;202;208;219m▀[0m[38;2;134;141;168m[48;2;202;208;219m▀[0m[38;2;98;247;247m[48;2;134;141;168m▀[0m[38;2;14;58;65m[48;2;14;58;65m▀[0m[38;2;53;157;174m[48;2;53;157;174m▀[0m[38;2;53;157;174m[48;2;53;157;174m▀[0m[38;2;53;157;174m[48;2;53;157;174m▀[0m[38;2;1;1;1m[48;2;1;1;1m▀[0m                              
 [38;2;1;1;1m▀[38;2;134;141;168m[48;2;1;1;1m▀[0m[38;2;67;73;83m[48;2;134;141;168m▀[0m[38;2;134;141;168m[48;2;202;208;219m▀[0m[38;2;202;208;219m[48;2;202;208;219m▀[0m[38;2;202;208;219m[48;2;202;208;219m▀[0m[38;2;202;208;219m[48;2;202;208;219m▀[0m[38;2;134;141;168m[48;2;202;208;219m▀[0m[38;2;0;167;174m[48;2;202;208;219m▀[0m[38;2;31;30;28m[48;2;134;141;168m▀[0m[38;2;134;141;168m[48;2;202;208;219m▀[0m[38;2;202;208;219m[48;2;134;141;168m▀[0m[38;2;202;208;219m[48;2;202;208;219m▀[0m[38;2;202;208;219m[48;2;14;58;65m▀[0m[38;2;26;100;120m[48;2;53;157;174m▀[0m[38;2;53;157;174m[48;2;53;157;174m▀[0m[38;2;53;157;174m[48;2;53;157;174m▀[0m[38;2;53;157;174m[48;2;14;58;65m▀[0m[38;2;1;1;1m[48;2;26;100;120m▀[0m[38;2;14;58;65m▄                             
   [38;2;1;1;1m▀[38;2;134;141;168m[48;2;1;1;1m▀[0m[38;2;202;208;219m[48;2;67;73;83m▀[0m[38;2;67;73;83m[48;2;134;141;168m▀[0m[38;2;67;73;83m[48;2;134;141;168m▀[0m[38;2;67;73;83m[48;2;134;141;168m▀[0m[38;2;202;208;219m[48;2;67;73;83m▀[0m[38;2;202;208;219m[48;2;67;73;83m▀[0m[38;2;202;208;219m[48;2;202;208;219m▀[0m[38;2;202;208;219m[48;2;202;208;219m▀[0m[38;2;134;141;168m[48;2;14;58;65m▀[0m[38;2;14;58;65m[48;2;26;100;120m▀[0m[38;2;53;157;174m[48;2;53;157;174m▀[0m[38;2;53;157;174m[48;2;53;157;174m▀[0m[38;2;53;157;174m[48;2;53;157;174m▀[0m[38;2;1;1;1m[48;2;1;1;1m▀[0m[38;2;26;100;120m[48;2;26;100;120m▀[0m[38;2;14;58;65m[48;2;26;100;120m▀[0m[38;2;14;58;65m▄                            
      [38;2;1;1;1m▀[38;2;67;73;83m▀[38;2;134;141;168m[48;2;1;1;1m▀[0m[38;2;134;141;168m[48;2;1;1;1m▀[0m[38;2;134;141;168m[48;2;14;58;65m▀[0m[38;2;67;73;83m[48;2;14;58;65m▀[0m[38;2;14;58;65m[48;2;26;100;120m▀[0m[38;2;26;100;120m[48;2;53;157;174m▀[0m[38;2;53;157;174m[48;2;53;157;174m▀[0m[38;2;53;157;174m[48;2;53;157;174m▀[0m[38;2;53;157;174m[48;2;53;157;174m▀[0m[38;2;53;157;174m[48;2;53;157;174m▀[0m[38;2;1;1;1m[48;2;1;1;1m▀[0m[38;2;26;100;120m[48;2;14;58;65m▀[0m[38;2;14;58;65m[48;2;134;141;168m▀[0m[38;2;14;58;65m[48;2;14;58;65m▀[0m                            
          [38;2;14;58;65m[48;2;14;58;65m▀[0m[38;2;26;100;120m[48;2;14;58;65m▀[0m[38;2;26;100;120m[48;2;14;58;65m▀[0m[38;2;53;157;174m[48;2;14;58;65m▀[0m[38;2;53;157;174m[48;2;14;58;65m▀[0m[38;2;26;100;120m[48;2;53;157;174m▀[0m[38;2;14;58;65m[48;2;53;157;174m▀[0m[38;2;14;58;65m[48;2;53;157;174m▀[0m[38;2;1;1;1m[48;2;53;157;174m▀[0m[38;2;134;141;168m[48;2;14;58;65m▀[0m[38;2;67;73;83m[48;2;134;141;168m▀[0m[38;2;14;58;65m[48;2;67;73;83m▀[0m[38;2;14;58;65m▄                           
          [38;2;14;58;65m[48;2;14;58;65m▀[0m[38;2;26;100;120m[48;2;67;73;83m▀[0m[38;2;26;100;120m[48;2;26;100;120m▀[0m[38;2;53;157;174m[48;2;53;157;174m▀[0m[38;2;53;157;174m[48;2;26;100;120m▀[0m[38;2;26;100;120m[48;2;249;255;255m▀[0m[38;2;26;100;120m[48;2;98;247;247m▀[0m[38;2;26;100;120m[48;2;98;247;247m▀[0m[38;2;53;157;174m[48;2;26;100;120m▀[0m[38;2;14;58;65m[48;2;14;58;65m▀[0m[38;2;134;141;168m[48;2;134;141;168m▀[0m[38;2;134;141;168m[48;2;134;141;168m▀[0m[38;2;14;58;65m[48;2;14;58;65m▀[0m                           
          [38;2;67;73;83m[48;2;67;73;83m▀[0m[38;2;202;208;219m[48;2;202;208;219m▀[0m[38;2;67;73;83m[48;2;202;208;219m▀[0m[38;2;53;157;174m[48;2;67;73;83m▀[0m[38;2;26;100;120m[48;2;26;100;120m▀[0m[38;2;98;247;247m[48;2;98;247;247m▀[0m[38;2;98;247;247m[48;2;26;100;120m▀[0m[38;2;26;100;120m[48;2;53;157;174m▀[0m[38;2;53;157;174m[48;2;26;100;120m▀[0m[38;2;14;58;65m[48;2;98;247;247m▀[0m[38;2;134;141;168m[48;2;14;58;65m▀[0m[38;2;134;141;168m[48;2;134;141;168m▀[0m[38;2;14;58;65m[48;2;14;58;65m▀[0m[38;2;14;58;65m▄                          
         [38;2;67;73;83m[48;2;67;73;83m▀[0m[38;2;134;141;168m[48;2;134;141;168m▀[0m[38;2;202;208;219m[48;2;202;208;219m▀[0m[38;2;202;208;219m[48;2;202;208;219m▀[0m[38;2;202;208;219m[48;2;67;73;83m▀[0m[38;2;67;73;83m[48;2;67;73;83m▀[0m[38;2;26;100;120m[48;2;53;157;174m▀[0m[38;2;53;157;174m[48;2;26;100;120m▀[0m[38;2;26;100;120m[48;2;98;247;247m▀[0m[38;2;249;255;255m[48;2;98;247;247m▀[0m[38;2;98;247;247m[48;2;98;247;247m▀[0m[38;2;14;58;65m[48;2;14;58;65m▀[0m[38;2;134;141;168m[48;2;134;141;168m▀[0m[38;2;1;1;1m[48;2;1;1;1m▀[0m[38;2;26;100;120m[48;2;14;58;65m▀[0m[38;2;14;58;65m[48;2;26;100;120m▀[0m[38;2;14;58;65m▄   [38;2;138;86;4m▄[38;2;138;86;4m▄[38;2;138;86;4m▄         [38;2;67;73;83m▄[38;2;67;73;83m▄[38;2;67;73;83m▄[38;2;67;73;83m▄     
     [38;2;138;86;4m▄[38;2;138;86;4m[48;2;240;200;26m▀[0m[38;2;138;86;4m▄[38;2;67;73;83m[48;2;67;73;83m▀[0m[38;2;134;141;168m[48;2;134;141;168m▀[0m[38;2;202;208;219m[48;2;202;208;219m▀[0m[38;2;202;208;219m[48;2;202;208;219m▀[0m[38;2;202;208;219m[48;2;67;73;83m▀[0m[38;2;67;73;83m[48;2;202;208;219m▀[0m[38;2;202;208;219m[48;2;202;208;219m▀[0m[38;2;67;73;83m[48;2;67;73;83m▀[0m[38;2;53;157;174m[48;2;53;157;174m▀[0m[38;2;26;100;120m[48;2;53;157;174m▀[0m[38;2;26;100;120m[48;2;53;157;174m▀[0m[38;2;26;100;120m[48;2;53;157;174m▀[0m[38;2;53;157;174m[48;2;53;157;174m▀[0m[38;2;1;1;1m[48;2;1;1;1m▀[0m[38;2;14;58;65m[48;2;1;1;1m▀[0m[38;2;14;58;65m[48;2;26;100;120m▀[0m[38;2;26;100;120m[48;2;26;100;120m▀[0m[38;2;14;58;65m[48;2;14;58;65m▀[0m[38;2;138;86;4m▄[38;2;138;86;4m[48;2;240;200;26m▀[0m[38;2;138;86;4m[48;2;240;200;26m▀[0m[38;2;240;200;26m[48;2;181;151;25m▀[0m[38;2;240;200;26m[48;2;181;151;25m▀[0m[38;2;138;86;4m[48;2;138;86;4m▀[0m     [38;2;67;73;83m▄[38;2;67;73;83m▄[38;2;67;73;83m[48;2;202;208;219m▀[0m[38;2;67;73;83m[48;2;202;208;219m▀[0m[38;2;202;208;219m[48;2;202;208;219m▀[0m[38;2;202;208;219m[48;2;202;208;219m▀[0m[38;2;202;208;219m[48;2;1;1;1m▀[0m[38;2;202;208;219m[48;2;1;1;1m▀[0m[38;2;67;73;83m▀    
     [38;2;138;86;4m[48;2;138;86;4m▀[0m[38;2;240;200;26m[48;2;181;151;25m▀[0m[38;2;240;200;26m[48;2;240;200;26m▀[0m[38;2;1;1;1m[48;2;1;1;1m▀[0m[38;2;67;73;83m[48;2;67;73;83m▀[0m[38;2;202;208;219m[48;2;134;141;168m▀[0m[38;2;202;208;219m[48;2;134;141;168m▀[0m[38;2;67;73;83m[48;2;67;73;83m▀[0m[38;2;134;141;168m[48;2;134;141;168m▀[0m[38;2;134;141;168m[48;2;134;141;168m▀[0m[38;2;134;141;168m[48;2;134;141;168m▀[0m[38;2;14;58;65m[48;2;14;58;65m▀[0m[38;2;53;157;174m[48;2;53;157;174m▀[0m[38;2;53;157;174m[48;2;1;1;1m▀[0m[38;2;1;1;1m[48;2;26;100;120m▀[0m[38;2;1;1;1m[48;2;26;100;120m▀[0m[38;2;14;58;65m[48;2;26;100;120m▀[0m[38;2;26;100;120m[48;2;14;58;65m▀[0m[38;2;26;100;120m[48;2;14;58;65m▀[0m[38;2;14;58;65m[48;2;138;86;4m▀[0m[38;2;138;86;4m[48;2;240;200;26m▀[0m[38;2;240;200;26m[48;2;181;151;25m▀[0m[38;2;181;151;25m[48;2;181;151;25m▀[0m[38;2;181;151;25m[48;2;138;86;4m▀[0m[38;2;181;151;25m[48;2;138;86;4m▀[0m[38;2;138;86;4m[48;2;240;200;26m▀[0m[38;2;138;86;4m[48;2;240;200;26m▀[0m[38;2;1;1;1m▄   [38;2;67;73;83m[48;2;67;73;83m▀[0m[38;2;202;208;219m[48;2;202;208;219m▀[0m[38;2;202;208;219m[48;2;202;208;219m▀[0m[38;2;202;208;219m[48;2;1;1;1m▀[0m[38;2;134;141;168m[48;2;1;1;1m▀[0m[38;2;1;1;1m▀[38;2;1;1;1m▀       
     [38;2;138;86;4m▀[38;2;181;151;25m[48;2;138;86;4m▀[0m[38;2;181;151;25m[48;2;181;151;25m▀[0m[38;2;240;200;26m[48;2;181;151;25m▀[0m[38;2;1;1;1m[48;2;1;1;1m▀[0m[38;2;134;141;168m[48;2;67;73;83m▀[0m[38;2;134;141;168m[48;2;134;141;168m▀[0m[38;2;67;73;83m[48;2;134;141;168m▀[0m[38;2;134;141;168m[48;2;67;73;83m▀[0m[38;2;134;141;168m[48;2;134;141;168m▀[0m[38;2;134;141;168m[48;2;14;58;65m▀[0m[38;2;14;58;65m[48;2;53;157;174m▀[0m[38;2;53;157;174m[48;2;53;157;174m▀[0m[38;2;1;1;1m[48;2;1;1;1m▀[0m[38;2;26;100;120m[48;2;26;100;120m▀[0m[38;2;14;58;65m[48;2;53;157;174m▀[0m[38;2;14;58;65m[48;2;53;157;174m▀[0m[38;2;53;157;174m[48;2;138;86;4m▀[0m[38;2;138;86;4m[48;2;240;200;26m▀[0m[38;2;240;200;26m[48;2;181;151;25m▀[0m[38;2;181;151;25m[48;2;181;151;25m▀[0m[38;2;181;151;25m[48;2;138;86;4m▀[0m[38;2;138;86;4m[48;2;240;200;26m▀[0m[38;2;240;200;26m[48;2;181;151;25m▀[0m[38;2;240;200;26m[48;2;181;151;25m▀[0m[38;2;181;151;25m[48;2;1;1;1m▀[0m[38;2;181;151;25m[48;2;1;1;1m▀[0m[38;2;1;1;1m[48;2;1;1;1m▀[0m  [38;2;67;73;83m▄[38;2;67;73;83m[48;2;202;208;219m▀[0m[38;2;202;208;219m[48;2;202;208;219m▀[0m[38;2;67;73;83m[48;2;67;73;83m▀[0m[38;2;67;73;83m▄[38;2;67;73;83m▄[38;2;67;73;83m[48;2;202;208;219m▀[0m[38;2;67;73;83m[48;2;202;208;219m▀[0m[38;2;67;73;83m▄      
      [38;2;138;86;4m[48;2;138;86;4m▀[0m[38;2;181;151;25m[48;2;181;151;25m▀[0m[38;2;181;151;25m[48;2;181;151;25m▀[0m[38;2;181;151;25m[48;2;181;151;25m▀[0m[38;2;1;1;1m[48;2;1;1;1m▀[0m[38;2;134;141;168m[48;2;134;141;168m▀[0m[38;2;134;141;168m[48;2;134;141;168m▀[0m[38;2;67;73;83m[48;2;67;73;83m▀[0m[38;2;134;141;168m[48;2;134;141;168m▀[0m[38;2;14;58;65m[48;2;14;58;65m▀[0m[38;2;53;157;174m[48;2;53;157;174m▀[0m[38;2;1;1;1m[48;2;1;1;1m▀[0m[38;2;26;100;120m[48;2;26;100;120m▀[0m[38;2;26;100;120m[48;2;53;157;174m▀[0m[38;2;53;157;174m[48;2;53;157;174m▀[0m[38;2;53;157;174m[48;2;138;86;4m▀[0m[38;2;138;86;4m[48;2;240;200;26m▀[0m[38;2;240;200;26m[48;2;181;151;25m▀[0m[38;2;181;151;25m[48;2;181;151;25m▀[0m[38;2;138;86;4m[48;2;181;151;25m▀[0m[38;2;240;200;26m[48;2;181;151;25m▀[0m[38;2;181;151;25m[48;2;138;86;4m▀[0m[38;2;1;1;1m[48;2;240;200;26m▀[0m[38;2;1;1;1m[48;2;240;200;26m▀[0m[38;2;240;200;26m[48;2;181;151;25m▀[0m[38;2;240;200;26m[48;2;181;151;25m▀[0m[38;2;240;200;26m[48;2;181;151;25m▀[0m[38;2;1;1;1m[48;2;1;1;1m▀[0m [38;2;67;73;83m[48;2;67;73;83m▀[0m[38;2;202;208;219m[48;2;202;208;219m▀[0m[38;2;202;208;219m[48;2;134;141;168m▀[0m[38;2;67;73;83m[48;2;134;141;168m▀[0m[38;2;202;208;219m[48;2;202;208;219m▀[0m[38;2;202;208;219m[48;2;202;208;219m▀[0m[38;2;202;208;219m[48;2;67;73;83m▀[0m[38;2;134;141;168m[48;2;1;1;1m▀[0m[38;2;67;73;83m▀      
       [38;2;138;86;4m[48;2;138;86;4m▀[0m[38;2;181;151;25m[48;2;181;151;25m▀[0m[38;2;14;58;65m[48;2;14;58;65m▀[0m[38;2;26;100;120m[48;2;26;100;120m▀[0m[38;2;1;1;1m[48;2;1;1;1m▀[0m[38;2;134;141;168m[48;2;134;141;168m▀[0m[38;2;134;141;168m[48;2;134;141;168m▀[0m[38;2;14;58;65m[48;2;14;58;65m▀[0m[38;2;26;100;120m[48;2;26;100;120m▀[0m[38;2;53;157;174m[48;2;1;1;1m▀[0m[38;2;1;1;1m[48;2;26;100;120m▀[0m[38;2;26;100;120m[48;2;26;100;120m▀[0m[38;2;53;157;174m[48;2;53;157;174m▀[0m[38;2;53;157;174m[48;2;138;86;4m▀[0m[38;2;138;86;4m[48;2;240;200;26m▀[0m[38;2;240;200;26m[48;2;181;151;25m▀[0m[38;2;181;151;25m[48;2;181;151;25m▀[0m[38;2;181;151;25m[48;2;181;151;25m▀[0m[38;2;181;151;25m[48;2;181;151;25m▀[0m[38;2;138;86;4m[48;2;240;200;26m▀[0m[38;2;240;200;26m[48;2;181;151;25m▀[0m[38;2;181;151;25m[48;2;181;151;25m▀[0m[38;2;181;151;25m[48;2;181;151;25m▀[0m[38;2;181;151;25m[48;2;1;1;1m▀[0m[38;2;1;1;1m▀[38;2;1;1;1m▀  [38;2;67;73;83m[48;2;67;73;83m▀[0m[38;2;202;208;219m[48;2;202;208;219m▀[0m[38;2;67;73;83m[48;2;67;73;83m▀[0m[38;2;134;141;168m[48;2;134;141;168m▀[0m[38;2;134;141;168m[48;2;1;1;1m▀[0m[38;2;1;1;1m▀[38;2;67;73;83m▄[38;2;67;73;83m▄       
        [38;2;138;86;4m[48;2;14;58;65m▀[0m[38;2;14;58;65m[48;2;14;58;65m▀[0m[38;2;26;100;120m[48;2;14;58;65m▀[0m[38;2;26;100;120m[48;2;26;100;120m▀[0m[38;2;1;1;1m[48;2;1;1;1m▀[0m[38;2;134;141;168m[48;2;1;1;1m▀[0m[38;2;14;58;65m[48;2;26;100;120m▀[0m[38;2;26;100;120m[48;2;1;1;1m▀[0m[38;2;1;1;1m[48;2;26;100;120m▀[0m[38;2;26;100;120m[48;2;26;100;120m▀[0m[38;2;53;157;174m[48;2;53;157;174m▀[0m[38;2;53;157;174m[48;2;53;157;174m▀[0m[38;2;138;86;4m[48;2;138;86;4m▀[0m[38;2;240;200;26m[48;2;240;200;26m▀[0m[38;2;181;151;25m[48;2;181;151;25m▀[0m[38;2;181;151;25m[48;2;181;151;25m▀[0m[38;2;181;151;25m[48;2;181;151;25m▀[0m[38;2;181;151;25m[48;2;14;58;65m▀[0m[38;2;181;151;25m[48;2;14;58;65m▀[0m[38;2;181;151;25m[48;2;14;58;65m▀[0m[38;2;181;151;25m[48;2;14;58;65m▀[0m[38;2;1;1;1m[48;2;26;100;120m▀[0m[38;2;14;58;65m▄   [38;2;67;73;83m[48;2;67;73;83m▀[0m[38;2;202;208;219m[48;2;202;208;219m▀[0m[38;2;202;208;219m[48;2;134;141;168m▀[0m[38;2;67;73;83m[48;2;67;73;83m▀[0m[38;2;134;141;168m[48;2;134;141;168m▀[0m[38;2;67;73;83m[48;2;134;141;168m▀[0m[38;2;67;73;83m[48;2;134;141;168m▀[0m[38;2;134;141;168m[48;2;134;141;168m▀[0m[38;2;134;141;168m[48;2;134;141;168m▀[0m[38;2;67;73;83m[48;2;67;73;83m▀[0m      
        [38;2;14;58;65m[48;2;14;58;65m▀[0m[38;2;53;157;174m[48;2;53;157;174m▀[0m[38;2;14;58;65m[48;2;14;58;65m▀[0m[38;2;26;100;120m[48;2;1;1;1m▀[0m[38;2;26;100;120m[48;2;26;100;120m▀[0m[38;2;1;1;1m[48;2;26;100;120m▀[0m[38;2;26;100;120m[48;2;1;1;1m▀[0m[38;2;1;1;1m[48;2;26;100;120m▀[0m[38;2;26;100;120m[48;2;26;100;120m▀[0m[38;2;53;157;174m[48;2;53;157;174m▀[0m[38;2;53;157;174m[48;2;53;157;174m▀[0m[38;2;138;86;4m[48;2;138;86;4m▀[0m[38;2;240;200;26m[48;2;240;200;26m▀[0m[38;2;181;151;25m[48;2;14;58;65m▀[0m[38;2;181;151;25m[48;2;14;58;65m▀[0m[38;2;14;58;65m[48;2;26;100;120m▀[0m[38;2;14;58;65m[48;2;26;100;120m▀[0m[38;2;26;100;120m[48;2;14;58;65m▀[0m[38;2;26;100;120m[48;2;14;58;65m▀[0m[38;2;26;100;120m[48;2;26;100;120m▀[0m[38;2;26;100;120m[48;2;26;100;120m▀[0m[38;2;26;100;120m[48;2;14;58;65m▀[0m[38;2;26;100;120m[48;2;14;58;65m▀[0m[38;2;14;58;65m[48;2;53;157;174m▀[0m[38;2;14;58;65m[48;2;53;157;174m▀[0m[38;2;14;58;65m[48;2;53;157;174m▀[0m[38;2;134;141;168m[48;2;14;58;65m▀[0m[38;2;134;141;168m[48;2;14;58;65m▀[0m[38;2;67;73;83m[48;2;67;73;83m▀[0m[38;2;134;141;168m[48;2;134;141;168m▀[0m[38;2;134;141;168m[48;2;134;141;168m▀[0m[38;2;134;141;168m[48;2;134;141;168m▀[0m[38;2;134;141;168m[48;2;67;73;83m▀[0m[38;2;67;73;83m▀[38;2;67;73;83m▀       
        [38;2;14;58;65m▀[38;2;53;157;174m[48;2;1;1;1m▀[0m[38;2;53;157;174m[48;2;53;157;174m▀[0m[38;2;14;58;65m[48;2;53;157;174m▀[0m[38;2;1;1;1m[48;2;14;58;65m▀[0m[38;2;1;1;1m[48;2;14;58;65m▀[0m[38;2;26;100;120m[48;2;26;100;120m▀[0m[38;2;26;100;120m[48;2;53;157;174m▀[0m[38;2;53;157;174m[48;2;53;157;174m▀[0m[38;2;53;157;174m[48;2;53;157;174m▀[0m[38;2;53;157;174m[48;2;53;157;174m▀[0m[38;2;138;86;4m[48;2;53;157;174m▀[0m[38;2;14;58;65m[48;2;53;157;174m▀[0m[38;2;53;157;174m[48;2;53;157;174m▀[0m[38;2;26;100;120m[48;2;14;58;65m▀[0m[38;2;26;100;120m[48;2;14;58;65m▀[0m[38;2;14;58;65m[48;2;67;204;201m▀[0m[38;2;53;157;174m[48;2;67;204;201m▀[0m[38;2;53;157;174m[48;2;53;157;174m▀[0m[38;2;1;1;1m[48;2;53;157;174m▀[0m[38;2;14;58;65m[48;2;1;1;1m▀[0m[38;2;53;157;174m[48;2;53;157;174m▀[0m[38;2;53;157;174m[48;2;53;157;174m▀[0m[38;2;53;157;174m[48;2;53;157;174m▀[0m[38;2;53;157;174m[48;2;53;157;174m▀[0m[38;2;53;157;174m[48;2;53;157;174m▀[0m[38;2;53;157;174m[48;2;53;157;174m▀[0m[38;2;53;157;174m[48;2;53;157;174m▀[0m[38;2;53;157;174m[48;2;1;1;1m▀[0m[38;2;1;1;1m[48;2;67;73;83m▀[0m[38;2;67;73;83m[48;2;134;141;168m▀[0m[38;2;67;73;83m[48;2;134;141;168m▀[0m[38;2;67;73;83m[48;2;202;208;219m▀[0m[38;2;67;73;83m▄[38;2;14;58;65m[48;2;53;157;174m▀[0m[38;2;14;58;65m[48;2;53;157;174m▀[0m[38;2;14;58;65m▄     
        [38;2;14;58;65m▄[38;2;1;1;1m[48;2;26;100;120m▀[0m[38;2;26;100;120m[48;2;1;1;1m▀[0m[38;2;53;157;174m[48;2;53;157;174m▀[0m[38;2;67;204;201m[48;2;67;204;201m▀[0m[38;2;67;204;201m[48;2;67;204;201m▀[0m[38;2;53;157;174m[48;2;53;157;174m▀[0m[38;2;53;157;174m[48;2;53;157;174m▀[0m[38;2;53;157;174m[48;2;53;157;174m▀[0m[38;2;53;157;174m[48;2;53;157;174m▀[0m[38;2;53;157;174m[48;2;53;157;174m▀[0m[38;2;53;157;174m[48;2;1;1;1m▀[0m[38;2;1;1;1m[48;2;67;73;83m▀[0m[38;2;1;1;1m[48;2;134;141;168m▀[0m[38;2;134;141;168m[48;2;14;58;65m▀[0m[38;2;14;58;65m[48;2;53;157;174m▀[0m[38;2;67;204;201m[48;2;53;157;174m▀[0m[38;2;67;204;201m[48;2;53;157;174m▀[0m[38;2;53;157;174m[48;2;53;157;174m▀[0m[38;2;53;157;174m[48;2;53;157;174m▀[0m[38;2;53;157;174m[48;2;53;157;174m▀[0m[38;2;1;1;1m[48;2;1;1;1m▀[0m[38;2;53;157;174m[48;2;53;157;174m▀[0m[38;2;53;157;174m[48;2;53;157;174m▀[0m[38;2;53;157;174m[48;2;26;100;120m▀[0m[38;2;53;157;174m[48;2;26;100;120m▀[0m[38;2;53;157;174m[48;2;14;58;65m▀[0m[38;2;1;1;1m[48;2;134;141;168m▀[0m[38;2;67;73;83m[48;2;67;73;83m▀[0m[38;2;134;141;168m[48;2;134;141;168m▀[0m[38;2;202;208;219m[48;2;202;208;219m▀[0m[38;2;202;208;219m[48;2;202;208;219m▀[0m[38;2;134;141;168m[48;2;134;141;168m▀[0m[38;2;202;208;219m[48;2;202;208;219m▀[0m[38;2;67;73;83m[48;2;67;73;83m▀[0m[38;2;53;157;174m[48;2;53;157;174m▀[0m[38;2;53;157;174m[48;2;53;157;174m▀[0m[38;2;14;58;65m[48;2;53;157;174m▀[0m[38;2;14;58;65m▄   
        [38;2;14;58;65m[48;2;26;100;120m▀[0m[38;2;53;157;174m[48;2;53;157;174m▀[0m[38;2;1;1;1m[48;2;53;157;174m▀[0m[38;2;26;100;120m[48;2;1;1;1m▀[0m[38;2;67;204;201m[48;2;53;157;174m▀[0m[38;2;67;204;201m[48;2;67;204;201m▀[0m[38;2;53;157;174m[48;2;53;157;174m▀[0m[38;2;53;157;174m[48;2;53;157;174m▀[0m[38;2;53;157;174m[48;2;26;100;120m▀[0m[38;2;53;157;174m[48;2;1;1;1m▀[0m[38;2;1;1;1m[48;2;134;141;168m▀[0m[38;2;134;141;168m[48;2;134;141;168m▀[0m[38;2;67;73;83m[48;2;67;73;83m▀[0m[38;2;134;141;168m[48;2;67;73;83m▀[0m[38;2;1;1;1m[48;2;1;1;1m▀[0m[38;2;53;157;174m[48;2;53;157;174m▀[0m[38;2;53;157;174m[48;2;53;157;174m▀[0m[38;2;53;157;174m[48;2;53;157;174m▀[0m[38;2;53;157;174m[48;2;53;157;174m▀[0m[38;2;53;157;174m[48;2;53;157;174m▀[0m[38;2;26;100;120m[48;2;1;1;1m▀[0m[38;2;1;1;1m[48;2;26;100;120m▀[0m[38;2;26;100;120m[48;2;26;100;120m▀[0m[38;2;26;100;120m[48;2;26;100;120m▀[0m[38;2;26;100;120m[48;2;26;100;120m▀[0m[38;2;26;100;120m[48;2;1;1;1m▀[0m[38;2;1;1;1m[48;2;67;73;83m▀[0m[38;2;134;141;168m[48;2;134;141;168m▀[0m[38;2;67;73;83m[48;2;1;1;1m▀[0m[38;2;67;73;83m[48;2;67;73;83m▀[0m[38;2;202;208;219m[48;2;202;208;219m▀[0m[38;2;202;208;219m[48;2;134;141;168m▀[0m[38;2;67;73;83m[48;2;67;73;83m▀[0m[38;2;202;208;219m[48;2;134;141;168m▀[0m[38;2;67;73;83m[48;2;1;1;1m▀[0m[38;2;53;157;174m[48;2;26;100;120m▀[0m[38;2;26;100;120m[48;2;98;247;247m▀[0m[38;2;53;157;174m[48;2;26;100;120m▀[0m[38;2;53;157;174m[48;2;53;157;174m▀[0m[38;2;1;1;1m[48;2;1;1;1m▀[0m  
       [38;2;14;58;65m[48;2;14;58;65m▀[0m[38;2;53;157;174m[48;2;53;157;174m▀[0m[38;2;53;157;174m[48;2;53;157;174m▀[0m[38;2;53;157;174m[48;2;53;157;174m▀[0m[38;2;53;157;174m[48;2;53;157;174m▀[0m[38;2;1;1;1m[48;2;26;100;120m▀[0m[38;2;26;100;120m[48;2;1;1;1m▀[0m[38;2;53;157;174m[48;2;1;1;1m▀[0m[38;2;1;1;1m[48;2;134;141;168m▀[0m[38;2;1;1;1m[48;2;67;73;83m▀[0m[38;2;134;141;168m[48;2;134;141;168m▀[0m[38;2;134;141;168m[48;2;134;141;168m▀[0m[38;2;134;141;168m[48;2;134;141;168m▀[0m[38;2;134;141;168m[48;2;134;141;168m▀[0m[38;2;67;73;83m[48;2;134;141;168m▀[0m[38;2;1;1;1m[48;2;1;1;1m▀[0m[38;2;53;157;174m[48;2;53;157;174m▀[0m[38;2;53;157;174m[48;2;53;157;174m▀[0m[38;2;53;157;174m[48;2;53;157;174m▀[0m[38;2;53;157;174m[48;2;53;157;174m▀[0m[38;2;26;100;120m[48;2;1;1;1m▀[0m[38;2;1;1;1m[48;2;1;1;1m▀[0m[38;2;26;100;120m[48;2;1;1;1m▀[0m[38;2;26;100;120m[48;2;1;1;1m▀[0m[38;2;1;1;1m[48;2;134;141;168m▀[0m[38;2;1;1;1m[48;2;134;141;168m▀[0m[38;2;134;141;168m[48;2;134;141;168m▀[0m[38;2;67;73;83m[48;2;67;73;83m▀[0m[38;2;134;141;168m[48;2;67;73;83m▀[0m[38;2;1;1;1m[48;2;134;141;168m▀[0m[38;2;134;141;168m[48;2;1;1;1m▀[0m[38;2;67;73;83m[48;2;134;141;168m▀[0m[38;2;67;73;83m[48;2;134;141;168m▀[0m[38;2;134;141;168m[48;2;67;73;83m▀[0m[38;2;134;141;168m[48;2;1;1;1m▀[0m[38;2;1;1;1m[48;2;53;157;174m▀[0m[38;2;26;100;120m[48;2;53;157;174m▀[0m[38;2;98;247;247m[48;2;26;100;120m▀[0m[38;2;98;247;247m[48;2;26;100;120m▀[0m[38;2;26;100;120m[48;2;53;157;174m▀[0m[38;2;53;157;174m[48;2;53;157;174m▀[0m[38;2;1;1;1m[48;2;1;1;1m▀[0m 
     [38;2;26;100;120m▄[38;2;26;100;120m[48;2;67;204;201m▀[0m[38;2;53;157;174m[48;2;67;204;201m▀[0m[38;2;53;157;174m[48;2;53;157;174m▀[0m[38;2;53;157;174m[48;2;53;157;174m▀[0m[38;2;53;157;174m[48;2;53;157;174m▀[0m[38;2;26;100;120m[48;2;1;1;1m▀[0m[38;2;1;1;1m▀  [38;2;1;1;1m▀[38;2;1;1;1m▀[38;2;67;73;83m[48;2;1;1;1m▀[0m[38;2;134;141;168m[48;2;1;1;1m▀[0m[38;2;134;141;168m[48;2;67;73;83m▀[0m[38;2;134;141;168m[48;2;134;141;168m▀[0m[38;2;134;141;168m[48;2;134;141;168m▀[0m[38;2;134;141;168m[48;2;134;141;168m▀[0m[38;2;14;58;65m[48;2;1;1;1m▀[0m[38;2;53;157;174m[48;2;53;157;174m▀[0m[38;2;53;157;174m[48;2;53;157;174m▀[0m[38;2;26;100;120m[48;2;53;157;174m▀[0m[38;2;1;1;1m[48;2;53;157;174m▀[0m[38;2;134;141;168m[48;2;1;1;1m▀[0m[38;2;134;141;168m[48;2;134;141;168m▀[0m[38;2;67;73;83m[48;2;134;141;168m▀[0m[38;2;67;73;83m[48;2;134;141;168m▀[0m[38;2;67;73;83m[48;2;134;141;168m▀[0m[38;2;67;73;83m[48;2;134;141;168m▀[0m[38;2;134;141;168m[48;2;134;141;168m▀[0m[38;2;134;141;168m[48;2;1;1;1m▀[0m[38;2;67;73;83m[48;2;1;1;1m▀[0m[38;2;14;58;65m[48;2;14;58;65m▀[0m[38;2;1;1;1m[48;2;26;100;120m▀[0m[38;2;1;1;1m[48;2;26;100;120m▀[0m[38;2;67;73;83m[48;2;26;100;120m▀[0m[38;2;26;100;120m[48;2;26;100;120m▀[0m[38;2;53;157;174m[48;2;26;100;120m▀[0m[38;2;26;100;120m[48;2;98;247;247m▀[0m[38;2;98;247;247m[48;2;98;247;247m▀[0m[38;2;26;100;120m[48;2;26;100;120m▀[0m[38;2;53;157;174m[48;2;1;1;1m▀[0m[38;2;1;1;1m▀  
     [38;2;14;58;65m▀[38;2;26;100;120m[48;2;1;1;1m▀[0m[38;2;26;100;120m[48;2;1;1;1m▀[0m[38;2;26;100;120m[48;2;1;1;1m▀[0m[38;2;26;100;120m[48;2;1;1;1m▀[0m[38;2;1;1;1m[48;2;14;58;65m▀[0m[38;2;26;100;120m[48;2;26;100;120m▀[0m[38;2;1;1;1m[48;2;1;1;1m▀[0m      [38;2;1;1;1m▀[38;2;1;1;1m▀[38;2;1;1;1m▀[38;2;67;73;83m[48;2;1;1;1m▀[0m[38;2;1;1;1m[48;2;67;204;201m▀[0m[38;2;53;157;174m[48;2;67;204;201m▀[0m[38;2;53;157;174m[48;2;53;157;174m▀[0m[38;2;53;157;174m[48;2;53;157;174m▀[0m[38;2;53;157;174m[48;2;26;100;120m▀[0m[38;2;1;1;1m[48;2;1;1;1m▀[0m[38;2;1;1;1m[48;2;26;100;120m▀[0m[38;2;1;1;1m[48;2;26;100;120m▀[0m[38;2;1;1;1m[48;2;26;100;120m▀[0m[38;2;1;1;1m[48;2;26;100;120m▀[0m[38;2;1;1;1m[48;2;14;58;65m▀[0m[38;2;1;1;1m▀   [38;2;14;58;65m[48;2;14;58;65m▀[0m[38;2;26;100;120m[48;2;26;100;120m▀[0m[38;2;26;100;120m[48;2;26;100;120m▀[0m[38;2;26;100;120m[48;2;26;100;120m▀[0m[38;2;26;100;120m[48;2;26;100;120m▀[0m[38;2;98;247;247m[48;2;26;100;120m▀[0m[38;2;26;100;120m[48;2;53;157;174m▀[0m[38;2;53;157;174m[48;2;53;157;174m▀[0m[38;2;1;1;1m[48;2;1;1;1m▀[0m   
       [38;2;14;58;65m[48;2;14;58;65m▀[0m[38;2;67;73;83m[48;2;14;58;65m▀[0m[38;2;113;147;191m[48;2;67;73;83m▀[0m[38;2;67;73;83m[48;2;26;100;120m▀[0m[38;2;26;100;120m[48;2;26;100;120m▀[0m[38;2;1;1;1m[48;2;1;1;1m▀[0m         [38;2;1;1;1m▀[38;2;26;100;120m[48;2;14;58;65m▀[0m[38;2;26;100;120m[48;2;14;58;65m▀[0m[38;2;26;100;120m[48;2;14;58;65m▀[0m[38;2;14;58;65m[48;2;26;100;120m▀[0m[38;2;1;1;1m[48;2;1;1;1m▀[0m[38;2;26;100;120m[48;2;26;100;120m▀[0m[38;2;26;100;120m[48;2;26;100;120m▀[0m[38;2;26;100;120m[48;2;26;100;120m▀[0m[38;2;26;100;120m[48;2;26;100;120m▀[0m[38;2;26;100;120m[48;2;14;58;65m▀[0m[38;2;14;58;65m▀     [38;2;14;58;65m▀[38;2;26;100;120m[48;2;14;58;65m▀[0m[38;2;26;100;120m[48;2;26;100;120m▀[0m[38;2;26;100;120m[48;2;26;100;120m▀[0m[38;2;26;100;120m[48;2;26;100;120m▀[0m[38;2;53;157;174m[48;2;53;157;174m▀[0m[38;2;53;157;174m[48;2;1;1;1m▀[0m[38;2;1;1;1m▀   
       [38;2;14;58;65m[48;2;14;58;65m▀[0m[38;2;26;100;120m[48;2;53;157;174m▀[0m[38;2;26;100;120m[48;2;26;100;120m▀[0m[38;2;26;100;120m[48;2;26;100;120m▀[0m[38;2;26;100;120m[48;2;26;100;120m▀[0m[38;2;1;1;1m[48;2;1;1;1m▀[0m          [38;2;14;58;65m[48;2;14;58;65m▀[0m[38;2;26;100;120m[48;2;53;157;174m▀[0m[38;2;26;100;120m[48;2;26;100;120m▀[0m[38;2;26;100;120m[48;2;26;100;120m▀[0m[38;2;1;1;1m[48;2;1;1;1m▀[0m[38;2;26;100;120m[48;2;26;100;120m▀[0m[38;2;26;100;120m[48;2;26;100;120m▀[0m[38;2;26;100;120m[48;2;14;58;65m▀[0m[38;2;14;58;65m[48;2;26;100;120m▀[0m[38;2;14;58;65m[48;2;14;58;65m▀[0m        [38;2;14;58;65m[48;2;14;58;65m▀[0m[38;2;26;100;120m[48;2;26;100;120m▀[0m[38;2;26;100;120m[48;2;26;100;120m▀[0m[38;2;26;100;120m[48;2;14;58;65m▀[0m[38;2;1;1;1m[48;2;26;100;120m▀[0m[38;2;1;1;1m▄   
      [38;2;14;58;65m[48;2;14;58;65m▀[0m[38;2;53;157;174m[48;2;53;157;174m▀[0m[38;2;53;157;174m[48;2;53;157;174m▀[0m[38;2;53;157;174m[48;2;53;157;174m▀[0m[38;2;26;100;120m[48;2;53;157;174m▀[0m[38;2;1;1;1m[48;2;1;1;1m▀[0m           [38;2;14;58;65m[48;2;14;58;65m▀[0m[38;2;53;157;174m[48;2;53;157;174m▀[0m[38;2;53;157;174m[48;2;53;157;174m▀[0m[38;2;26;100;120m[48;2;53;157;174m▀[0m[38;2;1;1;1m[48;2;1;1;1m▀[0m[38;2;14;58;65m[48;2;26;100;120m▀[0m[38;2;14;58;65m[48;2;26;100;120m▀[0m[38;2;26;100;120m[48;2;26;100;120m▀[0m[38;2;26;100;120m[48;2;26;100;120m▀[0m[38;2;14;58;65m[48;2;14;58;65m▀[0m        [38;2;14;58;65m▄[38;2;14;58;65m[48;2;26;100;120m▀[0m[38;2;14;58;65m[48;2;26;100;120m▀[0m[38;2;26;100;120m[48;2;26;100;120m▀[0m[38;2;26;100;120m[48;2;26;100;120m▀[0m[38;2;1;1;1m[48;2;1;1;1m▀[0m   
     [38;2;14;58;65m▄[38;2;14;58;65m[48;2;53;157;174m▀[0m[38;2;53;157;174m[48;2;53;157;174m▀[0m[38;2;53;157;174m[48;2;53;157;174m▀[0m[38;2;53;157;174m[48;2;53;157;174m▀[0m[38;2;53;157;174m[48;2;53;157;174m▀[0m[38;2;1;1;1m[48;2;1;1;1m▀[0m          [38;2;14;58;65m[48;2;14;58;65m▀[0m[38;2;53;157;174m[48;2;53;157;174m▀[0m[38;2;53;157;174m[48;2;53;157;174m▀[0m[38;2;53;157;174m[48;2;53;157;174m▀[0m[38;2;53;157;174m[48;2;53;157;174m▀[0m[38;2;26;100;120m[48;2;53;157;174m▀[0m[38;2;1;1;1m[48;2;1;1;1m▀[0m[38;2;26;100;120m[48;2;26;100;120m▀[0m[38;2;26;100;120m[48;2;26;100;120m▀[0m[38;2;26;100;120m[48;2;26;100;120m▀[0m[38;2;14;58;65m[48;2;14;58;65m▀[0m        [38;2;14;58;65m[48;2;14;58;65m▀[0m[38;2;26;100;120m[48;2;26;100;120m▀[0m[38;2;26;100;120m[48;2;26;100;120m▀[0m[38;2;26;100;120m[48;2;26;100;120m▀[0m[38;2;26;100;120m[48;2;26;100;120m▀[0m[38;2;1;1;1m[48;2;26;100;120m▀[0m[38;2;0;167;174m▄  
   [38;2;0;167;174m▄[38;2;0;167;174m[48;2;98;247;247m▀[0m[38;2;14;58;65m[48;2;0;167;174m▀[0m[38;2;53;157;174m[48;2;53;157;174m▀[0m[38;2;53;157;174m[48;2;53;157;174m▀[0m[38;2;53;157;174m[48;2;53;157;174m▀[0m[38;2;53;157;174m[48;2;0;167;174m▀[0m[38;2;53;157;174m[48;2;0;167;174m▀[0m[38;2;0;167;174m[48;2;98;247;247m▀[0m[38;2;0;167;174m[48;2;98;247;247m▀[0m[38;2;0;167;174m▄       [38;2;0;167;174m▄[38;2;0;167;174m[48;2;98;247;247m▀[0m[38;2;53;157;174m[48;2;53;157;174m▀[0m[38;2;53;157;174m[48;2;53;157;174m▀[0m[38;2;53;157;174m[48;2;53;157;174m▀[0m[38;2;53;157;174m[48;2;53;157;174m▀[0m[38;2;53;157;174m[48;2;0;167;174m▀[0m[38;2;0;167;174m[48;2;98;247;247m▀[0m[38;2;26;100;120m[48;2;0;167;174m▀[0m[38;2;0;167;174m[48;2;98;247;247m▀[0m[38;2;26;100;120m[48;2;0;167;174m▀[0m[38;2;0;167;174m[48;2;98;247;247m▀[0m[38;2;0;167;174m[48;2;0;167;174m▀[0m      [38;2;0;167;174m▄[38;2;0;167;174m[48;2;98;247;247m▀[0m[38;2;26;100;120m[48;2;0;167;174m▀[0m[38;2;26;100;120m[48;2;0;167;174m▀[0m[38;2;26;100;120m[48;2;0;167;174m▀[0m[38;2;26;100;120m[48;2;0;167;174m▀[0m[38;2;0;167;174m[48;2;98;247;247m▀[0m[38;2;98;247;247m[48;2;98;247;247m▀[0m[38;2;0;167;174m[48;2;249;255;255m▀[0m[38;2;0;167;174m▄
   [38;2;0;167;174m[48;2;0;167;174m▀[0m[38;2;98;247;247m[48;2;98;247;247m▀[0m[38;2;249;255;255m[48;2;98;247;247m▀[0m[38;2;0;167;174m[48;2;98;247;247m▀[0m[38;2;0;167;174m[48;2;98;247;247m▀[0m[38;2;0;167;174m[48;2;249;255;255m▀[0m[38;2;98;247;247m[48;2;98;247;247m▀[0m[38;2;98;247;247m[48;2;98;247;247m▀[0m[38;2;98;247;247m[48;2;249;255;255m▀[0m[38;2;98;247;247m[48;2;98;247;247m▀[0m[38;2;0;167;174m[48;2;0;167;174m▀[0m      [38;2;0;167;174m[48;2;0;167;174m▀[0m[38;2;98;247;247m[48;2;98;247;247m▀[0m[38;2;98;247;247m[48;2;249;255;255m▀[0m[38;2;0;167;174m[48;2;98;247;247m▀[0m[38;2;0;167;174m[48;2;98;247;247m▀[0m[38;2;0;167;174m[48;2;249;255;255m▀[0m[38;2;0;167;174m[48;2;98;247;247m▀[0m[38;2;98;247;247m[48;2;98;247;247m▀[0m[38;2;98;247;247m[48;2;98;247;247m▀[0m[38;2;98;247;247m[48;2;98;247;247m▀[0m[38;2;0;167;174m[48;2;0;167;174m▀[0m[38;2;98;247;247m[48;2;98;247;247m▀[0m[38;2;249;255;255m[48;2;98;247;247m▀[0m[38;2;98;247;247m[48;2;98;247;247m▀[0m[38;2;0;167;174m[48;2;0;167;174m▀[0m    [38;2;0;167;174m[48;2;0;167;174m▀[0m[38;2;98;247;247m[48;2;98;247;247m▀[0m[38;2;249;255;255m[48;2;98;247;247m▀[0m[38;2;98;247;247m[48;2;249;255;255m▀[0m[38;2;98;247;247m[48;2;98;247;247m▀[0m[38;2;98;247;247m[48;2;98;247;247m▀[0m[38;2;98;247;247m[48;2;98;247;247m▀[0m[38;2;98;247;247m[48;2;249;255;255m▀[0m[38;2;98;247;247m[48;2;98;247;247m▀[0m[38;2;98;247;247m[48;2;0;167;174m▀[0m[38;2;0;167;174m▀
    [38;2;0;167;174m[48;2;67;73;83m▀[0m[38;2;98;247;247m[48;2;0;167;174m▀[0m[38;2;98;247;247m[48;2;98;247;247m▀[0m[38;2;98;247;247m[48;2;249;255;255m▀[0m[38;2;98;247;247m[48;2;0;167;174m▀[0m[38;2;98;247;247m[48;2;0;167;174m▀[0m[38;2;0;167;174m[48;2;202;208;219m▀[0m[38;2;0;167;174m[48;2;202;208;219m▀[0m[38;2;1;1;1m[48;2;1;1;1m▀[0m       [38;2;0;167;174m▀[38;2;98;247;247m[48;2;0;167;174m▀[0m[38;2;98;247;247m[48;2;0;167;174m▀[0m[38;2;98;247;247m[48;2;249;255;255m▀[0m[38;2;98;247;247m[48;2;98;247;247m▀[0m[38;2;98;247;247m[48;2;98;247;247m▀[0m[38;2;98;247;247m[48;2;0;167;174m▀[0m[38;2;98;247;247m[48;2;0;167;174m▀[0m[38;2;249;255;255m[48;2;0;167;174m▀[0m[38;2;0;167;174m[48;2;1;1;1m▀[0m[38;2;0;167;174m[48;2;134;141;168m▀[0m[38;2;98;247;247m[48;2;0;167;174m▀[0m[38;2;0;167;174m[48;2;0;167;174m▀[0m[38;2;0;167;174m[48;2;67;73;83m▀[0m[38;2;0;167;174m▀     [38;2;0;167;174m[48;2;67;73;83m▀[0m[38;2;0;167;174m[48;2;202;208;219m▀[0m[38;2;98;247;247m[48;2;0;167;174m▀[0m[38;2;98;247;247m[48;2;98;247;247m▀[0m[38;2;98;247;247m[48;2;0;167;174m▀[0m[38;2;0;167;174m[48;2;202;208;219m▀[0m[38;2;0;167;174m[48;2;202;208;219m▀[0m[38;2;0;167;174m[48;2;202;208;219m▀[0m[38;2;1;1;1m[48;2;1;1;1m▀[0m 
   [38;2;67;73;83m[48;2;67;73;83m▀[0m[38;2;202;208;219m[48;2;202;208;219m▀[0m[38;2;0;167;174m[48;2;0;167;174m▀[0m[38;2;98;247;247m[48;2;98;247;247m▀[0m[38;2;0;167;174m[48;2;0;167;174m▀[0m[38;2;202;208;219m[48;2;202;208;219m▀[0m[38;2;202;208;219m[48;2;202;208;219m▀[0m[38;2;202;208;219m[48;2;202;208;219m▀[0m[38;2;202;208;219m[48;2;134;141;168m▀[0m[38;2;1;1;1m[48;2;1;1;1m▀[0m        [38;2;67;73;83m[48;2;67;73;83m▀[0m[38;2;202;208;219m[48;2;202;208;219m▀[0m[38;2;0;167;174m[48;2;0;167;174m▀[0m[38;2;98;247;247m[48;2;98;247;247m▀[0m[38;2;0;167;174m[48;2;0;167;174m▀[0m[38;2;202;208;219m[48;2;202;208;219m▀[0m[38;2;202;208;219m[48;2;202;208;219m▀[0m[38;2;202;208;219m[48;2;202;208;219m▀[0m[38;2;1;1;1m[48;2;1;1;1m▀[0m[38;2;134;141;168m[48;2;134;141;168m▀[0m[38;2;134;141;168m[48;2;134;141;168m▀[0m[38;2;134;141;168m[48;2;134;141;168m▀[0m[38;2;67;73;83m[48;2;67;73;83m▀[0m      [38;2;67;73;83m[48;2;67;73;83m▀[0m[38;2;202;208;219m[48;2;202;208;219m▀[0m[38;2;0;167;174m[48;2;202;208;219m▀[0m[38;2;98;247;247m[48;2;0;167;174m▀[0m[38;2;0;167;174m[48;2;202;208;219m▀[0m[38;2;202;208;219m[48;2;202;208;219m▀[0m[38;2;202;208;219m[48;2;202;208;219m▀[0m[38;2;202;208;219m[48;2;134;141;168m▀[0m[38;2;1;1;1m[48;2;1;1;1m▀[0m 
  [38;2;31;30;28m▄[38;2;67;73;83m[48;2;31;30;28m▀[0m[38;2;202;208;219m[48;2;134;141;168m▀[0m[38;2;202;208;219m[48;2;134;141;168m▀[0m[38;2;0;167;174m[48;2;134;141;168m▀[0m[38;2;202;208;219m[48;2;134;141;168m▀[0m[38;2;202;208;219m[48;2;134;141;168m▀[0m[38;2;134;141;168m[48;2;134;141;168m▀[0m[38;2;134;141;168m[48;2;134;141;168m▀[0m[38;2;134;141;168m[48;2;134;141;168m▀[0m[38;2;1;1;1m[48;2;1;1;1m▀[0m        [38;2;67;73;83m[48;2;67;73;83m▀[0m[38;2;202;208;219m[48;2;134;141;168m▀[0m[38;2;202;208;219m[48;2;202;208;219m▀[0m[38;2;0;167;174m[48;2;202;208;219m▀[0m[38;2;202;208;219m[48;2;202;208;219m▀[0m[38;2;202;208;219m[48;2;134;141;168m▀[0m[38;2;202;208;219m[48;2;134;141;168m▀[0m[38;2;134;141;168m[48;2;134;141;168m▀[0m[38;2;1;1;1m[48;2;1;1;1m▀[0m[38;2;134;141;168m[48;2;134;141;168m▀[0m[38;2;134;141;168m[48;2;134;141;168m▀[0m[38;2;134;141;168m[48;2;134;141;168m▀[0m[38;2;67;73;83m[48;2;67;73;83m▀[0m      [38;2;67;73;83m[48;2;67;73;83m▀[0m[38;2;134;141;168m[48;2;31;30;28m▀[0m[38;2;202;208;219m[48;2;31;30;28m▀[0m[38;2;202;208;219m[48;2;134;141;168m▀[0m[38;2;202;208;219m[48;2;134;141;168m▀[0m[38;2;134;141;168m[48;2;134;141;168m▀[0m[38;2;134;141;168m[48;2;134;141;168m▀[0m[38;2;134;141;168m[48;2;134;141;168m▀[0m[38;2;1;1;1m[48;2;1;1;1m▀[0m 
 [38;2;31;30;28m[48;2;31;30;28m▀[0m[38;2;134;141;168m[48;2;67;73;83m▀[0m[38;2;134;141;168m[48;2;67;73;83m▀[0m[38;2;31;30;28m[48;2;67;73;83m▀[0m[38;2;31;30;28m[48;2;67;73;83m▀[0m[38;2;134;141;168m[48;2;1;1;1m▀[0m[38;2;134;141;168m[48;2;1;1;1m▀[0m[38;2;134;141;168m[48;2;1;1;1m▀[0m[38;2;134;141;168m[48;2;67;73;83m▀[0m[38;2;67;73;83m▀[38;2;1;1;1m▀         [38;2;67;73;83m[48;2;31;30;28m▀[0m[38;2;31;30;28m[48;2;67;73;83m▀[0m[38;2;31;30;28m[48;2;67;73;83m▀[0m[38;2;134;141;168m[48;2;31;30;28m▀[0m[38;2;134;141;168m[48;2;31;30;28m▀[0m[38;2;134;141;168m[48;2;134;141;168m▀[0m[38;2;134;141;168m[48;2;134;141;168m▀[0m[38;2;134;141;168m[48;2;134;141;168m▀[0m[38;2;1;1;1m[48;2;1;1;1m▀[0m[38;2;67;73;83m▀[38;2;67;73;83m▀[38;2;67;73;83m▀      [38;2;1;1;1m▄[38;2;31;30;28m[48;2;134;141;168m▀[0m[38;2;67;73;83m[48;2;134;141;168m▀[0m[38;2;67;73;83m[48;2;67;73;83m▀[0m[38;2;31;30;28m[48;2;67;73;83m▀[0m[38;2;31;30;28m[48;2;67;73;83m▀[0m[38;2;134;141;168m[48;2;67;73;83m▀[0m[38;2;134;141;168m[48;2;134;141;168m▀[0m[38;2;134;141;168m[48;2;134;141;168m▀[0m[38;2;1;1;1m[48;2;1;1;1m▀[0m 
  [38;2;1;1;1m▀[38;2;1;1;1m▀[38;2;1;1;1m▀[38;2;1;1;1m▀              [38;2;31;30;28m[48;2;31;30;28m▀[0m[38;2;134;141;168m[48;2;67;73;83m▀[0m[38;2;134;141;168m[48;2;67;73;83m▀[0m[38;2;67;73;83m[48;2;67;73;83m▀[0m[38;2;67;73;83m[48;2;67;73;83m▀[0m[38;2;67;73;83m[48;2;1;1;1m▀[0m[38;2;67;73;83m[48;2;1;1;1m▀[0m[38;2;1;1;1m▀[38;2;1;1;1m▀          [38;2;1;1;1m▀[38;2;67;73;83m[48;2;1;1;1m▀[0m[38;2;67;73;83m[48;2;1;1;1m▀[0m[38;2;67;73;83m[48;2;1;1;1m▀[0m[38;2;67;73;83m[48;2;1;1;1m▀[0m[38;2;1;1;1m▀[38;2;1;1;1m▀[38;2;1;1;1m▀[38;2;1;1;1m▀  
                     [38;2;1;1;1m▀[38;2;1;1;1m▀[38;2;1;1;1m▀[38;2;1;1;1m▀                         
[0m