      [38;2;129;81;46m▄[38;2;129;81;46m[48;2;251;188;72m▀[0m[38;2;129;81;46m[48;2;251;188;72m▀[0m[38;2;129;81;46m[48;2;251;188;72m▀[0m[38;2;129;81;46m▄[38;2;129;81;46m▄[38;2;129;81;46m▄                                     
     [38;2;129;81;46m▄[38;2;129;81;46m▄[38;2;129;81;46m[48;2;251;188;72m▀[0m[38;2;210;120;30m[48;2;251;188;72m▀[0m[38;2;251;188;72m[48;2;251;188;72m▀[0m[38;2;251;188;72m[48;2;251;188;72m▀[0m[38;2;251;188;72m[48;2;251;188;72m▀[0m[38;2;251;188;72m[48;2;251;188;72m▀[0m[38;2;210;120;30m[48;2;251;188;72m▀[0m[38;2;129;81;46m[48;2;251;188;72m▀[0m[38;2;129;81;46m[48;2;251;188;72m▀[0m[38;2;129;81;46m[48;2;251;188;72m▀[0m[38;2;210;120;30m▄[38;2;129;81;46m▄[38;2;129;81;46m▄[38;2;129;81;46m▄[38;2;129;81;46m▄[38;2;129;81;46m▄[38;2;129;81;46m▄[38;2;129;81;46m▄                         
   [38;2;15;15;15m▄[38;2;129;81;46m[48;2;251;188;72m▀[0m[38;2;251;188;72m[48;2;251;188;72m▀[0m[38;2;251;188;72m[48;2;210;120;30m▀[0m[38;2;251;188;72m[48;2;210;120;30m▀[0m[38;2;251;188;72m[48;2;251;188;72m▀[0m[38;2;251;188;72m[48;2;251;188;72m▀[0m[38;2;251;188;72m[48;2;251;188;72m▀[0m[38;2;251;188;72m[48;2;251;188;72m▀[0m[38;2;251;188;72m[48;2;129;81;46m▀[0m[38;2;210;120;30m[48;2;129;81;46m▀[0m[38;2;129;81;46m[48;2;195;115;112m▀[0m[38;2;129;81;46m[48;2;195;115;112m▀[0m[38;2;129;81;46m[48;2;195;115;112m▀[0m[38;2;251;188;72m[48;2;94;48;47m▀[0m[38;2;251;188;72m[48;2;94;48;47m▀[0m[38;2;251;188;72m[48;2;94;48;47m▀[0m[38;2;251;188;72m[48;2;210;120;30m▀[0m[38;2;251;188;72m[48;2;251;188;72m▀[0m[38;2;251;188;72m[48;2;251;188;72m▀[0m[38;2;251;188;72m[48;2;251;188;72m▀[0m[38;2;251;188;72m[48;2;251;188;72m▀[0m[38;2;210;120;30m[48;2;251;188;72m▀[0m[38;2;129;81;46m[48;2;251;188;72m▀[0m[38;2;129;81;46m[48;2;251;188;72m▀[0m[38;2;129;81;46m[48;2;251;188;72m▀[0m[38;2;129;81;46m[48;2;251;188;72m▀[0m[38;2;129;81;46m[48;2;251;188;72m▀[0m[38;2;129;81;46m[48;2;251;188;72m▀[0m[38;2;210;120;30m▄[38;2;129;81;46m▄[38;2;129;81;46m▄               
   [38;2;129;81;46m▄[38;2;15;15;15m[48;2;251;188;72m▀[0m[38;2;210;120;30m[48;2;251;188;72m▀[0m[38;2;251;188;72m[48;2;251;188;72m▀[0m[38;2;251;188;72m[48;2;251;188;72m▀[0m[38;2;251;188;72m[48;2;251;188;72m▀[0m[38;2;251;188;72m[48;2;129;81;46m▀[0m[38;2;129;81;46m[48;2;195;115;112m▀[0m[38;2;129;81;46m[48;2;195;115;112m▀[0m[38;2;195;115;112m[48;2;195;115;112m▀[0m[38;2;195;115;112m[48;2;195;115;112m▀[0m[38;2;195;115;112m[48;2;94;48;47m▀[0m[38;2;195;115;112m[48;2;195;115;112m▀[0m[38;2;195;115;112m[48;2;195;115;112m▀[0m[38;2;195;115;112m[48;2;195;115;112m▀[0m[38;2;195;115;112m[48;2;195;115;112m▀[0m[38;2;195;115;112m[48;2;195;115;112m▀[0m[38;2;94;48;47m[48;2;195;115;112m▀[0m[38;2;94;48;47m[48;2;195;115;112m▀[0m[38;2;129;81;46m[48;2;94;48;47m▀[0m[38;2;129;81;46m[48;2;195;115;112m▀[0m[38;2;210;120;30m[48;2;129;81;46m▀[0m[38;2;251;188;72m[48;2;129;81;46m▀[0m[38;2;251;188;72m[48;2;129;81;46m▀[0m[38;2;251;188;72m[48;2;251;188;72m▀[0m[38;2;251;188;72m[48;2;251;188;72m▀[0m[38;2;129;81;46m[48;2;251;188;72m▀[0m[38;2;129;81;46m[48;2;210;120;30m▀[0m[38;2;251;188;72m[48;2;129;81;46m▀[0m[38;2;251;188;72m[48;2;129;81;46m▀[0m[38;2;251;188;72m[48;2;129;81;46m▀[0m[38;2;251;188;72m[48;2;129;81;46m▀[0m[38;2;129;81;46m[48;2;195;115;112m▀[0m[38;2;51;27;26m▄[38;2;51;27;26m▄[38;2;129;81;46m▄           
  [38;2;129;81;46m[48;2;129;81;46m▀[0m[38;2;251;188;72m[48;2;251;188;72m▀[0m[38;2;210;120;30m[48;2;210;120;30m▀[0m[38;2;251;188;72m[48;2;251;188;72m▀[0m[38;2;210;120;30m[48;2;210;120;30m▀[0m[38;2;251;188;72m[48;2;129;81;46m▀[0m[38;2;129;81;46m[48;2;195;115;112m▀[0m[38;2;195;115;112m[48;2;195;115;112m▀[0m[38;2;195;115;112m[48;2;195;115;112m▀[0m[38;2;195;115;112m[48;2;195;115;112m▀[0m[38;2;195;115;112m[48;2;195;115;112m▀[0m[38;2;195;115;112m[48;2;195;115;112m▀[0m[38;2;195;115;112m[48;2;195;115;112m▀[0m[38;2;94;48;47m[48;2;128;74;72m▀[0m[38;2;195;115;112m[48;2;94;48;47m▀[0m[38;2;195;115;112m[48;2;195;115;112m▀[0m[38;2;195;115;112m[48;2;195;115;112m▀[0m[38;2;195;115;112m[48;2;195;115;112m▀[0m[38;2;195;115;112m[48;2;195;115;112m▀[0m[38;2;195;115;112m[48;2;195;115;112m▀[0m[38;2;195;115;112m[48;2;195;115;112m▀[0m[38;2;94;48;47m[48;2;94;48;47m▀[0m[38;2;195;115;112m[48;2;195;115;112m▀[0m[38;2;195;115;112m[48;2;195;115;112m▀[0m[38;2;195;115;112m[48;2;195;115;112m▀[0m[38;2;129;81;46m[48;2;195;115;112m▀[0m[38;2;129;81;46m[48;2;195;115;112m▀[0m[38;2;251;188;72m[48;2;129;81;46m▀[0m[38;2;251;188;72m[48;2;129;81;46m▀[0m[38;2;210;120;30m[48;2;251;188;72m▀[0m[38;2;195;115;112m[48;2;129;81;46m▀[0m[38;2;195;115;112m[48;2;195;115;112m▀[0m[38;2;195;115;112m[48;2;195;115;112m▀[0m[38;2;195;115;112m[48;2;195;115;112m▀[0m[38;2;195;115;112m[48;2;195;115;112m▀[0m[38;2;128;74;72m[48;2;195;115;112m▀[0m[38;2;51;27;26m[48;2;128;74;72m▀[0m[38;2;129;81;46m[48;2;51;27;26m▀[0m[38;2;129;81;46m[48;2;251;188;72m▀[0m[38;2;210;120;30m▄[38;2;129;81;46m▄[38;2;129;81;46m▄      
  [38;2;51;27;26m▄[38;2;15;15;15m[48;2;195;115;112m▀[0m[38;2;129;81;46m[48;2;15;15;15m▀[0m[38;2;251;188;72m[48;2;210;120;30m▀[0m[38;2;129;81;46m[48;2;129;81;46m▀[0m[38;2;195;115;112m[48;2;195;115;112m▀[0m[38;2;195;115;112m[48;2;195;115;112m▀[0m[38;2;195;115;112m[48;2;195;115;112m▀[0m[38;2;195;115;112m[48;2;195;115;112m▀[0m[38;2;195;115;112m[48;2;195;115;112m▀[0m[38;2;195;115;112m[48;2;195;115;112m▀[0m[38;2;195;115;112m[48;2;195;115;112m▀[0m[38;2;195;115;112m[48;2;128;74;72m▀[0m[38;2;94;48;47m[48;2;94;48;47m▀[0m[38;2;195;115;112m[48;2;195;115;112m▀[0m[38;2;94;48;47m[48;2;195;115;112m▀[0m[38;2;195;115;112m[48;2;94;48;47m▀[0m[38;2;195;115;112m[48;2;195;115;112m▀[0m[38;2;195;115;112m[48;2;195;115;112m▀[0m[38;2;195;115;112m[48;2;195;115;112m▀[0m[38;2;195;115;112m[48;2;195;115;112m▀[0m[38;2;195;115;112m[48;2;195;115;112m▀[0m[38;2;51;27;26m[48;2;51;27;26m▀[0m[38;2;195;115;112m[48;2;195;115;112m▀[0m[38;2;195;115;112m[48;2;195;115;112m▀[0m[38;2;195;115;112m[48;2;195;115;112m▀[0m[38;2;195;115;112m[48;2;195;115;112m▀[0m[38;2;195;115;112m[48;2;195;115;112m▀[0m[38;2;195;115;112m[48;2;195;115;112m▀[0m[38;2;129;81;46m[48;2;195;115;112m▀[0m[38;2;251;188;72m[48;2;129;81;46m▀[0m[38;2;129;81;46m[48;2;129;81;46m▀[0m[38;2;195;115;112m[48;2;195;115;112m▀[0m[38;2;195;115;112m[48;2;195;115;112m▀[0m[38;2;195;115;112m[48;2;195;115;112m▀[0m[38;2;195;115;112m[48;2;195;115;112m▀[0m[38;2;128;74;72m[48;2;195;115;112m▀[0m[38;2;128;74;72m[48;2;128;74;72m▀[0m[38;2;51;27;26m[48;2;128;74;72m▀[0m[38;2;251;188;72m[48;2;15;15;15m▀[0m[38;2;251;188;72m[48;2;251;188;72m▀[0m[38;2;251;188;72m[48;2;251;188;72m▀[0m[38;2;210;120;30m[48;2;251;188;72m▀[0m[38;2;129;81;46m[48;2;251;188;72m▀[0m[38;2;129;81;46m[48;2;251;188;72m▀[0m[38;2;129;81;46m[48;2;251;188;72m▀[0m[38;2;129;81;46m[48;2;251;188;72m▀[0m[38;2;129;81;46m[48;2;15;15;15m▀[0m
 [38;2;51;27;26m[48;2;51;27;26m▀[0m[38;2;195;115;112m[48;2;195;115;112m▀[0m[38;2;195;115;112m[48;2;195;115;112m▀[0m[38;2;195;115;112m[48;2;195;115;112m▀[0m[38;2;51;27;26m[48;2;195;115;112m▀[0m[38;2;195;115;112m[48;2;195;115;112m▀[0m[38;2;195;115;112m[48;2;195;115;112m▀[0m[38;2;94;48;47m[48;2;195;115;112m▀[0m[38;2;195;115;112m[48;2;94;48;47m▀[0m[38;2;195;115;112m[48;2;94;48;47m▀[0m[38;2;195;115;112m[48;2;94;48;47m▀[0m[38;2;195;115;112m[48;2;94;48;47m▀[0m[38;2;94;48;47m[48;2;195;115;112m▀[0m[38;2;94;48;47m[48;2;195;115;112m▀[0m[38;2;195;115;112m[48;2;195;115;112m▀[0m[38;2;195;115;112m[48;2;195;115;112m▀[0m[38;2;195;115;112m[48;2;195;115;112m▀[0m[38;2;195;115;112m[48;2;195;115;112m▀[0m[38;2;94;48;47m[48;2;195;115;112m▀[0m[38;2;128;74;72m[48;2;51;27;26m▀[0m[38;2;195;115;112m[48;2;51;27;26m▀[0m[38;2;195;115;112m[48;2;195;115;112m▀[0m[38;2;195;115;112m[48;2;195;115;112m▀[0m[38;2;51;27;26m[48;2;51;27;26m▀[0m[38;2;195;115;112m[48;2;128;74;72m▀[0m[38;2;195;115;112m[48;2;195;115;112m▀[0m[38;2;195;115;112m[48;2;195;115;112m▀[0m[38;2;195;115;112m[48;2;195;115;112m▀[0m[38;2;195;115;112m[48;2;195;115;112m▀[0m[38;2;195;115;112m[48;2;195;115;112m▀[0m[38;2;195;115;112m[48;2;195;115;112m▀[0m[38;2;195;115;112m[48;2;195;115;112m▀[0m[38;2;195;115;112m[48;2;195;115;112m▀[0m[38;2;195;115;112m[48;2;195;115;112m▀[0m[38;2;195;115;112m[48;2;195;115;112m▀[0m[38;2;195;115;112m[48;2;195;115;112m▀[0m[38;2;195;115;112m[48;2;195;115;112m▀[0m[38;2;195;115;112m[48;2;195;115;112m▀[0m[38;2;128;74;72m[48;2;128;74;72m▀[0m[38;2;128;74;72m[48;2;128;74;72m▀[0m[38;2;51;27;26m[48;2;128;74;72m▀[0m[38;2;210;120;30m[48;2;15;15;15m▀[0m[38;2;210;120;30m[48;2;210;120;30m▀[0m[38;2;251;188;72m[48;2;129;81;46m▀[0m[38;2;251;188;72m[48;2;251;188;72m▀[0m[38;2;129;81;46m[48;2;251;188;72m▀[0m[38;2;129;81;46m[48;2;15;15;15m▀[0m[38;2;15;15;15m▀ 
[38;2;51;27;26m▄[38;2;51;27;26m[48;2;128;74;72m▀[0m[38;2;195;115;112m[48;2;94;48;47m▀[0m[38;2;195;115;112m[48;2;15;15;15m▀[0m[38;2;94;48;47m[48;2;94;48;47m▀[0m[38;2;195;115;112m[48;2;195;115;112m▀[0m[38;2;128;74;72m[48;2;38;30;35m▀[0m[38;2;195;115;112m[48;2;38;30;35m▀[0m[38;2;195;115;112m[48;2;195;115;112m▀[0m[38;2;15;15;15m[48;2;128;74;72m▀[0m[38;2;212;212;212m[48;2;15;15;15m▀[0m[38;2;15;15;15m[48;2;128;74;72m▀[0m[38;2;128;74;72m[48;2;195;115;112m▀[0m[38;2;195;115;112m[48;2;38;30;35m▀[0m[38;2;128;74;72m[48;2;38;30;35m▀[0m[38;2;38;30;35m[48;2;112;86;103m▀[0m[38;2;38;30;35m[48;2;112;86;103m▀[0m[38;2;38;30;35m[48;2;112;86;103m▀[0m[38;2;38;30;35m[48;2;112;86;103m▀[0m[38;2;38;30;35m[48;2;112;86;103m▀[0m[38;2;128;74;72m[48;2;38;30;35m▀[0m[38;2;128;74;72m[48;2;128;74;72m▀[0m[38;2;51;27;26m[48;2;128;74;72m▀[0m[38;2;51;27;26m[48;2;128;74;72m▀[0m[38;2;128;74;72m[48;2;128;74;72m▀[0m[38;2;128;74;72m[48;2;128;74;72m▀[0m[38;2;195;115;112m[48;2;128;74;72m▀[0m[38;2;195;115;112m[48;2;195;115;112m▀[0m[38;2;195;115;112m[48;2;195;115;112m▀[0m[38;2;195;115;112m[48;2;195;115;112m▀[0m[38;2;195;115;112m[48;2;195;115;112m▀[0m[38;2;195;115;112m[48;2;195;115;112m▀[0m[38;2;195;115;112m[48;2;195;115;112m▀[0m[38;2;128;74;72m[48;2;128;74;72m▀[0m[38;2;195;115;112m[48;2;195;115;112m▀[0m[38;2;195;115;112m[48;2;195;115;112m▀[0m[38;2;195;115;112m[48;2;195;115;112m▀[0m[38;2;195;115;112m[48;2;195;115;112m▀[0m[38;2;195;115;112m[48;2;128;74;72m▀[0m[38;2;128;74;72m[48;2;94;48;47m▀[0m[38;2;128;74;72m[48;2;128;74;72m▀[0m[38;2;128;74;72m[48;2;128;74;72m▀[0m[38;2;51;27;26m[48;2;128;74;72m▀[0m[38;2;210;120;30m[48;2;15;15;15m▀[0m[38;2;210;120;30m[48;2;210;120;30m▀[0m[38;2;129;81;46m[48;2;129;81;46m▀[0m[38;2;210;120;30m[48;2;129;81;46m▀[0m[38;2;251;188;72m[48;2;129;81;46m▀[0m[38;2;15;15;15m▀ 
[38;2;51;27;26m[48;2;51;27;26m▀[0m[38;2;128;74;72m[48;2;128;74;72m▀[0m[38;2;15;15;15m[48;2;128;74;72m▀[0m[38;2;212;212;212m[48;2;15;15;15m▀[0m[38;2;15;15;15m[48;2;38;30;35m▀[0m[38;2;38;30;35m[48;2;112;86;103m▀[0m[38;2;112;86;103m[48;2;112;86;103m▀[0m[38;2;112;86;103m[48;2;112;86;103m▀[0m[38;2;38;30;35m[48;2;112;86;103m▀[0m[38;2;195;115;112m[48;2;38;30;35m▀[0m[38;2;195;115;112m[48;2;38;30;35m▀[0m[38;2;38;30;35m[48;2;112;86;103m▀[0m[38;2;38;30;35m[48;2;112;86;103m▀[0m[38;2;112;86;103m[48;2;112;86;103m▀[0m[38;2;112;86;103m[48;2;112;86;103m▀[0m[38;2;112;86;103m[48;2;112;86;103m▀[0m[38;2;112;86;103m[48;2;112;86;103m▀[0m[38;2;112;86;103m[48;2;15;15;15m▀[0m[38;2;112;86;103m[48;2;15;15;15m▀[0m[38;2;112;86;103m[48;2;15;15;15m▀[0m[38;2;112;86;103m[48;2;112;86;103m▀[0m[38;2;38;30;35m[48;2;69;53;64m▀[0m[38;2;128;74;72m[48;2;15;15;15m▀[0m[38;2;128;74;72m[48;2;128;74;72m▀[0m[38;2;128;74;72m[48;2;128;74;72m▀[0m[38;2;128;74;72m[48;2;128;74;72m▀[0m[38;2;128;74;72m[48;2;94;48;47m▀[0m[38;2;195;115;112m[48;2;195;115;112m▀[0m[38;2;195;115;112m[48;2;195;115;112m▀[0m[38;2;195;115;112m[48;2;195;115;112m▀[0m[38;2;195;115;112m[48;2;195;115;112m▀[0m[38;2;195;115;112m[48;2;195;115;112m▀[0m[38;2;195;115;112m[48;2;195;115;112m▀[0m[38;2;195;115;112m[48;2;195;115;112m▀[0m[38;2;94;48;47m[48;2;94;48;47m▀[0m[38;2;195;115;112m[48;2;195;115;112m▀[0m[38;2;195;115;112m[48;2;128;74;72m▀[0m[38;2;195;115;112m[48;2;69;53;64m▀[0m[38;2;128;74;72m[48;2;51;27;26m▀[0m[38;2;94;48;47m[48;2;128;74;72m▀[0m[38;2;128;74;72m[48;2;128;74;72m▀[0m[38;2;128;74;72m[48;2;128;74;72m▀[0m[38;2;128;74;72m[48;2;128;74;72m▀[0m[38;2;15;15;15m[48;2;15;15;15m▀[0m[38;2;129;81;46m▀     
 [38;2;51;27;26m▀[38;2;128;74;72m[48;2;15;15;15m▀[0m[38;2;38;30;35m[48;2;240;100;40m▀[0m[38;2;38;30;35m[48;2;240;100;40m▀[0m[38;2;38;30;35m[48;2;240;100;40m▀[0m[38;2;112;86;103m[48;2;38;30;35m▀[0m[38;2;112;86;103m[48;2;112;86;103m▀[0m[38;2;69;53;64m[48;2;112;86;103m▀[0m[38;2;112;86;103m[48;2;112;86;103m▀[0m[38;2;112;86;103m[48;2;112;86;103m▀[0m[38;2;112;86;103m[48;2;112;86;103m▀[0m[38;2;112;86;103m[48;2;112;86;103m▀[0m[38;2;112;86;103m[48;2;112;86;103m▀[0m[38;2;112;86;103m[48;2;15;15;15m▀[0m[38;2;15;15;15m[48;2;116;114;116m▀[0m[38;2;15;15;15m[48;2;212;212;212m▀[0m[38;2;212;212;212m[48;2;116;114;116m▀[0m[38;2;212;212;212m[48;2;212;212;212m▀[0m[38;2;116;114;116m[48;2;212;212;212m▀[0m[38;2;15;15;15m[48;2;15;15;15m▀[0m[38;2;69;53;64m[48;2;69;53;64m▀[0m[38;2;15;15;15m[48;2;15;15;15m▀[0m[38;2;128;74;72m[48;2;128;74;72m▀[0m[38;2;128;74;72m[48;2;128;74;72m▀[0m[38;2;128;74;72m[48;2;128;74;72m▀[0m[38;2;51;27;26m[48;2;51;27;26m▀[0m[38;2;128;74;72m[48;2;69;53;64m▀[0m[38;2;195;115;112m[48;2;94;48;47m▀[0m[38;2;195;115;112m[48;2;195;115;112m▀[0m[38;2;195;115;112m[48;2;195;115;112m▀[0m[38;2;195;115;112m[48;2;195;115;112m▀[0m[38;2;195;115;112m[48;2;195;115;112m▀[0m[38;2;195;115;112m[48;2;195;115;112m▀[0m[38;2;128;74;72m[48;2;195;115;112m▀[0m[38;2;51;27;26m[48;2;51;27;26m▀[0m[38;2;69;53;64m[48;2;69;53;64m▀[0m[38;2;69;53;64m[48;2;51;27;26m▀[0m[38;2;51;27;26m[48;2;128;74;72m▀[0m[38;2;128;74;72m[48;2;128;74;72m▀[0m[38;2;128;74;72m[48;2;128;74;72m▀[0m[38;2;128;74;72m[48;2;128;74;72m▀[0m[38;2;128;74;72m[48;2;128;74;72m▀[0m[38;2;51;27;26m[48;2;128;74;72m▀[0m[38;2;15;15;15m▄     
 [38;2;15;15;15m[48;2;15;15;15m▀[0m[38;2;240;100;40m[48;2;38;30;35m▀[0m[38;2;240;100;40m[48;2;240;100;40m▀[0m[38;2;240;100;40m[48;2;240;100;40m▀[0m[38;2;240;100;40m[48;2;38;30;35m▀[0m[38;2;38;30;35m[48;2;112;86;103m▀[0m[38;2;112;86;103m[48;2;112;86;103m▀[0m[38;2;112;86;103m[48;2;112;86;103m▀[0m[38;2;112;86;103m[48;2;112;86;103m▀[0m[38;2;112;86;103m[48;2;112;86;103m▀[0m[38;2;112;86;103m[48;2;112;86;103m▀[0m[38;2;112;86;103m[48;2;15;15;15m▀[0m[38;2;15;15;15m[48;2;212;212;212m▀[0m[38;2;212;212;212m[48;2;212;212;212m▀[0m[38;2;116;114;116m[48;2;116;114;116m▀[0m[38;2;212;212;212m[48;2;212;212;212m▀[0m[38;2;212;212;212m[48;2;212;212;212m▀[0m[38;2;116;114;116m[48;2;116;114;116m▀[0m[38;2;212;212;212m[48;2;15;15;15m▀[0m[38;2;15;15;15m[48;2;69;53;64m▀[0m[38;2;69;53;64m[48;2;15;15;15m▀[0m[38;2;15;15;15m[48;2;128;74;72m▀[0m[38;2;128;74;72m[48;2;128;74;72m▀[0m[38;2;128;74;72m[48;2;128;74;72m▀[0m[38;2;94;48;47m[48;2;15;15;15m▀[0m[38;2;51;27;26m[48;2;69;53;64m▀[0m[38;2;69;53;64m[48;2;51;27;26m▀[0m[38;2;94;48;47m[48;2;128;74;72m▀[0m[38;2;195;115;112m[48;2;195;115;112m▀[0m[38;2;195;115;112m[48;2;195;115;112m▀[0m[38;2;195;115;112m[48;2;195;115;112m▀[0m[38;2;195;115;112m[48;2;195;115;112m▀[0m[38;2;195;115;112m[48;2;195;115;112m▀[0m[38;2;195;115;112m[48;2;195;115;112m▀[0m[38;2;51;27;26m[48;2;195;115;112m▀[0m[38;2;69;53;64m[48;2;15;15;15m▀[0m[38;2;51;27;26m[48;2;128;74;72m▀[0m[38;2;128;74;72m[48;2;128;74;72m▀[0m[38;2;128;74;72m[48;2;128;74;72m▀[0m[38;2;128;74;72m[48;2;128;74;72m▀[0m[38;2;128;74;72m[48;2;128;74;72m▀[0m[38;2;128;74;72m[48;2;128;74;72m▀[0m[38;2;128;74;72m[48;2;128;74;72m▀[0m[38;2;15;15;15m[48;2;15;15;15m▀[0m     
 [38;2;15;15;15m[48;2;15;15;15m▀[0m[38;2;69;53;64m[48;2;69;53;64m▀[0m[38;2;38;30;35m[48;2;69;53;64m▀[0m[38;2;38;30;35m[48;2;69;53;64m▀[0m[38;2;112;86;103m[48;2;38;30;35m▀[0m[38;2;112;86;103m[48;2;112;86;103m▀[0m[38;2;112;86;103m[48;2;112;86;103m▀[0m[38;2;112;86;103m[48;2;112;86;103m▀[0m[38;2;112;86;103m[48;2;15;15;15m▀[0m[38;2;112;86;103m[48;2;15;15;15m▀[0m[38;2;15;15;15m[48;2;69;53;64m▀[0m[38;2;212;212;212m[48;2;38;30;35m▀[0m[38;2;116;114;116m[48;2;38;30;35m▀[0m[38;2;212;212;212m[48;2;38;30;35m▀[0m[38;2;116;114;116m[48;2;38;30;35m▀[0m[38;2;212;212;212m[48;2;38;30;35m▀[0m[38;2;38;30;35m[48;2;69;53;64m▀[0m[38;2;38;30;35m[48;2;69;53;64m▀[0m[38;2;69;53;64m[48;2;15;15;15m▀[0m[38;2;15;15;15m[48;2;128;74;72m▀[0m[38;2;128;74;72m[48;2;128;74;72m▀[0m[38;2;128;74;72m[48;2;128;74;72m▀[0m[38;2;128;74;72m[48;2;128;74;72m▀[0m[38;2;94;48;47m[48;2;15;15;15m▀[0m[38;2;15;15;15m[48;2;69;53;64m▀[0m[38;2;69;53;64m[48;2;38;30;35m▀[0m[38;2;51;27;26m[48;2;51;27;26m▀[0m[38;2;195;115;112m[48;2;195;115;112m▀[0m[38;2;195;115;112m[48;2;195;115;112m▀[0m[38;2;195;115;112m[48;2;195;115;112m▀[0m[38;2;195;115;112m[48;2;195;115;112m▀[0m[38;2;195;115;112m[48;2;195;115;112m▀[0m[38;2;195;115;112m[48;2;195;115;112m▀[0m[38;2;195;115;112m[48;2;195;115;112m▀[0m[38;2;195;115;112m[48;2;195;115;112m▀[0m[38;2;15;15;15m[48;2;15;15;15m▀[0m[38;2;128;74;72m[48;2;128;74;72m▀[0m[38;2;128;74;72m[48;2;128;74;72m▀[0m[38;2;128;74;72m[48;2;128;74;72m▀[0m[38;2;128;74;72m[48;2;128;74;72m▀[0m[38;2;128;74;72m[48;2;128;74;72m▀[0m[38;2;128;74;72m[48;2;128;74;72m▀[0m[38;2;128;74;72m[48;2;128;74;72m▀[0m[38;2;15;15;15m[48;2;15;15;15m▀[0m     
  [38;2;15;15;15m▀[38;2;69;53;64m[48;2;15;15;15m▀[0m[38;2;69;53;64m[48;2;15;15;15m▀[0m[38;2;69;53;64m[48;2;15;15;15m▀[0m[38;2;38;30;35m[48;2;15;15;15m▀[0m[38;2;15;15;15m[48;2;69;53;64m▀[0m[38;2;15;15;15m[48;2;38;30;35m▀[0m[38;2;38;30;35m[48;2;69;53;64m▀[0m[38;2;69;53;64m[48;2;38;30;35m▀[0m[38;2;69;53;64m[48;2;69;53;64m▀[0m[38;2;69;53;64m[48;2;69;53;64m▀[0m[38;2;69;53;64m[48;2;69;53;64m▀[0m[38;2;69;53;64m[48;2;69;53;64m▀[0m[38;2;69;53;64m[48;2;69;53;64m▀[0m[38;2;69;53;64m[48;2;38;30;35m▀[0m[38;2;69;53;64m[48;2;15;15;15m▀[0m[38;2;15;15;15m[48;2;128;74;72m▀[0m[38;2;128;74;72m[48;2;128;74;72m▀[0m[38;2;128;74;72m[48;2;128;74;72m▀[0m[38;2;128;74;72m[48;2;128;74;72m▀[0m[38;2;128;74;72m[48;2;15;15;15m▀[0m[38;2;15;15;15m[48;2;94;48;47m▀[0m[38;2;38;30;35m[48;2;94;48;47m▀[0m[38;2;38;30;35m[48;2;94;48;47m▀[0m[38;2;94;48;47m[48;2;15;15;15m▀[0m[38;2;51;27;26m[48;2;195;115;112m▀[0m[38;2;195;115;112m[48;2;195;115;112m▀[0m[38;2;195;115;112m[48;2;195;115;112m▀[0m[38;2;195;115;112m[48;2;195;115;112m▀[0m[38;2;195;115;112m[48;2;195;115;112m▀[0m[38;2;195;115;112m[48;2;195;115;112m▀[0m[38;2;195;115;112m[48;2;195;115;112m▀[0m[38;2;195;115;112m[48;2;195;115;112m▀[0m[38;2;15;15;15m[48;2;15;15;15m▀[0m [38;2;51;27;26m▀[38;2;128;74;72m[48;2;51;27;26m▀[0m[38;2;128;74;72m[48;2;51;27;26m▀[0m[38;2;128;74;72m[48;2;94;48;47m▀[0m[38;2;128;74;72m[48;2;94;48;47m▀[0m[38;2;128;74;72m[48;2;128;74;72m▀[0m[38;2;128;74;72m[48;2;128;74;72m▀[0m[38;2;51;27;26m[48;2;128;74;72m▀[0m[38;2;51;27;26m▄    
   [38;2;51;27;26m▄[38;2;51;27;26m[48;2;128;74;72m▀[0m[38;2;128;74;72m[48;2;128;74;72m▀[0m[38;2;128;74;72m[48;2;128;74;72m▀[0m[38;2;15;15;15m[48;2;128;74;72m▀[0m[38;2;15;15;15m[48;2;128;74;72m▀[0m[38;2;69;53;64m[48;2;15;15;15m▀[0m[38;2;69;53;64m[48;2;15;15;15m▀[0m[38;2;69;53;64m[48;2;15;15;15m▀[0m[38;2;69;53;64m[48;2;15;15;15m▀[0m[38;2;69;53;64m[48;2;15;15;15m▀[0m[38;2;38;30;35m[48;2;128;74;72m▀[0m[38;2;15;15;15m[48;2;128;74;72m▀[0m[38;2;128;74;72m[48;2;128;74;72m▀[0m[38;2;128;74;72m[48;2;128;74;72m▀[0m[38;2;128;74;72m[48;2;94;48;47m▀[0m[38;2;128;74;72m[48;2;15;15;15m▀[0m[38;2;94;48;47m[48;2;15;15;15m▀[0m[38;2;15;15;15m[48;2;51;27;26m▀[0m[38;2;94;48;47m[48;2;94;48;47m▀[0m[38;2;51;27;26m[48;2;51;27;26m▀[0m[38;2;94;48;47m[48;2;94;48;47m▀[0m[38;2;51;27;26m[48;2;51;27;26m▀[0m[38;2;15;15;15m[48;2;15;15;15m▀[0m[38;2;195;115;112m[48;2;128;74;72m▀[0m[38;2;195;115;112m[48;2;195;115;112m▀[0m[38;2;195;115;112m[48;2;195;115;112m▀[0m[38;2;195;115;112m[48;2;195;115;112m▀[0m[38;2;195;115;112m[48;2;195;115;112m▀[0m[38;2;195;115;112m[48;2;195;115;112m▀[0m[38;2;195;115;112m[48;2;195;115;112m▀[0m[38;2;195;115;112m[48;2;15;15;15m▀[0m[38;2;15;15;15m▀  [38;2;51;27;26m▄[38;2;51;27;26m[48;2;94;48;47m▀[0m[38;2;128;74;72m[48;2;128;74;72m▀[0m[38;2;128;74;72m[48;2;94;48;47m▀[0m[38;2;128;74;72m[48;2;128;74;72m▀[0m[38;2;128;74;72m[48;2;94;48;47m▀[0m[38;2;128;74;72m[48;2;128;74;72m▀[0m[38;2;15;15;15m[48;2;15;15;15m▀[0m    
 [38;2;51;27;26m▄[38;2;51;27;26m[48;2;128;74;72m▀[0m[38;2;128;74;72m[48;2;128;74;72m▀[0m[38;2;128;74;72m[48;2;128;74;72m▀[0m[38;2;128;74;72m[48;2;128;74;72m▀[0m[38;2;128;74;72m[48;2;128;74;72m▀[0m[38;2;128;74;72m[48;2;128;74;72m▀[0m[38;2;128;74;72m[48;2;128;74;72m▀[0m[38;2;128;74;72m[48;2;128;74;72m▀[0m[38;2;128;74;72m[48;2;15;15;15m▀[0m[38;2;15;15;15m▀  [38;2;15;15;15m▀[38;2;15;15;15m▀[38;2;15;15;15m▀[38;2;15;15;15m▀[38;2;15;15;15m▀  [38;2;51;27;26m▀[38;2;51;27;26m▀[38;2;51;27;26m▀[38;2;51;27;26m▀[38;2;51;27;26m▄[38;2;51;27;26m[48;2;128;74;72m▀[0m[38;2;94;48;47m[48;2;195;115;112m▀[0m[38;2;94;48;47m[48;2;195;115;112m▀[0m[38;2;128;74;72m[48;2;195;115;112m▀[0m[38;2;195;115;112m[48;2;195;115;112m▀[0m[38;2;195;115;112m[48;2;195;115;112m▀[0m[38;2;195;115;112m[48;2;195;115;112m▀[0m[38;2;195;115;112m[48;2;195;115;112m▀[0m[38;2;15;15;15m[48;2;15;15;15m▀[0m   [38;2;51;27;26m▀[38;2;94;48;47m[48;2;15;15;15m▀[0m[38;2;128;74;72m[48;2;15;15;15m▀[0m[38;2;94;48;47m[48;2;15;15;15m▀[0m[38;2;128;74;72m[48;2;15;15;15m▀[0m[38;2;94;48;47m[48;2;15;15;15m▀[0m[38;2;15;15;15m▀     
 [38;2;51;27;26m[48;2;51;27;26m▀[0m[38;2;94;48;47m[48;2;94;48;47m▀[0m[38;2;128;74;72m[48;2;128;74;72m▀[0m[38;2;94;48;47m[48;2;94;48;47m▀[0m[38;2;128;74;72m[48;2;128;74;72m▀[0m[38;2;94;48;47m[48;2;94;48;47m▀[0m[38;2;128;74;72m[48;2;128;74;72m▀[0m[38;2;128;74;72m[48;2;15;15;15m▀[0m[38;2;128;74;72m[48;2;15;15;15m▀[0m[38;2;15;15;15m▀             [38;2;51;27;26m[48;2;51;27;26m▀[0m[38;2;195;115;112m[48;2;195;115;112m▀[0m[38;2;195;115;112m[48;2;94;48;47m▀[0m[38;2;128;74;72m[48;2;195;115;112m▀[0m[38;2;195;115;112m[48;2;195;115;112m▀[0m[38;2;195;115;112m[48;2;94;48;47m▀[0m[38;2;195;115;112m[48;2;195;115;112m▀[0m[38;2;195;115;112m[48;2;195;115;112m▀[0m[38;2;195;115;112m[48;2;128;74;72m▀[0m[38;2;15;15;15m[48;2;15;15;15m▀[0m                
  [38;2;15;15;15m▀[38;2;15;15;15m▀[38;2;15;15;15m▀[38;2;15;15;15m▀[38;2;15;15;15m▀[38;2;15;15;15m▀                 [38;2;15;15;15m▀[38;2;15;15;15m▀[38;2;195;115;112m[48;2;15;15;15m▀[0m[38;2;195;115;112m[48;2;15;15;15m▀[0m[38;2;94;48;47m[48;2;15;15;15m▀[0m[38;2;195;115;112m[48;2;15;15;15m▀[0m[38;2;195;115;112m[48;2;15;15;15m▀[0m[38;2;15;15;15m▀                 
[0m