                     [38;2;34;46;29m▄[38;2;18;26;15m[48;2;71;92;63m▀[0m[38;2;18;26;15m▄           [38;2;34;46;29m▄[38;2;34;46;29m▄[38;2;34;46;29m▄[38;2;16;16;16m▄                        
                    [38;2;34;46;29m▄[38;2;34;46;29m[48;2;49;69;41m▀[0m[38;2;71;92;63m[48;2;71;92;63m▀[0m[38;2;18;26;15m[48;2;49;69;41m▀[0m[38;2;18;26;15m▄       [38;2;34;46;29m▄[38;2;34;46;29m[48;2;49;69;41m▀[0m[38;2;34;46;29m[48;2;49;69;41m▀[0m[38;2;49;69;41m[48;2;49;69;41m▀[0m[38;2;49;69;41m[48;2;71;92;63m▀[0m[38;2;71;92;63m[48;2;49;69;41m▀[0m[38;2;16;16;16m[48;2;16;16;16m▀[0m                        
                    [38;2;34;46;29m[48;2;34;46;29m▀[0m[38;2;49;69;41m[48;2;49;69;41m▀[0m[38;2;71;92;63m[48;2;71;92;63m▀[0m[38;2;49;69;41m[48;2;49;69;41m▀[0m[38;2;18;26;15m[48;2;49;69;41m▀[0m[38;2;18;26;15m▄   [38;2;34;46;29m▄[38;2;34;46;29m[48;2;49;69;41m▀[0m[38;2;34;46;29m[48;2;49;69;41m▀[0m[38;2;49;69;41m[48;2;49;69;41m▀[0m[38;2;49;69;41m[48;2;49;69;41m▀[0m[38;2;49;69;41m[48;2;71;92;63m▀[0m[38;2;71;92;63m[48;2;49;69;41m▀[0m[38;2;49;69;41m[48;2;49;69;41m▀[0m[38;2;16;16;16m[48;2;16;16;16m▀[0m         [38;2;102;47;75m▄[38;2;102;47;75m[48;2;209;63;127m▀[0m[38;2;102;47;75m[48;2;209;63;127m▀[0m[38;2;102;47;75m▄[38;2;102;47;75m[48;2;209;63;127m▀[0m[38;2;102;47;75m[48;2;209;63;127m▀[0m[38;2;102;47;75m▄         
                   [38;2;18;26;15m▄[38;2;34;46;29m[48;2;49;69;41m▀[0m[38;2;49;69;41m[48;2;49;69;41m▀[0m[38;2;71;92;63m[48;2;71;92;63m▀[0m[38;2;49;69;41m[48;2;49;69;41m▀[0m[38;2;49;69;41m[48;2;49;69;41m▀[0m[38;2;18;26;15m[48;2;18;26;15m▀[0m [38;2;34;46;29m▄[38;2;34;46;29m[48;2;49;69;41m▀[0m[38;2;49;69;41m[48;2;49;69;41m▀[0m[38;2;49;69;41m[48;2;49;69;41m▀[0m[38;2;49;69;41m[48;2;49;69;41m▀[0m[38;2;49;69;41m[48;2;71;92;63m▀[0m[38;2;71;92;63m[48;2;49;69;41m▀[0m[38;2;49;69;41m[48;2;49;69;41m▀[0m[38;2;49;69;41m[48;2;49;69;41m▀[0m[38;2;49;69;41m[48;2;16;16;16m▀[0m[38;2;16;16;16m▀        [38;2;102;47;75m▄[38;2;102;47;75m[48;2;209;63;127m▀[0m[38;2;209;63;127m[48;2;102;47;75m▀[0m[38;2;164;51;108m[48;2;164;51;108m▀[0m[38;2;102;47;75m[48;2;164;51;108m▀[0m[38;2;164;51;108m[48;2;164;51;108m▀[0m[38;2;209;63;127m[48;2;102;47;75m▀[0m[38;2;102;47;75m[48;2;209;63;127m▀[0m[38;2;102;47;75m[48;2;209;63;127m▀[0m[38;2;102;47;75m▄       
                   [38;2;18;26;15m[48;2;18;26;15m▀[0m[38;2;49;69;41m[48;2;49;69;41m▀[0m[38;2;49;69;41m[48;2;49;69;41m▀[0m[38;2;71;92;63m[48;2;71;92;63m▀[0m[38;2;49;69;41m[48;2;49;69;41m▀[0m[38;2;49;69;41m[48;2;49;69;41m▀[0m[38;2;49;69;41m[48;2;49;69;41m▀[0m[38;2;34;46;29m[48;2;49;69;41m▀[0m[38;2;49;69;41m[48;2;49;69;41m▀[0m[38;2;49;69;41m[48;2;49;69;41m▀[0m[38;2;49;69;41m[48;2;49;69;41m▀[0m[38;2;49;69;41m[48;2;49;69;41m▀[0m[38;2;49;69;41m[48;2;71;92;63m▀[0m[38;2;71;92;63m[48;2;49;69;41m▀[0m[38;2;49;69;41m[48;2;49;69;41m▀[0m[38;2;49;69;41m[48;2;49;69;41m▀[0m[38;2;49;69;41m[48;2;16;16;16m▀[0m[38;2;16;16;16m▀        [38;2;34;46;29m▄[38;2;102;47;75m[48;2;68;128;60m▀[0m[38;2;209;63;127m[48;2;102;47;75m▀[0m[38;2;209;63;127m[48;2;102;47;75m▀[0m[38;2;164;51;108m[48;2;102;47;75m▀[0m[38;2;102;47;75m[48;2;164;51;108m▀[0m[38;2;102;47;75m[48;2;164;51;108m▀[0m[38;2;164;51;108m[48;2;164;51;108m▀[0m[38;2;164;51;108m[48;2;102;47;75m▀[0m[38;2;209;63;127m[48;2;102;47;75m▀[0m[38;2;102;47;75m▀       
                  [38;2;71;92;63m▄[38;2;18;26;15m[48;2;18;26;15m▀[0m[38;2;49;69;41m[48;2;49;69;41m▀[0m[38;2;49;69;41m[48;2;49;69;41m▀[0m[38;2;49;69;41m[48;2;49;69;41m▀[0m[38;2;49;69;41m[48;2;49;69;41m▀[0m[38;2;49;69;41m[48;2;49;69;41m▀[0m[38;2;49;69;41m[48;2;71;92;63m▀[0m[38;2;71;92;63m[48;2;68;128;60m▀[0m[38;2;49;69;41m[48;2;49;69;41m▀[0m[38;2;49;69;41m[48;2;49;69;41m▀[0m[38;2;49;69;41m[48;2;49;69;41m▀[0m[38;2;49;69;41m[48;2;49;69;41m▀[0m[38;2;71;92;63m[48;2;49;69;41m▀[0m[38;2;49;69;41m[48;2;49;69;41m▀[0m[38;2;49;69;41m[48;2;49;69;41m▀[0m[38;2;49;69;41m[48;2;49;69;41m▀[0m[38;2;16;16;16m[48;2;16;16;16m▀[0m[38;2;71;92;63m▄        [38;2;34;46;29m[48;2;34;46;29m▀[0m[38;2;71;92;63m[48;2;49;69;41m▀[0m[38;2;71;92;63m[48;2;49;69;41m▀[0m[38;2;102;47;75m[48;2;68;128;60m▀[0m[38;2;209;63;127m[48;2;102;47;75m▀[0m[38;2;209;63;127m[48;2;102;47;75m▀[0m[38;2;102;47;75m[48;2;68;128;60m▀[0m[38;2;209;63;127m[48;2;102;47;75m▀[0m[38;2;209;63;127m[48;2;102;47;75m▀[0m[38;2;102;47;75m▀        
                [38;2;71;92;63m▄[38;2;71;92;63m[48;2;156;173;126m▀[0m[38;2;156;173;126m[48;2;156;173;126m▀[0m[38;2;18;26;15m[48;2;18;26;15m▀[0m[38;2;49;69;41m[48;2;49;69;41m▀[0m[38;2;49;69;41m[48;2;71;92;63m▀[0m[38;2;71;92;63m[48;2;68;128;60m▀[0m[38;2;49;69;41m[48;2;49;69;41m▀[0m[38;2;71;92;63m[48;2;71;92;63m▀[0m[38;2;68;128;60m[48;2;68;128;60m▀[0m[38;2;68;128;60m[48;2;68;128;60m▀[0m[38;2;71;92;63m[48;2;71;92;63m▀[0m[38;2;49;69;41m[48;2;49;69;41m▀[0m[38;2;49;69;41m[48;2;71;92;63m▀[0m[38;2;71;92;63m[48;2;68;128;60m▀[0m[38;2;49;69;41m[48;2;49;69;41m▀[0m[38;2;49;69;41m[48;2;49;69;41m▀[0m[38;2;49;69;41m[48;2;49;69;41m▀[0m[38;2;16;16;16m[48;2;16;16;16m▀[0m[38;2;156;173;126m[48;2;156;173;126m▀[0m[38;2;156;173;126m[48;2;156;173;126m▀[0m[38;2;71;92;63m[48;2;156;173;126m▀[0m[38;2;71;92;63m[48;2;156;173;126m▀[0m[38;2;71;92;63m▄      [38;2;18;26;15m[48;2;18;26;15m▀[0m[38;2;49;69;41m[48;2;18;26;15m▀[0m[38;2;68;128;60m[48;2;71;92;63m▀[0m[38;2;68;128;60m[48;2;49;69;41m▀[0m[38;2;49;69;41m[48;2;49;69;41m▀[0m[38;2;71;92;63m[48;2;49;69;41m▀[0m[38;2;68;128;60m[48;2;16;16;16m▀[0m[38;2;16;16;16m▀         
               [38;2;34;46;29m▄[38;2;71;92;63m[48;2;225;239;209m▀[0m[38;2;225;239;209m[48;2;225;239;209m▀[0m[38;2;156;173;126m[48;2;225;239;209m▀[0m[38;2;156;173;126m[48;2;156;173;126m▀[0m[38;2;18;26;15m[48;2;18;26;15m▀[0m[38;2;68;128;60m[48;2;241;241;241m▀[0m[38;2;68;128;60m[48;2;102;47;75m▀[0m[38;2;49;69;41m[48;2;71;92;63m▀[0m[38;2;49;69;41m[48;2;49;69;41m▀[0m[38;2;68;128;60m[48;2;71;92;63m▀[0m[38;2;71;92;63m[48;2;49;69;41m▀[0m[38;2;49;69;41m[48;2;49;69;41m▀[0m[38;2;49;69;41m[48;2;71;92;63m▀[0m[38;2;68;128;60m[48;2;68;128;60m▀[0m[38;2;68;128;60m[48;2;102;47;75m▀[0m[38;2;71;92;63m[48;2;241;241;241m▀[0m[38;2;49;69;41m[48;2;49;69;41m▀[0m[38;2;49;69;41m[48;2;16;16;16m▀[0m[38;2;16;16;16m[48;2;156;173;126m▀[0m[38;2;156;173;126m[48;2;156;173;126m▀[0m[38;2;156;173;126m[48;2;156;173;126m▀[0m[38;2;156;173;126m[48;2;225;239;209m▀[0m[38;2;225;239;209m[48;2;225;239;209m▀[0m[38;2;225;239;209m[48;2;225;239;209m▀[0m[38;2;71;92;63m[48;2;71;92;63m▀[0m       [38;2;16;16;16m▀[38;2;16;16;16m▀[38;2;16;16;16m▀[38;2;16;16;16m▀           
               [38;2;34;46;29m[48;2;34;46;29m▀[0m[38;2;225;239;209m[48;2;156;173;126m▀[0m[38;2;225;239;209m[48;2;225;239;209m▀[0m[38;2;225;239;209m[48;2;225;239;209m▀[0m[38;2;156;173;126m[48;2;156;173;126m▀[0m[38;2;18;26;15m[48;2;18;26;15m▀[0m[38;2;241;241;241m[48;2;68;128;60m▀[0m[38;2;209;63;127m[48;2;241;241;241m▀[0m[38;2;16;16;16m[48;2;49;69;41m▀[0m[38;2;49;69;41m[48;2;34;46;29m▀[0m[38;2;49;69;41m[48;2;34;46;29m▀[0m[38;2;49;69;41m[48;2;49;69;41m▀[0m[38;2;49;69;41m[48;2;49;69;41m▀[0m[38;2;209;63;127m[48;2;49;69;41m▀[0m[38;2;16;16;16m[48;2;209;63;127m▀[0m[38;2;209;63;127m[48;2;241;241;241m▀[0m[38;2;241;241;241m[48;2;68;128;60m▀[0m[38;2;49;69;41m[48;2;49;69;41m▀[0m[38;2;16;16;16m[48;2;16;16;16m▀[0m[38;2;156;173;126m[48;2;156;173;126m▀[0m[38;2;156;173;126m[48;2;156;173;126m▀[0m[38;2;225;239;209m[48;2;225;239;209m▀[0m[38;2;225;239;209m[48;2;225;239;209m▀[0m[38;2;225;239;209m[48;2;225;239;209m▀[0m[38;2;156;173;126m[48;2;156;173;126m▀[0m[38;2;225;239;209m[48;2;225;239;209m▀[0m[38;2;34;46;29m[48;2;34;46;29m▀[0m                     
         [38;2;34;46;29m▄[38;2;34;46;29m[48;2;49;69;41m▀[0m[38;2;34;46;29m[48;2;49;69;41m▀[0m[38;2;34;46;29m▄  [38;2;34;46;29m▀[38;2;156;173;126m[48;2;34;46;29m▀[0m[38;2;225;239;209m[48;2;225;239;209m▀[0m[38;2;71;92;63m[48;2;71;92;63m▀[0m[38;2;156;173;126m[48;2;16;16;16m▀[0m[38;2;18;26;15m[48;2;16;16;16m▀[0m[38;2;68;128;60m[48;2;49;69;41m▀[0m[38;2;49;69;41m[48;2;49;69;41m▀[0m[38;2;34;46;29m[48;2;156;173;126m▀[0m[38;2;209;63;127m[48;2;156;173;126m▀[0m[38;2;102;47;75m[48;2;156;173;126m▀[0m[38;2;156;173;126m[48;2;156;173;126m▀[0m[38;2;34;46;29m[48;2;156;173;126m▀[0m[38;2;34;46;29m[48;2;156;173;126m▀[0m[38;2;49;69;41m[48;2;34;46;29m▀[0m[38;2;49;69;41m[48;2;34;46;29m▀[0m[38;2;68;128;60m[48;2;49;69;41m▀[0m[38;2;49;69;41m[48;2;49;69;41m▀[0m[38;2;49;69;41m[48;2;49;69;41m▀[0m[38;2;16;16;16m[48;2;16;16;16m▀[0m[38;2;156;173;126m[48;2;16;16;16m▀[0m[38;2;225;239;209m[48;2;16;16;16m▀[0m[38;2;156;173;126m[48;2;225;239;209m▀[0m[38;2;225;239;209m[48;2;156;173;126m▀[0m[38;2;225;239;209m[48;2;225;239;209m▀[0m[38;2;156;173;126m[48;2;156;173;126m▀[0m[38;2;34;46;29m[48;2;34;46;29m▀[0m                     
        [38;2;34;46;29m[48;2;34;46;29m▀[0m[38;2;49;69;41m[48;2;225;239;209m▀[0m[38;2;225;239;209m[48;2;225;239;209m▀[0m[38;2;225;239;209m[48;2;34;46;29m▀[0m[38;2;34;46;29m[48;2;34;46;29m▀[0m[38;2;34;46;29m▄  [38;2;34;46;29m▀[38;2;225;239;209m[48;2;16;16;16m▀[0m[38;2;16;16;16m▀ [38;2;16;16;16m[48;2;16;16;16m▀[0m[38;2;49;69;41m[48;2;49;69;41m▀[0m[38;2;16;16;16m[48;2;16;16;16m▀[0m[38;2;156;173;126m[48;2;49;69;41m▀[0m[38;2;49;69;41m[48;2;156;173;126m▀[0m[38;2;49;69;41m[48;2;156;173;126m▀[0m[38;2;49;69;41m[48;2;156;173;126m▀[0m[38;2;156;173;126m[48;2;49;69;41m▀[0m[38;2;49;69;41m[48;2;156;173;126m▀[0m[38;2;156;173;126m[48;2;156;173;126m▀[0m[38;2;156;173;126m[48;2;156;173;126m▀[0m[38;2;18;26;15m[48;2;156;173;126m▀[0m[38;2;49;69;41m[48;2;18;26;15m▀[0m[38;2;49;69;41m[48;2;49;69;41m▀[0m[38;2;16;16;16m[48;2;16;16;16m▀[0m  [38;2;16;16;16m▀[38;2;156;173;126m[48;2;16;16;16m▀[0m[38;2;225;239;209m[48;2;225;239;209m▀[0m[38;2;34;46;29m[48;2;34;46;29m▀[0m                      
       [38;2;71;92;63m[48;2;71;92;63m▀[0m[38;2;225;239;209m[48;2;225;239;209m▀[0m[38;2;225;239;209m[48;2;71;92;63m▀[0m[38;2;71;92;63m[48;2;225;239;209m▀[0m[38;2;225;239;209m[48;2;225;239;209m▀[0m[38;2;225;239;209m[48;2;225;239;209m▀[0m[38;2;225;239;209m[48;2;71;92;63m▀[0m[38;2;34;46;29m[48;2;225;239;209m▀[0m[38;2;34;46;29m[48;2;225;239;209m▀[0m[38;2;16;16;16m▄    [38;2;16;16;16m▀[38;2;102;47;75m▄[38;2;16;16;16m[48;2;102;47;75m▀[0m[38;2;49;69;41m[48;2;102;47;75m▀[0m[38;2;156;173;126m[48;2;16;16;16m▀[0m[38;2;156;173;126m[48;2;49;69;41m▀[0m[38;2;156;173;126m[48;2;156;173;126m▀[0m[38;2;156;173;126m[48;2;49;69;41m▀[0m[38;2;156;173;126m[48;2;16;16;16m▀[0m[38;2;49;69;41m[48;2;16;16;16m▀[0m[38;2;16;16;16m[48;2;102;47;75m▀[0m[38;2;102;47;75m▄[38;2;16;16;16m[48;2;102;47;75m▀[0m[38;2;16;16;16m▀    [38;2;16;16;16m▀                       
       [38;2;71;92;63m[48;2;71;92;63m▀[0m[38;2;225;239;209m[48;2;225;239;209m▀[0m[38;2;71;92;63m[48;2;225;239;209m▀[0m[38;2;225;239;209m[48;2;225;239;209m▀[0m[38;2;225;239;209m[48;2;225;239;209m▀[0m[38;2;71;92;63m[48;2;71;92;63m▀[0m[38;2;225;239;209m[48;2;225;239;209m▀[0m[38;2;225;239;209m[48;2;225;239;209m▀[0m[38;2;225;239;209m[48;2;71;92;63m▀[0m[38;2;156;173;126m[48;2;156;173;126m▀[0m[38;2;16;16;16m[48;2;16;16;16m▀[0m [38;2;102;47;75m▄[38;2;102;47;75m[48;2;164;51;108m▀[0m[38;2;164;51;108m[48;2;164;51;108m▀[0m[38;2;164;51;108m[48;2;164;51;108m▀[0m[38;2;164;51;108m[48;2;102;47;75m▀[0m[38;2;102;47;75m[48;2;164;51;108m▀[0m[38;2;102;47;75m[48;2;164;51;108m▀[0m[38;2;102;47;75m[48;2;164;51;108m▀[0m[38;2;156;173;126m[48;2;16;16;16m▀[0m[38;2;102;47;75m[48;2;164;51;108m▀[0m[38;2;102;47;75m[48;2;164;51;108m▀[0m[38;2;102;47;75m[48;2;164;51;108m▀[0m[38;2;102;47;75m[48;2;102;47;75m▀[0m[38;2;164;51;108m[48;2;102;47;75m▀[0m[38;2;164;51;108m[48;2;164;51;108m▀[0m[38;2;102;47;75m[48;2;164;51;108m▀[0m[38;2;102;47;75m[48;2;164;51;108m▀[0m[38;2;102;47;75m▄                          
        [38;2;71;92;63m[48;2;71;92;63m▀[0m[38;2;225;239;209m[48;2;225;239;209m▀[0m[38;2;225;239;209m[48;2;225;239;209m▀[0m[38;2;225;239;209m[48;2;225;239;209m▀[0m[38;2;225;239;209m[48;2;225;239;209m▀[0m[38;2;225;239;209m[48;2;225;239;209m▀[0m[38;2;156;173;126m[48;2;225;239;209m▀[0m[38;2;16;16;16m[48;2;16;16;16m▀[0m[38;2;16;16;16m▀   [38;2;102;47;75m▀[38;2;102;47;75m[48;2;102;47;75m▀[0m[38;2;102;47;75m[48;2;209;63;127m▀[0m[38;2;209;63;127m[48;2;209;63;127m▀[0m[38;2;209;63;127m[48;2;209;63;127m▀[0m[38;2;209;63;127m[48;2;164;51;108m▀[0m[38;2;164;51;108m[48;2;16;16;16m▀[0m[38;2;16;16;16m[48;2;34;46;29m▀[0m[38;2;164;51;108m[48;2;16;16;16m▀[0m[38;2;209;63;127m[48;2;164;51;108m▀[0m[38;2;209;63;127m[48;2;209;63;127m▀[0m[38;2;209;63;127m[48;2;209;63;127m▀[0m[38;2;209;63;127m[48;2;209;63;127m▀[0m[38;2;102;47;75m[48;2;209;63;127m▀[0m[38;2;164;51;108m[48;2;102;47;75m▀[0m[38;2;164;51;108m[48;2;16;16;16m▀[0m[38;2;164;51;108m[48;2;16;16;16m▀[0m[38;2;102;47;75m[48;2;16;16;16m▀[0m                         
       [38;2;71;92;63m[48;2;71;92;63m▀[0m[38;2;225;239;209m[48;2;225;239;209m▀[0m[38;2;225;239;209m[48;2;225;239;209m▀[0m[38;2;225;239;209m[48;2;225;239;209m▀[0m[38;2;225;239;209m[48;2;225;239;209m▀[0m[38;2;225;239;209m[48;2;225;239;209m▀[0m[38;2;225;239;209m[48;2;225;239;209m▀[0m[38;2;225;239;209m[48;2;225;239;209m▀[0m[38;2;225;239;209m[48;2;225;239;209m▀[0m[38;2;71;92;63m[48;2;71;92;63m▀[0m    [38;2;102;47;75m[48;2;16;16;16m▀[0m[38;2;209;63;127m[48;2;16;16;16m▀[0m[38;2;209;63;127m[48;2;16;16;16m▀[0m[38;2;16;16;16m[48;2;34;46;29m▀[0m[38;2;16;16;16m[48;2;34;46;29m▀[0m[38;2;34;46;29m[48;2;34;46;29m▀[0m[38;2;34;46;29m[48;2;34;46;29m▀[0m[38;2;34;46;29m[48;2;34;46;29m▀[0m[38;2;16;16;16m[48;2;34;46;29m▀[0m[38;2;16;16;16m[48;2;34;46;29m▀[0m[38;2;164;51;108m[48;2;16;16;16m▀[0m[38;2;209;63;127m[48;2;16;16;16m▀[0m[38;2;209;63;127m[48;2;16;16;16m▀[0m[38;2;16;16;16m[48;2;156;173;126m▀[0m[38;2;156;173;126m[48;2;156;173;126m▀[0m[38;2;34;46;29m[48;2;156;173;126m▀[0m[38;2;49;69;41m[48;2;34;46;29m▀[0m[38;2;16;16;16m[48;2;49;69;41m▀[0m[38;2;16;16;16m▄                       
       [38;2;71;92;63m[48;2;71;92;63m▀[0m[38;2;225;239;209m[48;2;225;239;209m▀[0m[38;2;225;239;209m[48;2;225;239;209m▀[0m[38;2;225;239;209m[48;2;225;239;209m▀[0m[38;2;225;239;209m[48;2;225;239;209m▀[0m[38;2;225;239;209m[48;2;225;239;209m▀[0m[38;2;225;239;209m[48;2;225;239;209m▀[0m[38;2;225;239;209m[48;2;225;239;209m▀[0m[38;2;225;239;209m[48;2;225;239;209m▀[0m[38;2;71;92;63m[48;2;71;92;63m▀[0m  [38;2;71;92;63m▄[38;2;71;92;63m[48;2;156;173;126m▀[0m[38;2;16;16;16m[48;2;16;16;16m▀[0m[38;2;34;46;29m[48;2;49;69;41m▀[0m[38;2;34;46;29m[48;2;49;69;41m▀[0m[38;2;49;69;41m[48;2;49;69;41m▀[0m[38;2;49;69;41m[48;2;16;16;16m▀[0m[38;2;16;16;16m[48;2;156;173;126m▀[0m[38;2;49;69;41m[48;2;16;16;16m▀[0m[38;2;49;69;41m[48;2;49;69;41m▀[0m[38;2;34;46;29m[48;2;49;69;41m▀[0m[38;2;34;46;29m[48;2;49;69;41m▀[0m[38;2;34;46;29m[48;2;16;16;16m▀[0m[38;2;16;16;16m[48;2;156;173;126m▀[0m[38;2;156;173;126m[48;2;156;173;126m▀[0m[38;2;49;69;41m[48;2;16;16;16m▀[0m[38;2;156;173;126m[48;2;16;16;16m▀[0m[38;2;156;173;126m[48;2;156;173;126m▀[0m[38;2;156;173;126m[48;2;156;173;126m▀[0m[38;2;34;46;29m[48;2;156;173;126m▀[0m[38;2;49;69;41m[48;2;34;46;29m▀[0m[38;2;16;16;16m[48;2;34;46;29m▀[0m[38;2;16;16;16m[48;2;49;69;41m▀[0m[38;2;16;16;16m▄[38;2;16;16;16m▄              [38;2;34;46;29m▄[38;2;16;16;16m▄   
        [38;2;34;46;29m[48;2;34;46;29m▀[0m[38;2;225;239;209m[48;2;156;173;126m▀[0m[38;2;225;239;209m[48;2;225;239;209m▀[0m[38;2;225;239;209m[48;2;225;239;209m▀[0m[38;2;225;239;209m[48;2;225;239;209m▀[0m[38;2;225;239;209m[48;2;156;173;126m▀[0m[38;2;225;239;209m[48;2;156;173;126m▀[0m[38;2;156;173;126m[48;2;156;173;126m▀[0m[38;2;156;173;126m[48;2;156;173;126m▀[0m[38;2;71;92;63m[48;2;71;92;63m▀[0m[38;2;71;92;63m[48;2;156;173;126m▀[0m[38;2;156;173;126m[48;2;156;173;126m▀[0m[38;2;156;173;126m[48;2;156;173;126m▀[0m[38;2;16;16;16m[48;2;16;16;16m▀[0m[38;2;49;69;41m[48;2;49;69;41m▀[0m[38;2;49;69;41m[48;2;49;69;41m▀[0m[38;2;49;69;41m[48;2;16;16;16m▀[0m[38;2;16;16;16m[48;2;156;173;126m▀[0m[38;2;156;173;126m[48;2;156;173;126m▀[0m[38;2;16;16;16m[48;2;156;173;126m▀[0m[38;2;49;69;41m[48;2;16;16;16m▀[0m[38;2;49;69;41m[48;2;49;69;41m▀[0m[38;2;49;69;41m[48;2;16;16;16m▀[0m[38;2;16;16;16m[48;2;156;173;126m▀[0m[38;2;156;173;126m[48;2;156;173;126m▀[0m[38;2;16;16;16m[48;2;16;16;16m▀[0m[38;2;71;92;63m[48;2;71;92;63m▀[0m[38;2;71;92;63m[48;2;71;92;63m▀[0m[38;2;16;16;16m[48;2;71;92;63m▀[0m[38;2;156;173;126m[48;2;16;16;16m▀[0m[38;2;156;173;126m[48;2;156;173;126m▀[0m[38;2;156;173;126m[48;2;156;173;126m▀[0m[38;2;156;173;126m[48;2;156;173;126m▀[0m[38;2;34;46;29m[48;2;156;173;126m▀[0m[38;2;34;46;29m[48;2;156;173;126m▀[0m[38;2;49;69;41m[48;2;34;46;29m▀[0m[38;2;16;16;16m[48;2;34;46;29m▀[0m[38;2;16;16;16m[48;2;49;69;41m▀[0m[38;2;16;16;16m▄[38;2;16;16;16m▄[38;2;16;16;16m▄      [38;2;34;46;29m▄[38;2;34;46;29m▄[38;2;34;46;29m[48;2;49;69;41m▀[0m[38;2;49;69;41m[48;2;68;128;60m▀[0m[38;2;16;16;16m[48;2;16;16;16m▀[0m   
     [38;2;34;46;29m[48;2;16;16;16m▀[0m[38;2;34;46;29m[48;2;68;128;60m▀[0m[38;2;34;46;29m▄ [38;2;34;46;29m[48;2;34;46;29m▀[0m[38;2;156;173;126m[48;2;156;173;126m▀[0m[38;2;156;173;126m[48;2;156;173;126m▀[0m[38;2;156;173;126m[48;2;156;173;126m▀[0m[38;2;156;173;126m[48;2;156;173;126m▀[0m[38;2;156;173;126m[48;2;156;173;126m▀[0m[38;2;156;173;126m[48;2;156;173;126m▀[0m[38;2;156;173;126m[48;2;156;173;126m▀[0m[38;2;71;92;63m[48;2;156;173;126m▀[0m[38;2;156;173;126m[48;2;156;173;126m▀[0m[38;2;156;173;126m[48;2;16;16;16m▀[0m[38;2;16;16;16m[48;2;71;92;63m▀[0m[38;2;71;92;63m[48;2;71;92;63m▀[0m[38;2;16;16;16m[48;2;16;16;16m▀[0m[38;2;49;69;41m[48;2;49;69;41m▀[0m[38;2;16;16;16m[48;2;16;16;16m▀[0m[38;2;156;173;126m[48;2;156;173;126m▀[0m[38;2;156;173;126m[48;2;156;173;126m▀[0m[38;2;156;173;126m[48;2;156;173;126m▀[0m[38;2;16;16;16m[48;2;16;16;16m▀[0m[38;2;49;69;41m[48;2;49;69;41m▀[0m[38;2;16;16;16m[48;2;16;16;16m▀[0m[38;2;156;173;126m[48;2;156;173;126m▀[0m[38;2;16;16;16m[48;2;16;16;16m▀[0m [38;2;16;16;16m[48;2;34;46;29m▀[0m[38;2;71;92;63m[48;2;34;46;29m▀[0m[38;2;34;46;29m[48;2;156;173;126m▀[0m[38;2;34;46;29m[48;2;225;239;209m▀[0m[38;2;34;46;29m[48;2;225;239;209m▀[0m[38;2;156;173;126m[48;2;225;239;209m▀[0m[38;2;156;173;126m[48;2;225;239;209m▀[0m[38;2;156;173;126m[48;2;225;239;209m▀[0m[38;2;156;173;126m[48;2;156;173;126m▀[0m[38;2;156;173;126m[48;2;156;173;126m▀[0m[38;2;156;173;126m[48;2;156;173;126m▀[0m[38;2;34;46;29m[48;2;156;173;126m▀[0m[38;2;49;69;41m[48;2;34;46;29m▀[0m[38;2;49;69;41m[48;2;34;46;29m▀[0m[38;2;49;69;41m[48;2;34;46;29m▀[0m[38;2;34;46;29m[48;2;49;69;41m▀[0m[38;2;34;46;29m[48;2;49;69;41m▀[0m[38;2;34;46;29m[48;2;49;69;41m▀[0m[38;2;34;46;29m[48;2;49;69;41m▀[0m[38;2;34;46;29m[48;2;49;69;41m▀[0m[38;2;34;46;29m[48;2;49;69;41m▀[0m[38;2;49;69;41m[48;2;49;69;41m▀[0m[38;2;49;69;41m[48;2;71;92;63m▀[0m[38;2;71;92;63m[48;2;68;128;60m▀[0m[38;2;68;128;60m[48;2;68;128;60m▀[0m[38;2;16;16;16m[48;2;16;16;16m▀[0m   
     [38;2;16;16;16m[48;2;16;16;16m▀[0m[38;2;68;128;60m[48;2;68;128;60m▀[0m[38;2;49;69;41m[48;2;68;128;60m▀[0m[38;2;16;16;16m[48;2;49;69;41m▀[0m[38;2;16;16;16m[48;2;49;69;41m▀[0m[38;2;34;46;29m[48;2;49;69;41m▀[0m[38;2;156;173;126m[48;2;34;46;29m▀[0m[38;2;156;173;126m[48;2;156;173;126m▀[0m[38;2;156;173;126m[48;2;156;173;126m▀[0m[38;2;156;173;126m[48;2;156;173;126m▀[0m[38;2;156;173;126m[48;2;156;173;126m▀[0m[38;2;156;173;126m[48;2;156;173;126m▀[0m[38;2;156;173;126m[48;2;156;173;126m▀[0m[38;2;156;173;126m[48;2;16;16;16m▀[0m[38;2;16;16;16m[48;2;71;92;63m▀[0m[38;2;71;92;63m[48;2;71;92;63m▀[0m[38;2;71;92;63m[48;2;71;92;63m▀[0m[38;2;71;92;63m[48;2;16;16;16m▀[0m[38;2;16;16;16m[48;2;71;92;63m▀[0m[38;2;156;173;126m[48;2;156;173;126m▀[0m[38;2;156;173;126m[48;2;225;239;209m▀[0m[38;2;156;173;126m[48;2;225;239;209m▀[0m[38;2;156;173;126m[48;2;225;239;209m▀[0m[38;2;156;173;126m[48;2;156;173;126m▀[0m[38;2;16;16;16m[48;2;156;173;126m▀[0m[38;2;156;173;126m[48;2;156;173;126m▀[0m[38;2;156;173;126m[48;2;34;46;29m▀[0m[38;2;34;46;29m[48;2;225;239;209m▀[0m[38;2;34;46;29m[48;2;225;239;209m▀[0m[38;2;225;239;209m[48;2;225;239;209m▀[0m[38;2;225;239;209m[48;2;225;239;209m▀[0m[38;2;225;239;209m[48;2;225;239;209m▀[0m[38;2;225;239;209m[48;2;225;239;209m▀[0m[38;2;225;239;209m[48;2;225;239;209m▀[0m[38;2;225;239;209m[48;2;225;239;209m▀[0m[38;2;225;239;209m[48;2;225;239;209m▀[0m[38;2;225;239;209m[48;2;225;239;209m▀[0m[38;2;225;239;209m[48;2;225;239;209m▀[0m[38;2;225;239;209m[48;2;225;239;209m▀[0m[38;2;156;173;126m[48;2;225;239;209m▀[0m[38;2;156;173;126m[48;2;156;173;126m▀[0m[38;2;16;16;16m[48;2;16;16;16m▀[0m[38;2;71;92;63m[48;2;71;92;63m▀[0m[38;2;71;92;63m[48;2;71;92;63m▀[0m[38;2;71;92;63m[48;2;71;92;63m▀[0m[38;2;34;46;29m[48;2;71;92;63m▀[0m[38;2;34;46;29m[48;2;68;128;60m▀[0m[38;2;34;46;29m[48;2;68;128;60m▀[0m[38;2;34;46;29m[48;2;68;128;60m▀[0m[38;2;71;92;63m[48;2;68;128;60m▀[0m[38;2;68;128;60m[48;2;68;128;60m▀[0m[38;2;68;128;60m[48;2;68;128;60m▀[0m[38;2;68;128;60m[48;2;68;128;60m▀[0m[38;2;16;16;16m[48;2;16;16;16m▀[0m    
[38;2;34;46;29m▄[38;2;34;46;29m▄   [38;2;16;16;16m▀[38;2;68;128;60m[48;2;16;16;16m▀[0m[38;2;68;128;60m[48;2;68;128;60m▀[0m[38;2;68;128;60m[48;2;68;128;60m▀[0m[38;2;68;128;60m[48;2;68;128;60m▀[0m[38;2;71;92;63m[48;2;68;128;60m▀[0m[38;2;71;92;63m[48;2;68;128;60m▀[0m[38;2;16;16;16m[48;2;71;92;63m▀[0m[38;2;156;173;126m[48;2;16;16;16m▀[0m[38;2;156;173;126m[48;2;156;173;126m▀[0m[38;2;156;173;126m[48;2;156;173;126m▀[0m[38;2;156;173;126m[48;2;156;173;126m▀[0m[38;2;156;173;126m[48;2;16;16;16m▀[0m[38;2;16;16;16m[48;2;71;92;63m▀[0m[38;2;71;92;63m[48;2;71;92;63m▀[0m[38;2;71;92;63m[48;2;16;16;16m▀[0m[38;2;16;16;16m▀[38;2;71;92;63m▄[38;2;71;92;63m[48;2;225;239;209m▀[0m[38;2;225;239;209m[48;2;225;239;209m▀[0m[38;2;225;239;209m[48;2;225;239;209m▀[0m[38;2;225;239;209m[48;2;225;239;209m▀[0m[38;2;225;239;209m[48;2;225;239;209m▀[0m[38;2;225;239;209m[48;2;225;239;209m▀[0m[38;2;225;239;209m[48;2;225;239;209m▀[0m[38;2;34;46;29m[48;2;34;46;29m▀[0m[38;2;225;239;209m[48;2;225;239;209m▀[0m[38;2;225;239;209m[48;2;71;92;63m▀[0m[38;2;71;92;63m[48;2;225;239;209m▀[0m[38;2;225;239;209m[48;2;225;239;209m▀[0m[38;2;225;239;209m[48;2;156;173;126m▀[0m[38;2;225;239;209m[48;2;225;239;209m▀[0m[38;2;225;239;209m[48;2;225;239;209m▀[0m[38;2;225;239;209m[48;2;225;239;209m▀[0m[38;2;156;173;126m[48;2;156;173;126m▀[0m[38;2;225;239;209m[48;2;225;239;209m▀[0m[38;2;225;239;209m[48;2;225;239;209m▀[0m[38;2;225;239;209m[48;2;225;239;209m▀[0m[38;2;225;239;209m[48;2;225;239;209m▀[0m[38;2;225;239;209m[48;2;16;16;16m▀[0m[38;2;16;16;16m[48;2;71;92;63m▀[0m[38;2;71;92;63m[48;2;71;92;63m▀[0m[38;2;71;92;63m[48;2;71;92;63m▀[0m[38;2;71;92;63m[48;2;68;128;60m▀[0m[38;2;68;128;60m[48;2;68;128;60m▀[0m[38;2;68;128;60m[48;2;68;128;60m▀[0m[38;2;68;128;60m[48;2;68;128;60m▀[0m[38;2;68;128;60m[48;2;68;128;60m▀[0m[38;2;68;128;60m[48;2;68;128;60m▀[0m[38;2;68;128;60m[48;2;68;128;60m▀[0m[38;2;68;128;60m[48;2;34;46;29m▀[0m[38;2;68;128;60m[48;2;16;16;16m▀[0m[38;2;16;16;16m▀   [38;2;34;46;29m▄[38;2;16;16;16m▄
[38;2;16;16;16m[48;2;16;16;16m▀[0m[38;2;68;128;60m[48;2;68;128;60m▀[0m[38;2;34;46;29m[48;2;49;69;41m▀[0m[38;2;34;46;29m[48;2;49;69;41m▀[0m[38;2;34;46;29m▄[38;2;34;46;29m▄[38;2;16;16;16m[48;2;34;46;29m▀[0m[38;2;49;69;41m[48;2;49;69;41m▀[0m[38;2;68;128;60m[48;2;49;69;41m▀[0m[38;2;68;128;60m[48;2;34;46;29m▀[0m[38;2;68;128;60m[48;2;68;128;60m▀[0m[38;2;68;128;60m[48;2;68;128;60m▀[0m[38;2;68;128;60m[48;2;68;128;60m▀[0m[38;2;71;92;63m[48;2;68;128;60m▀[0m[38;2;16;16;16m[48;2;71;92;63m▀[0m[38;2;16;16;16m[48;2;71;92;63m▀[0m[38;2;16;16;16m[48;2;71;92;63m▀[0m[38;2;71;92;63m[48;2;71;92;63m▀[0m[38;2;71;92;63m[48;2;16;16;16m▀[0m[38;2;16;16;16m▀ [38;2;71;92;63m▄[38;2;71;92;63m[48;2;156;173;126m▀[0m[38;2;225;239;209m[48;2;225;239;209m▀[0m[38;2;225;239;209m[48;2;225;239;209m▀[0m[38;2;225;239;209m[48;2;225;239;209m▀[0m[38;2;225;239;209m[48;2;225;239;209m▀[0m[38;2;225;239;209m[48;2;225;239;209m▀[0m[38;2;225;239;209m[48;2;225;239;209m▀[0m[38;2;225;239;209m[48;2;225;239;209m▀[0m[38;2;225;239;209m[48;2;225;239;209m▀[0m[38;2;34;46;29m[48;2;34;46;29m▀[0m[38;2;225;239;209m[48;2;225;239;209m▀[0m[38;2;225;239;209m[48;2;71;92;63m▀[0m[38;2;71;92;63m[48;2;225;239;209m▀[0m[38;2;225;239;209m[48;2;225;239;209m▀[0m[38;2;225;239;209m[48;2;225;239;209m▀[0m[38;2;225;239;209m[48;2;34;46;29m▀[0m[38;2;156;173;126m[48;2;225;239;209m▀[0m[38;2;225;239;209m[48;2;225;239;209m▀[0m[38;2;225;239;209m[48;2;225;239;209m▀[0m[38;2;225;239;209m[48;2;16;16;16m▀[0m[38;2;225;239;209m[48;2;16;16;16m▀[0m[38;2;16;16;16m[48;2;71;92;63m▀[0m[38;2;71;92;63m[48;2;71;92;63m▀[0m[38;2;71;92;63m[48;2;71;92;63m▀[0m[38;2;71;92;63m[48;2;71;92;63m▀[0m[38;2;68;128;60m[48;2;68;128;60m▀[0m[38;2;68;128;60m[48;2;68;128;60m▀[0m[38;2;68;128;60m[48;2;68;128;60m▀[0m[38;2;68;128;60m[48;2;68;128;60m▀[0m[38;2;68;128;60m[48;2;68;128;60m▀[0m[38;2;68;128;60m[48;2;68;128;60m▀[0m[38;2;34;46;29m[48;2;68;128;60m▀[0m[38;2;49;69;41m[48;2;34;46;29m▀[0m[38;2;49;69;41m[48;2;34;46;29m▀[0m[38;2;49;69;41m[48;2;49;69;41m▀[0m[38;2;34;46;29m[48;2;49;69;41m▀[0m[38;2;34;46;29m[48;2;49;69;41m▀[0m[38;2;34;46;29m[48;2;49;69;41m▀[0m[38;2;34;46;29m[48;2;49;69;41m▀[0m[38;2;49;69;41m[48;2;68;128;60m▀[0m[38;2;16;16;16m[48;2;16;16;16m▀[0m
[38;2;16;16;16m▀[38;2;68;128;60m[48;2;16;16;16m▀[0m[38;2;68;128;60m[48;2;68;128;60m▀[0m[38;2;34;46;29m[48;2;68;128;60m▀[0m[38;2;49;69;41m[48;2;34;46;29m▀[0m[38;2;49;69;41m[48;2;34;46;29m▀[0m[38;2;49;69;41m[48;2;34;46;29m▀[0m[38;2;34;46;29m[48;2;68;128;60m▀[0m[38;2;34;46;29m[48;2;68;128;60m▀[0m[38;2;68;128;60m[48;2;68;128;60m▀[0m[38;2;68;128;60m[48;2;68;128;60m▀[0m[38;2;68;128;60m[48;2;68;128;60m▀[0m[38;2;68;128;60m[48;2;68;128;60m▀[0m[38;2;68;128;60m[48;2;68;128;60m▀[0m[38;2;68;128;60m[48;2;68;128;60m▀[0m[38;2;71;92;63m[48;2;71;92;63m▀[0m[38;2;71;92;63m[48;2;16;16;16m▀[0m[38;2;16;16;16m▀  [38;2;71;92;63m▄[38;2;71;92;63m[48;2;225;239;209m▀[0m[38;2;156;173;126m[48;2;156;173;126m▀[0m[38;2;225;239;209m[48;2;225;239;209m▀[0m[38;2;225;239;209m[48;2;225;239;209m▀[0m[38;2;225;239;209m[48;2;225;239;209m▀[0m[38;2;225;239;209m[48;2;225;239;209m▀[0m[38;2;225;239;209m[48;2;156;173;126m▀[0m[38;2;156;173;126m[48;2;225;239;209m▀[0m[38;2;225;239;209m[48;2;225;239;209m▀[0m[38;2;225;239;209m[48;2;225;239;209m▀[0m[38;2;225;239;209m[48;2;225;239;209m▀[0m[38;2;34;46;29m[48;2;225;239;209m▀[0m[38;2;34;46;29m[48;2;34;46;29m▀[0m[38;2;225;239;209m[48;2;156;173;126m▀[0m[38;2;225;239;209m[48;2;156;173;126m▀[0m[38;2;34;46;29m[48;2;34;46;29m▀[0m [38;2;16;16;16m▀[38;2;16;16;16m▀[38;2;16;16;16m▀ [38;2;16;16;16m▀[38;2;71;92;63m[48;2;16;16;16m▀[0m[38;2;71;92;63m[48;2;71;92;63m▀[0m[38;2;71;92;63m[48;2;71;92;63m▀[0m[38;2;68;128;60m[48;2;68;128;60m▀[0m[38;2;68;128;60m[48;2;68;128;60m▀[0m[38;2;68;128;60m[48;2;68;128;60m▀[0m[38;2;68;128;60m[48;2;68;128;60m▀[0m[38;2;68;128;60m[48;2;68;128;60m▀[0m[38;2;68;128;60m[48;2;68;128;60m▀[0m[38;2;68;128;60m[48;2;68;128;60m▀[0m[38;2;68;128;60m[48;2;68;128;60m▀[0m[38;2;68;128;60m[48;2;68;128;60m▀[0m[38;2;68;128;60m[48;2;68;128;60m▀[0m[38;2;34;46;29m[48;2;68;128;60m▀[0m[38;2;34;46;29m[48;2;68;128;60m▀[0m[38;2;34;46;29m[48;2;68;128;60m▀[0m[38;2;71;92;63m[48;2;68;128;60m▀[0m[38;2;68;128;60m[48;2;68;128;60m▀[0m[38;2;68;128;60m[48;2;16;16;16m▀[0m[38;2;16;16;16m▀
 [38;2;16;16;16m▀[38;2;68;128;60m[48;2;16;16;16m▀[0m[38;2;68;128;60m[48;2;68;128;60m▀[0m[38;2;68;128;60m[48;2;68;128;60m▀[0m[38;2;68;128;60m[48;2;68;128;60m▀[0m[38;2;68;128;60m[48;2;68;128;60m▀[0m[38;2;68;128;60m[48;2;68;128;60m▀[0m[38;2;68;128;60m[48;2;68;128;60m▀[0m[38;2;68;128;60m[48;2;68;128;60m▀[0m[38;2;68;128;60m[48;2;68;128;60m▀[0m[38;2;68;128;60m[48;2;68;128;60m▀[0m[38;2;68;128;60m[48;2;68;128;60m▀[0m[38;2;68;128;60m[48;2;68;128;60m▀[0m[38;2;68;128;60m[48;2;16;16;16m▀[0m[38;2;16;16;16m▀[38;2;71;92;63m▄[38;2;71;92;63m▄[38;2;71;92;63m[48;2;225;239;209m▀[0m[38;2;71;92;63m[48;2;225;239;209m▀[0m[38;2;225;239;209m[48;2;225;239;209m▀[0m[38;2;225;239;209m[48;2;225;239;209m▀[0m[38;2;225;239;209m[48;2;225;239;209m▀[0m[38;2;225;239;209m[48;2;225;239;209m▀[0m[38;2;225;239;209m[48;2;225;239;209m▀[0m[38;2;225;239;209m[48;2;225;239;209m▀[0m[38;2;225;239;209m[48;2;225;239;209m▀[0m[38;2;156;173;126m[48;2;225;239;209m▀[0m[38;2;225;239;209m[48;2;225;239;209m▀[0m[38;2;225;239;209m[48;2;225;239;209m▀[0m[38;2;225;239;209m[48;2;225;239;209m▀[0m[38;2;225;239;209m[48;2;225;239;209m▀[0m[38;2;225;239;209m[48;2;225;239;209m▀[0m[38;2;225;239;209m[48;2;225;239;209m▀[0m[38;2;34;46;29m[48;2;225;239;209m▀[0m[38;2;34;46;29m[48;2;225;239;209m▀[0m[38;2;71;92;63m▄       [38;2;16;16;16m▀[38;2;71;92;63m[48;2;16;16;16m▀[0m[38;2;68;128;60m[48;2;71;92;63m▀[0m[38;2;68;128;60m[48;2;68;128;60m▀[0m[38;2;68;128;60m[48;2;68;128;60m▀[0m[38;2;68;128;60m[48;2;68;128;60m▀[0m[38;2;68;128;60m[48;2;68;128;60m▀[0m[38;2;68;128;60m[48;2;68;128;60m▀[0m[38;2;68;128;60m[48;2;68;128;60m▀[0m[38;2;68;128;60m[48;2;68;128;60m▀[0m[38;2;68;128;60m[48;2;71;92;63m▀[0m[38;2;68;128;60m[48;2;49;69;41m▀[0m[38;2;68;128;60m[48;2;49;69;41m▀[0m[38;2;68;128;60m[48;2;16;16;16m▀[0m[38;2;68;128;60m[48;2;16;16;16m▀[0m[38;2;49;69;41m[48;2;16;16;16m▀[0m[38;2;16;16;16m▀  
   [38;2;16;16;16m[48;2;16;16;16m▀[0m[38;2;71;92;63m[48;2;49;69;41m▀[0m[38;2;68;128;60m[48;2;71;92;63m▀[0m[38;2;68;128;60m[48;2;68;128;60m▀[0m[38;2;68;128;60m[48;2;68;128;60m▀[0m[38;2;68;128;60m[48;2;68;128;60m▀[0m[38;2;68;128;60m[48;2;68;128;60m▀[0m[38;2;68;128;60m[48;2;68;128;60m▀[0m[38;2;68;128;60m[48;2;68;128;60m▀[0m[38;2;68;128;60m[48;2;68;128;60m▀[0m[38;2;16;16;16m[48;2;16;16;16m▀[0m [38;2;71;92;63m▀[38;2;225;239;209m[48;2;16;16;16m▀[0m[38;2;225;239;209m[48;2;16;16;16m▀[0m[38;2;225;239;209m[48;2;16;16;16m▀[0m[38;2;71;92;63m[48;2;71;92;63m▀[0m[38;2;225;239;209m[48;2;225;239;209m▀[0m[38;2;225;239;209m[48;2;225;239;209m▀[0m[38;2;225;239;209m[48;2;71;92;63m▀[0m[38;2;225;239;209m[48;2;225;239;209m▀[0m[38;2;71;92;63m[48;2;156;173;126m▀[0m[38;2;225;239;209m[48;2;71;92;63m▀[0m[38;2;156;173;126m[48;2;156;173;126m▀[0m[38;2;225;239;209m[48;2;225;239;209m▀[0m[38;2;225;239;209m[48;2;225;239;209m▀[0m[38;2;225;239;209m[48;2;225;239;209m▀[0m[38;2;156;173;126m[48;2;71;92;63m▀[0m[38;2;225;239;209m[48;2;225;239;209m▀[0m[38;2;225;239;209m[48;2;225;239;209m▀[0m[38;2;225;239;209m[48;2;225;239;209m▀[0m[38;2;225;239;209m[48;2;156;173;126m▀[0m[38;2;225;239;209m[48;2;225;239;209m▀[0m[38;2;225;239;209m[48;2;225;239;209m▀[0m[38;2;71;92;63m[48;2;225;239;209m▀[0m[38;2;71;92;63m[48;2;225;239;209m▀[0m[38;2;71;92;63m[48;2;225;239;209m▀[0m[38;2;16;16;16m▄     [38;2;16;16;16m▀[38;2;68;128;60m[48;2;16;16;16m▀[0m[38;2;68;128;60m[48;2;68;128;60m▀[0m[38;2;68;128;60m[48;2;68;128;60m▀[0m[38;2;68;128;60m[48;2;68;128;60m▀[0m[38;2;68;128;60m[48;2;68;128;60m▀[0m[38;2;68;128;60m[48;2;68;128;60m▀[0m[38;2;68;128;60m[48;2;68;128;60m▀[0m[38;2;68;128;60m[48;2;68;128;60m▀[0m[38;2;34;46;29m[48;2;68;128;60m▀[0m[38;2;49;69;41m[48;2;34;46;29m▀[0m[38;2;16;16;16m[48;2;49;69;41m▀[0m[38;2;16;16;16m▄    
   [38;2;16;16;16m[48;2;16;16;16m▀[0m[38;2;49;69;41m[48;2;49;69;41m▀[0m[38;2;68;128;60m[48;2;68;128;60m▀[0m[38;2;68;128;60m[48;2;68;128;60m▀[0m[38;2;68;128;60m[48;2;68;128;60m▀[0m[38;2;68;128;60m[48;2;68;128;60m▀[0m[38;2;68;128;60m[48;2;68;128;60m▀[0m[38;2;68;128;60m[48;2;68;128;60m▀[0m[38;2;68;128;60m[48;2;68;128;60m▀[0m[38;2;16;16;16m[48;2;16;16;16m▀[0m     [38;2;71;92;63m[48;2;71;92;63m▀[0m[38;2;225;239;209m[48;2;225;239;209m▀[0m[38;2;225;239;209m[48;2;225;239;209m▀[0m[38;2;225;239;209m[48;2;16;16;16m▀[0m[38;2;71;92;63m[48;2;18;26;15m▀[0m[38;2;156;173;126m[48;2;156;173;126m▀[0m[38;2;156;173;126m[48;2;156;173;126m▀[0m[38;2;156;173;126m[48;2;156;173;126m▀[0m[38;2;16;16;16m[48;2;16;16;16m▀[0m[38;2;225;239;209m[48;2;225;239;209m▀[0m[38;2;225;239;209m[48;2;225;239;209m▀[0m[38;2;225;239;209m[48;2;16;16;16m▀[0m[38;2;16;16;16m[48;2;34;46;29m▀[0m[38;2;71;92;63m[48;2;16;16;16m▀[0m[38;2;225;239;209m[48;2;225;239;209m▀[0m[38;2;225;239;209m[48;2;225;239;209m▀[0m[38;2;71;92;63m[48;2;225;239;209m▀[0m[38;2;156;173;126m[48;2;16;16;16m▀[0m[38;2;225;239;209m[48;2;16;16;16m▀[0m[38;2;225;239;209m[48;2;16;16;16m▀[0m[38;2;16;16;16m▀[38;2;16;16;16m▀       [38;2;16;16;16m▀[38;2;68;128;60m[48;2;16;16;16m▀[0m[38;2;68;128;60m[48;2;68;128;60m▀[0m[38;2;68;128;60m[48;2;68;128;60m▀[0m[38;2;68;128;60m[48;2;68;128;60m▀[0m[38;2;68;128;60m[48;2;68;128;60m▀[0m[38;2;68;128;60m[48;2;68;128;60m▀[0m[38;2;68;128;60m[48;2;68;128;60m▀[0m[38;2;68;128;60m[48;2;68;128;60m▀[0m[38;2;34;46;29m[48;2;34;46;29m▀[0m[38;2;49;69;41m[48;2;49;69;41m▀[0m[38;2;16;16;16m[48;2;16;16;16m▀[0m    
   [38;2;16;16;16m[48;2;16;16;16m▀[0m[38;2;49;69;41m[48;2;49;69;41m▀[0m[38;2;68;128;60m[48;2;68;128;60m▀[0m[38;2;68;128;60m[48;2;68;128;60m▀[0m[38;2;68;128;60m[48;2;68;128;60m▀[0m[38;2;68;128;60m[48;2;68;128;60m▀[0m[38;2;68;128;60m[48;2;68;128;60m▀[0m[38;2;68;128;60m[48;2;68;128;60m▀[0m[38;2;68;128;60m[48;2;68;128;60m▀[0m[38;2;16;16;16m[48;2;16;16;16m▀[0m    [38;2;71;92;63m[48;2;16;16;16m▀[0m[38;2;225;239;209m[48;2;16;16;16m▀[0m[38;2;225;239;209m[48;2;16;16;16m▀[0m[38;2;16;16;16m[48;2;18;26;15m▀[0m[38;2;34;46;29m[48;2;34;46;29m▀[0m[38;2;34;46;29m[48;2;34;46;29m▀[0m[38;2;18;26;15m[48;2;18;26;15m▀[0m[38;2;156;173;126m[48;2;156;173;126m▀[0m[38;2;18;26;15m[48;2;18;26;15m▀[0m[38;2;16;16;16m[48;2;16;16;16m▀[0m[38;2;225;239;209m[48;2;225;239;209m▀[0m[38;2;225;239;209m[48;2;16;16;16m▀[0m[38;2;16;16;16m[48;2;34;46;29m▀[0m[38;2;34;46;29m[48;2;34;46;29m▀[0m[38;2;34;46;29m[48;2;34;46;29m▀[0m[38;2;16;16;16m[48;2;34;46;29m▀[0m[38;2;225;239;209m[48;2;16;16;16m▀[0m[38;2;225;239;209m[48;2;225;239;209m▀[0m[38;2;16;16;16m[48;2;16;16;16m▀[0m            [38;2;16;16;16m[48;2;16;16;16m▀[0m[38;2;68;128;60m[48;2;68;128;60m▀[0m[38;2;68;128;60m[48;2;68;128;60m▀[0m[38;2;68;128;60m[48;2;68;128;60m▀[0m[38;2;68;128;60m[48;2;68;128;60m▀[0m[38;2;68;128;60m[48;2;68;128;60m▀[0m[38;2;68;128;60m[48;2;68;128;60m▀[0m[38;2;68;128;60m[48;2;68;128;60m▀[0m[38;2;34;46;29m[48;2;49;69;41m▀[0m[38;2;49;69;41m[48;2;49;69;41m▀[0m[38;2;16;16;16m[48;2;16;16;16m▀[0m    
   [38;2;16;16;16m▀[38;2;49;69;41m[48;2;16;16;16m▀[0m[38;2;71;92;63m[48;2;49;69;41m▀[0m[38;2;68;128;60m[48;2;68;128;60m▀[0m[38;2;68;128;60m[48;2;68;128;60m▀[0m[38;2;68;128;60m[48;2;68;128;60m▀[0m[38;2;68;128;60m[48;2;68;128;60m▀[0m[38;2;68;128;60m[48;2;68;128;60m▀[0m[38;2;68;128;60m[48;2;68;128;60m▀[0m[38;2;71;92;63m[48;2;68;128;60m▀[0m[38;2;16;16;16m[48;2;71;92;63m▀[0m[38;2;16;16;16m▄     [38;2;18;26;15m[48;2;18;26;15m▀[0m[38;2;34;46;29m[48;2;34;46;29m▀[0m[38;2;34;46;29m[48;2;34;46;29m▀[0m[38;2;34;46;29m[48;2;34;46;29m▀[0m[38;2;18;26;15m[48;2;34;46;29m▀[0m[38;2;34;46;29m[48;2;34;46;29m▀[0m[38;2;18;26;15m[48;2;18;26;15m▀[0m[38;2;16;16;16m[48;2;34;46;29m▀[0m[38;2;34;46;29m[48;2;34;46;29m▀[0m[38;2;34;46;29m[48;2;34;46;29m▀[0m[38;2;34;46;29m[48;2;34;46;29m▀[0m[38;2;34;46;29m[48;2;34;46;29m▀[0m[38;2;34;46;29m[48;2;34;46;29m▀[0m[38;2;16;16;16m[48;2;16;16;16m▀[0m[38;2;16;16;16m▀[38;2;16;16;16m▀           [38;2;16;16;16m▄[38;2;16;16;16m[48;2;68;128;60m▀[0m[38;2;68;128;60m[48;2;68;128;60m▀[0m[38;2;68;128;60m[48;2;68;128;60m▀[0m[38;2;68;128;60m[48;2;68;128;60m▀[0m[38;2;68;128;60m[48;2;68;128;60m▀[0m[38;2;68;128;60m[48;2;68;128;60m▀[0m[38;2;68;128;60m[48;2;68;128;60m▀[0m[38;2;68;128;60m[48;2;71;92;63m▀[0m[38;2;49;69;41m[48;2;49;69;41m▀[0m[38;2;49;69;41m[48;2;49;69;41m▀[0m[38;2;16;16;16m[48;2;16;16;16m▀[0m    
    [38;2;16;16;16m▀[38;2;49;69;41m[48;2;16;16;16m▀[0m[38;2;71;92;63m[48;2;49;69;41m▀[0m[38;2;68;128;60m[48;2;71;92;63m▀[0m[38;2;68;128;60m[48;2;68;128;60m▀[0m[38;2;68;128;60m[48;2;68;128;60m▀[0m[38;2;68;128;60m[48;2;68;128;60m▀[0m[38;2;68;128;60m[48;2;68;128;60m▀[0m[38;2;68;128;60m[48;2;68;128;60m▀[0m[38;2;68;128;60m[48;2;68;128;60m▀[0m[38;2;68;128;60m[48;2;68;128;60m▀[0m[38;2;16;16;16m[48;2;68;128;60m▀[0m[38;2;16;16;16m[48;2;68;128;60m▀[0m[38;2;16;16;16m[48;2;16;16;16m▀[0m   [38;2;18;26;15m[48;2;18;26;15m▀[0m[38;2;34;46;29m[48;2;34;46;29m▀[0m[38;2;34;46;29m[48;2;34;46;29m▀[0m[38;2;34;46;29m[48;2;34;46;29m▀[0m[38;2;34;46;29m[48;2;18;26;15m▀[0m[38;2;18;26;15m[48;2;34;46;29m▀[0m[38;2;34;46;29m[48;2;49;69;41m▀[0m[38;2;34;46;29m[48;2;49;69;41m▀[0m[38;2;34;46;29m[48;2;34;46;29m▀[0m[38;2;34;46;29m[48;2;34;46;29m▀[0m[38;2;34;46;29m[48;2;34;46;29m▀[0m[38;2;16;16;16m[48;2;16;16;16m▀[0m           [38;2;16;16;16m[48;2;16;16;16m▀[0m[38;2;16;16;16m[48;2;68;128;60m▀[0m[38;2;16;16;16m[48;2;68;128;60m▀[0m[38;2;68;128;60m[48;2;68;128;60m▀[0m[38;2;68;128;60m[48;2;68;128;60m▀[0m[38;2;68;128;60m[48;2;68;128;60m▀[0m[38;2;68;128;60m[48;2;68;128;60m▀[0m[38;2;68;128;60m[48;2;68;128;60m▀[0m[38;2;68;128;60m[48;2;68;128;60m▀[0m[38;2;68;128;60m[48;2;68;128;60m▀[0m[38;2;68;128;60m[48;2;34;46;29m▀[0m[38;2;34;46;29m[48;2;49;69;41m▀[0m[38;2;49;69;41m[48;2;49;69;41m▀[0m[38;2;16;16;16m[48;2;16;16;16m▀[0m     
      [38;2;16;16;16m▀[38;2;49;69;41m[48;2;16;16;16m▀[0m[38;2;49;69;41m[48;2;16;16;16m▀[0m[38;2;71;92;63m[48;2;49;69;41m▀[0m[38;2;68;128;60m[48;2;49;69;41m▀[0m[38;2;68;128;60m[48;2;49;69;41m▀[0m[38;2;68;128;60m[48;2;49;69;41m▀[0m[38;2;68;128;60m[48;2;49;69;41m▀[0m[38;2;68;128;60m[48;2;16;16;16m▀[0m[38;2;68;128;60m[48;2;16;16;16m▀[0m[38;2;16;16;16m▀     [38;2;18;26;15m▀[38;2;34;46;29m[48;2;18;26;15m▀[0m[38;2;34;46;29m[48;2;34;46;29m▀[0m[38;2;18;26;15m[48;2;18;26;15m▀[0m[38;2;49;69;41m[48;2;49;69;41m▀[0m[38;2;49;69;41m[48;2;49;69;41m▀[0m[38;2;49;69;41m[48;2;49;69;41m▀[0m[38;2;49;69;41m[48;2;49;69;41m▀[0m[38;2;49;69;41m[48;2;49;69;41m▀[0m[38;2;16;16;16m[48;2;16;16;16m▀[0m[38;2;18;26;15m[48;2;18;26;15m▀[0m            [38;2;16;16;16m▀[38;2;71;92;63m[48;2;16;16;16m▀[0m[38;2;68;128;60m[48;2;16;16;16m▀[0m[38;2;68;128;60m[48;2;71;92;63m▀[0m[38;2;68;128;60m[48;2;71;92;63m▀[0m[38;2;68;128;60m[48;2;49;69;41m▀[0m[38;2;71;92;63m[48;2;49;69;41m▀[0m[38;2;34;46;29m[48;2;49;69;41m▀[0m[38;2;34;46;29m[48;2;49;69;41m▀[0m[38;2;49;69;41m[48;2;16;16;16m▀[0m[38;2;49;69;41m[48;2;16;16;16m▀[0m[38;2;16;16;16m▀      
         [38;2;16;16;16m▀[38;2;16;16;16m▀[38;2;16;16;16m▀[38;2;16;16;16m▀[38;2;16;16;16m▀          [38;2;18;26;15m▀[38;2;18;26;15m[48;2;18;26;15m▀[0m[38;2;49;69;41m[48;2;49;69;41m▀[0m[38;2;49;69;41m[48;2;49;69;41m▀[0m[38;2;49;69;41m[48;2;49;69;41m▀[0m[38;2;49;69;41m[48;2;49;69;41m▀[0m[38;2;49;69;41m[48;2;49;69;41m▀[0m[38;2;16;16;16m[48;2;49;69;41m▀[0m[38;2;18;26;15m[48;2;16;16;16m▀[0m[38;2;18;26;15m▄              [38;2;16;16;16m▀[38;2;16;16;16m▀[38;2;16;16;16m▀[38;2;16;16;16m▀[38;2;16;16;16m▀[38;2;16;16;16m▀         
                          [38;2;18;26;15m[48;2;18;26;15m▀[0m[38;2;49;69;41m[48;2;49;69;41m▀[0m[38;2;49;69;41m[48;2;49;69;41m▀[0m[38;2;49;69;41m[48;2;49;69;41m▀[0m[38;2;49;69;41m[48;2;49;69;41m▀[0m[38;2;49;69;41m[48;2;49;69;41m▀[0m[38;2;16;16;16m[48;2;16;16;16m▀[0m[38;2;18;26;15m[48;2;34;46;29m▀[0m[38;2;18;26;15m▄                            
                          [38;2;18;26;15m[48;2;18;26;15m▀[0m[38;2;49;69;41m[48;2;49;69;41m▀[0m[38;2;49;69;41m[48;2;49;69;41m▀[0m[38;2;49;69;41m[48;2;49;69;41m▀[0m[38;2;49;69;41m[48;2;49;69;41m▀[0m[38;2;49;69;41m[48;2;16;16;16m▀[0m[38;2;16;16;16m[48;2;34;46;29m▀[0m[38;2;34;46;29m[48;2;34;46;29m▀[0m[38;2;18;26;15m[48;2;34;46;29m▀[0m[38;2;16;16;16m▄                           
                          [38;2;18;26;15m[48;2;18;26;15m▀[0m[38;2;49;69;41m[48;2;49;69;41m▀[0m[38;2;49;69;41m[48;2;49;69;41m▀[0m[38;2;49;69;41m[48;2;49;69;41m▀[0m[38;2;49;69;41m[48;2;49;69;41m▀[0m[38;2;16;16;16m[48;2;16;16;16m▀[0m[38;2;34;46;29m[48;2;34;46;29m▀[0m[38;2;34;46;29m[48;2;34;46;29m▀[0m[38;2;34;46;29m[48;2;34;46;29m▀[0m[38;2;16;16;16m[48;2;16;16;16m▀[0m                           
                          [38;2;18;26;15m[48;2;18;26;15m▀[0m[38;2;49;69;41m[48;2;49;69;41m▀[0m[38;2;49;69;41m[48;2;49;69;41m▀[0m[38;2;49;69;41m[48;2;49;69;41m▀[0m[38;2;49;69;41m[48;2;16;16;16m▀[0m[38;2;16;16;16m[48;2;34;46;29m▀[0m[38;2;34;46;29m[48;2;34;46;29m▀[0m[38;2;34;46;29m[48;2;34;46;29m▀[0m[38;2;34;46;29m[48;2;16;16;16m▀[0m[38;2;16;16;16m▀                           
                         [38;2;18;26;15m▄[38;2;18;26;15m[48;2;49;69;41m▀[0m[38;2;49;69;41m[48;2;49;69;41m▀[0m[38;2;49;69;41m[48;2;49;69;41m▀[0m[38;2;49;69;41m[48;2;49;69;41m▀[0m[38;2;16;16;16m[48;2;16;16;16m▀[0m[38;2;34;46;29m[48;2;34;46;29m▀[0m[38;2;34;46;29m[48;2;34;46;29m▀[0m[38;2;34;46;29m[48;2;34;46;29m▀[0m[38;2;16;16;16m[48;2;16;16;16m▀[0m                            
                         [38;2;18;26;15m[48;2;18;26;15m▀[0m[38;2;49;69;41m[48;2;49;69;41m▀[0m[38;2;49;69;41m[48;2;49;69;41m▀[0m[38;2;49;69;41m[48;2;49;69;41m▀[0m[38;2;49;69;41m[48;2;16;16;16m▀[0m[38;2;16;16;16m[48;2;34;46;29m▀[0m[38;2;34;46;29m[48;2;34;46;29m▀[0m[38;2;34;46;29m[48;2;34;46;29m▀[0m[38;2;34;46;29m[48;2;16;16;16m▀[0m[38;2;16;16;16m▀                            
                       [38;2;18;26;15m▄[38;2;18;26;15m[48;2;34;46;29m▀[0m[38;2;49;69;41m[48;2;49;69;41m▀[0m[38;2;49;69;41m[48;2;49;69;41m▀[0m[38;2;49;69;41m[48;2;49;69;41m▀[0m[38;2;49;69;41m[48;2;49;69;41m▀[0m[38;2;16;16;16m[48;2;16;16;16m▀[0m[38;2;34;46;29m[48;2;34;46;29m▀[0m[38;2;34;46;29m[48;2;34;46;29m▀[0m[38;2;34;46;29m[48;2;16;16;16m▀[0m[38;2;16;16;16m▀                             
                     [38;2;18;26;15m▄[38;2;18;26;15m[48;2;49;69;41m▀[0m[38;2;71;92;63m[48;2;71;92;63m▀[0m[38;2;71;92;63m[48;2;34;46;29m▀[0m[38;2;71;92;63m[48;2;71;92;63m▀[0m[38;2;71;92;63m[48;2;71;92;63m▀[0m[38;2;49;69;41m[48;2;71;92;63m▀[0m[38;2;49;69;41m[48;2;49;69;41m▀[0m[38;2;16;16;16m[48;2;16;16;16m▀[0m[38;2;16;16;16m▀[38;2;16;16;16m▀                               
                     [38;2;18;26;15m▀[38;2;49;69;41m[48;2;16;16;16m▀[0m[38;2;18;26;15m[48;2;18;26;15m▀[0m[38;2;71;92;63m[48;2;49;69;41m▀[0m[38;2;71;92;63m[48;2;49;69;41m▀[0m[38;2;34;46;29m[48;2;16;16;16m▀[0m[38;2;49;69;41m[48;2;49;69;41m▀[0m[38;2;49;69;41m[48;2;16;16;16m▀[0m[38;2;16;16;16m▀                                 
                       [38;2;16;16;16m▀[38;2;16;16;16m▀[38;2;16;16;16m▀[38;2;16;16;16m▀[38;2;16;16;16m▀                                   
[0m