                                          [38;2;156;82;0m▄[38;2;156;82;0m[48;2;219;106;39m▀[0m[38;2;156;82;0m▄                                                   
                                          [38;2;156;82;0m[48;2;219;106;39m▀[0m[38;2;219;106;39m[48;2;219;106;39m▀[0m[38;2;156;82;0m[48;2;156;82;0m▀[0m                                               [38;2;156;82;0m▄[38;2;156;82;0m▄[38;2;156;82;0m[48;2;242;155;16m▀[0m[38;2;156;82;0m[48;2;156;82;0m▀[0m
                                         [38;2;156;82;0m▄[38;2;219;106;39m[48;2;219;106;39m▀[0m[38;2;219;106;39m[48;2;219;106;39m▀[0m[38;2;156;82;0m[48;2;156;82;0m▀[0m                                           [38;2;156;82;0m▄[38;2;156;82;0m▄[38;2;156;82;0m[48;2;242;155;16m▀[0m[38;2;156;82;0m[48;2;242;155;16m▀[0m[38;2;242;155;16m[48;2;242;155;16m▀[0m[38;2;242;155;16m[48;2;242;155;16m▀[0m[38;2;242;155;16m[48;2;156;82;0m▀[0m[38;2;156;82;0m▀
              [38;2;156;82;0m▄[38;2;156;82;0m▄[38;2;156;82;0m[48;2;255;193;95m▀[0m[38;2;156;82;0m[48;2;255;193;95m▀[0m                     [38;2;156;82;0m▄[38;2;156;82;0m[48;2;156;82;0m▀[0m[38;2;242;155;16m[48;2;156;82;0m▀[0m[38;2;219;106;39m[48;2;156;82;0m▀[0m[38;2;219;106;39m[48;2;156;82;0m▀[0m[38;2;156;82;0m[48;2;156;82;0m▀[0m                                       [38;2;156;82;0m▄[38;2;156;82;0m▄[38;2;156;82;0m[48;2;242;155;16m▀[0m[38;2;156;82;0m[48;2;242;155;16m▀[0m[38;2;242;155;16m[48;2;242;155;16m▀[0m[38;2;242;155;16m[48;2;242;155;16m▀[0m[38;2;242;155;16m[48;2;242;155;16m▀[0m[38;2;242;155;16m[48;2;242;155;16m▀[0m[38;2;242;155;16m[48;2;242;155;16m▀[0m[38;2;242;155;16m[48;2;156;82;0m▀[0m[38;2;156;82;0m▀ 
            [38;2;0;0;0m▄[38;2;156;82;0m[48;2;242;155;16m▀[0m[38;2;242;155;16m[48;2;242;155;16m▀[0m[38;2;242;155;16m[48;2;242;155;16m▀[0m[38;2;242;155;16m[48;2;242;155;16m▀[0m[38;2;242;155;16m[48;2;242;155;16m▀[0m[38;2;156;82;0m[48;2;242;155;16m▀[0m[38;2;0;0;0m▄           [38;2;156;82;0m▄[38;2;156;82;0m▄[38;2;156;82;0m[48;2;242;155;16m▀[0m[38;2;156;82;0m[48;2;242;155;16m▀[0m[38;2;156;82;0m[48;2;242;155;16m▀[0m[38;2;156;82;0m[48;2;242;155;16m▀[0m[38;2;156;82;0m[48;2;242;155;16m▀[0m[38;2;156;82;0m[48;2;242;155;16m▀[0m[38;2;242;155;16m[48;2;242;155;16m▀[0m[38;2;242;155;16m[48;2;242;155;16m▀[0m[38;2;242;155;16m[48;2;242;155;16m▀[0m[38;2;255;193;95m[48;2;242;155;16m▀[0m[38;2;255;193;95m[48;2;242;155;16m▀[0m[38;2;255;193;95m[48;2;242;155;16m▀[0m[38;2;156;82;0m[48;2;255;193;95m▀[0m[38;2;156;82;0m[48;2;255;193;95m▀[0m[38;2;156;82;0m[48;2;255;193;95m▀[0m[38;2;156;82;0m[48;2;255;193;95m▀[0m[38;2;156;82;0m▄[38;2;156;82;0m▄                              [38;2;156;82;0m▄[38;2;156;82;0m▄[38;2;156;82;0m[48;2;242;155;16m▀[0m[38;2;242;155;16m[48;2;242;155;16m▀[0m[38;2;242;155;16m[48;2;242;155;16m▀[0m[38;2;242;155;16m[48;2;242;155;16m▀[0m[38;2;242;155;16m[48;2;242;155;16m▀[0m[38;2;242;155;16m[48;2;242;155;16m▀[0m[38;2;242;155;16m[48;2;242;155;16m▀[0m[38;2;242;155;16m[48;2;242;155;16m▀[0m[38;2;242;155;16m[48;2;242;155;16m▀[0m[38;2;242;155;16m[48;2;242;155;16m▀[0m[38;2;156;82;0m[48;2;156;82;0m▀[0m  
           [38;2;0;0;0m[48;2;0;0;0m▀[0m[38;2;242;155;16m[48;2;91;85;86m▀[0m[38;2;91;85;86m[48;2;91;85;86m▀[0m[38;2;91;85;86m[48;2;91;85;86m▀[0m[38;2;91;85;86m[48;2;91;85;86m▀[0m[38;2;242;155;16m[48;2;0;0;0m▀[0m[38;2;156;82;0m▀[38;2;0;0;0m▀          [38;2;0;0;0m▄[38;2;156;82;0m[48;2;242;155;16m▀[0m[38;2;242;155;16m[48;2;242;155;16m▀[0m[38;2;242;155;16m[48;2;91;85;86m▀[0m[38;2;242;155;16m[48;2;91;85;86m▀[0m[38;2;242;155;16m[48;2;91;85;86m▀[0m[38;2;242;155;16m[48;2;91;85;86m▀[0m[38;2;242;155;16m[48;2;91;85;86m▀[0m[38;2;242;155;16m[48;2;242;155;16m▀[0m[38;2;242;155;16m[48;2;242;155;16m▀[0m[38;2;242;155;16m[48;2;242;155;16m▀[0m[38;2;242;155;16m[48;2;242;155;16m▀[0m[38;2;242;155;16m[48;2;242;155;16m▀[0m[38;2;242;155;16m[48;2;156;82;0m▀[0m[38;2;242;155;16m[48;2;156;82;0m▀[0m[38;2;242;155;16m[48;2;156;82;0m▀[0m[38;2;242;155;16m[48;2;156;82;0m▀[0m[38;2;242;155;16m[48;2;156;82;0m▀[0m[38;2;255;193;95m[48;2;156;82;0m▀[0m[38;2;255;193;95m[48;2;156;82;0m▀[0m[38;2;255;193;95m[48;2;156;82;0m▀[0m[38;2;255;193;95m[48;2;156;82;0m▀[0m[38;2;156;82;0m▀                          [38;2;156;82;0m▄[38;2;156;82;0m[48;2;249;191;57m▀[0m[38;2;156;82;0m[48;2;249;191;57m▀[0m[38;2;249;191;57m[48;2;249;191;57m▀[0m[38;2;249;191;57m[48;2;249;191;57m▀[0m[38;2;242;155;16m[48;2;242;155;16m▀[0m[38;2;242;155;16m[48;2;242;155;16m▀[0m[38;2;242;155;16m[48;2;242;155;16m▀[0m[38;2;242;155;16m[48;2;242;155;16m▀[0m[38;2;242;155;16m[48;2;242;155;16m▀[0m[38;2;242;155;16m[48;2;242;155;16m▀[0m[38;2;242;155;16m[48;2;242;155;16m▀[0m[38;2;242;155;16m[48;2;242;155;16m▀[0m[38;2;242;155;16m[48;2;242;155;16m▀[0m[38;2;156;82;0m[48;2;156;82;0m▀[0m   
          [38;2;0;0;0m[48;2;0;0;0m▀[0m[38;2;91;85;86m[48;2;50;43;42m▀[0m[38;2;91;85;86m[48;2;50;43;42m▀[0m[38;2;50;43;42m[48;2;50;43;42m▀[0m[38;2;50;43;42m[48;2;50;43;42m▀[0m[38;2;0;0;0m[48;2;0;0;0m▀[0m          [38;2;0;0;0m▄[38;2;50;43;42m[48;2;91;85;86m▀[0m[38;2;91;85;86m[48;2;91;85;86m▀[0m[38;2;242;155;16m[48;2;91;85;86m▀[0m[38;2;91;85;86m[48;2;91;85;86m▀[0m[38;2;91;85;86m[48;2;91;85;86m▀[0m[38;2;91;85;86m[48;2;91;85;86m▀[0m[38;2;91;85;86m[48;2;91;85;86m▀[0m[38;2;91;85;86m[48;2;91;85;86m▀[0m[38;2;91;85;86m[48;2;91;85;86m▀[0m[38;2;91;85;86m[48;2;91;85;86m▀[0m[38;2;91;85;86m[48;2;0;0;0m▀[0m[38;2;91;85;86m[48;2;0;0;0m▀[0m[38;2;0;0;0m[48;2;240;150;18m▀[0m[38;2;0;0;0m[48;2;240;150;18m▀[0m[38;2;0;0;0m[48;2;240;150;18m▀[0m[38;2;219;106;39m[48;2;219;106;39m▀[0m[38;2;219;106;39m[48;2;219;106;39m▀[0m[38;2;156;82;0m[48;2;156;82;0m▀[0m                    [38;2;156;82;0m▄         [38;2;156;82;0m▄[38;2;156;82;0m▄[38;2;156;82;0m[48;2;255;227;98m▀[0m[38;2;255;227;98m[48;2;255;227;98m▀[0m[38;2;249;191;57m[48;2;249;191;57m▀[0m[38;2;249;191;57m[48;2;249;191;57m▀[0m[38;2;249;191;57m[48;2;249;191;57m▀[0m[38;2;242;155;16m[48;2;242;155;16m▀[0m[38;2;242;155;16m[48;2;242;155;16m▀[0m[38;2;242;155;16m[48;2;242;155;16m▀[0m[38;2;242;155;16m[48;2;242;155;16m▀[0m[38;2;242;155;16m[48;2;242;155;16m▀[0m[38;2;242;155;16m[48;2;242;155;16m▀[0m[38;2;242;155;16m[48;2;242;155;16m▀[0m[38;2;242;155;16m[48;2;242;155;16m▀[0m[38;2;242;155;16m[48;2;242;155;16m▀[0m[38;2;242;155;16m[48;2;156;82;0m▀[0m[38;2;156;82;0m▀   
         [38;2;0;0;0m[48;2;0;0;0m▀[0m[38;2;50;43;42m[48;2;50;43;42m▀[0m[38;2;50;43;42m[48;2;50;43;42m▀[0m[38;2;50;43;42m[48;2;50;43;42m▀[0m[38;2;50;43;42m[48;2;50;43;42m▀[0m[38;2;0;0;0m[48;2;0;0;0m▀[0m[38;2;156;82;0m▄[38;2;156;82;0m▄[38;2;156;82;0m[48;2;255;247;130m▀[0m[38;2;156;82;0m[48;2;255;247;130m▀[0m[38;2;156;82;0m[48;2;255;247;130m▀[0m[38;2;156;82;0m[48;2;255;247;130m▀[0m[38;2;156;82;0m▄[38;2;156;82;0m▄ [38;2;0;0;0m▄[38;2;0;0;0m[48;2;91;85;86m▀[0m[38;2;91;85;86m[48;2;91;85;86m▀[0m[38;2;91;85;86m[48;2;91;85;86m▀[0m[38;2;91;85;86m[48;2;91;85;86m▀[0m[38;2;91;85;86m[48;2;91;85;86m▀[0m[38;2;91;85;86m[48;2;91;85;86m▀[0m[38;2;91;85;86m[48;2;91;85;86m▀[0m[38;2;91;85;86m[48;2;91;85;86m▀[0m[38;2;91;85;86m[48;2;91;85;86m▀[0m[38;2;91;85;86m[48;2;0;0;0m▀[0m[38;2;0;0;0m[48;2;50;43;42m▀[0m[38;2;0;0;0m[48;2;240;150;18m▀[0m[38;2;240;150;18m[48;2;240;150;18m▀[0m[38;2;240;150;18m[48;2;240;150;18m▀[0m[38;2;240;150;18m[48;2;240;150;18m▀[0m[38;2;240;150;18m[48;2;240;150;18m▀[0m[38;2;240;150;18m[48;2;240;150;18m▀[0m[38;2;219;106;39m[48;2;219;106;39m▀[0m[38;2;219;106;39m[48;2;219;106;39m▀[0m[38;2;156;82;0m[48;2;156;82;0m▀[0m                 [38;2;156;82;0m▄[38;2;156;82;0m▄[38;2;156;82;0m[48;2;255;227;98m▀[0m[38;2;255;227;98m[48;2;255;227;98m▀[0m      [38;2;156;82;0m▄[38;2;156;82;0m[48;2;255;227;98m▀[0m[38;2;156;82;0m[48;2;255;227;98m▀[0m[38;2;255;227;98m[48;2;255;227;98m▀[0m[38;2;255;227;98m[48;2;255;227;98m▀[0m[38;2;255;227;98m[48;2;255;227;98m▀[0m[38;2;255;227;98m[48;2;249;191;57m▀[0m[38;2;249;191;57m[48;2;249;191;57m▀[0m[38;2;249;191;57m[48;2;249;191;57m▀[0m[38;2;249;191;57m[48;2;249;191;57m▀[0m[38;2;242;155;16m[48;2;242;155;16m▀[0m[38;2;242;155;16m[48;2;242;155;16m▀[0m[38;2;242;155;16m[48;2;242;155;16m▀[0m[38;2;242;155;16m[48;2;242;155;16m▀[0m[38;2;242;155;16m[48;2;242;155;16m▀[0m[38;2;242;155;16m[48;2;242;155;16m▀[0m[38;2;242;155;16m[48;2;242;155;16m▀[0m[38;2;242;155;16m[48;2;242;155;16m▀[0m[38;2;242;155;16m[48;2;242;155;16m▀[0m[38;2;156;82;0m[48;2;156;82;0m▀[0m    
         [38;2;0;0;0m[48;2;0;0;0m▀[0m[38;2;50;43;42m[48;2;50;43;42m▀[0m[38;2;50;43;42m[48;2;0;0;0m▀[0m[38;2;0;0;0m[48;2;247;184;56m▀[0m[38;2;247;184;56m[48;2;255;247;130m▀[0m[38;2;255;247;130m[48;2;255;247;130m▀[0m[38;2;255;247;130m[48;2;255;247;130m▀[0m[38;2;255;247;130m[48;2;255;247;130m▀[0m[38;2;255;247;130m[48;2;255;247;130m▀[0m[38;2;255;247;130m[48;2;255;247;130m▀[0m[38;2;255;247;130m[48;2;255;247;130m▀[0m[38;2;255;247;130m[48;2;255;247;130m▀[0m[38;2;255;247;130m[48;2;255;247;130m▀[0m[38;2;0;0;0m[48;2;0;0;0m▀[0m[38;2;50;43;42m[48;2;50;43;42m▀[0m[38;2;50;43;42m[48;2;50;43;42m▀[0m[38;2;50;43;42m[48;2;50;43;42m▀[0m[38;2;91;85;86m[48;2;50;43;42m▀[0m[38;2;91;85;86m[48;2;50;43;42m▀[0m[38;2;91;85;86m[48;2;50;43;42m▀[0m[38;2;91;85;86m[48;2;50;43;42m▀[0m[38;2;50;43;42m[48;2;50;43;42m▀[0m[38;2;50;43;42m[48;2;0;0;0m▀[0m[38;2;0;0;0m▀[38;2;50;43;42m▄[38;2;50;43;42m[48;2;50;43;42m▀[0m[38;2;50;43;42m[48;2;240;150;18m▀[0m[38;2;240;150;18m[48;2;240;150;18m▀[0m[38;2;240;150;18m[48;2;240;150;18m▀[0m[38;2;240;150;18m[48;2;240;150;18m▀[0m[38;2;240;150;18m[48;2;240;150;18m▀[0m[38;2;240;150;18m[48;2;240;150;18m▀[0m[38;2;219;106;39m[48;2;219;106;39m▀[0m[38;2;219;106;39m[48;2;219;106;39m▀[0m[38;2;156;82;0m[48;2;156;82;0m▀[0m     [38;2;50;43;42m▄[38;2;50;43;42m▄[38;2;50;43;42m[48;2;91;85;86m▀[0m[38;2;50;43;42m[48;2;91;85;86m▀[0m[38;2;50;43;42m[48;2;50;43;42m▀[0m    [38;2;156;82;0m▄[38;2;156;82;0m▄[38;2;156;82;0m[48;2;255;227;98m▀[0m[38;2;255;227;98m[48;2;255;227;98m▀[0m[38;2;255;227;98m[48;2;255;227;98m▀[0m[38;2;255;227;98m[48;2;255;227;98m▀[0m[38;2;255;227;98m[48;2;255;227;98m▀[0m[38;2;255;227;98m[48;2;255;227;98m▀[0m[38;2;156;82;0m[48;2;156;82;0m▀[0m[38;2;156;82;0m▄[38;2;156;82;0m[48;2;255;227;98m▀[0m[38;2;156;82;0m[48;2;255;227;98m▀[0m[38;2;255;227;98m[48;2;255;227;98m▀[0m[38;2;255;227;98m[48;2;255;227;98m▀[0m[38;2;255;227;98m[48;2;255;227;98m▀[0m[38;2;255;227;98m[48;2;255;227;98m▀[0m[38;2;255;227;98m[48;2;255;227;98m▀[0m[38;2;255;227;98m[48;2;255;227;98m▀[0m[38;2;255;227;98m[48;2;255;227;98m▀[0m[38;2;255;227;98m[48;2;255;227;98m▀[0m[38;2;249;191;57m[48;2;249;191;57m▀[0m[38;2;249;191;57m[48;2;249;191;57m▀[0m[38;2;249;191;57m[48;2;249;191;57m▀[0m[38;2;242;155;16m[48;2;242;155;16m▀[0m[38;2;242;155;16m[48;2;242;155;16m▀[0m[38;2;242;155;16m[48;2;242;155;16m▀[0m[38;2;242;155;16m[48;2;242;155;16m▀[0m[38;2;242;155;16m[48;2;242;155;16m▀[0m[38;2;242;155;16m[48;2;242;155;16m▀[0m[38;2;242;155;16m[48;2;242;155;16m▀[0m[38;2;242;155;16m[48;2;242;155;16m▀[0m[38;2;242;155;16m[48;2;242;155;16m▀[0m[38;2;156;82;0m[48;2;156;82;0m▀[0m     
          [38;2;0;0;0m[48;2;156;82;0m▀[0m[38;2;156;82;0m[48;2;255;247;130m▀[0m[38;2;255;247;130m[48;2;255;247;130m▀[0m[38;2;255;247;130m[48;2;255;247;130m▀[0m[38;2;255;247;130m[48;2;255;247;130m▀[0m[38;2;255;247;130m[48;2;255;247;130m▀[0m[38;2;255;247;130m[48;2;255;247;130m▀[0m[38;2;255;247;130m[48;2;255;247;130m▀[0m[38;2;255;247;130m[48;2;255;247;130m▀[0m[38;2;255;247;130m[48;2;255;247;130m▀[0m[38;2;255;247;130m[48;2;255;247;130m▀[0m[38;2;255;247;130m[48;2;255;247;130m▀[0m[38;2;0;0;0m[48;2;255;247;130m▀[0m[38;2;50;43;42m[48;2;0;0;0m▀[0m[38;2;50;43;42m[48;2;50;43;42m▀[0m[38;2;50;43;42m[48;2;50;43;42m▀[0m[38;2;50;43;42m[48;2;50;43;42m▀[0m[38;2;50;43;42m[48;2;50;43;42m▀[0m[38;2;50;43;42m[48;2;50;43;42m▀[0m[38;2;50;43;42m[48;2;50;43;42m▀[0m[38;2;50;43;42m[48;2;50;43;42m▀[0m[38;2;0;0;0m[48;2;50;43;42m▀[0m[38;2;0;0;0m▄[38;2;50;43;42m[48;2;0;0;0m▀[0m[38;2;50;43;42m[48;2;0;0;0m▀[0m[38;2;50;43;42m[48;2;50;43;42m▀[0m[38;2;50;43;42m[48;2;50;43;42m▀[0m[38;2;240;150;18m[48;2;240;150;18m▀[0m[38;2;240;150;18m[48;2;240;150;18m▀[0m[38;2;240;150;18m[48;2;240;150;18m▀[0m[38;2;240;150;18m[48;2;240;150;18m▀[0m[38;2;219;106;39m[48;2;219;106;39m▀[0m[38;2;219;106;39m[48;2;219;106;39m▀[0m[38;2;156;82;0m[48;2;156;82;0m▀[0m[38;2;0;0;0m▄[38;2;0;0;0m▄[38;2;0;0;0m▄[38;2;50;43;42m[48;2;50;43;42m▀[0m[38;2;50;43;42m[48;2;50;43;42m▀[0m[38;2;91;85;86m[48;2;91;85;86m▀[0m[38;2;91;85;86m[48;2;91;85;86m▀[0m[38;2;91;85;86m[48;2;91;85;86m▀[0m[38;2;91;85;86m[48;2;91;85;86m▀[0m[38;2;50;43;42m[48;2;50;43;42m▀[0m[38;2;50;43;42m▄[38;2;50;43;42m▄[38;2;50;43;42m[48;2;91;85;86m▀[0m[38;2;50;43;42m[48;2;255;227;98m▀[0m[38;2;255;227;98m[48;2;255;227;98m▀[0m[38;2;255;227;98m[48;2;255;227;98m▀[0m[38;2;255;227;98m[48;2;255;227;98m▀[0m[38;2;255;227;98m[48;2;255;227;98m▀[0m[38;2;255;227;98m[48;2;255;227;98m▀[0m[38;2;255;227;98m[48;2;255;227;98m▀[0m[38;2;255;227;98m[48;2;255;227;98m▀[0m[38;2;255;227;98m[48;2;255;227;98m▀[0m[38;2;255;227;98m[48;2;255;227;98m▀[0m[38;2;255;227;98m[48;2;255;227;98m▀[0m[38;2;255;227;98m[48;2;255;227;98m▀[0m[38;2;255;227;98m[48;2;255;227;98m▀[0m[38;2;255;227;98m[48;2;255;227;98m▀[0m[38;2;255;227;98m[48;2;255;227;98m▀[0m[38;2;255;227;98m[48;2;255;227;98m▀[0m[38;2;255;227;98m[48;2;255;227;98m▀[0m[38;2;255;227;98m[48;2;255;227;98m▀[0m[38;2;255;227;98m[48;2;255;227;98m▀[0m[38;2;255;227;98m[48;2;255;227;98m▀[0m[38;2;255;227;98m[48;2;255;227;98m▀[0m[38;2;249;191;57m[48;2;249;191;57m▀[0m[38;2;249;191;57m[48;2;249;191;57m▀[0m[38;2;249;191;57m[48;2;242;155;16m▀[0m[38;2;242;155;16m[48;2;242;155;16m▀[0m[38;2;242;155;16m[48;2;242;155;16m▀[0m[38;2;242;155;16m[48;2;242;155;16m▀[0m[38;2;242;155;16m[48;2;242;155;16m▀[0m[38;2;242;155;16m[48;2;242;155;16m▀[0m[38;2;242;155;16m[48;2;242;155;16m▀[0m[38;2;242;155;16m[48;2;242;155;16m▀[0m[38;2;242;155;16m[48;2;242;155;16m▀[0m[38;2;242;155;16m[48;2;242;155;16m▀[0m[38;2;156;82;0m▀     
         [38;2;0;0;0m▄[38;2;156;82;0m[48;2;255;247;130m▀[0m[38;2;255;247;130m[48;2;255;247;130m▀[0m[38;2;255;247;130m[48;2;0;0;0m▀[0m[38;2;255;247;130m[48;2;255;247;130m▀[0m[38;2;255;247;130m[48;2;255;247;130m▀[0m[38;2;255;247;130m[48;2;255;247;130m▀[0m[38;2;255;247;130m[48;2;255;247;130m▀[0m[38;2;255;247;130m[48;2;255;247;130m▀[0m[38;2;255;247;130m[48;2;255;247;130m▀[0m[38;2;255;247;130m[48;2;255;247;130m▀[0m[38;2;255;247;130m[48;2;255;247;130m▀[0m[38;2;255;247;130m[48;2;255;247;130m▀[0m[38;2;255;247;130m[48;2;255;247;130m▀[0m[38;2;255;247;130m[48;2;255;247;130m▀[0m[38;2;0;0;0m[48;2;255;247;130m▀[0m[38;2;0;0;0m[48;2;255;247;130m▀[0m[38;2;0;0;0m[48;2;247;184;56m▀[0m[38;2;50;43;42m[48;2;0;0;0m▀[0m[38;2;50;43;42m[48;2;0;0;0m▀[0m[38;2;50;43;42m[48;2;0;0;0m▀[0m[38;2;50;43;42m[48;2;0;0;0m▀[0m[38;2;50;43;42m[48;2;0;0;0m▀[0m[38;2;50;43;42m[48;2;0;0;0m▀[0m[38;2;50;43;42m[48;2;0;0;0m▀[0m[38;2;50;43;42m[48;2;0;0;0m▀[0m[38;2;0;0;0m[48;2;50;43;42m▀[0m[38;2;240;150;18m[48;2;0;0;0m▀[0m[38;2;240;150;18m[48;2;240;150;18m▀[0m[38;2;240;150;18m[48;2;240;150;18m▀[0m[38;2;240;150;18m[48;2;240;150;18m▀[0m[38;2;240;150;18m[48;2;240;150;18m▀[0m[38;2;219;106;39m[48;2;0;0;0m▀[0m[38;2;0;0;0m[48;2;50;43;42m▀[0m[38;2;0;0;0m[48;2;50;43;42m▀[0m[38;2;50;43;42m[48;2;50;43;42m▀[0m[38;2;50;43;42m[48;2;50;43;42m▀[0m[38;2;50;43;42m[48;2;50;43;42m▀[0m[38;2;50;43;42m[48;2;50;43;42m▀[0m[38;2;91;85;86m[48;2;91;85;86m▀[0m[38;2;91;85;86m[48;2;91;85;86m▀[0m[38;2;91;85;86m[48;2;91;85;86m▀[0m[38;2;91;85;86m[48;2;91;85;86m▀[0m[38;2;91;85;86m[48;2;91;85;86m▀[0m[38;2;50;43;42m[48;2;91;85;86m▀[0m[38;2;91;85;86m[48;2;91;85;86m▀[0m[38;2;91;85;86m[48;2;255;227;98m▀[0m[38;2;255;227;98m[48;2;255;227;98m▀[0m[38;2;255;227;98m[48;2;255;227;98m▀[0m[38;2;255;227;98m[48;2;255;227;98m▀[0m[38;2;255;227;98m[48;2;255;227;98m▀[0m[38;2;255;227;98m[48;2;255;227;98m▀[0m[38;2;255;227;98m[48;2;255;227;98m▀[0m[38;2;255;227;98m[48;2;255;227;98m▀[0m[38;2;255;227;98m[48;2;255;227;98m▀[0m[38;2;255;227;98m[48;2;255;227;98m▀[0m[38;2;255;227;98m[48;2;255;227;98m▀[0m[38;2;255;227;98m[48;2;255;227;98m▀[0m[38;2;255;227;98m[48;2;255;227;98m▀[0m[38;2;255;227;98m[48;2;255;227;98m▀[0m[38;2;255;227;98m[48;2;255;227;98m▀[0m[38;2;255;227;98m[48;2;255;227;98m▀[0m[38;2;255;227;98m[48;2;255;227;98m▀[0m[38;2;255;227;98m[48;2;255;227;98m▀[0m[38;2;255;227;98m[48;2;255;227;98m▀[0m[38;2;255;227;98m[48;2;255;227;98m▀[0m[38;2;255;227;98m[48;2;255;227;98m▀[0m[38;2;255;227;98m[48;2;255;227;98m▀[0m[38;2;255;227;98m[48;2;255;227;98m▀[0m[38;2;249;191;57m[48;2;249;191;57m▀[0m[38;2;249;191;57m[48;2;249;191;57m▀[0m[38;2;242;155;16m[48;2;242;155;16m▀[0m[38;2;242;155;16m[48;2;242;155;16m▀[0m[38;2;242;155;16m[48;2;242;155;16m▀[0m[38;2;242;155;16m[48;2;242;155;16m▀[0m[38;2;242;155;16m[48;2;242;155;16m▀[0m[38;2;242;155;16m[48;2;242;155;16m▀[0m[38;2;242;155;16m[48;2;242;155;16m▀[0m[38;2;242;155;16m[48;2;242;155;16m▀[0m[38;2;242;155;16m[48;2;242;155;16m▀[0m[38;2;242;155;16m[48;2;242;155;16m▀[0m      
        [38;2;0;0;0m▄[38;2;156;82;0m[48;2;255;247;130m▀[0m[38;2;255;247;130m[48;2;255;247;130m▀[0m[38;2;0;0;0m[48;2;189;24;8m▀[0m[38;2;255;255;255m[48;2;189;24;8m▀[0m[38;2;247;184;56m[48;2;0;0;0m▀[0m[38;2;255;247;130m[48;2;255;247;130m▀[0m[38;2;255;247;130m[48;2;255;247;130m▀[0m[38;2;255;247;130m[48;2;255;247;130m▀[0m[38;2;255;247;130m[48;2;255;247;130m▀[0m[38;2;255;247;130m[48;2;156;82;0m▀[0m[38;2;247;184;56m[48;2;255;255;255m▀[0m[38;2;0;0;0m[48;2;0;0;0m▀[0m[38;2;255;247;130m[48;2;0;0;0m▀[0m[38;2;255;247;130m[48;2;255;247;130m▀[0m[38;2;255;247;130m[48;2;255;247;130m▀[0m[38;2;255;247;130m[48;2;255;247;130m▀[0m[38;2;255;247;130m[48;2;255;247;130m▀[0m[38;2;247;184;56m[48;2;247;184;56m▀[0m[38;2;247;184;56m[48;2;247;184;56m▀[0m[38;2;0;0;0m[48;2;0;0;0m▀[0m   [38;2;0;0;0m[48;2;0;0;0m▀[0m[38;2;50;43;42m[48;2;50;43;42m▀[0m[38;2;50;43;42m[48;2;50;43;42m▀[0m[38;2;0;0;0m[48;2;50;43;42m▀[0m[38;2;0;0;0m[48;2;50;43;42m▀[0m[38;2;0;0;0m[48;2;0;0;0m▀[0m[38;2;240;150;18m[48;2;0;0;0m▀[0m[38;2;0;0;0m[48;2;50;43;42m▀[0m[38;2;0;0;0m[48;2;50;43;42m▀[0m[38;2;50;43;42m[48;2;50;43;42m▀[0m[38;2;50;43;42m[48;2;50;43;42m▀[0m[38;2;50;43;42m[48;2;50;43;42m▀[0m[38;2;50;43;42m[48;2;50;43;42m▀[0m[38;2;50;43;42m[48;2;50;43;42m▀[0m[38;2;50;43;42m[48;2;50;43;42m▀[0m[38;2;50;43;42m[48;2;91;85;86m▀[0m[38;2;91;85;86m[48;2;91;85;86m▀[0m[38;2;91;85;86m[48;2;91;85;86m▀[0m[38;2;91;85;86m[48;2;91;85;86m▀[0m[38;2;91;85;86m[48;2;91;85;86m▀[0m[38;2;91;85;86m[48;2;91;85;86m▀[0m[38;2;91;85;86m[48;2;91;85;86m▀[0m[38;2;91;85;86m[48;2;91;85;86m▀[0m[38;2;91;85;86m[48;2;91;85;86m▀[0m[38;2;91;85;86m[48;2;91;85;86m▀[0m[38;2;255;227;98m[48;2;91;85;86m▀[0m[38;2;255;227;98m[48;2;91;85;86m▀[0m[38;2;255;227;98m[48;2;255;227;98m▀[0m[38;2;255;227;98m[48;2;255;227;98m▀[0m[38;2;255;227;98m[48;2;255;227;98m▀[0m[38;2;255;227;98m[48;2;255;227;98m▀[0m[38;2;255;227;98m[48;2;255;227;98m▀[0m[38;2;255;227;98m[48;2;255;227;98m▀[0m[38;2;255;227;98m[48;2;255;227;98m▀[0m[38;2;255;227;98m[48;2;255;227;98m▀[0m[38;2;255;227;98m[48;2;255;227;98m▀[0m[38;2;255;227;98m[48;2;255;227;98m▀[0m[38;2;255;227;98m[48;2;255;227;98m▀[0m[38;2;255;227;98m[48;2;255;227;98m▀[0m[38;2;255;227;98m[48;2;255;227;98m▀[0m[38;2;255;227;98m[48;2;255;227;98m▀[0m[38;2;255;227;98m[48;2;255;227;98m▀[0m[38;2;255;227;98m[48;2;255;227;98m▀[0m[38;2;255;227;98m[48;2;255;227;98m▀[0m[38;2;255;227;98m[48;2;255;227;98m▀[0m[38;2;249;191;57m[48;2;249;191;57m▀[0m[38;2;249;191;57m[48;2;249;191;57m▀[0m[38;2;249;191;57m[48;2;242;155;16m▀[0m[38;2;242;155;16m[48;2;242;155;16m▀[0m[38;2;242;155;16m[48;2;242;155;16m▀[0m[38;2;242;155;16m[48;2;242;155;16m▀[0m[38;2;242;155;16m[48;2;242;155;16m▀[0m[38;2;242;155;16m[48;2;242;155;16m▀[0m[38;2;242;155;16m[48;2;242;155;16m▀[0m[38;2;242;155;16m[48;2;242;155;16m▀[0m[38;2;242;155;16m[48;2;242;155;16m▀[0m[38;2;242;155;16m[48;2;242;155;16m▀[0m[38;2;156;82;0m[48;2;156;82;0m▀[0m      
        [38;2;0;0;0m[48;2;0;0;0m▀[0m[38;2;197;32;24m[48;2;230;90;65m▀[0m[38;2;255;247;130m[48;2;197;32;24m▀[0m[38;2;255;247;130m[48;2;255;247;130m▀[0m[38;2;0;0;0m[48;2;255;247;130m▀[0m[38;2;255;247;130m[48;2;255;247;130m▀[0m[38;2;255;247;130m[48;2;0;0;0m▀[0m[38;2;255;247;130m[48;2;156;82;0m▀[0m[38;2;255;247;130m[48;2;255;247;130m▀[0m[38;2;255;247;130m[48;2;255;247;130m▀[0m[38;2;0;0;0m[48;2;255;247;130m▀[0m[38;2;0;0;0m[48;2;0;0;0m▀[0m[38;2;189;24;8m[48;2;189;24;8m▀[0m[38;2;0;0;0m[48;2;255;247;130m▀[0m[38;2;255;247;130m[48;2;255;247;130m▀[0m[38;2;255;247;130m[48;2;197;32;24m▀[0m[38;2;255;247;130m[48;2;197;32;24m▀[0m[38;2;247;184;56m[48;2;247;184;56m▀[0m[38;2;247;184;56m[48;2;247;184;56m▀[0m[38;2;247;184;56m[48;2;247;184;56m▀[0m[38;2;0;0;0m[48;2;0;0;0m▀[0m[38;2;0;0;0m[48;2;134;65;32m▀[0m[38;2;0;0;0m▄[38;2;0;0;0m[48;2;0;0;0m▀[0m[38;2;50;43;42m[48;2;50;43;42m▀[0m[38;2;50;43;42m[48;2;0;0;0m▀[0m[38;2;0;0;0m[48;2;0;0;0m▀[0m[38;2;0;0;0m[48;2;50;43;42m▀[0m[38;2;0;0;0m[48;2;50;43;42m▀[0m[38;2;50;43;42m[48;2;50;43;42m▀[0m[38;2;50;43;42m[48;2;50;43;42m▀[0m[38;2;0;0;0m[48;2;0;0;0m▀[0m[38;2;50;43;42m[48;2;50;43;42m▀[0m[38;2;50;43;42m[48;2;50;43;42m▀[0m[38;2;50;43;42m[48;2;50;43;42m▀[0m[38;2;50;43;42m[48;2;50;43;42m▀[0m[38;2;50;43;42m[48;2;0;0;0m▀[0m[38;2;50;43;42m[48;2;0;0;0m▀[0m[38;2;50;43;42m[48;2;0;0;0m▀[0m[38;2;91;85;86m[48;2;0;0;0m▀[0m[38;2;91;85;86m[48;2;50;43;42m▀[0m[38;2;91;85;86m[48;2;91;85;86m▀[0m[38;2;91;85;86m[48;2;91;85;86m▀[0m[38;2;91;85;86m[48;2;91;85;86m▀[0m[38;2;91;85;86m[48;2;91;85;86m▀[0m[38;2;91;85;86m[48;2;91;85;86m▀[0m[38;2;91;85;86m[48;2;91;85;86m▀[0m[38;2;91;85;86m[48;2;255;227;98m▀[0m[38;2;91;85;86m[48;2;255;227;98m▀[0m[38;2;255;227;98m[48;2;255;227;98m▀[0m[38;2;255;227;98m[48;2;255;227;98m▀[0m[38;2;255;227;98m[48;2;255;227;98m▀[0m[38;2;255;227;98m[48;2;255;227;98m▀[0m[38;2;255;227;98m[48;2;255;227;98m▀[0m[38;2;255;227;98m[48;2;255;227;98m▀[0m[38;2;255;227;98m[48;2;255;227;98m▀[0m[38;2;255;227;98m[48;2;255;227;98m▀[0m[38;2;255;227;98m[48;2;255;227;98m▀[0m[38;2;255;227;98m[48;2;255;227;98m▀[0m[38;2;255;227;98m[48;2;255;227;98m▀[0m[38;2;255;227;98m[48;2;255;227;98m▀[0m[38;2;255;227;98m[48;2;255;227;98m▀[0m[38;2;255;227;98m[48;2;255;227;98m▀[0m[38;2;255;227;98m[48;2;255;227;98m▀[0m[38;2;255;227;98m[48;2;255;227;98m▀[0m[38;2;255;227;98m[48;2;255;227;98m▀[0m[38;2;255;227;98m[48;2;255;227;98m▀[0m[38;2;255;227;98m[48;2;255;227;98m▀[0m[38;2;255;227;98m[48;2;255;227;98m▀[0m[38;2;249;191;57m[48;2;249;191;57m▀[0m[38;2;249;191;57m[48;2;249;191;57m▀[0m[38;2;242;155;16m[48;2;242;155;16m▀[0m[38;2;242;155;16m[48;2;242;155;16m▀[0m[38;2;242;155;16m[48;2;242;155;16m▀[0m[38;2;242;155;16m[48;2;242;155;16m▀[0m[38;2;242;155;16m[48;2;242;155;16m▀[0m[38;2;242;155;16m[48;2;242;155;16m▀[0m[38;2;242;155;16m[48;2;242;155;16m▀[0m[38;2;242;155;16m[48;2;242;155;16m▀[0m[38;2;242;155;16m[48;2;242;155;16m▀[0m[38;2;242;155;16m[48;2;156;82;0m▀[0m[38;2;156;82;0m▀      
        [38;2;0;0;0m▀[38;2;197;32;24m[48;2;0;0;0m▀[0m[38;2;230;90;65m[48;2;247;184;56m▀[0m[38;2;255;247;130m[48;2;247;184;56m▀[0m[38;2;156;82;0m[48;2;255;247;130m▀[0m[38;2;255;247;130m[48;2;255;247;130m▀[0m[38;2;255;247;130m[48;2;255;247;130m▀[0m[38;2;255;247;130m[48;2;255;247;130m▀[0m[38;2;255;247;130m[48;2;255;247;130m▀[0m[38;2;255;247;130m[48;2;0;0;0m▀[0m[38;2;255;247;130m[48;2;255;247;130m▀[0m[38;2;255;247;130m[48;2;255;247;130m▀[0m[38;2;255;247;130m[48;2;255;247;130m▀[0m[38;2;255;247;130m[48;2;197;32;24m▀[0m[38;2;230;90;65m[48;2;230;90;65m▀[0m[38;2;230;90;65m[48;2;230;90;65m▀[0m[38;2;230;90;65m[48;2;197;32;24m▀[0m[38;2;197;32;24m[48;2;197;32;24m▀[0m[38;2;247;184;56m[48;2;247;184;56m▀[0m[38;2;247;184;56m[48;2;156;82;0m▀[0m[38;2;0;0;0m[48;2;247;184;56m▀[0m[38;2;134;65;32m[48;2;247;184;56m▀[0m[38;2;247;184;56m[48;2;134;65;32m▀[0m[38;2;0;0;0m[48;2;247;184;56m▀[0m[38;2;0;0;0m[48;2;134;65;32m▀[0m[38;2;50;43;42m[48;2;134;65;32m▀[0m[38;2;50;43;42m[48;2;0;0;0m▀[0m[38;2;0;0;0m[48;2;240;150;18m▀[0m[38;2;0;0;0m[48;2;240;150;18m▀[0m[38;2;0;0;0m[48;2;240;150;18m▀[0m[38;2;0;0;0m[48;2;0;0;0m▀[0m[38;2;50;43;42m▀[38;2;50;43;42m▀[38;2;0;0;0m▀[38;2;0;0;0m▀[38;2;0;0;0m▀   [38;2;50;43;42m▄[38;2;50;43;42m[48;2;91;85;86m▀[0m[38;2;91;85;86m[48;2;91;85;86m▀[0m[38;2;91;85;86m[48;2;91;85;86m▀[0m[38;2;91;85;86m[48;2;91;85;86m▀[0m[38;2;91;85;86m[48;2;91;85;86m▀[0m[38;2;91;85;86m[48;2;91;85;86m▀[0m[38;2;255;227;98m[48;2;91;85;86m▀[0m[38;2;255;227;98m[48;2;91;85;86m▀[0m[38;2;255;227;98m[48;2;91;85;86m▀[0m[38;2;255;227;98m[48;2;255;227;98m▀[0m[38;2;255;227;98m[48;2;255;227;98m▀[0m[38;2;255;227;98m[48;2;255;227;98m▀[0m[38;2;255;227;98m[48;2;255;227;98m▀[0m[38;2;255;227;98m[48;2;255;227;98m▀[0m[38;2;255;227;98m[48;2;255;227;98m▀[0m[38;2;255;227;98m[48;2;255;227;98m▀[0m[38;2;255;227;98m[48;2;255;227;98m▀[0m[38;2;255;227;98m[48;2;255;227;98m▀[0m[38;2;255;227;98m[48;2;255;227;98m▀[0m[38;2;255;227;98m[48;2;255;227;98m▀[0m[38;2;255;227;98m[48;2;255;227;98m▀[0m[38;2;255;227;98m[48;2;255;227;98m▀[0m[38;2;255;227;98m[48;2;255;227;98m▀[0m[38;2;255;227;98m[48;2;255;227;98m▀[0m[38;2;255;227;98m[48;2;255;227;98m▀[0m[38;2;255;227;98m[48;2;255;227;98m▀[0m[38;2;255;227;98m[48;2;255;227;98m▀[0m[38;2;255;227;98m[48;2;255;227;98m▀[0m[38;2;249;191;57m[48;2;249;191;57m▀[0m[38;2;249;191;57m[48;2;249;191;57m▀[0m[38;2;249;191;57m[48;2;242;155;16m▀[0m[38;2;242;155;16m[48;2;242;155;16m▀[0m[38;2;242;155;16m[48;2;242;155;16m▀[0m[38;2;242;155;16m[48;2;242;155;16m▀[0m[38;2;242;155;16m[48;2;242;155;16m▀[0m[38;2;242;155;16m[48;2;242;155;16m▀[0m[38;2;242;155;16m[48;2;242;155;16m▀[0m[38;2;242;155;16m[48;2;242;155;16m▀[0m[38;2;242;155;16m[48;2;242;155;16m▀[0m[38;2;242;155;16m[48;2;156;82;0m▀[0m[38;2;156;82;0m▀       
    [38;2;98;49;8m▄[38;2;98;49;8m▄[38;2;0;0;0m[48;2;255;247;130m▀[0m[38;2;0;0;0m[48;2;255;247;130m▀[0m[38;2;0;0;0m[48;2;247;184;56m▀[0m[38;2;156;82;0m[48;2;247;184;56m▀[0m[38;2;0;0;0m[48;2;247;184;56m▀[0m[38;2;247;184;56m[48;2;0;0;0m▀[0m[38;2;247;184;56m[48;2;247;184;56m▀[0m[38;2;255;247;130m[48;2;247;184;56m▀[0m[38;2;255;247;130m[48;2;247;184;56m▀[0m[38;2;255;247;130m[48;2;255;247;130m▀[0m[38;2;255;247;130m[48;2;255;247;130m▀[0m[38;2;255;247;130m[48;2;255;247;130m▀[0m[38;2;255;247;130m[48;2;255;247;130m▀[0m[38;2;255;247;130m[48;2;247;184;56m▀[0m[38;2;255;247;130m[48;2;247;184;56m▀[0m[38;2;197;32;24m[48;2;247;184;56m▀[0m[38;2;197;32;24m[48;2;197;32;24m▀[0m[38;2;197;32;24m[48;2;197;32;24m▀[0m[38;2;197;32;24m[48;2;247;184;56m▀[0m[38;2;247;184;56m[48;2;247;184;56m▀[0m[38;2;247;184;56m[48;2;156;82;0m▀[0m[38;2;222;114;49m[48;2;247;184;56m▀[0m[38;2;247;184;56m[48;2;247;184;56m▀[0m[38;2;247;184;56m[48;2;247;184;56m▀[0m[38;2;247;184;56m[48;2;247;184;56m▀[0m[38;2;247;184;56m[48;2;247;184;56m▀[0m[38;2;247;184;56m[48;2;247;184;56m▀[0m[38;2;134;65;32m[48;2;247;184;56m▀[0m[38;2;247;184;56m[48;2;247;184;56m▀[0m[38;2;0;0;0m[48;2;247;184;56m▀[0m[38;2;240;150;18m[48;2;0;0;0m▀[0m[38;2;0;0;0m▀        [38;2;50;43;42m▄[38;2;50;43;42m[48;2;91;85;86m▀[0m[38;2;91;85;86m[48;2;91;85;86m▀[0m[38;2;91;85;86m[48;2;91;85;86m▀[0m[38;2;91;85;86m[48;2;91;85;86m▀[0m[38;2;91;85;86m[48;2;91;85;86m▀[0m[38;2;91;85;86m[48;2;91;85;86m▀[0m[38;2;91;85;86m[48;2;91;85;86m▀[0m[38;2;91;85;86m[48;2;255;227;98m▀[0m[38;2;255;227;98m[48;2;156;82;0m▀[0m[38;2;255;227;98m[48;2;156;82;0m▀[0m[38;2;255;227;98m[48;2;156;82;0m▀[0m[38;2;255;227;98m[48;2;156;82;0m▀[0m[38;2;255;227;98m[48;2;156;82;0m▀[0m[38;2;255;227;98m[48;2;156;82;0m▀[0m[38;2;255;227;98m[48;2;255;227;98m▀[0m[38;2;255;227;98m[48;2;255;227;98m▀[0m[38;2;255;227;98m[48;2;255;227;98m▀[0m[38;2;255;227;98m[48;2;255;227;98m▀[0m[38;2;255;227;98m[48;2;255;227;98m▀[0m[38;2;255;227;98m[48;2;255;227;98m▀[0m[38;2;255;227;98m[48;2;255;227;98m▀[0m[38;2;255;227;98m[48;2;255;227;98m▀[0m[38;2;255;227;98m[48;2;255;227;98m▀[0m[38;2;255;227;98m[48;2;255;227;98m▀[0m[38;2;255;227;98m[48;2;255;227;98m▀[0m[38;2;255;227;98m[48;2;255;227;98m▀[0m[38;2;255;227;98m[48;2;255;227;98m▀[0m[38;2;255;227;98m[48;2;255;227;98m▀[0m[38;2;249;191;57m[48;2;255;227;98m▀[0m[38;2;255;227;98m[48;2;249;191;57m▀[0m[38;2;249;191;57m[48;2;249;191;57m▀[0m[38;2;242;155;16m[48;2;242;155;16m▀[0m[38;2;242;155;16m[48;2;242;155;16m▀[0m[38;2;242;155;16m[48;2;242;155;16m▀[0m[38;2;242;155;16m[48;2;242;155;16m▀[0m[38;2;242;155;16m[48;2;242;155;16m▀[0m[38;2;242;155;16m[48;2;242;155;16m▀[0m[38;2;242;155;16m[48;2;242;155;16m▀[0m[38;2;242;155;16m[48;2;242;155;16m▀[0m[38;2;242;155;16m[48;2;242;155;16m▀[0m[38;2;156;82;0m[48;2;156;82;0m▀[0m        
 [38;2;98;49;8m▄[38;2;98;49;8m[48;2;187;97;57m▀[0m[38;2;98;49;8m[48;2;187;97;57m▀[0m[38;2;187;97;57m[48;2;187;97;57m▀[0m[38;2;213;139;115m[48;2;213;139;115m▀[0m[38;2;255;247;130m[48;2;255;247;130m▀[0m[38;2;255;247;130m[48;2;255;247;130m▀[0m[38;2;247;184;56m[48;2;247;184;56m▀[0m[38;2;247;184;56m[48;2;247;184;56m▀[0m[38;2;247;184;56m[48;2;247;184;56m▀[0m[38;2;247;184;56m[48;2;247;184;56m▀[0m[38;2;156;82;0m[48;2;156;82;0m▀[0m[38;2;247;184;56m[48;2;247;184;56m▀[0m[38;2;247;184;56m[48;2;247;184;56m▀[0m[38;2;247;184;56m[48;2;247;184;56m▀[0m[38;2;247;184;56m[48;2;247;184;56m▀[0m[38;2;247;184;56m[48;2;247;184;56m▀[0m[38;2;247;184;56m[48;2;247;184;56m▀[0m[38;2;247;184;56m[48;2;247;184;56m▀[0m[38;2;247;184;56m[48;2;247;184;56m▀[0m[38;2;247;184;56m[48;2;247;184;56m▀[0m[38;2;247;184;56m[48;2;247;184;56m▀[0m[38;2;247;184;56m[48;2;247;184;56m▀[0m[38;2;247;184;56m[48;2;247;184;56m▀[0m[38;2;222;114;49m[48;2;247;184;56m▀[0m[38;2;247;184;56m[48;2;247;184;56m▀[0m[38;2;247;184;56m[48;2;247;184;56m▀[0m[38;2;247;184;56m[48;2;247;184;56m▀[0m[38;2;247;184;56m[48;2;247;184;56m▀[0m[38;2;247;184;56m[48;2;247;184;56m▀[0m[38;2;247;184;56m[48;2;247;184;56m▀[0m[38;2;247;184;56m[48;2;247;184;56m▀[0m[38;2;247;184;56m[48;2;247;184;56m▀[0m[38;2;247;184;56m[48;2;247;184;56m▀[0m[38;2;247;184;56m[48;2;247;184;56m▀[0m[38;2;247;184;56m[48;2;247;184;56m▀[0m[38;2;0;0;0m[48;2;247;184;56m▀[0m[38;2;0;0;0m▄[38;2;156;82;0m[48;2;247;184;56m▀[0m[38;2;156;82;0m[48;2;247;184;56m▀[0m[38;2;156;82;0m[48;2;247;184;56m▀[0m    [38;2;50;43;42m[48;2;50;43;42m▀[0m[38;2;91;85;86m[48;2;50;43;42m▀[0m[38;2;91;85;86m[48;2;50;43;42m▀[0m[38;2;91;85;86m[48;2;50;43;42m▀[0m[38;2;91;85;86m[48;2;50;43;42m▀[0m[38;2;50;43;42m▀[38;2;50;43;42m▀[38;2;156;82;0m▀[38;2;156;82;0m▀     [38;2;156;82;0m[48;2;156;82;0m▀[0m[38;2;255;227;98m[48;2;255;227;98m▀[0m[38;2;255;227;98m[48;2;255;227;98m▀[0m[38;2;255;227;98m[48;2;255;227;98m▀[0m[38;2;255;227;98m[48;2;255;227;98m▀[0m[38;2;255;227;98m[48;2;255;227;98m▀[0m[38;2;255;227;98m[48;2;255;227;98m▀[0m[38;2;255;227;98m[48;2;255;227;98m▀[0m[38;2;255;227;98m[48;2;255;227;98m▀[0m[38;2;255;227;98m[48;2;255;227;98m▀[0m[38;2;255;227;98m[48;2;255;227;98m▀[0m[38;2;255;227;98m[48;2;255;227;98m▀[0m[38;2;255;227;98m[48;2;255;227;98m▀[0m[38;2;255;227;98m[48;2;255;227;98m▀[0m[38;2;255;227;98m[48;2;255;227;98m▀[0m[38;2;249;191;57m[48;2;255;227;98m▀[0m[38;2;255;227;98m[48;2;249;191;57m▀[0m[38;2;249;191;57m[48;2;249;191;57m▀[0m[38;2;242;155;16m[48;2;242;155;16m▀[0m[38;2;242;155;16m[48;2;242;155;16m▀[0m[38;2;242;155;16m[48;2;242;155;16m▀[0m[38;2;242;155;16m[48;2;242;155;16m▀[0m[38;2;242;155;16m[48;2;242;155;16m▀[0m[38;2;242;155;16m[48;2;242;155;16m▀[0m[38;2;242;155;16m[48;2;242;155;16m▀[0m[38;2;242;155;16m[48;2;242;155;16m▀[0m[38;2;156;82;0m[48;2;156;82;0m▀[0m         
[38;2;98;49;8m[48;2;98;49;8m▀[0m[38;2;134;65;32m[48;2;187;97;57m▀[0m[38;2;187;97;57m[48;2;187;97;57m▀[0m[38;2;187;97;57m[48;2;187;97;57m▀[0m[38;2;187;97;57m[48;2;187;97;57m▀[0m[38;2;187;97;57m[48;2;187;97;57m▀[0m[38;2;255;247;130m[48;2;255;247;130m▀[0m[38;2;255;247;130m[48;2;255;247;130m▀[0m[38;2;247;184;56m[48;2;255;247;130m▀[0m[38;2;247;184;56m[48;2;247;184;56m▀[0m[38;2;247;184;56m[48;2;247;184;56m▀[0m[38;2;247;184;56m[48;2;247;184;56m▀[0m[38;2;247;184;56m[48;2;247;184;56m▀[0m[38;2;156;82;0m[48;2;0;0;0m▀[0m[38;2;247;184;56m[48;2;248;244;244m▀[0m[38;2;247;184;56m[48;2;247;184;56m▀[0m[38;2;247;184;56m[48;2;247;184;56m▀[0m[38;2;247;184;56m[48;2;247;184;56m▀[0m[38;2;247;184;56m[48;2;247;184;56m▀[0m[38;2;247;184;56m[48;2;247;184;56m▀[0m[38;2;247;184;56m[48;2;247;184;56m▀[0m[38;2;247;184;56m[48;2;247;184;56m▀[0m[38;2;247;184;56m[48;2;247;184;56m▀[0m[38;2;247;184;56m[48;2;247;184;56m▀[0m[38;2;247;184;56m[48;2;247;184;56m▀[0m[38;2;247;184;56m[48;2;255;247;130m▀[0m[38;2;255;247;130m[48;2;255;247;130m▀[0m[38;2;255;247;130m[48;2;255;247;130m▀[0m[38;2;222;114;49m[48;2;255;247;130m▀[0m[38;2;156;82;0m[48;2;255;247;130m▀[0m[38;2;247;184;56m[48;2;98;49;8m▀[0m[38;2;247;184;56m[48;2;98;49;8m▀[0m[38;2;247;184;56m[48;2;98;49;8m▀[0m[38;2;247;184;56m[48;2;247;184;56m▀[0m[38;2;247;184;56m[48;2;247;184;56m▀[0m[38;2;247;184;56m[48;2;247;184;56m▀[0m[38;2;247;184;56m[48;2;247;184;56m▀[0m[38;2;247;184;56m[48;2;247;184;56m▀[0m[38;2;247;184;56m[48;2;247;184;56m▀[0m[38;2;222;114;49m[48;2;156;82;0m▀[0m[38;2;247;184;56m[48;2;247;184;56m▀[0m[38;2;247;184;56m[48;2;247;184;56m▀[0m[38;2;156;82;0m[48;2;247;184;56m▀[0m[38;2;0;0;0m[48;2;247;184;56m▀[0m[38;2;0;0;0m▄[38;2;0;0;0m▄[38;2;0;0;0m▄[38;2;0;0;0m▄[38;2;0;0;0m▄           [38;2;156;82;0m▀[38;2;255;227;98m[48;2;156;82;0m▀[0m[38;2;255;227;98m[48;2;255;227;98m▀[0m[38;2;255;227;98m[48;2;255;227;98m▀[0m[38;2;255;227;98m[48;2;255;227;98m▀[0m[38;2;255;227;98m[48;2;255;227;98m▀[0m[38;2;255;227;98m[48;2;255;227;98m▀[0m[38;2;255;227;98m[48;2;255;227;98m▀[0m[38;2;255;227;98m[48;2;255;227;98m▀[0m[38;2;255;227;98m[48;2;255;227;98m▀[0m[38;2;255;227;98m[48;2;255;227;98m▀[0m[38;2;255;227;98m[48;2;255;227;98m▀[0m[38;2;255;227;98m[48;2;255;227;98m▀[0m[38;2;255;227;98m[48;2;255;227;98m▀[0m[38;2;255;227;98m[48;2;249;191;57m▀[0m[38;2;249;191;57m[48;2;255;227;98m▀[0m[38;2;255;227;98m[48;2;249;191;57m▀[0m[38;2;249;191;57m[48;2;156;82;0m▀[0m[38;2;242;155;16m[48;2;156;82;0m▀[0m[38;2;242;155;16m[48;2;156;82;0m▀[0m[38;2;242;155;16m[48;2;156;82;0m▀[0m[38;2;242;155;16m[48;2;156;82;0m▀[0m[38;2;156;82;0m▀[38;2;156;82;0m▀[38;2;156;82;0m▀[38;2;156;82;0m▀          
[38;2;98;49;8m[48;2;98;49;8m▀[0m[38;2;187;97;57m[48;2;187;97;57m▀[0m[38;2;187;97;57m[48;2;187;97;57m▀[0m[38;2;187;97;57m[48;2;187;97;57m▀[0m[38;2;187;97;57m[48;2;187;97;57m▀[0m[38;2;187;97;57m[48;2;187;97;57m▀[0m[38;2;255;247;130m[48;2;213;139;115m▀[0m[38;2;255;247;130m[48;2;255;247;130m▀[0m[38;2;255;247;130m[48;2;255;247;130m▀[0m[38;2;247;184;56m[48;2;255;247;130m▀[0m[38;2;247;184;56m[48;2;247;184;56m▀[0m[38;2;247;184;56m[48;2;0;0;0m▀[0m[38;2;0;0;0m▀[38;2;0;0;0m▀[38;2;199;199;199m[48;2;0;0;0m▀[0m[38;2;248;244;244m[48;2;248;244;244m▀[0m[38;2;248;244;244m[48;2;248;244;244m▀[0m[38;2;247;184;56m[48;2;248;244;244m▀[0m[38;2;247;184;56m[48;2;248;244;244m▀[0m[38;2;247;184;56m[48;2;248;244;244m▀[0m[38;2;247;184;56m[48;2;248;244;244m▀[0m[38;2;247;184;56m[48;2;247;184;56m▀[0m[38;2;247;184;56m[48;2;247;184;56m▀[0m[38;2;156;82;0m[48;2;156;82;0m▀[0m[38;2;255;247;130m[48;2;255;247;130m▀[0m[38;2;255;247;130m[48;2;255;247;130m▀[0m[38;2;255;247;130m[48;2;255;247;130m▀[0m[38;2;255;247;130m[48;2;255;247;130m▀[0m[38;2;255;247;130m[48;2;255;247;130m▀[0m[38;2;255;247;130m[48;2;213;139;115m▀[0m[38;2;187;97;57m[48;2;187;97;57m▀[0m[38;2;134;65;32m[48;2;187;97;57m▀[0m[38;2;134;65;32m[48;2;134;65;32m▀[0m[38;2;98;49;8m[48;2;134;65;32m▀[0m[38;2;247;184;56m[48;2;0;0;0m▀[0m[38;2;247;184;56m[48;2;247;184;56m▀[0m[38;2;247;184;56m[48;2;247;184;56m▀[0m[38;2;247;184;56m[48;2;247;184;56m▀[0m[38;2;247;184;56m[48;2;247;184;56m▀[0m[38;2;247;184;56m[48;2;247;184;56m▀[0m[38;2;156;82;0m[48;2;0;0;0m▀[0m[38;2;247;184;56m[48;2;247;184;56m▀[0m[38;2;247;184;56m[48;2;247;184;56m▀[0m[38;2;247;184;56m[48;2;247;184;56m▀[0m[38;2;247;184;56m[48;2;247;184;56m▀[0m[38;2;187;97;57m[48;2;134;65;32m▀[0m[38;2;134;65;32m[48;2;134;65;32m▀[0m[38;2;134;65;32m[48;2;134;65;32m▀[0m[38;2;134;65;32m[48;2;134;65;32m▀[0m[38;2;0;0;0m[48;2;0;0;0m▀[0m           [38;2;156;82;0m[48;2;156;82;0m▀[0m[38;2;255;227;98m[48;2;255;227;98m▀[0m[38;2;255;227;98m[48;2;255;227;98m▀[0m[38;2;255;227;98m[48;2;255;227;98m▀[0m[38;2;255;227;98m[48;2;156;82;0m▀[0m[38;2;255;227;98m[48;2;156;82;0m▀[0m[38;2;255;227;98m[48;2;156;82;0m▀[0m[38;2;255;227;98m[48;2;156;82;0m▀[0m[38;2;255;227;98m[48;2;156;82;0m▀[0m[38;2;156;82;0m▀[38;2;156;82;0m▀[38;2;156;82;0m▀[38;2;156;82;0m▀[38;2;156;82;0m▀[38;2;156;82;0m▀[38;2;156;82;0m▀                   
 [38;2;98;49;8m▀[38;2;187;97;57m[48;2;0;0;0m▀[0m[38;2;187;97;57m[48;2;187;97;57m▀[0m[38;2;187;97;57m[48;2;187;97;57m▀[0m[38;2;187;97;57m[48;2;187;97;57m▀[0m[38;2;187;97;57m[48;2;187;97;57m▀[0m[38;2;187;97;57m[48;2;0;0;0m▀[0m[38;2;255;247;130m[48;2;0;0;0m▀[0m[38;2;0;0;0m▀[38;2;0;0;0m▀    [38;2;0;0;0m[48;2;0;0;0m▀[0m[38;2;248;244;244m[48;2;248;244;244m▀[0m[38;2;248;244;244m[48;2;248;244;244m▀[0m[38;2;248;244;244m[48;2;248;244;244m▀[0m[38;2;248;244;244m[48;2;248;244;244m▀[0m[38;2;248;244;244m[48;2;248;244;244m▀[0m[38;2;248;244;244m[48;2;248;244;244m▀[0m[38;2;247;184;56m[48;2;248;244;244m▀[0m[38;2;247;184;56m[48;2;248;244;244m▀[0m[38;2;156;82;0m[48;2;0;0;0m▀[0m[38;2;255;247;130m[48;2;255;247;130m▀[0m[38;2;255;247;130m[48;2;255;247;130m▀[0m[38;2;255;247;130m[48;2;255;247;130m▀[0m[38;2;213;139;115m[48;2;213;139;115m▀[0m[38;2;187;97;57m[48;2;187;97;57m▀[0m[38;2;187;97;57m[48;2;187;97;57m▀[0m[38;2;187;97;57m[48;2;187;97;57m▀[0m[38;2;187;97;57m[48;2;187;97;57m▀[0m[38;2;134;65;32m[48;2;134;65;32m▀[0m[38;2;134;65;32m[48;2;134;65;32m▀[0m[38;2;0;0;0m[48;2;134;65;32m▀[0m[38;2;247;184;56m[48;2;0;0;0m▀[0m[38;2;247;184;56m[48;2;247;184;56m▀[0m[38;2;247;184;56m[48;2;247;184;56m▀[0m[38;2;247;184;56m[48;2;247;184;56m▀[0m[38;2;0;0;0m[48;2;0;0;0m▀[0m[38;2;0;0;0m▀[38;2;247;184;56m[48;2;0;0;0m▀[0m[38;2;247;184;56m[48;2;0;0;0m▀[0m[38;2;187;97;57m[48;2;0;0;0m▀[0m[38;2;134;65;32m[48;2;0;0;0m▀[0m[38;2;134;65;32m[48;2;0;0;0m▀[0m[38;2;134;65;32m[48;2;0;0;0m▀[0m[38;2;0;0;0m▀            [38;2;156;82;0m▀[38;2;156;82;0m▀[38;2;156;82;0m▀[38;2;156;82;0m▀                               
                 [38;2;0;0;0m▀[38;2;248;244;244m[48;2;199;199;199m▀[0m[38;2;248;244;244m[48;2;199;199;199m▀[0m[38;2;248;244;244m[48;2;199;199;199m▀[0m[38;2;248;244;244m[48;2;199;199;199m▀[0m[38;2;199;199;199m[48;2;199;199;199m▀[0m[38;2;199;199;199m[48;2;199;199;199m▀[0m[38;2;199;199;199m[48;2;199;199;199m▀[0m[38;2;199;199;199m[48;2;199;199;199m▀[0m[38;2;0;0;0m[48;2;199;199;199m▀[0m[38;2;213;139;115m[48;2;0;0;0m▀[0m[38;2;187;97;57m[48;2;187;97;57m▀[0m[38;2;187;97;57m[48;2;187;97;57m▀[0m[38;2;187;97;57m[48;2;187;97;57m▀[0m[38;2;187;97;57m[48;2;134;65;32m▀[0m[38;2;134;65;32m[48;2;134;65;32m▀[0m[38;2;134;65;32m[48;2;134;65;32m▀[0m[38;2;134;65;32m[48;2;134;65;32m▀[0m[38;2;134;65;32m[48;2;134;65;32m▀[0m[38;2;0;0;0m[48;2;0;0;0m▀[0m[38;2;247;184;56m[48;2;222;114;49m▀[0m[38;2;222;114;49m[48;2;0;0;0m▀[0m[38;2;0;0;0m▀                                                        
                  [38;2;0;0;0m▀[38;2;0;0;0m▀[38;2;199;199;199m[48;2;0;0;0m▀[0m[38;2;199;199;199m[48;2;0;0;0m▀[0m[38;2;199;199;199m[48;2;0;0;0m▀[0m[38;2;199;199;199m[48;2;199;199;199m▀[0m[38;2;199;199;199m[48;2;199;199;199m▀[0m[38;2;199;199;199m[48;2;199;199;199m▀[0m[38;2;199;199;199m[48;2;199;199;199m▀[0m[38;2;199;199;199m[48;2;0;0;0m▀[0m[38;2;0;0;0m[48;2;0;0;0m▀[0m[38;2;134;65;32m[48;2;0;0;0m▀[0m[38;2;134;65;32m[48;2;134;65;32m▀[0m[38;2;134;65;32m[48;2;134;65;32m▀[0m[38;2;134;65;32m[48;2;134;65;32m▀[0m[38;2;134;65;32m[48;2;134;65;32m▀[0m[38;2;134;65;32m[48;2;0;0;0m▀[0m[38;2;0;0;0m▀[38;2;0;0;0m▀[38;2;0;0;0m▀                                                          
                       [38;2;0;0;0m▀[38;2;0;0;0m▀[38;2;0;0;0m▀[38;2;0;0;0m▀   [38;2;0;0;0m▀[38;2;0;0;0m▀[38;2;0;0;0m▀[38;2;0;0;0m▀                                                              
[0m