        [38;2;118;94;33m▄[38;2;118;94;33m▄[38;2;118;94;33m[48;2;222;214;109m▀[0m[38;2;118;94;33m[48;2;222;214;109m▀[0m[38;2;118;94;33m[48;2;222;214;109m▀[0m[38;2;118;94;33m[48;2;222;214;109m▀[0m[38;2;118;94;33m▄[38;2;118;94;33m▄          
       [38;2;118;94;33m[48;2;118;94;33m▀[0m[38;2;182;165;81m[48;2;222;214;109m▀[0m[38;2;222;214;109m[48;2;118;94;33m▀[0m[38;2;118;94;33m[48;2;118;94;33m▀[0m[38;2;118;94;33m[48;2;118;94;33m▀[0m[38;2;118;94;33m[48;2;182;165;81m▀[0m[38;2;182;165;81m[48;2;222;214;109m▀[0m[38;2;222;214;109m[48;2;222;214;109m▀[0m[38;2;182;165;81m[48;2;222;214;109m▀[0m[38;2;118;94;33m[48;2;118;94;33m▀[0m         
      [38;2;118;94;33m[48;2;118;94;33m▀[0m[38;2;222;214;109m[48;2;222;214;109m▀[0m[38;2;222;214;109m[48;2;222;214;109m▀[0m[38;2;222;214;109m[48;2;222;214;109m▀[0m[38;2;222;214;109m[48;2;222;214;109m▀[0m[38;2;222;214;109m[48;2;222;214;109m▀[0m[38;2;222;214;109m[48;2;222;214;109m▀[0m[38;2;222;214;109m[48;2;222;214;109m▀[0m[38;2;222;214;109m[48;2;222;214;109m▀[0m[38;2;222;214;109m[48;2;222;214;109m▀[0m[38;2;222;214;109m[48;2;222;214;109m▀[0m[38;2;118;94;33m[48;2;118;94;33m▀[0m        
[38;2;47;108;46m▄[38;2;47;108;46m▄[38;2;47;108;46m▄[38;2;47;108;46m▄[38;2;47;108;46m▄ [38;2;118;94;33m[48;2;118;94;33m▀[0m[38;2;222;214;109m[48;2;222;214;109m▀[0m[38;2;222;214;109m[48;2;222;214;109m▀[0m[38;2;222;214;109m[48;2;222;214;109m▀[0m[38;2;222;214;109m[48;2;222;214;109m▀[0m[38;2;222;214;109m[48;2;222;214;109m▀[0m[38;2;222;214;109m[48;2;222;214;109m▀[0m[38;2;222;214;109m[48;2;222;214;109m▀[0m[38;2;222;214;109m[48;2;222;214;109m▀[0m[38;2;222;214;109m[48;2;182;165;81m▀[0m[38;2;182;165;81m[48;2;182;165;81m▀[0m[38;2;118;94;33m[48;2;118;94;33m▀[0m        
[38;2;16;16;16m▀[38;2;132;193;54m[48;2;16;16;16m▀[0m[38;2;132;193;54m[48;2;132;193;54m▀[0m[38;2;132;193;54m[48;2;132;193;54m▀[0m[38;2;132;193;54m[48;2;132;193;54m▀[0m[38;2;47;108;46m[48;2;132;193;54m▀[0m[38;2;47;108;46m[48;2;132;193;54m▀[0m[38;2;182;165;81m[48;2;47;108;46m▀[0m[38;2;222;214;109m[48;2;182;165;81m▀[0m[38;2;222;214;109m[48;2;182;165;81m▀[0m[38;2;222;214;109m[48;2;182;165;81m▀[0m[38;2;222;214;109m[48;2;182;165;81m▀[0m[38;2;222;214;109m[48;2;182;165;81m▀[0m[38;2;182;165;81m[48;2;182;165;81m▀[0m[38;2;182;165;81m[48;2;47;108;46m▀[0m[38;2;182;165;81m[48;2;47;108;46m▀[0m[38;2;47;108;46m[48;2;132;193;54m▀[0m[38;2;47;108;46m[48;2;132;193;54m▀[0m[38;2;47;108;46m[48;2;132;193;54m▀[0m[38;2;47;108;46m[48;2;132;193;54m▀[0m[38;2;47;108;46m[48;2;132;193;54m▀[0m[38;2;47;108;46m[48;2;132;193;54m▀[0m[38;2;47;108;46m[48;2;16;16;16m▀[0m   
  [38;2;16;16;16m▀[38;2;100;153;64m[48;2;16;16;16m▀[0m[38;2;100;153;64m[48;2;100;153;64m▀[0m[38;2;100;153;64m[48;2;100;153;64m▀[0m[38;2;132;193;54m[48;2;100;153;64m▀[0m[38;2;132;193;54m[48;2;100;153;64m▀[0m[38;2;47;108;46m[48;2;132;193;54m▀[0m[38;2;182;165;81m[48;2;47;108;46m▀[0m[38;2;182;165;81m[48;2;182;165;81m▀[0m[38;2;182;165;81m[48;2;182;165;81m▀[0m[38;2;182;165;81m[48;2;47;108;46m▀[0m[38;2;47;108;46m[48;2;132;193;54m▀[0m[38;2;132;193;54m[48;2;100;153;64m▀[0m[38;2;132;193;54m[48;2;100;153;64m▀[0m[38;2;100;153;64m[48;2;100;153;64m▀[0m[38;2;100;153;64m[48;2;100;153;64m▀[0m[38;2;100;153;64m[48;2;100;153;64m▀[0m[38;2;100;153;64m[48;2;100;153;64m▀[0m[38;2;132;193;54m[48;2;16;16;16m▀[0m[38;2;16;16;16m[48;2;47;108;46m▀[0m[38;2;47;108;46m▄[38;2;47;108;46m▄[38;2;47;108;46m▄ 
    [38;2;16;16;16m▀[38;2;47;108;46m▀[38;2;100;153;64m[48;2;16;16;16m▀[0m[38;2;100;153;64m[48;2;16;16;16m▀[0m[38;2;100;153;64m[48;2;47;108;46m▀[0m[38;2;100;153;64m[48;2;47;108;46m▀[0m[38;2;47;108;46m[48;2;132;193;54m▀[0m[38;2;47;108;46m[48;2;47;108;46m▀[0m[38;2;100;153;64m[48;2;47;108;46m▀[0m[38;2;100;153;64m[48;2;47;108;46m▀[0m[38;2;100;153;64m[48;2;16;16;16m▀[0m[38;2;100;153;64m[48;2;16;16;16m▀[0m[38;2;100;153;64m[48;2;16;16;16m▀[0m[38;2;100;153;64m[48;2;16;16;16m▀[0m[38;2;16;16;16m[48;2;100;153;64m▀[0m[38;2;16;16;16m[48;2;100;153;64m▀[0m[38;2;100;153;64m[48;2;100;153;64m▀[0m[38;2;100;153;64m[48;2;100;153;64m▀[0m[38;2;100;153;64m[48;2;100;153;64m▀[0m[38;2;100;153;64m[48;2;100;153;64m▀[0m[38;2;100;153;64m[48;2;47;108;46m▀[0m[38;2;47;108;46m▀
     [38;2;91;111;17m▄[38;2;91;111;17m[48;2;198;221;74m▀[0m[38;2;141;169;61m[48;2;198;221;74m▀[0m[38;2;141;169;61m[48;2;47;108;46m▀[0m[38;2;47;108;46m[48;2;132;193;54m▀[0m[38;2;132;193;54m[48;2;132;193;54m▀[0m[38;2;16;16;16m[48;2;16;16;16m▀[0m[38;2;141;169;61m[48;2;141;169;61m▀[0m[38;2;141;169;61m[48;2;141;169;61m▀[0m[38;2;141;169;61m[48;2;141;169;61m▀[0m[38;2;141;169;61m[48;2;198;221;74m▀[0m[38;2;141;169;61m[48;2;198;221;74m▀[0m[38;2;141;169;61m[48;2;198;221;74m▀[0m[38;2;16;16;16m[48;2;141;169;61m▀[0m[38;2;100;153;64m[48;2;16;16;16m▀[0m[38;2;100;153;64m[48;2;47;108;46m▀[0m[38;2;100;153;64m[48;2;47;108;46m▀[0m[38;2;47;108;46m▀[38;2;47;108;46m▀  
   [38;2;91;111;17m▄[38;2;91;111;17m[48;2;198;221;74m▀[0m[38;2;198;221;74m[48;2;47;108;46m▀[0m[38;2;47;108;46m[48;2;132;193;54m▀[0m[38;2;47;108;46m[48;2;132;193;54m▀[0m[38;2;132;193;54m[48;2;132;193;54m▀[0m[38;2;132;193;54m[48;2;132;193;54m▀[0m[38;2;100;153;64m[48;2;16;16;16m▀[0m[38;2;16;16;16m[48;2;198;221;74m▀[0m[38;2;198;221;74m[48;2;198;221;74m▀[0m[38;2;198;221;74m[48;2;198;221;74m▀[0m[38;2;198;221;74m[48;2;198;221;74m▀[0m[38;2;198;221;74m[48;2;198;221;74m▀[0m[38;2;198;221;74m[48;2;198;221;74m▀[0m[38;2;198;221;74m[48;2;198;221;74m▀[0m[38;2;198;221;74m[48;2;198;221;74m▀[0m[38;2;198;221;74m[48;2;198;221;74m▀[0m[38;2;16;16;16m[48;2;198;221;74m▀[0m[38;2;16;16;16m▄    
  [38;2;91;111;17m▄[38;2;91;111;17m[48;2;198;221;74m▀[0m[38;2;198;221;74m[48;2;198;221;74m▀[0m[38;2;47;108;46m[48;2;198;221;74m▀[0m[38;2;132;193;54m[48;2;16;16;16m▀[0m[38;2;132;193;54m[48;2;16;16;16m▀[0m[38;2;100;153;64m[48;2;16;16;16m▀[0m[38;2;16;16;16m[48;2;198;221;74m▀[0m[38;2;198;221;74m[48;2;198;221;74m▀[0m[38;2;198;221;74m[48;2;198;221;74m▀[0m[38;2;198;221;74m[48;2;198;221;74m▀[0m[38;2;198;221;74m[48;2;198;221;74m▀[0m[38;2;198;221;74m[48;2;198;221;74m▀[0m[38;2;198;221;74m[48;2;198;221;74m▀[0m[38;2;198;221;74m[48;2;198;221;74m▀[0m[38;2;198;221;74m[48;2;198;221;74m▀[0m[38;2;198;221;74m[48;2;198;221;74m▀[0m[38;2;198;221;74m[48;2;198;221;74m▀[0m[38;2;198;221;74m[48;2;198;221;74m▀[0m[38;2;91;111;17m[48;2;198;221;74m▀[0m[38;2;16;16;16m▄   
  [38;2;91;111;17m[48;2;91;111;17m▀[0m[38;2;198;221;74m[48;2;198;221;74m▀[0m[38;2;198;221;74m[48;2;223;233;141m▀[0m[38;2;223;233;141m[48;2;223;233;141m▀[0m[38;2;223;233;141m[48;2;223;233;141m▀[0m[38;2;198;221;74m[48;2;223;233;141m▀[0m[38;2;198;221;74m[48;2;198;221;74m▀[0m[38;2;198;221;74m[48;2;198;221;74m▀[0m[38;2;198;221;74m[48;2;198;221;74m▀[0m[38;2;198;221;74m[48;2;198;221;74m▀[0m[38;2;198;221;74m[48;2;198;221;74m▀[0m[38;2;198;221;74m[48;2;198;221;74m▀[0m[38;2;198;221;74m[48;2;198;221;74m▀[0m[38;2;198;221;74m[48;2;198;221;74m▀[0m[38;2;198;221;74m[48;2;198;221;74m▀[0m[38;2;198;221;74m[48;2;198;221;74m▀[0m[38;2;198;221;74m[48;2;198;221;74m▀[0m[38;2;198;221;74m[48;2;198;221;74m▀[0m[38;2;198;221;74m[48;2;198;221;74m▀[0m[38;2;198;221;74m[48;2;198;221;74m▀[0m[38;2;16;16;16m[48;2;91;111;17m▀[0m   
 [38;2;91;111;17m[48;2;91;111;17m▀[0m[38;2;198;221;74m[48;2;198;221;74m▀[0m[38;2;198;221;74m[48;2;198;221;74m▀[0m[38;2;223;233;141m[48;2;198;221;74m▀[0m[38;2;223;233;141m[48;2;223;233;141m▀[0m[38;2;223;233;141m[48;2;223;233;141m▀[0m[38;2;223;233;141m[48;2;198;221;74m▀[0m[38;2;198;221;74m[48;2;198;221;74m▀[0m[38;2;198;221;74m[48;2;198;221;74m▀[0m[38;2;198;221;74m[48;2;198;221;74m▀[0m[38;2;198;221;74m[48;2;198;221;74m▀[0m[38;2;198;221;74m[48;2;198;221;74m▀[0m[38;2;198;221;74m[48;2;198;221;74m▀[0m[38;2;198;221;74m[48;2;198;221;74m▀[0m[38;2;198;221;74m[48;2;198;221;74m▀[0m[38;2;198;221;74m[48;2;198;221;74m▀[0m[38;2;198;221;74m[48;2;198;221;74m▀[0m[38;2;198;221;74m[48;2;198;221;74m▀[0m[38;2;198;221;74m[48;2;198;221;74m▀[0m[38;2;198;221;74m[48;2;198;221;74m▀[0m[38;2;198;221;74m[48;2;198;221;74m▀[0m[38;2;141;169;61m[48;2;141;169;61m▀[0m[38;2;16;16;16m[48;2;16;16;16m▀[0m  
 [38;2;91;111;17m[48;2;91;111;17m▀[0m[38;2;198;221;74m[48;2;198;221;74m▀[0m[38;2;198;221;74m[48;2;198;221;74m▀[0m[38;2;198;221;74m[48;2;198;221;74m▀[0m[38;2;198;221;74m[48;2;198;221;74m▀[0m[38;2;198;221;74m[48;2;198;221;74m▀[0m[38;2;198;221;74m[48;2;198;221;74m▀[0m[38;2;198;221;74m[48;2;198;221;74m▀[0m[38;2;198;221;74m[48;2;198;221;74m▀[0m[38;2;198;221;74m[48;2;198;221;74m▀[0m[38;2;198;221;74m[48;2;198;221;74m▀[0m[38;2;198;221;74m[48;2;198;221;74m▀[0m[38;2;198;221;74m[48;2;198;221;74m▀[0m[38;2;198;221;74m[48;2;198;221;74m▀[0m[38;2;198;221;74m[48;2;198;221;74m▀[0m[38;2;198;221;74m[48;2;198;221;74m▀[0m[38;2;198;221;74m[48;2;198;221;74m▀[0m[38;2;198;221;74m[48;2;198;221;74m▀[0m[38;2;198;221;74m[48;2;198;221;74m▀[0m[38;2;198;221;74m[48;2;198;221;74m▀[0m[38;2;198;221;74m[48;2;141;169;61m▀[0m[38;2;141;169;61m[48;2;141;169;61m▀[0m[38;2;16;16;16m[48;2;16;16;16m▀[0m  
 [38;2;16;16;16m[48;2;16;16;16m▀[0m[38;2;198;221;74m[48;2;198;221;74m▀[0m[38;2;198;221;74m[48;2;198;221;74m▀[0m[38;2;141;169;61m[48;2;16;16;16m▀[0m[38;2;16;16;16m[48;2;249;249;249m▀[0m[38;2;141;169;61m[48;2;16;16;16m▀[0m[38;2;198;221;74m[48;2;198;221;74m▀[0m[38;2;198;221;74m[48;2;198;221;74m▀[0m[38;2;198;221;74m[48;2;198;221;74m▀[0m[38;2;198;221;74m[48;2;198;221;74m▀[0m[38;2;198;221;74m[48;2;198;221;74m▀[0m[38;2;198;221;74m[48;2;198;221;74m▀[0m[38;2;198;221;74m[48;2;198;221;74m▀[0m[38;2;198;221;74m[48;2;141;169;61m▀[0m[38;2;198;221;74m[48;2;16;16;16m▀[0m[38;2;198;221;74m[48;2;141;169;61m▀[0m[38;2;198;221;74m[48;2;198;221;74m▀[0m[38;2;198;221;74m[48;2;198;221;74m▀[0m[38;2;198;221;74m[48;2;198;221;74m▀[0m[38;2;198;221;74m[48;2;198;221;74m▀[0m[38;2;141;169;61m[48;2;141;169;61m▀[0m[38;2;141;169;61m[48;2;141;169;61m▀[0m[38;2;16;16;16m[48;2;16;16;16m▀[0m  
 [38;2;16;16;16m[48;2;16;16;16m▀[0m[38;2;198;221;74m[48;2;198;221;74m▀[0m[38;2;198;221;74m[48;2;198;221;74m▀[0m[38;2;141;169;61m[48;2;198;221;74m▀[0m[38;2;16;16;16m[48;2;198;221;74m▀[0m[38;2;141;169;61m[48;2;198;221;74m▀[0m[38;2;198;221;74m[48;2;198;221;74m▀[0m[38;2;198;221;74m[48;2;202;115;94m▀[0m[38;2;198;221;74m[48;2;202;115;94m▀[0m[38;2;198;221;74m[48;2;198;221;74m▀[0m[38;2;198;221;74m[48;2;202;115;94m▀[0m[38;2;198;221;74m[48;2;202;115;94m▀[0m[38;2;198;221;74m[48;2;198;221;74m▀[0m[38;2;16;16;16m[48;2;141;169;61m▀[0m[38;2;249;249;249m[48;2;16;16;16m▀[0m[38;2;16;16;16m[48;2;141;169;61m▀[0m[38;2;198;221;74m[48;2;198;221;74m▀[0m[38;2;198;221;74m[48;2;198;221;74m▀[0m[38;2;198;221;74m[48;2;198;221;74m▀[0m[38;2;141;169;61m[48;2;141;169;61m▀[0m[38;2;141;169;61m[48;2;141;169;61m▀[0m[38;2;141;169;61m[48;2;141;169;61m▀[0m[38;2;16;16;16m[48;2;16;16;16m▀[0m  
  [38;2;16;16;16m[48;2;16;16;16m▀[0m[38;2;198;221;74m[48;2;141;169;61m▀[0m[38;2;198;221;74m[48;2;198;221;74m▀[0m[38;2;198;221;74m[48;2;198;221;74m▀[0m[38;2;198;221;74m[48;2;198;221;74m▀[0m[38;2;202;115;94m[48;2;198;221;74m▀[0m[38;2;198;221;74m[48;2;198;221;74m▀[0m[38;2;202;115;94m[48;2;198;221;74m▀[0m[38;2;202;115;94m[48;2;198;221;74m▀[0m[38;2;198;221;74m[48;2;198;221;74m▀[0m[38;2;202;115;94m[48;2;198;221;74m▀[0m[38;2;202;115;94m[48;2;198;221;74m▀[0m[38;2;198;221;74m[48;2;198;221;74m▀[0m[38;2;198;221;74m[48;2;198;221;74m▀[0m[38;2;198;221;74m[48;2;198;221;74m▀[0m[38;2;198;221;74m[48;2;198;221;74m▀[0m[38;2;198;221;74m[48;2;141;169;61m▀[0m[38;2;141;169;61m[48;2;141;169;61m▀[0m[38;2;141;169;61m[48;2;141;169;61m▀[0m[38;2;141;169;61m[48;2;141;169;61m▀[0m[38;2;16;16;16m[48;2;16;16;16m▀[0m   
   [38;2;16;16;16m[48;2;16;16;16m▀[0m[38;2;141;169;61m[48;2;141;169;61m▀[0m[38;2;141;169;61m[48;2;141;169;61m▀[0m[38;2;198;221;74m[48;2;141;169;61m▀[0m[38;2;198;221;74m[48;2;141;169;61m▀[0m[38;2;198;221;74m[48;2;141;169;61m▀[0m[38;2;198;221;74m[48;2;141;169;61m▀[0m[38;2;198;221;74m[48;2;141;169;61m▀[0m[38;2;198;221;74m[48;2;141;169;61m▀[0m[38;2;198;221;74m[48;2;141;169;61m▀[0m[38;2;198;221;74m[48;2;141;169;61m▀[0m[38;2;198;221;74m[48;2;141;169;61m▀[0m[38;2;198;221;74m[48;2;141;169;61m▀[0m[38;2;141;169;61m[48;2;141;169;61m▀[0m[38;2;141;169;61m[48;2;141;169;61m▀[0m[38;2;141;169;61m[48;2;141;169;61m▀[0m[38;2;141;169;61m[48;2;141;169;61m▀[0m[38;2;141;169;61m[48;2;141;169;61m▀[0m[38;2;16;16;16m[48;2;16;16;16m▀[0m    
    [38;2;16;16;16m▀[38;2;141;169;61m[48;2;16;16;16m▀[0m[38;2;141;169;61m[48;2;141;169;61m▀[0m[38;2;141;169;61m[48;2;141;169;61m▀[0m[38;2;141;169;61m[48;2;91;111;17m▀[0m[38;2;141;169;61m[48;2;91;111;17m▀[0m[38;2;141;169;61m[48;2;91;111;17m▀[0m[38;2;141;169;61m[48;2;91;111;17m▀[0m[38;2;141;169;61m[48;2;91;111;17m▀[0m[38;2;141;169;61m[48;2;91;111;17m▀[0m[38;2;141;169;61m[48;2;141;169;61m▀[0m[38;2;141;169;61m[48;2;141;169;61m▀[0m[38;2;141;169;61m[48;2;141;169;61m▀[0m[38;2;141;169;61m[48;2;141;169;61m▀[0m[38;2;141;169;61m[48;2;141;169;61m▀[0m[38;2;141;169;61m[48;2;16;16;16m▀[0m[38;2;16;16;16m▀     
      [38;2;16;16;16m▀[38;2;16;16;16m▀      [38;2;16;16;16m▀[38;2;91;111;17m▀[38;2;141;169;61m[48;2;16;16;16m▀[0m[38;2;141;169;61m[48;2;16;16;16m▀[0m[38;2;16;16;16m▀       
[0m