   [38;2;63;86;54m▄[38;2;63;86;54m[48;2;111;175;54m▀[0m[38;2;63;86;54m[48;2;111;175;54m▀[0m[38;2;63;86;54m▄[38;2;63;86;54m▄            [38;2;63;86;54m▄[38;2;63;86;54m▄[38;2;63;86;54m[48;2;111;175;54m▀[0m[38;2;63;86;54m[48;2;111;175;54m▀[0m[38;2;63;86;54m[48;2;111;175;54m▀[0m[38;2;63;86;54m▄            
  [38;2;15;15;15m▄[38;2;63;86;54m[48;2;68;128;60m▀[0m[38;2;111;175;54m[48;2;111;175;54m▀[0m[38;2;111;175;54m[48;2;63;86;54m▀[0m[38;2;111;175;54m[48;2;111;175;54m▀[0m[38;2;111;175;54m[48;2;111;175;54m▀[0m[38;2;63;86;54m[48;2;111;175;54m▀[0m[38;2;63;86;54m▄       [38;2;63;86;54m▄[38;2;63;86;54m[48;2;111;175;54m▀[0m[38;2;63;86;54m[48;2;111;175;54m▀[0m[38;2;111;175;54m[48;2;111;175;54m▀[0m[38;2;111;175;54m[48;2;111;175;54m▀[0m[38;2;111;175;54m[48;2;63;86;54m▀[0m[38;2;111;175;54m[48;2;63;86;54m▀[0m[38;2;111;175;54m[48;2;111;175;54m▀[0m[38;2;63;86;54m[48;2;68;128;60m▀[0m[38;2;15;15;15m▄           
  [38;2;15;15;15m[48;2;15;15;15m▀[0m[38;2;68;128;60m[48;2;68;128;60m▀[0m[38;2;68;128;60m[48;2;63;86;54m▀[0m[38;2;170;184;143m[48;2;170;184;143m▀[0m[38;2;63;86;54m[48;2;170;184;143m▀[0m[38;2;111;175;54m[48;2;63;86;54m▀[0m[38;2;111;175;54m[48;2;111;175;54m▀[0m[38;2;111;175;54m[48;2;111;175;54m▀[0m[38;2;63;86;54m[48;2;111;175;54m▀[0m[38;2;75;86;61m▄[38;2;75;86;61m▄[38;2;75;86;61m▄[38;2;75;86;61m▄[38;2;63;86;54m▄[38;2;63;86;54m[48;2;111;175;54m▀[0m[38;2;111;175;54m[48;2;111;175;54m▀[0m[38;2;111;175;54m[48;2;111;175;54m▀[0m[38;2;111;175;54m[48;2;63;86;54m▀[0m[38;2;63;86;54m[48;2;170;184;143m▀[0m[38;2;63;86;54m[48;2;170;184;143m▀[0m[38;2;170;184;143m[48;2;170;184;143m▀[0m[38;2;170;184;143m[48;2;170;184;143m▀[0m[38;2;63;86;54m[48;2;63;86;54m▀[0m[38;2;68;128;60m[48;2;68;128;60m▀[0m[38;2;15;15;15m[48;2;15;15;15m▀[0m           
  [38;2;15;15;15m[48;2;15;15;15m▀[0m[38;2;68;128;60m[48;2;68;128;60m▀[0m[38;2;63;86;54m[48;2;63;86;54m▀[0m[38;2;170;184;143m[48;2;170;184;143m▀[0m[38;2;170;184;143m[48;2;170;184;143m▀[0m[38;2;170;184;143m[48;2;75;86;61m▀[0m[38;2;75;86;61m[48;2;170;184;143m▀[0m[38;2;75;86;61m[48;2;211;231;186m▀[0m[38;2;170;184;143m[48;2;211;231;186m▀[0m[38;2;211;231;186m[48;2;211;231;186m▀[0m[38;2;211;231;186m[48;2;211;231;186m▀[0m[38;2;211;231;186m[48;2;211;231;186m▀[0m[38;2;211;231;186m[48;2;211;231;186m▀[0m[38;2;63;86;54m[48;2;211;231;186m▀[0m[38;2;111;175;54m[48;2;63;86;54m▀[0m[38;2;111;175;54m[48;2;63;86;54m▀[0m[38;2;63;86;54m[48;2;170;184;143m▀[0m[38;2;170;184;143m[48;2;170;184;143m▀[0m[38;2;170;184;143m[48;2;170;184;143m▀[0m[38;2;170;184;143m[48;2;170;184;143m▀[0m[38;2;170;184;143m[48;2;170;184;143m▀[0m[38;2;170;184;143m[48;2;170;184;143m▀[0m[38;2;63;86;54m[48;2;63;86;54m▀[0m[38;2;68;128;60m[48;2;68;128;60m▀[0m[38;2;15;15;15m[48;2;15;15;15m▀[0m           
  [38;2;15;15;15m▀[38;2;68;128;60m[48;2;15;15;15m▀[0m[38;2;68;128;60m[48;2;68;128;60m▀[0m[38;2;170;184;143m[48;2;75;86;61m▀[0m[38;2;75;86;61m[48;2;170;184;143m▀[0m[38;2;170;184;143m[48;2;111;175;54m▀[0m[38;2;211;231;186m[48;2;211;231;186m▀[0m[38;2;211;231;186m[48;2;211;231;186m▀[0m[38;2;211;231;186m[48;2;211;231;186m▀[0m[38;2;211;231;186m[48;2;211;231;186m▀[0m[38;2;211;231;186m[48;2;211;231;186m▀[0m[38;2;211;231;186m[48;2;211;231;186m▀[0m[38;2;211;231;186m[48;2;211;231;186m▀[0m[38;2;211;231;186m[48;2;170;184;143m▀[0m[38;2;211;231;186m[48;2;111;175;54m▀[0m[38;2;211;231;186m[48;2;211;231;186m▀[0m[38;2;124;141;107m[48;2;211;231;186m▀[0m[38;2;124;141;107m[48;2;211;231;186m▀[0m[38;2;170;184;143m[48;2;124;141;107m▀[0m[38;2;170;184;143m[48;2;170;184;143m▀[0m[38;2;170;184;143m[48;2;170;184;143m▀[0m[38;2;170;184;143m[48;2;63;86;54m▀[0m[38;2;68;128;60m[48;2;68;128;60m▀[0m[38;2;68;128;60m[48;2;68;128;60m▀[0m[38;2;15;15;15m[48;2;15;15;15m▀[0m           
   [38;2;15;15;15m▀[38;2;68;128;60m[48;2;75;86;61m▀[0m[38;2;75;86;61m[48;2;170;184;143m▀[0m[38;2;111;175;54m[48;2;111;175;54m▀[0m[38;2;111;175;54m[48;2;111;175;54m▀[0m[38;2;111;175;54m[48;2;111;175;54m▀[0m[38;2;211;231;186m[48;2;170;184;143m▀[0m[38;2;211;231;186m[48;2;211;231;186m▀[0m[38;2;211;231;186m[48;2;211;231;186m▀[0m[38;2;211;231;186m[48;2;111;175;54m▀[0m[38;2;170;184;143m[48;2;111;175;54m▀[0m[38;2;111;175;54m[48;2;111;175;54m▀[0m[38;2;111;175;54m[48;2;111;175;54m▀[0m[38;2;111;175;54m[48;2;111;175;54m▀[0m[38;2;211;231;186m[48;2;211;231;186m▀[0m[38;2;211;231;186m[48;2;211;231;186m▀[0m[38;2;211;231;186m[48;2;211;231;186m▀[0m[38;2;211;231;186m[48;2;211;231;186m▀[0m[38;2;124;141;107m[48;2;211;231;186m▀[0m[38;2;170;184;143m[48;2;63;86;54m▀[0m[38;2;63;86;54m[48;2;68;128;60m▀[0m[38;2;68;128;60m[48;2;68;128;60m▀[0m[38;2;68;128;60m[48;2;15;15;15m▀[0m[38;2;15;15;15m▀           
   [38;2;75;86;61m▄[38;2;75;86;61m[48;2;111;175;54m▀[0m[38;2;68;128;60m[48;2;68;128;60m▀[0m[38;2;68;128;60m[48;2;252;252;252m▀[0m[38;2;111;175;54m[48;2;68;128;60m▀[0m[38;2;111;175;54m[48;2;111;175;54m▀[0m[38;2;111;175;54m[48;2;111;175;54m▀[0m[38;2;211;231;186m[48;2;111;175;54m▀[0m[38;2;111;175;54m[48;2;111;175;54m▀[0m[38;2;111;175;54m[48;2;111;175;54m▀[0m[38;2;111;175;54m[48;2;68;128;60m▀[0m[38;2;68;128;60m[48;2;252;252;252m▀[0m[38;2;68;128;60m[48;2;252;252;252m▀[0m[38;2;68;128;60m[48;2;252;252;252m▀[0m[38;2;111;175;54m[48;2;68;128;60m▀[0m[38;2;170;184;143m[48;2;111;175;54m▀[0m[38;2;211;231;186m[48;2;111;175;54m▀[0m[38;2;211;231;186m[48;2;170;184;143m▀[0m[38;2;211;231;186m[48;2;211;231;186m▀[0m[38;2;63;86;54m[48;2;211;231;186m▀[0m[38;2;68;128;60m[48;2;63;86;54m▀[0m[38;2;68;128;60m[48;2;63;86;54m▀[0m[38;2;15;15;15m▀            
[38;2;75;86;61m▄[38;2;75;86;61m[48;2;211;231;186m▀[0m[38;2;15;15;15m▄[38;2;75;86;61m[48;2;75;86;61m▀[0m[38;2;68;128;60m[48;2;68;128;60m▀[0m[38;2;252;252;252m[48;2;189;51;123m▀[0m[38;2;189;51;123m[48;2;252;252;252m▀[0m[38;2;252;252;252m[48;2;189;51;123m▀[0m[38;2;111;175;54m[48;2;111;175;54m▀[0m[38;2;111;175;54m[48;2;111;175;54m▀[0m[38;2;111;175;54m[48;2;111;175;54m▀[0m[38;2;111;175;54m[48;2;111;175;54m▀[0m[38;2;111;175;54m[48;2;111;175;54m▀[0m[38;2;252;252;252m[48;2;189;51;123m▀[0m[38;2;189;51;123m[48;2;252;252;252m▀[0m[38;2;189;51;123m[48;2;189;51;123m▀[0m[38;2;252;252;252m[48;2;189;51;123m▀[0m[38;2;252;252;252m[48;2;252;252;252m▀[0m[38;2;68;128;60m[48;2;68;128;60m▀[0m[38;2;111;175;54m[48;2;111;175;54m▀[0m[38;2;111;175;54m[48;2;111;175;54m▀[0m[38;2;111;175;54m[48;2;170;184;143m▀[0m[38;2;211;231;186m[48;2;211;231;186m▀[0m[38;2;211;231;186m[48;2;211;231;186m▀[0m[38;2;75;86;61m[48;2;75;86;61m▀[0m [38;2;15;15;15m▄[38;2;15;15;15m▄          
[38;2;75;86;61m[48;2;75;86;61m▀[0m[38;2;211;231;186m[48;2;211;231;186m▀[0m[38;2;15;15;15m[48;2;211;231;186m▀[0m[38;2;75;86;61m[48;2;15;15;15m▀[0m[38;2;68;128;60m[48;2;68;128;60m▀[0m[38;2;200;111;177m[48;2;200;111;177m▀[0m[38;2;75;86;61m[48;2;15;15;15m▀[0m[38;2;15;15;15m[48;2;15;15;15m▀[0m[38;2;111;175;54m[48;2;111;175;54m▀[0m[38;2;111;175;54m[48;2;111;175;54m▀[0m[38;2;111;175;54m[48;2;111;175;54m▀[0m[38;2;111;175;54m[48;2;111;175;54m▀[0m[38;2;111;175;54m[48;2;111;175;54m▀[0m[38;2;189;51;123m[48;2;200;111;177m▀[0m[38;2;75;86;61m[48;2;15;15;15m▀[0m[38;2;15;15;15m[48;2;15;15;15m▀[0m[38;2;200;111;177m[48;2;200;111;177m▀[0m[38;2;252;252;252m[48;2;252;252;252m▀[0m[38;2;68;128;60m[48;2;68;128;60m▀[0m[38;2;111;175;54m[48;2;111;175;54m▀[0m[38;2;111;175;54m[48;2;170;184;143m▀[0m[38;2;211;231;186m[48;2;211;231;186m▀[0m[38;2;211;231;186m[48;2;211;231;186m▀[0m[38;2;211;231;186m[48;2;124;141;107m▀[0m[38;2;75;86;61m[48;2;124;141;107m▀[0m[38;2;15;15;15m[48;2;211;231;186m▀[0m[38;2;211;231;186m[48;2;211;231;186m▀[0m[38;2;15;15;15m[48;2;15;15;15m▀[0m          
[38;2;75;86;61m▀[38;2;170;184;143m[48;2;15;15;15m▀[0m[38;2;211;231;186m[48;2;124;141;107m▀[0m[38;2;211;231;186m[48;2;211;231;186m▀[0m[38;2;211;231;186m[48;2;124;141;107m▀[0m[38;2;124;141;107m[48;2;211;231;186m▀[0m[38;2;200;111;177m[48;2;68;128;60m▀[0m[38;2;68;128;60m[48;2;111;175;54m▀[0m[38;2;111;175;54m[48;2;111;175;54m▀[0m[38;2;189;51;123m[48;2;111;175;54m▀[0m[38;2;63;86;54m[48;2;111;175;54m▀[0m[38;2;111;175;54m[48;2;111;175;54m▀[0m[38;2;111;175;54m[48;2;111;175;54m▀[0m[38;2;68;128;60m[48;2;111;175;54m▀[0m[38;2;200;111;177m[48;2;68;128;60m▀[0m[38;2;200;111;177m[48;2;68;128;60m▀[0m[38;2;252;252;252m[48;2;68;128;60m▀[0m[38;2;68;128;60m[48;2;111;175;54m▀[0m[38;2;111;175;54m[48;2;211;231;186m▀[0m[38;2;170;184;143m[48;2;211;231;186m▀[0m[38;2;211;231;186m[48;2;211;231;186m▀[0m[38;2;211;231;186m[48;2;211;231;186m▀[0m[38;2;211;231;186m[48;2;211;231;186m▀[0m[38;2;211;231;186m[48;2;211;231;186m▀[0m[38;2;211;231;186m[48;2;211;231;186m▀[0m[38;2;211;231;186m[48;2;170;184;143m▀[0m[38;2;170;184;143m[48;2;15;15;15m▀[0m[38;2;15;15;15m▀[38;2;75;86;61m▄[38;2;75;86;61m▄[38;2;75;86;61m[48;2;211;231;186m▀[0m[38;2;75;86;61m[48;2;211;231;186m▀[0m[38;2;75;86;61m[48;2;211;231;186m▀[0m[38;2;75;86;61m[48;2;170;184;143m▀[0m[38;2;75;86;61m▄[38;2;75;86;61m▄  
[38;2;75;86;61m▄[38;2;15;15;15m[48;2;211;231;186m▀[0m[38;2;211;231;186m[48;2;211;231;186m▀[0m[38;2;211;231;186m[48;2;124;141;107m▀[0m[38;2;170;184;143m[48;2;170;184;143m▀[0m[38;2;75;86;61m[48;2;170;184;143m▀[0m[38;2;211;231;186m[48;2;15;15;15m▀[0m[38;2;63;86;54m[48;2;211;231;186m▀[0m[38;2;111;175;54m[48;2;15;15;15m▀[0m[38;2;68;128;60m[48;2;15;15;15m▀[0m[38;2;15;15;15m[48;2;211;231;186m▀[0m[38;2;111;175;54m[48;2;15;15;15m▀[0m[38;2;111;175;54m[48;2;15;15;15m▀[0m[38;2;63;86;54m[48;2;211;231;186m▀[0m[38;2;211;231;186m[48;2;211;231;186m▀[0m[38;2;211;231;186m[48;2;211;231;186m▀[0m[38;2;211;231;186m[48;2;211;231;186m▀[0m[38;2;211;231;186m[48;2;211;231;186m▀[0m[38;2;211;231;186m[48;2;170;184;143m▀[0m[38;2;211;231;186m[48;2;124;141;107m▀[0m[38;2;211;231;186m[48;2;211;231;186m▀[0m[38;2;211;231;186m[48;2;211;231;186m▀[0m[38;2;211;231;186m[48;2;211;231;186m▀[0m[38;2;211;231;186m[48;2;211;231;186m▀[0m[38;2;124;141;107m[48;2;211;231;186m▀[0m[38;2;75;86;61m[48;2;15;15;15m▀[0m [38;2;75;86;61m[48;2;75;86;61m▀[0m[38;2;170;184;143m[48;2;170;184;143m▀[0m[38;2;211;231;186m[48;2;211;231;186m▀[0m[38;2;211;231;186m[48;2;211;231;186m▀[0m[38;2;211;231;186m[48;2;211;231;186m▀[0m[38;2;211;231;186m[48;2;211;231;186m▀[0m[38;2;211;231;186m[48;2;211;231;186m▀[0m[38;2;211;231;186m[48;2;170;184;143m▀[0m[38;2;170;184;143m[48;2;170;184;143m▀[0m[38;2;75;86;61m[48;2;170;184;143m▀[0m[38;2;75;86;61m▄
[38;2;75;86;61m▀[38;2;15;15;15m▀[38;2;15;15;15m[48;2;15;15;15m▀[0m[38;2;170;184;143m[48;2;170;184;143m▀[0m[38;2;170;184;143m[48;2;170;184;143m▀[0m[38;2;75;86;61m[48;2;75;86;61m▀[0m [38;2;15;15;15m▀[38;2;170;184;143m[48;2;15;15;15m▀[0m[38;2;211;231;186m[48;2;75;86;61m▀[0m[38;2;211;231;186m[48;2;170;184;143m▀[0m[38;2;211;231;186m[48;2;170;184;143m▀[0m[38;2;211;231;186m[48;2;170;184;143m▀[0m[38;2;211;231;186m[48;2;170;184;143m▀[0m[38;2;211;231;186m[48;2;170;184;143m▀[0m[38;2;211;231;186m[48;2;170;184;143m▀[0m[38;2;170;184;143m[48;2;170;184;143m▀[0m[38;2;170;184;143m[48;2;124;141;107m▀[0m[38;2;170;184;143m[48;2;15;15;15m▀[0m[38;2;15;15;15m[48;2;68;128;60m▀[0m[38;2;75;86;61m[48;2;75;86;61m▀[0m[38;2;211;231;186m[48;2;211;231;186m▀[0m[38;2;211;231;186m[48;2;170;184;143m▀[0m[38;2;124;141;107m[48;2;15;15;15m▀[0m[38;2;211;231;186m[48;2;15;15;15m▀[0m[38;2;211;231;186m[48;2;15;15;15m▀[0m[38;2;15;15;15m[48;2;15;15;15m▀[0m[38;2;170;184;143m[48;2;170;184;143m▀[0m[38;2;170;184;143m[48;2;170;184;143m▀[0m[38;2;170;184;143m[48;2;170;184;143m▀[0m[38;2;211;231;186m[48;2;170;184;143m▀[0m[38;2;211;231;186m[48;2;170;184;143m▀[0m[38;2;211;231;186m[48;2;170;184;143m▀[0m[38;2;170;184;143m[48;2;170;184;143m▀[0m[38;2;170;184;143m[48;2;170;184;143m▀[0m[38;2;170;184;143m[48;2;75;86;61m▀[0m[38;2;75;86;61m▀[38;2;75;86;61m▀
   [38;2;75;86;61m▀[38;2;170;184;143m[48;2;15;15;15m▀[0m[38;2;170;184;143m[48;2;15;15;15m▀[0m[38;2;75;86;61m[48;2;15;15;15m▀[0m [38;2;15;15;15m▀[38;2;68;128;60m[48;2;15;15;15m▀[0m[38;2;15;15;15m[48;2;68;128;60m▀[0m[38;2;15;15;15m[48;2;63;86;54m▀[0m[38;2;15;15;15m[48;2;170;184;143m▀[0m[38;2;75;86;61m[48;2;124;141;107m▀[0m[38;2;170;184;143m[48;2;170;184;143m▀[0m[38;2;124;141;107m[48;2;124;141;107m▀[0m[38;2;15;15;15m[48;2;170;184;143m▀[0m[38;2;15;15;15m[48;2;63;86;54m▀[0m[38;2;68;128;60m[48;2;68;128;60m▀[0m[38;2;75;86;61m[48;2;15;15;15m▀[0m[38;2;211;231;186m[48;2;15;15;15m▀[0m[38;2;170;184;143m[48;2;15;15;15m▀[0m[38;2;15;15;15m[48;2;170;184;143m▀[0m[38;2;75;86;61m[48;2;211;231;186m▀[0m[38;2;75;86;61m[48;2;211;231;186m▀[0m[38;2;75;86;61m▄[38;2;75;86;61m[48;2;75;86;61m▀[0m[38;2;170;184;143m[48;2;170;184;143m▀[0m[38;2;170;184;143m[48;2;170;184;143m▀[0m[38;2;170;184;143m[48;2;170;184;143m▀[0m[38;2;170;184;143m[48;2;170;184;143m▀[0m[38;2;170;184;143m[48;2;170;184;143m▀[0m[38;2;170;184;143m[48;2;170;184;143m▀[0m[38;2;170;184;143m[48;2;170;184;143m▀[0m[38;2;170;184;143m[48;2;75;86;61m▀[0m[38;2;75;86;61m▀  
         [38;2;63;86;54m▄[38;2;63;86;54m[48;2;111;175;54m▀[0m[38;2;111;175;54m[48;2;111;175;54m▀[0m[38;2;63;86;54m[48;2;68;128;60m▀[0m[38;2;63;86;54m[48;2;111;175;54m▀[0m[38;2;170;184;143m[48;2;63;86;54m▀[0m[38;2;63;86;54m[48;2;111;175;54m▀[0m[38;2;63;86;54m[48;2;68;128;60m▀[0m[38;2;63;86;54m[48;2;111;175;54m▀[0m[38;2;111;175;54m[48;2;111;175;54m▀[0m[38;2;63;86;54m[48;2;111;175;54m▀[0m[38;2;211;231;186m[48;2;63;86;54m▀[0m[38;2;211;231;186m[48;2;63;86;54m▀[0m[38;2;211;231;186m[48;2;211;231;186m▀[0m[38;2;211;231;186m[48;2;211;231;186m▀[0m[38;2;211;231;186m[48;2;211;231;186m▀[0m[38;2;211;231;186m[48;2;211;231;186m▀[0m[38;2;211;231;186m[48;2;211;231;186m▀[0m[38;2;75;86;61m[48;2;211;231;186m▀[0m[38;2;170;184;143m[48;2;15;15;15m▀[0m[38;2;170;184;143m[48;2;124;141;107m▀[0m[38;2;170;184;143m[48;2;170;184;143m▀[0m[38;2;124;141;107m[48;2;170;184;143m▀[0m[38;2;124;141;107m[48;2;170;184;143m▀[0m[38;2;170;184;143m[48;2;75;86;61m▀[0m[38;2;75;86;61m▀   
        [38;2;15;15;15m▀[38;2;111;175;54m[48;2;15;15;15m▀[0m[38;2;111;175;54m[48;2;15;15;15m▀[0m[38;2;15;15;15m▀[38;2;15;15;15m[48;2;15;15;15m▀[0m[38;2;111;175;54m[48;2;111;175;54m▀[0m[38;2;111;175;54m[48;2;111;175;54m▀[0m[38;2;111;175;54m[48;2;68;128;60m▀[0m[38;2;15;15;15m[48;2;15;15;15m▀[0m[38;2;15;15;15m[48;2;170;184;143m▀[0m[38;2;111;175;54m[48;2;15;15;15m▀[0m[38;2;111;175;54m[48;2;15;15;15m▀[0m[38;2;111;175;54m[48;2;15;15;15m▀[0m[38;2;15;15;15m[48;2;170;184;143m▀[0m[38;2;170;184;143m[48;2;170;184;143m▀[0m[38;2;170;184;143m[48;2;170;184;143m▀[0m[38;2;211;231;186m[48;2;124;141;107m▀[0m[38;2;211;231;186m[48;2;170;184;143m▀[0m[38;2;211;231;186m[48;2;170;184;143m▀[0m[38;2;170;184;143m[48;2;170;184;143m▀[0m[38;2;170;184;143m[48;2;170;184;143m▀[0m[38;2;15;15;15m[48;2;15;15;15m▀[0m[38;2;15;15;15m▀[38;2;75;86;61m▀[38;2;124;141;107m▀[38;2;170;184;143m[48;2;75;86;61m▀[0m[38;2;75;86;61m[48;2;75;86;61m▀[0m   
          [38;2;75;86;61m▄[38;2;75;86;61m[48;2;211;231;186m▀[0m[38;2;170;184;143m[48;2;211;231;186m▀[0m[38;2;15;15;15m[48;2;170;184;143m▀[0m[38;2;111;175;54m[48;2;15;15;15m▀[0m[38;2;15;15;15m[48;2;75;86;61m▀[0m[38;2;170;184;143m[48;2;170;184;143m▀[0m[38;2;170;184;143m[48;2;124;141;107m▀[0m[38;2;170;184;143m[48;2;170;184;143m▀[0m[38;2;170;184;143m[48;2;170;184;143m▀[0m[38;2;170;184;143m[48;2;170;184;143m▀[0m[38;2;170;184;143m[48;2;75;86;61m▀[0m[38;2;170;184;143m[48;2;170;184;143m▀[0m[38;2;170;184;143m[48;2;15;15;15m▀[0m[38;2;75;86;61m[48;2;15;15;15m▀[0m[38;2;170;184;143m[48;2;124;141;107m▀[0m[38;2;170;184;143m[48;2;170;184;143m▀[0m[38;2;170;184;143m[48;2;170;184;143m▀[0m[38;2;170;184;143m[48;2;170;184;143m▀[0m[38;2;170;184;143m[48;2;170;184;143m▀[0m[38;2;15;15;15m[48;2;170;184;143m▀[0m[38;2;15;15;15m▄      
          [38;2;75;86;61m[48;2;75;86;61m▀[0m[38;2;211;231;186m[48;2;211;231;186m▀[0m[38;2;211;231;186m[48;2;170;184;143m▀[0m[38;2;75;86;61m[48;2;124;141;107m▀[0m[38;2;15;15;15m▄ [38;2;75;86;61m▀[38;2;124;141;107m[48;2;75;86;61m▀[0m[38;2;211;231;186m[48;2;211;231;186m▀[0m[38;2;211;231;186m[48;2;211;231;186m▀[0m[38;2;170;184;143m[48;2;75;86;61m▀[0m[38;2;15;15;15m▀[38;2;15;15;15m[48;2;75;86;61m▀[0m[38;2;124;141;107m[48;2;124;141;107m▀[0m[38;2;124;141;107m[48;2;124;141;107m▀[0m[38;2;15;15;15m[48;2;75;86;61m▀[0m[38;2;15;15;15m▀[38;2;170;184;143m[48;2;15;15;15m▀[0m[38;2;170;184;143m[48;2;124;141;107m▀[0m[38;2;124;141;107m[48;2;170;184;143m▀[0m[38;2;170;184;143m[48;2;170;184;143m▀[0m[38;2;15;15;15m[48;2;15;15;15m▀[0m      
           [38;2;15;15;15m▀[38;2;124;141;107m[48;2;15;15;15m▀[0m[38;2;124;141;107m[48;2;15;15;15m▀[0m[38;2;15;15;15m▀  [38;2;75;86;61m[48;2;75;86;61m▀[0m[38;2;211;231;186m[48;2;211;231;186m▀[0m[38;2;211;231;186m[48;2;170;184;143m▀[0m[38;2;15;15;15m[48;2;15;15;15m▀[0m[38;2;75;86;61m▄[38;2;75;86;61m[48;2;124;141;107m▀[0m[38;2;124;141;107m[48;2;124;141;107m▀[0m[38;2;124;141;107m[48;2;75;86;61m▀[0m[38;2;75;86;61m▀  [38;2;75;86;61m[48;2;75;86;61m▀[0m[38;2;211;231;186m[48;2;211;231;186m▀[0m[38;2;170;184;143m[48;2;124;141;107m▀[0m[38;2;15;15;15m[48;2;15;15;15m▀[0m      
                [38;2;75;86;61m▄[38;2;75;86;61m[48;2;211;231;186m▀[0m[38;2;211;231;186m[48;2;211;231;186m▀[0m[38;2;170;184;143m[48;2;15;15;15m▀[0m[38;2;15;15;15m▀ [38;2;75;86;61m▀[38;2;75;86;61m▀   [38;2;75;86;61m▀[38;2;211;231;186m[48;2;15;15;15m▀[0m[38;2;211;231;186m[48;2;15;15;15m▀[0m[38;2;15;15;15m▀       
                [38;2;75;86;61m▀[38;2;211;231;186m[48;2;15;15;15m▀[0m[38;2;170;184;143m[48;2;15;15;15m▀[0m[38;2;15;15;15m▀                  
[0m