                [38;2;154;52;32m▄[38;2;154;52;32m▄[38;2;154;52;32m[48;2;255;105;44m▀[0m[38;2;154;52;32m[48;2;255;105;44m▀[0m[38;2;154;52;32m[48;2;255;105;44m▀[0m[38;2;154;52;32m▄           
      [38;2;154;52;32m▄[38;2;154;52;32m▄[38;2;154;52;32m[48;2;248;134;78m▀[0m[38;2;154;52;32m[48;2;248;134;78m▀[0m[38;2;154;52;32m[48;2;248;134;78m▀[0m[38;2;154;52;32m[48;2;248;134;78m▀[0m[38;2;154;52;32m[48;2;255;105;44m▀[0m[38;2;154;52;32m[48;2;255;105;44m▀[0m[38;2;154;52;32m[48;2;255;105;44m▀[0m[38;2;154;52;32m[48;2;255;105;44m▀[0m[38;2;255;105;44m[48;2;209;72;27m▀[0m[38;2;255;105;44m[48;2;154;52;32m▀[0m[38;2;255;105;44m[48;2;154;52;32m▀[0m[38;2;255;105;44m[48;2;255;105;44m▀[0m[38;2;255;105;44m[48;2;209;72;27m▀[0m[38;2;209;72;27m[48;2;209;72;27m▀[0m[38;2;16;16;16m[48;2;16;16;16m▀[0m          
    [38;2;154;52;32m▄[38;2;154;52;32m[48;2;209;72;27m▀[0m[38;2;255;105;44m[48;2;255;105;44m▀[0m[38;2;248;134;78m[48;2;248;134;78m▀[0m[38;2;248;134;78m[48;2;248;134;78m▀[0m[38;2;248;134;78m[48;2;248;134;78m▀[0m[38;2;248;134;78m[48;2;248;134;78m▀[0m[38;2;248;134;78m[48;2;255;105;44m▀[0m[38;2;255;105;44m[48;2;209;72;27m▀[0m[38;2;255;105;44m[48;2;209;72;27m▀[0m[38;2;255;105;44m[48;2;255;105;44m▀[0m[38;2;255;105;44m[48;2;255;105;44m▀[0m[38;2;255;105;44m[48;2;255;105;44m▀[0m[38;2;255;105;44m[48;2;255;105;44m▀[0m[38;2;209;72;27m[48;2;255;105;44m▀[0m[38;2;154;52;32m[48;2;255;105;44m▀[0m[38;2;209;72;27m[48;2;154;52;32m▀[0m[38;2;209;72;27m[48;2;209;72;27m▀[0m[38;2;16;16;16m[48;2;154;52;32m▀[0m[38;2;16;16;16m▄         
   [38;2;154;52;32m▄[38;2;154;52;32m[48;2;255;170;132m▀[0m[38;2;205;205;214m[48;2;254;254;254m▀[0m[38;2;209;72;27m[48;2;205;205;214m▀[0m[38;2;255;105;44m[48;2;209;72;27m▀[0m[38;2;255;105;44m[48;2;209;72;27m▀[0m[38;2;255;105;44m[48;2;255;105;44m▀[0m[38;2;255;105;44m[48;2;255;105;44m▀[0m[38;2;209;72;27m[48;2;205;205;214m▀[0m[38;2;254;254;254m[48;2;16;16;16m▀[0m[38;2;254;254;254m[48;2;205;205;214m▀[0m[38;2;209;72;27m[48;2;254;254;254m▀[0m[38;2;255;139;96m[48;2;209;72;27m▀[0m[38;2;255;105;44m[48;2;255;139;96m▀[0m[38;2;255;105;44m[48;2;255;105;44m▀[0m[38;2;255;105;44m[48;2;255;105;44m▀[0m[38;2;255;105;44m[48;2;255;105;44m▀[0m[38;2;255;105;44m[48;2;255;105;44m▀[0m[38;2;154;52;32m[48;2;154;52;32m▀[0m[38;2;209;72;27m[48;2;209;72;27m▀[0m[38;2;16;16;16m[48;2;209;72;27m▀[0m[38;2;16;16;16m▄        
   [38;2;154;52;32m[48;2;154;52;32m▀[0m[38;2;255;170;132m[48;2;255;170;132m▀[0m[38;2;254;254;254m[48;2;254;254;254m▀[0m[38;2;16;16;16m[48;2;16;16;16m▀[0m[38;2;254;254;254m[48;2;63;66;73m▀[0m[38;2;209;72;27m[48;2;209;72;27m▀[0m[38;2;255;139;96m[48;2;255;170;132m▀[0m[38;2;255;139;96m[48;2;255;170;132m▀[0m[38;2;16;16;16m[48;2;16;16;16m▀[0m[38;2;254;254;254m[48;2;63;66;73m▀[0m[38;2;16;16;16m[48;2;16;16;16m▀[0m[38;2;254;254;254m[48;2;254;254;254m▀[0m[38;2;209;72;27m[48;2;209;72;27m▀[0m[38;2;255;170;132m[48;2;255;170;132m▀[0m[38;2;255;105;44m[48;2;255;139;96m▀[0m[38;2;255;139;96m[48;2;255;170;132m▀[0m[38;2;255;170;132m[48;2;255;170;132m▀[0m[38;2;255;139;96m[48;2;255;170;132m▀[0m[38;2;255;105;44m[48;2;255;105;44m▀[0m[38;2;154;52;32m[48;2;154;52;32m▀[0m[38;2;209;72;27m[48;2;209;72;27m▀[0m[38;2;16;16;16m[48;2;16;16;16m▀[0m        
   [38;2;154;52;32m▀[38;2;255;170;132m[48;2;154;52;32m▀[0m[38;2;205;205;214m[48;2;255;170;132m▀[0m[38;2;16;16;16m[48;2;205;205;214m▀[0m[38;2;16;16;16m[48;2;16;16;16m▀[0m[38;2;209;72;27m[48;2;255;170;132m▀[0m[38;2;255;170;132m[48;2;255;170;132m▀[0m[38;2;255;170;132m[48;2;255;170;132m▀[0m[38;2;16;16;16m[48;2;255;170;132m▀[0m[38;2;16;16;16m[48;2;16;16;16m▀[0m[38;2;16;16;16m[48;2;205;205;214m▀[0m[38;2;205;205;214m[48;2;209;72;27m▀[0m[38;2;209;72;27m[48;2;255;170;132m▀[0m[38;2;255;170;132m[48;2;255;170;132m▀[0m[38;2;255;170;132m[48;2;154;52;32m▀[0m[38;2;255;170;132m[48;2;255;170;132m▀[0m[38;2;255;170;132m[48;2;255;170;132m▀[0m[38;2;255;170;132m[48;2;255;170;132m▀[0m[38;2;255;105;44m[48;2;255;105;44m▀[0m[38;2;154;52;32m[48;2;154;52;32m▀[0m[38;2;16;16;16m[48;2;16;16;16m▀[0m         
     [38;2;154;52;32m▀[38;2;154;52;32m▀[38;2;255;170;132m[48;2;154;52;32m▀[0m[38;2;255;170;132m[48;2;154;52;32m▀[0m[38;2;255;170;132m[48;2;154;52;32m▀[0m[38;2;255;170;132m[48;2;154;52;32m▀[0m[38;2;255;170;132m[48;2;154;52;32m▀[0m[38;2;255;170;132m[48;2;154;52;32m▀[0m[38;2;255;170;132m[48;2;154;52;32m▀[0m[38;2;255;170;132m[48;2;154;52;32m▀[0m[38;2;154;52;32m[48;2;205;205;214m▀[0m[38;2;154;52;32m[48;2;63;66;73m▀[0m[38;2;193;194;204m[48;2;193;194;204m▀[0m[38;2;255;170;132m[48;2;193;194;204m▀[0m[38;2;255;170;132m[48;2;255;170;132m▀[0m[38;2;255;139;96m[48;2;255;105;44m▀[0m[38;2;255;105;44m[48;2;154;52;32m▀[0m[38;2;16;16;16m[48;2;16;16;16m▀[0m          
        [38;2;63;66;73m▀[38;2;205;205;214m[48;2;120;125;136m▀[0m[38;2;205;205;214m[48;2;254;254;254m▀[0m[38;2;205;205;214m[48;2;254;254;254m▀[0m[38;2;205;205;214m[48;2;254;254;254m▀[0m[38;2;205;205;214m[48;2;205;205;214m▀[0m[38;2;205;205;214m[48;2;205;205;214m▀[0m[38;2;205;205;214m[48;2;63;66;73m▀[0m[38;2;63;66;73m[48;2;193;194;204m▀[0m[38;2;193;194;204m[48;2;193;194;204m▀[0m[38;2;193;194;204m[48;2;193;194;204m▀[0m[38;2;255;170;132m[48;2;255;170;132m▀[0m[38;2;255;105;44m[48;2;255;105;44m▀[0m[38;2;154;52;32m[48;2;16;16;16m▀[0m           
          [38;2;120;125;136m▀[38;2;120;125;136m[48;2;154;52;32m▀[0m[38;2;120;125;136m[48;2;193;194;204m▀[0m[38;2;63;66;73m[48;2;193;194;204m▀[0m[38;2;63;66;73m[48;2;193;194;204m▀[0m[38;2;193;194;204m[48;2;193;194;204m▀[0m[38;2;193;194;204m[48;2;252;252;252m▀[0m[38;2;193;194;204m[48;2;255;170;132m▀[0m[38;2;255;170;132m[48;2;255;170;132m▀[0m[38;2;255;170;132m[48;2;255;170;132m▀[0m[38;2;255;139;96m[48;2;255;170;132m▀[0m[38;2;16;16;16m[48;2;16;16;16m▀[0m           
          [38;2;154;52;32m[48;2;154;52;32m▀[0m[38;2;252;252;252m[48;2;252;252;252m▀[0m[38;2;252;252;252m[48;2;252;252;252m▀[0m[38;2;252;252;252m[48;2;252;252;252m▀[0m[38;2;252;252;252m[48;2;252;252;252m▀[0m[38;2;252;252;252m[48;2;252;252;252m▀[0m[38;2;252;252;252m[48;2;255;170;132m▀[0m[38;2;255;170;132m[48;2;255;139;96m▀[0m[38;2;209;72;27m[48;2;154;52;32m▀[0m[38;2;255;170;132m[48;2;255;170;132m▀[0m[38;2;255;170;132m[48;2;255;170;132m▀[0m[38;2;16;16;16m[48;2;154;52;32m▀[0m[38;2;16;16;16m▄[38;2;154;52;32m[48;2;209;72;27m▀[0m[38;2;154;52;32m[48;2;209;72;27m▀[0m[38;2;154;52;32m[48;2;209;72;27m▀[0m[38;2;154;52;32m▄ [38;2;154;52;32m▄[38;2;154;52;32m▄[38;2;154;52;32m▄[38;2;154;52;32m▄ 
        [38;2;154;52;32m▄[38;2;154;52;32m[48;2;154;52;32m▀[0m[38;2;252;252;252m[48;2;252;252;252m▀[0m[38;2;252;252;252m[48;2;252;252;252m▀[0m[38;2;252;252;252m[48;2;252;252;252m▀[0m[38;2;252;252;252m[48;2;252;252;252m▀[0m[38;2;252;252;252m[48;2;252;252;252m▀[0m[38;2;252;252;252m[48;2;252;252;252m▀[0m[38;2;255;170;132m[48;2;255;170;132m▀[0m[38;2;255;105;44m[48;2;255;105;44m▀[0m[38;2;154;52;32m[48;2;154;52;32m▀[0m[38;2;255;170;132m[48;2;255;170;132m▀[0m[38;2;255;170;132m[48;2;255;170;132m▀[0m[38;2;255;170;132m[48;2;255;170;132m▀[0m[38;2;16;16;16m[48;2;154;52;32m▀[0m[38;2;209;72;27m[48;2;209;72;27m▀[0m[38;2;209;72;27m[48;2;209;72;27m▀[0m[38;2;209;72;27m[48;2;154;52;32m▀[0m[38;2;154;52;32m[48;2;209;72;27m▀[0m[38;2;154;52;32m[48;2;209;72;27m▀[0m[38;2;209;72;27m[48;2;209;72;27m▀[0m[38;2;209;72;27m[48;2;209;72;27m▀[0m[38;2;209;72;27m[48;2;209;72;27m▀[0m[38;2;209;72;27m[48;2;209;72;27m▀[0m[38;2;154;52;32m[48;2;154;52;32m▀[0m
     [38;2;154;52;32m▄[38;2;154;52;32m▄[38;2;154;52;32m[48;2;255;170;132m▀[0m[38;2;239;121;82m[48;2;239;121;82m▀[0m[38;2;154;52;32m[48;2;239;121;82m▀[0m[38;2;252;252;252m[48;2;154;52;32m▀[0m[38;2;252;252;252m[48;2;252;252;252m▀[0m[38;2;252;252;252m[48;2;252;252;252m▀[0m[38;2;252;252;252m[48;2;252;252;252m▀[0m[38;2;252;252;252m[48;2;252;252;252m▀[0m[38;2;252;252;252m[48;2;252;252;252m▀[0m[38;2;255;170;132m[48;2;252;252;252m▀[0m[38;2;255;170;132m[48;2;255;170;132m▀[0m[38;2;255;105;44m[48;2;239;121;82m▀[0m[38;2;154;52;32m[48;2;154;52;32m▀[0m[38;2;255;170;132m[48;2;255;170;132m▀[0m[38;2;255;170;132m[48;2;255;170;132m▀[0m[38;2;255;170;132m[48;2;255;170;132m▀[0m[38;2;154;52;32m[48;2;255;170;132m▀[0m[38;2;209;72;27m[48;2;154;52;32m▀[0m[38;2;209;72;27m[48;2;209;72;27m▀[0m[38;2;209;72;27m[48;2;16;16;16m▀[0m[38;2;209;72;27m[48;2;16;16;16m▀[0m[38;2;16;16;16m▀[38;2;16;16;16m▀[38;2;16;16;16m▀[38;2;16;16;16m▀ 
 [38;2;154;52;32m▄[38;2;154;52;32m▄[38;2;154;52;32m[48;2;255;170;132m▀[0m[38;2;154;52;32m[48;2;255;170;132m▀[0m[38;2;255;170;132m[48;2;239;121;82m▀[0m[38;2;255;170;132m[48;2;239;121;82m▀[0m[38;2;239;121;82m[48;2;239;121;82m▀[0m[38;2;239;121;82m[48;2;239;121;82m▀[0m[38;2;239;121;82m[48;2;16;16;16m▀[0m[38;2;16;16;16m▀[38;2;193;194;204m[48;2;16;16;16m▀[0m[38;2;252;252;252m[48;2;193;194;204m▀[0m[38;2;252;252;252m[48;2;193;194;204m▀[0m[38;2;252;252;252m[48;2;193;194;204m▀[0m[38;2;252;252;252m[48;2;193;194;204m▀[0m[38;2;193;194;204m[48;2;193;194;204m▀[0m[38;2;239;121;82m[48;2;193;194;204m▀[0m[38;2;239;121;82m[48;2;239;121;82m▀[0m[38;2;239;121;82m[48;2;239;121;82m▀[0m[38;2;154;52;32m[48;2;16;16;16m▀[0m[38;2;255;170;132m[48;2;239;121;82m▀[0m[38;2;255;170;132m[48;2;255;170;132m▀[0m[38;2;255;170;132m[48;2;255;170;132m▀[0m[38;2;255;170;132m[48;2;255;170;132m▀[0m[38;2;154;52;32m[48;2;255;170;132m▀[0m[38;2;154;52;32m[48;2;255;170;132m▀[0m[38;2;154;52;32m▄[38;2;154;52;32m▄[38;2;154;52;32m▄   
[38;2;16;16;16m▀[38;2;209;72;27m[48;2;16;16;16m▀[0m[38;2;209;72;27m[48;2;16;16;16m▀[0m[38;2;239;121;82m[48;2;16;16;16m▀[0m[38;2;239;121;82m[48;2;16;16;16m▀[0m[38;2;239;121;82m[48;2;16;16;16m▀[0m[38;2;239;121;82m[48;2;16;16;16m▀[0m[38;2;16;16;16m▀[38;2;16;16;16m▀   [38;2;16;16;16m▀[38;2;16;16;16m▀[38;2;193;194;204m[48;2;16;16;16m▀[0m[38;2;193;194;204m[48;2;16;16;16m▀[0m[38;2;193;194;204m[48;2;16;16;16m▀[0m[38;2;193;194;204m[48;2;16;16;16m▀[0m[38;2;193;194;204m[48;2;16;16;16m▀[0m[38;2;16;16;16m▀[38;2;16;16;16m▀[38;2;16;16;16m▀[38;2;255;170;132m[48;2;16;16;16m▀[0m[38;2;255;170;132m[48;2;239;121;82m▀[0m[38;2;255;170;132m[48;2;255;170;132m▀[0m[38;2;255;170;132m[48;2;255;170;132m▀[0m[38;2;255;170;132m[48;2;255;170;132m▀[0m[38;2;255;170;132m[48;2;255;170;132m▀[0m[38;2;255;170;132m[48;2;255;170;132m▀[0m[38;2;255;170;132m[48;2;255;139;96m▀[0m[38;2;154;52;32m[48;2;255;105;44m▀[0m[38;2;154;52;32m[48;2;255;105;44m▀[0m[38;2;16;16;16m▄
                       [38;2;16;16;16m▀[38;2;16;16;16m▀[38;2;209;72;27m[48;2;16;16;16m▀[0m[38;2;209;72;27m[48;2;16;16;16m▀[0m[38;2;209;72;27m[48;2;16;16;16m▀[0m[38;2;209;72;27m[48;2;16;16;16m▀[0m[38;2;209;72;27m[48;2;16;16;16m▀[0m[38;2;209;72;27m[48;2;16;16;16m▀[0m[38;2;209;72;27m[48;2;16;16;16m▀[0m[38;2;16;16;16m▀
[0m