                                      [38;2;62;71;199m▄[38;2;62;71;199m[48;2;65;132;243m▀[0m[38;2;50;56;135m▄                                     
                                      [38;2;62;71;199m[48;2;62;71;199m▀[0m[38;2;65;132;243m[48;2;65;132;243m▀[0m[38;2;50;56;135m[48;2;50;56;135m▀[0m                                     
                                [38;2;50;56;135m▄[38;2;62;71;199m[48;2;65;132;243m▀[0m[38;2;62;71;199m[48;2;65;132;243m▀[0m[38;2;62;71;199m▄[38;2;62;71;199m▄[38;2;62;71;199m[48;2;65;132;243m▀[0m[38;2;65;132;243m[48;2;65;132;243m▀[0m[38;2;65;132;243m[48;2;50;56;135m▀[0m[38;2;65;132;243m[48;2;65;132;243m▀[0m[38;2;50;56;135m[48;2;65;132;243m▀[0m[38;2;62;71;199m▄[38;2;62;71;199m▄[38;2;62;71;199m[48;2;65;132;243m▀[0m[38;2;62;71;199m[48;2;65;132;243m▀[0m[38;2;26;26;26m▄                               
                                 [38;2;50;56;135m▀[38;2;62;71;199m[48;2;50;56;135m▀[0m[38;2;65;132;243m[48;2;62;71;199m▀[0m[38;2;65;132;243m[48;2;65;132;243m▀[0m[38;2;65;132;243m[48;2;50;56;135m▀[0m[38;2;50;56;135m▀ [38;2;26;26;26m▀[38;2;65;132;243m[48;2;26;26;26m▀[0m[38;2;65;132;243m[48;2;62;71;199m▀[0m[38;2;65;132;243m[48;2;62;71;199m▀[0m[38;2;62;71;199m[48;2;26;26;26m▀[0m[38;2;26;26;26m▀                                
                                   [38;2;50;56;135m[48;2;50;56;135m▀[0m[38;2;65;132;243m[48;2;65;132;243m▀[0m[38;2;50;56;135m[48;2;50;56;135m▀[0m   [38;2;26;26;26m[48;2;26;26;26m▀[0m[38;2;62;71;199m[48;2;62;71;199m▀[0m[38;2;26;26;26m[48;2;26;26;26m▀[0m                                  
                                 [38;2;62;71;199m▄[38;2;62;71;199m[48;2;65;132;243m▀[0m[38;2;65;132;243m[48;2;65;132;243m▀[0m[38;2;65;132;243m[48;2;65;132;243m▀[0m[38;2;50;56;135m[48;2;62;71;199m▀[0m[38;2;26;26;26m▄ [38;2;26;26;26m▄[38;2;26;26;26m[48;2;65;132;243m▀[0m[38;2;62;71;199m[48;2;65;132;243m▀[0m[38;2;65;132;243m[48;2;65;132;243m▀[0m[38;2;50;56;135m[48;2;65;132;243m▀[0m[38;2;50;56;135m▄                                
                                [38;2;62;71;199m▀[38;2;65;132;243m[48;2;50;56;135m▀[0m[38;2;65;132;243m[48;2;50;56;135m▀[0m[38;2;50;56;135m▀[38;2;50;56;135m▀[38;2;65;132;243m[48;2;50;56;135m▀[0m[38;2;62;71;199m[48;2;65;132;243m▀[0m[38;2;26;26;26m[48;2;65;132;243m▀[0m[38;2;65;132;243m[48;2;62;71;199m▀[0m[38;2;62;71;199m[48;2;26;26;26m▀[0m[38;2;26;26;26m▀[38;2;50;56;135m▀[38;2;65;132;243m[48;2;26;26;26m▀[0m[38;2;65;132;243m[48;2;26;26;26m▀[0m[38;2;50;56;135m▀                               
                                [38;2;62;71;199m▄[38;2;62;71;199m▄[38;2;62;71;199m▄   [38;2;50;56;135m[48;2;26;26;26m▀[0m[38;2;65;132;243m[48;2;65;132;243m▀[0m[38;2;26;26;26m[48;2;26;26;26m▀[0m                                     
                              [38;2;50;56;135m▄[38;2;62;71;199m[48;2;159;225;245m▀[0m[38;2;65;132;243m[48;2;65;132;243m▀[0m[38;2;65;132;243m[48;2;65;132;243m▀[0m[38;2;65;132;243m[48;2;159;225;245m▀[0m[38;2;62;71;199m[48;2;65;132;243m▀[0m[38;2;26;26;26m▄ [38;2;26;26;26m▀[38;2;65;132;243m[48;2;26;26;26m▀[0m[38;2;26;26;26m▀                                     
                              [38;2;50;56;135m[48;2;50;56;135m▀[0m[38;2;159;225;245m[48;2;65;132;243m▀[0m[38;2;65;132;243m[48;2;65;132;243m▀[0m[38;2;159;225;245m[48;2;65;132;243m▀[0m[38;2;159;225;245m[48;2;65;132;243m▀[0m[38;2;65;132;243m[48;2;62;71;199m▀[0m[38;2;26;26;26m[48;2;26;26;26m▀[0m  [38;2;65;132;243m▄[38;2;65;132;243m▄[38;2;65;132;243m▄                                    
                               [38;2;50;56;135m▀[38;2;65;132;243m[48;2;50;56;135m▀[0m[38;2;65;132;243m[48;2;62;71;199m▀[0m[38;2;62;71;199m[48;2;62;71;199m▀[0m[38;2;62;71;199m[48;2;62;71;199m▀[0m[38;2;50;56;135m[48;2;50;56;135m▀[0m[38;2;26;26;26m[48;2;26;26;26m▀[0m[38;2;65;132;243m[48;2;165;230;153m▀[0m[38;2;237;251;255m[48;2;165;230;153m▀[0m[38;2;237;251;255m[48;2;165;230;153m▀[0m[38;2;237;251;255m[48;2;165;230;153m▀[0m[38;2;65;132;243m[48;2;165;230;153m▀[0m[38;2;65;132;243m[48;2;165;230;153m▀[0m[38;2;65;132;243m▄                                 
                             [38;2;65;132;243m▄   [38;2;50;56;135m[48;2;50;56;135m▀[0m[38;2;50;56;135m[48;2;62;71;199m▀[0m[38;2;50;56;135m[48;2;62;71;199m▀[0m[38;2;62;71;199m[48;2;62;71;199m▀[0m[38;2;50;56;135m[48;2;50;56;135m▀[0m[38;2;44;211;177m[48;2;165;230;153m▀[0m[38;2;44;211;177m[48;2;165;230;153m▀[0m[38;2;44;211;177m[48;2;44;211;177m▀[0m[38;2;44;211;177m[48;2;165;230;153m▀[0m[38;2;44;211;177m[48;2;165;230;153m▀[0m[38;2;44;211;177m[48;2;44;211;177m▀[0m[38;2;165;230;153m[48;2;165;230;153m▀[0m[38;2;65;132;243m[48;2;65;132;243m▀[0m   [38;2;65;132;243m▄                            
                            [38;2;65;132;243m[48;2;65;132;243m▀[0m[38;2;159;225;245m[48;2;159;225;245m▀[0m[38;2;65;132;243m[48;2;159;225;245m▀[0m[38;2;65;132;243m▄ [38;2;50;56;135m▄[38;2;50;56;135m[48;2;62;71;199m▀[0m[38;2;50;56;135m[48;2;44;211;177m▀[0m[38;2;50;56;135m[48;2;44;211;177m▀[0m[38;2;165;230;153m[48;2;44;211;177m▀[0m[38;2;165;230;153m[48;2;165;230;153m▀[0m[38;2;165;230;153m[48;2;50;56;135m▀[0m[38;2;44;211;177m[48;2;50;56;135m▀[0m[38;2;165;230;153m[48;2;44;211;177m▀[0m[38;2;165;230;153m[48;2;165;230;153m▀[0m[38;2;165;230;153m[48;2;50;56;135m▀[0m[38;2;50;56;135m[48;2;62;71;199m▀[0m[38;2;50;56;135m[48;2;62;71;199m▀[0m[38;2;50;56;135m▄[38;2;65;132;243m▄[38;2;65;132;243m[48;2;159;225;245m▀[0m[38;2;159;225;245m[48;2;159;225;245m▀[0m[38;2;65;132;243m[48;2;65;132;243m▀[0m                           
                       [38;2;65;132;243m[48;2;65;132;243m▀[0m[38;2;65;132;243m[48;2;237;251;255m▀[0m[38;2;65;132;243m▄  [38;2;65;132;243m[48;2;65;132;243m▀[0m[38;2;159;225;245m[48;2;159;225;245m▀[0m[38;2;65;132;243m[48;2;65;132;243m▀[0m[38;2;65;132;243m[48;2;237;251;255m▀[0m[38;2;50;56;135m[48;2;65;132;243m▀[0m[38;2;62;71;199m[48;2;62;71;199m▀[0m[38;2;62;71;199m[48;2;62;71;199m▀[0m[38;2;50;56;135m[48;2;50;56;135m▀[0m[38;2;65;132;243m[48;2;159;225;245m▀[0m[38;2;44;211;177m[48;2;65;132;243m▀[0m[38;2;50;56;135m[48;2;50;56;135m▀[0m[38;2;62;71;199m[48;2;65;132;243m▀[0m[38;2;62;71;199m[48;2;62;71;199m▀[0m[38;2;50;56;135m[48;2;50;56;135m▀[0m[38;2;44;211;177m[48;2;65;132;243m▀[0m[38;2;50;56;135m[48;2;65;132;243m▀[0m[38;2;62;71;199m[48;2;50;56;135m▀[0m[38;2;62;71;199m[48;2;62;71;199m▀[0m[38;2;62;71;199m[48;2;65;132;243m▀[0m[38;2;65;132;243m[48;2;237;251;255m▀[0m[38;2;65;132;243m[48;2;65;132;243m▀[0m[38;2;159;225;245m[48;2;159;225;245m▀[0m[38;2;65;132;243m[48;2;65;132;243m▀[0m  [38;2;65;132;243m▄[38;2;65;132;243m[48;2;237;251;255m▀[0m[38;2;65;132;243m[48;2;65;132;243m▀[0m                      
                       [38;2;65;132;243m▀[38;2;237;251;255m[48;2;65;132;243m▀[0m[38;2;237;251;255m[48;2;237;251;255m▀[0m[38;2;65;132;243m[48;2;237;251;255m▀[0m[38;2;65;132;243m▄[38;2;65;132;243m[48;2;65;132;243m▀[0m[38;2;159;225;245m[48;2;159;225;245m▀[0m[38;2;65;132;243m[48;2;65;132;243m▀[0m[38;2;237;251;255m[48;2;237;251;255m▀[0m[38;2;237;251;255m[48;2;237;251;255m▀[0m[38;2;65;132;243m[48;2;65;132;243m▀[0m[38;2;62;71;199m[48;2;65;132;243m▀[0m[38;2;50;56;135m[48;2;50;56;135m▀[0m[38;2;159;225;245m[48;2;159;225;245m▀[0m[38;2;159;225;245m[48;2;159;225;245m▀[0m[38;2;65;132;243m[48;2;65;132;243m▀[0m[38;2;237;251;255m[48;2;237;251;255m▀[0m[38;2;65;132;243m[48;2;65;132;243m▀[0m[38;2;62;71;199m[48;2;62;71;199m▀[0m[38;2;50;56;135m[48;2;50;56;135m▀[0m[38;2;159;225;245m[48;2;159;225;245m▀[0m[38;2;159;225;245m[48;2;65;132;243m▀[0m[38;2;65;132;243m[48;2;65;132;243m▀[0m[38;2;237;251;255m[48;2;237;251;255m▀[0m[38;2;237;251;255m[48;2;237;251;255m▀[0m[38;2;65;132;243m[48;2;65;132;243m▀[0m[38;2;159;225;245m[48;2;159;225;245m▀[0m[38;2;65;132;243m[48;2;65;132;243m▀[0m[38;2;65;132;243m▄[38;2;65;132;243m[48;2;237;251;255m▀[0m[38;2;237;251;255m[48;2;159;225;245m▀[0m[38;2;159;225;245m[48;2;65;132;243m▀[0m[38;2;65;132;243m▀                      
                        [38;2;65;132;243m▀[38;2;237;251;255m[48;2;65;132;243m▀[0m[38;2;237;251;255m[48;2;237;251;255m▀[0m[38;2;237;251;255m[48;2;237;251;255m▀[0m[38;2;65;132;243m[48;2;237;251;255m▀[0m[38;2;159;225;245m[48;2;65;132;243m▀[0m[38;2;159;225;245m[48;2;159;225;245m▀[0m[38;2;65;132;243m[48;2;65;132;243m▀[0m[38;2;237;251;255m[48;2;237;251;255m▀[0m[38;2;237;251;255m[48;2;237;251;255m▀[0m[38;2;65;132;243m[48;2;237;251;255m▀[0m[38;2;159;225;245m[48;2;65;132;243m▀[0m[38;2;159;225;245m[48;2;159;225;245m▀[0m[38;2;65;132;243m[48;2;65;132;243m▀[0m[38;2;237;251;255m[48;2;237;251;255m▀[0m[38;2;237;251;255m[48;2;237;251;255m▀[0m[38;2;237;251;255m[48;2;237;251;255m▀[0m[38;2;65;132;243m[48;2;65;132;243m▀[0m[38;2;50;56;135m[48;2;159;225;245m▀[0m[38;2;159;225;245m[48;2;65;132;243m▀[0m[38;2;65;132;243m[48;2;237;251;255m▀[0m[38;2;237;251;255m[48;2;237;251;255m▀[0m[38;2;237;251;255m[48;2;237;251;255m▀[0m[38;2;65;132;243m[48;2;65;132;243m▀[0m[38;2;159;225;245m[48;2;159;225;245m▀[0m[38;2;159;225;245m[48;2;65;132;243m▀[0m[38;2;65;132;243m[48;2;237;251;255m▀[0m[38;2;237;251;255m[48;2;159;225;245m▀[0m[38;2;159;225;245m[48;2;159;225;245m▀[0m[38;2;159;225;245m[48;2;65;132;243m▀[0m[38;2;65;132;243m▀                       
                         [38;2;65;132;243m▀[38;2;237;251;255m[48;2;65;132;243m▀[0m[38;2;237;251;255m[48;2;237;251;255m▀[0m[38;2;237;251;255m[48;2;237;251;255m▀[0m[38;2;237;251;255m[48;2;237;251;255m▀[0m[38;2;159;225;245m[48;2;237;251;255m▀[0m[38;2;65;132;243m[48;2;237;251;255m▀[0m[38;2;237;251;255m[48;2;237;251;255m▀[0m[38;2;237;251;255m[48;2;237;251;255m▀[0m[38;2;237;251;255m[48;2;237;251;255m▀[0m[38;2;237;251;255m[48;2;237;251;255m▀[0m[38;2;65;132;243m[48;2;65;132;243m▀[0m[38;2;237;251;255m[48;2;237;251;255m▀[0m[38;2;237;251;255m[48;2;237;251;255m▀[0m[38;2;237;251;255m[48;2;237;251;255m▀[0m[38;2;237;251;255m[48;2;237;251;255m▀[0m[38;2;237;251;255m[48;2;237;251;255m▀[0m[38;2;65;132;243m[48;2;65;132;243m▀[0m[38;2;237;251;255m[48;2;237;251;255m▀[0m[38;2;237;251;255m[48;2;237;251;255m▀[0m[38;2;237;251;255m[48;2;237;251;255m▀[0m[38;2;237;251;255m[48;2;237;251;255m▀[0m[38;2;65;132;243m[48;2;159;225;245m▀[0m[38;2;159;225;245m[48;2;159;225;245m▀[0m[38;2;237;251;255m[48;2;159;225;245m▀[0m[38;2;159;225;245m[48;2;159;225;245m▀[0m[38;2;159;225;245m[48;2;159;225;245m▀[0m[38;2;159;225;245m[48;2;65;132;243m▀[0m[38;2;65;132;243m▀                        
                          [38;2;65;132;243m▀[38;2;159;225;245m[48;2;65;132;243m▀[0m[38;2;65;132;243m[48;2;159;225;245m▀[0m[38;2;237;251;255m[48;2;65;132;243m▀[0m[38;2;237;251;255m[48;2;237;251;255m▀[0m[38;2;237;251;255m[48;2;65;132;243m▀[0m[38;2;237;251;255m[48;2;237;251;255m▀[0m[38;2;237;251;255m[48;2;237;251;255m▀[0m[38;2;237;251;255m[48;2;237;251;255m▀[0m[38;2;237;251;255m[48;2;237;251;255m▀[0m[38;2;237;251;255m[48;2;237;251;255m▀[0m[38;2;237;251;255m[48;2;237;251;255m▀[0m[38;2;237;251;255m[48;2;237;251;255m▀[0m[38;2;237;251;255m[48;2;237;251;255m▀[0m[38;2;237;251;255m[48;2;237;251;255m▀[0m[38;2;237;251;255m[48;2;237;251;255m▀[0m[38;2;237;251;255m[48;2;237;251;255m▀[0m[38;2;237;251;255m[48;2;237;251;255m▀[0m[38;2;237;251;255m[48;2;237;251;255m▀[0m[38;2;237;251;255m[48;2;237;251;255m▀[0m[38;2;159;225;245m[48;2;159;225;245m▀[0m[38;2;159;225;245m[48;2;65;132;243m▀[0m[38;2;159;225;245m[48;2;159;225;245m▀[0m[38;2;159;225;245m[48;2;159;225;245m▀[0m[38;2;159;225;245m[48;2;245;105;147m▀[0m[38;2;159;225;245m[48;2;65;132;243m▀[0m[38;2;65;132;243m▀                         
                           [38;2;65;132;243m[48;2;159;225;245m▀[0m[38;2;159;225;245m[48;2;159;225;245m▀[0m[38;2;65;132;243m[48;2;159;225;245m▀[0m[38;2;65;132;243m[48;2;65;132;243m▀[0m[38;2;169;70;212m[48;2;169;70;212m▀[0m[38;2;65;132;243m[48;2;65;132;243m▀[0m[38;2;237;251;255m[48;2;159;225;245m▀[0m[38;2;237;251;255m[48;2;65;132;243m▀[0m[38;2;65;132;243m[48;2;34;177;76m▀[0m[38;2;237;251;255m[48;2;65;132;243m▀[0m[38;2;237;251;255m[48;2;237;251;255m▀[0m[38;2;237;251;255m[48;2;65;132;243m▀[0m[38;2;65;132;243m[48;2;247;69;26m▀[0m[38;2;237;251;255m[48;2;65;132;243m▀[0m[38;2;237;251;255m[48;2;237;251;255m▀[0m[38;2;237;251;255m[48;2;159;225;245m▀[0m[38;2;65;132;243m[48;2;65;132;243m▀[0m[38;2;237;251;255m[48;2;159;225;245m▀[0m[38;2;159;225;245m[48;2;159;225;245m▀[0m[38;2;65;132;243m[48;2;65;132;243m▀[0m[38;2;159;225;245m[48;2;159;225;245m▀[0m[38;2;65;132;243m[48;2;65;132;243m▀[0m[38;2;159;225;245m[48;2;65;132;243m▀[0m[38;2;245;105;147m[48;2;245;105;147m▀[0m[38;2;65;132;243m[48;2;245;105;147m▀[0m [38;2;65;132;243m▄[38;2;65;132;243m▄[38;2;65;132;243m▄                      
                           [38;2;26;26;26m[48;2;26;26;26m▀[0m[38;2;159;225;245m[48;2;159;225;245m▀[0m[38;2;26;26;26m[48;2;26;26;26m▀[0m[38;2;169;70;212m[48;2;169;70;212m▀[0m[38;2;245;105;147m[48;2;169;70;212m▀[0m[38;2;169;70;212m[48;2;169;70;212m▀[0m[38;2;26;26;26m[48;2;26;26;26m▀[0m[38;2;65;132;243m[48;2;34;177;76m▀[0m[38;2;34;177;76m[48;2;44;211;177m▀[0m[38;2;65;132;243m[48;2;34;177;76m▀[0m[38;2;159;225;245m[48;2;26;26;26m▀[0m[38;2;65;132;243m[48;2;247;69;26m▀[0m[38;2;247;69;26m[48;2;245;105;147m▀[0m[38;2;65;132;243m[48;2;247;69;26m▀[0m[38;2;159;225;245m[48;2;26;26;26m▀[0m[38;2;65;132;243m[48;2;65;132;243m▀[0m[38;2;65;132;243m[48;2;159;225;245m▀[0m[38;2;65;132;243m[48;2;65;132;243m▀[0m[38;2;26;26;26m[48;2;26;26;26m▀[0m[38;2;159;225;245m[48;2;159;225;245m▀[0m[38;2;237;251;255m[48;2;159;225;245m▀[0m[38;2;159;225;245m[48;2;159;225;245m▀[0m[38;2;26;26;26m[48;2;26;26;26m▀[0m[38;2;245;105;147m[48;2;245;105;147m▀[0m[38;2;26;26;26m[48;2;26;26;26m▀[0m[38;2;65;132;243m[48;2;44;211;177m▀[0m[38;2;44;211;177m[48;2;44;211;177m▀[0m[38;2;44;211;177m[48;2;44;211;177m▀[0m[38;2;44;211;177m[48;2;65;132;243m▀[0m[38;2;65;132;243m[48;2;65;132;243m▀[0m[38;2;65;132;243m▄        [38;2;65;132;243m▄[38;2;65;132;243m[48;2;44;211;177m▀[0m[38;2;65;132;243m▄ [38;2;65;132;243m▄[38;2;65;132;243m[48;2;165;230;153m▀[0m[38;2;26;26;26m▄     
                           [38;2;65;132;243m▄[38;2;26;26;26m[48;2;62;71;199m▀[0m[38;2;159;225;245m[48;2;65;132;243m▀[0m[38;2;26;26;26m[48;2;26;26;26m▀[0m[38;2;169;70;212m[48;2;169;70;212m▀[0m[38;2;26;26;26m[48;2;26;26;26m▀[0m[38;2;65;132;243m[48;2;159;225;245m▀[0m[38;2;34;177;76m[48;2;26;26;26m▀[0m[38;2;34;177;76m[48;2;34;177;76m▀[0m[38;2;34;177;76m[48;2;26;26;26m▀[0m[38;2;26;26;26m[48;2;159;225;245m▀[0m[38;2;247;69;26m[48;2;26;26;26m▀[0m[38;2;247;69;26m[48;2;247;69;26m▀[0m[38;2;247;69;26m[48;2;26;26;26m▀[0m[38;2;26;26;26m[48;2;159;225;245m▀[0m[38;2;65;132;243m[48;2;26;26;26m▀[0m[38;2;65;132;243m[48;2;65;132;243m▀[0m[38;2;65;132;243m[48;2;26;26;26m▀[0m[38;2;65;132;243m[48;2;159;225;245m▀[0m[38;2;26;26;26m[48;2;26;26;26m▀[0m[38;2;159;225;245m[48;2;159;225;245m▀[0m[38;2;26;26;26m[48;2;26;26;26m▀[0m[38;2;159;225;245m[48;2;62;71;199m▀[0m[38;2;26;26;26m[48;2;44;211;177m▀[0m[38;2;44;211;177m[48;2;44;211;177m▀[0m[38;2;44;211;177m[48;2;44;211;177m▀[0m[38;2;44;211;177m[48;2;44;211;177m▀[0m[38;2;65;132;243m[48;2;44;211;177m▀[0m[38;2;44;211;177m[48;2;44;211;177m▀[0m[38;2;44;211;177m[48;2;65;132;243m▀[0m[38;2;44;211;177m[48;2;65;132;243m▀[0m[38;2;65;132;243m[48;2;65;132;243m▀[0m[38;2;65;132;243m▄[38;2;65;132;243m▄  [38;2;65;132;243m▄[38;2;65;132;243m▄[38;2;65;132;243m[48;2;44;211;177m▀[0m[38;2;44;211;177m[48;2;44;211;177m▀[0m[38;2;44;211;177m[48;2;65;132;243m▀[0m[38;2;65;132;243m[48;2;44;211;177m▀[0m[38;2;65;132;243m[48;2;165;230;153m▀[0m[38;2;165;230;153m[48;2;165;230;153m▀[0m[38;2;165;230;153m[48;2;165;230;153m▀[0m[38;2;26;26;26m[48;2;26;26;26m▀[0m     
                        [38;2;62;71;199m▄[38;2;65;132;243m▄[38;2;65;132;243m[48;2;44;211;177m▀[0m[38;2;62;71;199m[48;2;62;71;199m▀[0m[38;2;237;251;255m[48;2;65;132;243m▀[0m[38;2;237;251;255m[48;2;237;251;255m▀[0m[38;2;237;251;255m[48;2;65;132;243m▀[0m[38;2;26;26;26m[48;2;62;71;199m▀[0m[38;2;62;71;199m[48;2;62;71;199m▀[0m[38;2;65;132;243m[48;2;44;211;177m▀[0m[38;2;26;26;26m[48;2;44;211;177m▀[0m[38;2;34;177;76m[48;2;26;26;26m▀[0m[38;2;26;26;26m[48;2;65;132;243m▀[0m[38;2;65;132;243m[48;2;237;251;255m▀[0m[38;2;26;26;26m[48;2;62;71;199m▀[0m[38;2;247;69;26m[48;2;26;26;26m▀[0m[38;2;26;26;26m[48;2;62;71;199m▀[0m[38;2;65;132;243m[48;2;237;251;255m▀[0m[38;2;26;26;26m[48;2;62;71;199m▀[0m[38;2;65;132;243m[48;2;26;26;26m▀[0m[38;2;26;26;26m[48;2;62;71;199m▀[0m[38;2;65;132;243m[48;2;237;251;255m▀[0m[38;2;65;132;243m[48;2;237;251;255m▀[0m[38;2;26;26;26m[48;2;65;132;243m▀[0m[38;2;62;71;199m[48;2;62;71;199m▀[0m[38;2;44;211;177m[48;2;44;211;177m▀[0m[38;2;62;71;199m[48;2;44;211;177m▀[0m[38;2;44;211;177m[48;2;62;71;199m▀[0m[38;2;44;211;177m[48;2;62;71;199m▀[0m[38;2;44;211;177m[48;2;65;132;243m▀[0m[38;2;65;132;243m[48;2;165;230;153m▀[0m[38;2;65;132;243m[48;2;165;230;153m▀[0m[38;2;165;230;153m[48;2;165;230;153m▀[0m[38;2;165;230;153m[48;2;165;230;153m▀[0m[38;2;165;230;153m[48;2;44;211;177m▀[0m[38;2;165;230;153m[48;2;44;211;177m▀[0m[38;2;165;230;153m[48;2;165;230;153m▀[0m[38;2;65;132;243m[48;2;165;230;153m▀[0m[38;2;65;132;243m[48;2;165;230;153m▀[0m[38;2;44;211;177m[48;2;65;132;243m▀[0m[38;2;44;211;177m[48;2;44;211;177m▀[0m[38;2;44;211;177m[48;2;44;211;177m▀[0m[38;2;44;211;177m[48;2;44;211;177m▀[0m[38;2;44;211;177m[48;2;165;230;153m▀[0m[38;2;165;230;153m[48;2;165;230;153m▀[0m[38;2;165;230;153m[48;2;165;230;153m▀[0m[38;2;165;230;153m[48;2;65;132;243m▀[0m[38;2;165;230;153m[48;2;165;230;153m▀[0m[38;2;165;230;153m[48;2;165;230;153m▀[0m[38;2;26;26;26m[48;2;26;26;26m▀[0m    
                      [38;2;62;71;199m▄[38;2;62;71;199m[48;2;237;251;255m▀[0m[38;2;237;251;255m[48;2;65;132;243m▀[0m[38;2;62;71;199m[48;2;44;211;177m▀[0m[38;2;44;211;177m[48;2;65;132;243m▀[0m[38;2;44;211;177m[48;2;62;71;199m▀[0m[38;2;44;211;177m[48;2;62;71;199m▀[0m[38;2;62;71;199m[48;2;44;211;177m▀[0m[38;2;62;71;199m[48;2;44;211;177m▀[0m[38;2;62;71;199m[48;2;44;211;177m▀[0m[38;2;44;211;177m[48;2;44;211;177m▀[0m[38;2;44;211;177m[48;2;62;71;199m▀[0m[38;2;44;211;177m[48;2;62;71;199m▀[0m[38;2;62;71;199m[48;2;44;211;177m▀[0m[38;2;62;71;199m[48;2;44;211;177m▀[0m[38;2;65;132;243m[48;2;62;71;199m▀[0m[38;2;237;251;255m[48;2;62;71;199m▀[0m[38;2;237;251;255m[48;2;62;71;199m▀[0m[38;2;237;251;255m[48;2;62;71;199m▀[0m[38;2;62;71;199m[48;2;62;71;199m▀[0m[38;2;62;71;199m[48;2;44;211;177m▀[0m[38;2;44;211;177m[48;2;62;71;199m▀[0m[38;2;44;211;177m[48;2;44;211;177m▀[0m[38;2;62;71;199m[48;2;44;211;177m▀[0m[38;2;62;71;199m[48;2;44;211;177m▀[0m[38;2;62;71;199m[48;2;44;211;177m▀[0m[38;2;44;211;177m[48;2;62;71;199m▀[0m[38;2;62;71;199m[48;2;62;71;199m▀[0m[38;2;44;211;177m[48;2;62;71;199m▀[0m[38;2;62;71;199m[48;2;44;211;177m▀[0m[38;2;237;251;255m[48;2;62;71;199m▀[0m[38;2;50;56;135m[48;2;237;251;255m▀[0m[38;2;165;230;153m[48;2;50;56;135m▀[0m[38;2;165;230;153m[48;2;44;211;177m▀[0m[38;2;44;211;177m[48;2;165;230;153m▀[0m[38;2;44;211;177m[48;2;165;230;153m▀[0m[38;2;165;230;153m[48;2;165;230;153m▀[0m[38;2;165;230;153m[48;2;165;230;153m▀[0m[38;2;165;230;153m[48;2;165;230;153m▀[0m[38;2;165;230;153m[48;2;165;230;153m▀[0m[38;2;165;230;153m[48;2;165;230;153m▀[0m[38;2;165;230;153m[48;2;165;230;153m▀[0m[38;2;65;132;243m[48;2;165;230;153m▀[0m[38;2;44;211;177m[48;2;65;132;243m▀[0m[38;2;165;230;153m[48;2;44;211;177m▀[0m[38;2;165;230;153m[48;2;44;211;177m▀[0m[38;2;165;230;153m[48;2;65;132;243m▀[0m[38;2;65;132;243m[48;2;44;211;177m▀[0m[38;2;165;230;153m[48;2;165;230;153m▀[0m[38;2;165;230;153m[48;2;165;230;153m▀[0m[38;2;165;230;153m[48;2;44;211;177m▀[0m[38;2;26;26;26m[48;2;26;26;26m▀[0m    
                    [38;2;65;132;243m▄[38;2;62;71;199m[48;2;62;71;199m▀[0m[38;2;237;251;255m[48;2;62;71;199m▀[0m[38;2;65;132;243m[48;2;44;211;177m▀[0m[38;2;44;211;177m[48;2;62;71;199m▀[0m[38;2;62;71;199m[48;2;237;251;255m▀[0m[38;2;62;71;199m[48;2;237;251;255m▀[0m[38;2;237;251;255m[48;2;62;71;199m▀[0m[38;2;62;71;199m[48;2;62;71;199m▀[0m[38;2;65;132;243m[48;2;165;230;153m▀[0m[38;2;65;132;243m[48;2;44;211;177m▀[0m[38;2;44;211;177m[48;2;62;71;199m▀[0m[38;2;62;71;199m[48;2;62;71;199m▀[0m[38;2;62;71;199m[48;2;62;71;199m▀[0m[38;2;62;71;199m[48;2;237;251;255m▀[0m[38;2;62;71;199m[48;2;65;132;243m▀[0m[38;2;62;71;199m[48;2;62;71;199m▀[0m[38;2;44;211;177m[48;2;62;71;199m▀[0m[38;2;65;132;243m[48;2;44;211;177m▀[0m[38;2;62;71;199m[48;2;44;211;177m▀[0m[38;2;62;71;199m[48;2;44;211;177m▀[0m[38;2;44;211;177m[48;2;62;71;199m▀[0m[38;2;62;71;199m[48;2;62;71;199m▀[0m[38;2;62;71;199m[48;2;237;251;255m▀[0m[38;2;62;71;199m[48;2;62;71;199m▀[0m[38;2;44;211;177m[48;2;62;71;199m▀[0m[38;2;44;211;177m[48;2;44;211;177m▀[0m[38;2;62;71;199m[48;2;62;71;199m▀[0m[38;2;62;71;199m[48;2;62;71;199m▀[0m[38;2;237;251;255m[48;2;237;251;255m▀[0m[38;2;62;71;199m[48;2;237;251;255m▀[0m[38;2;62;71;199m[48;2;237;251;255m▀[0m[38;2;44;211;177m[48;2;62;71;199m▀[0m[38;2;62;71;199m[48;2;44;211;177m▀[0m[38;2;62;71;199m[48;2;44;211;177m▀[0m[38;2;50;56;135m[48;2;50;56;135m▀[0m[38;2;165;230;153m[48;2;165;230;153m▀[0m[38;2;165;230;153m[48;2;165;230;153m▀[0m[38;2;165;230;153m[48;2;44;211;177m▀[0m[38;2;165;230;153m[48;2;44;211;177m▀[0m[38;2;44;211;177m[48;2;165;230;153m▀[0m[38;2;44;211;177m[48;2;165;230;153m▀[0m[38;2;44;211;177m[48;2;165;230;153m▀[0m[38;2;165;230;153m[48;2;165;230;153m▀[0m[38;2;165;230;153m[48;2;44;211;177m▀[0m[38;2;44;211;177m[48;2;44;211;177m▀[0m[38;2;44;211;177m[48;2;44;211;177m▀[0m[38;2;44;211;177m[48;2;44;211;177m▀[0m[38;2;44;211;177m[48;2;44;211;177m▀[0m[38;2;165;230;153m[48;2;44;211;177m▀[0m[38;2;165;230;153m[48;2;44;211;177m▀[0m[38;2;44;211;177m[48;2;44;211;177m▀[0m[38;2;26;26;26m[48;2;26;26;26m▀[0m     
               [38;2;50;56;135m▄[38;2;65;132;243m[48;2;44;211;177m▀[0m[38;2;65;132;243m[48;2;44;211;177m▀[0m[38;2;65;132;243m[48;2;44;211;177m▀[0m[38;2;65;132;243m[48;2;44;211;177m▀[0m[38;2;44;211;177m[48;2;44;211;177m▀[0m[38;2;44;211;177m[48;2;44;211;177m▀[0m[38;2;44;211;177m[48;2;44;211;177m▀[0m[38;2;44;211;177m[48;2;44;211;177m▀[0m[38;2;62;71;199m[48;2;62;71;199m▀[0m[38;2;237;251;255m[48;2;62;71;199m▀[0m[38;2;62;71;199m[48;2;62;71;199m▀[0m[38;2;62;71;199m[48;2;165;230;153m▀[0m[38;2;165;230;153m[48;2;165;230;153m▀[0m[38;2;165;230;153m[48;2;44;211;177m▀[0m[38;2;44;211;177m[48;2;44;211;177m▀[0m[38;2;62;71;199m[48;2;44;211;177m▀[0m[38;2;62;71;199m[48;2;62;71;199m▀[0m[38;2;65;132;243m[48;2;237;251;255m▀[0m[38;2;237;251;255m[48;2;237;251;255m▀[0m[38;2;237;251;255m[48;2;237;251;255m▀[0m[38;2;65;132;243m[48;2;237;251;255m▀[0m[38;2;62;71;199m[48;2;62;71;199m▀[0m[38;2;62;71;199m[48;2;62;71;199m▀[0m[38;2;44;211;177m[48;2;44;211;177m▀[0m[38;2;62;71;199m[48;2;62;71;199m▀[0m[38;2;62;71;199m[48;2;62;71;199m▀[0m[38;2;237;251;255m[48;2;237;251;255m▀[0m[38;2;237;251;255m[48;2;237;251;255m▀[0m[38;2;237;251;255m[48;2;237;251;255m▀[0m[38;2;62;71;199m[48;2;62;71;199m▀[0m[38;2;62;71;199m[48;2;62;71;199m▀[0m[38;2;44;211;177m[48;2;44;211;177m▀[0m[38;2;62;71;199m[48;2;44;211;177m▀[0m[38;2;65;132;243m[48;2;62;71;199m▀[0m[38;2;237;251;255m[48;2;62;71;199m▀[0m[38;2;65;132;243m[48;2;62;71;199m▀[0m[38;2;62;71;199m[48;2;44;211;177m▀[0m[38;2;44;211;177m[48;2;44;211;177m▀[0m[38;2;44;211;177m[48;2;65;132;243m▀[0m[38;2;44;211;177m[48;2;65;132;243m▀[0m[38;2;50;56;135m[48;2;50;56;135m▀[0m[38;2;44;211;177m[48;2;44;211;177m▀[0m[38;2;44;211;177m[48;2;44;211;177m▀[0m[38;2;165;230;153m[48;2;44;211;177m▀[0m[38;2;165;230;153m[48;2;44;211;177m▀[0m[38;2;165;230;153m[48;2;44;211;177m▀[0m[38;2;165;230;153m[48;2;44;211;177m▀[0m[38;2;44;211;177m[48;2;44;211;177m▀[0m[38;2;44;211;177m[48;2;44;211;177m▀[0m[38;2;44;211;177m[48;2;44;211;177m▀[0m[38;2;44;211;177m[48;2;44;211;177m▀[0m[38;2;44;211;177m[48;2;44;211;177m▀[0m[38;2;44;211;177m[48;2;44;211;177m▀[0m[38;2;44;211;177m[48;2;44;211;177m▀[0m[38;2;44;211;177m[48;2;26;26;26m▀[0m[38;2;26;26;26m▀      
           [38;2;65;132;243m▄   [38;2;65;132;243m▄[38;2;50;56;135m[48;2;65;132;243m▀[0m[38;2;44;211;177m[48;2;65;132;243m▀[0m[38;2;44;211;177m[48;2;65;132;243m▀[0m[38;2;65;132;243m[48;2;165;230;153m▀[0m[38;2;65;132;243m[48;2;165;230;153m▀[0m[38;2;44;211;177m[48;2;165;230;153m▀[0m[38;2;165;230;153m[48;2;165;230;153m▀[0m[38;2;44;211;177m[48;2;165;230;153m▀[0m[38;2;44;211;177m[48;2;44;211;177m▀[0m[38;2;62;71;199m[48;2;50;56;135m▀[0m[38;2;50;56;135m[48;2;84;65;181m▀[0m[38;2;84;65;181m[48;2;165;230;153m▀[0m[38;2;44;211;177m[48;2;165;230;153m▀[0m[38;2;44;211;177m[48;2;65;132;243m▀[0m[38;2;44;211;177m[48;2;84;65;181m▀[0m[38;2;44;211;177m[48;2;84;65;181m▀[0m[38;2;62;71;199m[48;2;44;211;177m▀[0m[38;2;65;132;243m[48;2;44;211;177m▀[0m[38;2;237;251;255m[48;2;62;71;199m▀[0m[38;2;237;251;255m[48;2;62;71;199m▀[0m[38;2;65;132;243m[48;2;62;71;199m▀[0m[38;2;62;71;199m[48;2;44;211;177m▀[0m[38;2;62;71;199m[48;2;44;211;177m▀[0m[38;2;44;211;177m[48;2;44;211;177m▀[0m[38;2;44;211;177m[48;2;44;211;177m▀[0m[38;2;62;71;199m[48;2;44;211;177m▀[0m[38;2;62;71;199m[48;2;62;71;199m▀[0m[38;2;237;251;255m[48;2;62;71;199m▀[0m[38;2;65;132;243m[48;2;62;71;199m▀[0m[38;2;62;71;199m[48;2;44;211;177m▀[0m[38;2;62;71;199m[48;2;44;211;177m▀[0m[38;2;44;211;177m[48;2;44;211;177m▀[0m[38;2;44;211;177m[48;2;44;211;177m▀[0m[38;2;44;211;177m[48;2;65;132;243m▀[0m[38;2;44;211;177m[48;2;65;132;243m▀[0m[38;2;44;211;177m[48;2;65;132;243m▀[0m[38;2;44;211;177m[48;2;44;211;177m▀[0m[38;2;65;132;243m[48;2;50;56;135m▀[0m[38;2;65;132;243m[48;2;50;56;135m▀[0m[38;2;65;132;243m[48;2;50;56;135m▀[0m[38;2;65;132;243m[48;2;65;132;243m▀[0m[38;2;50;56;135m[48;2;50;56;135m▀[0m[38;2;44;211;177m[48;2;44;211;177m▀[0m[38;2;44;211;177m[48;2;44;211;177m▀[0m[38;2;44;211;177m[48;2;26;26;26m▀[0m[38;2;44;211;177m[48;2;26;26;26m▀[0m[38;2;26;26;26m▀[38;2;26;26;26m▀[38;2;44;211;177m[48;2;26;26;26m▀[0m[38;2;44;211;177m[48;2;26;26;26m▀[0m[38;2;44;211;177m[48;2;26;26;26m▀[0m[38;2;44;211;177m[48;2;26;26;26m▀[0m[38;2;26;26;26m▀[38;2;26;26;26m▀        
          [38;2;65;132;243m▄[38;2;65;132;243m[48;2;65;132;243m▀[0m[38;2;65;132;243m▄ [38;2;50;56;135m▀[38;2;165;230;153m[48;2;50;56;135m▀[0m[38;2;165;230;153m[48;2;165;230;153m▀[0m[38;2;165;230;153m[48;2;165;230;153m▀[0m[38;2;165;230;153m[48;2;165;230;153m▀[0m[38;2;165;230;153m[48;2;165;230;153m▀[0m[38;2;165;230;153m[48;2;165;230;153m▀[0m[38;2;165;230;153m[48;2;65;132;243m▀[0m[38;2;165;230;153m[48;2;65;132;243m▀[0m[38;2;65;132;243m[48;2;165;230;153m▀[0m[38;2;44;211;177m[48;2;50;56;135m▀[0m[38;2;50;56;135m[48;2;84;65;181m▀[0m[38;2;84;65;181m[48;2;84;65;181m▀[0m[38;2;165;230;153m[48;2;65;132;243m▀[0m[38;2;65;132;243m[48;2;84;65;181m▀[0m[38;2;84;65;181m[48;2;84;65;181m▀[0m[38;2;84;65;181m[48;2;38;201;199m▀[0m[38;2;245;105;147m[48;2;38;201;199m▀[0m[38;2;84;65;181m[48;2;245;105;147m▀[0m[38;2;44;211;177m[48;2;165;230;153m▀[0m[38;2;44;211;177m[48;2;65;132;243m▀[0m[38;2;44;211;177m[48;2;44;211;177m▀[0m[38;2;44;211;177m[48;2;165;230;153m▀[0m[38;2;44;211;177m[48;2;44;211;177m▀[0m[38;2;165;230;153m[48;2;165;230;153m▀[0m[38;2;44;211;177m[48;2;165;230;153m▀[0m[38;2;44;211;177m[48;2;44;211;177m▀[0m[38;2;44;211;177m[48;2;165;230;153m▀[0m[38;2;44;211;177m[48;2;44;211;177m▀[0m[38;2;44;211;177m[48;2;165;230;153m▀[0m[38;2;165;230;153m[48;2;165;230;153m▀[0m[38;2;44;211;177m[48;2;165;230;153m▀[0m[38;2;165;230;153m[48;2;165;230;153m▀[0m[38;2;44;211;177m[48;2;165;230;153m▀[0m[38;2;65;132;243m[48;2;165;230;153m▀[0m[38;2;65;132;243m[48;2;165;230;153m▀[0m[38;2;65;132;243m[48;2;165;230;153m▀[0m[38;2;65;132;243m[48;2;165;230;153m▀[0m[38;2;65;132;243m[48;2;165;230;153m▀[0m[38;2;165;230;153m[48;2;165;230;153m▀[0m[38;2;165;230;153m[48;2;165;230;153m▀[0m[38;2;165;230;153m[48;2;50;56;135m▀[0m[38;2;50;56;135m[48;2;44;211;177m▀[0m[38;2;44;211;177m[48;2;26;26;26m▀[0m[38;2;44;211;177m[48;2;26;26;26m▀[0m[38;2;26;26;26m▀          [38;2;251;213;0m▄       
           [38;2;65;132;243m[48;2;65;132;243m▀[0m    [38;2;50;56;135m▀[38;2;50;56;135m▀[38;2;65;132;243m[48;2;26;26;26m▀[0m[38;2;65;132;243m[48;2;165;230;153m▀[0m[38;2;65;132;243m[48;2;165;230;153m▀[0m[38;2;165;230;153m[48;2;165;230;153m▀[0m[38;2;165;230;153m[48;2;44;211;177m▀[0m[38;2;165;230;153m[48;2;165;230;153m▀[0m[38;2;50;56;135m[48;2;50;56;135m▀[0m[38;2;84;65;181m[48;2;84;65;181m▀[0m[38;2;84;65;181m[48;2;84;65;181m▀[0m[38;2;84;65;181m[48;2;84;65;181m▀[0m[38;2;84;65;181m[48;2;84;65;181m▀[0m[38;2;245;105;147m[48;2;245;105;147m▀[0m[38;2;237;251;255m[48;2;38;201;199m▀[0m[38;2;38;201;199m[48;2;237;251;255m▀[0m[38;2;237;251;255m[48;2;84;65;181m▀[0m[38;2;165;230;153m[48;2;65;132;243m▀[0m[38;2;165;230;153m[48;2;65;132;243m▀[0m[38;2;65;132;243m[48;2;165;230;153m▀[0m[38;2;165;230;153m[48;2;65;132;243m▀[0m[38;2;165;230;153m[48;2;165;230;153m▀[0m[38;2;165;230;153m[48;2;65;132;243m▀[0m[38;2;165;230;153m[48;2;84;65;181m▀[0m[38;2;165;230;153m[48;2;165;230;153m▀[0m[38;2;165;230;153m[48;2;65;132;243m▀[0m[38;2;165;230;153m[48;2;165;230;153m▀[0m[38;2;165;230;153m[48;2;165;230;153m▀[0m[38;2;165;230;153m[48;2;44;211;177m▀[0m[38;2;165;230;153m[48;2;165;230;153m▀[0m[38;2;44;211;177m[48;2;165;230;153m▀[0m[38;2;65;132;243m[48;2;165;230;153m▀[0m[38;2;165;230;153m[48;2;65;132;243m▀[0m[38;2;165;230;153m[48;2;65;132;243m▀[0m[38;2;165;230;153m[48;2;26;26;26m▀[0m[38;2;165;230;153m[48;2;26;26;26m▀[0m[38;2;165;230;153m[48;2;26;26;26m▀[0m[38;2;26;26;26m▀[38;2;26;26;26m▀[38;2;26;26;26m▀[38;2;26;26;26m▀            [38;2;251;213;0m▄[38;2;251;213;0m[48;2;251;213;0m▀[0m[38;2;251;213;0m▄      
    [38;2;247;69;26m[48;2;247;69;26m▀[0m      [38;2;50;56;135m▄[38;2;50;56;135m▄    [38;2;50;56;135m▄[38;2;50;56;135m▄[38;2;26;26;26m[48;2;26;26;26m▀[0m[38;2;65;132;243m[48;2;165;230;153m▀[0m[38;2;65;132;243m[48;2;165;230;153m▀[0m[38;2;165;230;153m[48;2;165;230;153m▀[0m[38;2;165;230;153m[48;2;44;211;177m▀[0m[38;2;165;230;153m[48;2;165;230;153m▀[0m[38;2;26;26;26m[48;2;165;230;153m▀[0m[38;2;84;65;181m[48;2;26;26;26m▀[0m[38;2;84;65;181m[48;2;26;26;26m▀[0m[38;2;84;65;181m[48;2;26;26;26m▀[0m[38;2;84;65;181m[48;2;44;211;177m▀[0m[38;2;84;65;181m[48;2;165;230;153m▀[0m[38;2;84;65;181m[48;2;165;230;153m▀[0m[38;2;165;230;153m[48;2;165;230;153m▀[0m[38;2;165;230;153m[48;2;165;230;153m▀[0m[38;2;165;230;153m[48;2;165;230;153m▀[0m[38;2;165;230;153m[48;2;165;230;153m▀[0m[38;2;165;230;153m[48;2;165;230;153m▀[0m[38;2;65;132;243m[48;2;26;26;26m▀[0m[38;2;84;65;181m[48;2;26;26;26m▀[0m[38;2;84;65;181m[48;2;84;65;181m▀[0m[38;2;84;65;181m[48;2;26;26;26m▀[0m[38;2;65;132;243m[48;2;84;65;181m▀[0m[38;2;165;230;153m[48;2;26;26;26m▀[0m[38;2;65;132;243m[48;2;44;211;177m▀[0m[38;2;165;230;153m[48;2;165;230;153m▀[0m[38;2;65;132;243m[48;2;165;230;153m▀[0m[38;2;165;230;153m[48;2;65;132;243m▀[0m[38;2;165;230;153m[48;2;65;132;243m▀[0m[38;2;165;230;153m[48;2;165;230;153m▀[0m[38;2;165;230;153m[48;2;165;230;153m▀[0m[38;2;65;132;243m[48;2;165;230;153m▀[0m[38;2;26;26;26m[48;2;165;230;153m▀[0m[38;2;26;26;26m▄  [38;2;50;56;135m▄[38;2;50;56;135m▄[38;2;50;56;135m[48;2;159;225;245m▀[0m[38;2;50;56;135m[48;2;159;225;245m▀[0m[38;2;50;56;135m▄[38;2;50;56;135m▄    [38;2;50;56;135m▄[38;2;50;56;135m▄   [38;2;251;213;0m[48;2;251;213;0m▀[0m  [38;2;237;251;255m▄[38;2;237;251;255m[48;2;237;251;255m▀[0m[38;2;237;251;255m▄  
   [38;2;247;69;26m▀[38;2;247;69;26m[48;2;247;69;26m▀[0m[38;2;247;69;26m[48;2;50;56;135m▀[0m[38;2;50;56;135m▄ [38;2;50;56;135m▄[38;2;50;56;135m[48;2;165;230;153m▀[0m[38;2;50;56;135m[48;2;165;230;153m▀[0m[38;2;165;230;153m[48;2;165;230;153m▀[0m[38;2;165;230;153m[48;2;237;251;255m▀[0m[38;2;26;26;26m[48;2;165;230;153m▀[0m[38;2;26;26;26m▄[38;2;50;56;135m▄[38;2;50;56;135m[48;2;251;213;0m▀[0m[38;2;251;213;0m[48;2;237;251;255m▀[0m[38;2;251;213;0m[48;2;237;251;255m▀[0m[38;2;237;251;255m[48;2;251;213;0m▀[0m[38;2;26;26;26m[48;2;251;213;0m▀[0m[38;2;26;26;26m[48;2;251;213;0m▀[0m[38;2;44;211;177m[48;2;26;26;26m▀[0m[38;2;165;230;153m[48;2;26;26;26m▀[0m[38;2;165;230;153m[48;2;165;230;153m▀[0m[38;2;165;230;153m[48;2;165;230;153m▀[0m[38;2;65;132;243m[48;2;26;26;26m▀[0m[38;2;44;211;177m[48;2;26;26;26m▀[0m[38;2;65;132;243m[48;2;165;230;153m▀[0m[38;2;165;230;153m[48;2;165;230;153m▀[0m[38;2;165;230;153m[48;2;165;230;153m▀[0m[38;2;44;211;177m[48;2;65;132;243m▀[0m[38;2;165;230;153m[48;2;165;230;153m▀[0m[38;2;65;132;243m[48;2;165;230;153m▀[0m[38;2;165;230;153m[48;2;26;26;26m▀[0m[38;2;165;230;153m[48;2;165;230;153m▀[0m[38;2;165;230;153m[48;2;165;230;153m▀[0m[38;2;165;230;153m[48;2;165;230;153m▀[0m[38;2;26;26;26m[48;2;165;230;153m▀[0m[38;2;26;26;26m[48;2;44;211;177m▀[0m[38;2;165;230;153m[48;2;165;230;153m▀[0m[38;2;26;26;26m[48;2;165;230;153m▀[0m[38;2;44;211;177m[48;2;165;230;153m▀[0m[38;2;165;230;153m[48;2;26;26;26m▀[0m[38;2;165;230;153m[48;2;26;26;26m▀[0m[38;2;165;230;153m[48;2;26;26;26m▀[0m[38;2;165;230;153m[48;2;26;26;26m▀[0m[38;2;165;230;153m[48;2;26;26;26m▀[0m[38;2;26;26;26m[48;2;62;71;199m▀[0m[38;2;26;26;26m[48;2;62;71;199m▀[0m[38;2;26;26;26m[48;2;50;56;135m▀[0m[38;2;26;26;26m[48;2;62;71;199m▀[0m[38;2;62;71;199m[48;2;62;71;199m▀[0m[38;2;26;26;26m[48;2;62;71;199m▀[0m[38;2;26;26;26m[48;2;62;71;199m▀[0m[38;2;159;225;245m[48;2;26;26;26m▀[0m[38;2;159;225;245m[48;2;159;225;245m▀[0m[38;2;237;251;255m[48;2;159;225;245m▀[0m[38;2;237;251;255m[48;2;159;225;245m▀[0m[38;2;159;225;245m[48;2;237;251;255m▀[0m[38;2;159;225;245m[48;2;237;251;255m▀[0m[38;2;50;56;135m[48;2;159;225;245m▀[0m[38;2;50;56;135m▄[38;2;26;26;26m▄[38;2;26;26;26m[48;2;62;71;199m▀[0m[38;2;62;71;199m[48;2;65;132;243m▀[0m[38;2;62;71;199m[48;2;62;71;199m▀[0m[38;2;50;56;135m[48;2;62;71;199m▀[0m[38;2;50;56;135m[48;2;62;71;199m▀[0m[38;2;50;56;135m▄ [38;2;50;56;135m▄[38;2;50;56;135m▄ [38;2;237;251;255m▀   
   [38;2;50;56;135m▄[38;2;50;56;135m[48;2;169;70;212m▀[0m[38;2;169;70;212m[48;2;169;70;212m▀[0m[38;2;169;70;212m[48;2;245;105;147m▀[0m[38;2;26;26;26m[48;2;169;70;212m▀[0m[38;2;165;230;153m[48;2;26;26;26m▀[0m[38;2;165;230;153m[48;2;165;230;153m▀[0m[38;2;165;230;153m[48;2;237;251;255m▀[0m[38;2;237;251;255m[48;2;165;230;153m▀[0m[38;2;165;230;153m[48;2;165;230;153m▀[0m[38;2;237;251;255m[48;2;165;230;153m▀[0m[38;2;165;230;153m[48;2;165;230;153m▀[0m[38;2;26;26;26m[48;2;26;26;26m▀[0m[38;2;251;213;0m[48;2;251;213;0m▀[0m[38;2;237;251;255m[48;2;251;213;0m▀[0m[38;2;251;213;0m[48;2;251;213;0m▀[0m[38;2;251;213;0m[48;2;50;56;135m▀[0m[38;2;50;56;135m[48;2;62;71;199m▀[0m[38;2;50;56;135m[48;2;65;132;243m▀[0m[38;2;62;71;199m[48;2;65;132;243m▀[0m[38;2;62;71;199m[48;2;62;71;199m▀[0m[38;2;26;26;26m[48;2;65;132;243m▀[0m[38;2;26;26;26m[48;2;65;132;243m▀[0m[38;2;62;71;199m[48;2;65;132;243m▀[0m[38;2;62;71;199m[48;2;65;132;243m▀[0m[38;2;26;26;26m[48;2;65;132;243m▀[0m[38;2;65;132;243m[48;2;26;26;26m▀[0m[38;2;165;230;153m[48;2;26;26;26m▀[0m[38;2;165;230;153m[48;2;26;26;26m▀[0m[38;2;26;26;26m[48;2;62;71;199m▀[0m[38;2;26;26;26m[48;2;62;71;199m▀[0m[38;2;62;71;199m[48;2;62;71;199m▀[0m[38;2;26;26;26m[48;2;62;71;199m▀[0m[38;2;26;26;26m[48;2;50;56;135m▀[0m[38;2;165;230;153m[48;2;26;26;26m▀[0m[38;2;165;230;153m[48;2;26;26;26m▀[0m[38;2;165;230;153m[48;2;165;230;153m▀[0m[38;2;65;132;243m[48;2;165;230;153m▀[0m[38;2;65;132;243m[48;2;165;230;153m▀[0m[38;2;165;230;153m[48;2;26;26;26m▀[0m[38;2;165;230;153m[48;2;26;26;26m▀[0m[38;2;26;26;26m[48;2;62;71;199m▀[0m[38;2;62;71;199m[48;2;62;71;199m▀[0m[38;2;62;71;199m[48;2;62;71;199m▀[0m[38;2;62;71;199m[48;2;50;56;135m▀[0m[38;2;62;71;199m[48;2;62;71;199m▀[0m[38;2;50;56;135m[48;2;62;71;199m▀[0m[38;2;62;71;199m[48;2;62;71;199m▀[0m[38;2;62;71;199m[48;2;62;71;199m▀[0m[38;2;62;71;199m[48;2;62;71;199m▀[0m[38;2;50;56;135m[48;2;62;71;199m▀[0m[38;2;62;71;199m[48;2;50;56;135m▀[0m[38;2;62;71;199m[48;2;62;71;199m▀[0m[38;2;26;26;26m[48;2;62;71;199m▀[0m[38;2;26;26;26m[48;2;62;71;199m▀[0m[38;2;159;225;245m[48;2;26;26;26m▀[0m[38;2;159;225;245m[48;2;159;225;245m▀[0m[38;2;237;251;255m[48;2;159;225;245m▀[0m[38;2;159;225;245m[48;2;159;225;245m▀[0m[38;2;26;26;26m[48;2;26;26;26m▀[0m[38;2;62;71;199m[48;2;62;71;199m▀[0m[38;2;65;132;243m[48;2;62;71;199m▀[0m[38;2;62;71;199m[48;2;62;71;199m▀[0m[38;2;65;132;243m[48;2;62;71;199m▀[0m[38;2;62;71;199m[48;2;65;132;243m▀[0m[38;2;62;71;199m[48;2;62;71;199m▀[0m[38;2;62;71;199m[48;2;26;26;26m▀[0m[38;2;26;26;26m[48;2;251;213;0m▀[0m[38;2;251;213;0m[48;2;237;251;255m▀[0m[38;2;251;213;0m[48;2;251;213;0m▀[0m[38;2;50;56;135m[48;2;251;213;0m▀[0m[38;2;50;56;135m▄   
  [38;2;50;56;135m[48;2;50;56;135m▀[0m[38;2;169;70;212m[48;2;169;70;212m▀[0m[38;2;169;70;212m[48;2;169;70;212m▀[0m[38;2;245;105;147m[48;2;245;105;147m▀[0m[38;2;169;70;212m[48;2;26;26;26m▀[0m[38;2;169;70;212m[48;2;26;26;26m▀[0m[38;2;169;70;212m[48;2;169;70;212m▀[0m[38;2;26;26;26m[48;2;26;26;26m▀[0m[38;2;165;230;153m[48;2;165;230;153m▀[0m[38;2;165;230;153m[48;2;165;230;153m▀[0m[38;2;165;230;153m[48;2;165;230;153m▀[0m[38;2;165;230;153m[48;2;165;230;153m▀[0m[38;2;165;230;153m[48;2;165;230;153m▀[0m[38;2;26;26;26m[48;2;26;26;26m▀[0m[38;2;251;213;0m[48;2;251;213;0m▀[0m[38;2;251;213;0m[48;2;50;56;135m▀[0m[38;2;50;56;135m[48;2;65;132;243m▀[0m[38;2;65;132;243m[48;2;65;132;243m▀[0m[38;2;65;132;243m[48;2;65;132;243m▀[0m[38;2;65;132;243m[48;2;65;132;243m▀[0m[38;2;65;132;243m[48;2;62;71;199m▀[0m[38;2;65;132;243m[48;2;62;71;199m▀[0m[38;2;65;132;243m[48;2;65;132;243m▀[0m[38;2;65;132;243m[48;2;65;132;243m▀[0m[38;2;65;132;243m[48;2;65;132;243m▀[0m[38;2;65;132;243m[48;2;65;132;243m▀[0m[38;2;65;132;243m[48;2;65;132;243m▀[0m[38;2;62;71;199m[48;2;65;132;243m▀[0m[38;2;65;132;243m[48;2;65;132;243m▀[0m[38;2;65;132;243m[48;2;65;132;243m▀[0m[38;2;65;132;243m[48;2;65;132;243m▀[0m[38;2;65;132;243m[48;2;65;132;243m▀[0m[38;2;65;132;243m[48;2;65;132;243m▀[0m[38;2;62;71;199m[48;2;62;71;199m▀[0m[38;2;62;71;199m[48;2;65;132;243m▀[0m[38;2;62;71;199m[48;2;65;132;243m▀[0m[38;2;62;71;199m[48;2;62;71;199m▀[0m[38;2;26;26;26m[48;2;62;71;199m▀[0m[38;2;26;26;26m[48;2;62;71;199m▀[0m[38;2;26;26;26m[48;2;62;71;199m▀[0m[38;2;62;71;199m[48;2;50;56;135m▀[0m[38;2;62;71;199m[48;2;62;71;199m▀[0m[38;2;62;71;199m[48;2;62;71;199m▀[0m[38;2;62;71;199m[48;2;62;71;199m▀[0m[38;2;62;71;199m[48;2;62;71;199m▀[0m[38;2;62;71;199m[48;2;62;71;199m▀[0m[38;2;50;56;135m[48;2;50;56;135m▀[0m[38;2;62;71;199m[48;2;62;71;199m▀[0m[38;2;62;71;199m[48;2;62;71;199m▀[0m[38;2;62;71;199m[48;2;62;71;199m▀[0m[38;2;62;71;199m[48;2;62;71;199m▀[0m[38;2;62;71;199m[48;2;62;71;199m▀[0m[38;2;50;56;135m[48;2;50;56;135m▀[0m[38;2;62;71;199m[48;2;50;56;135m▀[0m[38;2;62;71;199m[48;2;62;71;199m▀[0m[38;2;62;71;199m[48;2;62;71;199m▀[0m[38;2;50;56;135m[48;2;50;56;135m▀[0m[38;2;26;26;26m[48;2;169;70;212m▀[0m[38;2;159;225;245m[48;2;26;26;26m▀[0m[38;2;159;225;245m[48;2;159;225;245m▀[0m[38;2;26;26;26m[48;2;26;26;26m▀[0m[38;2;62;71;199m[48;2;62;71;199m▀[0m[38;2;62;71;199m[48;2;62;71;199m▀[0m[38;2;62;71;199m[48;2;62;71;199m▀[0m[38;2;62;71;199m[48;2;62;71;199m▀[0m[38;2;62;71;199m[48;2;62;71;199m▀[0m[38;2;26;26;26m[48;2;26;26;26m▀[0m[38;2;251;213;0m[48;2;251;213;0m▀[0m[38;2;251;213;0m[48;2;26;26;26m▀[0m[38;2;251;213;0m[48;2;26;26;26m▀[0m[38;2;237;251;255m[48;2;237;251;255m▀[0m[38;2;251;213;0m[48;2;251;213;0m▀[0m[38;2;251;213;0m[48;2;251;213;0m▀[0m[38;2;50;56;135m[48;2;50;56;135m▀[0m  
  [38;2;50;56;135m[48;2;50;56;135m▀[0m[38;2;169;70;212m[48;2;169;70;212m▀[0m[38;2;169;70;212m[48;2;26;26;26m▀[0m[38;2;26;26;26m[48;2;62;71;199m▀[0m[38;2;50;56;135m[48;2;50;56;135m▀[0m[38;2;50;56;135m[48;2;50;56;135m▀[0m[38;2;26;26;26m[48;2;50;56;135m▀[0m[38;2;26;26;26m[48;2;26;26;26m▀[0m[38;2;165;230;153m[48;2;165;230;153m▀[0m[38;2;165;230;153m[48;2;26;26;26m▀[0m[38;2;165;230;153m[48;2;26;26;26m▀[0m[38;2;165;230;153m[48;2;165;230;153m▀[0m[38;2;165;230;153m[48;2;26;26;26m▀[0m[38;2;26;26;26m[48;2;50;56;135m▀[0m[38;2;50;56;135m[48;2;65;132;243m▀[0m[38;2;65;132;243m[48;2;65;132;243m▀[0m[38;2;62;71;199m[48;2;65;132;243m▀[0m[38;2;65;132;243m[48;2;65;132;243m▀[0m[38;2;65;132;243m[48;2;62;71;199m▀[0m[38;2;62;71;199m[48;2;65;132;243m▀[0m[38;2;65;132;243m[48;2;65;132;243m▀[0m[38;2;65;132;243m[48;2;65;132;243m▀[0m[38;2;65;132;243m[48;2;34;177;76m▀[0m[38;2;65;132;243m[48;2;65;132;243m▀[0m[38;2;65;132;243m[48;2;62;71;199m▀[0m[38;2;62;71;199m[48;2;65;132;243m▀[0m[38;2;65;132;243m[48;2;65;132;243m▀[0m[38;2;62;71;199m[48;2;65;132;243m▀[0m[38;2;65;132;243m[48;2;62;71;199m▀[0m[38;2;65;132;243m[48;2;65;132;243m▀[0m[38;2;65;132;243m[48;2;65;132;243m▀[0m[38;2;65;132;243m[48;2;62;71;199m▀[0m[38;2;62;71;199m[48;2;65;132;243m▀[0m[38;2;62;71;199m[48;2;65;132;243m▀[0m[38;2;65;132;243m[48;2;62;71;199m▀[0m[38;2;65;132;243m[48;2;65;132;243m▀[0m[38;2;65;132;243m[48;2;65;132;243m▀[0m[38;2;65;132;243m[48;2;65;132;243m▀[0m[38;2;62;71;199m[48;2;62;71;199m▀[0m[38;2;62;71;199m[48;2;62;71;199m▀[0m[38;2;50;56;135m[48;2;62;71;199m▀[0m[38;2;62;71;199m[48;2;50;56;135m▀[0m[38;2;62;71;199m[48;2;62;71;199m▀[0m[38;2;62;71;199m[48;2;62;71;199m▀[0m[38;2;62;71;199m[48;2;62;71;199m▀[0m[38;2;62;71;199m[48;2;50;56;135m▀[0m[38;2;50;56;135m[48;2;62;71;199m▀[0m[38;2;50;56;135m[48;2;62;71;199m▀[0m[38;2;62;71;199m[48;2;50;56;135m▀[0m[38;2;62;71;199m[48;2;62;71;199m▀[0m[38;2;62;71;199m[48;2;62;71;199m▀[0m[38;2;50;56;135m[48;2;62;71;199m▀[0m[38;2;62;71;199m[48;2;62;71;199m▀[0m[38;2;62;71;199m[48;2;62;71;199m▀[0m[38;2;50;56;135m[48;2;62;71;199m▀[0m[38;2;62;71;199m[48;2;50;56;135m▀[0m[38;2;62;71;199m[48;2;169;70;212m▀[0m[38;2;169;70;212m[48;2;169;70;212m▀[0m[38;2;62;71;199m[48;2;169;70;212m▀[0m[38;2;26;26;26m[48;2;62;71;199m▀[0m[38;2;26;26;26m[48;2;26;26;26m▀[0m[38;2;62;71;199m[48;2;26;26;26m▀[0m[38;2;62;71;199m[48;2;62;71;199m▀[0m[38;2;62;71;199m[48;2;26;26;26m▀[0m[38;2;62;71;199m[48;2;26;26;26m▀[0m[38;2;62;71;199m[48;2;62;71;199m▀[0m[38;2;26;26;26m[48;2;26;26;26m▀[0m[38;2;26;26;26m[48;2;245;105;147m▀[0m[38;2;245;105;147m[48;2;245;105;147m▀[0m[38;2;245;105;147m[48;2;245;105;147m▀[0m[38;2;50;56;135m[48;2;159;225;245m▀[0m[38;2;251;213;0m[48;2;50;56;135m▀[0m[38;2;251;213;0m[48;2;251;213;0m▀[0m[38;2;50;56;135m[48;2;50;56;135m▀[0m  
  [38;2;50;56;135m▀[38;2;169;70;212m[48;2;26;26;26m▀[0m[38;2;26;26;26m[48;2;50;56;135m▀[0m[38;2;62;71;199m[48;2;62;71;199m▀[0m[38;2;62;71;199m[48;2;50;56;135m▀[0m[38;2;50;56;135m[48;2;50;56;135m▀[0m[38;2;50;56;135m[48;2;50;56;135m▀[0m[38;2;50;56;135m[48;2;26;26;26m▀[0m[38;2;26;26;26m[48;2;237;251;255m▀[0m[38;2;159;225;245m[48;2;159;225;245m▀[0m[38;2;159;225;245m[48;2;159;225;245m▀[0m[38;2;26;26;26m[48;2;159;225;245m▀[0m[38;2;26;26;26m▄[38;2;50;56;135m[48;2;65;132;243m▀[0m[38;2;65;132;243m[48;2;65;132;243m▀[0m[38;2;65;132;243m[48;2;65;132;243m▀[0m[38;2;65;132;243m[48;2;65;132;243m▀[0m[38;2;62;71;199m[48;2;50;56;135m▀[0m[38;2;65;132;243m[48;2;50;56;135m▀[0m[38;2;65;132;243m[48;2;65;132;243m▀[0m[38;2;65;132;243m[48;2;65;132;243m▀[0m[38;2;65;132;243m[48;2;34;177;76m▀[0m[38;2;34;177;76m[48;2;34;177;76m▀[0m[38;2;62;71;199m[48;2;34;177;76m▀[0m[38;2;65;132;243m[48;2;65;132;243m▀[0m[38;2;65;132;243m[48;2;65;132;243m▀[0m[38;2;65;132;243m[48;2;65;132;243m▀[0m[38;2;65;132;243m[48;2;65;132;243m▀[0m[38;2;65;132;243m[48;2;65;132;243m▀[0m[38;2;62;71;199m[48;2;62;71;199m▀[0m[38;2;65;132;243m[48;2;65;132;243m▀[0m[38;2;65;132;243m[48;2;65;132;243m▀[0m[38;2;65;132;243m[48;2;65;132;243m▀[0m[38;2;65;132;243m[48;2;65;132;243m▀[0m[38;2;65;132;243m[48;2;65;132;243m▀[0m[38;2;62;71;199m[48;2;65;132;243m▀[0m[38;2;65;132;243m[48;2;62;71;199m▀[0m[38;2;62;71;199m[48;2;65;132;243m▀[0m[38;2;65;132;243m[48;2;65;132;243m▀[0m[38;2;65;132;243m[48;2;65;132;243m▀[0m[38;2;62;71;199m[48;2;65;132;243m▀[0m[38;2;62;71;199m[48;2;62;71;199m▀[0m[38;2;50;56;135m[48;2;62;71;199m▀[0m[38;2;62;71;199m[48;2;50;56;135m▀[0m[38;2;50;56;135m[48;2;62;71;199m▀[0m[38;2;62;71;199m[48;2;62;71;199m▀[0m[38;2;62;71;199m[48;2;62;71;199m▀[0m[38;2;62;71;199m[48;2;62;71;199m▀[0m[38;2;62;71;199m[48;2;62;71;199m▀[0m[38;2;50;56;135m[48;2;62;71;199m▀[0m[38;2;251;213;0m[48;2;251;213;0m▀[0m[38;2;62;71;199m[48;2;62;71;199m▀[0m[38;2;62;71;199m[48;2;62;71;199m▀[0m[38;2;62;71;199m[48;2;62;71;199m▀[0m[38;2;62;71;199m[48;2;62;71;199m▀[0m[38;2;62;71;199m[48;2;50;56;135m▀[0m[38;2;50;56;135m[48;2;50;56;135m▀[0m[38;2;169;70;212m[48;2;169;70;212m▀[0m[38;2;62;71;199m[48;2;62;71;199m▀[0m[38;2;62;71;199m[48;2;62;71;199m▀[0m[38;2;26;26;26m[48;2;62;71;199m▀[0m[38;2;26;26;26m▄[38;2;26;26;26m[48;2;159;225;245m▀[0m[38;2;159;225;245m[48;2;159;225;245m▀[0m[38;2;159;225;245m[48;2;159;225;245m▀[0m[38;2;26;26;26m[48;2;237;251;255m▀[0m[38;2;245;105;147m[48;2;50;56;135m▀[0m[38;2;245;105;147m[48;2;245;105;147m▀[0m[38;2;245;105;147m[48;2;245;105;147m▀[0m[38;2;159;225;245m[48;2;245;105;147m▀[0m[38;2;159;225;245m[48;2;159;225;245m▀[0m[38;2;50;56;135m[48;2;245;105;147m▀[0m[38;2;251;213;0m[48;2;50;56;135m▀[0m[38;2;50;56;135m▀  
 [38;2;44;211;177m▄ [38;2;26;26;26m[48;2;26;26;26m▀[0m[38;2;50;56;135m[48;2;50;56;135m▀[0m[38;2;62;71;199m[48;2;62;71;199m▀[0m[38;2;50;56;135m[48;2;50;56;135m▀[0m[38;2;50;56;135m[48;2;50;56;135m▀[0m[38;2;26;26;26m[48;2;26;26;26m▀[0m[38;2;159;225;245m[48;2;237;251;255m▀[0m[38;2;237;251;255m[48;2;237;251;255m▀[0m[38;2;159;225;245m[48;2;159;225;245m▀[0m[38;2;159;225;245m[48;2;237;251;255m▀[0m[38;2;159;225;245m[48;2;237;251;255m▀[0m[38;2;159;225;245m[48;2;159;225;245m▀[0m[38;2;26;26;26m[48;2;26;26;26m▀[0m[38;2;65;132;243m[48;2;50;56;135m▀[0m[38;2;50;56;135m[48;2;169;70;212m▀[0m[38;2;50;56;135m[48;2;245;105;147m▀[0m[38;2;169;70;212m[48;2;169;70;212m▀[0m[38;2;169;70;212m[48;2;169;70;212m▀[0m[38;2;50;56;135m[48;2;169;70;212m▀[0m[38;2;65;132;243m[48;2;50;56;135m▀[0m[38;2;65;132;243m[48;2;62;71;199m▀[0m[38;2;34;177;76m[48;2;34;177;76m▀[0m[38;2;65;132;243m[48;2;65;132;243m▀[0m[38;2;65;132;243m[48;2;65;132;243m▀[0m[38;2;65;132;243m[48;2;65;132;243m▀[0m[38;2;65;132;243m[48;2;65;132;243m▀[0m[38;2;65;132;243m[48;2;50;56;135m▀[0m[38;2;65;132;243m[48;2;50;56;135m▀[0m[38;2;50;56;135m[48;2;34;177;76m▀[0m[38;2;50;56;135m[48;2;34;177;76m▀[0m[38;2;65;132;243m[48;2;50;56;135m▀[0m[38;2;65;132;243m[48;2;50;56;135m▀[0m[38;2;65;132;243m[48;2;65;132;243m▀[0m[38;2;65;132;243m[48;2;65;132;243m▀[0m[38;2;65;132;243m[48;2;65;132;243m▀[0m[38;2;62;71;199m[48;2;62;71;199m▀[0m[38;2;65;132;243m[48;2;65;132;243m▀[0m[38;2;65;132;243m[48;2;65;132;243m▀[0m[38;2;65;132;243m[48;2;65;132;243m▀[0m[38;2;65;132;243m[48;2;65;132;243m▀[0m[38;2;65;132;243m[48;2;50;56;135m▀[0m[38;2;62;71;199m[48;2;50;56;135m▀[0m[38;2;50;56;135m[48;2;247;69;26m▀[0m[38;2;50;56;135m[48;2;247;69;26m▀[0m[38;2;62;71;199m[48;2;50;56;135m▀[0m[38;2;62;71;199m[48;2;50;56;135m▀[0m[38;2;62;71;199m[48;2;62;71;199m▀[0m[38;2;62;71;199m[48;2;62;71;199m▀[0m[38;2;251;213;0m[48;2;62;71;199m▀[0m[38;2;251;213;0m[48;2;251;213;0m▀[0m[38;2;251;213;0m[48;2;62;71;199m▀[0m[38;2;62;71;199m[48;2;62;71;199m▀[0m[38;2;62;71;199m[48;2;50;56;135m▀[0m[38;2;50;56;135m[48;2;65;132;243m▀[0m[38;2;65;132;243m[48;2;65;132;243m▀[0m[38;2;65;132;243m[48;2;65;132;243m▀[0m[38;2;50;56;135m[48;2;159;225;245m▀[0m[38;2;50;56;135m[48;2;65;132;243m▀[0m[38;2;62;71;199m[48;2;50;56;135m▀[0m[38;2;26;26;26m[48;2;26;26;26m▀[0m[38;2;159;225;245m[48;2;159;225;245m▀[0m[38;2;159;225;245m[48;2;159;225;245m▀[0m[38;2;159;225;245m[48;2;237;251;255m▀[0m[38;2;159;225;245m[48;2;159;225;245m▀[0m[38;2;237;251;255m[48;2;237;251;255m▀[0m[38;2;159;225;245m[48;2;237;251;255m▀[0m[38;2;50;56;135m[48;2;50;56;135m▀[0m[38;2;245;105;147m[48;2;245;105;147m▀[0m[38;2;245;105;147m[48;2;245;105;147m▀[0m[38;2;159;225;245m[48;2;159;225;245m▀[0m[38;2;245;105;147m[48;2;245;105;147m▀[0m[38;2;50;56;135m[48;2;50;56;135m▀[0m   
[38;2;44;211;177m▄[38;2;44;211;177m[48;2;44;211;177m▀[0m[38;2;44;211;177m▄[38;2;26;26;26m▀[38;2;50;56;135m[48;2;26;26;26m▀[0m[38;2;62;71;199m[48;2;62;71;199m▀[0m[38;2;50;56;135m[48;2;62;71;199m▀[0m[38;2;50;56;135m[48;2;50;56;135m▀[0m[38;2;26;26;26m[48;2;26;26;26m▀[0m[38;2;237;251;255m[48;2;237;251;255m▀[0m[38;2;237;251;255m[48;2;237;251;255m▀[0m[38;2;237;251;255m[48;2;237;251;255m▀[0m[38;2;237;251;255m[48;2;159;225;245m▀[0m[38;2;159;225;245m[48;2;159;225;245m▀[0m[38;2;159;225;245m[48;2;159;225;245m▀[0m[38;2;50;56;135m[48;2;50;56;135m▀[0m[38;2;169;70;212m[48;2;245;105;147m▀[0m[38;2;169;70;212m[48;2;169;70;212m▀[0m[38;2;245;105;147m[48;2;245;105;147m▀[0m[38;2;169;70;212m[48;2;169;70;212m▀[0m[38;2;169;70;212m[48;2;245;105;147m▀[0m[38;2;169;70;212m[48;2;245;105;147m▀[0m[38;2;169;70;212m[48;2;169;70;212m▀[0m[38;2;50;56;135m[48;2;169;70;212m▀[0m[38;2;65;132;243m[48;2;26;26;26m▀[0m[38;2;62;71;199m[48;2;62;71;199m▀[0m[38;2;65;132;243m[48;2;65;132;243m▀[0m[38;2;65;132;243m[48;2;50;56;135m▀[0m[38;2;50;56;135m[48;2;34;177;76m▀[0m[38;2;34;177;76m[48;2;34;177;76m▀[0m[38;2;34;177;76m[48;2;34;177;76m▀[0m[38;2;44;211;177m[48;2;44;211;177m▀[0m[38;2;34;177;76m[48;2;34;177;76m▀[0m[38;2;34;177;76m[48;2;34;177;76m▀[0m[38;2;34;177;76m[48;2;34;177;76m▀[0m[38;2;50;56;135m[48;2;34;177;76m▀[0m[38;2;65;132;243m[48;2;50;56;135m▀[0m[38;2;65;132;243m[48;2;62;71;199m▀[0m[38;2;62;71;199m[48;2;65;132;243m▀[0m[38;2;65;132;243m[48;2;62;71;199m▀[0m[38;2;65;132;243m[48;2;65;132;243m▀[0m[38;2;65;132;243m[48;2;50;56;135m▀[0m[38;2;50;56;135m[48;2;247;69;26m▀[0m[38;2;247;69;26m[48;2;247;69;26m▀[0m[38;2;247;69;26m[48;2;247;69;26m▀[0m[38;2;247;69;26m[48;2;247;69;26m▀[0m[38;2;245;105;147m[48;2;245;105;147m▀[0m[38;2;247;69;26m[48;2;247;69;26m▀[0m[38;2;247;69;26m[48;2;247;69;26m▀[0m[38;2;50;56;135m[48;2;247;69;26m▀[0m[38;2;62;71;199m[48;2;26;26;26m▀[0m[38;2;62;71;199m[48;2;62;71;199m▀[0m[38;2;251;213;0m[48;2;62;71;199m▀[0m[38;2;62;71;199m[48;2;26;26;26m▀[0m[38;2;50;56;135m[48;2;65;132;243m▀[0m[38;2;65;132;243m[48;2;65;132;243m▀[0m[38;2;65;132;243m[48;2;159;225;245m▀[0m[38;2;65;132;243m[48;2;159;225;245m▀[0m[38;2;65;132;243m[48;2;65;132;243m▀[0m[38;2;159;225;245m[48;2;159;225;245m▀[0m[38;2;65;132;243m[48;2;65;132;243m▀[0m[38;2;65;132;243m[48;2;159;225;245m▀[0m[38;2;50;56;135m[48;2;50;56;135m▀[0m[38;2;159;225;245m[48;2;159;225;245m▀[0m[38;2;159;225;245m[48;2;159;225;245m▀[0m[38;2;237;251;255m[48;2;159;225;245m▀[0m[38;2;237;251;255m[48;2;237;251;255m▀[0m[38;2;237;251;255m[48;2;237;251;255m▀[0m[38;2;237;251;255m[48;2;237;251;255m▀[0m[38;2;50;56;135m[48;2;50;56;135m▀[0m[38;2;245;105;147m[48;2;245;105;147m▀[0m[38;2;245;105;147m[48;2;159;225;245m▀[0m[38;2;159;225;245m[48;2;159;225;245m▀[0m[38;2;245;105;147m[48;2;50;56;135m▀[0m[38;2;50;56;135m▀   
 [38;2;44;211;177m[48;2;44;211;177m▀[0m  [38;2;26;26;26m▀[38;2;62;71;199m[48;2;26;26;26m▀[0m[38;2;50;56;135m[48;2;50;56;135m▀[0m[38;2;50;56;135m[48;2;50;56;135m▀[0m[38;2;26;26;26m[48;2;26;26;26m▀[0m[38;2;237;251;255m[48;2;237;251;255m▀[0m[38;2;237;251;255m[48;2;237;251;255m▀[0m[38;2;237;251;255m[48;2;237;251;255m▀[0m[38;2;159;225;245m[48;2;159;225;245m▀[0m[38;2;159;225;245m[48;2;159;225;245m▀[0m[38;2;159;225;245m[48;2;159;225;245m▀[0m[38;2;50;56;135m[48;2;50;56;135m▀[0m[38;2;245;105;147m[48;2;169;70;212m▀[0m[38;2;245;105;147m[48;2;245;105;147m▀[0m[38;2;245;105;147m[48;2;245;105;147m▀[0m[38;2;245;105;147m[48;2;245;105;147m▀[0m[38;2;245;105;147m[48;2;169;70;212m▀[0m[38;2;169;70;212m[48;2;169;70;212m▀[0m[38;2;169;70;212m[48;2;169;70;212m▀[0m[38;2;169;70;212m[48;2;169;70;212m▀[0m[38;2;26;26;26m[48;2;26;26;26m▀[0m[38;2;65;132;243m[48;2;65;132;243m▀[0m[38;2;50;56;135m[48;2;50;56;135m▀[0m[38;2;44;211;177m[48;2;34;177;76m▀[0m[38;2;44;211;177m[48;2;44;211;177m▀[0m[38;2;34;177;76m[48;2;44;211;177m▀[0m[38;2;44;211;177m[48;2;44;211;177m▀[0m[38;2;44;211;177m[48;2;44;211;177m▀[0m[38;2;44;211;177m[48;2;44;211;177m▀[0m[38;2;34;177;76m[48;2;44;211;177m▀[0m[38;2;44;211;177m[48;2;44;211;177m▀[0m[38;2;44;211;177m[48;2;34;177;76m▀[0m[38;2;34;177;76m[48;2;34;177;76m▀[0m[38;2;50;56;135m[48;2;50;56;135m▀[0m[38;2;65;132;243m[48;2;65;132;243m▀[0m[38;2;65;132;243m[48;2;65;132;243m▀[0m[38;2;50;56;135m[48;2;50;56;135m▀[0m[38;2;247;69;26m[48;2;247;69;26m▀[0m[38;2;245;105;147m[48;2;247;69;26m▀[0m[38;2;245;105;147m[48;2;245;105;147m▀[0m[38;2;247;69;26m[48;2;245;105;147m▀[0m[38;2;245;105;147m[48;2;245;105;147m▀[0m[38;2;245;105;147m[48;2;245;105;147m▀[0m[38;2;245;105;147m[48;2;245;105;147m▀[0m[38;2;247;69;26m[48;2;245;105;147m▀[0m[38;2;245;105;147m[48;2;245;105;147m▀[0m[38;2;245;105;147m[48;2;247;69;26m▀[0m[38;2;26;26;26m[48;2;26;26;26m▀[0m[38;2;62;71;199m[48;2;62;71;199m▀[0m[38;2;26;26;26m[48;2;26;26;26m▀[0m[38;2;65;132;243m[48;2;65;132;243m▀[0m[38;2;65;132;243m[48;2;65;132;243m▀[0m[38;2;65;132;243m[48;2;65;132;243m▀[0m[38;2;159;225;245m[48;2;65;132;243m▀[0m[38;2;159;225;245m[48;2;159;225;245m▀[0m[38;2;159;225;245m[48;2;159;225;245m▀[0m[38;2;159;225;245m[48;2;159;225;245m▀[0m[38;2;159;225;245m[48;2;65;132;243m▀[0m[38;2;50;56;135m[48;2;50;56;135m▀[0m[38;2;159;225;245m[48;2;159;225;245m▀[0m[38;2;159;225;245m[48;2;159;225;245m▀[0m[38;2;159;225;245m[48;2;159;225;245m▀[0m[38;2;237;251;255m[48;2;237;251;255m▀[0m[38;2;237;251;255m[48;2;237;251;255m▀[0m[38;2;237;251;255m[48;2;237;251;255m▀[0m[38;2;50;56;135m[48;2;50;56;135m▀[0m[38;2;245;105;147m[48;2;245;105;147m▀[0m[38;2;245;105;147m[48;2;245;105;147m▀[0m[38;2;159;225;245m[48;2;26;26;26m▀[0m[38;2;26;26;26m▀    
    [38;2;245;105;147m▄ [38;2;26;26;26m▀[38;2;26;26;26m▀[38;2;26;26;26m[48;2;26;26;26m▀[0m[38;2;159;225;245m[48;2;159;225;245m▀[0m[38;2;237;251;255m[48;2;237;251;255m▀[0m[38;2;237;251;255m[48;2;159;225;245m▀[0m[38;2;237;251;255m[48;2;237;251;255m▀[0m[38;2;159;225;245m[48;2;159;225;245m▀[0m[38;2;159;225;245m[48;2;159;225;245m▀[0m[38;2;50;56;135m[48;2;50;56;135m▀[0m[38;2;169;70;212m[48;2;169;70;212m▀[0m[38;2;245;105;147m[48;2;245;105;147m▀[0m[38;2;245;105;147m[48;2;245;105;147m▀[0m[38;2;245;105;147m[48;2;245;105;147m▀[0m[38;2;169;70;212m[48;2;169;70;212m▀[0m[38;2;169;70;212m[48;2;169;70;212m▀[0m[38;2;169;70;212m[48;2;169;70;212m▀[0m[38;2;169;70;212m[48;2;169;70;212m▀[0m[38;2;26;26;26m[48;2;26;26;26m▀[0m[38;2;65;132;243m[48;2;65;132;243m▀[0m[38;2;50;56;135m[48;2;50;56;135m▀[0m[38;2;34;177;76m[48;2;34;177;76m▀[0m[38;2;34;177;76m[48;2;34;177;76m▀[0m[38;2;44;211;177m[48;2;44;211;177m▀[0m[38;2;44;211;177m[48;2;44;211;177m▀[0m[38;2;44;211;177m[48;2;44;211;177m▀[0m[38;2;44;211;177m[48;2;44;211;177m▀[0m[38;2;44;211;177m[48;2;44;211;177m▀[0m[38;2;34;177;76m[48;2;34;177;76m▀[0m[38;2;34;177;76m[48;2;34;177;76m▀[0m[38;2;34;177;76m[48;2;34;177;76m▀[0m[38;2;50;56;135m[48;2;50;56;135m▀[0m[38;2;65;132;243m[48;2;65;132;243m▀[0m[38;2;65;132;243m[48;2;65;132;243m▀[0m[38;2;50;56;135m[48;2;50;56;135m▀[0m[38;2;247;69;26m[48;2;247;69;26m▀[0m[38;2;247;69;26m[48;2;247;69;26m▀[0m[38;2;247;69;26m[48;2;247;69;26m▀[0m[38;2;245;105;147m[48;2;245;105;147m▀[0m[38;2;245;105;147m[48;2;245;105;147m▀[0m[38;2;245;105;147m[48;2;245;105;147m▀[0m[38;2;245;105;147m[48;2;245;105;147m▀[0m[38;2;245;105;147m[48;2;245;105;147m▀[0m[38;2;247;69;26m[48;2;247;69;26m▀[0m[38;2;247;69;26m[48;2;247;69;26m▀[0m[38;2;26;26;26m[48;2;26;26;26m▀[0m[38;2;62;71;199m[48;2;62;71;199m▀[0m[38;2;26;26;26m[48;2;26;26;26m▀[0m[38;2;65;132;243m[48;2;65;132;243m▀[0m[38;2;65;132;243m[48;2;65;132;243m▀[0m[38;2;65;132;243m[48;2;65;132;243m▀[0m[38;2;65;132;243m[48;2;65;132;243m▀[0m[38;2;159;225;245m[48;2;159;225;245m▀[0m[38;2;159;225;245m[48;2;159;225;245m▀[0m[38;2;159;225;245m[48;2;159;225;245m▀[0m[38;2;65;132;243m[48;2;65;132;243m▀[0m[38;2;50;56;135m[48;2;50;56;135m▀[0m[38;2;159;225;245m[48;2;159;225;245m▀[0m[38;2;159;225;245m[48;2;159;225;245m▀[0m[38;2;237;251;255m[48;2;237;251;255m▀[0m[38;2;237;251;255m[48;2;159;225;245m▀[0m[38;2;237;251;255m[48;2;237;251;255m▀[0m[38;2;159;225;245m[48;2;159;225;245m▀[0m[38;2;50;56;135m[48;2;26;26;26m▀[0m[38;2;26;26;26m▀[38;2;26;26;26m▀    [38;2;65;132;243m▄ 
   [38;2;245;105;147m▄[38;2;245;105;147m[48;2;245;105;147m▀[0m[38;2;245;105;147m▄   [38;2;26;26;26m▀[38;2;237;251;255m[48;2;26;26;26m▀[0m[38;2;159;225;245m[48;2;159;225;245m▀[0m[38;2;159;225;245m[48;2;159;225;245m▀[0m[38;2;159;225;245m[48;2;26;26;26m▀[0m[38;2;26;26;26m[48;2;65;132;243m▀[0m[38;2;50;56;135m[48;2;65;132;243m▀[0m[38;2;245;105;147m[48;2;26;26;26m▀[0m[38;2;245;105;147m[48;2;169;70;212m▀[0m[38;2;245;105;147m[48;2;245;105;147m▀[0m[38;2;245;105;147m[48;2;169;70;212m▀[0m[38;2;245;105;147m[48;2;245;105;147m▀[0m[38;2;169;70;212m[48;2;165;230;153m▀[0m[38;2;169;70;212m[48;2;169;70;212m▀[0m[38;2;169;70;212m[48;2;169;70;212m▀[0m[38;2;26;26;26m[48;2;26;26;26m▀[0m[38;2;65;132;243m[48;2;62;71;199m▀[0m[38;2;50;56;135m[48;2;50;56;135m▀[0m[38;2;34;177;76m[48;2;34;177;76m▀[0m[38;2;34;177;76m[48;2;44;211;177m▀[0m[38;2;44;211;177m[48;2;44;211;177m▀[0m[38;2;44;211;177m[48;2;44;211;177m▀[0m[38;2;44;211;177m[48;2;44;211;177m▀[0m[38;2;44;211;177m[48;2;44;211;177m▀[0m[38;2;44;211;177m[48;2;44;211;177m▀[0m[38;2;34;177;76m[48;2;44;211;177m▀[0m[38;2;34;177;76m[48;2;34;177;76m▀[0m[38;2;34;177;76m[48;2;34;177;76m▀[0m[38;2;50;56;135m[48;2;50;56;135m▀[0m[38;2;65;132;243m[48;2;65;132;243m▀[0m[38;2;65;132;243m[48;2;62;71;199m▀[0m[38;2;50;56;135m[48;2;50;56;135m▀[0m[38;2;247;69;26m[48;2;247;69;26m▀[0m[38;2;247;69;26m[48;2;247;69;26m▀[0m[38;2;247;69;26m[48;2;245;105;147m▀[0m[38;2;245;105;147m[48;2;245;105;147m▀[0m[38;2;245;105;147m[48;2;245;105;147m▀[0m[38;2;245;105;147m[48;2;245;105;147m▀[0m[38;2;245;105;147m[48;2;245;105;147m▀[0m[38;2;245;105;147m[48;2;245;105;147m▀[0m[38;2;247;69;26m[48;2;245;105;147m▀[0m[38;2;247;69;26m[48;2;247;69;26m▀[0m[38;2;26;26;26m[48;2;26;26;26m▀[0m[38;2;62;71;199m[48;2;62;71;199m▀[0m[38;2;26;26;26m[48;2;26;26;26m▀[0m[38;2;65;132;243m[48;2;65;132;243m▀[0m[38;2;65;132;243m[48;2;65;132;243m▀[0m[38;2;65;132;243m[48;2;159;225;245m▀[0m[38;2;159;225;245m[48;2;159;225;245m▀[0m[38;2;159;225;245m[48;2;65;132;243m▀[0m[38;2;159;225;245m[48;2;159;225;245m▀[0m[38;2;159;225;245m[48;2;65;132;243m▀[0m[38;2;159;225;245m[48;2;26;26;26m▀[0m[38;2;26;26;26m[48;2;62;71;199m▀[0m[38;2;26;26;26m[48;2;62;71;199m▀[0m[38;2;159;225;245m[48;2;26;26;26m▀[0m[38;2;159;225;245m[48;2;159;225;245m▀[0m[38;2;159;225;245m[48;2;159;225;245m▀[0m[38;2;237;251;255m[48;2;26;26;26m▀[0m[38;2;26;26;26m▀      [38;2;65;132;243m▄[38;2;65;132;243m[48;2;65;132;243m▀[0m[38;2;65;132;243m▄
    [38;2;245;105;147m[48;2;245;105;147m▀[0m     [38;2;50;56;135m▄[38;2;26;26;26m[48;2;50;56;135m▀[0m[38;2;26;26;26m[48;2;65;132;243m▀[0m[38;2;65;132;243m[48;2;50;56;135m▀[0m[38;2;65;132;243m[48;2;65;132;243m▀[0m[38;2;65;132;243m[48;2;65;132;243m▀[0m[38;2;65;132;243m[48;2;65;132;243m▀[0m[38;2;26;26;26m[48;2;65;132;243m▀[0m[38;2;245;105;147m[48;2;26;26;26m▀[0m[38;2;169;70;212m[48;2;169;70;212m▀[0m[38;2;169;70;212m[48;2;165;230;153m▀[0m[38;2;165;230;153m[48;2;165;230;153m▀[0m[38;2;169;70;212m[48;2;165;230;153m▀[0m[38;2;26;26;26m[48;2;65;132;243m▀[0m[38;2;65;132;243m[48;2;65;132;243m▀[0m[38;2;65;132;243m[48;2;65;132;243m▀[0m[38;2;50;56;135m[48;2;65;132;243m▀[0m[38;2;44;211;177m[48;2;26;26;26m▀[0m[38;2;44;211;177m[48;2;34;177;76m▀[0m[38;2;34;177;76m[48;2;34;177;76m▀[0m[38;2;44;211;177m[48;2;34;177;76m▀[0m[38;2;44;211;177m[48;2;44;211;177m▀[0m[38;2;44;211;177m[48;2;34;177;76m▀[0m[38;2;34;177;76m[48;2;34;177;76m▀[0m[38;2;44;211;177m[48;2;34;177;76m▀[0m[38;2;44;211;177m[48;2;34;177;76m▀[0m[38;2;34;177;76m[48;2;26;26;26m▀[0m[38;2;50;56;135m[48;2;62;71;199m▀[0m[38;2;247;69;26m[48;2;247;69;26m▀[0m[38;2;65;132;243m[48;2;65;132;243m▀[0m[38;2;50;56;135m[48;2;65;132;243m▀[0m[38;2;247;69;26m[48;2;26;26;26m▀[0m[38;2;245;105;147m[48;2;247;69;26m▀[0m[38;2;245;105;147m[48;2;247;69;26m▀[0m[38;2;247;69;26m[48;2;247;69;26m▀[0m[38;2;245;105;147m[48;2;247;69;26m▀[0m[38;2;245;105;147m[48;2;245;105;147m▀[0m[38;2;245;105;147m[48;2;247;69;26m▀[0m[38;2;247;69;26m[48;2;247;69;26m▀[0m[38;2;245;105;147m[48;2;247;69;26m▀[0m[38;2;245;105;147m[48;2;26;26;26m▀[0m[38;2;26;26;26m[48;2;62;71;199m▀[0m[38;2;62;71;199m[48;2;62;71;199m▀[0m[38;2;62;71;199m[48;2;62;71;199m▀[0m[38;2;26;26;26m[48;2;62;71;199m▀[0m[38;2;65;132;243m[48;2;26;26;26m▀[0m[38;2;65;132;243m[48;2;26;26;26m▀[0m[38;2;65;132;243m[48;2;65;132;243m▀[0m[38;2;65;132;243m[48;2;65;132;243m▀[0m[38;2;159;225;245m[48;2;26;26;26m▀[0m[38;2;26;26;26m[48;2;62;71;199m▀[0m[38;2;62;71;199m[48;2;62;71;199m▀[0m[38;2;62;71;199m[48;2;62;71;199m▀[0m[38;2;62;71;199m[48;2;62;71;199m▀[0m[38;2;62;71;199m[48;2;62;71;199m▀[0m[38;2;26;26;26m[48;2;62;71;199m▀[0m[38;2;26;26;26m[48;2;26;26;26m▀[0m         [38;2;65;132;243m[48;2;65;132;243m▀[0m 
          [38;2;50;56;135m[48;2;50;56;135m▀[0m[38;2;65;132;243m[48;2;65;132;243m▀[0m[38;2;50;56;135m[48;2;65;132;243m▀[0m[38;2;65;132;243m[48;2;65;132;243m▀[0m[38;2;50;56;135m[48;2;65;132;243m▀[0m[38;2;65;132;243m[48;2;50;56;135m▀[0m[38;2;65;132;243m[48;2;65;132;243m▀[0m[38;2;65;132;243m[48;2;65;132;243m▀[0m[38;2;65;132;243m[48;2;50;56;135m▀[0m[38;2;26;26;26m[48;2;50;56;135m▀[0m[38;2;26;26;26m[48;2;65;132;243m▀[0m[38;2;165;230;153m[48;2;165;230;153m▀[0m[38;2;65;132;243m[48;2;65;132;243m▀[0m[38;2;65;132;243m[48;2;65;132;243m▀[0m[38;2;65;132;243m[48;2;65;132;243m▀[0m[38;2;65;132;243m[48;2;65;132;243m▀[0m[38;2;65;132;243m[48;2;65;132;243m▀[0m[38;2;65;132;243m[48;2;65;132;243m▀[0m[38;2;26;26;26m[48;2;62;71;199m▀[0m[38;2;34;177;76m[48;2;26;26;26m▀[0m[38;2;34;177;76m[48;2;26;26;26m▀[0m[38;2;44;211;177m[48;2;34;177;76m▀[0m[38;2;34;177;76m[48;2;34;177;76m▀[0m[38;2;34;177;76m[48;2;26;26;26m▀[0m[38;2;34;177;76m[48;2;26;26;26m▀[0m[38;2;26;26;26m[48;2;65;132;243m▀[0m[38;2;65;132;243m[48;2;65;132;243m▀[0m[38;2;247;69;26m[48;2;65;132;243m▀[0m[38;2;247;69;26m[48;2;247;69;26m▀[0m[38;2;247;69;26m[48;2;65;132;243m▀[0m[38;2;65;132;243m[48;2;65;132;243m▀[0m[38;2;65;132;243m[48;2;245;105;147m▀[0m[38;2;26;26;26m[48;2;65;132;243m▀[0m[38;2;247;69;26m[48;2;26;26;26m▀[0m[38;2;247;69;26m[48;2;26;26;26m▀[0m[38;2;247;69;26m[48;2;247;69;26m▀[0m[38;2;245;105;147m[48;2;247;69;26m▀[0m[38;2;247;69;26m[48;2;26;26;26m▀[0m[38;2;247;69;26m[48;2;26;26;26m▀[0m[38;2;26;26;26m[48;2;62;71;199m▀[0m[38;2;62;71;199m[48;2;62;71;199m▀[0m[38;2;62;71;199m[48;2;62;71;199m▀[0m[38;2;62;71;199m[48;2;62;71;199m▀[0m[38;2;62;71;199m[48;2;62;71;199m▀[0m[38;2;62;71;199m[48;2;62;71;199m▀[0m[38;2;62;71;199m[48;2;62;71;199m▀[0m[38;2;62;71;199m[48;2;50;56;135m▀[0m[38;2;26;26;26m[48;2;50;56;135m▀[0m[38;2;26;26;26m[48;2;62;71;199m▀[0m[38;2;62;71;199m[48;2;62;71;199m▀[0m[38;2;62;71;199m[48;2;62;71;199m▀[0m[38;2;62;71;199m[48;2;62;71;199m▀[0m[38;2;62;71;199m[48;2;62;71;199m▀[0m[38;2;62;71;199m[48;2;50;56;135m▀[0m[38;2;50;56;135m[48;2;62;71;199m▀[0m[38;2;62;71;199m[48;2;50;56;135m▀[0m[38;2;26;26;26m[48;2;62;71;199m▀[0m[38;2;26;26;26m[48;2;26;26;26m▀[0m[38;2;34;177;76m▄         
          [38;2;50;56;135m[48;2;50;56;135m▀[0m[38;2;65;132;243m[48;2;65;132;243m▀[0m[38;2;65;132;243m[48;2;65;132;243m▀[0m[38;2;65;132;243m[48;2;65;132;243m▀[0m[38;2;65;132;243m[48;2;65;132;243m▀[0m[38;2;65;132;243m[48;2;65;132;243m▀[0m[38;2;50;56;135m[48;2;65;132;243m▀[0m[38;2;50;56;135m[48;2;65;132;243m▀[0m[38;2;65;132;243m[48;2;62;71;199m▀[0m[38;2;65;132;243m[48;2;65;132;243m▀[0m[38;2;50;56;135m[48;2;65;132;243m▀[0m[38;2;65;132;243m[48;2;50;56;135m▀[0m[38;2;65;132;243m[48;2;50;56;135m▀[0m[38;2;65;132;243m[48;2;65;132;243m▀[0m[38;2;65;132;243m[48;2;65;132;243m▀[0m[38;2;65;132;243m[48;2;50;56;135m▀[0m[38;2;65;132;243m[48;2;50;56;135m▀[0m[38;2;50;56;135m[48;2;65;132;243m▀[0m[38;2;50;56;135m[48;2;65;132;243m▀[0m[38;2;65;132;243m[48;2;50;56;135m▀[0m[38;2;65;132;243m[48;2;65;132;243m▀[0m[38;2;26;26;26m[48;2;65;132;243m▀[0m[38;2;26;26;26m[48;2;65;132;243m▀[0m[38;2;65;132;243m[48;2;65;132;243m▀[0m[38;2;65;132;243m[48;2;65;132;243m▀[0m[38;2;65;132;243m[48;2;50;56;135m▀[0m[38;2;65;132;243m[48;2;50;56;135m▀[0m[38;2;50;56;135m[48;2;65;132;243m▀[0m[38;2;247;69;26m[48;2;65;132;243m▀[0m[38;2;65;132;243m[48;2;50;56;135m▀[0m[38;2;65;132;243m[48;2;245;105;147m▀[0m[38;2;245;105;147m[48;2;245;105;147m▀[0m[38;2;65;132;243m[48;2;245;105;147m▀[0m[38;2;65;132;243m[48;2;65;132;243m▀[0m[38;2;65;132;243m[48;2;65;132;243m▀[0m[38;2;26;26;26m[48;2;65;132;243m▀[0m[38;2;26;26;26m[48;2;50;56;135m▀[0m[38;2;50;56;135m[48;2;65;132;243m▀[0m[38;2;50;56;135m[48;2;65;132;243m▀[0m[38;2;62;71;199m[48;2;50;56;135m▀[0m[38;2;62;71;199m[48;2;50;56;135m▀[0m[38;2;62;71;199m[48;2;62;71;199m▀[0m[38;2;62;71;199m[48;2;62;71;199m▀[0m[38;2;62;71;199m[48;2;50;56;135m▀[0m[38;2;62;71;199m[48;2;50;56;135m▀[0m[38;2;50;56;135m[48;2;62;71;199m▀[0m[38;2;62;71;199m[48;2;62;71;199m▀[0m[38;2;62;71;199m[48;2;62;71;199m▀[0m[38;2;50;56;135m[48;2;62;71;199m▀[0m[38;2;50;56;135m[48;2;62;71;199m▀[0m[38;2;62;71;199m[48;2;50;56;135m▀[0m[38;2;62;71;199m[48;2;50;56;135m▀[0m[38;2;50;56;135m[48;2;62;71;199m▀[0m[38;2;62;71;199m[48;2;62;71;199m▀[0m[38;2;62;71;199m[48;2;62;71;199m▀[0m[38;2;62;71;199m[48;2;62;71;199m▀[0m[38;2;62;71;199m[48;2;62;71;199m▀[0m[38;2;26;26;26m[48;2;34;177;76m▀[0m[38;2;34;177;76m[48;2;34;177;76m▀[0m[38;2;34;177;76m▄        
          [38;2;50;56;135m[48;2;50;56;135m▀[0m[38;2;65;132;243m[48;2;65;132;243m▀[0m[38;2;65;132;243m[48;2;65;132;243m▀[0m[38;2;65;132;243m[48;2;62;71;199m▀[0m[38;2;65;132;243m[48;2;65;132;243m▀[0m[38;2;65;132;243m[48;2;65;132;243m▀[0m[38;2;65;132;243m[48;2;65;132;243m▀[0m[38;2;62;71;199m[48;2;65;132;243m▀[0m[38;2;65;132;243m[48;2;62;71;199m▀[0m[38;2;62;71;199m[48;2;65;132;243m▀[0m[38;2;65;132;243m[48;2;62;71;199m▀[0m[38;2;65;132;243m[48;2;62;71;199m▀[0m[38;2;65;132;243m[48;2;62;71;199m▀[0m[38;2;50;56;135m[48;2;65;132;243m▀[0m[38;2;50;56;135m[48;2;65;132;243m▀[0m[38;2;65;132;243m[48;2;62;71;199m▀[0m[38;2;65;132;243m[48;2;62;71;199m▀[0m[38;2;62;71;199m[48;2;62;71;199m▀[0m[38;2;62;71;199m[48;2;62;71;199m▀[0m[38;2;65;132;243m[48;2;62;71;199m▀[0m[38;2;50;56;135m[48;2;65;132;243m▀[0m[38;2;50;56;135m[48;2;65;132;243m▀[0m[38;2;65;132;243m[48;2;50;56;135m▀[0m[38;2;65;132;243m[48;2;50;56;135m▀[0m[38;2;50;56;135m[48;2;65;132;243m▀[0m[38;2;65;132;243m[48;2;62;71;199m▀[0m[38;2;65;132;243m[48;2;62;71;199m▀[0m[38;2;62;71;199m[48;2;62;71;199m▀[0m[38;2;62;71;199m[48;2;62;71;199m▀[0m[38;2;65;132;243m[48;2;62;71;199m▀[0m[38;2;65;132;243m[48;2;62;71;199m▀[0m[38;2;245;105;147m[48;2;245;105;147m▀[0m[38;2;65;132;243m[48;2;50;56;135m▀[0m[38;2;65;132;243m[48;2;50;56;135m▀[0m[38;2;50;56;135m[48;2;65;132;243m▀[0m[38;2;50;56;135m[48;2;65;132;243m▀[0m[38;2;65;132;243m[48;2;62;71;199m▀[0m[38;2;62;71;199m[48;2;62;71;199m▀[0m[38;2;62;71;199m[48;2;62;71;199m▀[0m[38;2;62;71;199m[48;2;62;71;199m▀[0m[38;2;62;71;199m[48;2;62;71;199m▀[0m[38;2;50;56;135m[48;2;62;71;199m▀[0m[38;2;50;56;135m[48;2;62;71;199m▀[0m[38;2;62;71;199m[48;2;62;71;199m▀[0m[38;2;62;71;199m[48;2;62;71;199m▀[0m[38;2;62;71;199m[48;2;62;71;199m▀[0m[38;2;62;71;199m[48;2;62;71;199m▀[0m[38;2;62;71;199m[48;2;62;71;199m▀[0m[38;2;62;71;199m[48;2;62;71;199m▀[0m[38;2;62;71;199m[48;2;62;71;199m▀[0m[38;2;62;71;199m[48;2;62;71;199m▀[0m[38;2;62;71;199m[48;2;62;71;199m▀[0m[38;2;62;71;199m[48;2;62;71;199m▀[0m[38;2;62;71;199m[48;2;62;71;199m▀[0m[38;2;62;71;199m[48;2;62;71;199m▀[0m[38;2;62;71;199m[48;2;62;71;199m▀[0m[38;2;62;71;199m[48;2;62;71;199m▀[0m[38;2;26;26;26m[48;2;26;26;26m▀[0m[38;2;34;177;76m[48;2;34;177;76m▀[0m         
          [38;2;50;56;135m▀[38;2;65;132;243m[48;2;26;26;26m▀[0m[38;2;62;71;199m[48;2;26;26;26m▀[0m[38;2;26;26;26m▀[38;2;62;71;199m[48;2;26;26;26m▀[0m[38;2;65;132;243m[48;2;65;132;243m▀[0m[38;2;65;132;243m[48;2;62;71;199m▀[0m[38;2;62;71;199m[48;2;65;132;243m▀[0m[38;2;65;132;243m[48;2;62;71;199m▀[0m[38;2;62;71;199m[48;2;65;132;243m▀[0m[38;2;65;132;243m[48;2;62;71;199m▀[0m[38;2;62;71;199m[48;2;62;71;199m▀[0m[38;2;62;71;199m[48;2;62;71;199m▀[0m[38;2;62;71;199m[48;2;62;71;199m▀[0m[38;2;62;71;199m[48;2;62;71;199m▀[0m[38;2;62;71;199m[48;2;62;71;199m▀[0m[38;2;62;71;199m[48;2;62;71;199m▀[0m[38;2;62;71;199m[48;2;62;71;199m▀[0m[38;2;62;71;199m[48;2;62;71;199m▀[0m[38;2;62;71;199m[48;2;62;71;199m▀[0m[38;2;62;71;199m[48;2;62;71;199m▀[0m[38;2;62;71;199m[48;2;62;71;199m▀[0m[38;2;65;132;243m[48;2;62;71;199m▀[0m[38;2;65;132;243m[48;2;62;71;199m▀[0m[38;2;62;71;199m[48;2;62;71;199m▀[0m[38;2;62;71;199m[48;2;62;71;199m▀[0m[38;2;62;71;199m[48;2;62;71;199m▀[0m[38;2;62;71;199m[48;2;62;71;199m▀[0m[38;2;62;71;199m[48;2;62;71;199m▀[0m[38;2;62;71;199m[48;2;62;71;199m▀[0m[38;2;62;71;199m[48;2;62;71;199m▀[0m[38;2;62;71;199m[48;2;62;71;199m▀[0m[38;2;65;132;243m[48;2;62;71;199m▀[0m[38;2;65;132;243m[48;2;62;71;199m▀[0m[38;2;62;71;199m[48;2;62;71;199m▀[0m[38;2;62;71;199m[48;2;62;71;199m▀[0m[38;2;62;71;199m[48;2;62;71;199m▀[0m[38;2;62;71;199m[48;2;62;71;199m▀[0m[38;2;62;71;199m[48;2;62;71;199m▀[0m[38;2;62;71;199m[48;2;62;71;199m▀[0m[38;2;62;71;199m[48;2;62;71;199m▀[0m[38;2;62;71;199m[48;2;62;71;199m▀[0m[38;2;62;71;199m[48;2;62;71;199m▀[0m[38;2;62;71;199m[48;2;62;71;199m▀[0m[38;2;62;71;199m[48;2;62;71;199m▀[0m[38;2;62;71;199m[48;2;62;71;199m▀[0m[38;2;62;71;199m[48;2;62;71;199m▀[0m[38;2;62;71;199m[48;2;62;71;199m▀[0m[38;2;62;71;199m[48;2;62;71;199m▀[0m[38;2;62;71;199m[48;2;62;71;199m▀[0m[38;2;62;71;199m[48;2;62;71;199m▀[0m[38;2;62;71;199m[48;2;62;71;199m▀[0m[38;2;62;71;199m[48;2;62;71;199m▀[0m[38;2;62;71;199m[48;2;50;56;135m▀[0m[38;2;50;56;135m[48;2;26;26;26m▀[0m[38;2;62;71;199m[48;2;50;56;135m▀[0m[38;2;62;71;199m[48;2;62;71;199m▀[0m[38;2;26;26;26m[48;2;26;26;26m▀[0m          
               [38;2;26;26;26m▀[38;2;65;132;243m[48;2;26;26;26m▀[0m[38;2;62;71;199m[48;2;26;26;26m▀[0m[38;2;26;26;26m[48;2;62;71;199m▀[0m[38;2;26;26;26m[48;2;50;56;135m▀[0m[38;2;62;71;199m[48;2;26;26;26m▀[0m[38;2;62;71;199m[48;2;50;56;135m▀[0m[38;2;62;71;199m[48;2;62;71;199m▀[0m[38;2;62;71;199m[48;2;62;71;199m▀[0m[38;2;62;71;199m[48;2;62;71;199m▀[0m[38;2;62;71;199m[48;2;62;71;199m▀[0m[38;2;62;71;199m[48;2;62;71;199m▀[0m[38;2;62;71;199m[48;2;26;26;26m▀[0m[38;2;62;71;199m[48;2;26;26;26m▀[0m[38;2;62;71;199m[48;2;62;71;199m▀[0m[38;2;62;71;199m[48;2;62;71;199m▀[0m[38;2;62;71;199m[48;2;62;71;199m▀[0m[38;2;62;71;199m[48;2;62;71;199m▀[0m[38;2;62;71;199m[48;2;62;71;199m▀[0m[38;2;62;71;199m[48;2;62;71;199m▀[0m[38;2;62;71;199m[48;2;62;71;199m▀[0m[38;2;62;71;199m[48;2;62;71;199m▀[0m[38;2;62;71;199m[48;2;26;26;26m▀[0m[38;2;62;71;199m[48;2;26;26;26m▀[0m[38;2;62;71;199m[48;2;62;71;199m▀[0m[38;2;62;71;199m[48;2;62;71;199m▀[0m[38;2;62;71;199m[48;2;62;71;199m▀[0m[38;2;62;71;199m[48;2;62;71;199m▀[0m[38;2;62;71;199m[48;2;62;71;199m▀[0m[38;2;62;71;199m[48;2;62;71;199m▀[0m[38;2;62;71;199m[48;2;62;71;199m▀[0m[38;2;62;71;199m[48;2;62;71;199m▀[0m[38;2;62;71;199m[48;2;26;26;26m▀[0m[38;2;62;71;199m[48;2;26;26;26m▀[0m[38;2;62;71;199m[48;2;62;71;199m▀[0m[38;2;62;71;199m[48;2;62;71;199m▀[0m[38;2;62;71;199m[48;2;62;71;199m▀[0m[38;2;62;71;199m[48;2;62;71;199m▀[0m[38;2;62;71;199m[48;2;62;71;199m▀[0m[38;2;62;71;199m[48;2;50;56;135m▀[0m[38;2;62;71;199m[48;2;26;26;26m▀[0m[38;2;26;26;26m▀[38;2;26;26;26m▀[38;2;62;71;199m[48;2;26;26;26m▀[0m[38;2;62;71;199m[48;2;26;26;26m▀[0m[38;2;62;71;199m[48;2;62;71;199m▀[0m[38;2;62;71;199m[48;2;62;71;199m▀[0m[38;2;62;71;199m[48;2;26;26;26m▀[0m[38;2;26;26;26m▀ [38;2;26;26;26m▀[38;2;26;26;26m▀           
                 [38;2;26;26;26m▀[38;2;62;71;199m[48;2;26;26;26m▀[0m[38;2;62;71;199m[48;2;62;71;199m▀[0m[38;2;50;56;135m[48;2;50;56;135m▀[0m[38;2;26;26;26m[48;2;50;56;135m▀[0m[38;2;26;26;26m[48;2;50;56;135m▀[0m[38;2;62;71;199m[48;2;26;26;26m▀[0m[38;2;62;71;199m[48;2;26;26;26m▀[0m[38;2;26;26;26m▀[38;2;26;26;26m▀  [38;2;26;26;26m▀[38;2;50;56;135m[48;2;26;26;26m▀[0m[38;2;62;71;199m[48;2;26;26;26m▀[0m[38;2;62;71;199m[48;2;62;71;199m▀[0m[38;2;62;71;199m[48;2;62;71;199m▀[0m[38;2;62;71;199m[48;2;26;26;26m▀[0m[38;2;50;56;135m[48;2;26;26;26m▀[0m[38;2;26;26;26m▀  [38;2;26;26;26m▀[38;2;50;56;135m[48;2;26;26;26m▀[0m[38;2;62;71;199m[48;2;26;26;26m▀[0m[38;2;62;71;199m[48;2;62;71;199m▀[0m[38;2;62;71;199m[48;2;62;71;199m▀[0m[38;2;62;71;199m[48;2;26;26;26m▀[0m[38;2;50;56;135m[48;2;26;26;26m▀[0m[38;2;26;26;26m[48;2;62;71;199m▀[0m[38;2;50;56;135m[48;2;50;56;135m▀[0m[38;2;50;56;135m[48;2;50;56;135m▀[0m[38;2;26;26;26m[48;2;50;56;135m▀[0m[38;2;26;26;26m[48;2;50;56;135m▀[0m[38;2;62;71;199m[48;2;26;26;26m▀[0m[38;2;62;71;199m[48;2;26;26;26m▀[0m[38;2;26;26;26m▀[38;2;26;26;26m▀     [38;2;26;26;26m▀[38;2;26;26;26m▀                
                   [38;2;26;26;26m▀[38;2;62;71;199m[48;2;26;26;26m▀[0m[38;2;50;56;135m[48;2;26;26;26m▀[0m[38;2;26;26;26m▀         [38;2;26;26;26m▀[38;2;26;26;26m▀        [38;2;26;26;26m▀[38;2;26;26;26m▀[38;2;62;71;199m[48;2;26;26;26m▀[0m[38;2;62;71;199m[48;2;62;71;199m▀[0m[38;2;62;71;199m[48;2;62;71;199m▀[0m[38;2;50;56;135m[48;2;50;56;135m▀[0m[38;2;50;56;135m[48;2;50;56;135m▀[0m[38;2;50;56;135m[48;2;26;26;26m▀[0m[38;2;26;26;26m▀                           
                                             [38;2;26;26;26m▀[38;2;62;71;199m[48;2;26;26;26m▀[0m[38;2;50;56;135m[48;2;26;26;26m▀[0m[38;2;26;26;26m▀                             
[0m