                                       [38;2;40;51;49m▄[38;2;40;51;49m[48;2;166;180;167m▀[0m[38;2;40;51;49m[48;2;74;74;74m▀[0m[38;2;40;51;49m▄                                            
                                       [38;2;40;51;49m[48;2;40;51;49m▀[0m[38;2;166;180;167m[48;2;166;180;167m▀[0m[38;2;74;74;74m[48;2;72;104;99m▀[0m[38;2;40;51;49m[48;2;40;51;49m▀[0m                                            
                                        [38;2;40;51;49m[48;2;40;51;49m▀[0m[38;2;166;180;167m[48;2;166;180;167m▀[0m[38;2;40;51;49m[48;2;40;51;49m▀[0m[38;2;15;15;15m[48;2;15;15;15m▀[0m                                           
                                        [38;2;40;51;49m[48;2;40;51;49m▀[0m[38;2;166;180;167m[48;2;115;149;139m▀[0m[38;2;40;51;49m[48;2;72;104;99m▀[0m[38;2;15;15;15m[48;2;15;15;15m▀[0m                                           
                                         [38;2;40;51;49m[48;2;40;51;49m▀[0m[38;2;115;149;139m[48;2;115;149;139m▀[0m[38;2;40;51;49m[48;2;40;51;49m▀[0m[38;2;15;15;15m[48;2;15;15;15m▀[0m                                          
                                         [38;2;40;51;49m[48;2;40;51;49m▀[0m[38;2;115;149;139m[48;2;115;149;139m▀[0m[38;2;72;104;99m[48;2;115;149;139m▀[0m[38;2;40;51;49m[48;2;40;51;49m▀[0m[38;2;15;15;15m▄                                         
                                          [38;2;40;51;49m[48;2;40;51;49m▀[0m[38;2;115;149;139m[48;2;115;149;139m▀[0m[38;2;40;51;49m[48;2;72;104;99m▀[0m[38;2;15;15;15m[48;2;40;51;49m▀[0m[38;2;15;15;15m▄[38;2;15;15;15m▄[38;2;15;15;15m▄                                      
                                          [38;2;40;51;49m[48;2;15;15;15m▀[0m[38;2;115;149;139m[48;2;15;15;15m▀[0m[38;2;15;15;15m[48;2;94;70;34m▀[0m[38;2;15;15;15m[48;2;94;70;34m▀[0m[38;2;72;104;99m[48;2;115;149;139m▀[0m[38;2;40;51;49m[48;2;40;51;49m▀[0m[38;2;72;104;99m[48;2;72;104;99m▀[0m[38;2;15;15;15m[48;2;15;15;15m▀[0m                                     
 [38;2;72;104;99m▄  [38;2;40;51;49m[48;2;40;51;49m▀[0m[38;2;72;104;99m[48;2;115;149;139m▀[0m[38;2;40;51;49m▄                                  [38;2;40;51;49m[48;2;40;51;49m▀[0m[38;2;115;149;139m[48;2;115;149;139m▀[0m[38;2;115;149;139m[48;2;115;149;139m▀[0m[38;2;115;149;139m[48;2;72;104;99m▀[0m[38;2;115;149;139m[48;2;72;104;99m▀[0m[38;2;115;149;139m[48;2;15;15;15m▀[0m[38;2;40;51;49m[48;2;15;15;15m▀[0m[38;2;72;104;99m[48;2;15;15;15m▀[0m[38;2;15;15;15m▀                                     
[38;2;40;51;49m[48;2;40;51;49m▀[0m[38;2;166;180;167m[48;2;166;180;167m▀[0m[38;2;72;104;99m[48;2;72;104;99m▀[0m[38;2;72;104;99m▄[38;2;40;51;49m▀[38;2;115;149;139m[48;2;40;51;49m▀[0m[38;2;72;104;99m[48;2;72;104;99m▀[0m[38;2;40;51;49m[48;2;40;51;49m▀[0m                                [38;2;40;51;49m[48;2;40;51;49m▀[0m[38;2;115;149;139m[48;2;115;149;139m▀[0m[38;2;115;149;139m[48;2;115;149;139m▀[0m[38;2;72;104;99m[48;2;15;15;15m▀[0m[38;2;15;15;15m[48;2;72;104;99m▀[0m[38;2;15;15;15m[48;2;40;51;49m▀[0m[38;2;40;51;49m[48;2;72;104;99m▀[0m[38;2;40;51;49m▄                                       
 [38;2;40;51;49m[48;2;40;51;49m▀[0m[38;2;166;180;167m[48;2;166;180;167m▀[0m[38;2;40;51;49m[48;2;166;180;167m▀[0m[38;2;40;51;49m▄[38;2;40;51;49m[48;2;40;51;49m▀[0m[38;2;115;149;139m[48;2;115;149;139m▀[0m[38;2;72;104;99m[48;2;72;104;99m▀[0m[38;2;40;51;49m[48;2;40;51;49m▀[0m                     [38;2;40;51;49m▄        [38;2;15;15;15m▄[38;2;40;51;49m[48;2;115;149;139m▀[0m[38;2;115;149;139m[48;2;94;70;34m▀[0m[38;2;72;104;99m[48;2;15;15;15m▀[0m[38;2;15;15;15m[48;2;72;104;99m▀[0m[38;2;72;104;99m[48;2;72;104;99m▀[0m[38;2;40;51;49m[48;2;72;104;99m▀[0m[38;2;72;104;99m[48;2;40;51;49m▀[0m[38;2;72;104;99m[48;2;72;104;99m▀[0m[38;2;40;51;49m[48;2;40;51;49m▀[0m                                      
  [38;2;40;51;49m[48;2;40;51;49m▀[0m[38;2;115;149;139m[48;2;115;149;139m▀[0m[38;2;72;104;99m[48;2;115;149;139m▀[0m[38;2;40;51;49m[48;2;72;104;99m▀[0m[38;2;115;149;139m[48;2;40;51;49m▀[0m[38;2;115;149;139m[48;2;115;149;139m▀[0m[38;2;72;104;99m[48;2;72;104;99m▀[0m[38;2;40;51;49m[48;2;40;51;49m▀[0m[38;2;40;51;49m▄                  [38;2;40;51;49m[48;2;40;51;49m▀[0m[38;2;166;180;167m[48;2;115;149;139m▀[0m[38;2;40;51;49m[48;2;40;51;49m▀[0m  [38;2;40;51;49m▄[38;2;40;51;49m▄[38;2;40;51;49m▄  [38;2;15;15;15m[48;2;15;15;15m▀[0m[38;2;94;70;34m[48;2;94;70;34m▀[0m[38;2;94;70;34m[48;2;72;104;99m▀[0m[38;2;15;15;15m[48;2;15;15;15m▀[0m[38;2;72;104;99m[48;2;40;51;49m▀[0m[38;2;72;104;99m[48;2;72;104;99m▀[0m[38;2;72;104;99m[48;2;72;104;99m▀[0m[38;2;40;51;49m[48;2;72;104;99m▀[0m[38;2;72;104;99m[48;2;115;149;139m▀[0m[38;2;72;104;99m[48;2;115;149;139m▀[0m[38;2;40;51;49m[48;2;72;104;99m▀[0m[38;2;40;51;49m▄                                    
   [38;2;40;51;49m[48;2;40;51;49m▀[0m[38;2;115;149;139m[48;2;115;149;139m▀[0m[38;2;115;149;139m[48;2;115;149;139m▀[0m[38;2;72;104;99m[48;2;115;149;139m▀[0m[38;2;115;149;139m[48;2;115;149;139m▀[0m[38;2;115;149;139m[48;2;115;149;139m▀[0m[38;2;72;104;99m[48;2;72;104;99m▀[0m[38;2;72;104;99m[48;2;72;104;99m▀[0m[38;2;40;51;49m[48;2;72;104;99m▀[0m[38;2;40;51;49m[48;2;72;104;99m▀[0m[38;2;40;51;49m▄               [38;2;40;51;49m[48;2;40;51;49m▀[0m[38;2;115;149;139m[48;2;115;149;139m▀[0m[38;2;72;104;99m[48;2;115;149;139m▀[0m[38;2;40;51;49m[48;2;166;180;167m▀[0m[38;2;40;51;49m[48;2;166;180;167m▀[0m[38;2;166;180;167m[48;2;72;104;99m▀[0m[38;2;166;180;167m[48;2;40;51;49m▀[0m[38;2;166;180;167m[48;2;40;51;49m▀[0m[38;2;15;15;15m[48;2;15;15;15m▀[0m[38;2;15;15;15m▄[38;2;15;15;15m[48;2;72;104;99m▀[0m[38;2;115;149;139m[48;2;115;149;139m▀[0m[38;2;15;15;15m[48;2;15;15;15m▀[0m[38;2;72;104;99m[48;2;40;51;49m▀[0m[38;2;40;51;49m[48;2;40;51;49m▀[0m[38;2;72;104;99m[48;2;166;180;167m▀[0m[38;2;72;104;99m[48;2;166;180;167m▀[0m[38;2;115;149;139m[48;2;115;149;139m▀[0m[38;2;115;149;139m[48;2;72;104;99m▀[0m[38;2;115;149;139m[48;2;72;104;99m▀[0m[38;2;72;104;99m[48;2;72;104;99m▀[0m[38;2;72;104;99m[48;2;72;104;99m▀[0m[38;2;40;51;49m[48;2;40;51;49m▀[0m                                   
    [38;2;15;15;15m▀[38;2;40;51;49m▀[38;2;115;149;139m[48;2;15;15;15m▀[0m[38;2;115;149;139m[48;2;40;51;49m▀[0m[38;2;115;149;139m[48;2;115;149;139m▀[0m[38;2;115;149;139m[48;2;115;149;139m▀[0m[38;2;72;104;99m[48;2;94;70;34m▀[0m[38;2;72;104;99m[48;2;72;104;99m▀[0m[38;2;72;104;99m[48;2;72;104;99m▀[0m[38;2;72;104;99m[48;2;72;104;99m▀[0m[38;2;15;15;15m[48;2;72;104;99m▀[0m[38;2;15;15;15m[48;2;115;149;139m▀[0m[38;2;40;51;49m▄      [38;2;40;51;49m▄[38;2;40;51;49m▄[38;2;40;51;49m▄[38;2;40;51;49m[48;2;166;180;167m▀[0m[38;2;40;51;49m[48;2;166;180;167m▀[0m[38;2;40;51;49m[48;2;72;104;99m▀[0m[38;2;166;180;167m[48;2;40;51;49m▀[0m[38;2;72;104;99m[48;2;40;51;49m▀[0m[38;2;40;51;49m[48;2;40;51;49m▀[0m[38;2;40;51;49m[48;2;40;51;49m▀[0m[38;2;40;51;49m[48;2;40;51;49m▀[0m[38;2;40;51;49m[48;2;40;51;49m▀[0m[38;2;40;51;49m[48;2;40;51;49m▀[0m[38;2;40;51;49m[48;2;40;51;49m▀[0m[38;2;40;51;49m[48;2;15;15;15m▀[0m[38;2;15;15;15m[48;2;15;15;15m▀[0m[38;2;115;149;139m[48;2;115;149;139m▀[0m[38;2;115;149;139m[48;2;115;149;139m▀[0m[38;2;15;15;15m[48;2;15;15;15m▀[0m[38;2;166;180;167m[48;2;166;180;167m▀[0m[38;2;166;180;167m[48;2;72;104;99m▀[0m[38;2;115;149;139m[48;2;72;104;99m▀[0m[38;2;72;104;99m[48;2;72;104;99m▀[0m[38;2;72;104;99m[48;2;72;104;99m▀[0m[38;2;72;104;99m[48;2;72;104;99m▀[0m[38;2;72;104;99m[48;2;72;104;99m▀[0m[38;2;72;104;99m[48;2;72;104;99m▀[0m[38;2;72;104;99m[48;2;40;51;49m▀[0m[38;2;40;51;49m[48;2;15;15;15m▀[0m                                   
        [38;2;15;15;15m▀[38;2;15;15;15m▀[38;2;94;70;34m[48;2;15;15;15m▀[0m[38;2;94;70;34m[48;2;72;104;99m▀[0m[38;2;72;104;99m[48;2;72;104;99m▀[0m[38;2;40;51;49m[48;2;40;51;49m▀[0m[38;2;72;104;99m[48;2;40;51;49m▀[0m[38;2;72;104;99m[48;2;72;104;99m▀[0m[38;2;115;149;139m[48;2;115;149;139m▀[0m[38;2;40;51;49m[48;2;115;149;139m▀[0m[38;2;40;51;49m[48;2;115;149;139m▀[0m[38;2;40;51;49m▄[38;2;40;51;49m▄[38;2;15;15;15m[48;2;15;15;15m▀[0m[38;2;15;15;15m[48;2;166;180;167m▀[0m[38;2;166;180;167m[48;2;15;15;15m▀[0m[38;2;166;180;167m[48;2;40;51;49m▀[0m[38;2;72;104;99m[48;2;40;51;49m▀[0m[38;2;40;51;49m[48;2;40;51;49m▀[0m[38;2;40;51;49m[48;2;40;51;49m▀[0m[38;2;40;51;49m[48;2;40;51;49m▀[0m[38;2;40;51;49m[48;2;40;51;49m▀[0m[38;2;40;51;49m[48;2;40;51;49m▀[0m[38;2;40;51;49m[48;2;40;51;49m▀[0m[38;2;40;51;49m[48;2;15;15;15m▀[0m[38;2;40;51;49m[48;2;15;15;15m▀[0m[38;2;40;51;49m[48;2;15;15;15m▀[0m[38;2;15;15;15m[48;2;166;180;167m▀[0m[38;2;15;15;15m[48;2;166;180;167m▀[0m[38;2;166;180;167m[48;2;166;180;167m▀[0m[38;2;166;180;167m[48;2;115;149;139m▀[0m[38;2;166;180;167m[48;2;72;104;99m▀[0m[38;2;115;149;139m[48;2;72;104;99m▀[0m[38;2;72;104;99m[48;2;72;104;99m▀[0m[38;2;72;104;99m[48;2;72;104;99m▀[0m[38;2;72;104;99m[48;2;72;104;99m▀[0m[38;2;72;104;99m[48;2;72;104;99m▀[0m[38;2;72;104;99m[48;2;72;104;99m▀[0m[38;2;72;104;99m[48;2;72;104;99m▀[0m[38;2;72;104;99m[48;2;40;51;49m▀[0m[38;2;72;104;99m[48;2;15;15;15m▀[0m[38;2;40;51;49m[48;2;40;51;49m▀[0m[38;2;15;15;15m[48;2;15;15;15m▀[0m     [38;2;92;49;39m▄[38;2;92;49;39m▄                             
          [38;2;15;15;15m[48;2;15;15;15m▀[0m[38;2;94;70;34m[48;2;94;70;34m▀[0m[38;2;72;104;99m[48;2;72;104;99m▀[0m[38;2;15;15;15m[48;2;15;15;15m▀[0m[38;2;40;51;49m▄[38;2;40;51;49m[48;2;40;51;49m▀[0m[38;2;40;51;49m[48;2;166;180;167m▀[0m[38;2;72;104;99m[48;2;166;180;167m▀[0m[38;2;72;104;99m[48;2;72;104;99m▀[0m[38;2;166;180;167m[48;2;40;51;49m▀[0m[38;2;72;104;99m[48;2;40;51;49m▀[0m[38;2;15;15;15m[48;2;15;15;15m▀[0m[38;2;166;180;167m[48;2;115;149;139m▀[0m[38;2;15;15;15m[48;2;72;104;99m▀[0m[38;2;40;51;49m[48;2;15;15;15m▀[0m[38;2;40;51;49m[48;2;40;51;49m▀[0m[38;2;40;51;49m[48;2;40;51;49m▀[0m[38;2;40;51;49m[48;2;15;15;15m▀[0m[38;2;40;51;49m[48;2;15;15;15m▀[0m[38;2;40;51;49m[48;2;15;15;15m▀[0m[38;2;15;15;15m[48;2;166;180;167m▀[0m[38;2;15;15;15m[48;2;166;180;167m▀[0m[38;2;166;180;167m[48;2;115;149;139m▀[0m[38;2;166;180;167m[48;2;72;104;99m▀[0m[38;2;166;180;167m[48;2;72;104;99m▀[0m[38;2;115;149;139m[48;2;72;104;99m▀[0m[38;2;72;104;99m[48;2;72;104;99m▀[0m[38;2;72;104;99m[48;2;72;104;99m▀[0m[38;2;72;104;99m[48;2;72;104;99m▀[0m[38;2;72;104;99m[48;2;72;104;99m▀[0m[38;2;72;104;99m[48;2;72;104;99m▀[0m[38;2;72;104;99m[48;2;72;104;99m▀[0m[38;2;72;104;99m[48;2;72;104;99m▀[0m[38;2;72;104;99m[48;2;72;104;99m▀[0m[38;2;72;104;99m[48;2;72;104;99m▀[0m[38;2;72;104;99m[48;2;72;104;99m▀[0m[38;2;40;51;49m[48;2;15;15;15m▀[0m[38;2;40;51;49m[48;2;72;104;99m▀[0m[38;2;72;104;99m[48;2;72;104;99m▀[0m[38;2;72;104;99m[48;2;72;104;99m▀[0m[38;2;15;15;15m[48;2;15;15;15m▀[0m   [38;2;56;30;29m▄[38;2;92;49;39m[48;2;92;49;39m▀[0m[38;2;140;97;64m[48;2;140;97;64m▀[0m[38;2;140;97;64m[48;2;140;97;64m▀[0m[38;2;92;49;39m[48;2;140;97;64m▀[0m[38;2;56;30;29m▄                           
     [38;2;40;51;49m▄[38;2;40;51;49m[48;2;166;180;167m▀[0m[38;2;15;15;15m▄  [38;2;40;51;49m[48;2;40;51;49m▀[0m[38;2;115;149;139m[48;2;166;180;167m▀[0m[38;2;72;104;99m[48;2;166;180;167m▀[0m[38;2;40;51;49m[48;2;72;104;99m▀[0m[38;2;166;180;167m[48;2;40;51;49m▀[0m[38;2;72;104;99m[48;2;40;51;49m▀[0m[38;2;40;51;49m[48;2;40;51;49m▀[0m[38;2;40;51;49m[48;2;40;51;49m▀[0m[38;2;40;51;49m[48;2;40;51;49m▀[0m[38;2;40;51;49m[48;2;40;51;49m▀[0m[38;2;15;15;15m[48;2;15;15;15m▀[0m[38;2;115;149;139m[48;2;115;149;139m▀[0m[38;2;115;149;139m[48;2;115;149;139m▀[0m[38;2;72;104;99m[48;2;72;104;99m▀[0m[38;2;15;15;15m[48;2;72;104;99m▀[0m[38;2;15;15;15m[48;2;166;180;167m▀[0m[38;2;15;15;15m[48;2;166;180;167m▀[0m[38;2;166;180;167m[48;2;166;180;167m▀[0m[38;2;166;180;167m[48;2;115;149;139m▀[0m[38;2;166;180;167m[48;2;72;104;99m▀[0m[38;2;115;149;139m[48;2;72;104;99m▀[0m[38;2;72;104;99m[48;2;72;104;99m▀[0m[38;2;72;104;99m[48;2;72;104;99m▀[0m[38;2;72;104;99m[48;2;72;104;99m▀[0m[38;2;72;104;99m[48;2;72;104;99m▀[0m[38;2;72;104;99m[48;2;72;104;99m▀[0m[38;2;72;104;99m[48;2;15;15;15m▀[0m[38;2;72;104;99m[48;2;15;15;15m▀[0m[38;2;72;104;99m[48;2;15;15;15m▀[0m[38;2;72;104;99m[48;2;72;104;99m▀[0m[38;2;72;104;99m[48;2;72;104;99m▀[0m[38;2;72;104;99m[48;2;72;104;99m▀[0m[38;2;72;104;99m[48;2;72;104;99m▀[0m[38;2;72;104;99m[48;2;72;104;99m▀[0m[38;2;72;104;99m[48;2;72;104;99m▀[0m[38;2;72;104;99m[48;2;72;104;99m▀[0m[38;2;15;15;15m[48;2;15;15;15m▀[0m[38;2;72;104;99m[48;2;72;104;99m▀[0m[38;2;72;104;99m[48;2;72;104;99m▀[0m[38;2;72;104;99m[48;2;72;104;99m▀[0m[38;2;15;15;15m[48;2;15;15;15m▀[0m [38;2;149;117;96m▄[38;2;92;49;39m▄[38;2;92;49;39m[48;2;126;71;66m▀[0m[38;2;126;71;66m[48;2;126;71;66m▀[0m[38;2;92;49;39m[48;2;126;71;66m▀[0m[38;2;140;97;64m[48;2;92;49;39m▀[0m[38;2;140;97;64m[48;2;140;97;64m▀[0m[38;2;140;97;64m[48;2;140;97;64m▀[0m[38;2;56;30;29m[48;2;140;97;64m▀[0m[38;2;56;30;29m[48;2;140;97;64m▀[0m[38;2;56;30;29m▄[38;2;56;30;29m▄                       
    [38;2;40;51;49m▄[38;2;40;51;49m[48;2;115;149;139m▀[0m[38;2;166;180;167m[48;2;115;149;139m▀[0m[38;2;15;15;15m[48;2;15;15;15m▀[0m[38;2;40;51;49m▄[38;2;40;51;49m[48;2;166;180;167m▀[0m[38;2;166;180;167m[48;2;72;104;99m▀[0m[38;2;72;104;99m[48;2;40;51;49m▀[0m[38;2;40;51;49m[48;2;40;51;49m▀[0m[38;2;40;51;49m[48;2;40;51;49m▀[0m[38;2;40;51;49m[48;2;15;15;15m▀[0m[38;2;40;51;49m[48;2;15;15;15m▀[0m[38;2;40;51;49m[48;2;15;15;15m▀[0m[38;2;40;51;49m[48;2;15;15;15m▀[0m[38;2;15;15;15m[48;2;166;180;167m▀[0m[38;2;15;15;15m[48;2;166;180;167m▀[0m[38;2;15;15;15m[48;2;166;180;167m▀[0m[38;2;115;149;139m[48;2;166;180;167m▀[0m[38;2;115;149;139m[48;2;115;149;139m▀[0m[38;2;115;149;139m[48;2;72;104;99m▀[0m[38;2;166;180;167m[48;2;72;104;99m▀[0m[38;2;115;149;139m[48;2;72;104;99m▀[0m[38;2;72;104;99m[48;2;72;104;99m▀[0m[38;2;72;104;99m[48;2;72;104;99m▀[0m[38;2;72;104;99m[48;2;72;104;99m▀[0m[38;2;72;104;99m[48;2;72;104;99m▀[0m[38;2;72;104;99m[48;2;72;104;99m▀[0m[38;2;72;104;99m[48;2;72;104;99m▀[0m[38;2;72;104;99m[48;2;40;51;49m▀[0m[38;2;72;104;99m[48;2;15;15;15m▀[0m[38;2;15;15;15m[48;2;72;104;99m▀[0m[38;2;15;15;15m[48;2;72;104;99m▀[0m[38;2;72;104;99m[48;2;72;104;99m▀[0m[38;2;72;104;99m[48;2;72;104;99m▀[0m[38;2;40;51;49m[48;2;72;104;99m▀[0m[38;2;15;15;15m[48;2;72;104;99m▀[0m[38;2;15;15;15m[48;2;40;51;49m▀[0m[38;2;72;104;99m[48;2;15;15;15m▀[0m[38;2;72;104;99m[48;2;72;104;99m▀[0m[38;2;72;104;99m[48;2;72;104;99m▀[0m[38;2;72;104;99m[48;2;72;104;99m▀[0m[38;2;40;51;49m[48;2;15;15;15m▀[0m[38;2;72;104;99m[48;2;72;104;99m▀[0m[38;2;72;104;99m[48;2;72;104;99m▀[0m[38;2;72;104;99m[48;2;72;104;99m▀[0m[38;2;40;51;49m[48;2;15;15;15m▀[0m [38;2;92;49;39m▄[38;2;92;49;39m[48;2;126;71;66m▀[0m[38;2;126;71;66m[48;2;126;71;66m▀[0m[38;2;126;71;66m[48;2;126;71;66m▀[0m[38;2;126;71;66m[48;2;126;71;66m▀[0m[38;2;126;71;66m[48;2;126;71;66m▀[0m[38;2;126;71;66m[48;2;126;71;66m▀[0m[38;2;92;49;39m[48;2;92;49;39m▀[0m[38;2;140;97;64m[48;2;140;97;64m▀[0m[38;2;140;97;64m[48;2;140;97;64m▀[0m[38;2;140;97;64m[48;2;140;97;64m▀[0m[38;2;140;97;64m[48;2;140;97;64m▀[0m[38;2;140;97;64m[48;2;140;97;64m▀[0m[38;2;92;49;39m[48;2;140;97;64m▀[0m[38;2;56;30;29m[48;2;126;71;66m▀[0m[38;2;15;15;15m▄                    
    [38;2;40;51;49m[48;2;40;51;49m▀[0m[38;2;115;149;139m[48;2;115;149;139m▀[0m[38;2;115;149;139m[48;2;72;104;99m▀[0m[38;2;72;104;99m[48;2;72;104;99m▀[0m[38;2;15;15;15m[48;2;15;15;15m▀[0m[38;2;40;51;49m[48;2;15;15;15m▀[0m[38;2;40;51;49m[48;2;40;51;49m▀[0m[38;2;40;51;49m[48;2;40;51;49m▀[0m[38;2;40;51;49m[48;2;15;15;15m▀[0m[38;2;15;15;15m[48;2;94;70;34m▀[0m[38;2;166;180;167m[48;2;94;70;34m▀[0m[38;2;166;180;167m[48;2;94;70;34m▀[0m[38;2;166;180;167m[48;2;72;104;99m▀[0m[38;2;166;180;167m[48;2;72;104;99m▀[0m[38;2;115;149;139m[48;2;72;104;99m▀[0m[38;2;72;104;99m[48;2;72;104;99m▀[0m[38;2;72;104;99m[48;2;72;104;99m▀[0m[38;2;72;104;99m[48;2;72;104;99m▀[0m[38;2;72;104;99m[48;2;72;104;99m▀[0m[38;2;72;104;99m[48;2;72;104;99m▀[0m[38;2;72;104;99m[48;2;72;104;99m▀[0m[38;2;72;104;99m[48;2;72;104;99m▀[0m[38;2;72;104;99m[48;2;72;104;99m▀[0m[38;2;72;104;99m[48;2;40;51;49m▀[0m[38;2;72;104;99m[48;2;15;15;15m▀[0m[38;2;72;104;99m[48;2;15;15;15m▀[0m[38;2;40;51;49m[48;2;72;104;99m▀[0m[38;2;15;15;15m[48;2;72;104;99m▀[0m[38;2;72;104;99m[48;2;72;104;99m▀[0m[38;2;72;104;99m[48;2;72;104;99m▀[0m[38;2;72;104;99m[48;2;72;104;99m▀[0m[38;2;72;104;99m[48;2;72;104;99m▀[0m[38;2;72;104;99m[48;2;72;104;99m▀[0m[38;2;72;104;99m[48;2;72;104;99m▀[0m[38;2;72;104;99m[48;2;72;104;99m▀[0m[38;2;72;104;99m[48;2;72;104;99m▀[0m[38;2;72;104;99m[48;2;72;104;99m▀[0m[38;2;40;51;49m[48;2;72;104;99m▀[0m[38;2;15;15;15m[48;2;40;51;49m▀[0m[38;2;72;104;99m[48;2;40;51;49m▀[0m[38;2;72;104;99m[48;2;72;104;99m▀[0m[38;2;15;15;15m[48;2;15;15;15m▀[0m[38;2;72;104;99m[48;2;72;104;99m▀[0m[38;2;72;104;99m[48;2;72;104;99m▀[0m[38;2;72;104;99m[48;2;15;15;15m▀[0m[38;2;15;15;15m▀[38;2;92;49;39m▄[38;2;92;49;39m[48;2;92;49;39m▀[0m[38;2;126;71;66m[48;2;92;49;39m▀[0m[38;2;126;71;66m[48;2;92;49;39m▀[0m[38;2;126;71;66m[48;2;92;49;39m▀[0m[38;2;126;71;66m[48;2;126;71;66m▀[0m[38;2;126;71;66m[48;2;126;71;66m▀[0m[38;2;126;71;66m[48;2;126;71;66m▀[0m[38;2;126;71;66m[48;2;126;71;66m▀[0m[38;2;92;49;39m[48;2;126;71;66m▀[0m[38;2;140;97;64m[48;2;56;30;29m▀[0m[38;2;140;97;64m[48;2;140;97;64m▀[0m[38;2;140;97;64m[48;2;140;97;64m▀[0m[38;2;140;97;64m[48;2;140;97;64m▀[0m[38;2;140;97;64m[48;2;140;97;64m▀[0m[38;2;126;71;66m[48;2;140;97;64m▀[0m[38;2;15;15;15m[48;2;126;71;66m▀[0m[38;2;15;15;15m▄                   
    [38;2;15;15;15m▀[38;2;115;149;139m[48;2;15;15;15m▀[0m[38;2;72;104;99m[48;2;40;51;49m▀[0m[38;2;115;149;139m[48;2;72;104;99m▀[0m[38;2;115;149;139m[48;2;115;149;139m▀[0m[38;2;115;149;139m[48;2;72;104;99m▀[0m[38;2;15;15;15m[48;2;72;104;99m▀[0m[38;2;15;15;15m[48;2;40;51;49m▀[0m[38;2;15;15;15m[48;2;15;15;15m▀[0m[38;2;94;70;34m[48;2;72;104;99m▀[0m[38;2;72;104;99m[48;2;72;104;99m▀[0m[38;2;72;104;99m[48;2;72;104;99m▀[0m[38;2;72;104;99m[48;2;72;104;99m▀[0m[38;2;72;104;99m[48;2;72;104;99m▀[0m[38;2;72;104;99m[48;2;72;104;99m▀[0m[38;2;72;104;99m[48;2;72;104;99m▀[0m[38;2;72;104;99m[48;2;72;104;99m▀[0m[38;2;72;104;99m[48;2;72;104;99m▀[0m[38;2;72;104;99m[48;2;15;15;15m▀[0m[38;2;72;104;99m[48;2;15;15;15m▀[0m[38;2;40;51;49m[48;2;72;104;99m▀[0m[38;2;40;51;49m[48;2;72;104;99m▀[0m[38;2;40;51;49m[48;2;72;104;99m▀[0m[38;2;72;104;99m[48;2;72;104;99m▀[0m[38;2;40;51;49m[48;2;40;51;49m▀[0m[38;2;72;104;99m[48;2;72;104;99m▀[0m[38;2;72;104;99m[48;2;72;104;99m▀[0m[38;2;72;104;99m[48;2;72;104;99m▀[0m[38;2;72;104;99m[48;2;72;104;99m▀[0m[38;2;72;104;99m[48;2;72;104;99m▀[0m[38;2;72;104;99m[48;2;72;104;99m▀[0m[38;2;72;104;99m[48;2;72;104;99m▀[0m[38;2;72;104;99m[48;2;72;104;99m▀[0m[38;2;72;104;99m[48;2;72;104;99m▀[0m[38;2;72;104;99m[48;2;72;104;99m▀[0m[38;2;72;104;99m[48;2;72;104;99m▀[0m[38;2;72;104;99m[48;2;72;104;99m▀[0m[38;2;72;104;99m[48;2;72;104;99m▀[0m[38;2;72;104;99m[48;2;72;104;99m▀[0m[38;2;40;51;49m[48;2;72;104;99m▀[0m[38;2;15;15;15m[48;2;72;104;99m▀[0m[38;2;72;104;99m[48;2;72;104;99m▀[0m[38;2;72;104;99m[48;2;72;104;99m▀[0m[38;2;72;104;99m[48;2;15;15;15m▀[0m[38;2;15;15;15m[48;2;92;49;39m▀[0m[38;2;92;49;39m[48;2;175;149;134m▀[0m[38;2;175;149;134m[48;2;175;149;134m▀[0m[38;2;175;149;134m[48;2;175;149;134m▀[0m[38;2;175;149;134m[48;2;175;149;134m▀[0m[38;2;175;149;134m[48;2;175;149;134m▀[0m[38;2;149;117;96m[48;2;175;149;134m▀[0m[38;2;92;49;39m[48;2;175;149;134m▀[0m[38;2;92;49;39m[48;2;149;117;96m▀[0m[38;2;126;71;66m[48;2;56;30;29m▀[0m[38;2;126;71;66m[48;2;92;49;39m▀[0m[38;2;126;71;66m[48;2;92;49;39m▀[0m[38;2;56;30;29m[48;2;56;30;29m▀[0m[38;2;140;97;64m[48;2;140;97;64m▀[0m[38;2;140;97;64m[48;2;140;97;64m▀[0m[38;2;140;97;64m[48;2;126;71;66m▀[0m[38;2;140;97;64m[48;2;92;49;39m▀[0m[38;2;140;97;64m[48;2;92;49;39m▀[0m[38;2;126;71;66m[48;2;126;71;66m▀[0m[38;2;126;71;66m[48;2;126;71;66m▀[0m[38;2;15;15;15m[48;2;126;71;66m▀[0m[38;2;15;15;15m▄                 
     [38;2;15;15;15m▀[38;2;72;104;99m[48;2;15;15;15m▀[0m[38;2;40;51;49m[48;2;72;104;99m▀[0m[38;2;40;51;49m[48;2;72;104;99m▀[0m[38;2;72;104;99m[48;2;15;15;15m▀[0m[38;2;40;51;49m[48;2;15;15;15m▀[0m[38;2;40;51;49m[48;2;40;51;49m▀[0m[38;2;15;15;15m[48;2;15;15;15m▀[0m[38;2;72;104;99m[48;2;72;104;99m▀[0m[38;2;72;104;99m[48;2;72;104;99m▀[0m[38;2;72;104;99m[48;2;72;104;99m▀[0m[38;2;72;104;99m[48;2;72;104;99m▀[0m[38;2;72;104;99m[48;2;40;51;49m▀[0m[38;2;72;104;99m[48;2;40;51;49m▀[0m[38;2;40;51;49m[48;2;40;51;49m▀[0m[38;2;15;15;15m[48;2;72;104;99m▀[0m[38;2;15;15;15m[48;2;72;104;99m▀[0m[38;2;72;104;99m[48;2;40;51;49m▀[0m[38;2;72;104;99m[48;2;40;51;49m▀[0m[38;2;40;51;49m[48;2;72;104;99m▀[0m[38;2;40;51;49m[48;2;72;104;99m▀[0m[38;2;72;104;99m[48;2;40;51;49m▀[0m[38;2;72;104;99m[48;2;72;104;99m▀[0m[38;2;72;104;99m[48;2;72;104;99m▀[0m[38;2;40;51;49m[48;2;40;51;49m▀[0m[38;2;72;104;99m[48;2;40;51;49m▀[0m[38;2;72;104;99m[48;2;72;104;99m▀[0m[38;2;72;104;99m[48;2;72;104;99m▀[0m[38;2;72;104;99m[48;2;72;104;99m▀[0m[38;2;72;104;99m[48;2;72;104;99m▀[0m[38;2;72;104;99m[48;2;72;104;99m▀[0m[38;2;72;104;99m[48;2;72;104;99m▀[0m[38;2;72;104;99m[48;2;72;104;99m▀[0m[38;2;72;104;99m[48;2;72;104;99m▀[0m[38;2;72;104;99m[48;2;72;104;99m▀[0m[38;2;72;104;99m[48;2;40;51;49m▀[0m[38;2;72;104;99m[48;2;40;51;49m▀[0m[38;2;72;104;99m[48;2;40;51;49m▀[0m[38;2;72;104;99m[48;2;72;104;99m▀[0m[38;2;72;104;99m[48;2;72;104;99m▀[0m[38;2;72;104;99m[48;2;72;104;99m▀[0m[38;2;15;15;15m[48;2;15;15;15m▀[0m[38;2;175;149;134m[48;2;149;117;96m▀[0m[38;2;175;149;134m[48;2;175;149;134m▀[0m[38;2;175;149;134m[48;2;175;149;134m▀[0m[38;2;175;149;134m[48;2;175;149;134m▀[0m[38;2;175;149;134m[48;2;175;149;134m▀[0m[38;2;175;149;134m[48;2;175;149;134m▀[0m[38;2;175;149;134m[48;2;175;149;134m▀[0m[38;2;175;149;134m[48;2;175;149;134m▀[0m[38;2;175;149;134m[48;2;175;149;134m▀[0m[38;2;175;149;134m[48;2;175;149;134m▀[0m[38;2;56;30;29m[48;2;149;117;96m▀[0m[38;2;149;117;96m[48;2;56;30;29m▀[0m[38;2;149;117;96m[48;2;149;117;96m▀[0m[38;2;92;49;39m[48;2;149;117;96m▀[0m[38;2;92;49;39m[48;2;175;149;134m▀[0m[38;2;92;49;39m[48;2;175;149;134m▀[0m[38;2;126;71;66m[48;2;175;149;134m▀[0m[38;2;175;149;134m[48;2;175;149;134m▀[0m[38;2;175;149;134m[48;2;56;30;29m▀[0m[38;2;175;149;134m[48;2;56;30;29m▀[0m[38;2;92;49;39m[48;2;56;30;29m▀[0m[38;2;126;71;66m[48;2;92;49;39m▀[0m[38;2;15;15;15m[48;2;126;71;66m▀[0m[38;2;56;30;29m▄[38;2;56;30;29m▄               
      [38;2;15;15;15m▀[38;2;40;51;49m[48;2;15;15;15m▀[0m[38;2;72;104;99m[48;2;40;51;49m▀[0m[38;2;72;104;99m[48;2;72;104;99m▀[0m[38;2;15;15;15m[48;2;15;15;15m▀[0m[38;2;40;51;49m[48;2;40;51;49m▀[0m[38;2;40;51;49m[48;2;40;51;49m▀[0m[38;2;15;15;15m[48;2;15;15;15m▀[0m[38;2;72;104;99m[48;2;72;104;99m▀[0m[38;2;72;104;99m[48;2;72;104;99m▀[0m[38;2;72;104;99m[48;2;72;104;99m▀[0m[38;2;15;15;15m[48;2;15;15;15m▀[0m[38;2;72;104;99m[48;2;72;104;99m▀[0m[38;2;72;104;99m[48;2;72;104;99m▀[0m[38;2;72;104;99m[48;2;72;104;99m▀[0m[38;2;40;51;49m[48;2;40;51;49m▀[0m[38;2;72;104;99m[48;2;72;104;99m▀[0m[38;2;72;104;99m[48;2;72;104;99m▀[0m[38;2;72;104;99m[48;2;40;51;49m▀[0m[38;2;72;104;99m[48;2;40;51;49m▀[0m[38;2;40;51;49m[48;2;72;104;99m▀[0m[38;2;72;104;99m[48;2;72;104;99m▀[0m[38;2;72;104;99m[48;2;72;104;99m▀[0m[38;2;72;104;99m[48;2;72;104;99m▀[0m[38;2;40;51;49m[48;2;40;51;49m▀[0m[38;2;72;104;99m[48;2;72;104;99m▀[0m[38;2;72;104;99m[48;2;72;104;99m▀[0m[38;2;72;104;99m[48;2;72;104;99m▀[0m[38;2;72;104;99m[48;2;72;104;99m▀[0m[38;2;72;104;99m[48;2;72;104;99m▀[0m[38;2;72;104;99m[48;2;94;70;34m▀[0m[38;2;94;70;34m[48;2;94;70;34m▀[0m[38;2;40;51;49m[48;2;72;104;99m▀[0m[38;2;40;51;49m[48;2;72;104;99m▀[0m[38;2;72;104;99m[48;2;72;104;99m▀[0m[38;2;72;104;99m[48;2;72;104;99m▀[0m[38;2;72;104;99m[48;2;72;104;99m▀[0m[38;2;15;15;15m[48;2;15;15;15m▀[0m[38;2;72;104;99m[48;2;72;104;99m▀[0m[38;2;15;15;15m[48;2;15;15;15m▀[0m[38;2;149;117;96m[48;2;149;117;96m▀[0m[38;2;149;117;96m[48;2;149;117;96m▀[0m[38;2;149;117;96m[48;2;149;117;96m▀[0m[38;2;175;149;134m[48;2;149;117;96m▀[0m[38;2;175;149;134m[48;2;149;117;96m▀[0m[38;2;175;149;134m[48;2;126;71;66m▀[0m[38;2;175;149;134m[48;2;126;71;66m▀[0m[38;2;175;149;134m[48;2;92;49;39m▀[0m[38;2;175;149;134m[48;2;92;49;39m▀[0m[38;2;126;71;66m[48;2;92;49;39m▀[0m[38;2;92;49;39m[48;2;92;49;39m▀[0m[38;2;92;49;39m[48;2;92;49;39m▀[0m[38;2;56;30;29m[48;2;56;30;29m▀[0m[38;2;149;117;96m[48;2;149;117;96m▀[0m[38;2;149;117;96m[48;2;149;117;96m▀[0m[38;2;175;149;134m[48;2;92;49;39m▀[0m[38;2;175;149;134m[48;2;175;149;134m▀[0m[38;2;175;149;134m[48;2;175;149;134m▀[0m[38;2;56;30;29m[48;2;56;30;29m▀[0m[38;2;140;97;64m[48;2;140;97;64m▀[0m[38;2;140;97;64m[48;2;140;97;64m▀[0m[38;2;140;97;64m[48;2;140;97;64m▀[0m[38;2;56;30;29m[48;2;126;71;66m▀[0m[38;2;15;15;15m[48;2;126;71;66m▀[0m[38;2;126;71;66m[48;2;15;15;15m▀[0m[38;2;126;71;66m[48;2;126;71;66m▀[0m[38;2;56;30;29m[48;2;126;71;66m▀[0m[38;2;56;30;29m[48;2;126;71;66m▀[0m[38;2;56;30;29m[48;2;126;71;66m▀[0m[38;2;56;30;29m▄           
        [38;2;15;15;15m▀[38;2;40;51;49m[48;2;15;15;15m▀[0m[38;2;72;104;99m[48;2;15;15;15m▀[0m[38;2;15;15;15m[48;2;72;104;99m▀[0m[38;2;40;51;49m[48;2;15;15;15m▀[0m[38;2;40;51;49m[48;2;40;51;49m▀[0m[38;2;15;15;15m[48;2;40;51;49m▀[0m[38;2;72;104;99m[48;2;15;15;15m▀[0m[38;2;72;104;99m[48;2;72;104;99m▀[0m[38;2;72;104;99m[48;2;72;104;99m▀[0m[38;2;40;51;49m[48;2;15;15;15m▀[0m[38;2;72;104;99m[48;2;40;51;49m▀[0m[38;2;72;104;99m[48;2;72;104;99m▀[0m[38;2;72;104;99m[48;2;72;104;99m▀[0m[38;2;40;51;49m[48;2;72;104;99m▀[0m[38;2;40;51;49m[48;2;72;104;99m▀[0m[38;2;72;104;99m[48;2;72;104;99m▀[0m[38;2;72;104;99m[48;2;40;51;49m▀[0m[38;2;72;104;99m[48;2;40;51;49m▀[0m[38;2;72;104;99m[48;2;40;51;49m▀[0m[38;2;40;51;49m[48;2;72;104;99m▀[0m[38;2;40;51;49m[48;2;72;104;99m▀[0m[38;2;72;104;99m[48;2;72;104;99m▀[0m[38;2;72;104;99m[48;2;72;104;99m▀[0m[38;2;72;104;99m[48;2;72;104;99m▀[0m[38;2;72;104;99m[48;2;72;104;99m▀[0m[38;2;72;104;99m[48;2;72;104;99m▀[0m[38;2;72;104;99m[48;2;72;104;99m▀[0m[38;2;94;70;34m[48;2;40;51;49m▀[0m[38;2;72;104;99m[48;2;72;104;99m▀[0m[38;2;72;104;99m[48;2;115;149;139m▀[0m[38;2;115;149;139m[48;2;94;70;34m▀[0m[38;2;94;70;34m[48;2;94;70;34m▀[0m[38;2;94;70;34m[48;2;94;70;34m▀[0m[38;2;72;104;99m[48;2;94;70;34m▀[0m[38;2;40;51;49m[48;2;72;104;99m▀[0m[38;2;15;15;15m[48;2;15;15;15m▀[0m[38;2;149;117;96m[48;2;126;71;66m▀[0m[38;2;149;117;96m[48;2;92;49;39m▀[0m[38;2;149;117;96m[48;2;92;49;39m▀[0m[38;2;126;71;66m[48;2;92;49;39m▀[0m[38;2;92;49;39m[48;2;92;49;39m▀[0m[38;2;92;49;39m[48;2;92;49;39m▀[0m[38;2;92;49;39m[48;2;92;49;39m▀[0m[38;2;92;49;39m[48;2;92;49;39m▀[0m[38;2;92;49;39m[48;2;92;49;39m▀[0m[38;2;92;49;39m[48;2;94;70;34m▀[0m[38;2;92;49;39m[48;2;94;70;34m▀[0m[38;2;92;49;39m[48;2;94;70;34m▀[0m[38;2;92;49;39m[48;2;94;70;34m▀[0m[38;2;56;30;29m[48;2;56;30;29m▀[0m[38;2;149;117;96m[48;2;92;49;39m▀[0m[38;2;149;117;96m[48;2;92;49;39m▀[0m[38;2;56;30;29m[48;2;56;30;29m▀[0m[38;2;175;149;134m[48;2;126;71;66m▀[0m[38;2;56;30;29m[48;2;56;30;29m▀[0m[38;2;140;97;64m[48;2;140;97;64m▀[0m[38;2;140;97;64m[48;2;140;97;64m▀[0m[38;2;140;97;64m[48;2;140;97;64m▀[0m[38;2;140;97;64m[48;2;140;97;64m▀[0m[38;2;126;71;66m[48;2;140;97;64m▀[0m[38;2;126;71;66m[48;2;126;71;66m▀[0m[38;2;126;71;66m[48;2;126;71;66m▀[0m[38;2;15;15;15m[48;2;56;30;29m▀[0m[38;2;126;71;66m[48;2;126;71;66m▀[0m[38;2;126;71;66m[48;2;126;71;66m▀[0m[38;2;126;71;66m[48;2;126;71;66m▀[0m[38;2;126;71;66m[48;2;126;71;66m▀[0m[38;2;56;30;29m[48;2;126;71;66m▀[0m[38;2;56;30;29m▄[38;2;56;30;29m▄[38;2;56;30;29m▄       
           [38;2;15;15;15m▀[38;2;72;104;99m[48;2;15;15;15m▀[0m[38;2;15;15;15m[48;2;15;15;15m▀[0m[38;2;40;51;49m[48;2;40;51;49m▀[0m[38;2;15;15;15m[48;2;40;51;49m▀[0m[38;2;72;104;99m[48;2;15;15;15m▀[0m[38;2;72;104;99m[48;2;40;51;49m▀[0m[38;2;72;104;99m[48;2;72;104;99m▀[0m[38;2;15;15;15m[48;2;72;104;99m▀[0m[38;2;40;51;49m[48;2;15;15;15m▀[0m[38;2;72;104;99m[48;2;40;51;49m▀[0m[38;2;72;104;99m[48;2;40;51;49m▀[0m[38;2;40;51;49m[48;2;72;104;99m▀[0m[38;2;40;51;49m[48;2;72;104;99m▀[0m[38;2;40;51;49m[48;2;72;104;99m▀[0m[38;2;72;104;99m[48;2;72;104;99m▀[0m[38;2;72;104;99m[48;2;72;104;99m▀[0m[38;2;72;104;99m[48;2;72;104;99m▀[0m[38;2;72;104;99m[48;2;72;104;99m▀[0m[38;2;72;104;99m[48;2;72;104;99m▀[0m[38;2;72;104;99m[48;2;72;104;99m▀[0m[38;2;72;104;99m[48;2;72;104;99m▀[0m[38;2;72;104;99m[48;2;72;104;99m▀[0m[38;2;72;104;99m[48;2;72;104;99m▀[0m[38;2;72;104;99m[48;2;72;104;99m▀[0m[38;2;40;51;49m[48;2;72;104;99m▀[0m[38;2;72;104;99m[48;2;40;51;49m▀[0m[38;2;115;149;139m[48;2;72;104;99m▀[0m[38;2;115;149;139m[48;2;115;149;139m▀[0m[38;2;94;70;34m[48;2;115;149;139m▀[0m[38;2;94;70;34m[48;2;94;70;34m▀[0m[38;2;72;104;99m[48;2;72;104;99m▀[0m[38;2;72;104;99m[48;2;72;104;99m▀[0m[38;2;15;15;15m[48;2;15;15;15m▀[0m[38;2;92;49;39m[48;2;92;49;39m▀[0m[38;2;92;49;39m[48;2;92;49;39m▀[0m[38;2;92;49;39m[48;2;94;70;34m▀[0m[38;2;92;49;39m[48;2;94;70;34m▀[0m[38;2;92;49;39m[48;2;94;70;34m▀[0m[38;2;94;70;34m[48;2;94;70;34m▀[0m[38;2;94;70;34m[48;2;94;70;34m▀[0m[38;2;94;70;34m[48;2;94;70;34m▀[0m[38;2;94;70;34m[48;2;94;70;34m▀[0m[38;2;94;70;34m[48;2;94;70;34m▀[0m[38;2;94;70;34m[48;2;94;70;34m▀[0m[38;2;94;70;34m[48;2;94;70;34m▀[0m[38;2;94;70;34m[48;2;94;70;34m▀[0m[38;2;56;30;29m[48;2;56;30;29m▀[0m[38;2;92;49;39m[48;2;92;49;39m▀[0m[38;2;92;49;39m[48;2;56;30;29m▀[0m[38;2;56;30;29m[48;2;126;71;66m▀[0m[38;2;126;71;66m[48;2;15;15;15m▀[0m[38;2;56;30;29m[48;2;126;71;66m▀[0m[38;2;140;97;64m[48;2;140;97;64m▀[0m[38;2;140;97;64m[48;2;140;97;64m▀[0m[38;2;140;97;64m[48;2;140;97;64m▀[0m[38;2;140;97;64m[48;2;140;97;64m▀[0m[38;2;140;97;64m[48;2;126;71;66m▀[0m[38;2;126;71;66m[48;2;126;71;66m▀[0m[38;2;126;71;66m[48;2;149;117;96m▀[0m[38;2;149;117;96m[48;2;149;117;96m▀[0m[38;2;15;15;15m[48;2;149;117;96m▀[0m[38;2;126;71;66m[48;2;15;15;15m▀[0m[38;2;126;71;66m[48;2;126;71;66m▀[0m[38;2;126;71;66m[48;2;56;30;29m▀[0m[38;2;56;30;29m[48;2;140;97;64m▀[0m[38;2;140;97;64m[48;2;140;97;64m▀[0m[38;2;140;97;64m[48;2;140;97;64m▀[0m[38;2;126;71;66m[48;2;140;97;64m▀[0m[38;2;56;30;29m[48;2;126;71;66m▀[0m[38;2;15;15;15m▄     
              [38;2;15;15;15m▀[38;2;15;15;15m[48;2;15;15;15m▀[0m[38;2;40;51;49m[48;2;40;51;49m▀[0m[38;2;15;15;15m[48;2;40;51;49m▀[0m[38;2;15;15;15m[48;2;40;51;49m▀[0m[38;2;72;104;99m[48;2;15;15;15m▀[0m[38;2;72;104;99m[48;2;72;104;99m▀[0m[38;2;15;15;15m[48;2;72;104;99m▀[0m[38;2;40;51;49m[48;2;40;51;49m▀[0m[38;2;72;104;99m[48;2;40;51;49m▀[0m[38;2;72;104;99m[48;2;40;51;49m▀[0m[38;2;72;104;99m[48;2;40;51;49m▀[0m[38;2;72;104;99m[48;2;72;104;99m▀[0m[38;2;72;104;99m[48;2;72;104;99m▀[0m[38;2;72;104;99m[48;2;72;104;99m▀[0m[38;2;72;104;99m[48;2;72;104;99m▀[0m[38;2;72;104;99m[48;2;72;104;99m▀[0m[38;2;72;104;99m[48;2;72;104;99m▀[0m[38;2;72;104;99m[48;2;40;51;49m▀[0m[38;2;72;104;99m[48;2;40;51;49m▀[0m[38;2;72;104;99m[48;2;15;15;15m▀[0m[38;2;72;104;99m[48;2;15;15;15m▀[0m[38;2;15;15;15m[48;2;149;117;96m▀[0m[38;2;15;15;15m[48;2;149;117;96m▀[0m[38;2;15;15;15m[48;2;149;117;96m▀[0m[38;2;72;104;99m[48;2;15;15;15m▀[0m[38;2;115;149;139m[48;2;15;15;15m▀[0m[38;2;115;149;139m[48;2;115;149;139m▀[0m[38;2;115;149;139m[48;2;115;149;139m▀[0m[38;2;72;104;99m[48;2;72;104;99m▀[0m[38;2;15;15;15m[48;2;15;15;15m▀[0m[38;2;94;70;34m[48;2;94;70;34m▀[0m[38;2;94;70;34m[48;2;94;70;34m▀[0m[38;2;94;70;34m[48;2;94;70;34m▀[0m[38;2;94;70;34m[48;2;94;70;34m▀[0m[38;2;94;70;34m[48;2;94;70;34m▀[0m[38;2;94;70;34m[48;2;94;70;34m▀[0m[38;2;94;70;34m[48;2;94;70;34m▀[0m[38;2;94;70;34m[48;2;94;70;34m▀[0m[38;2;94;70;34m[48;2;94;70;34m▀[0m[38;2;94;70;34m[48;2;94;70;34m▀[0m[38;2;94;70;34m[48;2;94;70;34m▀[0m[38;2;94;70;34m[48;2;94;70;34m▀[0m[38;2;94;70;34m[48;2;56;30;29m▀[0m[38;2;56;30;29m[48;2;94;70;34m▀[0m[38;2;92;49;39m[48;2;94;70;34m▀[0m[38;2;56;30;29m[48;2;92;49;39m▀[0m[38;2;126;71;66m[48;2;15;15;15m▀[0m[38;2;15;15;15m[48;2;175;149;134m▀[0m[38;2;149;117;96m[48;2;175;149;134m▀[0m[38;2;126;71;66m[48;2;175;149;134m▀[0m[38;2;126;71;66m[48;2;175;149;134m▀[0m[38;2;126;71;66m[48;2;175;149;134m▀[0m[38;2;126;71;66m[48;2;175;149;134m▀[0m[38;2;175;149;134m[48;2;175;149;134m▀[0m[38;2;149;117;96m[48;2;149;117;96m▀[0m[38;2;149;117;96m[48;2;149;117;96m▀[0m[38;2;149;117;96m[48;2;149;117;96m▀[0m[38;2;149;117;96m[48;2;149;117;96m▀[0m[38;2;15;15;15m[48;2;149;117;96m▀[0m[38;2;126;71;66m[48;2;15;15;15m▀[0m[38;2;56;30;29m[48;2;140;97;64m▀[0m[38;2;140;97;64m[48;2;140;97;64m▀[0m[38;2;140;97;64m[48;2;140;97;64m▀[0m[38;2;140;97;64m[48;2;140;97;64m▀[0m[38;2;140;97;64m[48;2;140;97;64m▀[0m[38;2;126;71;66m[48;2;126;71;66m▀[0m[38;2;56;30;29m[48;2;126;71;66m▀[0m[38;2;15;15;15m▄    
                [38;2;15;15;15m▀[38;2;15;15;15m▀[38;2;15;15;15m[48;2;40;51;49m▀[0m[38;2;40;51;49m[48;2;15;15;15m▀[0m[38;2;15;15;15m[48;2;72;104;99m▀[0m[38;2;40;51;49m[48;2;15;15;15m▀[0m[38;2;72;104;99m[48;2;15;15;15m▀[0m[38;2;72;104;99m[48;2;15;15;15m▀[0m[38;2;40;51;49m[48;2;40;51;49m▀[0m[38;2;40;51;49m▀[38;2;40;51;49m▀[38;2;15;15;15m▀[38;2;15;15;15m▀[38;2;15;15;15m[48;2;56;30;29m▀[0m[38;2;15;15;15m[48;2;149;117;96m▀[0m[38;2;15;15;15m[48;2;126;71;66m▀[0m[38;2;15;15;15m[48;2;126;71;66m▀[0m[38;2;126;71;66m[48;2;126;71;66m▀[0m[38;2;149;117;96m[48;2;149;117;96m▀[0m[38;2;149;117;96m[48;2;255;222;36m▀[0m[38;2;149;117;96m[48;2;255;31;26m▀[0m[38;2;255;31;26m[48;2;255;31;26m▀[0m[38;2;92;49;39m[48;2;92;49;39m▀[0m[38;2;92;49;39m[48;2;40;51;49m▀[0m[38;2;40;51;49m[48;2;94;70;34m▀[0m[38;2;15;15;15m[48;2;94;70;34m▀[0m[38;2;15;15;15m[48;2;94;70;34m▀[0m[38;2;15;15;15m[48;2;94;70;34m▀[0m[38;2;94;70;34m[48;2;94;70;34m▀[0m[38;2;94;70;34m[48;2;94;70;34m▀[0m[38;2;94;70;34m[48;2;94;70;34m▀[0m[38;2;94;70;34m[48;2;94;70;34m▀[0m[38;2;94;70;34m[48;2;94;70;34m▀[0m[38;2;94;70;34m[48;2;94;70;34m▀[0m[38;2;94;70;34m[48;2;94;70;34m▀[0m[38;2;94;70;34m[48;2;94;70;34m▀[0m[38;2;94;70;34m[48;2;94;70;34m▀[0m[38;2;94;70;34m[48;2;94;70;34m▀[0m[38;2;94;70;34m[48;2;94;70;34m▀[0m[38;2;94;70;34m[48;2;94;70;34m▀[0m[38;2;94;70;34m[48;2;94;70;34m▀[0m[38;2;56;30;29m[48;2;56;30;29m▀[0m[38;2;94;70;34m[48;2;92;49;39m▀[0m[38;2;92;49;39m[48;2;94;70;34m▀[0m[38;2;94;70;34m[48;2;94;70;34m▀[0m[38;2;15;15;15m[48;2;15;15;15m▀[0m[38;2;149;117;96m[48;2;149;117;96m▀[0m[38;2;175;149;134m[48;2;175;149;134m▀[0m[38;2;175;149;134m[48;2;175;149;134m▀[0m[38;2;175;149;134m[48;2;175;149;134m▀[0m[38;2;175;149;134m[48;2;175;149;134m▀[0m[38;2;175;149;134m[48;2;175;149;134m▀[0m[38;2;175;149;134m[48;2;175;149;134m▀[0m[38;2;175;149;134m[48;2;175;149;134m▀[0m[38;2;149;117;96m[48;2;149;117;96m▀[0m[38;2;149;117;96m[48;2;149;117;96m▀[0m[38;2;149;117;96m[48;2;149;117;96m▀[0m[38;2;149;117;96m[48;2;126;71;66m▀[0m[38;2;15;15;15m[48;2;15;15;15m▀[0m[38;2;140;97;64m[48;2;149;117;96m▀[0m[38;2;140;97;64m[48;2;140;97;64m▀[0m[38;2;140;97;64m[48;2;140;97;64m▀[0m[38;2;140;97;64m[48;2;149;117;96m▀[0m[38;2;126;71;66m[48;2;149;117;96m▀[0m[38;2;126;71;66m[48;2;149;117;96m▀[0m[38;2;149;117;96m[48;2;149;117;96m▀[0m[38;2;15;15;15m[48;2;56;30;29m▀[0m    
                  [38;2;40;51;49m▀[38;2;72;104;99m[48;2;40;51;49m▀[0m[38;2;72;104;99m[48;2;72;104;99m▀[0m[38;2;72;104;99m[48;2;72;104;99m▀[0m[38;2;72;104;99m[48;2;72;104;99m▀[0m[38;2;40;51;49m[48;2;15;15;15m▀[0m     [38;2;56;30;29m[48;2;40;51;49m▀[0m[38;2;255;31;26m[48;2;40;51;49m▀[0m[38;2;126;71;66m[48;2;255;31;26m▀[0m[38;2;126;71;66m[48;2;255;31;26m▀[0m[38;2;126;71;66m[48;2;40;51;49m▀[0m[38;2;255;31;26m[48;2;40;51;49m▀[0m[38;2;255;222;36m[48;2;40;51;49m▀[0m[38;2;255;31;26m[48;2;40;51;49m▀[0m[38;2;40;51;49m[48;2;40;51;49m▀[0m[38;2;40;51;49m[48;2;40;51;49m▀[0m[38;2;94;70;34m[48;2;94;70;34m▀[0m[38;2;94;70;34m[48;2;94;70;34m▀[0m[38;2;94;70;34m[48;2;94;70;34m▀[0m[38;2;94;70;34m[48;2;94;70;34m▀[0m[38;2;94;70;34m[48;2;94;70;34m▀[0m[38;2;94;70;34m[48;2;94;70;34m▀[0m[38;2;94;70;34m[48;2;94;70;34m▀[0m[38;2;94;70;34m[48;2;94;70;34m▀[0m[38;2;94;70;34m[48;2;94;70;34m▀[0m[38;2;94;70;34m[48;2;94;70;34m▀[0m[38;2;94;70;34m[48;2;56;30;29m▀[0m[38;2;94;70;34m[48;2;56;30;29m▀[0m[38;2;94;70;34m[48;2;56;30;29m▀[0m[38;2;94;70;34m[48;2;56;30;29m▀[0m[38;2;94;70;34m[48;2;56;30;29m▀[0m[38;2;56;30;29m[48;2;122;100;54m▀[0m[38;2;56;30;29m[48;2;122;100;54m▀[0m[38;2;56;30;29m[48;2;122;100;54m▀[0m[38;2;94;70;34m[48;2;122;100;54m▀[0m[38;2;122;100;54m[48;2;122;100;54m▀[0m[38;2;94;70;34m[48;2;94;70;34m▀[0m[38;2;94;70;34m[48;2;94;70;34m▀[0m[38;2;15;15;15m[48;2;94;70;34m▀[0m[38;2;126;71;66m[48;2;15;15;15m▀[0m[38;2;175;149;134m[48;2;149;117;96m▀[0m[38;2;175;149;134m[48;2;175;149;134m▀[0m[38;2;175;149;134m[48;2;175;149;134m▀[0m[38;2;175;149;134m[48;2;175;149;134m▀[0m[38;2;175;149;134m[48;2;175;149;134m▀[0m[38;2;175;149;134m[48;2;175;149;134m▀[0m[38;2;175;149;134m[48;2;175;149;134m▀[0m[38;2;149;117;96m[48;2;126;71;66m▀[0m[38;2;149;117;96m[48;2;126;71;66m▀[0m[38;2;126;71;66m[48;2;92;49;39m▀[0m[38;2;92;49;39m[48;2;92;49;39m▀[0m[38;2;15;15;15m[48;2;15;15;15m▀[0m[38;2;175;149;134m[48;2;175;149;134m▀[0m[38;2;175;149;134m[48;2;175;149;134m▀[0m[38;2;175;149;134m[48;2;175;149;134m▀[0m[38;2;175;149;134m[48;2;175;149;134m▀[0m[38;2;149;117;96m[48;2;149;117;96m▀[0m[38;2;149;117;96m[48;2;149;117;96m▀[0m[38;2;149;117;96m[48;2;149;117;96m▀[0m[38;2;149;117;96m[48;2;149;117;96m▀[0m[38;2;15;15;15m[48;2;15;15;15m▀[0m   
                    [38;2;40;51;49m▀[38;2;72;104;99m[48;2;15;15;15m▀[0m[38;2;72;104;99m[48;2;15;15;15m▀[0m[38;2;15;15;15m▀   [38;2;15;15;15m▄[38;2;40;51;49m[48;2;40;51;49m▀[0m[38;2;40;51;49m[48;2;122;100;54m▀[0m[38;2;255;31;26m[48;2;255;31;26m▀[0m[38;2;255;31;26m[48;2;122;100;54m▀[0m[38;2;122;100;54m[48;2;40;51;49m▀[0m[38;2;40;51;49m[48;2;40;51;49m▀[0m[38;2;40;51;49m[48;2;94;70;34m▀[0m[38;2;94;70;34m[48;2;94;70;34m▀[0m[38;2;94;70;34m[48;2;94;70;34m▀[0m[38;2;94;70;34m[48;2;94;70;34m▀[0m[38;2;94;70;34m[48;2;94;70;34m▀[0m[38;2;94;70;34m[48;2;94;70;34m▀[0m[38;2;94;70;34m[48;2;94;70;34m▀[0m[38;2;94;70;34m[48;2;94;70;34m▀[0m[38;2;94;70;34m[48;2;94;70;34m▀[0m[38;2;94;70;34m[48;2;94;70;34m▀[0m[38;2;94;70;34m[48;2;56;30;29m▀[0m[38;2;94;70;34m[48;2;15;15;15m▀[0m[38;2;56;30;29m[48;2;92;49;39m▀[0m[38;2;15;15;15m[48;2;92;49;39m▀[0m[38;2;15;15;15m[48;2;15;15;15m▀[0m[38;2;122;100;54m[48;2;94;70;34m▀[0m[38;2;122;100;54m[48;2;122;100;54m▀[0m[38;2;122;100;54m[48;2;122;100;54m▀[0m[38;2;122;100;54m[48;2;122;100;54m▀[0m[38;2;122;100;54m[48;2;122;100;54m▀[0m[38;2;122;100;54m[48;2;122;100;54m▀[0m[38;2;122;100;54m[48;2;122;100;54m▀[0m[38;2;122;100;54m[48;2;122;100;54m▀[0m[38;2;122;100;54m[48;2;122;100;54m▀[0m[38;2;122;100;54m[48;2;94;70;34m▀[0m[38;2;94;70;34m[48;2;94;70;34m▀[0m[38;2;94;70;34m[48;2;56;30;29m▀[0m[38;2;94;70;34m[48;2;56;30;29m▀[0m[38;2;15;15;15m[48;2;15;15;15m▀[0m[38;2;92;49;39m[48;2;92;49;39m▀[0m[38;2;92;49;39m[48;2;92;49;39m▀[0m[38;2;126;71;66m[48;2;92;49;39m▀[0m[38;2;126;71;66m[48;2;92;49;39m▀[0m[38;2;126;71;66m[48;2;92;49;39m▀[0m[38;2;126;71;66m[48;2;92;49;39m▀[0m[38;2;92;49;39m[48;2;92;49;39m▀[0m[38;2;92;49;39m[48;2;92;49;39m▀[0m[38;2;92;49;39m[48;2;92;49;39m▀[0m[38;2;92;49;39m[48;2;92;49;39m▀[0m[38;2;15;15;15m[48;2;15;15;15m▀[0m[38;2;149;117;96m[48;2;92;49;39m▀[0m[38;2;175;149;134m[48;2;92;49;39m▀[0m[38;2;175;149;134m[48;2;149;117;96m▀[0m[38;2;175;149;134m[48;2;175;149;134m▀[0m[38;2;175;149;134m[48;2;175;149;134m▀[0m[38;2;149;117;96m[48;2;149;117;96m▀[0m[38;2;149;117;96m[48;2;92;49;39m▀[0m[38;2;149;117;96m[48;2;92;49;39m▀[0m[38;2;92;49;39m[48;2;92;49;39m▀[0m[38;2;15;15;15m[48;2;15;15;15m▀[0m   
                         [38;2;15;15;15m▄[38;2;15;15;15m[48;2;94;70;34m▀[0m[38;2;40;51;49m[48;2;92;49;39m▀[0m[38;2;122;100;54m[48;2;122;100;54m▀[0m[38;2;255;31;26m[48;2;122;100;54m▀[0m[38;2;122;100;54m[48;2;122;100;54m▀[0m[38;2;122;100;54m[48;2;122;100;54m▀[0m[38;2;40;51;49m[48;2;94;70;34m▀[0m[38;2;94;70;34m[48;2;94;70;34m▀[0m[38;2;94;70;34m[48;2;94;70;34m▀[0m[38;2;94;70;34m[48;2;94;70;34m▀[0m[38;2;94;70;34m[48;2;94;70;34m▀[0m[38;2;94;70;34m[48;2;94;70;34m▀[0m[38;2;94;70;34m[48;2;94;70;34m▀[0m[38;2;94;70;34m[48;2;94;70;34m▀[0m[38;2;94;70;34m[48;2;94;70;34m▀[0m[38;2;94;70;34m[48;2;15;15;15m▀[0m[38;2;56;30;29m[48;2;56;30;29m▀[0m[38;2;15;15;15m[48;2;92;49;39m▀[0m[38;2;92;49;39m[48;2;92;49;39m▀[0m[38;2;92;49;39m[48;2;92;49;39m▀[0m[38;2;92;49;39m[48;2;92;49;39m▀[0m[38;2;92;49;39m[48;2;92;49;39m▀[0m[38;2;15;15;15m[48;2;92;49;39m▀[0m[38;2;56;30;29m[48;2;15;15;15m▀[0m[38;2;94;70;34m[48;2;56;30;29m▀[0m[38;2;122;100;54m[48;2;94;70;34m▀[0m[38;2;122;100;54m[48;2;94;70;34m▀[0m[38;2;122;100;54m[48;2;94;70;34m▀[0m[38;2;122;100;54m[48;2;94;70;34m▀[0m[38;2;122;100;54m[48;2;94;70;34m▀[0m[38;2;94;70;34m[48;2;56;30;29m▀[0m[38;2;94;70;34m[48;2;56;30;29m▀[0m[38;2;56;30;29m[48;2;56;30;29m▀[0m[38;2;56;30;29m[48;2;56;30;29m▀[0m[38;2;56;30;29m[48;2;56;30;29m▀[0m[38;2;56;30;29m[48;2;56;30;29m▀[0m[38;2;56;30;29m[48;2;56;30;29m▀[0m[38;2;15;15;15m[48;2;15;15;15m▀[0m[38;2;92;49;39m[48;2;56;30;29m▀[0m[38;2;92;49;39m[48;2;92;49;39m▀[0m[38;2;92;49;39m[48;2;92;49;39m▀[0m[38;2;92;49;39m[48;2;92;49;39m▀[0m[38;2;92;49;39m[48;2;92;49;39m▀[0m[38;2;92;49;39m[48;2;92;49;39m▀[0m[38;2;92;49;39m[48;2;92;49;39m▀[0m[38;2;92;49;39m[48;2;56;30;29m▀[0m[38;2;15;15;15m[48;2;15;15;15m▀[0m [38;2;15;15;15m[48;2;15;15;15m▀[0m[38;2;92;49;39m[48;2;92;49;39m▀[0m[38;2;92;49;39m[48;2;92;49;39m▀[0m[38;2;92;49;39m[48;2;92;49;39m▀[0m[38;2;92;49;39m[48;2;92;49;39m▀[0m[38;2;92;49;39m[48;2;92;49;39m▀[0m[38;2;92;49;39m[48;2;92;49;39m▀[0m[38;2;92;49;39m[48;2;92;49;39m▀[0m[38;2;92;49;39m[48;2;15;15;15m▀[0m[38;2;15;15;15m▀   
                         [38;2;15;15;15m▀[38;2;94;70;34m[48;2;15;15;15m▀[0m[38;2;255;31;26m[48;2;255;31;26m▀[0m[38;2;94;70;34m[48;2;92;49;39m▀[0m[38;2;94;70;34m[48;2;94;70;34m▀[0m[38;2;92;49;39m[48;2;255;31;26m▀[0m[38;2;94;70;34m[48;2;92;49;39m▀[0m[38;2;94;70;34m[48;2;94;70;34m▀[0m[38;2;94;70;34m[48;2;94;70;34m▀[0m[38;2;94;70;34m[48;2;94;70;34m▀[0m[38;2;94;70;34m[48;2;94;70;34m▀[0m[38;2;94;70;34m[48;2;94;70;34m▀[0m[38;2;94;70;34m[48;2;15;15;15m▀[0m[38;2;94;70;34m[48;2;15;15;15m▀[0m[38;2;56;30;29m[48;2;94;70;34m▀[0m[38;2;15;15;15m[48;2;94;70;34m▀[0m[38;2;94;70;34m[48;2;94;70;34m▀[0m[38;2;56;30;29m[48;2;56;30;29m▀[0m[38;2;92;49;39m[48;2;92;49;39m▀[0m[38;2;92;49;39m[48;2;92;49;39m▀[0m[38;2;92;49;39m[48;2;92;49;39m▀[0m[38;2;92;49;39m[48;2;92;49;39m▀[0m[38;2;92;49;39m[48;2;92;49;39m▀[0m[38;2;92;49;39m[48;2;92;49;39m▀[0m[38;2;92;49;39m[48;2;56;30;29m▀[0m[38;2;15;15;15m[48;2;15;15;15m▀[0m[38;2;15;15;15m▀[38;2;56;30;29m[48;2;15;15;15m▀[0m[38;2;56;30;29m[48;2;56;30;29m▀[0m[38;2;56;30;29m[48;2;56;30;29m▀[0m[38;2;56;30;29m[48;2;56;30;29m▀[0m[38;2;56;30;29m[48;2;56;30;29m▀[0m[38;2;56;30;29m[48;2;56;30;29m▀[0m[38;2;56;30;29m[48;2;56;30;29m▀[0m[38;2;56;30;29m[48;2;56;30;29m▀[0m[38;2;56;30;29m[48;2;56;30;29m▀[0m[38;2;56;30;29m[48;2;56;30;29m▀[0m[38;2;56;30;29m[48;2;56;30;29m▀[0m[38;2;56;30;29m[48;2;56;30;29m▀[0m[38;2;15;15;15m[48;2;15;15;15m▀[0m[38;2;56;30;29m[48;2;15;15;15m▀[0m[38;2;56;30;29m[48;2;56;30;29m▀[0m[38;2;92;49;39m[48;2;56;30;29m▀[0m[38;2;92;49;39m[48;2;56;30;29m▀[0m[38;2;92;49;39m[48;2;92;49;39m▀[0m[38;2;92;49;39m[48;2;15;15;15m▀[0m[38;2;15;15;15m▀   [38;2;15;15;15m▀[38;2;56;30;29m[48;2;15;15;15m▀[0m[38;2;92;49;39m[48;2;15;15;15m▀[0m[38;2;92;49;39m[48;2;56;30;29m▀[0m[38;2;92;49;39m[48;2;56;30;29m▀[0m[38;2;92;49;39m[48;2;92;49;39m▀[0m[38;2;56;30;29m[48;2;92;49;39m▀[0m[38;2;15;15;15m[48;2;15;15;15m▀[0m    
                          [38;2;15;15;15m▀[38;2;255;31;26m[48;2;15;15;15m▀[0m[38;2;255;31;26m[48;2;56;30;29m▀[0m[38;2;92;49;39m[48;2;92;49;39m▀[0m[38;2;255;31;26m[48;2;255;31;26m▀[0m[38;2;92;49;39m[48;2;255;31;26m▀[0m[38;2;94;70;34m[48;2;94;70;34m▀[0m[38;2;94;70;34m[48;2;56;30;29m▀[0m[38;2;94;70;34m[48;2;15;15;15m▀[0m[38;2;56;30;29m[48;2;122;100;54m▀[0m[38;2;15;15;15m[48;2;94;70;34m▀[0m[38;2;94;70;34m[48;2;94;70;34m▀[0m[38;2;94;70;34m[48;2;94;70;34m▀[0m[38;2;94;70;34m[48;2;94;70;34m▀[0m[38;2;94;70;34m[48;2;56;30;29m▀[0m[38;2;94;70;34m[48;2;94;70;34m▀[0m[38;2;56;30;29m[48;2;15;15;15m▀[0m[38;2;92;49;39m[48;2;56;30;29m▀[0m[38;2;92;49;39m[48;2;56;30;29m▀[0m[38;2;92;49;39m[48;2;92;49;39m▀[0m[38;2;92;49;39m[48;2;56;30;29m▀[0m[38;2;92;49;39m[48;2;56;30;29m▀[0m[38;2;56;30;29m[48;2;15;15;15m▀[0m[38;2;15;15;15m▀   [38;2;15;15;15m▀[38;2;15;15;15m▀[38;2;56;30;29m[48;2;15;15;15m▀[0m[38;2;94;70;34m[48;2;56;30;29m▀[0m[38;2;56;30;29m[48;2;94;70;34m▀[0m[38;2;94;70;34m[48;2;56;30;29m▀[0m[38;2;56;30;29m[48;2;94;70;34m▀[0m[38;2;56;30;29m[48;2;56;30;29m▀[0m[38;2;56;30;29m[48;2;56;30;29m▀[0m[38;2;56;30;29m[48;2;56;30;29m▀[0m[38;2;15;15;15m[48;2;15;15;15m▀[0m[38;2;92;49;39m[48;2;92;49;39m▀[0m[38;2;15;15;15m[48;2;15;15;15m▀[0m[38;2;56;30;29m[48;2;126;71;66m▀[0m[38;2;56;30;29m[48;2;126;71;66m▀[0m[38;2;92;49;39m[48;2;126;71;66m▀[0m[38;2;126;71;66m[48;2;126;71;66m▀[0m[38;2;15;15;15m[48;2;126;71;66m▀[0m[38;2;15;15;15m▄      [38;2;15;15;15m▀[38;2;92;49;39m[48;2;15;15;15m▀[0m[38;2;92;49;39m[48;2;92;49;39m▀[0m[38;2;92;49;39m[48;2;92;49;39m▀[0m[38;2;92;49;39m[48;2;94;70;34m▀[0m[38;2;15;15;15m[48;2;122;100;54m▀[0m[38;2;15;15;15m▄  
                             [38;2;15;15;15m▀[38;2;15;15;15m▀[38;2;15;15;15m▀[38;2;15;15;15m▀ [38;2;56;30;29m▀[38;2;122;100;54m[48;2;56;30;29m▀[0m[38;2;122;100;54m[48;2;122;100;54m▀[0m[38;2;94;70;34m[48;2;56;30;29m▀[0m[38;2;94;70;34m[48;2;94;70;34m▀[0m[38;2;94;70;34m[48;2;94;70;34m▀[0m[38;2;56;30;29m[48;2;15;15;15m▀[0m[38;2;15;15;15m▀ [38;2;15;15;15m[48;2;15;15;15m▀[0m[38;2;92;49;39m[48;2;94;70;34m▀[0m[38;2;92;49;39m[48;2;94;70;34m▀[0m[38;2;92;49;39m[48;2;94;70;34m▀[0m[38;2;94;70;34m[48;2;94;70;34m▀[0m[38;2;15;15;15m[48;2;15;15;15m▀[0m       [38;2;15;15;15m▀[38;2;56;30;29m[48;2;15;15;15m▀[0m[38;2;94;70;34m[48;2;56;30;29m▀[0m[38;2;56;30;29m[48;2;94;70;34m▀[0m[38;2;56;30;29m[48;2;56;30;29m▀[0m[38;2;56;30;29m[48;2;15;15;15m▀[0m[38;2;15;15;15m[48;2;94;70;34m▀[0m[38;2;56;30;29m[48;2;94;70;34m▀[0m[38;2;15;15;15m[48;2;15;15;15m▀[0m[38;2;94;70;34m[48;2;122;100;54m▀[0m[38;2;126;71;66m[48;2;122;100;54m▀[0m[38;2;126;71;66m[48;2;122;100;54m▀[0m[38;2;126;71;66m[48;2;122;100;54m▀[0m[38;2;126;71;66m[48;2;122;100;54m▀[0m[38;2;122;100;54m[48;2;94;70;34m▀[0m[38;2;122;100;54m[48;2;94;70;34m▀[0m[38;2;15;15;15m[48;2;15;15;15m▀[0m     [38;2;15;15;15m[48;2;15;15;15m▀[0m[38;2;122;100;54m[48;2;122;100;54m▀[0m[38;2;94;70;34m[48;2;122;100;54m▀[0m[38;2;94;70;34m[48;2;122;100;54m▀[0m[38;2;122;100;54m[48;2;122;100;54m▀[0m[38;2;122;100;54m[48;2;94;70;34m▀[0m[38;2;56;30;29m[48;2;94;70;34m▀[0m[38;2;15;15;15m[48;2;15;15;15m▀[0m 
                                   [38;2;56;30;29m▀[38;2;56;30;29m[48;2;15;15;15m▀[0m[38;2;94;70;34m[48;2;122;100;54m▀[0m[38;2;122;100;54m[48;2;94;70;34m▀[0m[38;2;15;15;15m[48;2;15;15;15m▀[0m  [38;2;15;15;15m▄[38;2;15;15;15m[48;2;122;100;54m▀[0m[38;2;122;100;54m[48;2;122;100;54m▀[0m[38;2;94;70;34m[48;2;122;100;54m▀[0m[38;2;94;70;34m[48;2;94;70;34m▀[0m[38;2;94;70;34m[48;2;94;70;34m▀[0m[38;2;94;70;34m[48;2;94;70;34m▀[0m[38;2;15;15;15m[48;2;15;15;15m▀[0m         [38;2;15;15;15m▀[38;2;56;30;29m▀[38;2;15;15;15m[48;2;15;15;15m▀[0m[38;2;94;70;34m[48;2;94;70;34m▀[0m[38;2;15;15;15m[48;2;15;15;15m▀[0m[38;2;122;100;54m[48;2;122;100;54m▀[0m[38;2;94;70;34m[48;2;122;100;54m▀[0m[38;2;94;70;34m[48;2;122;100;54m▀[0m[38;2;94;70;34m[48;2;122;100;54m▀[0m[38;2;94;70;34m[48;2;122;100;54m▀[0m[38;2;94;70;34m[48;2;122;100;54m▀[0m[38;2;94;70;34m[48;2;94;70;34m▀[0m[38;2;94;70;34m[48;2;94;70;34m▀[0m[38;2;15;15;15m[48;2;15;15;15m▀[0m    [38;2;15;15;15m[48;2;15;15;15m▀[0m[38;2;94;70;34m[48;2;94;70;34m▀[0m[38;2;94;70;34m[48;2;94;70;34m▀[0m[38;2;94;70;34m[48;2;94;70;34m▀[0m[38;2;94;70;34m[48;2;94;70;34m▀[0m[38;2;94;70;34m[48;2;94;70;34m▀[0m[38;2;94;70;34m[48;2;94;70;34m▀[0m[38;2;94;70;34m[48;2;94;70;34m▀[0m[38;2;15;15;15m[48;2;15;15;15m▀[0m 
                                     [38;2;15;15;15m▀[38;2;15;15;15m▀  [38;2;129;131;179m[48;2;15;15;15m▀[0m[38;2;15;15;15m[48;2;122;100;54m▀[0m[38;2;122;100;54m[48;2;122;100;54m▀[0m[38;2;122;100;54m[48;2;122;100;54m▀[0m[38;2;122;100;54m[48;2;122;100;54m▀[0m[38;2;94;70;34m[48;2;94;70;34m▀[0m[38;2;94;70;34m[48;2;94;70;34m▀[0m[38;2;94;70;34m[48;2;94;70;34m▀[0m[38;2;15;15;15m[48;2;15;15;15m▀[0m           [38;2;15;15;15m[48;2;56;30;29m▀[0m[38;2;94;70;34m[48;2;94;70;34m▀[0m[38;2;15;15;15m[48;2;15;15;15m▀[0m[38;2;122;100;54m[48;2;122;100;54m▀[0m[38;2;122;100;54m[48;2;122;100;54m▀[0m[38;2;122;100;54m[48;2;122;100;54m▀[0m[38;2;122;100;54m[48;2;122;100;54m▀[0m[38;2;122;100;54m[48;2;122;100;54m▀[0m[38;2;122;100;54m[48;2;122;100;54m▀[0m[38;2;94;70;34m[48;2;94;70;34m▀[0m[38;2;94;70;34m[48;2;94;70;34m▀[0m[38;2;15;15;15m[48;2;15;15;15m▀[0m    [38;2;15;15;15m[48;2;15;15;15m▀[0m[38;2;94;70;34m[48;2;94;70;34m▀[0m[38;2;94;70;34m[48;2;94;70;34m▀[0m[38;2;94;70;34m[48;2;94;70;34m▀[0m[38;2;94;70;34m[48;2;94;70;34m▀[0m[38;2;94;70;34m[48;2;94;70;34m▀[0m[38;2;94;70;34m[48;2;94;70;34m▀[0m[38;2;94;70;34m[48;2;94;70;34m▀[0m[38;2;94;70;34m[48;2;94;70;34m▀[0m[38;2;15;15;15m[48;2;15;15;15m▀[0m
                                        [38;2;56;30;29m▄[38;2;15;15;15m[48;2;122;100;54m▀[0m[38;2;122;100;54m[48;2;122;100;54m▀[0m[38;2;122;100;54m[48;2;122;100;54m▀[0m[38;2;122;100;54m[48;2;122;100;54m▀[0m[38;2;122;100;54m[48;2;122;100;54m▀[0m[38;2;94;70;34m[48;2;94;70;34m▀[0m[38;2;94;70;34m[48;2;94;70;34m▀[0m[38;2;94;70;34m[48;2;94;70;34m▀[0m[38;2;15;15;15m[48;2;15;15;15m▀[0m          [38;2;56;30;29m[48;2;56;30;29m▀[0m[38;2;94;70;34m[48;2;94;70;34m▀[0m[38;2;94;70;34m[48;2;94;70;34m▀[0m[38;2;15;15;15m[48;2;15;15;15m▀[0m[38;2;122;100;54m[48;2;122;100;54m▀[0m[38;2;122;100;54m[48;2;122;100;54m▀[0m[38;2;122;100;54m[48;2;122;100;54m▀[0m[38;2;122;100;54m[48;2;122;100;54m▀[0m[38;2;122;100;54m[48;2;122;100;54m▀[0m[38;2;122;100;54m[48;2;122;100;54m▀[0m[38;2;122;100;54m[48;2;122;100;54m▀[0m[38;2;94;70;34m[48;2;94;70;34m▀[0m[38;2;94;70;34m[48;2;94;70;34m▀[0m[38;2;15;15;15m[48;2;15;15;15m▀[0m   [38;2;15;15;15m[48;2;56;30;29m▀[0m[38;2;94;70;34m[48;2;94;70;34m▀[0m[38;2;94;70;34m[48;2;94;70;34m▀[0m[38;2;94;70;34m[48;2;94;70;34m▀[0m[38;2;94;70;34m[48;2;94;70;34m▀[0m[38;2;94;70;34m[48;2;94;70;34m▀[0m[38;2;94;70;34m[48;2;94;70;34m▀[0m[38;2;94;70;34m[48;2;94;70;34m▀[0m[38;2;94;70;34m[48;2;94;70;34m▀[0m[38;2;15;15;15m[48;2;15;15;15m▀[0m
                                        [38;2;56;30;29m[48;2;56;30;29m▀[0m[38;2;122;100;54m[48;2;122;100;54m▀[0m[38;2;122;100;54m[48;2;122;100;54m▀[0m[38;2;122;100;54m[48;2;122;100;54m▀[0m[38;2;122;100;54m[48;2;122;100;54m▀[0m[38;2;122;100;54m[48;2;94;70;34m▀[0m[38;2;94;70;34m[48;2;94;70;34m▀[0m[38;2;94;70;34m[48;2;94;70;34m▀[0m[38;2;94;70;34m[48;2;15;15;15m▀[0m[38;2;15;15;15m▀          [38;2;56;30;29m[48;2;56;30;29m▀[0m[38;2;92;49;39m[48;2;92;49;39m▀[0m[38;2;94;70;34m[48;2;92;49;39m▀[0m[38;2;15;15;15m[48;2;15;15;15m▀[0m[38;2;122;100;54m[48;2;122;100;54m▀[0m[38;2;122;100;54m[48;2;122;100;54m▀[0m[38;2;122;100;54m[48;2;122;100;54m▀[0m[38;2;122;100;54m[48;2;122;100;54m▀[0m[38;2;122;100;54m[48;2;122;100;54m▀[0m[38;2;122;100;54m[48;2;92;49;39m▀[0m[38;2;122;100;54m[48;2;92;49;39m▀[0m[38;2;94;70;34m[48;2;94;70;34m▀[0m[38;2;94;70;34m[48;2;94;70;34m▀[0m[38;2;15;15;15m[48;2;15;15;15m▀[0m  [38;2;15;15;15m▄[38;2;56;30;29m[48;2;92;49;39m▀[0m[38;2;56;30;29m[48;2;92;49;39m▀[0m[38;2;94;70;34m[48;2;56;30;29m▀[0m[38;2;94;70;34m[48;2;56;30;29m▀[0m[38;2;94;70;34m[48;2;56;30;29m▀[0m[38;2;56;30;29m[48;2;92;49;39m▀[0m[38;2;56;30;29m[48;2;92;49;39m▀[0m[38;2;94;70;34m[48;2;56;30;29m▀[0m[38;2;94;70;34m[48;2;56;30;29m▀[0m[38;2;15;15;15m[48;2;15;15;15m▀[0m
                                       [38;2;56;30;29m[48;2;56;30;29m▀[0m[38;2;56;30;29m[48;2;92;49;39m▀[0m[38;2;56;30;29m[48;2;92;49;39m▀[0m[38;2;122;100;54m[48;2;56;30;29m▀[0m[38;2;122;100;54m[48;2;56;30;29m▀[0m[38;2;122;100;54m[48;2;56;30;29m▀[0m[38;2;94;70;34m[48;2;56;30;29m▀[0m[38;2;56;30;29m[48;2;92;49;39m▀[0m[38;2;56;30;29m[48;2;92;49;39m▀[0m[38;2;15;15;15m[48;2;15;15;15m▀[0m          [38;2;56;30;29m▄[38;2;56;30;29m[48;2;92;49;39m▀[0m[38;2;56;30;29m[48;2;92;49;39m▀[0m[38;2;92;49;39m[48;2;56;30;29m▀[0m[38;2;15;15;15m[48;2;15;15;15m▀[0m[38;2;92;49;39m[48;2;126;71;66m▀[0m[38;2;122;100;54m[48;2;92;49;39m▀[0m[38;2;122;100;54m[48;2;92;49;39m▀[0m[38;2;92;49;39m[48;2;126;71;66m▀[0m[38;2;92;49;39m[48;2;126;71;66m▀[0m[38;2;126;71;66m[48;2;126;71;66m▀[0m[38;2;126;71;66m[48;2;126;71;66m▀[0m[38;2;92;49;39m[48;2;92;49;39m▀[0m[38;2;94;70;34m[48;2;92;49;39m▀[0m[38;2;15;15;15m[48;2;15;15;15m▀[0m  [38;2;15;15;15m[48;2;15;15;15m▀[0m[38;2;92;49;39m[48;2;92;49;39m▀[0m[38;2;92;49;39m[48;2;92;49;39m▀[0m[38;2;92;49;39m[48;2;92;49;39m▀[0m[38;2;92;49;39m[48;2;92;49;39m▀[0m[38;2;92;49;39m[48;2;92;49;39m▀[0m[38;2;92;49;39m[48;2;92;49;39m▀[0m[38;2;92;49;39m[48;2;92;49;39m▀[0m[38;2;92;49;39m[48;2;92;49;39m▀[0m[38;2;92;49;39m[48;2;56;30;29m▀[0m[38;2;15;15;15m▀
                                      [38;2;56;30;29m▄[38;2;56;30;29m[48;2;92;49;39m▀[0m[38;2;92;49;39m[48;2;56;30;29m▀[0m[38;2;92;49;39m[48;2;56;30;29m▀[0m[38;2;92;49;39m[48;2;92;49;39m▀[0m[38;2;92;49;39m[48;2;92;49;39m▀[0m[38;2;92;49;39m[48;2;92;49;39m▀[0m[38;2;92;49;39m[48;2;92;49;39m▀[0m[38;2;92;49;39m[48;2;92;49;39m▀[0m[38;2;92;49;39m[48;2;92;49;39m▀[0m[38;2;15;15;15m[48;2;15;15;15m▀[0m          [38;2;56;30;29m[48;2;56;30;29m▀[0m[38;2;92;49;39m[48;2;56;30;29m▀[0m[38;2;92;49;39m[48;2;56;30;29m▀[0m[38;2;15;15;15m[48;2;15;15;15m▀[0m[38;2;126;71;66m[48;2;92;49;39m▀[0m[38;2;126;71;66m[48;2;126;71;66m▀[0m[38;2;126;71;66m[48;2;126;71;66m▀[0m[38;2;126;71;66m[48;2;126;71;66m▀[0m[38;2;126;71;66m[48;2;126;71;66m▀[0m[38;2;126;71;66m[48;2;126;71;66m▀[0m[38;2;126;71;66m[48;2;126;71;66m▀[0m[38;2;126;71;66m[48;2;126;71;66m▀[0m[38;2;92;49;39m[48;2;92;49;39m▀[0m[38;2;92;49;39m[48;2;92;49;39m▀[0m[38;2;15;15;15m[48;2;15;15;15m▀[0m [38;2;56;30;29m▄[38;2;56;30;29m[48;2;92;49;39m▀[0m[38;2;92;49;39m[48;2;56;30;29m▀[0m[38;2;56;30;29m[48;2;92;49;39m▀[0m[38;2;56;30;29m[48;2;92;49;39m▀[0m[38;2;92;49;39m[48;2;56;30;29m▀[0m[38;2;92;49;39m[48;2;92;49;39m▀[0m[38;2;92;49;39m[48;2;92;49;39m▀[0m[38;2;92;49;39m[48;2;92;49;39m▀[0m[38;2;92;49;39m[48;2;92;49;39m▀[0m[38;2;15;15;15m[48;2;15;15;15m▀[0m 
                                     [38;2;56;30;29m[48;2;56;30;29m▀[0m[38;2;92;49;39m[48;2;92;49;39m▀[0m[38;2;56;30;29m[48;2;56;30;29m▀[0m[38;2;92;49;39m[48;2;92;49;39m▀[0m[38;2;92;49;39m[48;2;92;49;39m▀[0m[38;2;56;30;29m[48;2;92;49;39m▀[0m[38;2;92;49;39m[48;2;15;15;15m▀[0m[38;2;92;49;39m[48;2;15;15;15m▀[0m[38;2;92;49;39m[48;2;15;15;15m▀[0m[38;2;92;49;39m[48;2;15;15;15m▀[0m[38;2;92;49;39m[48;2;15;15;15m▀[0m[38;2;15;15;15m▀            [38;2;15;15;15m▄[38;2;56;30;29m[48;2;92;49;39m▀[0m[38;2;56;30;29m[48;2;92;49;39m▀[0m[38;2;126;71;66m[48;2;56;30;29m▀[0m[38;2;56;30;29m[48;2;92;49;39m▀[0m[38;2;56;30;29m[48;2;92;49;39m▀[0m[38;2;126;71;66m[48;2;56;30;29m▀[0m[38;2;126;71;66m[48;2;126;71;66m▀[0m[38;2;126;71;66m[48;2;126;71;66m▀[0m[38;2;92;49;39m[48;2;92;49;39m▀[0m[38;2;92;49;39m[48;2;92;49;39m▀[0m[38;2;92;49;39m[48;2;92;49;39m▀[0m[38;2;15;15;15m[48;2;15;15;15m▀[0m [38;2;56;30;29m[48;2;15;15;15m▀[0m[38;2;92;49;39m[48;2;15;15;15m▀[0m[38;2;56;30;29m[48;2;15;15;15m▀[0m[38;2;92;49;39m[48;2;15;15;15m▀[0m[38;2;92;49;39m[48;2;15;15;15m▀[0m[38;2;92;49;39m[48;2;15;15;15m▀[0m[38;2;56;30;29m▀[38;2;15;15;15m▀[38;2;15;15;15m▀[38;2;15;15;15m▀  
                                     [38;2;15;15;15m▀[38;2;15;15;15m▀[38;2;15;15;15m▀[38;2;15;15;15m▀[38;2;15;15;15m▀[38;2;15;15;15m▀                  [38;2;15;15;15m[48;2;15;15;15m▀[0m[38;2;92;49;39m[48;2;15;15;15m▀[0m[38;2;92;49;39m[48;2;15;15;15m▀[0m[38;2;56;30;29m[48;2;15;15;15m▀[0m[38;2;92;49;39m[48;2;15;15;15m▀[0m[38;2;92;49;39m[48;2;15;15;15m▀[0m[38;2;92;49;39m[48;2;15;15;15m▀[0m[38;2;15;15;15m▀[38;2;15;15;15m▀[38;2;15;15;15m▀[38;2;15;15;15m▀[38;2;15;15;15m▀              
[0m