                                          [38;2;122;95;104m▄    [38;2;122;95;104m▄[38;2;122;95;104m[48;2;240;221;175m▀[0m[38;2;122;95;104m▄     [38;2;122;95;104m▄                     
                                        [38;2;122;95;104m▄[38;2;122;95;104m[48;2;240;221;175m▀[0m[38;2;240;221;175m[48;2;240;221;175m▀[0m[38;2;122;95;104m[48;2;240;221;175m▀[0m[38;2;122;95;104m▄[38;2;122;95;104m▄[38;2;122;95;104m[48;2;191;161;166m▀[0m[38;2;240;221;175m[48;2;191;161;166m▀[0m[38;2;240;221;175m[48;2;191;161;166m▀[0m[38;2;240;221;175m[48;2;191;161;166m▀[0m[38;2;122;95;104m[48;2;191;161;166m▀[0m[38;2;122;95;104m▄[38;2;122;95;104m▄[38;2;122;95;104m[48;2;240;221;175m▀[0m[38;2;122;95;104m[48;2;240;221;175m▀[0m[38;2;240;221;175m[48;2;240;221;175m▀[0m[38;2;122;95;104m[48;2;122;95;104m▀[0m                    
                                       [38;2;122;95;104m▄[38;2;122;95;104m[48;2;240;221;175m▀[0m[38;2;191;161;166m[48;2;240;221;175m▀[0m[38;2;191;161;166m[48;2;240;221;175m▀[0m[38;2;191;161;166m[48;2;240;221;175m▀[0m[38;2;240;221;175m[48;2;240;221;175m▀[0m[38;2;240;221;175m[48;2;240;221;175m▀[0m[38;2;240;221;175m[48;2;240;221;175m▀[0m[38;2;240;221;175m[48;2;240;221;175m▀[0m[38;2;240;221;175m[48;2;240;221;175m▀[0m[38;2;240;221;175m[48;2;240;221;175m▀[0m[38;2;240;221;175m[48;2;240;221;175m▀[0m[38;2;240;221;175m[48;2;240;221;175m▀[0m[38;2;240;221;175m[48;2;240;221;175m▀[0m[38;2;191;161;166m[48;2;240;221;175m▀[0m[38;2;191;161;166m[48;2;240;221;175m▀[0m[38;2;191;161;166m[48;2;240;221;175m▀[0m[38;2;240;221;175m[48;2;191;161;166m▀[0m[38;2;122;95;104m[48;2;122;95;104m▀[0m  [38;2;122;95;104m▄[38;2;122;95;104m▄[38;2;122;95;104m[48;2;240;221;175m▀[0m[38;2;122;95;104m[48;2;122;95;104m▀[0m             
                                       [38;2;16;16;16m▀[38;2;16;16;16m▀[38;2;16;16;16m▀[38;2;122;95;104m[48;2;16;16;16m▀[0m[38;2;240;221;175m[48;2;240;221;175m▀[0m[38;2;240;221;175m[48;2;240;221;175m▀[0m[38;2;240;221;175m[48;2;122;95;104m▀[0m[38;2;16;16;16m▀[38;2;16;16;16m▀[38;2;16;16;16m▀[38;2;122;95;104m▀[38;2;191;161;166m[48;2;16;16;16m▀[0m[38;2;191;161;166m[48;2;16;16;16m▀[0m[38;2;240;221;175m[48;2;191;161;166m▀[0m[38;2;240;221;175m[48;2;191;161;166m▀[0m[38;2;240;221;175m[48;2;191;161;166m▀[0m[38;2;240;221;175m[48;2;240;221;175m▀[0m[38;2;240;221;175m[48;2;240;221;175m▀[0m[38;2;240;221;175m[48;2;240;221;175m▀[0m[38;2;122;95;104m[48;2;240;221;175m▀[0m[38;2;122;95;104m[48;2;240;221;175m▀[0m[38;2;240;221;175m[48;2;191;161;166m▀[0m[38;2;240;221;175m[48;2;240;221;175m▀[0m[38;2;240;221;175m[48;2;122;95;104m▀[0m[38;2;122;95;104m▀             
                      [38;2;56;47;76m▄[38;2;56;47;76m▄[38;2;56;47;76m[48;2;96;81;150m▀[0m[38;2;56;47;76m[48;2;96;81;150m▀[0m[38;2;56;47;76m[48;2;96;81;150m▀[0m[38;2;56;47;76m[48;2;96;81;150m▀[0m[38;2;56;47;76m▄[38;2;56;47;76m▄           [38;2;16;16;16m▄[38;2;16;16;16m[48;2;240;221;175m▀[0m[38;2;240;221;175m[48;2;240;221;175m▀[0m[38;2;240;221;175m[48;2;122;95;104m▀[0m[38;2;16;16;16m▀      [38;2;16;16;16m▀[38;2;16;16;16m▀[38;2;191;161;166m[48;2;16;16;16m▀[0m[38;2;191;161;166m[48;2;122;95;104m▀[0m[38;2;191;161;166m[48;2;191;161;166m▀[0m[38;2;240;221;175m[48;2;240;221;175m▀[0m[38;2;240;221;175m[48;2;240;221;175m▀[0m[38;2;240;221;175m[48;2;240;221;175m▀[0m[38;2;240;221;175m[48;2;240;221;175m▀[0m[38;2;191;161;166m[48;2;191;161;166m▀[0m[38;2;122;95;104m[48;2;122;95;104m▀[0m              
                    [38;2;16;16;16m▄[38;2;16;16;16m[48;2;96;81;150m▀[0m[38;2;96;81;150m[48;2;96;81;150m▀[0m[38;2;96;81;150m[48;2;96;81;150m▀[0m[38;2;96;81;150m[48;2;96;81;150m▀[0m[38;2;96;81;150m[48;2;96;81;150m▀[0m[38;2;96;81;150m[48;2;96;81;150m▀[0m[38;2;96;81;150m[48;2;96;81;150m▀[0m[38;2;96;81;150m[48;2;96;81;150m▀[0m[38;2;96;81;150m[48;2;96;81;150m▀[0m[38;2;56;47;76m[48;2;96;81;150m▀[0m[38;2;56;47;76m[48;2;96;81;150m▀[0m[38;2;16;16;16m▄     [38;2;56;47;76m▄[38;2;56;47;76m▄[38;2;56;47;76m▄[38;2;16;16;16m[48;2;56;47;76m▀[0m[38;2;240;221;175m[48;2;240;221;175m▀[0m[38;2;191;161;166m[48;2;16;16;16m▀[0m[38;2;16;16;16m▀         [38;2;122;95;104m▄[38;2;122;95;104m[48;2;240;221;175m▀[0m[38;2;240;221;175m[48;2;240;221;175m▀[0m[38;2;240;221;175m[48;2;240;221;175m▀[0m[38;2;240;221;175m[48;2;240;221;175m▀[0m[38;2;240;221;175m[48;2;122;95;104m▀[0m[38;2;240;221;175m[48;2;16;16;16m▀[0m[38;2;16;16;16m▀               
                   [38;2;16;16;16m[48;2;16;16;16m▀[0m[38;2;96;81;150m[48;2;96;81;150m▀[0m[38;2;96;81;150m[48;2;96;81;150m▀[0m[38;2;96;81;150m[48;2;65;59;120m▀[0m[38;2;96;81;150m[48;2;65;59;120m▀[0m[38;2;96;81;150m[48;2;65;59;120m▀[0m[38;2;96;81;150m[48;2;96;81;150m▀[0m[38;2;96;81;150m[48;2;96;81;150m▀[0m[38;2;96;81;150m[48;2;96;81;150m▀[0m[38;2;96;81;150m[48;2;96;81;150m▀[0m[38;2;96;81;150m[48;2;56;47;76m▀[0m[38;2;96;81;150m[48;2;56;47;76m▀[0m[38;2;96;81;150m[48;2;56;47;76m▀[0m[38;2;96;81;150m[48;2;96;81;150m▀[0m[38;2;16;16;16m[48;2;16;16;16m▀[0m [38;2;16;16;16m▄[38;2;56;47;76m[48;2;173;161;197m▀[0m[38;2;56;47;76m[48;2;173;161;197m▀[0m[38;2;173;161;197m[48;2;173;161;197m▀[0m[38;2;173;161;197m[48;2;173;161;197m▀[0m[38;2;173;161;197m[48;2;173;161;197m▀[0m[38;2;173;161;197m[48;2;173;161;197m▀[0m[38;2;56;47;76m[48;2;173;161;197m▀[0m[38;2;16;16;16m[48;2;173;161;197m▀[0m[38;2;56;47;76m▄[38;2;56;47;76m▄      [38;2;16;16;16m▄[38;2;122;95;104m[48;2;240;221;175m▀[0m[38;2;240;221;175m[48;2;240;221;175m▀[0m[38;2;240;221;175m[48;2;240;221;175m▀[0m[38;2;240;221;175m[48;2;240;221;175m▀[0m[38;2;240;221;175m[48;2;16;16;16m▀[0m[38;2;16;16;16m▀[38;2;16;16;16m▀                 
                  [38;2;16;16;16m[48;2;16;16;16m▀[0m[38;2;173;161;197m[48;2;173;161;197m▀[0m[38;2;65;59;120m[48;2;173;161;197m▀[0m[38;2;65;59;120m[48;2;173;161;197m▀[0m[38;2;173;161;197m[48;2;173;161;197m▀[0m[38;2;173;161;197m[48;2;173;161;197m▀[0m[38;2;173;161;197m[48;2;173;161;197m▀[0m[38;2;65;59;120m[48;2;173;161;197m▀[0m[38;2;96;81;150m[48;2;56;47;76m▀[0m[38;2;56;47;76m[48;2;124;111;150m▀[0m[38;2;56;47;76m[48;2;124;111;150m▀[0m[38;2;124;111;150m[48;2;124;111;150m▀[0m[38;2;124;111;150m[48;2;124;111;150m▀[0m[38;2;124;111;150m[48;2;124;111;150m▀[0m[38;2;56;47;76m[48;2;124;111;150m▀[0m[38;2;96;81;150m[48;2;16;16;16m▀[0m[38;2;16;16;16m[48;2;173;161;197m▀[0m[38;2;173;161;197m[48;2;173;161;197m▀[0m[38;2;173;161;197m[48;2;173;161;197m▀[0m[38;2;173;161;197m[48;2;173;161;197m▀[0m[38;2;173;161;197m[48;2;173;161;197m▀[0m[38;2;173;161;197m[48;2;173;161;197m▀[0m[38;2;124;111;150m[48;2;65;59;120m▀[0m[38;2;65;59;120m[48;2;96;81;150m▀[0m[38;2;65;59;120m[48;2;96;81;150m▀[0m[38;2;124;111;150m[48;2;65;59;120m▀[0m[38;2;173;161;197m[48;2;124;111;150m▀[0m[38;2;173;161;197m[48;2;173;161;197m▀[0m[38;2;56;47;76m[48;2;173;161;197m▀[0m[38;2;56;47;76m▄[38;2;56;47;76m▄ [38;2;16;16;16m▄[38;2;16;16;16m[48;2;240;221;175m▀[0m[38;2;240;221;175m[48;2;240;221;175m▀[0m[38;2;240;221;175m[48;2;240;221;175m▀[0m[38;2;240;221;175m[48;2;122;95;104m▀[0m[38;2;191;161;166m[48;2;16;16;16m▀[0m[38;2;16;16;16m▀       [38;2;56;47;76m▄[38;2;56;47;76m▄[38;2;56;47;76m▄          
                 [38;2;16;16;16m[48;2;16;16;16m▀[0m[38;2;173;161;197m[48;2;173;161;197m▀[0m[38;2;173;161;197m[48;2;173;161;197m▀[0m[38;2;173;161;197m[48;2;173;161;197m▀[0m[38;2;173;161;197m[48;2;173;161;197m▀[0m[38;2;173;161;197m[48;2;173;161;197m▀[0m[38;2;173;161;197m[48;2;173;161;197m▀[0m[38;2;173;161;197m[48;2;124;111;150m▀[0m[38;2;56;47;76m[48;2;56;47;76m▀[0m[38;2;124;111;150m[48;2;124;111;150m▀[0m[38;2;124;111;150m[48;2;124;111;150m▀[0m[38;2;124;111;150m[48;2;124;111;150m▀[0m[38;2;124;111;150m[48;2;124;111;150m▀[0m[38;2;124;111;150m[48;2;65;59;120m▀[0m[38;2;124;111;150m[48;2;65;59;120m▀[0m[38;2;124;111;150m[48;2;124;111;150m▀[0m[38;2;16;16;16m[48;2;16;16;16m▀[0m[38;2;56;47;76m[48;2;124;111;150m▀[0m[38;2;56;47;76m[48;2;124;111;150m▀[0m[38;2;173;161;197m[48;2;56;47;76m▀[0m[38;2;173;161;197m[48;2;65;59;120m▀[0m[38;2;173;161;197m[48;2;65;59;120m▀[0m[38;2;173;161;197m[48;2;65;59;120m▀[0m[38;2;173;161;197m[48;2;65;59;120m▀[0m[38;2;65;59;120m[48;2;96;81;150m▀[0m[38;2;96;81;150m[48;2;96;81;150m▀[0m[38;2;96;81;150m[48;2;96;81;150m▀[0m[38;2;96;81;150m[48;2;96;81;150m▀[0m[38;2;65;59;120m[48;2;96;81;150m▀[0m[38;2;65;59;120m[48;2;96;81;150m▀[0m[38;2;96;81;150m[48;2;96;81;150m▀[0m[38;2;96;81;150m[48;2;96;81;150m▀[0m[38;2;56;47;76m[48;2;96;81;150m▀[0m[38;2;240;221;175m[48;2;56;47;76m▀[0m[38;2;240;221;175m[48;2;191;161;166m▀[0m[38;2;240;221;175m[48;2;16;16;16m▀[0m[38;2;16;16;16m▀[38;2;16;16;16m▀        [38;2;16;16;16m[48;2;16;16;16m▀[0m[38;2;124;111;150m[48;2;124;111;150m▀[0m[38;2;173;161;197m[48;2;173;161;197m▀[0m[38;2;173;161;197m[48;2;173;161;197m▀[0m[38;2;56;47;76m[48;2;173;161;197m▀[0m[38;2;56;47;76m[48;2;173;161;197m▀[0m[38;2;56;47;76m▄       
                 [38;2;16;16;16m[48;2;16;16;16m▀[0m[38;2;173;161;197m[48;2;173;161;197m▀[0m[38;2;173;161;197m[48;2;173;161;197m▀[0m[38;2;173;161;197m[48;2;173;161;197m▀[0m[38;2;173;161;197m[48;2;173;161;197m▀[0m[38;2;173;161;197m[48;2;173;161;197m▀[0m[38;2;173;161;197m[48;2;124;111;150m▀[0m[38;2;56;47;76m[48;2;56;47;76m▀[0m[38;2;124;111;150m[48;2;124;111;150m▀[0m[38;2;124;111;150m[48;2;124;111;150m▀[0m[38;2;124;111;150m[48;2;65;59;120m▀[0m[38;2;65;59;120m[48;2;124;111;150m▀[0m[38;2;124;111;150m[48;2;124;111;150m▀[0m[38;2;124;111;150m[48;2;124;111;150m▀[0m[38;2;124;111;150m[48;2;56;47;76m▀[0m[38;2;56;47;76m[48;2;173;161;197m▀[0m[38;2;173;161;197m[48;2;173;161;197m▀[0m[38;2;16;16;16m[48;2;173;161;197m▀[0m[38;2;16;16;16m[48;2;65;59;120m▀[0m[38;2;65;59;120m[48;2;16;16;16m▀[0m[38;2;56;47;76m[48;2;65;59;120m▀[0m[38;2;96;81;150m[48;2;56;47;76m▀[0m[38;2;96;81;150m[48;2;56;47;76m▀[0m[38;2;96;81;150m[48;2;96;81;150m▀[0m[38;2;96;81;150m[48;2;96;81;150m▀[0m[38;2;96;81;150m[48;2;96;81;150m▀[0m[38;2;96;81;150m[48;2;96;81;150m▀[0m[38;2;96;81;150m[48;2;96;81;150m▀[0m[38;2;96;81;150m[48;2;96;81;150m▀[0m[38;2;96;81;150m[48;2;96;81;150m▀[0m[38;2;96;81;150m[48;2;96;81;150m▀[0m[38;2;96;81;150m[48;2;96;81;150m▀[0m[38;2;96;81;150m[48;2;96;81;150m▀[0m[38;2;96;81;150m[48;2;96;81;150m▀[0m[38;2;56;47;76m[48;2;96;81;150m▀[0m[38;2;56;47;76m[48;2;96;81;150m▀[0m[38;2;56;47;76m▄     [38;2;16;16;16m▄[38;2;56;47;76m[48;2;65;59;120m▀[0m[38;2;56;47;76m[48;2;96;81;150m▀[0m[38;2;56;47;76m[48;2;96;81;150m▀[0m[38;2;56;47;76m[48;2;96;81;150m▀[0m[38;2;16;16;16m[48;2;56;47;76m▀[0m[38;2;124;111;150m[48;2;16;16;16m▀[0m[38;2;173;161;197m[48;2;124;111;150m▀[0m[38;2;173;161;197m[48;2;124;111;150m▀[0m[38;2;173;161;197m[48;2;173;161;197m▀[0m[38;2;173;161;197m[48;2;173;161;197m▀[0m[38;2;56;47;76m[48;2;16;16;16m▀[0m      
                  [38;2;16;16;16m[48;2;16;16;16m▀[0m[38;2;173;161;197m[48;2;124;111;150m▀[0m[38;2;173;161;197m[48;2;173;161;197m▀[0m[38;2;173;161;197m[48;2;173;161;197m▀[0m[38;2;173;161;197m[48;2;173;161;197m▀[0m[38;2;124;111;150m[48;2;124;111;150m▀[0m[38;2;124;111;150m[48;2;124;111;150m▀[0m[38;2;124;111;150m[48;2;124;111;150m▀[0m[38;2;124;111;150m[48;2;124;111;150m▀[0m[38;2;65;59;120m[48;2;16;16;16m▀[0m[38;2;124;111;150m[48;2;16;16;16m▀[0m[38;2;124;111;150m[48;2;16;16;16m▀[0m[38;2;56;47;76m[48;2;173;161;197m▀[0m[38;2;173;161;197m[48;2;173;161;197m▀[0m[38;2;173;161;197m[48;2;65;59;120m▀[0m[38;2;65;59;120m[48;2;124;111;150m▀[0m[38;2;65;59;120m[48;2;124;111;150m▀[0m[38;2;124;111;150m[48;2;56;47;76m▀[0m[38;2;56;47;76m[48;2;124;111;150m▀[0m[38;2;16;16;16m[48;2;56;47;76m▀[0m[38;2;65;59;120m[48;2;16;16;16m▀[0m[38;2;65;59;120m[48;2;16;16;16m▀[0m[38;2;56;47;76m[48;2;65;59;120m▀[0m[38;2;96;81;150m[48;2;56;47;76m▀[0m[38;2;96;81;150m[48;2;96;81;150m▀[0m[38;2;96;81;150m[48;2;96;81;150m▀[0m[38;2;96;81;150m[48;2;96;81;150m▀[0m[38;2;96;81;150m[48;2;96;81;150m▀[0m[38;2;96;81;150m[48;2;96;81;150m▀[0m[38;2;96;81;150m[48;2;96;81;150m▀[0m[38;2;96;81;150m[48;2;96;81;150m▀[0m[38;2;96;81;150m[48;2;96;81;150m▀[0m[38;2;96;81;150m[48;2;96;81;150m▀[0m[38;2;96;81;150m[48;2;96;81;150m▀[0m[38;2;96;81;150m[48;2;16;16;16m▀[0m[38;2;96;81;150m[48;2;16;16;16m▀[0m[38;2;16;16;16m[48;2;173;161;197m▀[0m[38;2;16;16;16m[48;2;173;161;197m▀[0m[38;2;56;47;76m▄[38;2;56;47;76m▄[38;2;16;16;16m[48;2;124;111;150m▀[0m[38;2;16;16;16m[48;2;124;111;150m▀[0m[38;2;65;59;120m[48;2;16;16;16m▀[0m[38;2;56;47;76m[48;2;65;59;120m▀[0m[38;2;96;81;150m[48;2;56;47;76m▀[0m[38;2;96;81;150m[48;2;96;81;150m▀[0m[38;2;56;47;76m[48;2;56;47;76m▀[0m[38;2;124;111;150m[48;2;124;111;150m▀[0m[38;2;16;16;16m[48;2;124;111;150m▀[0m[38;2;16;16;16m[48;2;56;47;76m▀[0m[38;2;124;111;150m[48;2;16;16;16m▀[0m[38;2;124;111;150m[48;2;16;16;16m▀[0m[38;2;16;16;16m[48;2;65;59;120m▀[0m[38;2;56;47;76m▄     
                   [38;2;16;16;16m▀[38;2;124;111;150m[48;2;16;16;16m▀[0m[38;2;173;161;197m[48;2;16;16;16m▀[0m[38;2;173;161;197m[48;2;124;111;150m▀[0m[38;2;124;111;150m[48;2;124;111;150m▀[0m[38;2;56;47;76m[48;2;124;111;150m▀[0m[38;2;124;111;150m[48;2;56;47;76m▀[0m[38;2;16;16;16m[48;2;16;16;16m▀[0m[38;2;96;81;150m[48;2;96;81;150m▀[0m[38;2;96;81;150m[48;2;96;81;150m▀[0m[38;2;96;81;150m[48;2;96;81;150m▀[0m[38;2;16;16;16m[48;2;96;81;150m▀[0m[38;2;16;16;16m[48;2;56;47;76m▀[0m[38;2;124;111;150m[48;2;16;16;16m▀[0m[38;2;56;47;76m[48;2;124;111;150m▀[0m[38;2;56;47;76m[48;2;124;111;150m▀[0m[38;2;124;111;150m[48;2;56;47;76m▀[0m[38;2;56;47;76m[48;2;96;81;150m▀[0m[38;2;124;111;150m[48;2;56;47;76m▀[0m[38;2;173;161;197m[48;2;56;47;76m▀[0m[38;2;173;161;197m[48;2;173;161;197m▀[0m[38;2;16;16;16m[48;2;173;161;197m▀[0m[38;2;65;59;120m[48;2;16;16;16m▀[0m[38;2;56;47;76m[48;2;65;59;120m▀[0m[38;2;96;81;150m[48;2;56;47;76m▀[0m[38;2;96;81;150m[48;2;96;81;150m▀[0m[38;2;96;81;150m[48;2;96;81;150m▀[0m[38;2;96;81;150m[48;2;96;81;150m▀[0m[38;2;96;81;150m[48;2;96;81;150m▀[0m[38;2;96;81;150m[48;2;56;47;76m▀[0m[38;2;96;81;150m[48;2;16;16;16m▀[0m[38;2;16;16;16m[48;2;124;111;150m▀[0m[38;2;16;16;16m[48;2;173;161;197m▀[0m[38;2;173;161;197m[48;2;173;161;197m▀[0m[38;2;173;161;197m[48;2;173;161;197m▀[0m[38;2;173;161;197m[48;2;173;161;197m▀[0m[38;2;173;161;197m[48;2;173;161;197m▀[0m[38;2;173;161;197m[48;2;173;161;197m▀[0m[38;2;56;47;76m[48;2;56;47;76m▀[0m[38;2;173;161;197m[48;2;173;161;197m▀[0m[38;2;124;111;150m[48;2;173;161;197m▀[0m[38;2;124;111;150m[48;2;124;111;150m▀[0m[38;2;16;16;16m[48;2;16;16;16m▀[0m[38;2;65;59;120m[48;2;65;59;120m▀[0m[38;2;56;47;76m[48;2;56;47;76m▀[0m[38;2;96;81;150m[48;2;96;81;150m▀[0m[38;2;56;47;76m[48;2;96;81;150m▀[0m[38;2;56;47;76m[48;2;65;59;120m▀[0m[38;2;65;59;120m[48;2;56;47;76m▀[0m[38;2;65;59;120m[48;2;56;47;76m▀[0m[38;2;96;81;150m[48;2;56;47;76m▀[0m[38;2;96;81;150m[48;2;56;47;76m▀[0m[38;2;96;81;150m[48;2;96;81;150m▀[0m[38;2;56;47;76m[48;2;96;81;150m▀[0m[38;2;56;47;76m▄   
                      [38;2;16;16;16m▀[38;2;16;16;16m▀[38;2;16;16;16m▀[38;2;16;16;16m[48;2;16;16;16m▀[0m[38;2;96;81;150m[48;2;96;81;150m▀[0m[38;2;96;81;150m[48;2;96;81;150m▀[0m[38;2;96;81;150m[48;2;96;81;150m▀[0m[38;2;96;81;150m[48;2;96;81;150m▀[0m[38;2;56;47;76m[48;2;56;47;76m▀[0m[38;2;65;59;120m[48;2;65;59;120m▀[0m[38;2;16;16;16m[48;2;16;16;16m▀[0m[38;2;124;111;150m[48;2;124;111;150m▀[0m[38;2;56;47;76m[48;2;56;47;76m▀[0m[38;2;96;81;150m[48;2;96;81;150m▀[0m[38;2;65;59;120m[48;2;65;59;120m▀[0m[38;2;173;161;197m[48;2;124;111;150m▀[0m[38;2;124;111;150m[48;2;173;161;197m▀[0m[38;2;56;47;76m[48;2;56;47;76m▀[0m[38;2;124;111;150m[48;2;124;111;150m▀[0m[38;2;124;111;150m[48;2;124;111;150m▀[0m[38;2;16;16;16m[48;2;56;47;76m▀[0m[38;2;65;59;120m[48;2;16;16;16m▀[0m[38;2;56;47;76m[48;2;65;59;120m▀[0m[38;2;96;81;150m[48;2;56;47;76m▀[0m[38;2;56;47;76m[48;2;96;81;150m▀[0m[38;2;56;47;76m[48;2;96;81;150m▀[0m[38;2;16;16;16m[48;2;16;16;16m▀[0m[38;2;124;111;150m[48;2;173;161;197m▀[0m[38;2;173;161;197m[48;2;173;161;197m▀[0m[38;2;173;161;197m[48;2;173;161;197m▀[0m[38;2;173;161;197m[48;2;173;161;197m▀[0m[38;2;173;161;197m[48;2;173;161;197m▀[0m[38;2;173;161;197m[48;2;173;161;197m▀[0m[38;2;173;161;197m[48;2;173;161;197m▀[0m[38;2;173;161;197m[48;2;173;161;197m▀[0m[38;2;173;161;197m[48;2;173;161;197m▀[0m[38;2;56;47;76m[48;2;173;161;197m▀[0m[38;2;173;161;197m[48;2;56;47;76m▀[0m[38;2;124;111;150m[48;2;173;161;197m▀[0m[38;2;124;111;150m[48;2;124;111;150m▀[0m[38;2;16;16;16m[48;2;16;16;16m▀[0m[38;2;65;59;120m[48;2;56;47;76m▀[0m[38;2;56;47;76m[48;2;65;59;120m▀[0m[38;2;56;47;76m[48;2;65;59;120m▀[0m[38;2;65;59;120m[48;2;16;16;16m▀[0m[38;2;65;59;120m[48;2;16;16;16m▀[0m[38;2;65;59;120m[48;2;16;16;16m▀[0m[38;2;65;59;120m[48;2;16;16;16m▀[0m[38;2;65;59;120m[48;2;16;16;16m▀[0m[38;2;56;47;76m[48;2;65;59;120m▀[0m[38;2;56;47;76m[48;2;65;59;120m▀[0m[38;2;96;81;150m[48;2;56;47;76m▀[0m[38;2;56;47;76m[48;2;96;81;150m▀[0m[38;2;16;16;16m▄ 
                         [38;2;16;16;16m[48;2;16;16;16m▀[0m[38;2;96;81;150m[48;2;96;81;150m▀[0m[38;2;96;81;150m[48;2;96;81;150m▀[0m[38;2;96;81;150m[48;2;96;81;150m▀[0m[38;2;96;81;150m[48;2;96;81;150m▀[0m[38;2;56;47;76m[48;2;96;81;150m▀[0m[38;2;65;59;120m[48;2;56;47;76m▀[0m[38;2;16;16;16m[48;2;65;59;120m▀[0m[38;2;124;111;150m[48;2;16;16;16m▀[0m[38;2;56;47;76m[48;2;56;47;76m▀[0m[38;2;96;81;150m[48;2;65;59;120m▀[0m[38;2;96;81;150m[48;2;16;16;16m▀[0m[38;2;65;59;120m[48;2;16;16;16m▀[0m[38;2;65;59;120m[48;2;96;81;150m▀[0m[38;2;96;81;150m[48;2;96;81;150m▀[0m[38;2;124;111;150m[48;2;56;47;76m▀[0m[38;2;56;47;76m[48;2;124;111;150m▀[0m[38;2;124;111;150m[48;2;124;111;150m▀[0m[38;2;124;111;150m[48;2;16;16;16m▀[0m[38;2;16;16;16m[48;2;96;81;150m▀[0m[38;2;96;81;150m[48;2;96;81;150m▀[0m[38;2;96;81;150m[48;2;16;16;16m▀[0m[38;2;16;16;16m[48;2;173;161;197m▀[0m[38;2;173;161;197m[48;2;173;161;197m▀[0m[38;2;173;161;197m[48;2;173;161;197m▀[0m[38;2;173;161;197m[48;2;173;161;197m▀[0m[38;2;173;161;197m[48;2;173;161;197m▀[0m[38;2;173;161;197m[48;2;173;161;197m▀[0m[38;2;173;161;197m[48;2;173;161;197m▀[0m[38;2;173;161;197m[48;2;173;161;197m▀[0m[38;2;173;161;197m[48;2;173;161;197m▀[0m[38;2;173;161;197m[48;2;173;161;197m▀[0m[38;2;173;161;197m[48;2;173;161;197m▀[0m[38;2;173;161;197m[48;2;173;161;197m▀[0m[38;2;173;161;197m[48;2;124;111;150m▀[0m[38;2;56;47;76m[48;2;56;47;76m▀[0m[38;2;173;161;197m[48;2;124;111;150m▀[0m[38;2;124;111;150m[48;2;124;111;150m▀[0m[38;2;16;16;16m[48;2;124;111;150m▀[0m[38;2;16;16;16m[48;2;124;111;150m▀[0m[38;2;16;16;16m[48;2;56;47;76m▀[0m[38;2;124;111;150m[48;2;56;47;76m▀[0m[38;2;124;111;150m[48;2;56;47;76m▀[0m[38;2;124;111;150m[48;2;56;47;76m▀[0m[38;2;124;111;150m[48;2;56;47;76m▀[0m[38;2;124;111;150m[48;2;124;111;150m▀[0m[38;2;16;16;16m[48;2;124;111;150m▀[0m[38;2;65;59;120m[48;2;16;16;16m▀[0m[38;2;65;59;120m[48;2;65;59;120m▀[0m[38;2;96;81;150m[48;2;56;47;76m▀[0m[38;2;16;16;16m[48;2;96;81;150m▀[0m[38;2;16;16;16m▄
                          [38;2;16;16;16m▀[38;2;96;81;150m[48;2;16;16;16m▀[0m[38;2;96;81;150m[48;2;96;81;150m▀[0m[38;2;96;81;150m[48;2;96;81;150m▀[0m[38;2;96;81;150m[48;2;96;81;150m▀[0m[38;2;96;81;150m[48;2;96;81;150m▀[0m[38;2;56;47;76m[48;2;96;81;150m▀[0m[38;2;65;59;120m[48;2;96;81;150m▀[0m[38;2;16;16;16m[48;2;96;81;150m▀[0m[38;2;16;16;16m[48;2;96;81;150m▀[0m[38;2;96;81;150m[48;2;96;81;150m▀[0m[38;2;96;81;150m[48;2;96;81;150m▀[0m[38;2;16;16;16m[48;2;96;81;150m▀[0m[38;2;16;16;16m[48;2;96;81;150m▀[0m[38;2;124;111;150m[48;2;16;16;16m▀[0m[38;2;124;111;150m[48;2;124;111;150m▀[0m[38;2;16;16;16m[48;2;16;16;16m▀[0m[38;2;96;81;150m[48;2;65;59;120m▀[0m[38;2;65;59;120m[48;2;16;16;16m▀[0m[38;2;16;16;16m[48;2;173;161;197m▀[0m[38;2;173;161;197m[48;2;173;161;197m▀[0m[38;2;173;161;197m[48;2;173;161;197m▀[0m[38;2;173;161;197m[48;2;173;161;197m▀[0m[38;2;173;161;197m[48;2;173;161;197m▀[0m[38;2;173;161;197m[48;2;173;161;197m▀[0m[38;2;173;161;197m[48;2;173;161;197m▀[0m[38;2;173;161;197m[48;2;173;161;197m▀[0m[38;2;173;161;197m[48;2;173;161;197m▀[0m[38;2;173;161;197m[48;2;124;111;150m▀[0m[38;2;173;161;197m[48;2;124;111;150m▀[0m[38;2;124;111;150m[48;2;124;111;150m▀[0m[38;2;124;111;150m[48;2;124;111;150m▀[0m[38;2;124;111;150m[48;2;124;111;150m▀[0m[38;2;124;111;150m[48;2;124;111;150m▀[0m[38;2;124;111;150m[48;2;124;111;150m▀[0m[38;2;56;47;76m[48;2;124;111;150m▀[0m[38;2;124;111;150m[48;2;56;47;76m▀[0m[38;2;56;47;76m[48;2;124;111;150m▀[0m[38;2;56;47;76m[48;2;124;111;150m▀[0m[38;2;124;111;150m[48;2;124;111;150m▀[0m[38;2;124;111;150m[48;2;124;111;150m▀[0m[38;2;124;111;150m[48;2;124;111;150m▀[0m[38;2;124;111;150m[48;2;124;111;150m▀[0m[38;2;124;111;150m[48;2;124;111;150m▀[0m[38;2;56;47;76m[48;2;56;47;76m▀[0m[38;2;56;47;76m[48;2;124;111;150m▀[0m[38;2;56;47;76m[48;2;124;111;150m▀[0m[38;2;16;16;16m[48;2;16;16;16m▀[0m[38;2;65;59;120m[48;2;65;59;120m▀[0m[38;2;96;81;150m[48;2;56;47;76m▀[0m[38;2;16;16;16m[48;2;16;16;16m▀[0m
                 [38;2;128;41;81m▄[38;2;128;41;81m[48;2;242;141;193m▀[0m[38;2;128;41;81m[48;2;242;141;193m▀[0m[38;2;128;41;81m[48;2;242;141;193m▀[0m[38;2;128;41;81m▄     [38;2;16;16;16m▀[38;2;65;59;120m[48;2;16;16;16m▀[0m[38;2;96;81;150m[48;2;65;59;120m▀[0m[38;2;96;81;150m[48;2;65;59;120m▀[0m[38;2;96;81;150m[48;2;128;41;81m▀[0m[38;2;96;81;150m[48;2;128;41;81m▀[0m[38;2;96;81;150m[48;2;128;41;81m▀[0m[38;2;96;81;150m[48;2;96;81;150m▀[0m[38;2;96;81;150m[48;2;96;81;150m▀[0m[38;2;96;81;150m[48;2;96;81;150m▀[0m[38;2;96;81;150m[48;2;96;81;150m▀[0m[38;2;96;81;150m[48;2;96;81;150m▀[0m[38;2;96;81;150m[48;2;56;47;76m▀[0m[38;2;65;59;120m[48;2;65;59;120m▀[0m[38;2;16;16;16m[48;2;16;16;16m▀[0m[38;2;65;59;120m[48;2;65;59;120m▀[0m[38;2;16;16;16m[48;2;16;16;16m▀[0m[38;2;124;111;150m[48;2;173;161;197m▀[0m[38;2;173;161;197m[48;2;173;161;197m▀[0m[38;2;173;161;197m[48;2;173;161;197m▀[0m[38;2;173;161;197m[48;2;173;161;197m▀[0m[38;2;173;161;197m[48;2;173;161;197m▀[0m[38;2;173;161;197m[48;2;173;161;197m▀[0m[38;2;173;161;197m[48;2;173;161;197m▀[0m[38;2;173;161;197m[48;2;173;161;197m▀[0m[38;2;173;161;197m[48;2;124;111;150m▀[0m[38;2;124;111;150m[48;2;124;111;150m▀[0m[38;2;124;111;150m[48;2;124;111;150m▀[0m[38;2;124;111;150m[48;2;124;111;150m▀[0m[38;2;124;111;150m[48;2;124;111;150m▀[0m[38;2;124;111;150m[48;2;124;111;150m▀[0m[38;2;124;111;150m[48;2;56;47;76m▀[0m[38;2;124;111;150m[48;2;56;47;76m▀[0m[38;2;124;111;150m[48;2;56;47;76m▀[0m[38;2;124;111;150m[48;2;56;47;76m▀[0m[38;2;56;47;76m[48;2;124;111;150m▀[0m[38;2;124;111;150m[48;2;124;111;150m▀[0m[38;2;124;111;150m[48;2;124;111;150m▀[0m[38;2;124;111;150m[48;2;124;111;150m▀[0m[38;2;124;111;150m[48;2;124;111;150m▀[0m[38;2;124;111;150m[48;2;124;111;150m▀[0m[38;2;124;111;150m[48;2;124;111;150m▀[0m[38;2;124;111;150m[48;2;124;111;150m▀[0m[38;2;56;47;76m[48;2;56;47;76m▀[0m[38;2;124;111;150m[48;2;124;111;150m▀[0m[38;2;124;111;150m[48;2;124;111;150m▀[0m[38;2;16;16;16m[48;2;124;111;150m▀[0m[38;2;65;59;120m[48;2;16;16;16m▀[0m[38;2;56;47;76m[48;2;65;59;120m▀[0m[38;2;16;16;16m[48;2;16;16;16m▀[0m
                [38;2;128;41;81m▄[38;2;128;41;81m[48;2;242;141;193m▀[0m[38;2;242;141;193m[48;2;242;141;193m▀[0m[38;2;242;141;193m[48;2;242;141;193m▀[0m[38;2;242;141;193m[48;2;242;141;193m▀[0m[38;2;242;141;193m[48;2;242;141;193m▀[0m[38;2;128;41;81m[48;2;128;41;81m▀[0m   [38;2;56;47;76m▄[38;2;56;47;76m[48;2;173;161;197m▀[0m[38;2;16;16;16m[48;2;128;41;81m▀[0m[38;2;128;41;81m[48;2;242;141;193m▀[0m[38;2;128;41;81m[48;2;242;141;193m▀[0m[38;2;242;141;193m[48;2;242;141;193m▀[0m[38;2;242;141;193m[48;2;242;141;193m▀[0m[38;2;242;141;193m[48;2;242;141;193m▀[0m[38;2;128;41;81m[48;2;242;141;193m▀[0m[38;2;96;81;150m[48;2;128;41;81m▀[0m[38;2;96;81;150m[48;2;96;81;150m▀[0m[38;2;96;81;150m[48;2;96;81;150m▀[0m[38;2;96;81;150m[48;2;56;47;76m▀[0m[38;2;56;47;76m[48;2;65;59;120m▀[0m[38;2;16;16;16m[48;2;16;16;16m▀[0m[38;2;65;59;120m[48;2;65;59;120m▀[0m[38;2;16;16;16m[48;2;16;16;16m▀[0m[38;2;173;161;197m[48;2;173;161;197m▀[0m[38;2;173;161;197m[48;2;173;161;197m▀[0m[38;2;173;161;197m[48;2;173;161;197m▀[0m[38;2;173;161;197m[48;2;173;161;197m▀[0m[38;2;173;161;197m[48;2;173;161;197m▀[0m[38;2;173;161;197m[48;2;173;161;197m▀[0m[38;2;173;161;197m[48;2;173;161;197m▀[0m[38;2;173;161;197m[48;2;96;81;150m▀[0m[38;2;96;81;150m[48;2;124;111;150m▀[0m[38;2;124;111;150m[48;2;124;111;150m▀[0m[38;2;124;111;150m[48;2;124;111;150m▀[0m[38;2;124;111;150m[48;2;56;47;76m▀[0m[38;2;56;47;76m[48;2;124;111;150m▀[0m[38;2;56;47;76m[48;2;124;111;150m▀[0m[38;2;56;47;76m[48;2;124;111;150m▀[0m[38;2;124;111;150m[48;2;124;111;150m▀[0m[38;2;124;111;150m[48;2;124;111;150m▀[0m[38;2;124;111;150m[48;2;124;111;150m▀[0m[38;2;124;111;150m[48;2;124;111;150m▀[0m[38;2;124;111;150m[48;2;124;111;150m▀[0m[38;2;124;111;150m[48;2;124;111;150m▀[0m[38;2;124;111;150m[48;2;124;111;150m▀[0m[38;2;124;111;150m[48;2;124;111;150m▀[0m[38;2;124;111;150m[48;2;124;111;150m▀[0m[38;2;124;111;150m[48;2;124;111;150m▀[0m[38;2;124;111;150m[48;2;124;111;150m▀[0m[38;2;56;47;76m[48;2;56;47;76m▀[0m[38;2;124;111;150m[48;2;124;111;150m▀[0m[38;2;124;111;150m[48;2;124;111;150m▀[0m[38;2;124;111;150m[48;2;124;111;150m▀[0m[38;2;124;111;150m[48;2;124;111;150m▀[0m[38;2;16;16;16m[48;2;16;16;16m▀[0m[38;2;65;59;120m[48;2;65;59;120m▀[0m[38;2;16;16;16m[48;2;16;16;16m▀[0m
                [38;2;128;41;81m[48;2;128;41;81m▀[0m[38;2;242;141;193m[48;2;242;141;193m▀[0m[38;2;242;141;193m[48;2;242;141;193m▀[0m[38;2;242;141;193m[48;2;242;141;193m▀[0m[38;2;242;141;193m[48;2;242;141;193m▀[0m[38;2;242;141;193m[48;2;240;225;232m▀[0m[38;2;242;141;193m[48;2;242;141;193m▀[0m[38;2;128;41;81m[48;2;128;41;81m▀[0m[38;2;56;47;76m▄[38;2;56;47;76m[48;2;173;161;197m▀[0m[38;2;173;161;197m[48;2;128;41;81m▀[0m[38;2;128;41;81m[48;2;242;141;193m▀[0m[38;2;242;141;193m[48;2;242;141;193m▀[0m[38;2;242;141;193m[48;2;242;141;193m▀[0m[38;2;242;141;193m[48;2;242;141;193m▀[0m[38;2;242;141;193m[48;2;242;141;193m▀[0m[38;2;242;141;193m[48;2;242;141;193m▀[0m[38;2;242;141;193m[48;2;242;141;193m▀[0m[38;2;242;141;193m[48;2;242;141;193m▀[0m[38;2;128;41;81m[48;2;128;41;81m▀[0m[38;2;96;81;150m[48;2;65;59;120m▀[0m[38;2;96;81;150m[48;2;96;81;150m▀[0m[38;2;56;47;76m[48;2;56;47;76m▀[0m[38;2;65;59;120m[48;2;65;59;120m▀[0m[38;2;16;16;16m[48;2;16;16;16m▀[0m[38;2;65;59;120m[48;2;16;16;16m▀[0m[38;2;16;16;16m[48;2;173;161;197m▀[0m[38;2;173;161;197m[48;2;173;161;197m▀[0m[38;2;173;161;197m[48;2;173;161;197m▀[0m[38;2;173;161;197m[48;2;173;161;197m▀[0m[38;2;173;161;197m[48;2;173;161;197m▀[0m[38;2;173;161;197m[48;2;173;161;197m▀[0m[38;2;173;161;197m[48;2;173;161;197m▀[0m[38;2;173;161;197m[48;2;173;161;197m▀[0m[38;2;96;81;150m[48;2;96;81;150m▀[0m[38;2;124;111;150m[48;2;124;111;150m▀[0m[38;2;124;111;150m[48;2;124;111;150m▀[0m[38;2;124;111;150m[48;2;56;47;76m▀[0m[38;2;56;47;76m[48;2;124;111;150m▀[0m[38;2;124;111;150m[48;2;124;111;150m▀[0m[38;2;124;111;150m[48;2;124;111;150m▀[0m[38;2;124;111;150m[48;2;124;111;150m▀[0m[38;2;124;111;150m[48;2;124;111;150m▀[0m[38;2;124;111;150m[48;2;124;111;150m▀[0m[38;2;124;111;150m[48;2;124;111;150m▀[0m[38;2;124;111;150m[48;2;124;111;150m▀[0m[38;2;124;111;150m[48;2;124;111;150m▀[0m[38;2;124;111;150m[48;2;124;111;150m▀[0m[38;2;124;111;150m[48;2;124;111;150m▀[0m[38;2;124;111;150m[48;2;124;111;150m▀[0m[38;2;124;111;150m[48;2;124;111;150m▀[0m[38;2;124;111;150m[48;2;56;47;76m▀[0m[38;2;56;47;76m[48;2;124;111;150m▀[0m[38;2;124;111;150m[48;2;124;111;150m▀[0m[38;2;124;111;150m[48;2;124;111;150m▀[0m[38;2;124;111;150m[48;2;124;111;150m▀[0m[38;2;124;111;150m[48;2;124;111;150m▀[0m[38;2;124;111;150m[48;2;16;16;16m▀[0m[38;2;16;16;16m[48;2;65;59;120m▀[0m[38;2;65;59;120m[48;2;16;16;16m▀[0m[38;2;16;16;16m▀
                [38;2;122;95;104m[48;2;122;95;104m▀[0m[38;2;240;225;232m[48;2;240;225;232m▀[0m[38;2;242;141;193m[48;2;240;225;232m▀[0m[38;2;242;141;193m[48;2;242;141;193m▀[0m[38;2;240;225;232m[48;2;240;225;232m▀[0m[38;2;240;225;232m[48;2;240;225;232m▀[0m[38;2;240;225;232m[48;2;240;225;232m▀[0m[38;2;128;41;81m[48;2;240;225;232m▀[0m[38;2;124;111;150m[48;2;122;95;104m▀[0m[38;2;128;41;81m[48;2;191;161;166m▀[0m[38;2;242;141;193m[48;2;240;225;232m▀[0m[38;2;240;225;232m[48;2;240;225;232m▀[0m[38;2;242;141;193m[48;2;242;141;193m▀[0m[38;2;242;141;193m[48;2;242;141;193m▀[0m[38;2;242;141;193m[48;2;242;141;193m▀[0m[38;2;242;141;193m[48;2;242;141;193m▀[0m[38;2;242;141;193m[48;2;240;225;232m▀[0m[38;2;242;141;193m[48;2;242;141;193m▀[0m[38;2;242;141;193m[48;2;128;41;81m▀[0m[38;2;128;41;81m[48;2;56;47;76m▀[0m[38;2;65;59;120m[48;2;65;59;120m▀[0m[38;2;65;59;120m[48;2;65;59;120m▀[0m[38;2;56;47;76m[48;2;65;59;120m▀[0m[38;2;65;59;120m[48;2;56;47;76m▀[0m[38;2;65;59;120m[48;2;65;59;120m▀[0m[38;2;16;16;16m[48;2;16;16;16m▀[0m[38;2;173;161;197m[48;2;173;161;197m▀[0m[38;2;173;161;197m[48;2;173;161;197m▀[0m[38;2;173;161;197m[48;2;173;161;197m▀[0m[38;2;173;161;197m[48;2;173;161;197m▀[0m[38;2;173;161;197m[48;2;173;161;197m▀[0m[38;2;173;161;197m[48;2;173;161;197m▀[0m[38;2;173;161;197m[48;2;173;161;197m▀[0m[38;2;96;81;150m[48;2;96;81;150m▀[0m[38;2;124;111;150m[48;2;124;111;150m▀[0m[38;2;124;111;150m[48;2;124;111;150m▀[0m[38;2;124;111;150m[48;2;124;111;150m▀[0m[38;2;56;47;76m[48;2;56;47;76m▀[0m[38;2;124;111;150m[48;2;124;111;150m▀[0m[38;2;124;111;150m[48;2;124;111;150m▀[0m[38;2;124;111;150m[48;2;124;111;150m▀[0m[38;2;124;111;150m[48;2;124;111;150m▀[0m[38;2;124;111;150m[48;2;124;111;150m▀[0m[38;2;124;111;150m[48;2;124;111;150m▀[0m[38;2;124;111;150m[48;2;124;111;150m▀[0m[38;2;124;111;150m[48;2;124;111;150m▀[0m[38;2;124;111;150m[48;2;124;111;150m▀[0m[38;2;124;111;150m[48;2;124;111;150m▀[0m[38;2;124;111;150m[48;2;124;111;150m▀[0m[38;2;124;111;150m[48;2;124;111;150m▀[0m[38;2;56;47;76m[48;2;56;47;76m▀[0m[38;2;124;111;150m[48;2;124;111;150m▀[0m[38;2;124;111;150m[48;2;124;111;150m▀[0m[38;2;124;111;150m[48;2;124;111;150m▀[0m[38;2;124;111;150m[48;2;124;111;150m▀[0m[38;2;124;111;150m[48;2;124;111;150m▀[0m[38;2;124;111;150m[48;2;124;111;150m▀[0m[38;2;16;16;16m[48;2;16;16;16m▀[0m[38;2;65;59;120m[48;2;65;59;120m▀[0m[38;2;16;16;16m[48;2;16;16;16m▀[0m 
             [38;2;16;16;16m▄[38;2;122;95;104m[48;2;240;225;232m▀[0m[38;2;122;95;104m[48;2;240;225;232m▀[0m[38;2;122;95;104m[48;2;240;225;232m▀[0m[38;2;240;225;232m[48;2;191;161;166m▀[0m[38;2;240;225;232m[48;2;240;225;232m▀[0m[38;2;240;225;232m[48;2;240;225;232m▀[0m[38;2;240;225;232m[48;2;240;225;232m▀[0m[38;2;240;225;232m[48;2;240;225;232m▀[0m[38;2;240;225;232m[48;2;240;225;232m▀[0m[38;2;240;225;232m[48;2;240;225;232m▀[0m[38;2;122;95;104m[48;2;191;161;166m▀[0m[38;2;240;225;232m[48;2;240;225;232m▀[0m[38;2;240;225;232m[48;2;240;225;232m▀[0m[38;2;240;225;232m[48;2;240;225;232m▀[0m[38;2;242;141;193m[48;2;240;225;232m▀[0m[38;2;242;141;193m[48;2;240;225;232m▀[0m[38;2;240;225;232m[48;2;240;225;232m▀[0m[38;2;240;225;232m[48;2;240;225;232m▀[0m[38;2;240;225;232m[48;2;240;225;232m▀[0m[38;2;242;141;193m[48;2;128;41;81m▀[0m[38;2;128;41;81m[48;2;65;59;120m▀[0m[38;2;56;47;76m[48;2;16;16;16m▀[0m[38;2;65;59;120m[48;2;65;59;120m▀[0m[38;2;65;59;120m[48;2;65;59;120m▀[0m[38;2;65;59;120m[48;2;65;59;120m▀[0m[38;2;65;59;120m[48;2;65;59;120m▀[0m[38;2;16;16;16m[48;2;16;16;16m▀[0m[38;2;173;161;197m[48;2;173;161;197m▀[0m[38;2;173;161;197m[48;2;173;161;197m▀[0m[38;2;173;161;197m[48;2;173;161;197m▀[0m[38;2;173;161;197m[48;2;173;161;197m▀[0m[38;2;173;161;197m[48;2;173;161;197m▀[0m[38;2;173;161;197m[48;2;173;161;197m▀[0m[38;2;173;161;197m[48;2;173;161;197m▀[0m[38;2;173;161;197m[48;2;96;81;150m▀[0m[38;2;96;81;150m[48;2;124;111;150m▀[0m[38;2;124;111;150m[48;2;124;111;150m▀[0m[38;2;124;111;150m[48;2;124;111;150m▀[0m[38;2;124;111;150m[48;2;124;111;150m▀[0m[38;2;56;47;76m[48;2;56;47;76m▀[0m[38;2;124;111;150m[48;2;124;111;150m▀[0m[38;2;124;111;150m[48;2;124;111;150m▀[0m[38;2;124;111;150m[48;2;124;111;150m▀[0m[38;2;124;111;150m[48;2;124;111;150m▀[0m[38;2;124;111;150m[48;2;124;111;150m▀[0m[38;2;124;111;150m[48;2;124;111;150m▀[0m[38;2;124;111;150m[48;2;124;111;150m▀[0m[38;2;124;111;150m[48;2;124;111;150m▀[0m[38;2;124;111;150m[48;2;124;111;150m▀[0m[38;2;124;111;150m[48;2;124;111;150m▀[0m[38;2;124;111;150m[48;2;124;111;150m▀[0m[38;2;124;111;150m[48;2;124;111;150m▀[0m[38;2;124;111;150m[48;2;124;111;150m▀[0m[38;2;56;47;76m[48;2;124;111;150m▀[0m[38;2;96;81;150m[48;2;96;81;150m▀[0m[38;2;124;111;150m[48;2;56;47;76m▀[0m[38;2;124;111;150m[48;2;124;111;150m▀[0m[38;2;124;111;150m[48;2;124;111;150m▀[0m[38;2;124;111;150m[48;2;16;16;16m▀[0m[38;2;16;16;16m[48;2;65;59;120m▀[0m[38;2;65;59;120m[48;2;16;16;16m▀[0m[38;2;16;16;16m▀ 
             [38;2;16;16;16m[48;2;16;16;16m▀[0m[38;2;240;225;232m[48;2;191;161;166m▀[0m[38;2;240;225;232m[48;2;240;225;232m▀[0m[38;2;240;225;232m[48;2;240;225;232m▀[0m[38;2;191;161;166m[48;2;240;225;232m▀[0m[38;2;240;225;232m[48;2;240;225;232m▀[0m[38;2;240;225;232m[48;2;191;161;166m▀[0m[38;2;240;225;232m[48;2;191;161;166m▀[0m[38;2;240;225;232m[48;2;191;161;166m▀[0m[38;2;240;225;232m[48;2;191;161;166m▀[0m[38;2;240;225;232m[48;2;240;225;232m▀[0m[38;2;240;225;232m[48;2;240;225;232m▀[0m[38;2;240;225;232m[48;2;240;225;232m▀[0m[38;2;240;225;232m[48;2;240;225;232m▀[0m[38;2;240;225;232m[48;2;240;225;232m▀[0m[38;2;240;225;232m[48;2;240;225;232m▀[0m[38;2;240;225;232m[48;2;240;225;232m▀[0m[38;2;240;225;232m[48;2;240;225;232m▀[0m[38;2;240;225;232m[48;2;240;225;232m▀[0m[38;2;242;141;193m[48;2;122;95;104m▀[0m[38;2;122;95;104m[48;2;240;225;232m▀[0m[38;2;122;95;104m[48;2;240;225;232m▀[0m[38;2;122;95;104m▄[38;2;16;16;16m▀[38;2;16;16;16m▀[38;2;65;59;120m[48;2;16;16;16m▀[0m[38;2;65;59;120m[48;2;16;16;16m▀[0m[38;2;16;16;16m[48;2;124;111;150m▀[0m[38;2;173;161;197m[48;2;173;161;197m▀[0m[38;2;173;161;197m[48;2;173;161;197m▀[0m[38;2;173;161;197m[48;2;173;161;197m▀[0m[38;2;173;161;197m[48;2;173;161;197m▀[0m[38;2;173;161;197m[48;2;173;161;197m▀[0m[38;2;173;161;197m[48;2;173;161;197m▀[0m[38;2;173;161;197m[48;2;96;81;150m▀[0m[38;2;96;81;150m[48;2;124;111;150m▀[0m[38;2;124;111;150m[48;2;124;111;150m▀[0m[38;2;124;111;150m[48;2;124;111;150m▀[0m[38;2;124;111;150m[48;2;124;111;150m▀[0m[38;2;124;111;150m[48;2;124;111;150m▀[0m[38;2;56;47;76m[48;2;56;47;76m▀[0m[38;2;124;111;150m[48;2;124;111;150m▀[0m[38;2;124;111;150m[48;2;124;111;150m▀[0m[38;2;124;111;150m[48;2;124;111;150m▀[0m[38;2;124;111;150m[48;2;124;111;150m▀[0m[38;2;124;111;150m[48;2;124;111;150m▀[0m[38;2;124;111;150m[48;2;124;111;150m▀[0m[38;2;124;111;150m[48;2;124;111;150m▀[0m[38;2;124;111;150m[48;2;124;111;150m▀[0m[38;2;124;111;150m[48;2;124;111;150m▀[0m[38;2;124;111;150m[48;2;124;111;150m▀[0m[38;2;124;111;150m[48;2;124;111;150m▀[0m[38;2;124;111;150m[48;2;124;111;150m▀[0m[38;2;124;111;150m[48;2;124;111;150m▀[0m[38;2;124;111;150m[48;2;124;111;150m▀[0m[38;2;124;111;150m[48;2;124;111;150m▀[0m[38;2;124;111;150m[48;2;124;111;150m▀[0m[38;2;56;47;76m[48;2;56;47;76m▀[0m[38;2;124;111;150m[48;2;124;111;150m▀[0m[38;2;16;16;16m[48;2;16;16;16m▀[0m[38;2;65;59;120m[48;2;65;59;120m▀[0m[38;2;16;16;16m[48;2;16;16;16m▀[0m  
              [38;2;16;16;16m[48;2;122;95;104m▀[0m[38;2;191;161;166m[48;2;122;95;104m▀[0m[38;2;122;95;104m[48;2;240;225;232m▀[0m[38;2;122;95;104m[48;2;240;225;232m▀[0m[38;2;122;95;104m[48;2;240;225;232m▀[0m[38;2;240;225;232m[48;2;240;225;232m▀[0m[38;2;240;225;232m[48;2;240;225;232m▀[0m[38;2;240;225;232m[48;2;240;225;232m▀[0m[38;2;240;225;232m[48;2;240;225;232m▀[0m[38;2;240;225;232m[48;2;240;225;232m▀[0m[38;2;240;225;232m[48;2;240;225;232m▀[0m[38;2;240;225;232m[48;2;240;225;232m▀[0m[38;2;240;225;232m[48;2;240;225;232m▀[0m[38;2;191;161;166m[48;2;240;225;232m▀[0m[38;2;191;161;166m[48;2;240;225;232m▀[0m[38;2;240;225;232m[48;2;122;95;104m▀[0m[38;2;240;225;232m[48;2;122;95;104m▀[0m[38;2;240;225;232m[48;2;191;161;166m▀[0m[38;2;240;225;232m[48;2;240;225;232m▀[0m[38;2;240;225;232m[48;2;240;225;232m▀[0m[38;2;240;225;232m[48;2;240;225;232m▀[0m[38;2;240;225;232m[48;2;191;161;166m▀[0m[38;2;122;95;104m[48;2;16;16;16m▀[0m  [38;2;16;16;16m[48;2;16;16;16m▀[0m[38;2;173;161;197m[48;2;124;111;150m▀[0m[38;2;124;111;150m[48;2;173;161;197m▀[0m[38;2;173;161;197m[48;2;124;111;150m▀[0m[38;2;173;161;197m[48;2;173;161;197m▀[0m[38;2;173;161;197m[48;2;173;161;197m▀[0m[38;2;173;161;197m[48;2;173;161;197m▀[0m[38;2;173;161;197m[48;2;173;161;197m▀[0m[38;2;96;81;150m[48;2;96;81;150m▀[0m[38;2;124;111;150m[48;2;124;111;150m▀[0m[38;2;124;111;150m[48;2;124;111;150m▀[0m[38;2;124;111;150m[48;2;124;111;150m▀[0m[38;2;124;111;150m[48;2;124;111;150m▀[0m[38;2;56;47;76m[48;2;56;47;76m▀[0m[38;2;124;111;150m[48;2;124;111;150m▀[0m[38;2;124;111;150m[48;2;124;111;150m▀[0m[38;2;124;111;150m[48;2;124;111;150m▀[0m[38;2;124;111;150m[48;2;124;111;150m▀[0m[38;2;124;111;150m[48;2;124;111;150m▀[0m[38;2;124;111;150m[48;2;124;111;150m▀[0m[38;2;124;111;150m[48;2;124;111;150m▀[0m[38;2;124;111;150m[48;2;124;111;150m▀[0m[38;2;124;111;150m[48;2;124;111;150m▀[0m[38;2;124;111;150m[48;2;124;111;150m▀[0m[38;2;124;111;150m[48;2;124;111;150m▀[0m[38;2;124;111;150m[48;2;124;111;150m▀[0m[38;2;124;111;150m[48;2;124;111;150m▀[0m[38;2;124;111;150m[48;2;124;111;150m▀[0m[38;2;124;111;150m[48;2;124;111;150m▀[0m[38;2;124;111;150m[48;2;124;111;150m▀[0m[38;2;124;111;150m[48;2;56;47;76m▀[0m[38;2;56;47;76m[48;2;124;111;150m▀[0m[38;2;124;111;150m[48;2;16;16;16m▀[0m[38;2;16;16;16m[48;2;65;59;120m▀[0m[38;2;65;59;120m[48;2;16;16;16m▀[0m[38;2;16;16;16m▀  
            [38;2;122;95;104m▄[38;2;122;95;104m[48;2;240;225;232m▀[0m[38;2;240;225;232m[48;2;242;141;193m▀[0m[38;2;240;225;232m[48;2;240;225;232m▀[0m[38;2;240;225;232m[48;2;240;225;232m▀[0m[38;2;240;225;232m[48;2;240;225;232m▀[0m[38;2;240;225;232m[48;2;240;225;232m▀[0m[38;2;240;225;232m[48;2;240;225;232m▀[0m[38;2;240;225;232m[48;2;242;141;193m▀[0m[38;2;240;225;232m[48;2;240;225;232m▀[0m[38;2;240;225;232m[48;2;240;225;232m▀[0m[38;2;240;225;232m[48;2;240;225;232m▀[0m[38;2;240;225;232m[48;2;240;225;232m▀[0m[38;2;240;225;232m[48;2;240;225;232m▀[0m[38;2;240;225;232m[48;2;240;225;232m▀[0m[38;2;240;225;232m[48;2;242;141;193m▀[0m[38;2;240;225;232m[48;2;240;225;232m▀[0m[38;2;240;225;232m[48;2;240;225;232m▀[0m[38;2;240;225;232m[48;2;240;225;232m▀[0m[38;2;122;95;104m[48;2;240;225;232m▀[0m[38;2;122;95;104m[48;2;240;225;232m▀[0m[38;2;191;161;166m[48;2;122;95;104m▀[0m[38;2;191;161;166m[48;2;16;16;16m▀[0m[38;2;16;16;16m▀   [38;2;16;16;16m[48;2;16;16;16m▀[0m[38;2;173;161;197m[48;2;124;111;150m▀[0m[38;2;124;111;150m[48;2;124;111;150m▀[0m[38;2;173;161;197m[48;2;124;111;150m▀[0m[38;2;124;111;150m[48;2;124;111;150m▀[0m[38;2;173;161;197m[48;2;124;111;150m▀[0m[38;2;173;161;197m[48;2;124;111;150m▀[0m[38;2;124;111;150m[48;2;124;111;150m▀[0m[38;2;96;81;150m[48;2;124;111;150m▀[0m[38;2;124;111;150m[48;2;124;111;150m▀[0m[38;2;124;111;150m[48;2;124;111;150m▀[0m[38;2;124;111;150m[48;2;124;111;150m▀[0m[38;2;124;111;150m[48;2;56;47;76m▀[0m[38;2;56;47;76m[48;2;124;111;150m▀[0m[38;2;124;111;150m[48;2;124;111;150m▀[0m[38;2;124;111;150m[48;2;124;111;150m▀[0m[38;2;124;111;150m[48;2;124;111;150m▀[0m[38;2;124;111;150m[48;2;124;111;150m▀[0m[38;2;124;111;150m[48;2;124;111;150m▀[0m[38;2;124;111;150m[48;2;124;111;150m▀[0m[38;2;124;111;150m[48;2;124;111;150m▀[0m[38;2;124;111;150m[48;2;124;111;150m▀[0m[38;2;124;111;150m[48;2;124;111;150m▀[0m[38;2;124;111;150m[48;2;124;111;150m▀[0m[38;2;124;111;150m[48;2;124;111;150m▀[0m[38;2;124;111;150m[48;2;56;47;76m▀[0m[38;2;124;111;150m[48;2;56;47;76m▀[0m[38;2;56;47;76m[48;2;124;111;150m▀[0m[38;2;56;47;76m[48;2;124;111;150m▀[0m[38;2;56;47;76m[48;2;124;111;150m▀[0m[38;2;124;111;150m[48;2;124;111;150m▀[0m[38;2;124;111;150m[48;2;16;16;16m▀[0m[38;2;16;16;16m[48;2;65;59;120m▀[0m[38;2;65;59;120m[48;2;16;16;16m▀[0m[38;2;16;16;16m▀   
          [38;2;122;95;104m▄[38;2;122;95;104m[48;2;240;225;232m▀[0m[38;2;240;225;232m[48;2;240;225;232m▀[0m[38;2;242;141;193m[48;2;242;141;193m▀[0m[38;2;242;141;193m[48;2;186;73;112m▀[0m[38;2;242;141;193m[48;2;242;141;193m▀[0m[38;2;240;225;232m[48;2;242;141;193m▀[0m[38;2;240;225;232m[48;2;240;225;232m▀[0m[38;2;240;225;232m[48;2;242;141;193m▀[0m[38;2;242;141;193m[48;2;242;141;193m▀[0m[38;2;242;141;193m[48;2;242;141;193m▀[0m[38;2;242;141;193m[48;2;242;141;193m▀[0m[38;2;240;225;232m[48;2;240;225;232m▀[0m[38;2;240;225;232m[48;2;242;141;193m▀[0m[38;2;240;225;232m[48;2;242;141;193m▀[0m[38;2;242;141;193m[48;2;242;141;193m▀[0m[38;2;242;141;193m[48;2;242;141;193m▀[0m[38;2;242;141;193m[48;2;186;73;112m▀[0m[38;2;242;141;193m[48;2;242;141;193m▀[0m[38;2;240;225;232m[48;2;240;225;232m▀[0m[38;2;240;225;232m[48;2;240;225;232m▀[0m[38;2;240;225;232m[48;2;240;225;232m▀[0m[38;2;240;225;232m[48;2;240;225;232m▀[0m[38;2;240;225;232m[48;2;240;225;232m▀[0m[38;2;122;95;104m[48;2;240;225;232m▀[0m[38;2;122;95;104m▄    [38;2;16;16;16m[48;2;16;16;16m▀[0m[38;2;124;111;150m[48;2;124;111;150m▀[0m[38;2;124;111;150m[48;2;124;111;150m▀[0m[38;2;124;111;150m[48;2;124;111;150m▀[0m[38;2;124;111;150m[48;2;124;111;150m▀[0m[38;2;124;111;150m[48;2;124;111;150m▀[0m[38;2;124;111;150m[48;2;124;111;150m▀[0m[38;2;124;111;150m[48;2;124;111;150m▀[0m[38;2;124;111;150m[48;2;124;111;150m▀[0m[38;2;124;111;150m[48;2;96;81;150m▀[0m[38;2;96;81;150m[48;2;56;47;76m▀[0m[38;2;96;81;150m[48;2;124;111;150m▀[0m[38;2;124;111;150m[48;2;124;111;150m▀[0m[38;2;124;111;150m[48;2;124;111;150m▀[0m[38;2;124;111;150m[48;2;124;111;150m▀[0m[38;2;124;111;150m[48;2;124;111;150m▀[0m[38;2;124;111;150m[48;2;124;111;150m▀[0m[38;2;124;111;150m[48;2;124;111;150m▀[0m[38;2;124;111;150m[48;2;124;111;150m▀[0m[38;2;124;111;150m[48;2;124;111;150m▀[0m[38;2;124;111;150m[48;2;124;111;150m▀[0m[38;2;124;111;150m[48;2;124;111;150m▀[0m[38;2;124;111;150m[48;2;56;47;76m▀[0m[38;2;56;47;76m[48;2;65;59;120m▀[0m[38;2;65;59;120m[48;2;65;59;120m▀[0m[38;2;56;47;76m[48;2;65;59;120m▀[0m[38;2;124;111;150m[48;2;56;47;76m▀[0m[38;2;124;111;150m[48;2;124;111;150m▀[0m[38;2;124;111;150m[48;2;16;16;16m▀[0m[38;2;16;16;16m[48;2;65;59;120m▀[0m[38;2;65;59;120m[48;2;16;16;16m▀[0m[38;2;16;16;16m▀     
        [38;2;122;95;104m▄[38;2;122;95;104m[48;2;240;225;232m▀[0m[38;2;240;225;232m[48;2;240;225;232m▀[0m[38;2;240;225;232m[48;2;240;225;232m▀[0m[38;2;242;141;193m[48;2;242;141;193m▀[0m[38;2;242;141;193m[48;2;128;41;81m▀[0m[38;2;186;73;112m[48;2;242;102;170m▀[0m[38;2;242;141;193m[48;2;186;73;112m▀[0m[38;2;242;141;193m[48;2;242;141;193m▀[0m[38;2;242;141;193m[48;2;242;141;193m▀[0m[38;2;242;141;193m[48;2;186;73;112m▀[0m[38;2;186;73;112m[48;2;242;102;170m▀[0m[38;2;242;141;193m[48;2;186;73;112m▀[0m[38;2;242;141;193m[48;2;242;141;193m▀[0m[38;2;242;141;193m[48;2;242;141;193m▀[0m[38;2;242;141;193m[48;2;242;141;193m▀[0m[38;2;242;141;193m[48;2;186;73;112m▀[0m[38;2;242;141;193m[48;2;186;73;112m▀[0m[38;2;186;73;112m[48;2;242;102;170m▀[0m[38;2;128;41;81m[48;2;128;41;81m▀[0m[38;2;242;141;193m[48;2;242;141;193m▀[0m[38;2;240;225;232m[48;2;240;225;232m▀[0m[38;2;240;225;232m[48;2;240;225;232m▀[0m[38;2;240;225;232m[48;2;240;225;232m▀[0m[38;2;240;225;232m[48;2;240;225;232m▀[0m[38;2;240;225;232m[48;2;240;225;232m▀[0m[38;2;240;225;232m[48;2;240;225;232m▀[0m[38;2;240;225;232m[48;2;240;225;232m▀[0m[38;2;122;95;104m[48;2;240;225;232m▀[0m[38;2;122;95;104m▄   [38;2;16;16;16m▀[38;2;124;111;150m[48;2;16;16;16m▀[0m[38;2;124;111;150m[48;2;124;111;150m▀[0m[38;2;124;111;150m[48;2;124;111;150m▀[0m[38;2;124;111;150m[48;2;124;111;150m▀[0m[38;2;124;111;150m[48;2;124;111;150m▀[0m[38;2;124;111;150m[48;2;124;111;150m▀[0m[38;2;124;111;150m[48;2;56;47;76m▀[0m[38;2;56;47;76m[48;2;124;111;150m▀[0m[38;2;124;111;150m[48;2;124;111;150m▀[0m[38;2;124;111;150m[48;2;124;111;150m▀[0m[38;2;124;111;150m[48;2;124;111;150m▀[0m[38;2;124;111;150m[48;2;124;111;150m▀[0m[38;2;124;111;150m[48;2;124;111;150m▀[0m[38;2;124;111;150m[48;2;124;111;150m▀[0m[38;2;124;111;150m[48;2;124;111;150m▀[0m[38;2;124;111;150m[48;2;124;111;150m▀[0m[38;2;124;111;150m[48;2;124;111;150m▀[0m[38;2;124;111;150m[48;2;124;111;150m▀[0m[38;2;124;111;150m[48;2;124;111;150m▀[0m[38;2;124;111;150m[48;2;56;47;76m▀[0m[38;2;56;47;76m[48;2;65;59;120m▀[0m[38;2;65;59;120m[48;2;65;59;120m▀[0m[38;2;65;59;120m[48;2;65;59;120m▀[0m[38;2;65;59;120m[48;2;65;59;120m▀[0m[38;2;56;47;76m[48;2;16;16;16m▀[0m[38;2;16;16;16m[48;2;65;59;120m▀[0m[38;2;65;59;120m[48;2;16;16;16m▀[0m[38;2;16;16;16m▀       
       [38;2;122;95;104m▄[38;2;122;95;104m[48;2;240;225;232m▀[0m[38;2;240;225;232m[48;2;240;225;232m▀[0m[38;2;240;225;232m[48;2;240;225;232m▀[0m[38;2;240;225;232m[48;2;242;141;193m▀[0m[38;2;242;141;193m[48;2;128;41;81m▀[0m[38;2;128;41;81m[48;2;16;16;16m▀[0m[38;2;242;102;170m[48;2;16;16;16m▀[0m[38;2;240;225;232m[48;2;240;225;232m▀[0m[38;2;186;73;112m[48;2;186;73;112m▀[0m[38;2;186;73;112m[48;2;242;102;170m▀[0m[38;2;242;102;170m[48;2;242;102;170m▀[0m[38;2;242;102;170m[48;2;242;102;170m▀[0m[38;2;242;102;170m[48;2;242;102;170m▀[0m[38;2;186;73;112m[48;2;242;102;170m▀[0m[38;2;186;73;112m[48;2;186;73;112m▀[0m[38;2;240;225;232m[48;2;240;225;232m▀[0m[38;2;186;73;112m[48;2;240;225;232m▀[0m[38;2;242;102;170m[48;2;16;16;16m▀[0m[38;2;242;102;170m[48;2;16;16;16m▀[0m[38;2;128;41;81m[48;2;128;41;81m▀[0m[38;2;242;141;193m[48;2;242;141;193m▀[0m[38;2;240;225;232m[48;2;240;225;232m▀[0m[38;2;240;225;232m[48;2;240;225;232m▀[0m[38;2;240;225;232m[48;2;240;225;232m▀[0m[38;2;240;225;232m[48;2;240;225;232m▀[0m[38;2;240;225;232m[48;2;240;225;232m▀[0m[38;2;240;225;232m[48;2;240;225;232m▀[0m[38;2;240;225;232m[48;2;240;225;232m▀[0m[38;2;240;225;232m[48;2;240;225;232m▀[0m[38;2;240;225;232m[48;2;240;225;232m▀[0m[38;2;122;95;104m[48;2;191;161;166m▀[0m[38;2;122;95;104m▄   [38;2;16;16;16m[48;2;16;16;16m▀[0m[38;2;124;111;150m[48;2;124;111;150m▀[0m[38;2;124;111;150m[48;2;124;111;150m▀[0m[38;2;124;111;150m[48;2;124;111;150m▀[0m[38;2;124;111;150m[48;2;124;111;150m▀[0m[38;2;56;47;76m[48;2;124;111;150m▀[0m[38;2;124;111;150m[48;2;56;47;76m▀[0m[38;2;124;111;150m[48;2;124;111;150m▀[0m[38;2;124;111;150m[48;2;124;111;150m▀[0m[38;2;124;111;150m[48;2;124;111;150m▀[0m[38;2;124;111;150m[48;2;56;47;76m▀[0m[38;2;124;111;150m[48;2;56;47;76m▀[0m[38;2;124;111;150m[48;2;56;47;76m▀[0m[38;2;124;111;150m[48;2;124;111;150m▀[0m[38;2;124;111;150m[48;2;124;111;150m▀[0m[38;2;124;111;150m[48;2;56;47;76m▀[0m[38;2;124;111;150m[48;2;56;47;76m▀[0m[38;2;56;47;76m[48;2;65;59;120m▀[0m[38;2;65;59;120m[48;2;65;59;120m▀[0m[38;2;65;59;120m[48;2;65;59;120m▀[0m[38;2;65;59;120m[48;2;65;59;120m▀[0m[38;2;65;59;120m[48;2;65;59;120m▀[0m[38;2;65;59;120m[48;2;16;16;16m▀[0m[38;2;16;16;16m[48;2;65;59;120m▀[0m[38;2;65;59;120m[48;2;16;16;16m▀[0m[38;2;16;16;16m▀        
      [38;2;122;95;104m▄[38;2;122;95;104m[48;2;240;225;232m▀[0m[38;2;240;225;232m[48;2;240;225;232m▀[0m[38;2;240;225;232m[48;2;240;225;232m▀[0m[38;2;240;225;232m[48;2;240;225;232m▀[0m[38;2;242;141;193m[48;2;242;141;193m▀[0m[38;2;128;41;81m[48;2;128;41;81m▀[0m[38;2;242;102;170m[48;2;242;102;170m▀[0m[38;2;186;73;112m[48;2;186;73;112m▀[0m[38;2;121;108;151m[48;2;242;141;193m▀[0m[38;2;186;73;112m[48;2;186;73;112m▀[0m[38;2;242;102;170m[48;2;242;102;170m▀[0m[38;2;242;102;170m[48;2;242;102;170m▀[0m[38;2;242;102;170m[48;2;242;102;170m▀[0m[38;2;242;102;170m[48;2;242;102;170m▀[0m[38;2;242;102;170m[48;2;242;102;170m▀[0m[38;2;186;73;112m[48;2;186;73;112m▀[0m[38;2;121;108;151m[48;2;121;108;151m▀[0m[38;2;121;108;151m[48;2;242;141;193m▀[0m[38;2;186;73;112m[48;2;186;73;112m▀[0m[38;2;242;102;170m[48;2;242;102;170m▀[0m[38;2;128;41;81m[48;2;128;41;81m▀[0m[38;2;242;141;193m[48;2;242;141;193m▀[0m[38;2;242;141;193m[48;2;242;141;193m▀[0m[38;2;240;225;232m[48;2;240;225;232m▀[0m[38;2;240;225;232m[48;2;240;225;232m▀[0m[38;2;240;225;232m[48;2;240;225;232m▀[0m[38;2;240;225;232m[48;2;240;225;232m▀[0m[38;2;240;225;232m[48;2;240;225;232m▀[0m[38;2;240;225;232m[48;2;240;225;232m▀[0m[38;2;240;225;232m[48;2;240;225;232m▀[0m[38;2;240;225;232m[48;2;240;225;232m▀[0m[38;2;240;225;232m[48;2;240;225;232m▀[0m[38;2;122;95;104m[48;2;240;225;232m▀[0m[38;2;122;95;104m▄   [38;2;16;16;16m▀[38;2;124;111;150m[48;2;16;16;16m▀[0m[38;2;124;111;150m[48;2;124;111;150m▀[0m[38;2;124;111;150m[48;2;124;111;150m▀[0m[38;2;124;111;150m[48;2;124;111;150m▀[0m[38;2;124;111;150m[48;2;124;111;150m▀[0m[38;2;56;47;76m[48;2;124;111;150m▀[0m[38;2;56;47;76m[48;2;124;111;150m▀[0m[38;2;56;47;76m[48;2;124;111;150m▀[0m[38;2;124;111;150m[48;2;124;111;150m▀[0m[38;2;124;111;150m[48;2;124;111;150m▀[0m[38;2;124;111;150m[48;2;124;111;150m▀[0m[38;2;56;47;76m[48;2;56;47;76m▀[0m[38;2;56;47;76m[48;2;65;59;120m▀[0m[38;2;65;59;120m[48;2;65;59;120m▀[0m[38;2;65;59;120m[48;2;65;59;120m▀[0m[38;2;65;59;120m[48;2;65;59;120m▀[0m[38;2;65;59;120m[48;2;65;59;120m▀[0m[38;2;65;59;120m[48;2;56;47;76m▀[0m[38;2;65;59;120m[48;2;16;16;16m▀[0m[38;2;16;16;16m[48;2;65;59;120m▀[0m[38;2;65;59;120m[48;2;16;16;16m▀[0m[38;2;16;16;16m▀          
      [38;2;122;95;104m[48;2;122;95;104m▀[0m[38;2;240;225;232m[48;2;240;225;232m▀[0m[38;2;240;225;232m[48;2;240;225;232m▀[0m[38;2;240;225;232m[48;2;240;225;232m▀[0m[38;2;240;225;232m[48;2;242;141;193m▀[0m[38;2;242;141;193m[48;2;242;141;193m▀[0m[38;2;128;41;81m[48;2;242;141;193m▀[0m[38;2;242;102;170m[48;2;128;41;81m▀[0m[38;2;242;102;170m[48;2;242;102;170m▀[0m[38;2;186;73;112m[48;2;242;102;170m▀[0m[38;2;186;73;112m[48;2;242;102;170m▀[0m[38;2;242;102;170m[48;2;242;102;170m▀[0m[38;2;242;102;170m[48;2;242;102;170m▀[0m[38;2;242;102;170m[48;2;242;102;170m▀[0m[38;2;242;102;170m[48;2;242;102;170m▀[0m[38;2;242;102;170m[48;2;242;102;170m▀[0m[38;2;186;73;112m[48;2;242;102;170m▀[0m[38;2;186;73;112m[48;2;242;102;170m▀[0m[38;2;186;73;112m[48;2;242;102;170m▀[0m[38;2;242;102;170m[48;2;242;102;170m▀[0m[38;2;242;102;170m[48;2;186;73;112m▀[0m[38;2;128;41;81m[48;2;186;73;112m▀[0m[38;2;242;141;193m[48;2;128;41;81m▀[0m[38;2;242;141;193m[48;2;242;141;193m▀[0m[38;2;240;225;232m[48;2;240;225;232m▀[0m[38;2;240;225;232m[48;2;240;225;232m▀[0m[38;2;240;225;232m[48;2;240;225;232m▀[0m[38;2;240;225;232m[48;2;242;141;193m▀[0m[38;2;240;225;232m[48;2;240;225;232m▀[0m[38;2;240;225;232m[48;2;240;225;232m▀[0m[38;2;240;225;232m[48;2;240;225;232m▀[0m[38;2;240;225;232m[48;2;240;225;232m▀[0m[38;2;240;225;232m[48;2;242;141;193m▀[0m[38;2;240;225;232m[48;2;240;225;232m▀[0m[38;2;191;161;166m[48;2;240;225;232m▀[0m[38;2;122;95;104m[48;2;122;95;104m▀[0m    [38;2;16;16;16m▀[38;2;124;111;150m[48;2;16;16;16m▀[0m[38;2;124;111;150m[48;2;16;16;16m▀[0m[38;2;124;111;150m[48;2;124;111;150m▀[0m[38;2;124;111;150m[48;2;124;111;150m▀[0m[38;2;124;111;150m[48;2;124;111;150m▀[0m[38;2;124;111;150m[48;2;124;111;150m▀[0m[38;2;124;111;150m[48;2;124;111;150m▀[0m[38;2;124;111;150m[48;2;124;111;150m▀[0m[38;2;124;111;150m[48;2;124;111;150m▀[0m[38;2;56;47;76m[48;2;124;111;150m▀[0m[38;2;65;59;120m[48;2;56;47;76m▀[0m[38;2;65;59;120m[48;2;56;47;76m▀[0m[38;2;65;59;120m[48;2;65;59;120m▀[0m[38;2;56;47;76m[48;2;65;59;120m▀[0m[38;2;16;16;16m[48;2;65;59;120m▀[0m[38;2;65;59;120m[48;2;16;16;16m▀[0m[38;2;65;59;120m[48;2;16;16;16m▀[0m[38;2;16;16;16m▀            
      [38;2;122;95;104m[48;2;122;95;104m▀[0m[38;2;240;225;232m[48;2;122;95;104m▀[0m[38;2;122;95;104m[48;2;240;225;232m▀[0m[38;2;122;95;104m[48;2;240;225;232m▀[0m[38;2;122;95;104m[48;2;240;225;232m▀[0m[38;2;242;141;193m[48;2;16;16;16m▀[0m[38;2;242;141;193m[48;2;56;47;76m▀[0m[38;2;16;16;16m[48;2;56;47;76m▀[0m[38;2;186;73;112m[48;2;16;16;16m▀[0m[38;2;128;41;81m[48;2;186;73;112m▀[0m[38;2;242;102;170m[48;2;16;16;16m▀[0m[38;2;242;102;170m[48;2;16;16;16m▀[0m[38;2;16;16;16m[48;2;186;73;112m▀[0m[38;2;16;16;16m[48;2;186;73;112m▀[0m[38;2;242;102;170m[48;2;16;16;16m▀[0m[38;2;242;102;170m[48;2;16;16;16m▀[0m[38;2;128;41;81m[48;2;186;73;112m▀[0m[38;2;128;41;81m[48;2;186;73;112m▀[0m[38;2;128;41;81m[48;2;186;73;112m▀[0m[38;2;186;73;112m[48;2;186;73;112m▀[0m[38;2;186;73;112m[48;2;186;73;112m▀[0m[38;2;186;73;112m[48;2;186;73;112m▀[0m[38;2;128;41;81m[48;2;128;41;81m▀[0m[38;2;242;141;193m[48;2;242;141;193m▀[0m[38;2;242;141;193m[48;2;242;141;193m▀[0m[38;2;240;225;232m[48;2;240;225;232m▀[0m[38;2;240;225;232m[48;2;242;141;193m▀[0m[38;2;242;141;193m[48;2;242;141;193m▀[0m[38;2;242;141;193m[48;2;242;141;193m▀[0m[38;2;240;225;232m[48;2;240;225;232m▀[0m[38;2;240;225;232m[48;2;240;225;232m▀[0m[38;2;240;225;232m[48;2;242;141;193m▀[0m[38;2;242;141;193m[48;2;242;141;193m▀[0m[38;2;240;225;232m[48;2;242;141;193m▀[0m[38;2;240;225;232m[48;2;240;225;232m▀[0m[38;2;242;141;193m[48;2;242;141;193m▀[0m[38;2;128;41;81m[48;2;128;41;81m▀[0m      [38;2;16;16;16m▀[38;2;16;16;16m▀[38;2;16;16;16m▀[38;2;16;16;16m▀[38;2;124;111;150m[48;2;16;16;16m▀[0m[38;2;124;111;150m[48;2;16;16;16m▀[0m[38;2;124;111;150m[48;2;16;16;16m▀[0m[38;2;124;111;150m[48;2;16;16;16m▀[0m[38;2;124;111;150m[48;2;16;16;16m▀[0m[38;2;124;111;150m[48;2;16;16;16m▀[0m[38;2;16;16;16m▀[38;2;16;16;16m▀[38;2;16;16;16m▀               
    [38;2;122;95;104m▄[38;2;122;95;104m[48;2;240;225;232m▀[0m[38;2;240;225;232m[48;2;240;225;232m▀[0m[38;2;240;225;232m[48;2;240;225;232m▀[0m[38;2;240;225;232m[48;2;122;95;104m▀[0m[38;2;240;225;232m[48;2;122;95;104m▀[0m[38;2;240;225;232m[48;2;191;161;166m▀[0m[38;2;240;225;232m[48;2;240;225;232m▀[0m[38;2;16;16;16m[48;2;16;16;16m▀[0m[38;2;124;111;150m[48;2;173;161;197m▀[0m[38;2;124;111;150m[48;2;124;111;150m▀[0m[38;2;16;16;16m[48;2;124;111;150m▀[0m[38;2;186;73;112m[48;2;16;16;16m▀[0m[38;2;186;73;112m[48;2;16;16;16m▀[0m[38;2;186;73;112m[48;2;186;73;112m▀[0m[38;2;186;73;112m[48;2;186;73;112m▀[0m[38;2;186;73;112m[48;2;186;73;112m▀[0m[38;2;186;73;112m[48;2;186;73;112m▀[0m[38;2;186;73;112m[48;2;186;73;112m▀[0m[38;2;186;73;112m[48;2;186;73;112m▀[0m[38;2;186;73;112m[48;2;186;73;112m▀[0m[38;2;186;73;112m[48;2;16;16;16m▀[0m[38;2;186;73;112m[48;2;16;16;16m▀[0m[38;2;16;16;16m[48;2;191;161;166m▀[0m[38;2;128;41;81m[48;2;128;41;81m▀[0m[38;2;242;141;193m[48;2;242;141;193m▀[0m[38;2;242;141;193m[48;2;242;141;193m▀[0m[38;2;240;225;232m[48;2;242;141;193m▀[0m[38;2;242;141;193m[48;2;242;141;193m▀[0m[38;2;242;141;193m[48;2;242;141;193m▀[0m[38;2;242;141;193m[48;2;242;141;193m▀[0m[38;2;242;141;193m[48;2;242;141;193m▀[0m[38;2;240;225;232m[48;2;242;141;193m▀[0m[38;2;242;141;193m[48;2;242;141;193m▀[0m[38;2;242;141;193m[48;2;242;141;193m▀[0m[38;2;242;141;193m[48;2;242;141;193m▀[0m[38;2;242;141;193m[48;2;242;141;193m▀[0m[38;2;242;141;193m[48;2;242;141;193m▀[0m[38;2;242;141;193m[48;2;242;141;193m▀[0m[38;2;128;41;81m[48;2;128;41;81m▀[0m                                 
   [38;2;122;95;104m[48;2;122;95;104m▀[0m[38;2;240;225;232m[48;2;240;225;232m▀[0m[38;2;240;225;232m[48;2;240;225;232m▀[0m[38;2;240;225;232m[48;2;122;95;104m▀[0m[38;2;240;225;232m[48;2;122;95;104m▀[0m[38;2;240;225;232m[48;2;191;161;166m▀[0m[38;2;240;225;232m[48;2;240;225;232m▀[0m[38;2;16;16;16m[48;2;16;16;16m▀[0m[38;2;16;16;16m[48;2;65;59;120m▀[0m[38;2;173;161;197m[48;2;56;47;76m▀[0m[38;2;173;161;197m[48;2;124;111;150m▀[0m[38;2;124;111;150m[48;2;124;111;150m▀[0m[38;2;124;111;150m[48;2;124;111;150m▀[0m[38;2;124;111;150m[48;2;16;16;16m▀[0m[38;2;56;47;76m[48;2;122;95;104m▀[0m[38;2;16;16;16m[48;2;128;41;81m▀[0m[38;2;16;16;16m[48;2;186;73;112m▀[0m[38;2;128;41;81m[48;2;186;73;112m▀[0m[38;2;128;41;81m[48;2;186;73;112m▀[0m[38;2;186;73;112m[48;2;186;73;112m▀[0m[38;2;16;16;16m[48;2;186;73;112m▀[0m[38;2;16;16;16m[48;2;122;95;104m▀[0m[38;2;191;161;166m[48;2;122;95;104m▀[0m[38;2;191;161;166m[48;2;191;161;166m▀[0m[38;2;191;161;166m[48;2;191;161;166m▀[0m[38;2;191;161;166m[48;2;191;161;166m▀[0m[38;2;242;141;193m[48;2;242;141;193m▀[0m[38;2;242;141;193m[48;2;242;141;193m▀[0m[38;2;242;141;193m[48;2;242;141;193m▀[0m[38;2;242;141;193m[48;2;242;141;193m▀[0m[38;2;242;141;193m[48;2;242;141;193m▀[0m[38;2;240;225;232m[48;2;240;225;232m▀[0m[38;2;242;141;193m[48;2;240;225;232m▀[0m[38;2;242;141;193m[48;2;242;141;193m▀[0m[38;2;242;141;193m[48;2;242;141;193m▀[0m[38;2;242;141;193m[48;2;242;141;193m▀[0m[38;2;240;225;232m[48;2;240;225;232m▀[0m[38;2;242;141;193m[48;2;240;225;232m▀[0m[38;2;242;141;193m[48;2;242;141;193m▀[0m[38;2;242;141;193m[48;2;240;225;232m▀[0m[38;2;128;41;81m[48;2;240;225;232m▀[0m[38;2;16;16;16m▄                                
  [38;2;122;95;104m[48;2;122;95;104m▀[0m[38;2;240;225;232m[48;2;240;225;232m▀[0m[38;2;240;225;232m[48;2;240;225;232m▀[0m[38;2;240;225;232m[48;2;122;95;104m▀[0m[38;2;240;225;232m[48;2;191;161;166m▀[0m[38;2;240;225;232m[48;2;240;225;232m▀[0m[38;2;16;16;16m[48;2;16;16;16m▀[0m[38;2;16;16;16m[48;2;65;59;120m▀[0m[38;2;65;59;120m[48;2;65;59;120m▀[0m[38;2;65;59;120m[48;2;56;47;76m▀[0m[38;2;56;47;76m[48;2;124;111;150m▀[0m[38;2;124;111;150m[48;2;124;111;150m▀[0m[38;2;124;111;150m[48;2;16;16;16m▀[0m[38;2;16;16;16m[48;2;191;161;166m▀[0m[38;2;122;95;104m[48;2;128;41;81m▀[0m[38;2;128;41;81m[48;2;242;102;170m▀[0m[38;2;186;73;112m[48;2;242;102;170m▀[0m[38;2;186;73;112m[48;2;242;102;170m▀[0m[38;2;186;73;112m[48;2;186;73;112m▀[0m[38;2;186;73;112m[48;2;186;73;112m▀[0m[38;2;186;73;112m[48;2;186;73;112m▀[0m[38;2;122;95;104m[48;2;16;16;16m▀[0m[38;2;191;161;166m[48;2;240;225;232m▀[0m[38;2;191;161;166m[48;2;240;225;232m▀[0m[38;2;122;95;104m[48;2;240;225;232m▀[0m[38;2;191;161;166m[48;2;122;95;104m▀[0m[38;2;191;161;166m[48;2;191;161;166m▀[0m[38;2;186;73;112m[48;2;128;41;81m▀[0m[38;2;242;141;193m[48;2;242;141;193m▀[0m[38;2;242;141;193m[48;2;242;141;193m▀[0m[38;2;242;141;193m[48;2;242;141;193m▀[0m[38;2;240;225;232m[48;2;240;225;232m▀[0m[38;2;240;225;232m[48;2;240;225;232m▀[0m[38;2;240;225;232m[48;2;240;225;232m▀[0m[38;2;242;141;193m[48;2;240;225;232m▀[0m[38;2;242;141;193m[48;2;242;141;193m▀[0m[38;2;240;225;232m[48;2;240;225;232m▀[0m[38;2;240;225;232m[48;2;240;225;232m▀[0m[38;2;240;225;232m[48;2;240;225;232m▀[0m[38;2;242;141;193m[48;2;240;225;232m▀[0m[38;2;240;225;232m[48;2;240;225;232m▀[0m[38;2;240;225;232m[48;2;240;225;232m▀[0m[38;2;16;16;16m[48;2;122;95;104m▀[0m                                
  [38;2;122;95;104m[48;2;16;16;16m▀[0m[38;2;191;161;166m[48;2;16;16;16m▀[0m[38;2;240;225;232m[48;2;191;161;166m▀[0m[38;2;240;225;232m[48;2;240;225;232m▀[0m[38;2;16;16;16m[48;2;16;16;16m▀[0m[38;2;16;16;16m[48;2;65;59;120m▀[0m[38;2;65;59;120m[48;2;65;59;120m▀[0m[38;2;65;59;120m[48;2;65;59;120m▀[0m[38;2;65;59;120m[48;2;128;41;81m▀[0m[38;2;128;41;81m[48;2;186;73;112m▀[0m[38;2;128;41;81m[48;2;186;73;112m▀[0m[38;2;16;16;16m[48;2;128;41;81m▀[0m[38;2;191;161;166m[48;2;191;161;166m▀[0m[38;2;191;161;166m[48;2;128;41;81m▀[0m[38;2;128;41;81m[48;2;242;102;170m▀[0m[38;2;242;102;170m[48;2;242;102;170m▀[0m[38;2;242;102;170m[48;2;242;102;170m▀[0m[38;2;242;102;170m[48;2;242;102;170m▀[0m[38;2;242;102;170m[48;2;242;102;170m▀[0m[38;2;242;102;170m[48;2;242;102;170m▀[0m[38;2;186;73;112m[48;2;242;102;170m▀[0m[38;2;16;16;16m[48;2;16;16;16m▀[0m[38;2;240;225;232m[48;2;240;225;232m▀[0m[38;2;240;225;232m[48;2;240;225;232m▀[0m[38;2;240;225;232m[48;2;240;225;232m▀[0m[38;2;240;225;232m[48;2;240;225;232m▀[0m[38;2;122;95;104m[48;2;240;225;232m▀[0m[38;2;16;16;16m[48;2;16;16;16m▀[0m[38;2;240;225;232m[48;2;191;161;166m▀[0m[38;2;242;141;193m[48;2;240;225;232m▀[0m[38;2;240;225;232m[48;2;240;225;232m▀[0m[38;2;240;225;232m[48;2;240;225;232m▀[0m[38;2;240;225;232m[48;2;240;225;232m▀[0m[38;2;240;225;232m[48;2;240;225;232m▀[0m[38;2;240;225;232m[48;2;240;225;232m▀[0m[38;2;240;225;232m[48;2;240;225;232m▀[0m[38;2;240;225;232m[48;2;240;225;232m▀[0m[38;2;240;225;232m[48;2;240;225;232m▀[0m[38;2;240;225;232m[48;2;240;225;232m▀[0m[38;2;240;225;232m[48;2;240;225;232m▀[0m[38;2;240;225;232m[48;2;240;225;232m▀[0m[38;2;240;225;232m[48;2;240;225;232m▀[0m[38;2;240;225;232m[48;2;240;225;232m▀[0m[38;2;16;16;16m[48;2;16;16;16m▀[0m                               
 [38;2;16;16;16m[48;2;16;16;16m▀[0m[38;2;96;81;150m[48;2;96;81;150m▀[0m[38;2;96;81;150m[48;2;96;81;150m▀[0m[38;2;16;16;16m[48;2;96;81;150m▀[0m[38;2;16;16;16m[48;2;65;59;120m▀[0m[38;2;65;59;120m[48;2;65;59;120m▀[0m[38;2;65;59;120m[48;2;65;59;120m▀[0m[38;2;65;59;120m[48;2;65;59;120m▀[0m[38;2;128;41;81m[48;2;128;41;81m▀[0m[38;2;242;102;170m[48;2;242;102;170m▀[0m[38;2;242;102;170m[48;2;242;102;170m▀[0m[38;2;186;73;112m[48;2;128;41;81m▀[0m[38;2;128;41;81m[48;2;16;16;16m▀[0m[38;2;191;161;166m[48;2;16;16;16m▀[0m[38;2;16;16;16m[48;2;16;16;16m▀[0m[38;2;242;102;170m[48;2;242;102;170m▀[0m[38;2;242;102;170m[48;2;242;102;170m▀[0m[38;2;242;102;170m[48;2;242;102;170m▀[0m[38;2;242;102;170m[48;2;242;102;170m▀[0m[38;2;242;102;170m[48;2;242;102;170m▀[0m[38;2;242;102;170m[48;2;242;102;170m▀[0m[38;2;242;102;170m[48;2;242;102;170m▀[0m[38;2;242;102;170m[48;2;242;102;170m▀[0m[38;2;122;95;104m[48;2;16;16;16m▀[0m[38;2;240;225;232m[48;2;240;225;232m▀[0m[38;2;240;225;232m[48;2;240;225;232m▀[0m[38;2;240;225;232m[48;2;240;225;232m▀[0m[38;2;240;225;232m[48;2;240;225;232m▀[0m[38;2;240;225;232m[48;2;240;225;232m▀[0m[38;2;16;16;16m[48;2;16;16;16m▀[0m[38;2;240;225;232m[48;2;191;161;166m▀[0m[38;2;240;225;232m[48;2;240;225;232m▀[0m[38;2;240;225;232m[48;2;240;225;232m▀[0m[38;2;240;225;232m[48;2;240;225;232m▀[0m[38;2;240;225;232m[48;2;240;225;232m▀[0m[38;2;240;225;232m[48;2;240;225;232m▀[0m[38;2;240;225;232m[48;2;240;225;232m▀[0m[38;2;240;225;232m[48;2;240;225;232m▀[0m[38;2;240;225;232m[48;2;240;225;232m▀[0m[38;2;240;225;232m[48;2;240;225;232m▀[0m[38;2;240;225;232m[48;2;240;225;232m▀[0m[38;2;240;225;232m[48;2;240;225;232m▀[0m[38;2;240;225;232m[48;2;240;225;232m▀[0m[38;2;240;225;232m[48;2;240;225;232m▀[0m[38;2;16;16;16m[48;2;16;16;16m▀[0m                               
[38;2;16;16;16m[48;2;16;16;16m▀[0m[38;2;96;81;150m[48;2;65;59;120m▀[0m[38;2;96;81;150m[48;2;65;59;120m▀[0m[38;2;96;81;150m[48;2;65;59;120m▀[0m[38;2;96;81;150m[48;2;65;59;120m▀[0m[38;2;56;47;76m[48;2;56;47;76m▀[0m[38;2;65;59;120m[48;2;65;59;120m▀[0m[38;2;65;59;120m[48;2;65;59;120m▀[0m[38;2;65;59;120m[48;2;16;16;16m▀[0m[38;2;16;16;16m[48;2;191;161;166m▀[0m[38;2;128;41;81m[48;2;191;161;166m▀[0m[38;2;128;41;81m[48;2;191;161;166m▀[0m[38;2;191;161;166m[48;2;191;161;166m▀[0m[38;2;191;161;166m[48;2;65;59;120m▀[0m[38;2;65;59;120m[48;2;124;111;150m▀[0m[38;2;65;59;120m[48;2;128;41;81m▀[0m[38;2;16;16;16m[48;2;242;102;170m▀[0m[38;2;242;102;170m[48;2;16;16;16m▀[0m[38;2;242;102;170m[48;2;16;16;16m▀[0m[38;2;242;102;170m[48;2;16;16;16m▀[0m[38;2;186;73;112m[48;2;128;41;81m▀[0m[38;2;16;16;16m[48;2;124;111;150m▀[0m[38;2;16;16;16m[48;2;173;161;197m▀[0m[38;2;16;16;16m[48;2;173;161;197m▀[0m[38;2;16;16;16m[48;2;124;111;150m▀[0m[38;2;240;225;232m[48;2;16;16;16m▀[0m[38;2;240;225;232m[48;2;240;225;232m▀[0m[38;2;240;225;232m[48;2;240;225;232m▀[0m[38;2;240;225;232m[48;2;240;225;232m▀[0m[38;2;240;225;232m[48;2;240;225;232m▀[0m[38;2;240;225;232m[48;2;240;225;232m▀[0m[38;2;16;16;16m[48;2;16;16;16m▀[0m[38;2;191;161;166m[48;2;191;161;166m▀[0m[38;2;240;225;232m[48;2;191;161;166m▀[0m[38;2;240;225;232m[48;2;240;225;232m▀[0m[38;2;240;225;232m[48;2;240;225;232m▀[0m[38;2;240;225;232m[48;2;240;225;232m▀[0m[38;2;240;225;232m[48;2;240;225;232m▀[0m[38;2;240;225;232m[48;2;240;225;232m▀[0m[38;2;240;225;232m[48;2;240;225;232m▀[0m[38;2;240;225;232m[48;2;240;225;232m▀[0m[38;2;240;225;232m[48;2;240;225;232m▀[0m[38;2;240;225;232m[48;2;240;225;232m▀[0m[38;2;240;225;232m[48;2;240;225;232m▀[0m[38;2;240;225;232m[48;2;122;95;104m▀[0m[38;2;16;16;16m[48;2;191;161;166m▀[0m[38;2;16;16;16m▄[38;2;16;16;16m▄                             
 [38;2;16;16;16m▀[38;2;65;59;120m[48;2;16;16;16m▀[0m[38;2;65;59;120m[48;2;16;16;16m▀[0m[38;2;56;47;76m[48;2;16;16;16m▀[0m[38;2;65;59;120m[48;2;16;16;16m▀[0m[38;2;16;16;16m[48;2;191;161;166m▀[0m[38;2;16;16;16m[48;2;191;161;166m▀[0m[38;2;191;161;166m[48;2;191;161;166m▀[0m[38;2;191;161;166m[48;2;191;161;166m▀[0m[38;2;191;161;166m[48;2;122;95;104m▀[0m[38;2;191;161;166m[48;2;191;161;166m▀[0m[38;2;65;59;120m[48;2;65;59;120m▀[0m[38;2;124;111;150m[48;2;65;59;120m▀[0m[38;2;124;111;150m[48;2;128;41;81m▀[0m[38;2;186;73;112m[48;2;242;102;170m▀[0m[38;2;242;102;170m[48;2;242;102;170m▀[0m[38;2;242;102;170m[48;2;242;102;170m▀[0m[38;2;186;73;112m[48;2;186;73;112m▀[0m[38;2;128;41;81m[48;2;186;73;112m▀[0m[38;2;242;102;170m[48;2;128;41;81m▀[0m[38;2;242;102;170m[48;2;242;102;170m▀[0m[38;2;65;59;120m[48;2;242;102;170m▀[0m[38;2;65;59;120m[48;2;242;102;170m▀[0m[38;2;173;161;197m[48;2;65;59;120m▀[0m[38;2;16;16;16m[48;2;65;59;120m▀[0m[38;2;191;161;166m[48;2;16;16;16m▀[0m[38;2;240;225;232m[48;2;191;161;166m▀[0m[38;2;240;225;232m[48;2;240;225;232m▀[0m[38;2;240;225;232m[48;2;240;225;232m▀[0m[38;2;240;225;232m[48;2;240;225;232m▀[0m[38;2;240;225;232m[48;2;240;225;232m▀[0m[38;2;16;16;16m[48;2;191;161;166m▀[0m[38;2;191;161;166m[48;2;16;16;16m▀[0m[38;2;191;161;166m[48;2;191;161;166m▀[0m[38;2;191;161;166m[48;2;191;161;166m▀[0m[38;2;240;225;232m[48;2;191;161;166m▀[0m[38;2;240;225;232m[48;2;191;161;166m▀[0m[38;2;240;225;232m[48;2;240;225;232m▀[0m[38;2;240;225;232m[48;2;240;225;232m▀[0m[38;2;240;225;232m[48;2;240;225;232m▀[0m[38;2;240;225;232m[48;2;191;161;166m▀[0m[38;2;240;225;232m[48;2;122;95;104m▀[0m[38;2;191;161;166m[48;2;122;95;104m▀[0m[38;2;191;161;166m[48;2;191;161;166m▀[0m[38;2;191;161;166m[48;2;191;161;166m▀[0m[38;2;191;161;166m[48;2;191;161;166m▀[0m[38;2;191;161;166m[48;2;191;161;166m▀[0m[38;2;16;16;16m[48;2;191;161;166m▀[0m[38;2;16;16;16m▄                           
    [38;2;16;16;16m▀[38;2;191;161;166m[48;2;16;16;16m▀[0m[38;2;191;161;166m[48;2;16;16;16m▀[0m[38;2;191;161;166m[48;2;16;16;16m▀[0m[38;2;191;161;166m[48;2;16;16;16m▀[0m[38;2;191;161;166m[48;2;16;16;16m▀[0m[38;2;16;16;16m▀[38;2;16;16;16m▀[38;2;16;16;16m▀[38;2;16;16;16m▀[38;2;128;41;81m▀[38;2;242;102;170m[48;2;16;16;16m▀[0m[38;2;242;102;170m[48;2;16;16;16m▀[0m[38;2;186;73;112m[48;2;16;16;16m▀[0m[38;2;186;73;112m[48;2;16;16;16m▀[0m[38;2;186;73;112m[48;2;16;16;16m▀[0m[38;2;128;41;81m[48;2;128;41;81m▀[0m[38;2;242;102;170m[48;2;242;102;170m▀[0m[38;2;242;102;170m[48;2;242;102;170m▀[0m[38;2;242;102;170m[48;2;242;102;170m▀[0m[38;2;242;102;170m[48;2;242;102;170m▀[0m[38;2;186;73;112m[48;2;186;73;112m▀[0m[38;2;16;16;16m[48;2;16;16;16m▀[0m[38;2;240;225;232m[48;2;240;225;232m▀[0m[38;2;240;225;232m[48;2;240;225;232m▀[0m[38;2;122;95;104m[48;2;122;95;104m▀[0m[38;2;240;225;232m[48;2;240;225;232m▀[0m[38;2;240;225;232m[48;2;240;225;232m▀[0m[38;2;122;95;104m[48;2;122;95;104m▀[0m[38;2;191;161;166m[48;2;16;16;16m▀[0m[38;2;16;16;16m[48;2;16;16;16m▀[0m[38;2;122;95;104m[48;2;240;225;232m▀[0m[38;2;240;225;232m[48;2;240;225;232m▀[0m[38;2;240;225;232m[48;2;240;225;232m▀[0m[38;2;240;225;232m[48;2;240;225;232m▀[0m[38;2;240;225;232m[48;2;240;225;232m▀[0m[38;2;240;225;232m[48;2;240;225;232m▀[0m[38;2;240;225;232m[48;2;240;225;232m▀[0m[38;2;240;225;232m[48;2;240;225;232m▀[0m[38;2;240;225;232m[48;2;240;225;232m▀[0m[38;2;122;95;104m[48;2;240;225;232m▀[0m[38;2;191;161;166m[48;2;16;16;16m▀[0m[38;2;191;161;166m[48;2;16;16;16m▀[0m[38;2;191;161;166m[48;2;16;16;16m▀[0m[38;2;122;95;104m[48;2;16;16;16m▀[0m[38;2;16;16;16m▀                           
                     [38;2;16;16;16m▀[38;2;16;16;16m▀[38;2;16;16;16m▀[38;2;16;16;16m▀[38;2;16;16;16m▀ [38;2;16;16;16m▀[38;2;16;16;16m▀ [38;2;16;16;16m▀[38;2;16;16;16m▀   [38;2;16;16;16m▀[38;2;240;225;232m[48;2;16;16;16m▀[0m[38;2;240;225;232m[48;2;16;16;16m▀[0m[38;2;240;225;232m[48;2;240;225;232m▀[0m[38;2;240;225;232m[48;2;240;225;232m▀[0m[38;2;240;225;232m[48;2;240;225;232m▀[0m[38;2;240;225;232m[48;2;240;225;232m▀[0m[38;2;240;225;232m[48;2;191;161;166m▀[0m[38;2;240;225;232m[48;2;16;16;16m▀[0m[38;2;191;161;166m[48;2;16;16;16m▀[0m[38;2;16;16;16m▀                               
                                      [38;2;16;16;16m▀[38;2;16;16;16m▀[38;2;16;16;16m▀[38;2;16;16;16m▀[38;2;16;16;16m▀                                  
[0m