                 [38;2;145;62;47m▄[38;2;145;62;47m▄[38;2;145;62;47m▄[38;2;82;82;32m▄ [38;2;32;32;38m▄[38;2;61;61;61m▄[38;2;61;61;61m[48;2;141;141;141m▀[0m[38;2;61;61;61m[48;2;141;141;141m▀[0m[38;2;61;61;61m[48;2;94;94;94m▀[0m[38;2;61;61;61m[48;2;61;61;61m▀[0m[38;2;32;32;38m▄[38;2;32;32;38m▄ [38;2;82;82;32m▄[38;2;145;62;47m▄[38;2;145;62;47m▄[38;2;145;62;47m▄                 
             [38;2;145;62;47m▄[38;2;145;62;47m▄[38;2;145;62;47m[48;2;248;134;105m▀[0m[38;2;145;62;47m[48;2;248;134;105m▀[0m[38;2;248;134;105m[48;2;248;134;105m▀[0m[38;2;248;134;105m[48;2;254;254;67m▀[0m[38;2;186;151;31m[48;2;254;254;67m▀[0m[38;2;254;254;67m[48;2;32;32;38m▀[0m[38;2;32;32;38m[48;2;141;141;141m▀[0m[38;2;141;141;141m[48;2;141;141;141m▀[0m[38;2;141;141;141m[48;2;141;141;141m▀[0m[38;2;141;141;141m[48;2;141;141;141m▀[0m[38;2;94;94;94m[48;2;61;61;61m▀[0m[38;2;61;61;61m[48;2;61;61;61m▀[0m[38;2;61;61;61m[48;2;94;94;94m▀[0m[38;2;61;61;61m[48;2;94;94;94m▀[0m[38;2;94;94;94m[48;2;94;94;94m▀[0m[38;2;82;82;32m[48;2;254;254;67m▀[0m[38;2;186;151;31m[48;2;248;134;105m▀[0m[38;2;248;134;105m[48;2;248;134;105m▀[0m[38;2;248;134;105m[48;2;248;134;105m▀[0m[38;2;248;134;105m[48;2;248;134;105m▀[0m[38;2;145;62;47m[48;2;248;134;105m▀[0m[38;2;145;62;47m[48;2;248;134;105m▀[0m[38;2;145;62;47m▄              
           [38;2;145;62;47m▄[38;2;145;62;47m[48;2;248;134;105m▀[0m[38;2;248;134;105m[48;2;248;134;105m▀[0m[38;2;248;134;105m[48;2;248;134;105m▀[0m[38;2;248;134;105m[48;2;186;151;31m▀[0m[38;2;186;151;31m[48;2;254;254;67m▀[0m[38;2;254;254;67m[48;2;61;61;61m▀[0m[38;2;94;94;94m[48;2;94;94;94m▀[0m[38;2;61;61;61m[48;2;94;94;94m▀[0m[38;2;141;141;141m[48;2;94;94;94m▀[0m[38;2;141;141;141m[48;2;141;141;141m▀[0m[38;2;141;141;141m[48;2;141;141;141m▀[0m[38;2;141;141;141m[48;2;94;94;94m▀[0m[38;2;94;94;94m[48;2;94;94;94m▀[0m[38;2;61;61;61m[48;2;94;94;94m▀[0m[38;2;94;94;94m[48;2;94;94;94m▀[0m[38;2;94;94;94m[48;2;94;94;94m▀[0m[38;2;61;61;61m[48;2;254;254;67m▀[0m[38;2;254;254;67m[48;2;186;151;31m▀[0m[38;2;186;151;31m[48;2;248;134;105m▀[0m[38;2;248;134;105m[48;2;248;134;105m▀[0m[38;2;248;134;105m[48;2;248;134;105m▀[0m[38;2;248;134;105m[48;2;248;134;105m▀[0m[38;2;248;134;105m[48;2;248;134;105m▀[0m[38;2;248;134;105m[48;2;248;134;105m▀[0m[38;2;248;134;105m[48;2;248;134;105m▀[0m[38;2;248;134;105m[48;2;248;134;105m▀[0m[38;2;145;62;47m[48;2;248;134;105m▀[0m[38;2;16;16;16m▄            
          [38;2;145;62;47m[48;2;145;62;47m▀[0m[38;2;204;101;83m[48;2;204;101;83m▀[0m[38;2;248;134;105m[48;2;248;134;105m▀[0m[38;2;248;134;105m[48;2;248;134;105m▀[0m[38;2;248;134;105m[48;2;248;134;105m▀[0m[38;2;186;151;31m[48;2;254;254;67m▀[0m[38;2;61;61;61m[48;2;94;94;94m▀[0m[38;2;94;94;94m[48;2;94;94;94m▀[0m[38;2;94;94;94m[48;2;94;94;94m▀[0m[38;2;94;94;94m[48;2;94;94;94m▀[0m[38;2;94;94;94m[48;2;94;94;94m▀[0m[38;2;94;94;94m[48;2;94;94;94m▀[0m[38;2;94;94;94m[48;2;94;94;94m▀[0m[38;2;94;94;94m[48;2;94;94;94m▀[0m[38;2;94;94;94m[48;2;94;94;94m▀[0m[38;2;94;94;94m[48;2;94;94;94m▀[0m[38;2;94;94;94m[48;2;94;94;94m▀[0m[38;2;94;94;94m[48;2;94;94;94m▀[0m[38;2;254;254;67m[48;2;61;61;61m▀[0m[38;2;186;151;31m[48;2;254;254;67m▀[0m[38;2;248;134;105m[48;2;248;134;105m▀[0m[38;2;248;134;105m[48;2;248;134;105m▀[0m[38;2;248;134;105m[48;2;248;134;105m▀[0m[38;2;248;134;105m[48;2;248;134;105m▀[0m[38;2;248;134;105m[48;2;248;134;105m▀[0m[38;2;248;134;105m[48;2;248;134;105m▀[0m[38;2;248;134;105m[48;2;248;134;105m▀[0m[38;2;248;134;105m[48;2;248;134;105m▀[0m[38;2;248;134;105m[48;2;248;134;105m▀[0m[38;2;248;134;105m[48;2;248;134;105m▀[0m[38;2;16;16;16m[48;2;145;62;47m▀[0m           
         [38;2;145;62;47m[48;2;145;62;47m▀[0m[38;2;204;101;83m[48;2;204;101;83m▀[0m[38;2;204;101;83m[48;2;204;101;83m▀[0m[38;2;204;101;83m[48;2;254;254;67m▀[0m[38;2;186;151;31m[48;2;61;61;61m▀[0m[38;2;254;254;67m[48;2;94;94;94m▀[0m[38;2;61;61;61m[48;2;94;94;94m▀[0m[38;2;94;94;94m[48;2;94;94;94m▀[0m[38;2;94;94;94m[48;2;94;94;94m▀[0m[38;2;94;94;94m[48;2;145;62;47m▀[0m[38;2;145;62;47m[48;2;204;101;83m▀[0m[38;2;61;61;61m[48;2;248;134;105m▀[0m[38;2;61;61;61m[48;2;248;134;105m▀[0m[38;2;94;94;94m[48;2;145;62;47m▀[0m[38;2;94;94;94m[48;2;94;94;94m▀[0m[38;2;94;94;94m[48;2;94;94;94m▀[0m[38;2;94;94;94m[48;2;94;94;94m▀[0m[38;2;94;94;94m[48;2;94;94;94m▀[0m[38;2;94;94;94m[48;2;94;94;94m▀[0m[38;2;61;61;61m[48;2;94;94;94m▀[0m[38;2;254;254;67m[48;2;61;61;61m▀[0m[38;2;186;151;31m[48;2;254;254;67m▀[0m[38;2;248;134;105m[48;2;186;151;31m▀[0m[38;2;248;134;105m[48;2;248;134;105m▀[0m[38;2;248;134;105m[48;2;248;134;105m▀[0m[38;2;248;134;105m[48;2;248;134;105m▀[0m[38;2;248;134;105m[48;2;248;134;105m▀[0m[38;2;248;134;105m[48;2;248;134;105m▀[0m[38;2;248;134;105m[48;2;248;134;105m▀[0m[38;2;248;134;105m[48;2;248;134;105m▀[0m[38;2;248;134;105m[48;2;204;101;83m▀[0m[38;2;204;101;83m[48;2;204;101;83m▀[0m[38;2;16;16;16m[48;2;16;16;16m▀[0m          
         [38;2;145;62;47m[48;2;145;62;47m▀[0m[38;2;204;101;83m[48;2;186;151;31m▀[0m[38;2;186;151;31m[48;2;254;254;67m▀[0m[38;2;254;254;67m[48;2;61;61;61m▀[0m[38;2;61;61;61m[48;2;94;94;94m▀[0m[38;2;94;94;94m[48;2;94;94;94m▀[0m[38;2;94;94;94m[48;2;94;94;94m▀[0m[38;2;94;94;94m[48;2;94;94;94m▀[0m[38;2;61;61;61m[48;2;61;61;61m▀[0m[38;2;248;134;105m[48;2;248;134;105m▀[0m[38;2;248;134;105m[48;2;248;134;105m▀[0m[38;2;248;134;105m[48;2;248;134;105m▀[0m[38;2;248;134;105m[48;2;248;134;105m▀[0m[38;2;204;101;83m[48;2;248;134;105m▀[0m[38;2;61;61;61m[48;2;61;61;61m▀[0m[38;2;94;94;94m[48;2;94;94;94m▀[0m[38;2;94;94;94m[48;2;94;94;94m▀[0m[38;2;94;94;94m[48;2;94;94;94m▀[0m[38;2;94;94;94m[48;2;94;94;94m▀[0m[38;2;94;94;94m[48;2;94;94;94m▀[0m[38;2;94;94;94m[48;2;94;94;94m▀[0m[38;2;61;61;61m[48;2;94;94;94m▀[0m[38;2;254;254;67m[48;2;94;94;94m▀[0m[38;2;254;254;67m[48;2;61;61;61m▀[0m[38;2;186;151;31m[48;2;254;254;67m▀[0m[38;2;248;134;105m[48;2;186;151;31m▀[0m[38;2;248;134;105m[48;2;204;101;83m▀[0m[38;2;248;134;105m[48;2;204;101;83m▀[0m[38;2;204;101;83m[48;2;204;101;83m▀[0m[38;2;204;101;83m[48;2;204;101;83m▀[0m[38;2;204;101;83m[48;2;204;101;83m▀[0m[38;2;204;101;83m[48;2;204;101;83m▀[0m[38;2;145;62;47m[48;2;204;101;83m▀[0m[38;2;16;16;16m▄         
        [38;2;32;32;38m[48;2;32;32;38m▀[0m[38;2;204;101;83m[48;2;186;151;31m▀[0m[38;2;254;254;67m[48;2;254;254;67m▀[0m[38;2;61;61;61m[48;2;61;61;61m▀[0m[38;2;94;94;94m[48;2;94;94;94m▀[0m[38;2;94;94;94m[48;2;94;94;94m▀[0m[38;2;94;94;94m[48;2;94;94;94m▀[0m[38;2;94;94;94m[48;2;141;141;141m▀[0m[38;2;94;94;94m[48;2;141;141;141m▀[0m[38;2;145;62;47m[48;2;94;94;94m▀[0m[38;2;204;101;83m[48;2;32;32;38m▀[0m[38;2;248;134;105m[48;2;248;134;105m▀[0m[38;2;248;134;105m[48;2;248;134;105m▀[0m[38;2;248;134;105m[48;2;204;101;83m▀[0m[38;2;204;101;83m[48;2;32;32;38m▀[0m[38;2;61;61;61m[48;2;94;94;94m▀[0m[38;2;94;94;94m[48;2;94;94;94m▀[0m[38;2;94;94;94m[48;2;141;141;141m▀[0m[38;2;94;94;94m[48;2;94;94;94m▀[0m[38;2;94;94;94m[48;2;94;94;94m▀[0m[38;2;94;94;94m[48;2;94;94;94m▀[0m[38;2;94;94;94m[48;2;94;94;94m▀[0m[38;2;94;94;94m[48;2;94;94;94m▀[0m[38;2;94;94;94m[48;2;94;94;94m▀[0m[38;2;94;94;94m[48;2;94;94;94m▀[0m[38;2;61;61;61m[48;2;94;94;94m▀[0m[38;2;254;254;67m[48;2;254;254;67m▀[0m[38;2;186;151;31m[48;2;186;151;31m▀[0m[38;2;204;101;83m[48;2;204;101;83m▀[0m[38;2;204;101;83m[48;2;204;101;83m▀[0m[38;2;204;101;83m[48;2;204;101;83m▀[0m[38;2;204;101;83m[48;2;204;101;83m▀[0m[38;2;204;101;83m[48;2;204;101;83m▀[0m[38;2;204;101;83m[48;2;204;101;83m▀[0m[38;2;16;16;16m[48;2;16;16;16m▀[0m         
      [38;2;32;32;38m▄[38;2;32;32;38m[48;2;61;61;61m▀[0m[38;2;254;254;67m[48;2;61;61;61m▀[0m[38;2;254;254;67m[48;2;61;61;61m▀[0m[38;2;61;61;61m[48;2;61;61;61m▀[0m[38;2;94;94;94m[48;2;94;94;94m▀[0m[38;2;94;94;94m[48;2;94;94;94m▀[0m[38;2;94;94;94m[48;2;94;94;94m▀[0m[38;2;94;94;94m[48;2;94;94;94m▀[0m[38;2;141;141;141m[48;2;94;94;94m▀[0m[38;2;141;141;141m[48;2;94;94;94m▀[0m[38;2;94;94;94m[48;2;94;94;94m▀[0m[38;2;94;94;94m[48;2;94;94;94m▀[0m[38;2;61;61;61m[48;2;61;61;61m▀[0m[38;2;32;32;38m[48;2;94;94;94m▀[0m[38;2;32;32;38m[48;2;94;94;94m▀[0m[38;2;94;94;94m[48;2;94;94;94m▀[0m[38;2;141;141;141m[48;2;141;141;141m▀[0m[38;2;141;141;141m[48;2;141;141;141m▀[0m[38;2;94;94;94m[48;2;94;94;94m▀[0m[38;2;94;94;94m[48;2;94;94;94m▀[0m[38;2;94;94;94m[48;2;94;94;94m▀[0m[38;2;94;94;94m[48;2;94;94;94m▀[0m[38;2;94;94;94m[48;2;94;94;94m▀[0m[38;2;94;94;94m[48;2;94;94;94m▀[0m[38;2;94;94;94m[48;2;94;94;94m▀[0m[38;2;94;94;94m[48;2;94;94;94m▀[0m[38;2;94;94;94m[48;2;61;61;61m▀[0m[38;2;61;61;61m[48;2;61;61;61m▀[0m[38;2;254;254;67m[48;2;61;61;61m▀[0m[38;2;186;151;31m[48;2;254;254;67m▀[0m[38;2;204;101;83m[48;2;254;254;67m▀[0m[38;2;186;151;31m[48;2;61;61;61m▀[0m[38;2;254;254;67m[48;2;61;61;61m▀[0m[38;2;254;254;67m[48;2;61;61;61m▀[0m[38;2;186;151;31m[48;2;254;254;67m▀[0m[38;2;145;62;47m[48;2;254;254;67m▀[0m[38;2;16;16;16m▄        
     [38;2;32;32;38m▄[38;2;32;32;38m[48;2;94;94;94m▀[0m[38;2;94;94;94m[48;2;94;94;94m▀[0m[38;2;94;94;94m[48;2;94;94;94m▀[0m[38;2;61;61;61m[48;2;32;32;38m▀[0m[38;2;61;61;61m[48;2;32;32;38m▀[0m[38;2;61;61;61m[48;2;61;61;61m▀[0m[38;2;94;94;94m[48;2;61;61;61m▀[0m[38;2;94;94;94m[48;2;94;94;94m▀[0m[38;2;94;94;94m[48;2;94;94;94m▀[0m[38;2;94;94;94m[48;2;94;94;94m▀[0m[38;2;94;94;94m[48;2;94;94;94m▀[0m[38;2;94;94;94m[48;2;94;94;94m▀[0m[38;2;61;61;61m[48;2;61;61;61m▀[0m[38;2;61;61;61m[48;2;94;94;94m▀[0m[38;2;94;94;94m[48;2;94;94;94m▀[0m[38;2;94;94;94m[48;2;94;94;94m▀[0m[38;2;94;94;94m[48;2;94;94;94m▀[0m[38;2;94;94;94m[48;2;94;94;94m▀[0m[38;2;94;94;94m[48;2;94;94;94m▀[0m[38;2;94;94;94m[48;2;61;61;61m▀[0m[38;2;94;94;94m[48;2;61;61;61m▀[0m[38;2;61;61;61m[48;2;32;32;38m▀[0m[38;2;61;61;61m[48;2;32;32;38m▀[0m[38;2;61;61;61m[48;2;32;32;38m▀[0m[38;2;61;61;61m[48;2;32;32;38m▀[0m[38;2;61;61;61m[48;2;61;61;61m▀[0m[38;2;61;61;61m[48;2;61;61;61m▀[0m[38;2;61;61;61m[48;2;61;61;61m▀[0m[38;2;61;61;61m[48;2;61;61;61m▀[0m[38;2;61;61;61m[48;2;61;61;61m▀[0m[38;2;61;61;61m[48;2;61;61;61m▀[0m[38;2;61;61;61m[48;2;61;61;61m▀[0m[38;2;61;61;61m[48;2;61;61;61m▀[0m[38;2;61;61;61m[48;2;61;61;61m▀[0m[38;2;61;61;61m[48;2;61;61;61m▀[0m[38;2;61;61;61m[48;2;61;61;61m▀[0m[38;2;61;61;61m[48;2;61;61;61m▀[0m[38;2;61;61;61m[48;2;61;61;61m▀[0m[38;2;16;16;16m[48;2;32;32;38m▀[0m       
 [38;2;82;82;32m▄[38;2;32;32;38m▄[38;2;32;32;38m[48;2;94;94;94m▀[0m[38;2;32;32;38m[48;2;94;94;94m▀[0m[38;2;94;94;94m[48;2;94;94;94m▀[0m[38;2;94;94;94m[48;2;32;32;38m▀[0m[38;2;32;32;38m[48;2;180;172;115m▀[0m[38;2;32;32;38m[48;2;180;172;115m▀[0m[38;2;131;131;65m[48;2;180;172;115m▀[0m[38;2;131;131;65m[48;2;131;131;65m▀[0m[38;2;32;32;38m[48;2;131;131;65m▀[0m[38;2;61;61;61m[48;2;16;16;16m▀[0m[38;2;94;94;94m[48;2;32;32;38m▀[0m[38;2;94;94;94m[48;2;61;61;61m▀[0m[38;2;94;94;94m[48;2;61;61;61m▀[0m[38;2;94;94;94m[48;2;94;94;94m▀[0m[38;2;94;94;94m[48;2;94;94;94m▀[0m[38;2;61;61;61m[48;2;94;94;94m▀[0m[38;2;94;94;94m[48;2;94;94;94m▀[0m[38;2;94;94;94m[48;2;61;61;61m▀[0m[38;2;94;94;94m[48;2;61;61;61m▀[0m[38;2;94;94;94m[48;2;32;32;38m▀[0m[38;2;61;61;61m[48;2;32;32;38m▀[0m[38;2;61;61;61m[48;2;32;32;38m▀[0m[38;2;61;61;61m[48;2;32;32;38m▀[0m[38;2;32;32;38m[48;2;180;172;115m▀[0m[38;2;180;172;115m[48;2;180;172;115m▀[0m[38;2;180;172;115m[48;2;131;131;65m▀[0m[38;2;180;172;115m[48;2;131;131;65m▀[0m[38;2;180;172;115m[48;2;131;131;65m▀[0m[38;2;32;32;38m[48;2;180;172;115m▀[0m[38;2;32;32;38m[48;2;180;172;115m▀[0m[38;2;61;61;61m[48;2;16;16;16m▀[0m[38;2;61;61;61m[48;2;16;16;16m▀[0m[38;2;61;61;61m[48;2;61;61;61m▀[0m[38;2;61;61;61m[48;2;61;61;61m▀[0m[38;2;61;61;61m[48;2;61;61;61m▀[0m[38;2;61;61;61m[48;2;61;61;61m▀[0m[38;2;61;61;61m[48;2;61;61;61m▀[0m[38;2;61;61;61m[48;2;61;61;61m▀[0m[38;2;61;61;61m[48;2;61;61;61m▀[0m[38;2;61;61;61m[48;2;94;94;94m▀[0m[38;2;94;94;94m[48;2;94;94;94m▀[0m[38;2;94;94;94m[48;2;94;94;94m▀[0m[38;2;32;32;38m[48;2;94;94;94m▀[0m[38;2;32;32;38m[48;2;94;94;94m▀[0m[38;2;32;32;38m▄    
[38;2;82;82;32m[48;2;82;82;32m▀[0m[38;2;180;172;115m[48;2;180;172;115m▀[0m[38;2;180;172;115m[48;2;180;172;115m▀[0m[38;2;32;32;38m[48;2;180;172;115m▀[0m[38;2;32;32;38m[48;2;180;172;115m▀[0m[38;2;32;32;38m[48;2;180;172;115m▀[0m[38;2;180;172;115m[48;2;180;172;115m▀[0m[38;2;180;172;115m[48;2;16;16;16m▀[0m[38;2;131;131;65m[48;2;16;16;16m▀[0m[38;2;16;16;16m[48;2;82;82;32m▀[0m[38;2;16;16;16m[48;2;82;82;32m▀[0m[38;2;131;131;65m[48;2;16;16;16m▀[0m[38;2;180;172;115m[48;2;16;16;16m▀[0m[38;2;32;32;38m[48;2;180;172;115m▀[0m[38;2;16;16;16m[48;2;180;172;115m▀[0m[38;2;61;61;61m[48;2;32;32;38m▀[0m[38;2;61;61;61m[48;2;32;32;38m▀[0m[38;2;61;61;61m[48;2;32;32;38m▀[0m[38;2;61;61;61m[48;2;32;32;38m▀[0m[38;2;61;61;61m[48;2;32;32;38m▀[0m[38;2;16;16;16m[48;2;180;172;115m▀[0m[38;2;32;32;38m[48;2;180;172;115m▀[0m[38;2;180;172;115m[48;2;180;172;115m▀[0m[38;2;180;172;115m[48;2;131;131;65m▀[0m[38;2;180;172;115m[48;2;82;82;32m▀[0m[38;2;180;172;115m[48;2;16;16;16m▀[0m[38;2;82;82;32m[48;2;16;16;16m▀[0m[38;2;16;16;16m[48;2;141;141;141m▀[0m[38;2;16;16;16m[48;2;141;141;141m▀[0m[38;2;16;16;16m[48;2;141;141;141m▀[0m[38;2;16;16;16m[48;2;82;82;32m▀[0m[38;2;131;131;65m[48;2;131;131;65m▀[0m[38;2;180;172;115m[48;2;16;16;16m▀[0m[38;2;180;172;115m[48;2;16;16;16m▀[0m[38;2;180;172;115m[48;2;180;172;115m▀[0m[38;2;16;16;16m[48;2;180;172;115m▀[0m[38;2;61;61;61m[48;2;32;32;38m▀[0m[38;2;61;61;61m[48;2;16;16;16m▀[0m[38;2;61;61;61m[48;2;16;16;16m▀[0m[38;2;61;61;61m[48;2;61;61;61m▀[0m[38;2;61;61;61m[48;2;61;61;61m▀[0m[38;2;61;61;61m[48;2;16;16;16m▀[0m[38;2;61;61;61m[48;2;32;32;38m▀[0m[38;2;32;32;38m[48;2;131;131;65m▀[0m[38;2;32;32;38m[48;2;131;131;65m▀[0m[38;2;32;32;38m[48;2;131;131;65m▀[0m[38;2;94;94;94m[48;2;32;32;38m▀[0m[38;2;94;94;94m[48;2;32;32;38m▀[0m[38;2;32;32;38m[48;2;94;94;94m▀[0m[38;2;32;32;38m[48;2;94;94;94m▀[0m[38;2;32;32;38m▄ 
 [38;2;16;16;16m▀[38;2;131;131;65m[48;2;16;16;16m▀[0m[38;2;180;172;115m[48;2;16;16;16m▀[0m[38;2;180;172;115m[48;2;16;16;16m▀[0m[38;2;82;82;32m▀[38;2;16;16;16m▀[38;2;82;82;32m[48;2;16;16;16m▀[0m[38;2;82;82;32m[48;2;16;16;16m▀[0m[38;2;82;82;32m[48;2;82;82;32m▀[0m[38;2;82;82;32m[48;2;82;82;32m▀[0m[38;2;16;16;16m[48;2;16;16;16m▀[0m[38;2;141;141;141m[48;2;180;172;115m▀[0m[38;2;16;16;16m[48;2;141;141;141m▀[0m[38;2;131;131;65m[48;2;82;82;32m▀[0m[38;2;180;172;115m[48;2;16;16;16m▀[0m[38;2;180;172;115m[48;2;16;16;16m▀[0m[38;2;180;172;115m[48;2;16;16;16m▀[0m[38;2;180;172;115m[48;2;16;16;16m▀[0m[38;2;180;172;115m[48;2;16;16;16m▀[0m[38;2;131;131;65m[48;2;32;32;38m▀[0m[38;2;82;82;32m[48;2;131;131;65m▀[0m[38;2;16;16;16m[48;2;131;131;65m▀[0m[38;2;16;16;16m[48;2;82;82;32m▀[0m[38;2;141;141;141m[48;2;82;82;32m▀[0m[38;2;141;141;141m[48;2;252;252;252m▀[0m[38;2;32;32;38m[48;2;252;252;252m▀[0m[38;2;252;252;252m[48;2;252;252;252m▀[0m[38;2;252;252;252m[48;2;141;141;141m▀[0m[38;2;252;252;252m[48;2;82;82;32m▀[0m[38;2;82;82;32m[48;2;131;131;65m▀[0m[38;2;131;131;65m[48;2;131;131;65m▀[0m[38;2;131;131;65m[48;2;131;131;65m▀[0m[38;2;131;131;65m[48;2;131;131;65m▀[0m[38;2;16;16;16m[48;2;131;131;65m▀[0m[38;2;16;16;16m[48;2;131;131;65m▀[0m[38;2;180;172;115m[48;2;16;16;16m▀[0m[38;2;180;172;115m[48;2;82;82;32m▀[0m[38;2;180;172;115m[48;2;180;172;115m▀[0m[38;2;16;16;16m[48;2;180;172;115m▀[0m[38;2;16;16;16m[48;2;180;172;115m▀[0m[38;2;180;172;115m[48;2;131;131;65m▀[0m[38;2;180;172;115m[48;2;16;16;16m▀[0m[38;2;131;131;65m[48;2;16;16;16m▀[0m[38;2;131;131;65m[48;2;16;16;16m▀[0m[38;2;131;131;65m[48;2;16;16;16m▀[0m[38;2;131;131;65m[48;2;16;16;16m▀[0m[38;2;131;131;65m[48;2;16;16;16m▀[0m[38;2;82;82;32m[48;2;131;131;65m▀[0m[38;2;32;32;38m[48;2;131;131;65m▀[0m[38;2;32;32;38m[48;2;131;131;65m▀[0m[38;2;32;32;38m[48;2;82;82;32m▀[0m
         [38;2;16;16;16m▀[38;2;82;82;32m[48;2;16;16;16m▀[0m[38;2;82;82;32m[48;2;16;16;16m▀[0m[38;2;16;16;16m[48;2;82;82;32m▀[0m[38;2;131;131;65m[48;2;16;16;16m▀[0m[38;2;131;131;65m[48;2;131;131;65m▀[0m[38;2;131;131;65m[48;2;16;16;16m▀[0m[38;2;131;131;65m[48;2;131;131;65m▀[0m[38;2;131;131;65m[48;2;32;32;38m▀[0m[38;2;32;32;38m[48;2;61;61;61m▀[0m[38;2;32;32;38m[48;2;61;61;61m▀[0m[38;2;32;32;38m[48;2;32;32;38m▀[0m[38;2;131;131;65m[48;2;32;32;38m▀[0m[38;2;131;131;65m[48;2;131;131;65m▀[0m[38;2;131;131;65m[48;2;131;131;65m▀[0m[38;2;131;131;65m[48;2;131;131;65m▀[0m[38;2;82;82;32m[48;2;131;131;65m▀[0m[38;2;82;82;32m[48;2;131;131;65m▀[0m[38;2;82;82;32m[48;2;131;131;65m▀[0m[38;2;82;82;32m[48;2;131;131;65m▀[0m[38;2;131;131;65m[48;2;131;131;65m▀[0m[38;2;131;131;65m[48;2;131;131;65m▀[0m[38;2;131;131;65m[48;2;131;131;65m▀[0m[38;2;131;131;65m[48;2;131;131;65m▀[0m[38;2;131;131;65m[48;2;82;82;32m▀[0m[38;2;131;131;65m[48;2;131;131;65m▀[0m[38;2;131;131;65m[48;2;131;131;65m▀[0m[38;2;131;131;65m[48;2;131;131;65m▀[0m[38;2;131;131;65m[48;2;16;16;16m▀[0m[38;2;16;16;16m[48;2;82;82;32m▀[0m[38;2;16;16;16m[48;2;82;82;32m▀[0m[38;2;16;16;16m[48;2;82;82;32m▀[0m[38;2;16;16;16m[48;2;82;82;32m▀[0m[38;2;82;82;32m[48;2;82;82;32m▀[0m[38;2;82;82;32m[48;2;82;82;32m▀[0m[38;2;82;82;32m[48;2;82;82;32m▀[0m[38;2;82;82;32m[48;2;82;82;32m▀[0m[38;2;82;82;32m[48;2;16;16;16m▀[0m[38;2;82;82;32m[48;2;16;16;16m▀[0m[38;2;16;16;16m▀[38;2;16;16;16m▀[38;2;16;16;16m▀ 
            [38;2;82;82;32m[48;2;82;82;32m▀[0m[38;2;131;131;65m[48;2;131;131;65m▀[0m[38;2;16;16;16m[48;2;16;16;16m▀[0m[38;2;131;131;65m[48;2;180;172;115m▀[0m[38;2;32;32;38m[48;2;32;32;38m▀[0m[38;2;61;61;61m[48;2;32;32;38m▀[0m[38;2;61;61;61m[48;2;94;94;94m▀[0m[38;2;94;94;94m[48;2;94;94;94m▀[0m[38;2;61;61;61m[48;2;94;94;94m▀[0m[38;2;32;32;38m[48;2;61;61;61m▀[0m[38;2;32;32;38m[48;2;32;32;38m▀[0m[38;2;32;32;38m[48;2;32;32;38m▀[0m[38;2;131;131;65m[48;2;32;32;38m▀[0m[38;2;131;131;65m[48;2;131;131;65m▀[0m[38;2;131;131;65m[48;2;131;131;65m▀[0m[38;2;131;131;65m[48;2;82;82;32m▀[0m[38;2;82;82;32m[48;2;180;172;115m▀[0m[38;2;131;131;65m[48;2;16;16;16m▀[0m[38;2;131;131;65m[48;2;131;131;65m▀[0m[38;2;131;131;65m[48;2;82;82;32m▀[0m[38;2;82;82;32m[48;2;180;172;115m▀[0m[38;2;180;172;115m[48;2;180;172;115m▀[0m[38;2;16;16;16m[48;2;16;16;16m▀[0m[38;2;131;131;65m[48;2;16;16;16m▀[0m[38;2;82;82;32m[48;2;180;172;115m▀[0m[38;2;131;131;65m[48;2;131;131;65m▀[0m[38;2;16;16;16m[48;2;16;16;16m▀[0m[38;2;16;16;16m▀[38;2;16;16;16m▀[38;2;82;82;32m[48;2;16;16;16m▀[0m[38;2;82;82;32m[48;2;16;16;16m▀[0m[38;2;82;82;32m[48;2;16;16;16m▀[0m[38;2;16;16;16m▀[38;2;16;16;16m▀      
           [38;2;82;82;32m[48;2;82;82;32m▀[0m[38;2;131;131;65m[48;2;131;131;65m▀[0m[38;2;16;16;16m[48;2;16;16;16m▀[0m[38;2;131;131;65m[48;2;180;172;115m▀[0m[38;2;180;172;115m[48;2;180;172;115m▀[0m[38;2;131;131;65m[48;2;32;32;38m▀[0m[38;2;32;32;38m[48;2;94;94;94m▀[0m[38;2;94;94;94m[48;2;94;94;94m▀[0m[38;2;94;94;94m[48;2;94;94;94m▀[0m[38;2;94;94;94m[48;2;94;94;94m▀[0m[38;2;94;94;94m[48;2;61;61;61m▀[0m[38;2;32;32;38m[48;2;16;16;16m▀[0m[38;2;16;16;16m[48;2;131;131;65m▀[0m[38;2;131;131;65m[48;2;131;131;65m▀[0m[38;2;131;131;65m[48;2;131;131;65m▀[0m[38;2;82;82;32m[48;2;16;16;16m▀[0m[38;2;180;172;115m[48;2;180;172;115m▀[0m[38;2;180;172;115m[48;2;180;172;115m▀[0m[38;2;16;16;16m[48;2;16;16;16m▀[0m[38;2;131;131;65m[48;2;131;131;65m▀[0m[38;2;16;16;16m[48;2;16;16;16m▀[0m[38;2;180;172;115m[48;2;180;172;115m▀[0m[38;2;180;172;115m[48;2;180;172;115m▀[0m[38;2;16;16;16m[48;2;180;172;115m▀[0m[38;2;82;82;32m[48;2;16;16;16m▀[0m[38;2;180;172;115m[48;2;180;172;115m▀[0m[38;2;180;172;115m[48;2;180;172;115m▀[0m[38;2;82;82;32m[48;2;131;131;65m▀[0m[38;2;16;16;16m▄            
          [38;2;82;82;32m[48;2;82;82;32m▀[0m[38;2;131;131;65m[48;2;131;131;65m▀[0m[38;2;131;131;65m[48;2;16;16;16m▀[0m[38;2;16;16;16m[48;2;131;131;65m▀[0m[38;2;180;172;115m[48;2;180;172;115m▀[0m[38;2;180;172;115m[48;2;32;32;38m▀[0m[38;2;32;32;38m[48;2;94;94;94m▀[0m[38;2;94;94;94m[48;2;94;94;94m▀[0m[38;2;94;94;94m[48;2;94;94;94m▀[0m[38;2;94;94;94m[48;2;94;94;94m▀[0m[38;2;94;94;94m[48;2;61;61;61m▀[0m[38;2;16;16;16m[48;2;16;16;16m▀[0m[38;2;16;16;16m▀[38;2;16;16;16m[48;2;82;82;32m▀[0m[38;2;131;131;65m[48;2;16;16;16m▀[0m[38;2;131;131;65m[48;2;16;16;16m▀[0m[38;2;16;16;16m[48;2;16;16;16m▀[0m[38;2;180;172;115m[48;2;131;131;65m▀[0m[38;2;180;172;115m[48;2;180;172;115m▀[0m[38;2;16;16;16m[48;2;131;131;65m▀[0m[38;2;82;82;32m[48;2;16;16;16m▀[0m[38;2;82;82;32m▀[38;2;16;16;16m[48;2;16;16;16m▀[0m[38;2;180;172;115m[48;2;180;172;115m▀[0m[38;2;180;172;115m[48;2;180;172;115m▀[0m[38;2;16;16;16m[48;2;16;16;16m▀[0m[38;2;82;82;32m[48;2;82;82;32m▀[0m[38;2;180;172;115m[48;2;180;172;115m▀[0m[38;2;180;172;115m[48;2;180;172;115m▀[0m[38;2;16;16;16m[48;2;82;82;32m▀[0m            
         [38;2;82;82;32m[48;2;82;82;32m▀[0m[38;2;131;131;65m[48;2;131;131;65m▀[0m[38;2;131;131;65m[48;2;131;131;65m▀[0m[38;2;16;16;16m[48;2;16;16;16m▀[0m[38;2;180;172;115m[48;2;180;172;115m▀[0m[38;2;180;172;115m[48;2;32;32;38m▀[0m[38;2;32;32;38m[48;2;61;61;61m▀[0m[38;2;94;94;94m[48;2;61;61;61m▀[0m[38;2;94;94;94m[48;2;61;61;61m▀[0m[38;2;94;94;94m[48;2;94;94;94m▀[0m[38;2;94;94;94m[48;2;61;61;61m▀[0m[38;2;16;16;16m[48;2;16;16;16m▀[0m  [38;2;82;82;32m[48;2;82;82;32m▀[0m[38;2;131;131;65m[48;2;131;131;65m▀[0m[38;2;131;131;65m[48;2;131;131;65m▀[0m[38;2;82;82;32m[48;2;82;82;32m▀[0m[38;2;16;16;16m[48;2;16;16;16m▀[0m[38;2;180;172;115m[48;2;180;172;115m▀[0m[38;2;180;172;115m[48;2;180;172;115m▀[0m[38;2;16;16;16m[48;2;16;16;16m▀[0m [38;2;16;16;16m▀[38;2;180;172;115m[48;2;82;82;32m▀[0m[38;2;180;172;115m[48;2;180;172;115m▀[0m[38;2;131;131;65m[48;2;180;172;115m▀[0m[38;2;16;16;16m[48;2;16;16;16m▀[0m[38;2;82;82;32m[48;2;82;82;32m▀[0m[38;2;180;172;115m[48;2;180;172;115m▀[0m[38;2;180;172;115m[48;2;180;172;115m▀[0m[38;2;16;16;16m[48;2;82;82;32m▀[0m           
         [38;2;82;82;32m[48;2;82;82;32m▀[0m[38;2;180;172;115m[48;2;180;172;115m▀[0m[38;2;82;82;32m[48;2;16;16;16m▀[0m[38;2;82;82;32m[48;2;180;172;115m▀[0m[38;2;180;172;115m[48;2;16;16;16m▀[0m[38;2;32;32;38m[48;2;186;151;31m▀[0m[38;2;186;151;31m[48;2;254;254;67m▀[0m[38;2;186;151;31m[48;2;254;254;67m▀[0m[38;2;186;151;31m[48;2;254;254;67m▀[0m[38;2;61;61;61m[48;2;186;151;31m▀[0m[38;2;61;61;61m[48;2;61;61;61m▀[0m[38;2;16;16;16m[48;2;16;16;16m▀[0m  [38;2;82;82;32m[48;2;82;82;32m▀[0m[38;2;131;131;65m[48;2;131;131;65m▀[0m[38;2;131;131;65m[48;2;131;131;65m▀[0m[38;2;82;82;32m[48;2;131;131;65m▀[0m[38;2;16;16;16m[48;2;16;16;16m▀[0m[38;2;180;172;115m[48;2;180;172;115m▀[0m[38;2;180;172;115m[48;2;180;172;115m▀[0m[38;2;16;16;16m[48;2;16;16;16m▀[0m  [38;2;16;16;16m[48;2;16;16;16m▀[0m[38;2;180;172;115m[48;2;180;172;115m▀[0m[38;2;180;172;115m[48;2;180;172;115m▀[0m[38;2;16;16;16m[48;2;131;131;65m▀[0m[38;2;82;82;32m[48;2;16;16;16m▀[0m[38;2;180;172;115m[48;2;82;82;32m▀[0m[38;2;180;172;115m[48;2;180;172;115m▀[0m[38;2;131;131;65m[48;2;180;172;115m▀[0m[38;2;82;82;32m[48;2;82;82;32m▀[0m          
        [38;2;82;82;32m[48;2;82;82;32m▀[0m[38;2;131;131;65m[48;2;180;172;115m▀[0m[38;2;180;172;115m[48;2;180;172;115m▀[0m[38;2;16;16;16m[48;2;16;16;16m▀[0m[38;2;180;172;115m[48;2;180;172;115m▀[0m[38;2;16;16;16m[48;2;16;16;16m▀[0m[38;2;254;254;67m[48;2;82;82;32m▀[0m[38;2;82;82;32m[48;2;186;151;31m▀[0m[38;2;82;82;32m[48;2;186;151;31m▀[0m[38;2;82;82;32m[48;2;186;151;31m▀[0m[38;2;254;254;67m[48;2;82;82;32m▀[0m[38;2;186;151;31m[48;2;186;151;31m▀[0m[38;2;16;16;16m[48;2;16;16;16m▀[0m   [38;2;82;82;32m[48;2;82;82;32m▀[0m[38;2;131;131;65m[48;2;131;131;65m▀[0m[38;2;131;131;65m[48;2;131;131;65m▀[0m[38;2;16;16;16m[48;2;16;16;16m▀[0m[38;2;180;172;115m[48;2;180;172;115m▀[0m[38;2;180;172;115m[48;2;180;172;115m▀[0m[38;2;16;16;16m[48;2;16;16;16m▀[0m   [38;2;82;82;32m[48;2;16;16;16m▀[0m[38;2;180;172;115m[48;2;180;172;115m▀[0m[38;2;180;172;115m[48;2;180;172;115m▀[0m[38;2;16;16;16m[48;2;16;16;16m▀[0m[38;2;82;82;32m[48;2;131;131;65m▀[0m[38;2;180;172;115m[48;2;82;82;32m▀[0m[38;2;180;172;115m[48;2;180;172;115m▀[0m[38;2;82;82;32m[48;2;131;131;65m▀[0m[38;2;16;16;16m▄         
        [38;2;82;82;32m[48;2;82;82;32m▀[0m[38;2;180;172;115m[48;2;180;172;115m▀[0m[38;2;180;172;115m[48;2;180;172;115m▀[0m[38;2;16;16;16m[48;2;16;16;16m▀[0m[38;2;180;172;115m[48;2;180;172;115m▀[0m[38;2;131;131;65m[48;2;180;172;115m▀[0m[38;2;16;16;16m[48;2;16;16;16m▀[0m[38;2;16;16;16m▀[38;2;186;151;31m[48;2;16;16;16m▀[0m[38;2;186;151;31m[48;2;16;16;16m▀[0m[38;2;82;82;32m[48;2;16;16;16m▀[0m[38;2;16;16;16m[48;2;82;82;32m▀[0m    [38;2;82;82;32m[48;2;82;82;32m▀[0m[38;2;131;131;65m[48;2;131;131;65m▀[0m[38;2;131;131;65m[48;2;131;131;65m▀[0m[38;2;16;16;16m[48;2;16;16;16m▀[0m[38;2;180;172;115m[48;2;180;172;115m▀[0m[38;2;180;172;115m[48;2;180;172;115m▀[0m[38;2;16;16;16m[48;2;16;16;16m▀[0m   [38;2;16;16;16m▀[38;2;180;172;115m[48;2;82;82;32m▀[0m[38;2;180;172;115m[48;2;180;172;115m▀[0m[38;2;131;131;65m[48;2;180;172;115m▀[0m[38;2;16;16;16m[48;2;16;16;16m▀[0m[38;2;82;82;32m[48;2;82;82;32m▀[0m[38;2;180;172;115m[48;2;180;172;115m▀[0m[38;2;180;172;115m[48;2;180;172;115m▀[0m[38;2;16;16;16m[48;2;16;16;16m▀[0m         
        [38;2;82;82;32m[48;2;82;82;32m▀[0m[38;2;180;172;115m[48;2;180;172;115m▀[0m[38;2;180;172;115m[48;2;180;172;115m▀[0m[38;2;16;16;16m[48;2;16;16;16m▀[0m[38;2;180;172;115m[48;2;180;172;115m▀[0m[38;2;180;172;115m[48;2;180;172;115m▀[0m[38;2;16;16;16m[48;2;16;16;16m▀[0m[38;2;82;82;32m▄[38;2;82;82;32m[48;2;131;131;65m▀[0m[38;2;131;131;65m[48;2;131;131;65m▀[0m[38;2;131;131;65m[48;2;82;82;32m▀[0m[38;2;82;82;32m▀    [38;2;82;82;32m[48;2;82;82;32m▀[0m[38;2;131;131;65m[48;2;131;131;65m▀[0m[38;2;131;131;65m[48;2;131;131;65m▀[0m[38;2;16;16;16m[48;2;16;16;16m▀[0m[38;2;180;172;115m[48;2;180;172;115m▀[0m[38;2;180;172;115m[48;2;180;172;115m▀[0m[38;2;16;16;16m[48;2;16;16;16m▀[0m    [38;2;16;16;16m[48;2;16;16;16m▀[0m[38;2;180;172;115m[48;2;180;172;115m▀[0m[38;2;180;172;115m[48;2;180;172;115m▀[0m[38;2;16;16;16m[48;2;16;16;16m▀[0m[38;2;131;131;65m[48;2;131;131;65m▀[0m[38;2;82;82;32m[48;2;82;82;32m▀[0m[38;2;180;172;115m[48;2;180;172;115m▀[0m[38;2;131;131;65m[48;2;180;172;115m▀[0m[38;2;16;16;16m[48;2;16;16;16m▀[0m        
        [38;2;82;82;32m[48;2;82;82;32m▀[0m[38;2;180;172;115m[48;2;131;131;65m▀[0m[38;2;180;172;115m[48;2;180;172;115m▀[0m[38;2;82;82;32m[48;2;180;172;115m▀[0m[38;2;180;172;115m[48;2;16;16;16m▀[0m[38;2;180;172;115m[48;2;180;172;115m▀[0m[38;2;16;16;16m[48;2;131;131;65m▀[0m[38;2;82;82;32m[48;2;16;16;16m▀[0m[38;2;131;131;65m[48;2;131;131;65m▀[0m[38;2;131;131;65m[48;2;131;131;65m▀[0m[38;2;82;82;32m[48;2;82;82;32m▀[0m      [38;2;82;82;32m[48;2;82;82;32m▀[0m[38;2;131;131;65m[48;2;131;131;65m▀[0m[38;2;16;16;16m[48;2;16;16;16m▀[0m[38;2;180;172;115m[48;2;180;172;115m▀[0m[38;2;180;172;115m[48;2;180;172;115m▀[0m[38;2;16;16;16m[48;2;16;16;16m▀[0m    [38;2;16;16;16m[48;2;16;16;16m▀[0m[38;2;180;172;115m[48;2;180;172;115m▀[0m[38;2;180;172;115m[48;2;180;172;115m▀[0m[38;2;16;16;16m[48;2;16;16;16m▀[0m[38;2;131;131;65m[48;2;131;131;65m▀[0m[38;2;16;16;16m[48;2;16;16;16m▀[0m[38;2;180;172;115m[48;2;180;172;115m▀[0m[38;2;180;172;115m[48;2;186;151;31m▀[0m[38;2;16;16;16m[48;2;16;16;16m▀[0m        
         [38;2;82;82;32m[48;2;82;82;32m▀[0m[38;2;180;172;115m[48;2;180;172;115m▀[0m[38;2;180;172;115m[48;2;180;172;115m▀[0m[38;2;16;16;16m[48;2;16;16;16m▀[0m[38;2;180;172;115m[48;2;180;172;115m▀[0m[38;2;180;172;115m[48;2;186;151;31m▀[0m[38;2;16;16;16m[48;2;16;16;16m▀[0m[38;2;131;131;65m[48;2;186;151;31m▀[0m[38;2;82;82;32m[48;2;82;82;32m▀[0m       [38;2;82;82;32m[48;2;82;82;32m▀[0m[38;2;131;131;65m[48;2;131;131;65m▀[0m[38;2;16;16;16m[48;2;16;16;16m▀[0m[38;2;180;172;115m[48;2;180;172;115m▀[0m[38;2;180;172;115m[48;2;180;172;115m▀[0m[38;2;16;16;16m[48;2;16;16;16m▀[0m    [38;2;16;16;16m[48;2;16;16;16m▀[0m[38;2;180;172;115m[48;2;186;151;31m▀[0m[38;2;186;151;31m[48;2;254;254;67m▀[0m[38;2;16;16;16m[48;2;16;16;16m▀[0m[38;2;131;131;65m[48;2;131;131;65m▀[0m[38;2;16;16;16m[48;2;16;16;16m▀[0m[38;2;186;151;31m[48;2;254;254;67m▀[0m[38;2;254;254;67m[48;2;254;254;67m▀[0m[38;2;16;16;16m[48;2;16;16;16m▀[0m        
         [38;2;82;82;32m[48;2;82;82;32m▀[0m[38;2;180;172;115m[48;2;180;172;115m▀[0m[38;2;180;172;115m[48;2;186;151;31m▀[0m[38;2;16;16;16m[48;2;82;82;32m▀[0m[38;2;186;151;31m[48;2;186;151;31m▀[0m[38;2;254;254;67m[48;2;254;254;67m▀[0m[38;2;16;16;16m[48;2;16;16;16m▀[0m[38;2;186;151;31m[48;2;186;151;31m▀[0m[38;2;82;82;32m[48;2;82;82;32m▀[0m       [38;2;82;82;32m▀[38;2;131;131;65m[48;2;16;16;16m▀[0m[38;2;82;82;32m[48;2;254;254;67m▀[0m[38;2;180;172;115m[48;2;186;151;31m▀[0m[38;2;180;172;115m[48;2;180;172;115m▀[0m[38;2;16;16;16m[48;2;16;16;16m▀[0m    [38;2;16;16;16m[48;2;16;16;16m▀[0m[38;2;254;254;67m[48;2;254;254;67m▀[0m[38;2;254;254;67m[48;2;254;254;67m▀[0m[38;2;16;16;16m[48;2;16;16;16m▀[0m[38;2;186;151;31m[48;2;186;151;31m▀[0m[38;2;16;16;16m[48;2;16;16;16m▀[0m[38;2;254;254;67m[48;2;254;254;67m▀[0m[38;2;254;254;67m[48;2;254;254;67m▀[0m[38;2;16;16;16m[48;2;16;16;16m▀[0m        
          [38;2;16;16;16m[48;2;16;16;16m▀[0m[38;2;186;151;31m[48;2;254;254;67m▀[0m[38;2;254;254;67m[48;2;254;254;67m▀[0m[38;2;82;82;32m[48;2;16;16;16m▀[0m[38;2;254;254;67m[48;2;254;254;67m▀[0m[38;2;254;254;67m[48;2;254;254;67m▀[0m[38;2;16;16;16m[48;2;16;16;16m▀[0m         [38;2;16;16;16m[48;2;16;16;16m▀[0m[38;2;254;254;67m[48;2;254;254;67m▀[0m[38;2;254;254;67m[48;2;254;254;67m▀[0m[38;2;16;16;16m[48;2;16;16;16m▀[0m     [38;2;16;16;16m[48;2;16;16;16m▀[0m[38;2;254;254;67m[48;2;254;254;67m▀[0m[38;2;254;254;67m[48;2;254;254;67m▀[0m[38;2;16;16;16m[48;2;16;16;16m▀[0m[38;2;186;151;31m[48;2;186;151;31m▀[0m[38;2;82;82;32m[48;2;82;82;32m▀[0m[38;2;254;254;67m[48;2;254;254;67m▀[0m[38;2;186;151;31m[48;2;186;151;31m▀[0m[38;2;16;16;16m[48;2;16;16;16m▀[0m        
          [38;2;16;16;16m[48;2;16;16;16m▀[0m[38;2;254;254;67m[48;2;254;254;67m▀[0m[38;2;254;254;67m[48;2;254;254;67m▀[0m[38;2;16;16;16m[48;2;16;16;16m▀[0m[38;2;254;254;67m[48;2;254;254;67m▀[0m[38;2;254;254;67m[48;2;254;254;67m▀[0m[38;2;16;16;16m[48;2;16;16;16m▀[0m         [38;2;16;16;16m[48;2;16;16;16m▀[0m[38;2;254;254;67m[48;2;254;254;67m▀[0m[38;2;254;254;67m[48;2;254;254;67m▀[0m[38;2;16;16;16m[48;2;16;16;16m▀[0m     [38;2;16;16;16m[48;2;16;16;16m▀[0m[38;2;254;254;67m[48;2;254;254;67m▀[0m[38;2;254;254;67m[48;2;254;254;67m▀[0m[38;2;16;16;16m[48;2;16;16;16m▀[0m[38;2;82;82;32m[48;2;82;82;32m▀[0m[38;2;254;254;67m[48;2;254;254;67m▀[0m[38;2;254;254;67m[48;2;254;254;67m▀[0m[38;2;16;16;16m[48;2;16;16;16m▀[0m         
          [38;2;16;16;16m[48;2;16;16;16m▀[0m[38;2;254;254;67m[48;2;186;151;31m▀[0m[38;2;254;254;67m[48;2;254;254;67m▀[0m[38;2;16;16;16m[48;2;82;82;32m▀[0m[38;2;254;254;67m[48;2;254;254;67m▀[0m[38;2;254;254;67m[48;2;254;254;67m▀[0m[38;2;16;16;16m[48;2;16;16;16m▀[0m         [38;2;16;16;16m[48;2;82;82;32m▀[0m[38;2;254;254;67m[48;2;254;254;67m▀[0m[38;2;254;254;67m[48;2;254;254;67m▀[0m[38;2;16;16;16m[48;2;16;16;16m▀[0m    [38;2;16;16;16m▄[38;2;82;82;32m[48;2;254;254;67m▀[0m[38;2;254;254;67m[48;2;254;254;67m▀[0m[38;2;254;254;67m[48;2;186;151;31m▀[0m[38;2;16;16;16m[48;2;16;16;16m▀[0m[38;2;254;254;67m[48;2;254;254;67m▀[0m[38;2;254;254;67m[48;2;254;254;67m▀[0m[38;2;186;151;31m[48;2;16;16;16m▀[0m[38;2;16;16;16m▀         
           [38;2;16;16;16m[48;2;16;16;16m▀[0m[38;2;254;254;67m[48;2;254;254;67m▀[0m[38;2;254;254;67m[48;2;254;254;67m▀[0m[38;2;82;82;32m[48;2;16;16;16m▀[0m[38;2;254;254;67m[48;2;254;254;67m▀[0m[38;2;254;254;67m[48;2;254;254;67m▀[0m[38;2;16;16;16m[48;2;16;16;16m▀[0m       [38;2;16;16;16m[48;2;16;16;16m▀[0m[38;2;254;254;67m[48;2;254;254;67m▀[0m[38;2;254;254;67m[48;2;254;254;67m▀[0m[38;2;186;151;31m[48;2;16;16;16m▀[0m[38;2;16;16;16m[48;2;186;151;31m▀[0m[38;2;82;82;32m▄   [38;2;16;16;16m[48;2;16;16;16m▀[0m[38;2;254;254;67m[48;2;254;254;67m▀[0m[38;2;254;254;67m[48;2;254;254;67m▀[0m[38;2;16;16;16m[48;2;16;16;16m▀[0m[38;2;82;82;32m[48;2;254;254;67m▀[0m[38;2;254;254;67m[48;2;254;254;67m▀[0m[38;2;254;254;67m[48;2;186;151;31m▀[0m[38;2;16;16;16m[48;2;16;16;16m▀[0m          
          [38;2;82;82;32m▄[38;2;16;16;16m[48;2;16;16;16m▀[0m[38;2;254;254;67m[48;2;254;254;67m▀[0m[38;2;254;254;67m[48;2;254;254;67m▀[0m[38;2;16;16;16m[48;2;16;16;16m▀[0m[38;2;254;254;67m[48;2;254;254;67m▀[0m[38;2;254;254;67m[48;2;254;254;67m▀[0m[38;2;16;16;16m[48;2;16;16;16m▀[0m       [38;2;16;16;16m[48;2;16;16;16m▀[0m[38;2;254;254;67m[48;2;254;254;67m▀[0m[38;2;254;254;67m[48;2;254;254;67m▀[0m[38;2;16;16;16m[48;2;16;16;16m▀[0m[38;2;186;151;31m[48;2;186;151;31m▀[0m[38;2;82;82;32m[48;2;82;82;32m▀[0m  [38;2;16;16;16m▄[38;2;82;82;32m[48;2;254;254;67m▀[0m[38;2;254;254;67m[48;2;254;254;67m▀[0m[38;2;254;254;67m[48;2;254;254;67m▀[0m[38;2;16;16;16m[48;2;16;16;16m▀[0m[38;2;254;254;67m[48;2;254;254;67m▀[0m[38;2;254;254;67m[48;2;254;254;67m▀[0m[38;2;16;16;16m[48;2;16;16;16m▀[0m[38;2;82;82;32m▄          
       [38;2;82;82;32m▄[38;2;82;82;32m[48;2;186;151;31m▀[0m[38;2;82;82;32m[48;2;186;151;31m▀[0m[38;2;186;151;31m[48;2;186;151;31m▀[0m[38;2;16;16;16m[48;2;82;82;32m▀[0m[38;2;254;254;67m[48;2;254;254;67m▀[0m[38;2;254;254;67m[48;2;254;254;67m▀[0m[38;2;16;16;16m[48;2;82;82;32m▀[0m[38;2;254;254;67m[48;2;254;254;67m▀[0m[38;2;254;254;67m[48;2;254;254;67m▀[0m[38;2;16;16;16m[48;2;16;16;16m▀[0m      [38;2;16;16;16m▄[38;2;82;82;32m[48;2;254;254;67m▀[0m[38;2;254;254;67m[48;2;254;254;67m▀[0m[38;2;254;254;67m[48;2;254;254;67m▀[0m[38;2;16;16;16m[48;2;16;16;16m▀[0m[38;2;186;151;31m[48;2;186;151;31m▀[0m[38;2;82;82;32m[48;2;82;82;32m▀[0m  [38;2;16;16;16m[48;2;16;16;16m▀[0m[38;2;254;254;67m[48;2;254;254;67m▀[0m[38;2;254;254;67m[48;2;254;254;67m▀[0m[38;2;186;151;31m[48;2;16;16;16m▀[0m[38;2;82;82;32m[48;2;186;151;31m▀[0m[38;2;254;254;67m[48;2;254;254;67m▀[0m[38;2;254;254;67m[48;2;254;254;67m▀[0m[38;2;16;16;16m[48;2;16;16;16m▀[0m[38;2;186;151;31m[48;2;186;151;31m▀[0m[38;2;82;82;32m[48;2;186;151;31m▀[0m[38;2;82;82;32m▄        
       [38;2;82;82;32m[48;2;16;16;16m▀[0m[38;2;186;151;31m[48;2;16;16;16m▀[0m[38;2;186;151;31m[48;2;82;82;32m▀[0m[38;2;82;82;32m[48;2;254;254;67m▀[0m[38;2;254;254;67m[48;2;254;254;67m▀[0m[38;2;254;254;67m[48;2;254;254;67m▀[0m[38;2;82;82;32m[48;2;82;82;32m▀[0m[38;2;254;254;67m[48;2;254;254;67m▀[0m[38;2;254;254;67m[48;2;254;254;67m▀[0m[38;2;254;254;67m[48;2;254;254;67m▀[0m[38;2;16;16;16m[48;2;16;16;16m▀[0m      [38;2;16;16;16m[48;2;16;16;16m▀[0m[38;2;254;254;67m[48;2;254;254;67m▀[0m[38;2;254;254;67m[48;2;254;254;67m▀[0m[38;2;186;151;31m[48;2;16;16;16m▀[0m[38;2;16;16;16m[48;2;186;151;31m▀[0m[38;2;186;151;31m[48;2;186;151;31m▀[0m[38;2;82;82;32m[48;2;82;82;32m▀[0m [38;2;16;16;16m▄[38;2;82;82;32m[48;2;254;254;67m▀[0m[38;2;254;254;67m[48;2;254;254;67m▀[0m[38;2;254;254;67m[48;2;254;254;67m▀[0m[38;2;16;16;16m[48;2;16;16;16m▀[0m[38;2;186;151;31m[48;2;186;151;31m▀[0m[38;2;254;254;67m[48;2;254;254;67m▀[0m[38;2;254;254;67m[48;2;254;254;67m▀[0m[38;2;82;82;32m[48;2;254;254;67m▀[0m[38;2;186;151;31m[48;2;16;16;16m▀[0m[38;2;186;151;31m[48;2;82;82;32m▀[0m[38;2;82;82;32m▀        
      [38;2;82;82;32m[48;2;82;82;32m▀[0m[38;2;254;254;67m[48;2;254;254;67m▀[0m[38;2;254;254;67m[48;2;254;254;67m▀[0m[38;2;254;254;67m[48;2;254;254;67m▀[0m[38;2;254;254;67m[48;2;254;254;67m▀[0m[38;2;254;254;67m[48;2;82;82;32m▀[0m[38;2;82;82;32m[48;2;254;254;67m▀[0m[38;2;254;254;67m[48;2;254;254;67m▀[0m[38;2;254;254;67m[48;2;254;254;67m▀[0m[38;2;254;254;67m[48;2;254;254;67m▀[0m[38;2;254;254;67m[48;2;186;151;31m▀[0m[38;2;16;16;16m[48;2;16;16;16m▀[0m     [38;2;16;16;16m▄[38;2;82;82;32m[48;2;186;151;31m▀[0m[38;2;254;254;67m[48;2;254;254;67m▀[0m[38;2;254;254;67m[48;2;254;254;67m▀[0m[38;2;16;16;16m[48;2;16;16;16m▀[0m[38;2;186;151;31m[48;2;186;151;31m▀[0m[38;2;186;151;31m[48;2;82;82;32m▀[0m[38;2;82;82;32m▀ [38;2;16;16;16m[48;2;16;16;16m▀[0m[38;2;254;254;67m[48;2;186;151;31m▀[0m[38;2;254;254;67m[48;2;254;254;67m▀[0m[38;2;254;254;67m[48;2;254;254;67m▀[0m[38;2;16;16;16m[48;2;254;254;67m▀[0m[38;2;82;82;32m[48;2;16;16;16m▀[0m[38;2;186;151;31m[48;2;186;151;31m▀[0m[38;2;254;254;67m[48;2;254;254;67m▀[0m[38;2;254;254;67m[48;2;254;254;67m▀[0m[38;2;254;254;67m[48;2;254;254;67m▀[0m[38;2;16;16;16m[48;2;254;254;67m▀[0m[38;2;82;82;32m▄        
      [38;2;16;16;16m▀[38;2;186;151;31m[48;2;16;16;16m▀[0m[38;2;186;151;31m[48;2;16;16;16m▀[0m[38;2;186;151;31m[48;2;16;16;16m▀[0m[38;2;82;82;32m[48;2;82;82;32m▀[0m[38;2;254;254;67m[48;2;254;254;67m▀[0m[38;2;254;254;67m[48;2;254;254;67m▀[0m[38;2;254;254;67m[48;2;254;254;67m▀[0m[38;2;254;254;67m[48;2;186;151;31m▀[0m[38;2;186;151;31m[48;2;186;151;31m▀[0m[38;2;16;16;16m[48;2;16;16;16m▀[0m      [38;2;16;16;16m[48;2;16;16;16m▀[0m[38;2;186;151;31m[48;2;186;151;31m▀[0m[38;2;254;254;67m[48;2;254;254;67m▀[0m[38;2;254;254;67m[48;2;254;254;67m▀[0m[38;2;16;16;16m[48;2;254;254;67m▀[0m[38;2;186;151;31m[48;2;16;16;16m▀[0m[38;2;82;82;32m▀  [38;2;16;16;16m▀[38;2;186;151;31m[48;2;16;16;16m▀[0m[38;2;254;254;67m[48;2;186;151;31m▀[0m[38;2;254;254;67m[48;2;254;254;67m▀[0m[38;2;254;254;67m[48;2;254;254;67m▀[0m[38;2;254;254;67m[48;2;254;254;67m▀[0m[38;2;82;82;32m[48;2;254;254;67m▀[0m[38;2;186;151;31m[48;2;82;82;32m▀[0m[38;2;186;151;31m[48;2;186;151;31m▀[0m[38;2;254;254;67m[48;2;186;151;31m▀[0m[38;2;254;254;67m[48;2;186;151;31m▀[0m[38;2;82;82;32m[48;2;16;16;16m▀[0m        
          [38;2;16;16;16m▀[38;2;186;151;31m[48;2;16;16;16m▀[0m[38;2;186;151;31m[48;2;16;16;16m▀[0m[38;2;186;151;31m[48;2;16;16;16m▀[0m[38;2;16;16;16m▀[38;2;16;16;16m▀       [38;2;82;82;32m▀[38;2;186;151;31m[48;2;82;82;32m▀[0m[38;2;254;254;67m[48;2;186;151;31m▀[0m[38;2;254;254;67m[48;2;254;254;67m▀[0m[38;2;254;254;67m[48;2;254;254;67m▀[0m[38;2;82;82;32m[48;2;254;254;67m▀[0m[38;2;82;82;32m▄   [38;2;16;16;16m▀[38;2;186;151;31m[48;2;16;16;16m▀[0m[38;2;186;151;31m[48;2;16;16;16m▀[0m[38;2;254;254;67m[48;2;186;151;31m▀[0m[38;2;254;254;67m[48;2;186;151;31m▀[0m[38;2;254;254;67m[48;2;186;151;31m▀[0m[38;2;16;16;16m[48;2;16;16;16m▀[0m[38;2;16;16;16m▀[38;2;16;16;16m▀[38;2;16;16;16m▀         
                        [38;2;16;16;16m▀[38;2;186;151;31m[48;2;16;16;16m▀[0m[38;2;186;151;31m[48;2;186;151;31m▀[0m[38;2;254;254;67m[48;2;186;151;31m▀[0m[38;2;254;254;67m[48;2;186;151;31m▀[0m[38;2;82;82;32m[48;2;16;16;16m▀[0m      [38;2;16;16;16m▀[38;2;16;16;16m▀[38;2;16;16;16m▀             
                          [38;2;16;16;16m▀[38;2;16;16;16m▀[38;2;16;16;16m▀                       
[0m