                         [38;2;75;39;27m▄[38;2;75;39;27m▄[38;2;75;39;27m[48;2;168;115;84m▀[0m[38;2;75;39;27m[48;2;168;115;84m▀[0m[38;2;75;39;27m▄             [38;2;75;39;27m▄[38;2;75;39;27m[48;2;168;115;84m▀[0m[38;2;75;39;27m[48;2;168;115;84m▀[0m[38;2;75;39;27m▄[38;2;75;39;27m▄                          
                         [38;2;75;39;27m[48;2;75;39;27m▀[0m[38;2;168;115;84m[48;2;168;115;84m▀[0m[38;2;168;115;84m[48;2;168;115;84m▀[0m[38;2;168;115;84m[48;2;168;115;84m▀[0m[38;2;75;39;27m[48;2;168;115;84m▀[0m[38;2;75;39;27m▄           [38;2;75;39;27m▄[38;2;75;39;27m[48;2;168;115;84m▀[0m[38;2;168;115;84m[48;2;168;115;84m▀[0m[38;2;168;115;84m[48;2;168;115;84m▀[0m[38;2;168;115;84m[48;2;168;115;84m▀[0m[38;2;168;115;84m[48;2;168;115;84m▀[0m[38;2;5;5;5m[48;2;5;5;5m▀[0m                         
                          [38;2;75;39;27m[48;2;75;39;27m▀[0m[38;2;168;115;84m[48;2;168;115;84m▀[0m[38;2;168;115;84m[48;2;77;68;69m▀[0m[38;2;168;115;84m[48;2;77;68;69m▀[0m[38;2;77;68;69m[48;2;184;179;176m▀[0m[38;2;77;68;69m[48;2;184;179;176m▀[0m[38;2;77;68;69m[48;2;184;179;176m▀[0m[38;2;77;68;69m[48;2;184;179;176m▀[0m[38;2;75;39;27m▄[38;2;75;39;27m▄[38;2;75;39;27m▄[38;2;75;39;27m▄[38;2;77;68;69m▄[38;2;77;68;69m[48;2;184;179;176m▀[0m[38;2;77;68;69m[48;2;184;179;176m▀[0m[38;2;77;68;69m[48;2;132;124;122m▀[0m[38;2;75;39;27m[48;2;132;124;122m▀[0m[38;2;168;115;84m[48;2;168;115;84m▀[0m[38;2;168;115;84m[48;2;168;115;84m▀[0m[38;2;168;115;84m[48;2;168;115;84m▀[0m[38;2;168;115;84m[48;2;168;115;84m▀[0m[38;2;5;5;5m[48;2;5;5;5m▀[0m     [38;2;118;78;56m▄                    
                     [38;2;75;39;27m▄[38;2;75;39;27m[48;2;118;78;56m▀[0m[38;2;75;39;27m▄ [38;2;77;68;69m▄[38;2;77;68;69m[48;2;184;179;176m▀[0m[38;2;77;68;69m[48;2;184;179;176m▀[0m[38;2;184;179;176m[48;2;184;179;176m▀[0m[38;2;184;179;176m[48;2;184;179;176m▀[0m[38;2;184;179;176m[48;2;118;78;56m▀[0m[38;2;184;179;176m[48;2;118;78;56m▀[0m[38;2;118;78;56m[48;2;168;115;84m▀[0m[38;2;118;78;56m[48;2;168;115;84m▀[0m[38;2;168;115;84m[48;2;168;115;84m▀[0m[38;2;168;115;84m[48;2;168;115;84m▀[0m[38;2;168;115;84m[48;2;168;115;84m▀[0m[38;2;168;115;84m[48;2;168;115;84m▀[0m[38;2;77;68;69m[48;2;168;115;84m▀[0m[38;2;184;179;176m[48;2;77;68;69m▀[0m[38;2;184;179;176m[48;2;77;68;69m▀[0m[38;2;184;179;176m[48;2;184;179;176m▀[0m[38;2;184;179;176m[48;2;184;179;176m▀[0m[38;2;132;124;122m[48;2;184;179;176m▀[0m[38;2;132;124;122m[48;2;184;179;176m▀[0m[38;2;168;115;84m[48;2;132;124;122m▀[0m[38;2;5;5;5m[48;2;5;5;5m▀[0m[38;2;77;68;69m[48;2;184;179;176m▀[0m[38;2;77;68;69m[48;2;184;179;176m▀[0m[38;2;77;68;69m▄ [38;2;75;39;27m▄[38;2;75;39;27m[48;2;168;115;84m▀[0m[38;2;168;115;84m[48;2;168;115;84m▀[0m[38;2;118;78;56m[48;2;168;115;84m▀[0m[38;2;118;78;56m▄                  
                    [38;2;75;39;27m▄[38;2;75;39;27m[48;2;118;78;56m▀[0m[38;2;118;78;56m[48;2;118;78;56m▀[0m[38;2;118;78;56m[48;2;5;5;5m▀[0m[38;2;75;39;27m[48;2;5;5;5m▀[0m[38;2;77;68;69m[48;2;184;179;176m▀[0m[38;2;184;179;176m[48;2;184;179;176m▀[0m[38;2;184;179;176m[48;2;132;124;122m▀[0m[38;2;132;124;122m[48;2;118;78;56m▀[0m[38;2;118;78;56m[48;2;168;115;84m▀[0m[38;2;168;115;84m[48;2;168;115;84m▀[0m[38;2;168;115;84m[48;2;168;115;84m▀[0m[38;2;168;115;84m[48;2;168;115;84m▀[0m[38;2;168;115;84m[48;2;168;115;84m▀[0m[38;2;168;115;84m[48;2;168;115;84m▀[0m[38;2;168;115;84m[48;2;168;115;84m▀[0m[38;2;168;115;84m[48;2;168;115;84m▀[0m[38;2;168;115;84m[48;2;168;115;84m▀[0m[38;2;168;115;84m[48;2;168;115;84m▀[0m[38;2;168;115;84m[48;2;168;115;84m▀[0m[38;2;168;115;84m[48;2;168;115;84m▀[0m[38;2;77;68;69m[48;2;77;68;69m▀[0m[38;2;184;179;176m[48;2;132;124;122m▀[0m[38;2;184;179;176m[48;2;184;179;176m▀[0m[38;2;184;179;176m[48;2;184;179;176m▀[0m[38;2;184;179;176m[48;2;184;179;176m▀[0m[38;2;184;179;176m[48;2;184;179;176m▀[0m[38;2;184;179;176m[48;2;184;179;176m▀[0m[38;2;184;179;176m[48;2;184;179;176m▀[0m[38;2;184;179;176m[48;2;132;124;122m▀[0m[38;2;75;39;27m[48;2;168;115;84m▀[0m[38;2;168;115;84m[48;2;168;115;84m▀[0m[38;2;168;115;84m[48;2;168;115;84m▀[0m[38;2;168;115;84m[48;2;168;115;84m▀[0m[38;2;168;115;84m[48;2;168;115;84m▀[0m[38;2;168;115;84m[48;2;75;39;27m▀[0m[38;2;75;39;27m▀                 
               [38;2;118;78;56m▄[38;2;118;78;56m▄[38;2;118;78;56m▄  [38;2;75;39;27m[48;2;75;39;27m▀[0m[38;2;118;78;56m[48;2;118;78;56m▀[0m[38;2;5;5;5m[48;2;5;5;5m▀[0m[38;2;184;179;176m[48;2;184;179;176m▀[0m[38;2;184;179;176m[48;2;184;179;176m▀[0m[38;2;184;179;176m[48;2;184;179;176m▀[0m[38;2;132;124;122m[48;2;184;179;176m▀[0m[38;2;118;78;56m[48;2;184;179;176m▀[0m[38;2;168;115;84m[48;2;77;68;69m▀[0m[38;2;168;115;84m[48;2;168;115;84m▀[0m[38;2;168;115;84m[48;2;77;68;69m▀[0m[38;2;168;115;84m[48;2;77;68;69m▀[0m[38;2;168;115;84m[48;2;77;68;69m▀[0m[38;2;168;115;84m[48;2;77;68;69m▀[0m[38;2;168;115;84m[48;2;168;115;84m▀[0m[38;2;168;115;84m[48;2;168;115;84m▀[0m[38;2;168;115;84m[48;2;168;115;84m▀[0m[38;2;168;115;84m[48;2;77;68;69m▀[0m[38;2;168;115;84m[48;2;77;68;69m▀[0m[38;2;168;115;84m[48;2;168;115;84m▀[0m[38;2;168;115;84m[48;2;168;115;84m▀[0m[38;2;168;115;84m[48;2;168;115;84m▀[0m[38;2;77;68;69m[48;2;77;68;69m▀[0m[38;2;184;179;176m[48;2;184;179;176m▀[0m[38;2;184;179;176m[48;2;184;179;176m▀[0m[38;2;184;179;176m[48;2;184;179;176m▀[0m[38;2;184;179;176m[48;2;184;179;176m▀[0m[38;2;184;179;176m[48;2;184;179;176m▀[0m[38;2;184;179;176m[48;2;184;179;176m▀[0m[38;2;184;179;176m[48;2;184;179;176m▀[0m[38;2;132;124;122m[48;2;184;179;176m▀[0m[38;2;168;115;84m[48;2;132;124;122m▀[0m[38;2;168;115;84m[48;2;168;115;84m▀[0m[38;2;168;115;84m[48;2;75;39;27m▀[0m[38;2;75;39;27m[48;2;75;39;27m▀[0m[38;2;118;78;56m▄[38;2;75;39;27m[48;2;168;115;84m▀[0m[38;2;75;39;27m[48;2;168;115;84m▀[0m[38;2;75;39;27m▄               
             [38;2;75;39;27m▄[38;2;118;78;56m[48;2;168;115;84m▀[0m[38;2;168;115;84m[48;2;168;115;84m▀[0m[38;2;168;115;84m[48;2;168;115;84m▀[0m[38;2;168;115;84m[48;2;168;115;84m▀[0m[38;2;75;39;27m[48;2;168;115;84m▀[0m[38;2;75;39;27m[48;2;168;115;84m▀[0m[38;2;75;39;27m▄[38;2;75;39;27m[48;2;168;115;84m▀[0m[38;2;75;39;27m[48;2;77;68;69m▀[0m[38;2;77;68;69m[48;2;184;179;176m▀[0m[38;2;77;68;69m[48;2;184;179;176m▀[0m[38;2;77;68;69m[48;2;184;179;176m▀[0m[38;2;77;68;69m[48;2;184;179;176m▀[0m[38;2;132;124;122m[48;2;77;68;69m▀[0m[38;2;132;124;122m[48;2;77;68;69m▀[0m[38;2;77;68;69m[48;2;132;124;122m▀[0m[38;2;184;179;176m[48;2;184;179;176m▀[0m[38;2;184;179;176m[48;2;184;179;176m▀[0m[38;2;184;179;176m[48;2;184;179;176m▀[0m[38;2;184;179;176m[48;2;184;179;176m▀[0m[38;2;77;68;69m[48;2;77;68;69m▀[0m[38;2;168;115;84m[48;2;168;115;84m▀[0m[38;2;77;68;69m[48;2;77;68;69m▀[0m[38;2;184;179;176m[48;2;184;179;176m▀[0m[38;2;184;179;176m[48;2;184;179;176m▀[0m[38;2;77;68;69m[48;2;184;179;176m▀[0m[38;2;77;68;69m[48;2;184;179;176m▀[0m[38;2;77;68;69m[48;2;184;179;176m▀[0m[38;2;184;179;176m[48;2;184;179;176m▀[0m[38;2;184;179;176m[48;2;184;179;176m▀[0m[38;2;184;179;176m[48;2;184;179;176m▀[0m[38;2;184;179;176m[48;2;184;179;176m▀[0m[38;2;184;179;176m[48;2;184;179;176m▀[0m[38;2;184;179;176m[48;2;184;179;176m▀[0m[38;2;184;179;176m[48;2;184;179;176m▀[0m[38;2;184;179;176m[48;2;184;179;176m▀[0m[38;2;184;179;176m[48;2;184;179;176m▀[0m[38;2;132;124;122m[48;2;184;179;176m▀[0m[38;2;75;39;27m[48;2;132;124;122m▀[0m[38;2;118;78;56m[48;2;168;115;84m▀[0m[38;2;168;115;84m[48;2;168;115;84m▀[0m[38;2;168;115;84m[48;2;168;115;84m▀[0m[38;2;168;115;84m[48;2;168;115;84m▀[0m[38;2;168;115;84m[48;2;168;115;84m▀[0m[38;2;118;78;56m[48;2;168;115;84m▀[0m[38;2;75;39;27m▄              
             [38;2;75;39;27m[48;2;75;39;27m▀[0m[38;2;168;115;84m[48;2;168;115;84m▀[0m[38;2;168;115;84m[48;2;118;78;56m▀[0m[38;2;118;78;56m[48;2;240;188;117m▀[0m[38;2;168;115;84m[48;2;118;78;56m▀[0m[38;2;168;115;84m[48;2;240;70;104m▀[0m[38;2;168;115;84m[48;2;240;70;104m▀[0m[38;2;240;70;104m[48;2;255;133;157m▀[0m[38;2;240;70;104m[48;2;255;133;157m▀[0m[38;2;240;70;104m[48;2;255;133;157m▀[0m[38;2;77;68;69m[48;2;240;70;104m▀[0m[38;2;77;68;69m[48;2;240;70;104m▀[0m[38;2;184;179;176m[48;2;77;68;69m▀[0m[38;2;184;179;176m[48;2;184;179;176m▀[0m[38;2;184;179;176m[48;2;184;179;176m▀[0m[38;2;77;68;69m[48;2;132;124;122m▀[0m[38;2;184;179;176m[48;2;184;179;176m▀[0m[38;2;184;179;176m[48;2;184;179;176m▀[0m[38;2;184;179;176m[48;2;184;179;176m▀[0m[38;2;184;179;176m[48;2;184;179;176m▀[0m[38;2;184;179;176m[48;2;184;179;176m▀[0m[38;2;132;124;122m[48;2;132;124;122m▀[0m[38;2;77;68;69m[48;2;77;68;69m▀[0m[38;2;184;179;176m[48;2;184;179;176m▀[0m[38;2;184;179;176m[48;2;184;179;176m▀[0m[38;2;184;179;176m[48;2;184;179;176m▀[0m[38;2;184;179;176m[48;2;184;179;176m▀[0m[38;2;184;179;176m[48;2;184;179;176m▀[0m[38;2;184;179;176m[48;2;184;179;176m▀[0m[38;2;184;179;176m[48;2;184;179;176m▀[0m[38;2;184;179;176m[48;2;184;179;176m▀[0m[38;2;184;179;176m[48;2;184;179;176m▀[0m[38;2;184;179;176m[48;2;184;179;176m▀[0m[38;2;184;179;176m[48;2;184;179;176m▀[0m[38;2;184;179;176m[48;2;184;179;176m▀[0m[38;2;184;179;176m[48;2;184;179;176m▀[0m[38;2;184;179;176m[48;2;184;179;176m▀[0m[38;2;184;179;176m[48;2;184;179;176m▀[0m[38;2;184;179;176m[48;2;184;179;176m▀[0m[38;2;184;179;176m[48;2;184;179;176m▀[0m[38;2;132;124;122m[48;2;132;124;122m▀[0m[38;2;168;115;84m[48;2;168;115;84m▀[0m[38;2;168;115;84m[48;2;168;115;84m▀[0m[38;2;168;115;84m[48;2;168;115;84m▀[0m[38;2;168;115;84m[48;2;5;5;5m▀[0m[38;2;168;115;84m[48;2;5;5;5m▀[0m[38;2;75;39;27m▀              
              [38;2;75;39;27m[48;2;75;39;27m▀[0m[38;2;118;78;56m[48;2;118;78;56m▀[0m[38;2;240;188;117m[48;2;240;188;117m▀[0m[38;2;240;70;104m[48;2;240;70;104m▀[0m[38;2;240;70;104m[48;2;255;133;157m▀[0m[38;2;255;133;157m[48;2;255;133;157m▀[0m[38;2;255;133;157m[48;2;255;133;157m▀[0m[38;2;255;133;157m[48;2;255;133;157m▀[0m[38;2;255;133;157m[48;2;255;133;157m▀[0m[38;2;255;133;157m[48;2;255;133;157m▀[0m[38;2;240;70;104m[48;2;255;133;157m▀[0m[38;2;77;68;69m[48;2;240;70;104m▀[0m[38;2;132;124;122m[48;2;77;68;69m▀[0m[38;2;184;179;176m[48;2;77;68;69m▀[0m[38;2;184;179;176m[48;2;77;68;69m▀[0m[38;2;184;179;176m[48;2;77;68;69m▀[0m[38;2;184;179;176m[48;2;132;124;122m▀[0m[38;2;184;179;176m[48;2;184;179;176m▀[0m[38;2;184;179;176m[48;2;184;179;176m▀[0m[38;2;184;179;176m[48;2;184;179;176m▀[0m[38;2;132;124;122m[48;2;184;179;176m▀[0m[38;2;132;124;122m[48;2;132;124;122m▀[0m[38;2;77;68;69m[48;2;77;68;69m▀[0m[38;2;184;179;176m[48;2;184;179;176m▀[0m[38;2;184;179;176m[48;2;184;179;176m▀[0m[38;2;184;179;176m[48;2;184;179;176m▀[0m[38;2;184;179;176m[48;2;184;179;176m▀[0m[38;2;184;179;176m[48;2;77;68;69m▀[0m[38;2;184;179;176m[48;2;77;68;69m▀[0m[38;2;184;179;176m[48;2;184;179;176m▀[0m[38;2;184;179;176m[48;2;184;179;176m▀[0m[38;2;184;179;176m[48;2;184;179;176m▀[0m[38;2;184;179;176m[48;2;184;179;176m▀[0m[38;2;184;179;176m[48;2;184;179;176m▀[0m[38;2;184;179;176m[48;2;184;179;176m▀[0m[38;2;184;179;176m[48;2;184;179;176m▀[0m[38;2;184;179;176m[48;2;184;179;176m▀[0m[38;2;184;179;176m[48;2;184;179;176m▀[0m[38;2;184;179;176m[48;2;184;179;176m▀[0m[38;2;184;179;176m[48;2;184;179;176m▀[0m[38;2;132;124;122m[48;2;5;5;5m▀[0m[38;2;168;115;84m[48;2;5;5;5m▀[0m[38;2;5;5;5m[48;2;132;124;122m▀[0m[38;2;77;68;69m[48;2;132;124;122m▀[0m[38;2;77;68;69m▄               
              [38;2;75;39;27m▀[38;2;118;78;56m[48;2;75;39;27m▀[0m[38;2;240;70;104m[48;2;240;70;104m▀[0m[38;2;255;133;157m[48;2;255;133;157m▀[0m[38;2;255;133;157m[48;2;255;133;157m▀[0m[38;2;255;133;157m[48;2;255;133;157m▀[0m[38;2;255;133;157m[48;2;255;133;157m▀[0m[38;2;255;133;157m[48;2;255;133;157m▀[0m[38;2;255;133;157m[48;2;255;133;157m▀[0m[38;2;255;133;157m[48;2;255;133;157m▀[0m[38;2;255;133;157m[48;2;255;133;157m▀[0m[38;2;240;70;104m[48;2;240;70;104m▀[0m[38;2;77;68;69m[48;2;77;68;69m▀[0m[38;2;77;68;69m[48;2;184;179;176m▀[0m[38;2;132;124;122m[48;2;184;179;176m▀[0m[38;2;184;179;176m[48;2;184;179;176m▀[0m[38;2;184;179;176m[48;2;184;179;176m▀[0m[38;2;184;179;176m[48;2;184;179;176m▀[0m[38;2;184;179;176m[48;2;184;179;176m▀[0m[38;2;184;179;176m[48;2;184;179;176m▀[0m[38;2;184;179;176m[48;2;184;179;176m▀[0m[38;2;132;124;122m[48;2;184;179;176m▀[0m[38;2;132;124;122m[48;2;132;124;122m▀[0m[38;2;77;68;69m[48;2;77;68;69m▀[0m[38;2;184;179;176m[48;2;77;68;69m▀[0m[38;2;77;68;69m[48;2;184;179;176m▀[0m[38;2;77;68;69m[48;2;184;179;176m▀[0m[38;2;184;179;176m[48;2;184;179;176m▀[0m[38;2;184;179;176m[48;2;184;179;176m▀[0m[38;2;77;68;69m[48;2;77;68;69m▀[0m[38;2;184;179;176m[48;2;184;179;176m▀[0m[38;2;184;179;176m[48;2;184;179;176m▀[0m[38;2;184;179;176m[48;2;184;179;176m▀[0m[38;2;184;179;176m[48;2;184;179;176m▀[0m[38;2;184;179;176m[48;2;184;179;176m▀[0m[38;2;184;179;176m[48;2;184;179;176m▀[0m[38;2;184;179;176m[48;2;184;179;176m▀[0m[38;2;184;179;176m[48;2;184;179;176m▀[0m[38;2;184;179;176m[48;2;184;179;176m▀[0m[38;2;184;179;176m[48;2;184;179;176m▀[0m[38;2;184;179;176m[48;2;184;179;176m▀[0m[38;2;184;179;176m[48;2;184;179;176m▀[0m[38;2;184;179;176m[48;2;184;179;176m▀[0m[38;2;184;179;176m[48;2;184;179;176m▀[0m[38;2;132;124;122m[48;2;184;179;176m▀[0m[38;2;77;68;69m[48;2;184;179;176m▀[0m[38;2;77;68;69m[48;2;184;179;176m▀[0m[38;2;77;68;69m▄            
           [38;2;77;68;69m▄[38;2;77;68;69m[48;2;184;179;176m▀[0m[38;2;77;68;69m[48;2;184;179;176m▀[0m[38;2;75;39;27m▄[38;2;75;39;27m[48;2;168;115;84m▀[0m[38;2;240;70;104m[48;2;240;70;104m▀[0m[38;2;255;133;157m[48;2;240;70;104m▀[0m[38;2;255;133;157m[48;2;255;133;157m▀[0m[38;2;255;133;157m[48;2;255;133;157m▀[0m[38;2;255;133;157m[48;2;255;133;157m▀[0m[38;2;255;133;157m[48;2;255;133;157m▀[0m[38;2;255;133;157m[48;2;255;133;157m▀[0m[38;2;255;133;157m[48;2;240;70;104m▀[0m[38;2;240;70;104m[48;2;240;70;104m▀[0m[38;2;77;68;69m[48;2;77;68;69m▀[0m[38;2;184;179;176m[48;2;184;179;176m▀[0m[38;2;184;179;176m[48;2;184;179;176m▀[0m[38;2;184;179;176m[48;2;184;179;176m▀[0m[38;2;184;179;176m[48;2;184;179;176m▀[0m[38;2;184;179;176m[48;2;184;179;176m▀[0m[38;2;184;179;176m[48;2;184;179;176m▀[0m[38;2;184;179;176m[48;2;184;179;176m▀[0m[38;2;184;179;176m[48;2;184;179;176m▀[0m[38;2;184;179;176m[48;2;184;179;176m▀[0m[38;2;184;179;176m[48;2;184;179;176m▀[0m[38;2;77;68;69m[48;2;184;179;176m▀[0m[38;2;184;179;176m[48;2;184;179;176m▀[0m[38;2;184;179;176m[48;2;184;179;176m▀[0m[38;2;184;179;176m[48;2;184;179;176m▀[0m[38;2;184;179;176m[48;2;184;179;176m▀[0m[38;2;184;179;176m[48;2;184;179;176m▀[0m[38;2;184;179;176m[48;2;77;68;69m▀[0m[38;2;77;68;69m[48;2;184;179;176m▀[0m[38;2;184;179;176m[48;2;184;179;176m▀[0m[38;2;184;179;176m[48;2;184;179;176m▀[0m[38;2;184;179;176m[48;2;184;179;176m▀[0m[38;2;184;179;176m[48;2;184;179;176m▀[0m[38;2;184;179;176m[48;2;184;179;176m▀[0m[38;2;184;179;176m[48;2;184;179;176m▀[0m[38;2;184;179;176m[48;2;184;179;176m▀[0m[38;2;184;179;176m[48;2;184;179;176m▀[0m[38;2;184;179;176m[48;2;184;179;176m▀[0m[38;2;184;179;176m[48;2;184;179;176m▀[0m[38;2;184;179;176m[48;2;184;179;176m▀[0m[38;2;184;179;176m[48;2;184;179;176m▀[0m[38;2;184;179;176m[48;2;184;179;176m▀[0m[38;2;184;179;176m[48;2;184;179;176m▀[0m[38;2;184;179;176m[48;2;184;179;176m▀[0m[38;2;184;179;176m[48;2;184;179;176m▀[0m[38;2;184;179;176m[48;2;184;179;176m▀[0m[38;2;132;124;122m[48;2;184;179;176m▀[0m[38;2;77;68;69m[48;2;132;124;122m▀[0m[38;2;77;68;69m▄          
           [38;2;77;68;69m[48;2;77;68;69m▀[0m[38;2;184;179;176m[48;2;184;179;176m▀[0m[38;2;75;39;27m[48;2;75;39;27m▀[0m[38;2;168;115;84m[48;2;168;115;84m▀[0m[38;2;168;115;84m[48;2;168;115;84m▀[0m[38;2;168;115;84m[48;2;168;115;84m▀[0m[38;2;240;70;104m[48;2;168;115;84m▀[0m[38;2;240;70;104m[48;2;240;70;104m▀[0m[38;2;255;133;157m[48;2;240;70;104m▀[0m[38;2;255;133;157m[48;2;240;70;104m▀[0m[38;2;255;133;157m[48;2;77;68;69m▀[0m[38;2;77;68;69m[48;2;184;179;176m▀[0m[38;2;77;68;69m[48;2;77;68;69m▀[0m[38;2;77;68;69m[48;2;77;68;69m▀[0m[38;2;132;124;122m[48;2;184;179;176m▀[0m[38;2;184;179;176m[48;2;184;179;176m▀[0m[38;2;184;179;176m[48;2;184;179;176m▀[0m[38;2;184;179;176m[48;2;5;5;5m▀[0m[38;2;184;179;176m[48;2;184;179;176m▀[0m[38;2;184;179;176m[48;2;184;179;176m▀[0m[38;2;184;179;176m[48;2;184;179;176m▀[0m[38;2;184;179;176m[48;2;184;179;176m▀[0m[38;2;184;179;176m[48;2;184;179;176m▀[0m[38;2;184;179;176m[48;2;184;179;176m▀[0m[38;2;184;179;176m[48;2;184;179;176m▀[0m[38;2;184;179;176m[48;2;184;179;176m▀[0m[38;2;184;179;176m[48;2;132;124;122m▀[0m[38;2;184;179;176m[48;2;132;124;122m▀[0m[38;2;184;179;176m[48;2;132;124;122m▀[0m[38;2;77;68;69m[48;2;184;179;176m▀[0m[38;2;77;68;69m[48;2;184;179;176m▀[0m[38;2;77;68;69m[48;2;184;179;176m▀[0m[38;2;184;179;176m[48;2;5;5;5m▀[0m[38;2;184;179;176m[48;2;184;179;176m▀[0m[38;2;184;179;176m[48;2;184;179;176m▀[0m[38;2;184;179;176m[48;2;184;179;176m▀[0m[38;2;184;179;176m[48;2;184;179;176m▀[0m[38;2;184;179;176m[48;2;184;179;176m▀[0m[38;2;184;179;176m[48;2;184;179;176m▀[0m[38;2;184;179;176m[48;2;184;179;176m▀[0m[38;2;184;179;176m[48;2;184;179;176m▀[0m[38;2;184;179;176m[48;2;184;179;176m▀[0m[38;2;184;179;176m[48;2;184;179;176m▀[0m[38;2;184;179;176m[48;2;184;179;176m▀[0m[38;2;184;179;176m[48;2;184;179;176m▀[0m[38;2;184;179;176m[48;2;184;179;176m▀[0m[38;2;184;179;176m[48;2;184;179;176m▀[0m[38;2;184;179;176m[48;2;184;179;176m▀[0m[38;2;184;179;176m[48;2;184;179;176m▀[0m[38;2;184;179;176m[48;2;184;179;176m▀[0m[38;2;184;179;176m[48;2;184;179;176m▀[0m[38;2;184;179;176m[48;2;184;179;176m▀[0m[38;2;77;68;69m[48;2;132;124;122m▀[0m[38;2;77;68;69m▄         
          [38;2;77;68;69m[48;2;77;68;69m▀[0m[38;2;184;179;176m[48;2;184;179;176m▀[0m[38;2;77;68;69m[48;2;184;179;176m▀[0m[38;2;132;124;122m[48;2;132;124;122m▀[0m[38;2;5;5;5m[48;2;5;5;5m▀[0m[38;2;5;5;5m[48;2;184;179;176m▀[0m[38;2;168;115;84m[48;2;5;5;5m▀[0m[38;2;168;115;84m[48;2;5;5;5m▀[0m[38;2;168;115;84m[48;2;77;68;69m▀[0m[38;2;77;68;69m[48;2;184;179;176m▀[0m[38;2;77;68;69m[48;2;184;179;176m▀[0m[38;2;132;124;122m[48;2;184;179;176m▀[0m[38;2;184;179;176m[48;2;184;179;176m▀[0m[38;2;184;179;176m[48;2;184;179;176m▀[0m[38;2;77;68;69m[48;2;132;124;122m▀[0m[38;2;184;179;176m[48;2;5;5;5m▀[0m[38;2;132;124;122m[48;2;5;5;5m▀[0m[38;2;5;5;5m[48;2;77;68;69m▀[0m[38;2;52;48;46m[48;2;52;48;46m▀[0m[38;2;52;48;46m[48;2;52;48;46m▀[0m[38;2;184;179;176m[48;2;184;179;176m▀[0m[38;2;184;179;176m[48;2;184;179;176m▀[0m[38;2;184;179;176m[48;2;184;179;176m▀[0m[38;2;184;179;176m[48;2;184;179;176m▀[0m[38;2;184;179;176m[48;2;184;179;176m▀[0m[38;2;184;179;176m[48;2;184;179;176m▀[0m[38;2;184;179;176m[48;2;184;179;176m▀[0m[38;2;184;179;176m[48;2;184;179;176m▀[0m[38;2;184;179;176m[48;2;184;179;176m▀[0m[38;2;184;179;176m[48;2;184;179;176m▀[0m[38;2;184;179;176m[48;2;184;179;176m▀[0m[38;2;184;179;176m[48;2;184;179;176m▀[0m[38;2;184;179;176m[48;2;184;179;176m▀[0m[38;2;5;5;5m[48;2;5;5;5m▀[0m[38;2;184;179;176m[48;2;184;179;176m▀[0m[38;2;184;179;176m[48;2;184;179;176m▀[0m[38;2;184;179;176m[48;2;184;179;176m▀[0m[38;2;184;179;176m[48;2;184;179;176m▀[0m[38;2;184;179;176m[48;2;184;179;176m▀[0m[38;2;184;179;176m[48;2;184;179;176m▀[0m[38;2;184;179;176m[48;2;184;179;176m▀[0m[38;2;184;179;176m[48;2;184;179;176m▀[0m[38;2;184;179;176m[48;2;184;179;176m▀[0m[38;2;184;179;176m[48;2;184;179;176m▀[0m[38;2;184;179;176m[48;2;184;179;176m▀[0m[38;2;184;179;176m[48;2;184;179;176m▀[0m[38;2;184;179;176m[48;2;184;179;176m▀[0m[38;2;184;179;176m[48;2;184;179;176m▀[0m[38;2;184;179;176m[48;2;184;179;176m▀[0m[38;2;184;179;176m[48;2;184;179;176m▀[0m[38;2;184;179;176m[48;2;184;179;176m▀[0m[38;2;184;179;176m[48;2;132;124;122m▀[0m[38;2;184;179;176m[48;2;184;179;176m▀[0m[38;2;132;124;122m[48;2;184;179;176m▀[0m[38;2;77;68;69m[48;2;132;124;122m▀[0m[38;2;77;68;69m▄        
          [38;2;77;68;69m▀[38;2;184;179;176m[48;2;77;68;69m▀[0m[38;2;184;179;176m[48;2;184;179;176m▀[0m[38;2;5;5;5m[48;2;5;5;5m▀[0m[38;2;118;78;56m[48;2;77;68;69m▀[0m[38;2;239;239;239m[48;2;118;78;56m▀[0m[38;2;71;148;63m[48;2;239;239;239m▀[0m[38;2;77;68;69m[48;2;77;68;69m▀[0m[38;2;184;179;176m[48;2;184;179;176m▀[0m[38;2;184;179;176m[48;2;184;179;176m▀[0m[38;2;184;179;176m[48;2;184;179;176m▀[0m[38;2;132;124;122m[48;2;184;179;176m▀[0m[38;2;5;5;5m[48;2;132;124;122m▀[0m[38;2;5;5;5m[48;2;52;48;46m▀[0m[38;2;5;5;5m[48;2;77;68;69m▀[0m[38;2;71;148;63m[48;2;77;68;69m▀[0m[38;2;77;68;69m[48;2;77;68;69m▀[0m[38;2;77;68;69m[48;2;52;48;46m▀[0m[38;2;52;48;46m[48;2;52;48;46m▀[0m[38;2;52;48;46m[48;2;184;179;176m▀[0m[38;2;184;179;176m[48;2;184;179;176m▀[0m[38;2;184;179;176m[48;2;184;179;176m▀[0m[38;2;184;179;176m[48;2;184;179;176m▀[0m[38;2;184;179;176m[48;2;184;179;176m▀[0m[38;2;184;179;176m[48;2;184;179;176m▀[0m[38;2;184;179;176m[48;2;184;179;176m▀[0m[38;2;184;179;176m[48;2;132;124;122m▀[0m[38;2;184;179;176m[48;2;132;124;122m▀[0m[38;2;184;179;176m[48;2;132;124;122m▀[0m[38;2;184;179;176m[48;2;5;5;5m▀[0m[38;2;184;179;176m[48;2;5;5;5m▀[0m[38;2;5;5;5m[48;2;184;179;176m▀[0m[38;2;5;5;5m[48;2;184;179;176m▀[0m[38;2;184;179;176m[48;2;184;179;176m▀[0m[38;2;184;179;176m[48;2;184;179;176m▀[0m[38;2;184;179;176m[48;2;184;179;176m▀[0m[38;2;184;179;176m[48;2;184;179;176m▀[0m[38;2;184;179;176m[48;2;184;179;176m▀[0m[38;2;184;179;176m[48;2;184;179;176m▀[0m[38;2;184;179;176m[48;2;184;179;176m▀[0m[38;2;184;179;176m[48;2;184;179;176m▀[0m[38;2;184;179;176m[48;2;184;179;176m▀[0m[38;2;184;179;176m[48;2;184;179;176m▀[0m[38;2;184;179;176m[48;2;184;179;176m▀[0m[38;2;184;179;176m[48;2;184;179;176m▀[0m[38;2;184;179;176m[48;2;184;179;176m▀[0m[38;2;184;179;176m[48;2;184;179;176m▀[0m[38;2;184;179;176m[48;2;184;179;176m▀[0m[38;2;184;179;176m[48;2;184;179;176m▀[0m[38;2;184;179;176m[48;2;184;179;176m▀[0m[38;2;184;179;176m[48;2;184;179;176m▀[0m[38;2;184;179;176m[48;2;184;179;176m▀[0m[38;2;132;124;122m[48;2;184;179;176m▀[0m[38;2;184;179;176m[48;2;77;68;69m▀[0m[38;2;132;124;122m[48;2;132;124;122m▀[0m[38;2;132;124;122m[48;2;132;124;122m▀[0m[38;2;77;68;69m[48;2;132;124;122m▀[0m[38;2;5;5;5m▄      
           [38;2;77;68;69m[48;2;77;68;69m▀[0m[38;2;77;68;69m[48;2;132;124;122m▀[0m[38;2;5;5;5m[48;2;5;5;5m▀[0m[38;2;184;179;176m[48;2;184;179;176m▀[0m[38;2;77;68;69m[48;2;5;5;5m▀[0m[38;2;5;5;5m[48;2;184;179;176m▀[0m[38;2;184;179;176m[48;2;5;5;5m▀[0m[38;2;184;179;176m[48;2;5;5;5m▀[0m[38;2;184;179;176m[48;2;5;5;5m▀[0m[38;2;184;179;176m[48;2;184;179;176m▀[0m[38;2;184;179;176m[48;2;184;179;176m▀[0m[38;2;184;179;176m[48;2;184;179;176m▀[0m[38;2;184;179;176m[48;2;184;179;176m▀[0m[38;2;52;48;46m[48;2;184;179;176m▀[0m[38;2;52;48;46m[48;2;52;48;46m▀[0m[38;2;52;48;46m[48;2;184;179;176m▀[0m[38;2;52;48;46m[48;2;52;48;46m▀[0m[38;2;184;179;176m[48;2;184;179;176m▀[0m[38;2;184;179;176m[48;2;184;179;176m▀[0m[38;2;184;179;176m[48;2;184;179;176m▀[0m[38;2;184;179;176m[48;2;184;179;176m▀[0m[38;2;184;179;176m[48;2;184;179;176m▀[0m[38;2;184;179;176m[48;2;184;179;176m▀[0m[38;2;184;179;176m[48;2;184;179;176m▀[0m[38;2;184;179;176m[48;2;184;179;176m▀[0m[38;2;184;179;176m[48;2;184;179;176m▀[0m[38;2;184;179;176m[48;2;184;179;176m▀[0m[38;2;184;179;176m[48;2;184;179;176m▀[0m[38;2;184;179;176m[48;2;184;179;176m▀[0m[38;2;5;5;5m[48;2;5;5;5m▀[0m[38;2;184;179;176m[48;2;132;124;122m▀[0m[38;2;184;179;176m[48;2;132;124;122m▀[0m[38;2;184;179;176m[48;2;184;179;176m▀[0m[38;2;184;179;176m[48;2;184;179;176m▀[0m[38;2;184;179;176m[48;2;184;179;176m▀[0m[38;2;184;179;176m[48;2;184;179;176m▀[0m[38;2;184;179;176m[48;2;184;179;176m▀[0m[38;2;184;179;176m[48;2;184;179;176m▀[0m[38;2;184;179;176m[48;2;132;124;122m▀[0m[38;2;184;179;176m[48;2;184;179;176m▀[0m[38;2;184;179;176m[48;2;184;179;176m▀[0m[38;2;184;179;176m[48;2;184;179;176m▀[0m[38;2;184;179;176m[48;2;184;179;176m▀[0m[38;2;184;179;176m[48;2;184;179;176m▀[0m[38;2;184;179;176m[48;2;184;179;176m▀[0m[38;2;132;124;122m[48;2;184;179;176m▀[0m[38;2;184;179;176m[48;2;132;124;122m▀[0m[38;2;184;179;176m[48;2;184;179;176m▀[0m[38;2;184;179;176m[48;2;184;179;176m▀[0m[38;2;184;179;176m[48;2;184;179;176m▀[0m[38;2;184;179;176m[48;2;184;179;176m▀[0m[38;2;184;179;176m[48;2;184;179;176m▀[0m[38;2;77;68;69m[48;2;132;124;122m▀[0m[38;2;132;124;122m[48;2;77;68;69m▀[0m[38;2;132;124;122m[48;2;132;124;122m▀[0m[38;2;132;124;122m[48;2;5;5;5m▀[0m[38;2;5;5;5m[48;2;168;115;84m▀[0m[38;2;75;39;27m▄[38;2;75;39;27m▄    
           [38;2;77;68;69m▀[38;2;132;124;122m[48;2;77;68;69m▀[0m[38;2;132;124;122m[48;2;132;124;122m▀[0m[38;2;5;5;5m[48;2;5;5;5m▀[0m[38;2;184;179;176m[48;2;184;179;176m▀[0m[38;2;184;179;176m[48;2;184;179;176m▀[0m[38;2;132;124;122m[48;2;184;179;176m▀[0m[38;2;5;5;5m[48;2;77;68;69m▀[0m[38;2;132;124;122m[48;2;184;179;176m▀[0m[38;2;184;179;176m[48;2;184;179;176m▀[0m[38;2;184;179;176m[48;2;184;179;176m▀[0m[38;2;184;179;176m[48;2;184;179;176m▀[0m[38;2;184;179;176m[48;2;184;179;176m▀[0m[38;2;184;179;176m[48;2;184;179;176m▀[0m[38;2;184;179;176m[48;2;184;179;176m▀[0m[38;2;184;179;176m[48;2;184;179;176m▀[0m[38;2;184;179;176m[48;2;184;179;176m▀[0m[38;2;184;179;176m[48;2;132;124;122m▀[0m[38;2;184;179;176m[48;2;132;124;122m▀[0m[38;2;184;179;176m[48;2;184;179;176m▀[0m[38;2;184;179;176m[48;2;184;179;176m▀[0m[38;2;184;179;176m[48;2;184;179;176m▀[0m[38;2;184;179;176m[48;2;184;179;176m▀[0m[38;2;132;124;122m[48;2;184;179;176m▀[0m[38;2;132;124;122m[48;2;184;179;176m▀[0m[38;2;184;179;176m[48;2;77;68;69m▀[0m[38;2;184;179;176m[48;2;5;5;5m▀[0m[38;2;184;179;176m[48;2;5;5;5m▀[0m[38;2;5;5;5m[48;2;132;124;122m▀[0m[38;2;132;124;122m[48;2;132;124;122m▀[0m[38;2;132;124;122m[48;2;132;124;122m▀[0m[38;2;132;124;122m[48;2;132;124;122m▀[0m[38;2;132;124;122m[48;2;132;124;122m▀[0m[38;2;132;124;122m[48;2;132;124;122m▀[0m[38;2;132;124;122m[48;2;132;124;122m▀[0m[38;2;184;179;176m[48;2;132;124;122m▀[0m[38;2;184;179;176m[48;2;132;124;122m▀[0m[38;2;184;179;176m[48;2;132;124;122m▀[0m[38;2;77;68;69m[48;2;77;68;69m▀[0m[38;2;184;179;176m[48;2;132;124;122m▀[0m[38;2;184;179;176m[48;2;184;179;176m▀[0m[38;2;184;179;176m[48;2;184;179;176m▀[0m[38;2;184;179;176m[48;2;184;179;176m▀[0m[38;2;184;179;176m[48;2;184;179;176m▀[0m[38;2;184;179;176m[48;2;184;179;176m▀[0m[38;2;184;179;176m[48;2;184;179;176m▀[0m[38;2;184;179;176m[48;2;184;179;176m▀[0m[38;2;77;68;69m[48;2;77;68;69m▀[0m[38;2;184;179;176m[48;2;132;124;122m▀[0m[38;2;184;179;176m[48;2;132;124;122m▀[0m[38;2;184;179;176m[48;2;132;124;122m▀[0m[38;2;132;124;122m[48;2;132;124;122m▀[0m[38;2;132;124;122m[48;2;132;124;122m▀[0m[38;2;77;68;69m[48;2;5;5;5m▀[0m[38;2;5;5;5m[48;2;118;78;56m▀[0m[38;2;168;115;84m[48;2;168;115;84m▀[0m[38;2;168;115;84m[48;2;168;115;84m▀[0m[38;2;168;115;84m[48;2;168;115;84m▀[0m[38;2;168;115;84m[48;2;168;115;84m▀[0m[38;2;75;39;27m[48;2;168;115;84m▀[0m[38;2;75;39;27m[48;2;5;5;5m▀[0m  
         [38;2;75;39;27m▄[38;2;75;39;27m[48;2;168;115;84m▀[0m[38;2;75;39;27m[48;2;168;115;84m▀[0m[38;2;168;115;84m[48;2;168;115;84m▀[0m[38;2;77;68;69m[48;2;168;115;84m▀[0m[38;2;5;5;5m[48;2;168;115;84m▀[0m[38;2;184;179;176m[48;2;5;5;5m▀[0m[38;2;184;179;176m[48;2;5;5;5m▀[0m[38;2;5;5;5m[48;2;239;239;239m▀[0m[38;2;5;5;5m[48;2;190;139;71m▀[0m[38;2;5;5;5m[48;2;190;139;71m▀[0m[38;2;5;5;5m[48;2;190;139;71m▀[0m[38;2;132;124;122m[48;2;239;239;239m▀[0m[38;2;184;179;176m[48;2;5;5;5m▀[0m[38;2;184;179;176m[48;2;132;124;122m▀[0m[38;2;184;179;176m[48;2;184;179;176m▀[0m[38;2;77;68;69m[48;2;5;5;5m▀[0m[38;2;184;179;176m[48;2;184;179;176m▀[0m[38;2;184;179;176m[48;2;132;124;122m▀[0m[38;2;77;68;69m[48;2;77;68;69m▀[0m[38;2;132;124;122m[48;2;132;124;122m▀[0m[38;2;132;124;122m[48;2;132;124;122m▀[0m[38;2;184;179;176m[48;2;5;5;5m▀[0m[38;2;184;179;176m[48;2;5;5;5m▀[0m[38;2;184;179;176m[48;2;184;179;176m▀[0m[38;2;184;179;176m[48;2;184;179;176m▀[0m[38;2;184;179;176m[48;2;184;179;176m▀[0m[38;2;184;179;176m[48;2;5;5;5m▀[0m[38;2;5;5;5m[48;2;132;124;122m▀[0m[38;2;132;124;122m[48;2;132;124;122m▀[0m[38;2;132;124;122m[48;2;132;124;122m▀[0m[38;2;132;124;122m[48;2;132;124;122m▀[0m[38;2;132;124;122m[48;2;132;124;122m▀[0m[38;2;132;124;122m[48;2;132;124;122m▀[0m[38;2;132;124;122m[48;2;132;124;122m▀[0m[38;2;132;124;122m[48;2;132;124;122m▀[0m[38;2;132;124;122m[48;2;132;124;122m▀[0m[38;2;132;124;122m[48;2;132;124;122m▀[0m[38;2;132;124;122m[48;2;132;124;122m▀[0m[38;2;77;68;69m[48;2;77;68;69m▀[0m[38;2;132;124;122m[48;2;132;124;122m▀[0m[38;2;77;68;69m[48;2;77;68;69m▀[0m[38;2;184;179;176m[48;2;132;124;122m▀[0m[38;2;184;179;176m[48;2;132;124;122m▀[0m[38;2;184;179;176m[48;2;184;179;176m▀[0m[38;2;184;179;176m[48;2;184;179;176m▀[0m[38;2;184;179;176m[48;2;184;179;176m▀[0m[38;2;184;179;176m[48;2;184;179;176m▀[0m[38;2;184;179;176m[48;2;132;124;122m▀[0m[38;2;132;124;122m[48;2;132;124;122m▀[0m[38;2;77;68;69m[48;2;77;68;69m▀[0m[38;2;132;124;122m[48;2;5;5;5m▀[0m[38;2;132;124;122m[48;2;5;5;5m▀[0m[38;2;77;68;69m[48;2;168;115;84m▀[0m[38;2;5;5;5m[48;2;168;115;84m▀[0m[38;2;118;78;56m[48;2;168;115;84m▀[0m[38;2;75;39;27m[48;2;168;115;84m▀[0m[38;2;75;39;27m[48;2;168;115;84m▀[0m[38;2;168;115;84m[48;2;75;39;27m▀[0m[38;2;168;115;84m[48;2;5;5;5m▀[0m[38;2;168;115;84m[48;2;5;5;5m▀[0m[38;2;5;5;5m▀   
         [38;2;75;39;27m[48;2;75;39;27m▀[0m[38;2;168;115;84m[48;2;168;115;84m▀[0m[38;2;168;115;84m[48;2;118;78;56m▀[0m[38;2;168;115;84m[48;2;75;39;27m▀[0m[38;2;118;78;56m[48;2;168;115;84m▀[0m[38;2;168;115;84m[48;2;168;115;84m▀[0m[38;2;168;115;84m[48;2;168;115;84m▀[0m[38;2;5;5;5m[48;2;168;115;84m▀[0m[38;2;190;139;71m[48;2;5;5;5m▀[0m[38;2;190;139;71m[48;2;190;139;71m▀[0m[38;2;190;139;71m[48;2;190;139;71m▀[0m[38;2;190;139;71m[48;2;190;139;71m▀[0m[38;2;118;78;56m[48;2;190;139;71m▀[0m[38;2;190;139;71m[48;2;190;139;71m▀[0m[38;2;5;5;5m[48;2;190;139;71m▀[0m[38;2;5;5;5m[48;2;190;139;71m▀[0m[38;2;190;139;71m[48;2;190;139;71m▀[0m[38;2;5;5;5m[48;2;5;5;5m▀[0m[38;2;5;5;5m[48;2;132;124;122m▀[0m[38;2;132;124;122m[48;2;132;124;122m▀[0m[38;2;132;124;122m[48;2;132;124;122m▀[0m[38;2;132;124;122m[48;2;132;124;122m▀[0m[38;2;132;124;122m[48;2;132;124;122m▀[0m[38;2;132;124;122m[48;2;5;5;5m▀[0m[38;2;5;5;5m[48;2;132;124;122m▀[0m[38;2;5;5;5m[48;2;132;124;122m▀[0m[38;2;5;5;5m[48;2;132;124;122m▀[0m[38;2;132;124;122m[48;2;132;124;122m▀[0m[38;2;132;124;122m[48;2;132;124;122m▀[0m[38;2;132;124;122m[48;2;132;124;122m▀[0m[38;2;132;124;122m[48;2;132;124;122m▀[0m[38;2;132;124;122m[48;2;132;124;122m▀[0m[38;2;132;124;122m[48;2;132;124;122m▀[0m[38;2;132;124;122m[48;2;132;124;122m▀[0m[38;2;132;124;122m[48;2;132;124;122m▀[0m[38;2;132;124;122m[48;2;132;124;122m▀[0m[38;2;132;124;122m[48;2;132;124;122m▀[0m[38;2;132;124;122m[48;2;132;124;122m▀[0m[38;2;132;124;122m[48;2;132;124;122m▀[0m[38;2;132;124;122m[48;2;132;124;122m▀[0m[38;2;132;124;122m[48;2;132;124;122m▀[0m[38;2;132;124;122m[48;2;132;124;122m▀[0m[38;2;5;5;5m[48;2;132;124;122m▀[0m[38;2;132;124;122m[48;2;5;5;5m▀[0m[38;2;132;124;122m[48;2;5;5;5m▀[0m[38;2;132;124;122m[48;2;132;124;122m▀[0m[38;2;132;124;122m[48;2;132;124;122m▀[0m[38;2;132;124;122m[48;2;132;124;122m▀[0m[38;2;132;124;122m[48;2;77;68;69m▀[0m[38;2;132;124;122m[48;2;5;5;5m▀[0m[38;2;5;5;5m[48;2;168;115;84m▀[0m[38;2;118;78;56m[48;2;168;115;84m▀[0m[38;2;168;115;84m[48;2;75;39;27m▀[0m[38;2;168;115;84m[48;2;168;115;84m▀[0m[38;2;168;115;84m[48;2;168;115;84m▀[0m[38;2;168;115;84m[48;2;168;115;84m▀[0m[38;2;168;115;84m[48;2;168;115;84m▀[0m[38;2;168;115;84m[48;2;168;115;84m▀[0m[38;2;168;115;84m[48;2;75;39;27m▀[0m[38;2;75;39;27m▀     
          [38;2;75;39;27m▀[38;2;75;39;27m[48;2;75;39;27m▀[0m[38;2;168;115;84m[48;2;168;115;84m▀[0m[38;2;168;115;84m[48;2;168;115;84m▀[0m[38;2;168;115;84m[48;2;168;115;84m▀[0m[38;2;168;115;84m[48;2;168;115;84m▀[0m[38;2;168;115;84m[48;2;5;5;5m▀[0m[38;2;118;78;56m[48;2;77;68;69m▀[0m[38;2;5;5;5m[48;2;184;179;176m▀[0m[38;2;5;5;5m[48;2;184;179;176m▀[0m[38;2;190;139;71m[48;2;5;5;5m▀[0m[38;2;190;139;71m[48;2;5;5;5m▀[0m[38;2;190;139;71m[48;2;5;5;5m▀[0m[38;2;190;139;71m[48;2;5;5;5m▀[0m[38;2;118;78;56m[48;2;184;179;176m▀[0m[38;2;5;5;5m[48;2;184;179;176m▀[0m[38;2;132;124;122m[48;2;184;179;176m▀[0m[38;2;132;124;122m[48;2;184;179;176m▀[0m[38;2;132;124;122m[48;2;132;124;122m▀[0m[38;2;132;124;122m[48;2;132;124;122m▀[0m[38;2;132;124;122m[48;2;5;5;5m▀[0m[38;2;5;5;5m[48;2;132;124;122m▀[0m[38;2;132;124;122m[48;2;132;124;122m▀[0m[38;2;132;124;122m[48;2;132;124;122m▀[0m[38;2;132;124;122m[48;2;132;124;122m▀[0m[38;2;132;124;122m[48;2;132;124;122m▀[0m[38;2;132;124;122m[48;2;132;124;122m▀[0m[38;2;132;124;122m[48;2;132;124;122m▀[0m[38;2;132;124;122m[48;2;132;124;122m▀[0m[38;2;132;124;122m[48;2;132;124;122m▀[0m[38;2;132;124;122m[48;2;132;124;122m▀[0m[38;2;132;124;122m[48;2;132;124;122m▀[0m[38;2;132;124;122m[48;2;132;124;122m▀[0m[38;2;132;124;122m[48;2;132;124;122m▀[0m[38;2;132;124;122m[48;2;132;124;122m▀[0m[38;2;132;124;122m[48;2;132;124;122m▀[0m[38;2;132;124;122m[48;2;132;124;122m▀[0m[38;2;132;124;122m[48;2;132;124;122m▀[0m[38;2;132;124;122m[48;2;132;124;122m▀[0m[38;2;132;124;122m[48;2;132;124;122m▀[0m[38;2;132;124;122m[48;2;132;124;122m▀[0m[38;2;132;124;122m[48;2;132;124;122m▀[0m[38;2;77;68;69m[48;2;77;68;69m▀[0m[38;2;118;78;56m[48;2;118;78;56m▀[0m[38;2;5;5;5m[48;2;118;78;56m▀[0m[38;2;5;5;5m[48;2;118;78;56m▀[0m[38;2;5;5;5m[48;2;75;39;27m▀[0m[38;2;168;115;84m[48;2;168;115;84m▀[0m[38;2;168;115;84m[48;2;168;115;84m▀[0m[38;2;168;115;84m[48;2;168;115;84m▀[0m[38;2;168;115;84m[48;2;168;115;84m▀[0m[38;2;168;115;84m[48;2;168;115;84m▀[0m[38;2;75;39;27m[48;2;75;39;27m▀[0m[38;2;75;39;27m[48;2;118;78;56m▀[0m[38;2;168;115;84m[48;2;5;5;5m▀[0m[38;2;168;115;84m[48;2;5;5;5m▀[0m[38;2;5;5;5m▀       
            [38;2;5;5;5m▀[38;2;168;115;84m[48;2;5;5;5m▀[0m[38;2;168;115;84m[48;2;5;5;5m▀[0m[38;2;5;5;5m[48;2;118;78;56m▀[0m[38;2;118;78;56m[48;2;77;68;69m▀[0m[38;2;77;68;69m[48;2;184;179;176m▀[0m[38;2;184;179;176m[48;2;184;179;176m▀[0m[38;2;132;124;122m[48;2;5;5;5m▀[0m[38;2;77;68;69m[48;2;77;68;69m▀[0m[38;2;184;179;176m[48;2;184;179;176m▀[0m[38;2;184;179;176m[48;2;184;179;176m▀[0m[38;2;184;179;176m[48;2;184;179;176m▀[0m[38;2;184;179;176m[48;2;184;179;176m▀[0m[38;2;184;179;176m[48;2;5;5;5m▀[0m[38;2;184;179;176m[48;2;184;179;176m▀[0m[38;2;184;179;176m[48;2;184;179;176m▀[0m[38;2;184;179;176m[48;2;184;179;176m▀[0m[38;2;132;124;122m[48;2;5;5;5m▀[0m[38;2;5;5;5m[48;2;118;78;56m▀[0m[38;2;77;68;69m[48;2;118;78;56m▀[0m[38;2;77;68;69m[48;2;118;78;56m▀[0m[38;2;77;68;69m[48;2;118;78;56m▀[0m[38;2;132;124;122m[48;2;77;68;69m▀[0m[38;2;132;124;122m[48;2;77;68;69m▀[0m[38;2;132;124;122m[48;2;132;124;122m▀[0m[38;2;132;124;122m[48;2;132;124;122m▀[0m[38;2;132;124;122m[48;2;132;124;122m▀[0m[38;2;132;124;122m[48;2;132;124;122m▀[0m[38;2;132;124;122m[48;2;132;124;122m▀[0m[38;2;132;124;122m[48;2;77;68;69m▀[0m[38;2;132;124;122m[48;2;77;68;69m▀[0m[38;2;77;68;69m[48;2;132;124;122m▀[0m[38;2;132;124;122m[48;2;132;124;122m▀[0m[38;2;132;124;122m[48;2;132;124;122m▀[0m[38;2;132;124;122m[48;2;132;124;122m▀[0m[38;2;132;124;122m[48;2;132;124;122m▀[0m[38;2;132;124;122m[48;2;132;124;122m▀[0m[38;2;132;124;122m[48;2;77;68;69m▀[0m[38;2;132;124;122m[48;2;77;68;69m▀[0m[38;2;77;68;69m[48;2;118;78;56m▀[0m[38;2;118;78;56m[48;2;118;78;56m▀[0m[38;2;75;39;27m[48;2;5;5;5m▀[0m[38;2;118;78;56m[48;2;118;78;56m▀[0m[38;2;118;78;56m[48;2;118;78;56m▀[0m[38;2;118;78;56m[48;2;118;78;56m▀[0m[38;2;75;39;27m[48;2;118;78;56m▀[0m[38;2;168;115;84m[48;2;5;5;5m▀[0m[38;2;168;115;84m[48;2;168;115;84m▀[0m[38;2;168;115;84m[48;2;168;115;84m▀[0m[38;2;168;115;84m[48;2;5;5;5m▀[0m[38;2;168;115;84m[48;2;5;5;5m▀[0m[38;2;75;39;27m[48;2;118;78;56m▀[0m[38;2;118;78;56m[48;2;118;78;56m▀[0m[38;2;118;78;56m[48;2;118;78;56m▀[0m[38;2;75;39;27m[48;2;118;78;56m▀[0m[38;2;75;39;27m▄  [38;2;75;39;27m▄[38;2;75;39;27m▄  
              [38;2;75;39;27m[48;2;75;39;27m▀[0m[38;2;118;78;56m[48;2;118;78;56m▀[0m[38;2;77;68;69m[48;2;118;78;56m▀[0m[38;2;5;5;5m[48;2;118;78;56m▀[0m[38;2;5;5;5m[48;2;118;78;56m▀[0m[38;2;118;78;56m[48;2;118;78;56m▀[0m[38;2;5;5;5m[48;2;5;5;5m▀[0m[38;2;184;179;176m[48;2;184;179;176m▀[0m[38;2;184;179;176m[48;2;184;179;176m▀[0m[38;2;184;179;176m[48;2;5;5;5m▀[0m[38;2;132;124;122m[48;2;5;5;5m▀[0m[38;2;5;5;5m[48;2;132;124;122m▀[0m[38;2;184;179;176m[48;2;5;5;5m▀[0m[38;2;184;179;176m[48;2;184;179;176m▀[0m[38;2;132;124;122m[48;2;5;5;5m▀[0m[38;2;5;5;5m[48;2;77;68;69m▀[0m[38;2;118;78;56m[48;2;118;78;56m▀[0m[38;2;118;78;56m[48;2;118;78;56m▀[0m[38;2;118;78;56m[48;2;118;78;56m▀[0m[38;2;118;78;56m[48;2;118;78;56m▀[0m[38;2;118;78;56m[48;2;118;78;56m▀[0m[38;2;118;78;56m[48;2;118;78;56m▀[0m[38;2;77;68;69m[48;2;118;78;56m▀[0m[38;2;132;124;122m[48;2;77;68;69m▀[0m[38;2;132;124;122m[48;2;132;124;122m▀[0m[38;2;77;68;69m[48;2;132;124;122m▀[0m[38;2;77;68;69m[48;2;132;124;122m▀[0m[38;2;132;124;122m[48;2;132;124;122m▀[0m[38;2;132;124;122m[48;2;132;124;122m▀[0m[38;2;132;124;122m[48;2;132;124;122m▀[0m[38;2;132;124;122m[48;2;132;124;122m▀[0m[38;2;132;124;122m[48;2;77;68;69m▀[0m[38;2;132;124;122m[48;2;77;68;69m▀[0m[38;2;77;68;69m[48;2;118;78;56m▀[0m[38;2;77;68;69m[48;2;118;78;56m▀[0m[38;2;118;78;56m[48;2;118;78;56m▀[0m[38;2;118;78;56m[48;2;118;78;56m▀[0m[38;2;75;39;27m[48;2;168;115;84m▀[0m[38;2;118;78;56m[48;2;75;39;27m▀[0m[38;2;118;78;56m[48;2;118;78;56m▀[0m[38;2;5;5;5m[48;2;5;5;5m▀[0m[38;2;118;78;56m[48;2;118;78;56m▀[0m[38;2;118;78;56m[48;2;118;78;56m▀[0m[38;2;118;78;56m[48;2;118;78;56m▀[0m[38;2;118;78;56m[48;2;118;78;56m▀[0m[38;2;5;5;5m[48;2;118;78;56m▀[0m[38;2;5;5;5m[48;2;118;78;56m▀[0m[38;2;118;78;56m[48;2;118;78;56m▀[0m[38;2;118;78;56m[48;2;168;115;84m▀[0m[38;2;118;78;56m[48;2;168;115;84m▀[0m[38;2;118;78;56m[48;2;168;115;84m▀[0m[38;2;118;78;56m[48;2;168;115;84m▀[0m[38;2;118;78;56m[48;2;168;115;84m▀[0m[38;2;118;78;56m[48;2;118;78;56m▀[0m[38;2;75;39;27m[48;2;118;78;56m▀[0m[38;2;75;39;27m[48;2;75;39;27m▀[0m[38;2;168;115;84m[48;2;168;115;84m▀[0m[38;2;75;39;27m[48;2;75;39;27m▀[0m[38;2;75;39;27m▄[38;2;75;39;27m▄
        [38;2;75;39;27m▄[38;2;75;39;27m▄[38;2;75;39;27m[48;2;168;115;84m▀[0m[38;2;75;39;27m[48;2;168;115;84m▀[0m[38;2;75;39;27m[48;2;168;115;84m▀[0m[38;2;75;39;27m[48;2;168;115;84m▀[0m[38;2;75;39;27m[48;2;168;115;84m▀[0m[38;2;75;39;27m[48;2;168;115;84m▀[0m[38;2;118;78;56m[48;2;75;39;27m▀[0m[38;2;118;78;56m[48;2;75;39;27m▀[0m[38;2;118;78;56m[48;2;118;78;56m▀[0m[38;2;118;78;56m[48;2;118;78;56m▀[0m[38;2;5;5;5m[48;2;118;78;56m▀[0m[38;2;184;179;176m[48;2;5;5;5m▀[0m[38;2;5;5;5m[48;2;75;39;27m▀[0m[38;2;75;39;27m[48;2;168;115;84m▀[0m[38;2;77;68;69m[48;2;118;78;56m▀[0m[38;2;132;124;122m[48;2;77;68;69m▀[0m[38;2;132;124;122m[48;2;77;68;69m▀[0m[38;2;5;5;5m[48;2;132;124;122m▀[0m[38;2;132;124;122m[48;2;132;124;122m▀[0m[38;2;132;124;122m[48;2;132;124;122m▀[0m[38;2;77;68;69m[48;2;132;124;122m▀[0m[38;2;77;68;69m[48;2;132;124;122m▀[0m[38;2;118;78;56m[48;2;77;68;69m▀[0m[38;2;118;78;56m[48;2;118;78;56m▀[0m[38;2;118;78;56m[48;2;118;78;56m▀[0m[38;2;118;78;56m[48;2;118;78;56m▀[0m[38;2;118;78;56m[48;2;77;68;69m▀[0m[38;2;77;68;69m[48;2;132;124;122m▀[0m[38;2;132;124;122m[48;2;132;124;122m▀[0m[38;2;132;124;122m[48;2;132;124;122m▀[0m[38;2;132;124;122m[48;2;132;124;122m▀[0m[38;2;132;124;122m[48;2;77;68;69m▀[0m[38;2;132;124;122m[48;2;77;68;69m▀[0m[38;2;132;124;122m[48;2;77;68;69m▀[0m[38;2;77;68;69m[48;2;118;78;56m▀[0m[38;2;118;78;56m[48;2;118;78;56m▀[0m[38;2;118;78;56m[48;2;118;78;56m▀[0m[38;2;118;78;56m[48;2;118;78;56m▀[0m[38;2;118;78;56m[48;2;75;39;27m▀[0m[38;2;118;78;56m[48;2;168;115;84m▀[0m[38;2;168;115;84m[48;2;168;115;84m▀[0m[38;2;168;115;84m[48;2;168;115;84m▀[0m[38;2;168;115;84m[48;2;168;115;84m▀[0m[38;2;75;39;27m[48;2;5;5;5m▀[0m[38;2;118;78;56m[48;2;118;78;56m▀[0m[38;2;5;5;5m[48;2;118;78;56m▀[0m[38;2;118;78;56m[48;2;5;5;5m▀[0m[38;2;118;78;56m[48;2;77;68;69m▀[0m[38;2;77;68;69m[48;2;184;179;176m▀[0m[38;2;77;68;69m[48;2;184;179;176m▀[0m[38;2;168;115;84m[48;2;77;68;69m▀[0m[38;2;168;115;84m[48;2;168;115;84m▀[0m[38;2;168;115;84m[48;2;168;115;84m▀[0m[38;2;168;115;84m[48;2;168;115;84m▀[0m[38;2;168;115;84m[48;2;168;115;84m▀[0m[38;2;168;115;84m[48;2;168;115;84m▀[0m[38;2;168;115;84m[48;2;168;115;84m▀[0m[38;2;168;115;84m[48;2;168;115;84m▀[0m[38;2;118;78;56m[48;2;168;115;84m▀[0m[38;2;168;115;84m[48;2;168;115;84m▀[0m[38;2;168;115;84m[48;2;168;115;84m▀[0m[38;2;75;39;27m[48;2;118;78;56m▀[0m[38;2;118;78;56m[48;2;118;78;56m▀[0m[38;2;75;39;27m[48;2;5;5;5m▀[0m
     [38;2;77;68;69m▄[38;2;77;68;69m[48;2;184;179;176m▀[0m[38;2;77;68;69m[48;2;77;68;69m▀[0m[38;2;168;115;84m[48;2;168;115;84m▀[0m[38;2;168;115;84m[48;2;168;115;84m▀[0m[38;2;168;115;84m[48;2;77;68;69m▀[0m[38;2;168;115;84m[48;2;77;68;69m▀[0m[38;2;77;68;69m[48;2;184;179;176m▀[0m[38;2;77;68;69m[48;2;184;179;176m▀[0m[38;2;168;115;84m[48;2;77;68;69m▀[0m[38;2;168;115;84m[48;2;168;115;84m▀[0m[38;2;168;115;84m[48;2;168;115;84m▀[0m[38;2;118;78;56m[48;2;168;115;84m▀[0m[38;2;75;39;27m[48;2;118;78;56m▀[0m[38;2;118;78;56m[48;2;118;78;56m▀[0m[38;2;118;78;56m[48;2;118;78;56m▀[0m[38;2;75;39;27m[48;2;118;78;56m▀[0m[38;2;168;115;84m[48;2;75;39;27m▀[0m[38;2;168;115;84m[48;2;168;115;84m▀[0m[38;2;168;115;84m[48;2;168;115;84m▀[0m[38;2;118;78;56m[48;2;75;39;27m▀[0m[38;2;118;78;56m[48;2;118;78;56m▀[0m[38;2;77;68;69m[48;2;118;78;56m▀[0m[38;2;77;68;69m[48;2;118;78;56m▀[0m[38;2;132;124;122m[48;2;77;68;69m▀[0m[38;2;132;124;122m[48;2;77;68;69m▀[0m[38;2;132;124;122m[48;2;77;68;69m▀[0m[38;2;77;68;69m[48;2;118;78;56m▀[0m[38;2;118;78;56m[48;2;118;78;56m▀[0m[38;2;118;78;56m[48;2;118;78;56m▀[0m[38;2;118;78;56m[48;2;118;78;56m▀[0m[38;2;77;68;69m[48;2;118;78;56m▀[0m[38;2;132;124;122m[48;2;77;68;69m▀[0m[38;2;132;124;122m[48;2;77;68;69m▀[0m[38;2;77;68;69m[48;2;75;39;27m▀[0m[38;2;77;68;69m[48;2;118;78;56m▀[0m[38;2;118;78;56m[48;2;118;78;56m▀[0m[38;2;118;78;56m[48;2;118;78;56m▀[0m[38;2;118;78;56m[48;2;168;115;84m▀[0m[38;2;118;78;56m[48;2;75;39;27m▀[0m[38;2;118;78;56m[48;2;168;115;84m▀[0m[38;2;118;78;56m[48;2;168;115;84m▀[0m[38;2;168;115;84m[48;2;168;115;84m▀[0m[38;2;168;115;84m[48;2;168;115;84m▀[0m[38;2;75;39;27m[48;2;168;115;84m▀[0m[38;2;168;115;84m[48;2;75;39;27m▀[0m[38;2;168;115;84m[48;2;5;5;5m▀[0m[38;2;5;5;5m[48;2;118;78;56m▀[0m[38;2;118;78;56m[48;2;118;78;56m▀[0m[38;2;118;78;56m[48;2;118;78;56m▀[0m[38;2;118;78;56m[48;2;118;78;56m▀[0m[38;2;5;5;5m[48;2;5;5;5m▀[0m[38;2;184;179;176m[48;2;184;179;176m▀[0m[38;2;184;179;176m[48;2;184;179;176m▀[0m[38;2;184;179;176m[48;2;77;68;69m▀[0m[38;2;77;68;69m[48;2;168;115;84m▀[0m[38;2;168;115;84m[48;2;168;115;84m▀[0m[38;2;168;115;84m[48;2;168;115;84m▀[0m[38;2;168;115;84m[48;2;168;115;84m▀[0m[38;2;168;115;84m[48;2;168;115;84m▀[0m[38;2;168;115;84m[48;2;168;115;84m▀[0m[38;2;168;115;84m[48;2;77;68;69m▀[0m[38;2;168;115;84m[48;2;77;68;69m▀[0m[38;2;168;115;84m[48;2;168;115;84m▀[0m[38;2;168;115;84m[48;2;168;115;84m▀[0m[38;2;118;78;56m[48;2;118;78;56m▀[0m[38;2;118;78;56m[48;2;118;78;56m▀[0m[38;2;75;39;27m[48;2;5;5;5m▀[0m 
   [38;2;77;68;69m▄[38;2;118;78;56m[48;2;118;78;56m▀[0m[38;2;184;179;176m[48;2;118;78;56m▀[0m[38;2;77;68;69m[48;2;168;115;84m▀[0m[38;2;168;115;84m[48;2;168;115;84m▀[0m[38;2;168;115;84m[48;2;168;115;84m▀[0m[38;2;77;68;69m[48;2;77;68;69m▀[0m[38;2;184;179;176m[48;2;184;179;176m▀[0m[38;2;184;179;176m[48;2;184;179;176m▀[0m[38;2;184;179;176m[48;2;77;68;69m▀[0m[38;2;184;179;176m[48;2;77;68;69m▀[0m[38;2;77;68;69m[48;2;168;115;84m▀[0m[38;2;168;115;84m[48;2;168;115;84m▀[0m[38;2;168;115;84m[48;2;168;115;84m▀[0m[38;2;168;115;84m[48;2;168;115;84m▀[0m[38;2;168;115;84m[48;2;168;115;84m▀[0m[38;2;118;78;56m[48;2;168;115;84m▀[0m[38;2;118;78;56m[48;2;118;78;56m▀[0m[38;2;118;78;56m[48;2;118;78;56m▀[0m[38;2;118;78;56m[48;2;118;78;56m▀[0m[38;2;75;39;27m[48;2;118;78;56m▀[0m[38;2;75;39;27m[48;2;5;5;5m▀[0m[38;2;168;115;84m[48;2;168;115;84m▀[0m[38;2;168;115;84m[48;2;168;115;84m▀[0m[38;2;168;115;84m[48;2;168;115;84m▀[0m[38;2;75;39;27m[48;2;75;39;27m▀[0m[38;2;118;78;56m[48;2;168;115;84m▀[0m[38;2;118;78;56m[48;2;168;115;84m▀[0m[38;2;75;39;27m[48;2;5;5;5m▀[0m[38;2;118;78;56m[48;2;118;78;56m▀[0m[38;2;118;78;56m[48;2;118;78;56m▀[0m[38;2;118;78;56m[48;2;118;78;56m▀[0m[38;2;118;78;56m[48;2;118;78;56m▀[0m[38;2;118;78;56m[48;2;118;78;56m▀[0m[38;2;118;78;56m[48;2;118;78;56m▀[0m[38;2;118;78;56m[48;2;118;78;56m▀[0m[38;2;75;39;27m[48;2;118;78;56m▀[0m[38;2;168;115;84m[48;2;5;5;5m▀[0m[38;2;168;115;84m[48;2;168;115;84m▀[0m[38;2;168;115;84m[48;2;168;115;84m▀[0m[38;2;168;115;84m[48;2;168;115;84m▀[0m[38;2;75;39;27m[48;2;75;39;27m▀[0m[38;2;168;115;84m[48;2;5;5;5m▀[0m[38;2;168;115;84m[48;2;168;115;84m▀[0m[38;2;168;115;84m[48;2;168;115;84m▀[0m[38;2;168;115;84m[48;2;5;5;5m▀[0m[38;2;168;115;84m[48;2;5;5;5m▀[0m[38;2;75;39;27m[48;2;118;78;56m▀[0m[38;2;118;78;56m[48;2;118;78;56m▀[0m[38;2;118;78;56m[48;2;118;78;56m▀[0m[38;2;118;78;56m[48;2;118;78;56m▀[0m[38;2;118;78;56m[48;2;118;78;56m▀[0m[38;2;5;5;5m[48;2;5;5;5m▀[0m[38;2;184;179;176m[48;2;184;179;176m▀[0m[38;2;184;179;176m[48;2;184;179;176m▀[0m[38;2;184;179;176m[48;2;77;68;69m▀[0m[38;2;77;68;69m[48;2;168;115;84m▀[0m[38;2;168;115;84m[48;2;168;115;84m▀[0m[38;2;168;115;84m[48;2;168;115;84m▀[0m[38;2;168;115;84m[48;2;168;115;84m▀[0m[38;2;168;115;84m[48;2;168;115;84m▀[0m[38;2;168;115;84m[48;2;168;115;84m▀[0m[38;2;77;68;69m[48;2;77;68;69m▀[0m[38;2;184;179;176m[48;2;184;179;176m▀[0m[38;2;184;179;176m[48;2;184;179;176m▀[0m[38;2;77;68;69m[48;2;77;68;69m▀[0m[38;2;168;115;84m[48;2;118;78;56m▀[0m[38;2;118;78;56m[48;2;118;78;56m▀[0m[38;2;75;39;27m[48;2;5;5;5m▀[0m  
 [38;2;77;68;69m▄[38;2;77;68;69m[48;2;184;179;176m▀[0m[38;2;184;179;176m[48;2;77;68;69m▀[0m[38;2;77;68;69m[48;2;184;179;176m▀[0m[38;2;168;115;84m[48;2;77;68;69m▀[0m[38;2;168;115;84m[48;2;77;68;69m▀[0m[38;2;168;115;84m[48;2;168;115;84m▀[0m[38;2;168;115;84m[48;2;168;115;84m▀[0m[38;2;168;115;84m[48;2;77;68;69m▀[0m[38;2;77;68;69m[48;2;168;115;84m▀[0m[38;2;77;68;69m[48;2;168;115;84m▀[0m[38;2;168;115;84m[48;2;168;115;84m▀[0m[38;2;168;115;84m[48;2;168;115;84m▀[0m[38;2;168;115;84m[48;2;168;115;84m▀[0m[38;2;168;115;84m[48;2;168;115;84m▀[0m[38;2;168;115;84m[48;2;168;115;84m▀[0m[38;2;168;115;84m[48;2;168;115;84m▀[0m[38;2;168;115;84m[48;2;168;115;84m▀[0m[38;2;168;115;84m[48;2;168;115;84m▀[0m[38;2;118;78;56m[48;2;118;78;56m▀[0m[38;2;118;78;56m[48;2;75;39;27m▀[0m[38;2;118;78;56m[48;2;75;39;27m▀[0m[38;2;75;39;27m▀ [38;2;5;5;5m▀[38;2;5;5;5m▀[38;2;5;5;5m▀[38;2;168;115;84m[48;2;5;5;5m▀[0m[38;2;168;115;84m[48;2;5;5;5m▀[0m[38;2;168;115;84m[48;2;5;5;5m▀[0m[38;2;5;5;5m▀[38;2;75;39;27m[48;2;75;39;27m▀[0m[38;2;118;78;56m[48;2;118;78;56m▀[0m[38;2;118;78;56m[48;2;118;78;56m▀[0m[38;2;118;78;56m[48;2;118;78;56m▀[0m[38;2;118;78;56m[48;2;118;78;56m▀[0m[38;2;118;78;56m[48;2;118;78;56m▀[0m[38;2;118;78;56m[48;2;118;78;56m▀[0m[38;2;118;78;56m[48;2;118;78;56m▀[0m[38;2;5;5;5m[48;2;118;78;56m▀[0m[38;2;168;115;84m[48;2;5;5;5m▀[0m[38;2;168;115;84m[48;2;5;5;5m▀[0m[38;2;168;115;84m[48;2;5;5;5m▀[0m[38;2;5;5;5m[48;2;118;78;56m▀[0m[38;2;118;78;56m[48;2;118;78;56m▀[0m[38;2;5;5;5m[48;2;118;78;56m▀[0m[38;2;5;5;5m[48;2;118;78;56m▀[0m[38;2;118;78;56m[48;2;118;78;56m▀[0m[38;2;118;78;56m[48;2;118;78;56m▀[0m[38;2;118;78;56m[48;2;118;78;56m▀[0m[38;2;118;78;56m[48;2;118;78;56m▀[0m[38;2;118;78;56m[48;2;77;68;69m▀[0m[38;2;77;68;69m[48;2;184;179;176m▀[0m[38;2;5;5;5m[48;2;77;68;69m▀[0m[38;2;168;115;84m[48;2;77;68;69m▀[0m[38;2;77;68;69m[48;2;168;115;84m▀[0m[38;2;77;68;69m[48;2;168;115;84m▀[0m[38;2;168;115;84m[48;2;168;115;84m▀[0m[38;2;168;115;84m[48;2;168;115;84m▀[0m[38;2;168;115;84m[48;2;168;115;84m▀[0m[38;2;168;115;84m[48;2;168;115;84m▀[0m[38;2;168;115;84m[48;2;168;115;84m▀[0m[38;2;168;115;84m[48;2;168;115;84m▀[0m[38;2;77;68;69m[48;2;77;68;69m▀[0m[38;2;184;179;176m[48;2;184;179;176m▀[0m[38;2;184;179;176m[48;2;184;179;176m▀[0m[38;2;184;179;176m[48;2;184;179;176m▀[0m[38;2;5;5;5m[48;2;5;5;5m▀[0m[38;2;118;78;56m[48;2;118;78;56m▀[0m[38;2;75;39;27m[48;2;5;5;5m▀[0m   
[38;2;77;68;69m[48;2;5;5;5m▀[0m[38;2;184;179;176m[48;2;77;68;69m▀[0m[38;2;77;68;69m[48;2;239;239;239m▀[0m[38;2;239;239;239m[48;2;239;239;239m▀[0m[38;2;239;239;239m[48;2;77;68;69m▀[0m[38;2;77;68;69m[48;2;239;239;239m▀[0m[38;2;239;239;239m[48;2;239;239;239m▀[0m[38;2;77;68;69m[48;2;184;179;176m▀[0m[38;2;77;68;69m[48;2;77;68;69m▀[0m[38;2;239;239;239m[48;2;239;239;239m▀[0m[38;2;77;68;69m[48;2;239;239;239m▀[0m[38;2;168;115;84m[48;2;77;68;69m▀[0m[38;2;168;115;84m[48;2;168;115;84m▀[0m[38;2;168;115;84m[48;2;168;115;84m▀[0m[38;2;168;115;84m[48;2;77;68;69m▀[0m[38;2;168;115;84m[48;2;168;115;84m▀[0m[38;2;168;115;84m[48;2;168;115;84m▀[0m[38;2;168;115;84m[48;2;168;115;84m▀[0m[38;2;168;115;84m[48;2;75;39;27m▀[0m[38;2;118;78;56m[48;2;5;5;5m▀[0m[38;2;5;5;5m▀         [38;2;75;39;27m▄[38;2;75;39;27m[48;2;118;78;56m▀[0m[38;2;118;78;56m[48;2;118;78;56m▀[0m[38;2;75;39;27m[48;2;75;39;27m▀[0m[38;2;118;78;56m[48;2;118;78;56m▀[0m[38;2;118;78;56m[48;2;118;78;56m▀[0m[38;2;118;78;56m[48;2;118;78;56m▀[0m[38;2;118;78;56m[48;2;118;78;56m▀[0m[38;2;118;78;56m[48;2;118;78;56m▀[0m[38;2;118;78;56m[48;2;118;78;56m▀[0m[38;2;118;78;56m[48;2;118;78;56m▀[0m[38;2;118;78;56m[48;2;118;78;56m▀[0m[38;2;118;78;56m[48;2;118;78;56m▀[0m[38;2;118;78;56m[48;2;118;78;56m▀[0m[38;2;118;78;56m[48;2;118;78;56m▀[0m[38;2;118;78;56m[48;2;118;78;56m▀[0m[38;2;118;78;56m[48;2;118;78;56m▀[0m[38;2;118;78;56m[48;2;118;78;56m▀[0m[38;2;118;78;56m[48;2;118;78;56m▀[0m[38;2;118;78;56m[48;2;118;78;56m▀[0m[38;2;118;78;56m[48;2;77;68;69m▀[0m[38;2;77;68;69m[48;2;184;179;176m▀[0m[38;2;184;179;176m[48;2;184;179;176m▀[0m[38;2;184;179;176m[48;2;77;68;69m▀[0m[38;2;77;68;69m[48;2;239;239;239m▀[0m[38;2;184;179;176m[48;2;239;239;239m▀[0m[38;2;77;68;69m[48;2;184;179;176m▀[0m[38;2;168;115;84m[48;2;77;68;69m▀[0m[38;2;77;68;69m[48;2;184;179;176m▀[0m[38;2;168;115;84m[48;2;77;68;69m▀[0m[38;2;168;115;84m[48;2;168;115;84m▀[0m[38;2;168;115;84m[48;2;77;68;69m▀[0m[38;2;168;115;84m[48;2;168;115;84m▀[0m[38;2;168;115;84m[48;2;168;115;84m▀[0m[38;2;77;68;69m[48;2;168;115;84m▀[0m[38;2;184;179;176m[48;2;5;5;5m▀[0m[38;2;184;179;176m[48;2;5;5;5m▀[0m[38;2;5;5;5m[48;2;118;78;56m▀[0m[38;2;118;78;56m[48;2;118;78;56m▀[0m[38;2;118;78;56m[48;2;75;39;27m▀[0m[38;2;5;5;5m▀   
 [38;2;5;5;5m[48;2;5;5;5m▀[0m[38;2;239;239;239m[48;2;184;179;176m▀[0m[38;2;184;179;176m[48;2;5;5;5m▀[0m[38;2;77;68;69m[48;2;77;68;69m▀[0m[38;2;239;239;239m[48;2;239;239;239m▀[0m[38;2;239;239;239m[48;2;184;179;176m▀[0m[38;2;77;68;69m[48;2;77;68;69m▀[0m[38;2;239;239;239m[48;2;239;239;239m▀[0m[38;2;239;239;239m[48;2;239;239;239m▀[0m[38;2;239;239;239m[48;2;5;5;5m▀[0m[38;2;77;68;69m[48;2;75;39;27m▀[0m[38;2;168;115;84m[48;2;75;39;27m▀[0m[38;2;5;5;5m[48;2;5;5;5m▀[0m[38;2;184;179;176m[48;2;184;179;176m▀[0m[38;2;77;68;69m[48;2;184;179;176m▀[0m[38;2;168;115;84m[48;2;77;68;69m▀[0m[38;2;5;5;5m▀         [38;2;75;39;27m▄[38;2;75;39;27m[48;2;168;115;84m▀[0m[38;2;75;39;27m[48;2;168;115;84m▀[0m[38;2;118;78;56m[48;2;168;115;84m▀[0m[38;2;118;78;56m[48;2;118;78;56m▀[0m[38;2;118;78;56m[48;2;118;78;56m▀[0m[38;2;75;39;27m[48;2;118;78;56m▀[0m[38;2;118;78;56m[48;2;75;39;27m▀[0m[38;2;118;78;56m[48;2;118;78;56m▀[0m[38;2;118;78;56m[48;2;118;78;56m▀[0m[38;2;118;78;56m[48;2;118;78;56m▀[0m[38;2;118;78;56m[48;2;118;78;56m▀[0m[38;2;118;78;56m[48;2;118;78;56m▀[0m[38;2;118;78;56m[48;2;118;78;56m▀[0m[38;2;118;78;56m[48;2;118;78;56m▀[0m[38;2;118;78;56m[48;2;118;78;56m▀[0m[38;2;118;78;56m[48;2;118;78;56m▀[0m[38;2;118;78;56m[48;2;118;78;56m▀[0m[38;2;118;78;56m[48;2;118;78;56m▀[0m[38;2;118;78;56m[48;2;118;78;56m▀[0m[38;2;118;78;56m[48;2;118;78;56m▀[0m[38;2;118;78;56m[48;2;118;78;56m▀[0m[38;2;118;78;56m[48;2;118;78;56m▀[0m[38;2;77;68;69m[48;2;118;78;56m▀[0m[38;2;184;179;176m[48;2;5;5;5m▀[0m[38;2;77;68;69m[48;2;77;68;69m▀[0m[38;2;239;239;239m[48;2;239;239;239m▀[0m[38;2;239;239;239m[48;2;239;239;239m▀[0m[38;2;239;239;239m[48;2;77;68;69m▀[0m[38;2;77;68;69m[48;2;239;239;239m▀[0m[38;2;239;239;239m[48;2;239;239;239m▀[0m[38;2;239;239;239m[48;2;184;179;176m▀[0m[38;2;239;239;239m[48;2;77;68;69m▀[0m[38;2;77;68;69m[48;2;239;239;239m▀[0m[38;2;239;239;239m[48;2;239;239;239m▀[0m[38;2;77;68;69m[48;2;184;179;176m▀[0m[38;2;168;115;84m[48;2;77;68;69m▀[0m[38;2;168;115;84m[48;2;168;115;84m▀[0m[38;2;168;115;84m[48;2;77;68;69m▀[0m[38;2;168;115;84m[48;2;118;78;56m▀[0m[38;2;118;78;56m[48;2;118;78;56m▀[0m[38;2;118;78;56m[48;2;75;39;27m▀[0m[38;2;5;5;5m▀    
  [38;2;5;5;5m▀ [38;2;5;5;5m▀[38;2;239;239;239m[48;2;5;5;5m▀[0m[38;2;5;5;5m▀[38;2;77;68;69m▀[38;2;184;179;176m[48;2;5;5;5m▀[0m[38;2;5;5;5m▀ [38;2;5;5;5m▄[38;2;5;5;5m[48;2;239;239;239m▀[0m[38;2;239;239;239m[48;2;239;239;239m▀[0m[38;2;184;179;176m[48;2;184;179;176m▀[0m[38;2;184;179;176m[48;2;5;5;5m▀[0m[38;2;5;5;5m▀         [38;2;75;39;27m[48;2;75;39;27m▀[0m[38;2;168;115;84m[48;2;168;115;84m▀[0m[38;2;168;115;84m[48;2;168;115;84m▀[0m[38;2;168;115;84m[48;2;168;115;84m▀[0m[38;2;168;115;84m[48;2;168;115;84m▀[0m[38;2;118;78;56m[48;2;118;78;56m▀[0m[38;2;118;78;56m[48;2;118;78;56m▀[0m[38;2;118;78;56m[48;2;118;78;56m▀[0m[38;2;75;39;27m[48;2;118;78;56m▀[0m[38;2;118;78;56m[48;2;75;39;27m▀[0m[38;2;118;78;56m[48;2;118;78;56m▀[0m[38;2;118;78;56m[48;2;118;78;56m▀[0m[38;2;118;78;56m[48;2;118;78;56m▀[0m[38;2;118;78;56m[48;2;118;78;56m▀[0m[38;2;118;78;56m[48;2;118;78;56m▀[0m[38;2;118;78;56m[48;2;118;78;56m▀[0m[38;2;118;78;56m[48;2;118;78;56m▀[0m[38;2;118;78;56m[48;2;118;78;56m▀[0m[38;2;118;78;56m[48;2;118;78;56m▀[0m[38;2;118;78;56m[48;2;118;78;56m▀[0m[38;2;118;78;56m[48;2;118;78;56m▀[0m[38;2;118;78;56m[48;2;118;78;56m▀[0m[38;2;118;78;56m[48;2;118;78;56m▀[0m[38;2;118;78;56m[48;2;75;39;27m▀[0m[38;2;118;78;56m[48;2;118;78;56m▀[0m[38;2;118;78;56m[48;2;118;78;56m▀[0m[38;2;5;5;5m[48;2;168;115;84m▀[0m[38;2;239;239;239m[48;2;5;5;5m▀[0m[38;2;5;5;5m[48;2;168;115;84m▀[0m[38;2;77;68;69m[48;2;5;5;5m▀[0m[38;2;239;239;239m[48;2;239;239;239m▀[0m[38;2;239;239;239m[48;2;5;5;5m▀[0m[38;2;77;68;69m[48;2;77;68;69m▀[0m[38;2;239;239;239m[48;2;239;239;239m▀[0m[38;2;239;239;239m[48;2;239;239;239m▀[0m[38;2;239;239;239m[48;2;5;5;5m▀[0m[38;2;184;179;176m[48;2;5;5;5m▀[0m[38;2;184;179;176m[48;2;77;68;69m▀[0m[38;2;77;68;69m[48;2;184;179;176m▀[0m[38;2;184;179;176m[48;2;239;239;239m▀[0m[38;2;77;68;69m[48;2;77;68;69m▀[0m[38;2;118;78;56m[48;2;5;5;5m▀[0m[38;2;5;5;5m▀     
            [38;2;5;5;5m▀[38;2;5;5;5m▀[38;2;5;5;5m▀          [38;2;75;39;27m[48;2;77;68;69m▀[0m[38;2;168;115;84m[48;2;77;68;69m▀[0m[38;2;168;115;84m[48;2;77;68;69m▀[0m[38;2;168;115;84m[48;2;168;115;84m▀[0m[38;2;168;115;84m[48;2;75;39;27m▀[0m[38;2;75;39;27m[48;2;118;78;56m▀[0m[38;2;118;78;56m[48;2;118;78;56m▀[0m[38;2;118;78;56m[48;2;118;78;56m▀[0m[38;2;118;78;56m[48;2;118;78;56m▀[0m[38;2;118;78;56m[48;2;118;78;56m▀[0m[38;2;118;78;56m[48;2;118;78;56m▀[0m[38;2;118;78;56m[48;2;118;78;56m▀[0m[38;2;118;78;56m[48;2;118;78;56m▀[0m[38;2;118;78;56m[48;2;118;78;56m▀[0m[38;2;118;78;56m[48;2;118;78;56m▀[0m[38;2;118;78;56m[48;2;118;78;56m▀[0m[38;2;118;78;56m[48;2;118;78;56m▀[0m[38;2;118;78;56m[48;2;118;78;56m▀[0m[38;2;118;78;56m[48;2;118;78;56m▀[0m[38;2;118;78;56m[48;2;118;78;56m▀[0m[38;2;118;78;56m[48;2;118;78;56m▀[0m[38;2;118;78;56m[48;2;118;78;56m▀[0m[38;2;118;78;56m[48;2;118;78;56m▀[0m[38;2;118;78;56m[48;2;75;39;27m▀[0m[38;2;75;39;27m[48;2;118;78;56m▀[0m[38;2;118;78;56m[48;2;118;78;56m▀[0m[38;2;118;78;56m[48;2;118;78;56m▀[0m[38;2;168;115;84m[48;2;168;115;84m▀[0m[38;2;168;115;84m[48;2;168;115;84m▀[0m[38;2;168;115;84m[48;2;168;115;84m▀[0m[38;2;5;5;5m[48;2;168;115;84m▀[0m[38;2;5;5;5m[48;2;168;115;84m▀[0m[38;2;168;115;84m[48;2;168;115;84m▀[0m[38;2;5;5;5m[48;2;5;5;5m▀[0m[38;2;239;239;239m[48;2;5;5;5m▀[0m[38;2;5;5;5m[48;2;168;115;84m▀[0m[38;2;118;78;56m[48;2;118;78;56m▀[0m[38;2;118;78;56m[48;2;118;78;56m▀[0m[38;2;5;5;5m[48;2;118;78;56m▀[0m[38;2;239;239;239m[48;2;5;5;5m▀[0m[38;2;239;239;239m[48;2;239;239;239m▀[0m[38;2;77;68;69m[48;2;77;68;69m▀[0m       
                        [38;2;77;68;69m[48;2;77;68;69m▀[0m[38;2;184;179;176m[48;2;132;124;122m▀[0m[38;2;184;179;176m[48;2;132;124;122m▀[0m[38;2;184;179;176m[48;2;184;179;176m▀[0m[38;2;77;68;69m[48;2;77;68;69m▀[0m[38;2;118;78;56m[48;2;118;78;56m▀[0m[38;2;118;78;56m[48;2;118;78;56m▀[0m[38;2;118;78;56m[48;2;77;68;69m▀[0m[38;2;118;78;56m[48;2;77;68;69m▀[0m[38;2;118;78;56m[48;2;118;78;56m▀[0m[38;2;118;78;56m[48;2;118;78;56m▀[0m[38;2;118;78;56m[48;2;118;78;56m▀[0m[38;2;118;78;56m[48;2;118;78;56m▀[0m[38;2;118;78;56m[48;2;118;78;56m▀[0m[38;2;75;39;27m[48;2;118;78;56m▀[0m[38;2;75;39;27m[48;2;118;78;56m▀[0m[38;2;118;78;56m[48;2;75;39;27m▀[0m[38;2;118;78;56m[48;2;5;5;5m▀[0m[38;2;118;78;56m[48;2;118;78;56m▀[0m[38;2;118;78;56m[48;2;118;78;56m▀[0m[38;2;118;78;56m[48;2;118;78;56m▀[0m[38;2;118;78;56m[48;2;118;78;56m▀[0m[38;2;118;78;56m[48;2;118;78;56m▀[0m[38;2;118;78;56m[48;2;118;78;56m▀[0m[38;2;75;39;27m[48;2;75;39;27m▀[0m[38;2;118;78;56m[48;2;118;78;56m▀[0m[38;2;118;78;56m[48;2;118;78;56m▀[0m[38;2;118;78;56m[48;2;118;78;56m▀[0m[38;2;118;78;56m[48;2;118;78;56m▀[0m[38;2;168;115;84m[48;2;168;115;84m▀[0m[38;2;75;39;27m[48;2;75;39;27m▀[0m[38;2;168;115;84m[48;2;168;115;84m▀[0m[38;2;168;115;84m[48;2;168;115;84m▀[0m[38;2;168;115;84m[48;2;168;115;84m▀[0m[38;2;168;115;84m[48;2;168;115;84m▀[0m[38;2;168;115;84m[48;2;168;115;84m▀[0m[38;2;168;115;84m[48;2;168;115;84m▀[0m[38;2;75;39;27m[48;2;75;39;27m▀[0m[38;2;118;78;56m[48;2;118;78;56m▀[0m[38;2;118;78;56m[48;2;118;78;56m▀[0m[38;2;5;5;5m[48;2;118;78;56m▀[0m[38;2;239;239;239m[48;2;5;5;5m▀[0m[38;2;77;68;69m▀       
                        [38;2;77;68;69m[48;2;77;68;69m▀[0m[38;2;132;124;122m[48;2;132;124;122m▀[0m[38;2;132;124;122m[48;2;132;124;122m▀[0m[38;2;184;179;176m[48;2;132;124;122m▀[0m[38;2;77;68;69m[48;2;184;179;176m▀[0m[38;2;118;78;56m[48;2;77;68;69m▀[0m[38;2;77;68;69m[48;2;184;179;176m▀[0m[38;2;184;179;176m[48;2;132;124;122m▀[0m[38;2;184;179;176m[48;2;132;124;122m▀[0m[38;2;77;68;69m[48;2;132;124;122m▀[0m[38;2;118;78;56m[48;2;77;68;69m▀[0m[38;2;118;78;56m[48;2;77;68;69m▀[0m[38;2;77;68;69m[48;2;132;124;122m▀[0m[38;2;118;78;56m[48;2;5;5;5m▀[0m[38;2;75;39;27m▀[38;2;5;5;5m▀[38;2;132;124;122m[48;2;77;68;69m▀[0m[38;2;132;124;122m[48;2;132;124;122m▀[0m[38;2;5;5;5m[48;2;75;39;27m▀[0m[38;2;5;5;5m[48;2;118;78;56m▀[0m[38;2;5;5;5m[48;2;118;78;56m▀[0m[38;2;5;5;5m[48;2;118;78;56m▀[0m[38;2;5;5;5m[48;2;118;78;56m▀[0m[38;2;5;5;5m[48;2;118;78;56m▀[0m[38;2;75;39;27m[48;2;118;78;56m▀[0m[38;2;118;78;56m[48;2;75;39;27m▀[0m[38;2;118;78;56m[48;2;118;78;56m▀[0m[38;2;118;78;56m[48;2;118;78;56m▀[0m[38;2;118;78;56m[48;2;118;78;56m▀[0m[38;2;118;78;56m[48;2;118;78;56m▀[0m[38;2;75;39;27m[48;2;118;78;56m▀[0m[38;2;168;115;84m[48;2;75;39;27m▀[0m[38;2;168;115;84m[48;2;168;115;84m▀[0m[38;2;168;115;84m[48;2;168;115;84m▀[0m[38;2;168;115;84m[48;2;77;68;69m▀[0m[38;2;168;115;84m[48;2;77;68;69m▀[0m[38;2;75;39;27m[48;2;77;68;69m▀[0m[38;2;118;78;56m[48;2;118;78;56m▀[0m[38;2;118;78;56m[48;2;118;78;56m▀[0m[38;2;118;78;56m[48;2;77;68;69m▀[0m[38;2;77;68;69m[48;2;184;179;176m▀[0m[38;2;77;68;69m▄        
                        [38;2;77;68;69m▀[38;2;132;124;122m[48;2;77;68;69m▀[0m[38;2;132;124;122m[48;2;132;124;122m▀[0m[38;2;132;124;122m[48;2;132;124;122m▀[0m[38;2;132;124;122m[48;2;132;124;122m▀[0m[38;2;184;179;176m[48;2;132;124;122m▀[0m[38;2;184;179;176m[48;2;132;124;122m▀[0m[38;2;132;124;122m[48;2;132;124;122m▀[0m[38;2;132;124;122m[48;2;132;124;122m▀[0m[38;2;132;124;122m[48;2;132;124;122m▀[0m[38;2;132;124;122m[48;2;132;124;122m▀[0m[38;2;132;124;122m[48;2;132;124;122m▀[0m[38;2;132;124;122m[48;2;5;5;5m▀[0m[38;2;5;5;5m▀  [38;2;77;68;69m▀[38;2;132;124;122m[48;2;77;68;69m▀[0m[38;2;132;124;122m[48;2;132;124;122m▀[0m[38;2;75;39;27m[48;2;75;39;27m▀[0m[38;2;118;78;56m[48;2;118;78;56m▀[0m[38;2;118;78;56m[48;2;118;78;56m▀[0m[38;2;118;78;56m[48;2;118;78;56m▀[0m[38;2;118;78;56m[48;2;118;78;56m▀[0m[38;2;77;68;69m[48;2;77;68;69m▀[0m[38;2;132;124;122m[48;2;132;124;122m▀[0m[38;2;75;39;27m[48;2;75;39;27m▀[0m[38;2;118;78;56m[48;2;77;68;69m▀[0m[38;2;118;78;56m[48;2;77;68;69m▀[0m[38;2;118;78;56m[48;2;118;78;56m▀[0m[38;2;118;78;56m[48;2;118;78;56m▀[0m[38;2;118;78;56m[48;2;77;68;69m▀[0m[38;2;77;68;69m[48;2;184;179;176m▀[0m[38;2;77;68;69m[48;2;184;179;176m▀[0m[38;2;184;179;176m[48;2;132;124;122m▀[0m[38;2;184;179;176m[48;2;132;124;122m▀[0m[38;2;184;179;176m[48;2;132;124;122m▀[0m[38;2;77;68;69m[48;2;184;179;176m▀[0m[38;2;118;78;56m[48;2;77;68;69m▀[0m[38;2;77;68;69m[48;2;184;179;176m▀[0m[38;2;184;179;176m[48;2;132;124;122m▀[0m[38;2;77;68;69m[48;2;77;68;69m▀[0m        
                       [38;2;77;68;69m▄[38;2;77;68;69m▄[38;2;77;68;69m[48;2;184;179;176m▀[0m[38;2;77;68;69m[48;2;184;179;176m▀[0m[38;2;77;68;69m[48;2;184;179;176m▀[0m[38;2;132;124;122m[48;2;77;68;69m▀[0m[38;2;132;124;122m[48;2;77;68;69m▀[0m[38;2;132;124;122m[48;2;132;124;122m▀[0m[38;2;132;124;122m[48;2;132;124;122m▀[0m[38;2;132;124;122m[48;2;132;124;122m▀[0m[38;2;132;124;122m[48;2;132;124;122m▀[0m[38;2;132;124;122m[48;2;132;124;122m▀[0m[38;2;77;68;69m[48;2;5;5;5m▀[0m      [38;2;77;68;69m▀[38;2;77;68;69m▀[38;2;75;39;27m▀[38;2;118;78;56m[48;2;75;39;27m▀[0m[38;2;118;78;56m[48;2;75;39;27m▀[0m[38;2;118;78;56m[48;2;75;39;27m▀[0m[38;2;118;78;56m[48;2;75;39;27m▀[0m[38;2;77;68;69m[48;2;75;39;27m▀[0m[38;2;5;5;5m▀[38;2;132;124;122m[48;2;77;68;69m▀[0m[38;2;132;124;122m[48;2;132;124;122m▀[0m[38;2;77;68;69m[48;2;77;68;69m▀[0m[38;2;118;78;56m[48;2;77;68;69m▀[0m[38;2;77;68;69m[48;2;184;179;176m▀[0m[38;2;184;179;176m[48;2;184;179;176m▀[0m[38;2;132;124;122m[48;2;132;124;122m▀[0m[38;2;132;124;122m[48;2;132;124;122m▀[0m[38;2;132;124;122m[48;2;132;124;122m▀[0m[38;2;132;124;122m[48;2;132;124;122m▀[0m[38;2;132;124;122m[48;2;132;124;122m▀[0m[38;2;132;124;122m[48;2;132;124;122m▀[0m[38;2;132;124;122m[48;2;132;124;122m▀[0m[38;2;132;124;122m[48;2;77;68;69m▀[0m[38;2;77;68;69m▀        
                     [38;2;77;68;69m▄[38;2;77;68;69m[48;2;239;239;239m▀[0m[38;2;184;179;176m[48;2;77;68;69m▀[0m[38;2;184;179;176m[48;2;184;179;176m▀[0m[38;2;184;179;176m[48;2;184;179;176m▀[0m[38;2;184;179;176m[48;2;184;179;176m▀[0m[38;2;184;179;176m[48;2;184;179;176m▀[0m[38;2;184;179;176m[48;2;184;179;176m▀[0m[38;2;184;179;176m[48;2;132;124;122m▀[0m[38;2;184;179;176m[48;2;132;124;122m▀[0m[38;2;132;124;122m[48;2;132;124;122m▀[0m[38;2;132;124;122m[48;2;132;124;122m▀[0m[38;2;132;124;122m[48;2;132;124;122m▀[0m[38;2;132;124;122m[48;2;132;124;122m▀[0m[38;2;5;5;5m[48;2;132;124;122m▀[0m[38;2;5;5;5m▄              [38;2;5;5;5m▀[38;2;132;124;122m[48;2;5;5;5m▀[0m[38;2;132;124;122m[48;2;132;124;122m▀[0m[38;2;132;124;122m[48;2;132;124;122m▀[0m[38;2;132;124;122m[48;2;132;124;122m▀[0m[38;2;132;124;122m[48;2;132;124;122m▀[0m[38;2;132;124;122m[48;2;132;124;122m▀[0m[38;2;132;124;122m[48;2;132;124;122m▀[0m[38;2;132;124;122m[48;2;132;124;122m▀[0m[38;2;132;124;122m[48;2;132;124;122m▀[0m[38;2;132;124;122m[48;2;132;124;122m▀[0m[38;2;132;124;122m[48;2;132;124;122m▀[0m[38;2;132;124;122m[48;2;132;124;122m▀[0m[38;2;5;5;5m[48;2;5;5;5m▀[0m         
                   [38;2;77;68;69m▄[38;2;77;68;69m[48;2;184;179;176m▀[0m[38;2;184;179;176m[48;2;5;5;5m▀[0m[38;2;77;68;69m[48;2;239;239;239m▀[0m[38;2;239;239;239m[48;2;184;179;176m▀[0m[38;2;77;68;69m[48;2;77;68;69m▀[0m[38;2;77;68;69m[48;2;239;239;239m▀[0m[38;2;77;68;69m[48;2;184;179;176m▀[0m[38;2;132;124;122m[48;2;77;68;69m▀[0m[38;2;132;124;122m[48;2;132;124;122m▀[0m[38;2;132;124;122m[48;2;132;124;122m▀[0m[38;2;132;124;122m[48;2;132;124;122m▀[0m[38;2;132;124;122m[48;2;132;124;122m▀[0m[38;2;132;124;122m[48;2;132;124;122m▀[0m[38;2;132;124;122m[48;2;77;68;69m▀[0m[38;2;132;124;122m[48;2;5;5;5m▀[0m[38;2;132;124;122m[48;2;5;5;5m▀[0m[38;2;5;5;5m▀                [38;2;77;68;69m[48;2;5;5;5m▀[0m[38;2;132;124;122m[48;2;77;68;69m▀[0m[38;2;132;124;122m[48;2;77;68;69m▀[0m[38;2;77;68;69m[48;2;132;124;122m▀[0m[38;2;77;68;69m[48;2;184;179;176m▀[0m[38;2;132;124;122m[48;2;184;179;176m▀[0m[38;2;184;179;176m[48;2;184;179;176m▀[0m[38;2;184;179;176m[48;2;184;179;176m▀[0m[38;2;184;179;176m[48;2;184;179;176m▀[0m[38;2;184;179;176m[48;2;184;179;176m▀[0m[38;2;184;179;176m[48;2;184;179;176m▀[0m[38;2;132;124;122m[48;2;184;179;176m▀[0m[38;2;5;5;5m[48;2;184;179;176m▀[0m[38;2;5;5;5m▄       
                   [38;2;5;5;5m▀[38;2;5;5;5m▀[38;2;239;239;239m[48;2;5;5;5m▀[0m[38;2;184;179;176m[48;2;5;5;5m▀[0m[38;2;5;5;5m[48;2;239;239;239m▀[0m[38;2;239;239;239m[48;2;239;239;239m▀[0m[38;2;239;239;239m[48;2;184;179;176m▀[0m[38;2;239;239;239m[48;2;5;5;5m▀[0m[38;2;184;179;176m[48;2;5;5;5m▀[0m[38;2;77;68;69m[48;2;5;5;5m▀[0m[38;2;5;5;5m▀[38;2;5;5;5m▀[38;2;5;5;5m▀[38;2;5;5;5m▀                     [38;2;77;68;69m[48;2;5;5;5m▀[0m[38;2;132;124;122m[48;2;132;124;122m▀[0m[38;2;184;179;176m[48;2;184;179;176m▀[0m[38;2;184;179;176m[48;2;184;179;176m▀[0m[38;2;184;179;176m[48;2;77;68;69m▀[0m[38;2;184;179;176m[48;2;184;179;176m▀[0m[38;2;184;179;176m[48;2;184;179;176m▀[0m[38;2;184;179;176m[48;2;132;124;122m▀[0m[38;2;184;179;176m[48;2;77;68;69m▀[0m[38;2;184;179;176m[48;2;132;124;122m▀[0m[38;2;184;179;176m[48;2;132;124;122m▀[0m[38;2;184;179;176m[48;2;77;68;69m▀[0m[38;2;5;5;5m[48;2;239;239;239m▀[0m[38;2;77;68;69m▄      
                       [38;2;5;5;5m▀[38;2;5;5;5m▀[38;2;5;5;5m▀                            [38;2;5;5;5m▀[38;2;132;124;122m[48;2;77;68;69m▀[0m[38;2;132;124;122m[48;2;77;68;69m▀[0m[38;2;77;68;69m[48;2;239;239;239m▀[0m[38;2;239;239;239m[48;2;239;239;239m▀[0m[38;2;77;68;69m[48;2;77;68;69m▀[0m[38;2;132;124;122m[48;2;77;68;69m▀[0m[38;2;77;68;69m[48;2;184;179;176m▀[0m[38;2;239;239;239m[48;2;239;239;239m▀[0m[38;2;77;68;69m[48;2;239;239;239m▀[0m[38;2;77;68;69m[48;2;77;68;69m▀[0m[38;2;239;239;239m[48;2;184;179;176m▀[0m[38;2;239;239;239m[48;2;239;239;239m▀[0m[38;2;77;68;69m[48;2;239;239;239m▀[0m[38;2;77;68;69m▄     
                                                       [38;2;5;5;5m▀[38;2;184;179;176m[48;2;5;5;5m▀[0m[38;2;239;239;239m[48;2;5;5;5m▀[0m[38;2;239;239;239m[48;2;239;239;239m▀[0m[38;2;77;68;69m[48;2;5;5;5m▀[0m[38;2;5;5;5m▀[38;2;184;179;176m[48;2;5;5;5m▀[0m[38;2;239;239;239m[48;2;5;5;5m▀[0m[38;2;239;239;239m[48;2;184;179;176m▀[0m[38;2;77;68;69m[48;2;77;68;69m▀[0m[38;2;5;5;5m▀[38;2;5;5;5m▀[38;2;184;179;176m[48;2;5;5;5m▀[0m[38;2;77;68;69m[48;2;5;5;5m▀[0m     
                                                          [38;2;5;5;5m▀[38;2;5;5;5m▀   [38;2;5;5;5m▀[38;2;5;5;5m▀         
[0m