                [38;2;31;33;43m▄[38;2;31;33;43m▄[38;2;31;33;43m▄[38;2;31;33;43m[48;2;58;63;76m▀[0m[38;2;31;33;43m[48;2;58;63;76m▀[0m[38;2;31;33;43m[48;2;58;63;76m▀[0m[38;2;31;33;43m[48;2;58;63;76m▀[0m[38;2;16;16;16m[48;2;31;33;43m▀[0m[38;2;16;16;16m[48;2;31;33;43m▀[0m[38;2;16;16;16m▄[38;2;16;16;16m▄                   
             [38;2;31;33;43m▄[38;2;31;33;43m[48;2;58;63;76m▀[0m[38;2;31;33;43m[48;2;58;63;76m▀[0m[38;2;127;127;127m[48;2;31;33;43m▀[0m[38;2;127;127;127m[48;2;31;33;43m▀[0m[38;2;58;63;76m[48;2;31;33;43m▀[0m[38;2;31;33;43m[48;2;212;212;212m▀[0m[38;2;31;33;43m[48;2;212;212;212m▀[0m[38;2;31;33;43m[48;2;212;212;212m▀[0m[38;2;31;33;43m[48;2;58;63;76m▀[0m[38;2;16;16;16m[48;2;127;127;127m▀[0m[38;2;16;16;16m[48;2;127;127;127m▀[0m[38;2;31;33;43m[48;2;16;16;16m▀[0m[38;2;31;33;43m[48;2;16;16;16m▀[0m[38;2;16;16;16m[48;2;31;33;43m▀[0m[38;2;16;16;16m[48;2;31;33;43m▀[0m[38;2;16;16;16m▄                
            [38;2;58;63;76m▄[38;2;58;63;76m[48;2;212;212;212m▀[0m[38;2;31;33;43m[48;2;249;250;252m▀[0m[38;2;31;33;43m[48;2;249;250;252m▀[0m[38;2;212;212;212m[48;2;212;212;212m▀[0m[38;2;212;212;212m[48;2;212;212;212m▀[0m[38;2;212;212;212m[48;2;212;212;212m▀[0m[38;2;212;212;212m[48;2;127;127;127m▀[0m[38;2;212;212;212m[48;2;58;63;76m▀[0m[38;2;212;212;212m[48;2;58;63;76m▀[0m[38;2;58;63;76m[48;2;127;127;127m▀[0m[38;2;127;127;127m[48;2;31;33;43m▀[0m[38;2;127;127;127m[48;2;31;33;43m▀[0m[38;2;127;127;127m[48;2;58;63;76m▀[0m[38;2;127;127;127m[48;2;127;127;127m▀[0m[38;2;16;16;16m[48;2;127;127;127m▀[0m[38;2;16;16;16m[48;2;127;127;127m▀[0m[38;2;31;33;43m[48;2;16;16;16m▀[0m[38;2;16;16;16m[48;2;16;16;16m▀[0m               
            [38;2;58;63;76m▀[38;2;212;212;212m[48;2;127;127;127m▀[0m[38;2;249;250;252m[48;2;58;63;76m▀[0m[38;2;249;250;252m[48;2;58;63;76m▀[0m[38;2;127;127;127m[48;2;127;127;127m▀[0m[38;2;58;63;76m[48;2;212;212;212m▀[0m[38;2;58;63;76m[48;2;212;212;212m▀[0m[38;2;127;127;127m[48;2;212;212;212m▀[0m[38;2;212;212;212m[48;2;212;212;212m▀[0m[38;2;212;212;212m[48;2;212;212;212m▀[0m[38;2;58;63;76m[48;2;58;63;76m▀[0m[38;2;127;127;127m[48;2;127;127;127m▀[0m[38;2;127;127;127m[48;2;127;127;127m▀[0m[38;2;58;63;76m[48;2;127;127;127m▀[0m[38;2;31;33;43m[48;2;127;127;127m▀[0m[38;2;58;63;76m[48;2;58;63;76m▀[0m[38;2;127;127;127m[48;2;31;33;43m▀[0m[38;2;127;127;127m[48;2;58;63;76m▀[0m[38;2;127;127;127m[48;2;127;127;127m▀[0m[38;2;16;16;16m[48;2;16;16;16m▀[0m              
            [38;2;58;63;76m[48;2;58;63;76m▀[0m[38;2;127;127;127m[48;2;212;212;212m▀[0m[38;2;249;250;252m[48;2;249;250;252m▀[0m[38;2;249;250;252m[48;2;249;250;252m▀[0m[38;2;212;212;212m[48;2;127;127;127m▀[0m[38;2;212;212;212m[48;2;58;63;76m▀[0m[38;2;212;212;212m[48;2;58;63;76m▀[0m[38;2;127;127;127m[48;2;127;127;127m▀[0m[38;2;58;63;76m[48;2;212;212;212m▀[0m[38;2;58;63;76m[48;2;212;212;212m▀[0m[38;2;127;127;127m[48;2;58;63;76m▀[0m[38;2;31;33;43m[48;2;127;127;127m▀[0m[38;2;31;33;43m[48;2;127;127;127m▀[0m[38;2;58;63;76m[48;2;58;63;76m▀[0m[38;2;127;127;127m[48;2;31;33;43m▀[0m[38;2;127;127;127m[48;2;58;63;76m▀[0m[38;2;127;127;127m[48;2;127;127;127m▀[0m[38;2;58;63;76m[48;2;127;127;127m▀[0m[38;2;31;33;43m[48;2;127;127;127m▀[0m[38;2;16;16;16m[48;2;16;16;16m▀[0m              
            [38;2;58;63;76m▄[38;2;127;127;127m[48;2;127;127;127m▀[0m[38;2;58;63;76m[48;2;249;250;252m▀[0m[38;2;58;63;76m[48;2;249;250;252m▀[0m[38;2;127;127;127m[48;2;212;212;212m▀[0m[38;2;212;212;212m[48;2;212;212;212m▀[0m[38;2;212;212;212m[48;2;212;212;212m▀[0m[38;2;212;212;212m[48;2;127;127;127m▀[0m[38;2;212;212;212m[48;2;58;63;76m▀[0m[38;2;212;212;212m[48;2;58;63;76m▀[0m[38;2;58;63;76m[48;2;127;127;127m▀[0m[38;2;127;127;127m[48;2;31;33;43m▀[0m[38;2;127;127;127m[48;2;31;33;43m▀[0m[38;2;127;127;127m[48;2;58;63;76m▀[0m[38;2;127;127;127m[48;2;127;127;127m▀[0m[38;2;58;63;76m[48;2;127;127;127m▀[0m[38;2;31;33;43m[48;2;127;127;127m▀[0m[38;2;58;63;76m[48;2;58;63;76m▀[0m[38;2;127;127;127m[48;2;31;33;43m▀[0m[38;2;16;16;16m[48;2;16;16;16m▀[0m              
            [38;2;58;63;76m▀[38;2;212;212;212m[48;2;127;127;127m▀[0m[38;2;249;250;252m[48;2;58;63;76m▀[0m[38;2;249;250;252m[48;2;58;63;76m▀[0m[38;2;127;127;127m[48;2;127;127;127m▀[0m[38;2;58;63;76m[48;2;212;212;212m▀[0m[38;2;58;63;76m[48;2;212;212;212m▀[0m[38;2;127;127;127m[48;2;212;212;212m▀[0m[38;2;212;212;212m[48;2;212;212;212m▀[0m[38;2;212;212;212m[48;2;212;212;212m▀[0m[38;2;58;63;76m[48;2;58;63;76m▀[0m[38;2;127;127;127m[48;2;127;127;127m▀[0m[38;2;127;127;127m[48;2;127;127;127m▀[0m[38;2;58;63;76m[48;2;127;127;127m▀[0m[38;2;31;33;43m[48;2;127;127;127m▀[0m[38;2;58;63;76m[48;2;58;63;76m▀[0m[38;2;127;127;127m[48;2;31;33;43m▀[0m[38;2;127;127;127m[48;2;58;63;76m▀[0m[38;2;127;127;127m[48;2;16;16;16m▀[0m[38;2;16;16;16m▀              
            [38;2;58;63;76m[48;2;58;63;76m▀[0m[38;2;127;127;127m[48;2;212;212;212m▀[0m[38;2;249;250;252m[48;2;249;250;252m▀[0m[38;2;249;250;252m[48;2;249;250;252m▀[0m[38;2;212;212;212m[48;2;212;212;212m▀[0m[38;2;212;212;212m[48;2;212;212;212m▀[0m[38;2;212;212;212m[48;2;212;212;212m▀[0m[38;2;212;212;212m[48;2;212;212;212m▀[0m[38;2;212;212;212m[48;2;212;212;212m▀[0m[38;2;212;212;212m[48;2;212;212;212m▀[0m[38;2;58;63;76m[48;2;58;63;76m▀[0m[38;2;127;127;127m[48;2;127;127;127m▀[0m[38;2;127;127;127m[48;2;127;127;127m▀[0m[38;2;127;127;127m[48;2;58;63;76m▀[0m[38;2;127;127;127m[48;2;58;63;76m▀[0m[38;2;127;127;127m[48;2;58;63;76m▀[0m[38;2;127;127;127m[48;2;58;63;76m▀[0m[38;2;58;63;76m[48;2;127;127;127m▀[0m[38;2;16;16;16m[48;2;16;16;16m▀[0m               
            [38;2;58;63;76m[48;2;58;63;76m▀[0m[38;2;212;212;212m[48;2;212;212;212m▀[0m[38;2;249;250;252m[48;2;249;250;252m▀[0m[38;2;249;250;252m[48;2;249;250;252m▀[0m[38;2;212;212;212m[48;2;212;212;212m▀[0m[38;2;212;212;212m[48;2;212;212;212m▀[0m[38;2;212;212;212m[48;2;212;212;212m▀[0m[38;2;212;212;212m[48;2;212;212;212m▀[0m[38;2;212;212;212m[48;2;212;212;212m▀[0m[38;2;212;212;212m[48;2;127;127;127m▀[0m[38;2;58;63;76m[48;2;58;63;76m▀[0m[38;2;58;63;76m[48;2;212;212;212m▀[0m[38;2;58;63;76m[48;2;212;212;212m▀[0m[38;2;212;212;212m[48;2;249;250;252m▀[0m[38;2;249;250;252m[48;2;249;250;252m▀[0m[38;2;249;250;252m[48;2;212;212;212m▀[0m[38;2;212;212;212m[48;2;212;212;212m▀[0m[38;2;58;63;76m[48;2;212;212;212m▀[0m[38;2;16;16;16m[48;2;58;63;76m▀[0m       [38;2;83;37;90m▄[38;2;83;37;90m[48;2;168;102;178m▀[0m[38;2;83;37;90m[48;2;168;102;178m▀[0m[38;2;83;37;90m[48;2;168;102;178m▀[0m[38;2;83;37;90m▄[38;2;83;37;90m▄  
        [38;2;58;63;76m▄[38;2;58;63;76m▄[38;2;16;16;16m[48;2;58;63;76m▀[0m[38;2;16;16;16m[48;2;127;127;127m▀[0m[38;2;16;16;16m[48;2;127;127;127m▀[0m[38;2;212;212;212m[48;2;58;63;76m▀[0m[38;2;249;250;252m[48;2;127;127;127m▀[0m[38;2;249;250;252m[48;2;127;127;127m▀[0m[38;2;212;212;212m[48;2;58;63;76m▀[0m[38;2;212;212;212m[48;2;58;63;76m▀[0m[38;2;127;127;127m[48;2;212;212;212m▀[0m[38;2;58;63;76m[48;2;212;212;212m▀[0m[38;2;58;63;76m[48;2;212;212;212m▀[0m[38;2;212;212;212m[48;2;212;212;212m▀[0m[38;2;212;212;212m[48;2;212;212;212m▀[0m[38;2;212;212;212m[48;2;212;212;212m▀[0m[38;2;249;250;252m[48;2;212;212;212m▀[0m[38;2;212;212;212m[48;2;212;212;212m▀[0m[38;2;212;212;212m[48;2;127;127;127m▀[0m[38;2;127;127;127m[48;2;16;16;16m▀[0m[38;2;58;63;76m[48;2;255;226;38m▀[0m[38;2;212;212;212m[48;2;58;63;76m▀[0m[38;2;16;16;16m[48;2;127;127;127m▀[0m[38;2;58;63;76m▄      [38;2;83;37;90m[48;2;58;63;76m▀[0m[38;2;168;102;178m[48;2;168;102;178m▀[0m[38;2;168;102;178m[48;2;168;102;178m▀[0m[38;2;168;102;178m[48;2;168;102;178m▀[0m[38;2;168;102;178m[48;2;168;102;178m▀[0m[38;2;168;102;178m[48;2;168;102;178m▀[0m[38;2;83;37;90m[48;2;117;51;127m▀[0m[38;2;83;37;90m▄
     [38;2;58;63;76m▄[38;2;58;63;76m[48;2;249;250;252m▀[0m[38;2;58;63;76m[48;2;127;127;127m▀[0m[38;2;249;250;252m[48;2;58;63;76m▀[0m[38;2;212;212;212m[48;2;58;63;76m▀[0m[38;2;212;212;212m[48;2;212;212;212m▀[0m[38;2;58;63;76m[48;2;212;212;212m▀[0m[38;2;58;63;76m[48;2;58;63;76m▀[0m[38;2;127;127;127m[48;2;249;250;252m▀[0m[38;2;249;250;252m[48;2;249;250;252m▀[0m[38;2;249;250;252m[48;2;212;212;212m▀[0m[38;2;212;212;212m[48;2;127;127;127m▀[0m[38;2;212;212;212m[48;2;249;250;252m▀[0m[38;2;212;212;212m[48;2;249;250;252m▀[0m[38;2;212;212;212m[48;2;127;127;127m▀[0m[38;2;212;212;212m[48;2;127;127;127m▀[0m[38;2;212;212;212m[48;2;212;212;212m▀[0m[38;2;212;212;212m[48;2;212;212;212m▀[0m[38;2;212;212;212m[48;2;212;212;212m▀[0m[38;2;212;212;212m[48;2;212;212;212m▀[0m[38;2;212;212;212m[48;2;212;212;212m▀[0m[38;2;58;63;76m[48;2;58;63;76m▀[0m[38;2;249;250;252m[48;2;249;250;252m▀[0m[38;2;16;16;16m[48;2;16;16;16m▀[0m[38;2;255;226;38m[48;2;255;226;38m▀[0m[38;2;127;127;127m[48;2;127;127;127m▀[0m[38;2;16;16;16m[48;2;16;16;16m▀[0m     [38;2;58;63;76m▄[38;2;58;63;76m[48;2;212;212;212m▀[0m[38;2;212;212;212m[48;2;212;212;212m▀[0m[38;2;168;102;178m[48;2;168;102;178m▀[0m[38;2;168;102;178m[48;2;168;102;178m▀[0m[38;2;168;102;178m[48;2;212;212;212m▀[0m[38;2;168;102;178m[48;2;117;51;127m▀[0m[38;2;117;51;127m[48;2;117;51;127m▀[0m[38;2;16;16;16m[48;2;16;16;16m▀[0m
    [38;2;58;63;76m[48;2;58;63;76m▀[0m[38;2;249;250;252m[48;2;249;250;252m▀[0m[38;2;127;127;127m[48;2;58;63;76m▀[0m[38;2;58;63;76m[48;2;58;63;76m▀[0m[38;2;58;63;76m[48;2;58;63;76m▀[0m[38;2;58;63;76m[48;2;58;63;76m▀[0m[38;2;58;63;76m[48;2;58;63;76m▀[0m[38;2;212;212;212m[48;2;212;212;212m▀[0m[38;2;58;63;76m[48;2;58;63;76m▀[0m[38;2;249;250;252m[48;2;212;212;212m▀[0m[38;2;212;212;212m[48;2;212;212;212m▀[0m[38;2;212;212;212m[48;2;127;127;127m▀[0m[38;2;127;127;127m[48;2;249;250;252m▀[0m[38;2;249;250;252m[48;2;212;212;212m▀[0m[38;2;212;212;212m[48;2;212;212;212m▀[0m[38;2;212;212;212m[48;2;212;212;212m▀[0m[38;2;212;212;212m[48;2;212;212;212m▀[0m[38;2;127;127;127m[48;2;212;212;212m▀[0m[38;2;127;127;127m[48;2;212;212;212m▀[0m[38;2;212;212;212m[48;2;127;127;127m▀[0m[38;2;212;212;212m[48;2;212;212;212m▀[0m[38;2;212;212;212m[48;2;212;212;212m▀[0m[38;2;58;63;76m[48;2;58;63;76m▀[0m[38;2;16;16;16m[48;2;16;16;16m▀[0m[38;2;16;16;16m[48;2;255;226;38m▀[0m[38;2;255;226;38m[48;2;58;63;76m▀[0m[38;2;127;127;127m[48;2;127;127;127m▀[0m[38;2;16;16;16m[48;2;16;16;16m▀[0m[38;2;58;63;76m▄   [38;2;58;63;76m▄[38;2;58;63;76m[48;2;168;102;178m▀[0m[38;2;168;102;178m[48;2;168;102;178m▀[0m[38;2;212;212;212m[48;2;212;212;212m▀[0m[38;2;212;212;212m[48;2;212;212;212m▀[0m[38;2;212;212;212m[48;2;168;102;178m▀[0m[38;2;212;212;212m[48;2;117;51;127m▀[0m[38;2;117;51;127m[48;2;127;127;127m▀[0m[38;2;83;37;90m[48;2;16;16;16m▀[0m 
    [38;2;58;63;76m▀[38;2;249;250;252m[48;2;58;63;76m▀[0m[38;2;58;63;76m[48;2;212;212;212m▀[0m[38;2;127;127;127m[48;2;212;212;212m▀[0m[38;2;212;212;212m[48;2;212;212;212m▀[0m[38;2;212;212;212m[48;2;212;212;212m▀[0m[38;2;212;212;212m[48;2;212;212;212m▀[0m[38;2;58;63;76m[48;2;212;212;212m▀[0m[38;2;212;212;212m[48;2;16;16;16m▀[0m[38;2;212;212;212m[48;2;212;212;212m▀[0m[38;2;212;212;212m[48;2;212;212;212m▀[0m[38;2;127;127;127m[48;2;212;212;212m▀[0m[38;2;212;212;212m[48;2;212;212;212m▀[0m[38;2;212;212;212m[48;2;58;63;76m▀[0m[38;2;212;212;212m[48;2;58;63;76m▀[0m[38;2;212;212;212m[48;2;58;63;76m▀[0m[38;2;212;212;212m[48;2;58;63;76m▀[0m[38;2;212;212;212m[48;2;58;63;76m▀[0m[38;2;212;212;212m[48;2;33;26;41m▀[0m[38;2;212;212;212m[48;2;33;26;41m▀[0m[38;2;127;127;127m[48;2;127;127;127m▀[0m[38;2;127;127;127m[48;2;127;127;127m▀[0m[38;2;127;127;127m[48;2;127;127;127m▀[0m[38;2;58;63;76m[48;2;127;127;127m▀[0m[38;2;16;16;16m[48;2;58;49;67m▀[0m[38;2;127;127;127m[48;2;58;49;67m▀[0m[38;2;58;63;76m[48;2;58;49;67m▀[0m[38;2;127;127;127m[48;2;58;49;67m▀[0m[38;2;127;127;127m[48;2;127;127;127m▀[0m[38;2;58;63;76m[48;2;127;127;127m▀[0m[38;2;58;63;76m[48;2;127;127;127m▀[0m[38;2;58;63;76m[48;2;127;127;127m▀[0m[38;2;212;212;212m[48;2;212;212;212m▀[0m[38;2;212;212;212m[48;2;212;212;212m▀[0m[38;2;212;212;212m[48;2;212;212;212m▀[0m[38;2;212;212;212m[48;2;127;127;127m▀[0m[38;2;168;102;178m[48;2;127;127;127m▀[0m[38;2;117;51;127m[48;2;127;127;127m▀[0m[38;2;127;127;127m[48;2;16;16;16m▀[0m[38;2;16;16;16m▀  
     [38;2;58;63;76m▀[38;2;212;212;212m[48;2;58;63;76m▀[0m[38;2;212;212;212m[48;2;212;212;212m▀[0m[38;2;212;212;212m[48;2;212;212;212m▀[0m[38;2;212;212;212m[48;2;212;212;212m▀[0m[38;2;212;212;212m[48;2;127;127;127m▀[0m[38;2;212;212;212m[48;2;16;16;16m▀[0m[38;2;16;16;16m[48;2;212;212;212m▀[0m[38;2;212;212;212m[48;2;212;212;212m▀[0m[38;2;212;212;212m[48;2;58;63;76m▀[0m[38;2;58;63;76m[48;2;138;125;142m▀[0m[38;2;58;63;76m[48;2;138;125;142m▀[0m[38;2;138;125;142m[48;2;138;125;142m▀[0m[38;2;138;125;142m[48;2;138;125;142m▀[0m[38;2;138;125;142m[48;2;138;125;142m▀[0m[38;2;138;125;142m[48;2;33;26;41m▀[0m[38;2;138;125;142m[48;2;33;26;41m▀[0m[38;2;58;49;67m[48;2;58;49;67m▀[0m[38;2;58;49;67m[48;2;58;49;67m▀[0m[38;2;33;26;41m[48;2;58;49;67m▀[0m[38;2;33;26;41m[48;2;33;26;41m▀[0m[38;2;58;49;67m[48;2;138;125;142m▀[0m[38;2;58;49;67m[48;2;138;125;142m▀[0m[38;2;138;125;142m[48;2;138;125;142m▀[0m[38;2;138;125;142m[48;2;138;125;142m▀[0m[38;2;138;125;142m[48;2;33;26;41m▀[0m[38;2;138;125;142m[48;2;58;49;67m▀[0m[38;2;33;26;41m[48;2;58;49;67m▀[0m[38;2;127;127;127m[48;2;33;26;41m▀[0m[38;2;127;127;127m[48;2;127;127;127m▀[0m[38;2;127;127;127m[48;2;127;127;127m▀[0m[38;2;127;127;127m[48;2;127;127;127m▀[0m[38;2;127;127;127m[48;2;127;127;127m▀[0m[38;2;127;127;127m[48;2;127;127;127m▀[0m[38;2;127;127;127m[48;2;16;16;16m▀[0m[38;2;127;127;127m[48;2;16;16;16m▀[0m[38;2;16;16;16m▀    
  [38;2;58;49;67m▄[38;2;58;49;67m▄[38;2;58;49;67m[48;2;138;125;142m▀[0m[38;2;58;49;67m[48;2;138;125;142m▀[0m[38;2;58;49;67m[48;2;58;49;67m▀[0m[38;2;16;16;16m[48;2;100;87;104m▀[0m[38;2;16;16;16m[48;2;58;63;76m▀[0m[38;2;16;16;16m[48;2;212;212;212m▀[0m[38;2;127;127;127m[48;2;58;63;76m▀[0m[38;2;212;212;212m[48;2;212;212;212m▀[0m[38;2;212;212;212m[48;2;127;127;127m▀[0m[38;2;127;127;127m[48;2;58;63;76m▀[0m[38;2;16;16;16m[48;2;100;87;104m▀[0m[38;2;138;125;142m[48;2;100;87;104m▀[0m[38;2;58;49;67m[48;2;100;87;104m▀[0m[38;2;58;49;67m[48;2;100;87;104m▀[0m[38;2;58;49;67m[48;2;100;87;104m▀[0m[38;2;33;26;41m[48;2;33;26;41m▀[0m[38;2;58;49;67m[48;2;58;49;67m▀[0m[38;2;58;49;67m[48;2;58;49;67m▀[0m[38;2;58;49;67m[48;2;58;49;67m▀[0m[38;2;58;49;67m[48;2;33;26;41m▀[0m[38;2;33;26;41m[48;2;58;49;67m▀[0m[38;2;138;125;142m[48;2;138;125;142m▀[0m[38;2;138;125;142m[48;2;138;125;142m▀[0m[38;2;138;125;142m[48;2;138;125;142m▀[0m[38;2;138;125;142m[48;2;138;125;142m▀[0m[38;2;33;26;41m[48;2;33;26;41m▀[0m[38;2;58;49;67m[48;2;58;49;67m▀[0m[38;2;58;49;67m[48;2;58;49;67m▀[0m[38;2;58;49;67m[48;2;58;49;67m▀[0m[38;2;16;16;16m[48;2;58;49;67m▀[0m[38;2;16;16;16m[48;2;33;26;41m▀[0m[38;2;16;16;16m▀[38;2;16;16;16m▀[38;2;16;16;16m▀[38;2;16;16;16m▀       
[38;2;33;26;41m▄[38;2;58;49;67m[48;2;138;125;142m▀[0m[38;2;138;125;142m[48;2;138;125;142m▀[0m[38;2;138;125;142m[48;2;138;125;142m▀[0m[38;2;138;125;142m[48;2;138;125;142m▀[0m[38;2;58;49;67m[48;2;58;49;67m▀[0m[38;2;100;87;104m[48;2;100;87;104m▀[0m[38;2;100;87;104m[48;2;100;87;104m▀[0m[38;2;58;63;76m[48;2;100;87;104m▀[0m[38;2;212;212;212m[48;2;58;63;76m▀[0m[38;2;212;212;212m[48;2;212;212;212m▀[0m[38;2;212;212;212m[48;2;212;212;212m▀[0m[38;2;127;127;127m[48;2;127;127;127m▀[0m[38;2;16;16;16m[48;2;16;16;16m▀[0m[38;2;100;87;104m[48;2;100;87;104m▀[0m[38;2;100;87;104m[48;2;100;87;104m▀[0m[38;2;100;87;104m[48;2;100;87;104m▀[0m[38;2;100;87;104m[48;2;100;87;104m▀[0m[38;2;100;87;104m[48;2;100;87;104m▀[0m[38;2;33;26;41m[48;2;100;87;104m▀[0m[38;2;58;49;67m[48;2;33;26;41m▀[0m[38;2;58;49;67m[48;2;58;49;67m▀[0m[38;2;58;49;67m[48;2;33;26;41m▀[0m[38;2;33;26;41m[48;2;100;87;104m▀[0m[38;2;100;87;104m[48;2;100;87;104m▀[0m[38;2;100;87;104m[48;2;100;87;104m▀[0m[38;2;58;49;67m[48;2;100;87;104m▀[0m[38;2;138;125;142m[48;2;33;26;41m▀[0m[38;2;33;26;41m[48;2;33;26;41m▀[0m[38;2;58;49;67m[48;2;58;49;67m▀[0m[38;2;58;49;67m[48;2;58;49;67m▀[0m[38;2;58;49;67m[48;2;58;49;67m▀[0m[38;2;58;49;67m[48;2;58;49;67m▀[0m[38;2;58;49;67m[48;2;58;49;67m▀[0m[38;2;16;16;16m[48;2;58;49;67m▀[0m[38;2;33;26;41m▄          
[38;2;33;26;41m[48;2;33;26;41m▀[0m[38;2;138;125;142m[48;2;58;49;67m▀[0m[38;2;138;125;142m[48;2;100;87;104m▀[0m[38;2;58;49;67m[48;2;100;87;104m▀[0m[38;2;58;49;67m[48;2;100;87;104m▀[0m[38;2;58;49;67m[48;2;33;26;41m▀[0m[38;2;100;87;104m[48;2;58;49;67m▀[0m[38;2;100;87;104m[48;2;100;87;104m▀[0m[38;2;100;87;104m[48;2;100;87;104m▀[0m[38;2;58;63;76m[48;2;100;87;104m▀[0m[38;2;212;212;212m[48;2;58;63;76m▀[0m[38;2;212;212;212m[48;2;127;127;127m▀[0m[38;2;127;127;127m[48;2;127;127;127m▀[0m[38;2;16;16;16m[48;2;16;16;16m▀[0m[38;2;100;87;104m[48;2;100;87;104m▀[0m[38;2;100;87;104m[48;2;100;87;104m▀[0m[38;2;100;87;104m[48;2;100;87;104m▀[0m[38;2;100;87;104m[48;2;100;87;104m▀[0m[38;2;100;87;104m[48;2;100;87;104m▀[0m[38;2;100;87;104m[48;2;100;87;104m▀[0m[38;2;33;26;41m[48;2;33;26;41m▀[0m[38;2;58;49;67m[48;2;58;49;67m▀[0m[38;2;33;26;41m[48;2;33;26;41m▀[0m[38;2;100;87;104m[48;2;100;87;104m▀[0m[38;2;100;87;104m[48;2;100;87;104m▀[0m[38;2;100;87;104m[48;2;100;87;104m▀[0m[38;2;100;87;104m[48;2;100;87;104m▀[0m[38;2;33;26;41m[48;2;33;26;41m▀[0m[38;2;58;49;67m[48;2;58;49;67m▀[0m[38;2;58;49;67m[48;2;58;49;67m▀[0m[38;2;58;49;67m[48;2;58;49;67m▀[0m[38;2;58;49;67m[48;2;58;49;67m▀[0m[38;2;58;49;67m[48;2;58;49;67m▀[0m[38;2;58;49;67m[48;2;58;49;67m▀[0m[38;2;58;49;67m[48;2;58;49;67m▀[0m[38;2;16;16;16m[48;2;16;16;16m▀[0m          
[38;2;33;26;41m[48;2;33;26;41m▀[0m[38;2;100;87;104m[48;2;100;87;104m▀[0m[38;2;100;87;104m[48;2;100;87;104m▀[0m[38;2;100;87;104m[48;2;100;87;104m▀[0m[38;2;100;87;104m[48;2;100;87;104m▀[0m[38;2;100;87;104m[48;2;100;87;104m▀[0m[38;2;33;26;41m[48;2;100;87;104m▀[0m[38;2;100;87;104m[48;2;33;26;41m▀[0m[38;2;100;87;104m[48;2;100;87;104m▀[0m[38;2;100;87;104m[48;2;100;87;104m▀[0m[38;2;100;87;104m[48;2;100;87;104m▀[0m[38;2;58;63;76m[48;2;100;87;104m▀[0m[38;2;16;16;16m[48;2;100;87;104m▀[0m[38;2;100;87;104m[48;2;100;87;104m▀[0m[38;2;100;87;104m[48;2;100;87;104m▀[0m[38;2;100;87;104m[48;2;100;87;104m▀[0m[38;2;100;87;104m[48;2;33;26;41m▀[0m[38;2;100;87;104m[48;2;33;26;41m▀[0m[38;2;33;26;41m[48;2;58;49;67m▀[0m[38;2;33;26;41m[48;2;58;49;67m▀[0m[38;2;58;49;67m[48;2;58;49;67m▀[0m[38;2;58;49;67m[48;2;58;49;67m▀[0m[38;2;33;26;41m[48;2;33;26;41m▀[0m[38;2;100;87;104m[48;2;100;87;104m▀[0m[38;2;100;87;104m[48;2;100;87;104m▀[0m[38;2;100;87;104m[48;2;100;87;104m▀[0m[38;2;100;87;104m[48;2;100;87;104m▀[0m[38;2;33;26;41m[48;2;33;26;41m▀[0m[38;2;58;49;67m[48;2;58;49;67m▀[0m[38;2;58;49;67m[48;2;58;49;67m▀[0m[38;2;58;49;67m[48;2;58;49;67m▀[0m[38;2;58;49;67m[48;2;58;49;67m▀[0m[38;2;58;49;67m[48;2;58;49;67m▀[0m[38;2;58;49;67m[48;2;58;49;67m▀[0m[38;2;58;49;67m[48;2;58;49;67m▀[0m[38;2;16;16;16m[48;2;16;16;16m▀[0m          
 [38;2;33;26;41m[48;2;33;26;41m▀[0m[38;2;100;87;104m[48;2;100;87;104m▀[0m[38;2;100;87;104m[48;2;100;87;104m▀[0m[38;2;100;87;104m[48;2;100;87;104m▀[0m[38;2;100;87;104m[48;2;100;87;104m▀[0m[38;2;58;49;67m[48;2;33;26;41m▀[0m[38;2;33;26;41m[48;2;58;49;67m▀[0m[38;2;33;26;41m[48;2;33;26;41m▀[0m[38;2;33;26;41m[48;2;58;49;67m▀[0m[38;2;100;87;104m[48;2;33;26;41m▀[0m[38;2;100;87;104m[48;2;33;26;41m▀[0m[38;2;100;87;104m[48;2;33;26;41m▀[0m[38;2;100;87;104m[48;2;33;26;41m▀[0m[38;2;33;26;41m[48;2;58;49;67m▀[0m[38;2;33;26;41m[48;2;58;49;67m▀[0m[38;2;58;49;67m[48;2;58;49;67m▀[0m[38;2;58;49;67m[48;2;58;49;67m▀[0m[38;2;58;49;67m[48;2;58;49;67m▀[0m[38;2;58;49;67m[48;2;58;49;67m▀[0m[38;2;58;49;67m[48;2;58;49;67m▀[0m[38;2;58;49;67m[48;2;58;49;67m▀[0m[38;2;58;49;67m[48;2;58;49;67m▀[0m[38;2;33;26;41m[48;2;33;26;41m▀[0m[38;2;100;87;104m[48;2;33;26;41m▀[0m[38;2;100;87;104m[48;2;58;49;67m▀[0m[38;2;33;26;41m[48;2;58;49;67m▀[0m[38;2;58;49;67m[48;2;58;49;67m▀[0m[38;2;33;26;41m[48;2;33;26;41m▀[0m[38;2;58;49;67m[48;2;58;49;67m▀[0m[38;2;58;49;67m[48;2;58;49;67m▀[0m[38;2;58;49;67m[48;2;58;49;67m▀[0m[38;2;58;49;67m[48;2;58;49;67m▀[0m[38;2;58;49;67m[48;2;58;49;67m▀[0m[38;2;16;16;16m[48;2;16;16;16m▀[0m           
  [38;2;33;26;41m[48;2;33;26;41m▀[0m[38;2;100;87;104m[48;2;33;26;41m▀[0m[38;2;100;87;104m[48;2;58;49;67m▀[0m[38;2;33;26;41m[48;2;58;49;67m▀[0m[38;2;58;49;67m[48;2;58;49;67m▀[0m[38;2;58;49;67m[48;2;58;49;67m▀[0m[38;2;58;49;67m[48;2;58;49;67m▀[0m[38;2;33;26;41m[48;2;58;49;67m▀[0m[38;2;33;26;41m[48;2;58;49;67m▀[0m[38;2;58;49;67m[48;2;16;16;16m▀[0m[38;2;58;49;67m[48;2;16;16;16m▀[0m[38;2;58;49;67m[48;2;16;16;16m▀[0m[38;2;58;49;67m[48;2;58;49;67m▀[0m[38;2;58;49;67m[48;2;58;49;67m▀[0m[38;2;58;49;67m[48;2;58;49;67m▀[0m[38;2;58;49;67m[48;2;58;49;67m▀[0m[38;2;58;49;67m[48;2;16;16;16m▀[0m[38;2;58;49;67m[48;2;16;16;16m▀[0m[38;2;58;49;67m[48;2;16;16;16m▀[0m[38;2;16;16;16m▀[38;2;16;16;16m▀ [38;2;16;16;16m▀[38;2;58;49;67m[48;2;16;16;16m▀[0m[38;2;58;49;67m[48;2;58;49;67m▀[0m[38;2;58;49;67m[48;2;58;49;67m▀[0m[38;2;58;49;67m[48;2;58;49;67m▀[0m[38;2;33;26;41m[48;2;58;49;67m▀[0m[38;2;58;49;67m[48;2;16;16;16m▀[0m[38;2;58;49;67m[48;2;16;16;16m▀[0m[38;2;58;49;67m[48;2;16;16;16m▀[0m[38;2;16;16;16m▀            
   [38;2;33;26;41m▀[38;2;58;49;67m[48;2;33;26;41m▀[0m[38;2;58;49;67m[48;2;16;16;16m▀[0m[38;2;58;49;67m[48;2;58;49;67m▀[0m[38;2;58;49;67m[48;2;58;49;67m▀[0m[38;2;58;49;67m[48;2;58;49;67m▀[0m[38;2;58;49;67m[48;2;58;49;67m▀[0m[38;2;58;49;67m[48;2;16;16;16m▀[0m[38;2;58;49;67m[48;2;16;16;16m▀[0m[38;2;16;16;16m▀ [38;2;16;16;16m▀[38;2;16;16;16m▀[38;2;16;16;16m▀[38;2;16;16;16m▀        [38;2;16;16;16m▀[38;2;16;16;16m▀[38;2;16;16;16m▀[38;2;16;16;16m▀[38;2;16;16;16m▀               
      [38;2;33;26;41m▀[38;2;16;16;16m▀[38;2;16;16;16m▀[38;2;16;16;16m▀                                    
[0m