    [38;2;85;92;85m[48;2;53;61;53m▀[0m[38;2;85;92;85m[48;2;194;207;182m▀[0m[38;2;85;92;85m[48;2;194;207;182m▀[0m[38;2;85;92;85m▄[38;2;85;92;85m▄                              [38;2;85;92;85m▄[38;2;85;92;85m▄[38;2;85;92;85m[48;2;194;207;182m▀[0m[38;2;85;92;85m[48;2;194;207;182m▀[0m[38;2;85;92;85m[48;2;53;61;53m▀[0m                                             
     [38;2;53;61;53m▀[38;2;53;61;53m▀[38;2;194;207;182m[48;2;53;61;53m▀[0m[38;2;149;161;137m[48;2;194;207;182m▀[0m[38;2;85;92;85m[48;2;149;161;137m▀[0m                           [38;2;85;92;85m▄[38;2;85;92;85m[48;2;149;161;137m▀[0m[38;2;149;161;137m[48;2;194;207;182m▀[0m[38;2;194;207;182m[48;2;53;61;53m▀[0m[38;2;53;61;53m▀[38;2;53;61;53m▀                                              
        [38;2;53;61;53m[48;2;20;19;19m▀[0m[38;2;194;207;182m[48;2;194;207;182m▀[0m[38;2;53;61;53m[48;2;53;61;53m▀[0m                          [38;2;85;92;85m[48;2;85;92;85m▀[0m[38;2;194;207;182m[48;2;194;207;182m▀[0m[38;2;53;61;53m[48;2;20;19;19m▀[0m                                                 
        [38;2;20;19;19m▀[38;2;194;207;182m[48;2;20;19;19m▀[0m[38;2;85;92;85m[48;2;194;207;182m▀[0m[38;2;53;61;53m▄                        [38;2;85;92;85m[48;2;85;92;85m▀[0m[38;2;194;207;182m[48;2;194;207;182m▀[0m[38;2;53;61;53m[48;2;20;19;19m▀[0m                                                  
   [38;2;85;92;85m▄[38;2;85;92;85m▄    [38;2;20;19;19m[48;2;20;19;19m▀[0m[38;2;194;207;182m[48;2;194;207;182m▀[0m[38;2;53;61;53m[48;2;53;61;53m▀[0m                        [38;2;85;92;85m[48;2;85;92;85m▀[0m[38;2;194;207;182m[48;2;194;207;182m▀[0m[38;2;20;19;19m[48;2;20;19;19m▀[0m                                                  
  [38;2;53;61;53m[48;2;53;61;53m▀[0m[38;2;194;207;182m[48;2;194;207;182m▀[0m[38;2;85;92;85m[48;2;85;92;85m▀[0m    [38;2;20;19;19m[48;2;53;61;53m▀[0m[38;2;194;207;182m[48;2;194;207;182m▀[0m[38;2;53;61;53m[48;2;53;61;53m▀[0m                         [38;2;85;92;85m[48;2;85;92;85m▀[0m[38;2;194;207;182m[48;2;194;207;182m▀[0m[38;2;20;19;19m[48;2;20;19;19m▀[0m    [38;2;85;92;85m[48;2;85;92;85m▀[0m[38;2;85;92;85m[48;2;194;207;182m▀[0m[38;2;20;19;19m▄                                          
   [38;2;53;61;53m[48;2;20;19;19m▀[0m[38;2;194;207;182m[48;2;149;161;137m▀[0m[38;2;85;92;85m[48;2;194;207;182m▀[0m[38;2;85;92;85m▄[38;2;85;92;85m▄[38;2;20;19;19m[48;2;20;19;19m▀[0m[38;2;149;161;137m[48;2;149;161;137m▀[0m[38;2;53;61;53m[48;2;53;61;53m▀[0m                          [38;2;85;92;85m▀[38;2;194;207;182m[48;2;85;92;85m▀[0m[38;2;20;19;19m[48;2;149;161;137m▀[0m[38;2;20;19;19m▄  [38;2;85;92;85m▄[38;2;85;92;85m[48;2;194;207;182m▀[0m[38;2;194;207;182m[48;2;20;19;19m▀[0m[38;2;20;19;19m▀                                          
    [38;2;20;19;19m▀[38;2;20;19;19m▀[38;2;194;207;182m[48;2;20;19;19m▀[0m[38;2;194;207;182m[48;2;20;19;19m▀[0m[38;2;85;92;85m[48;2;194;207;182m▀[0m[38;2;85;92;85m[48;2;194;207;182m▀[0m[38;2;53;61;53m[48;2;194;207;182m▀[0m[38;2;85;92;85m▄      [38;2;64;49;38m▄[38;2;150;122;78m▄       [38;2;150;122;78m▄[38;2;150;122;78m▄[38;2;64;49;38m▄      [38;2;85;92;85m▄[38;2;85;92;85m▄[38;2;85;92;85m[48;2;85;92;85m▀[0m[38;2;149;161;137m[48;2;85;92;85m▀[0m[38;2;85;92;85m[48;2;194;207;182m▀[0m[38;2;85;92;85m[48;2;194;207;182m▀[0m[38;2;85;92;85m[48;2;194;207;182m▀[0m[38;2;194;207;182m[48;2;20;19;19m▀[0m[38;2;20;19;19m[48;2;52;61;39m▀[0m[38;2;89;99;66m[48;2;136;158;109m▀[0m[38;2;89;99;66m[48;2;136;158;109m▀[0m[38;2;89;99;66m[48;2;136;158;109m▀[0m[38;2;89;99;66m▄[38;2;89;99;66m▄                    [38;2;64;49;38m▄[38;2;64;49;38m[48;2;137;108;82m▀[0m[38;2;64;49;38m[48;2;137;108;82m▀[0m[38;2;64;49;38m▄               
       [38;2;20;19;19m▄[38;2;53;61;53m[48;2;149;161;137m▀[0m[38;2;53;61;53m[48;2;89;99;66m▀[0m[38;2;53;61;53m[48;2;136;158;109m▀[0m[38;2;194;207;182m[48;2;53;61;53m▀[0m[38;2;85;92;85m[48;2;194;207;182m▀[0m[38;2;85;92;85m▄    [38;2;64;49;38m[48;2;64;49;38m▀[0m[38;2;192;167;118m[48;2;192;167;118m▀[0m[38;2;150;122;78m[48;2;192;167;118m▀[0m[38;2;150;122;78m[48;2;192;167;118m▀[0m[38;2;150;122;78m▄ [38;2;150;122;78m▄[38;2;150;122;78m[48;2;192;167;118m▀[0m[38;2;150;122;78m[48;2;192;167;118m▀[0m[38;2;192;167;118m[48;2;192;167;118m▀[0m[38;2;192;167;118m[48;2;192;167;118m▀[0m[38;2;64;49;38m[48;2;64;49;38m▀[0m   [38;2;85;92;85m▄[38;2;85;92;85m[48;2;149;161;137m▀[0m[38;2;85;92;85m[48;2;194;207;182m▀[0m[38;2;194;207;182m[48;2;53;61;53m▀[0m[38;2;194;207;182m[48;2;53;61;53m▀[0m[38;2;194;207;182m[48;2;53;61;53m▀[0m[38;2;194;207;182m[48;2;53;61;53m▀[0m[38;2;85;92;85m[48;2;20;19;19m▀[0m[38;2;20;19;19m▀[38;2;20;19;19m▀ [38;2;52;61;39m[48;2;52;61;39m▀[0m[38;2;136;158;109m[48;2;136;158;109m▀[0m[38;2;136;158;109m[48;2;136;158;109m▀[0m[38;2;89;99;66m[48;2;136;158;109m▀[0m[38;2;136;158;109m[48;2;89;99;66m▀[0m[38;2;136;158;109m[48;2;52;61;39m▀[0m[38;2;89;99;66m[48;2;52;61;39m▀[0m                  [38;2;64;49;38m▄[38;2;64;49;38m[48;2;137;108;82m▀[0m[38;2;137;108;82m[48;2;137;108;82m▀[0m[38;2;64;49;38m[48;2;20;19;19m▀[0m[38;2;137;108;82m[48;2;137;108;82m▀[0m[38;2;64;49;38m[48;2;137;108;82m▀[0m[38;2;64;49;38m▄             
       [38;2;20;19;19m[48;2;20;19;19m▀[0m[38;2;194;207;182m[48;2;194;207;182m▀[0m[38;2;89;99;66m[48;2;89;99;66m▀[0m[38;2;89;99;66m[48;2;239;158;58m▀[0m[38;2;136;158;109m[48;2;248;248;248m▀[0m[38;2;53;61;53m[48;2;53;61;53m▀[0m[38;2;194;207;182m[48;2;194;207;182m▀[0m[38;2;85;92;85m[48;2;85;92;85m▀[0m   [38;2;20;19;19m▀[38;2;192;167;118m[48;2;20;19;19m▀[0m[38;2;192;167;118m[48;2;192;167;118m▀[0m[38;2;192;167;118m[48;2;192;167;118m▀[0m[38;2;150;122;78m[48;2;192;167;118m▀[0m[38;2;150;122;78m▄[38;2;150;122;78m[48;2;192;167;118m▀[0m[38;2;192;167;118m[48;2;192;167;118m▀[0m[38;2;192;167;118m[48;2;192;167;118m▀[0m[38;2;192;167;118m[48;2;20;19;19m▀[0m[38;2;192;167;118m[48;2;20;19;19m▀[0m[38;2;64;49;38m▀  [38;2;85;92;85m▄[38;2;53;61;53m[48;2;194;207;182m▀[0m[38;2;194;207;182m[48;2;53;61;53m▀[0m[38;2;53;61;53m[48;2;136;158;109m▀[0m[38;2;136;158;109m[48;2;136;158;109m▀[0m[38;2;136;158;109m[48;2;89;99;66m▀[0m[38;2;89;99;66m[48;2;89;99;66m▀[0m[38;2;149;161;137m[48;2;194;207;182m▀[0m[38;2;20;19;19m[48;2;20;19;19m▀[0m    [38;2;20;19;19m▀[38;2;20;19;19m▀[38;2;136;158;109m[48;2;20;19;19m▀[0m[38;2;89;99;66m[48;2;20;19;19m▀[0m                   [38;2;64;49;38m▄[38;2;64;49;38m[48;2;137;108;82m▀[0m[38;2;137;108;82m[48;2;137;108;82m▀[0m[38;2;64;49;38m[48;2;20;19;19m▀[0m[38;2;137;108;82m[48;2;20;19;19m▀[0m[38;2;20;19;19m[48;2;64;49;38m▀[0m[38;2;137;108;82m[48;2;137;108;82m▀[0m[38;2;64;49;38m[48;2;97;74;60m▀[0m[38;2;20;19;19m▄            
       [38;2;20;19;19m▀[38;2;194;207;182m[48;2;53;61;53m▀[0m[38;2;89;99;66m[48;2;194;207;182m▀[0m[38;2;239;158;58m[48;2;89;99;66m▀[0m[38;2;248;248;248m[48;2;136;158;109m▀[0m[38;2;239;158;58m[48;2;136;158;109m▀[0m[38;2;53;61;53m[48;2;53;61;53m▀[0m[38;2;194;207;182m[48;2;194;207;182m▀[0m[38;2;85;92;85m[48;2;85;92;85m▀[0m    [38;2;20;19;19m▀[38;2;20;19;19m[48;2;89;99;66m▀[0m[38;2;192;167;118m[48;2;89;99;66m▀[0m[38;2;150;122;78m[48;2;89;99;66m▀[0m[38;2;192;167;118m[48;2;89;99;66m▀[0m[38;2;20;19;19m[48;2;89;99;66m▀[0m[38;2;20;19;19m[48;2;89;99;66m▀[0m[38;2;89;99;66m▄    [38;2;53;61;53m[48;2;53;61;53m▀[0m[38;2;194;207;182m[48;2;194;207;182m▀[0m[38;2;53;61;53m[48;2;53;61;53m▀[0m[38;2;89;99;66m[48;2;239;158;58m▀[0m[38;2;248;248;248m[48;2;248;248;248m▀[0m[38;2;239;158;58m[48;2;239;158;58m▀[0m[38;2;89;99;66m[48;2;89;99;66m▀[0m[38;2;194;207;182m[48;2;194;207;182m▀[0m[38;2;20;19;19m[48;2;20;19;19m▀[0m                          [38;2;64;49;38m▄[38;2;64;49;38m[48;2;137;108;82m▀[0m[38;2;137;108;82m[48;2;137;108;82m▀[0m[38;2;20;19;19m[48;2;20;19;19m▀[0m[38;2;64;49;38m[48;2;137;108;82m▀[0m[38;2;137;108;82m[48;2;137;108;82m▀[0m[38;2;137;108;82m[48;2;137;108;82m▀[0m[38;2;64;49;38m[48;2;64;49;38m▀[0m[38;2;97;74;60m[48;2;97;74;60m▀[0m[38;2;20;19;19m[48;2;20;19;19m▀[0m            
        [38;2;20;19;19m▀[38;2;149;161;137m[48;2;20;19;19m▀[0m[38;2;194;207;182m[48;2;20;19;19m▀[0m[38;2;89;99;66m[48;2;194;207;182m▀[0m[38;2;89;99;66m[48;2;194;207;182m▀[0m[38;2;53;61;53m[48;2;53;61;53m▀[0m[38;2;194;207;182m[48;2;194;207;182m▀[0m[38;2;85;92;85m[48;2;85;92;85m▀[0m [38;2;89;99;66m▄[38;2;89;99;66m▄[38;2;89;99;66m[48;2;136;158;109m▀[0m[38;2;89;99;66m[48;2;136;158;109m▀[0m[38;2;136;158;109m[48;2;136;158;109m▀[0m[38;2;136;158;109m[48;2;89;99;66m▀[0m[38;2;136;158;109m[48;2;136;158;109m▀[0m[38;2;136;158;109m[48;2;136;158;109m▀[0m[38;2;136;158;109m[48;2;136;158;109m▀[0m[38;2;136;158;109m[48;2;136;158;109m▀[0m[38;2;136;158;109m[48;2;136;158;109m▀[0m[38;2;89;99;66m[48;2;136;158;109m▀[0m[38;2;89;99;66m[48;2;136;158;109m▀[0m[38;2;89;99;66m▄ [38;2;53;61;53m[48;2;53;61;53m▀[0m[38;2;194;207;182m[48;2;194;207;182m▀[0m[38;2;53;61;53m[48;2;85;92;85m▀[0m[38;2;136;158;109m[48;2;89;99;66m▀[0m[38;2;136;158;109m[48;2;89;99;66m▀[0m[38;2;89;99;66m[48;2;194;207;182m▀[0m[38;2;194;207;182m[48;2;149;161;137m▀[0m[38;2;53;61;53m[48;2;20;19;19m▀[0m                    [38;2;64;49;38m▄[38;2;64;49;38m▄[38;2;64;49;38m[48;2;137;108;82m▀[0m[38;2;64;49;38m[48;2;137;108;82m▀[0m[38;2;64;49;38m[48;2;137;108;82m▀[0m[38;2;64;49;38m[48;2;97;74;60m▀[0m[38;2;64;49;38m[48;2;137;108;82m▀[0m[38;2;64;49;38m[48;2;137;108;82m▀[0m[38;2;97;74;60m[48;2;64;49;38m▀[0m[38;2;137;108;82m[48;2;64;49;38m▀[0m[38;2;64;49;38m[48;2;97;74;60m▀[0m[38;2;137;108;82m[48;2;137;108;82m▀[0m[38;2;137;108;82m[48;2;137;108;82m▀[0m[38;2;64;49;38m[48;2;64;49;38m▀[0m[38;2;97;74;60m[48;2;97;74;60m▀[0m[38;2;20;19;19m[48;2;20;19;19m▀[0m             
       [38;2;89;99;66m▄[38;2;89;99;66m[48;2;136;158;109m▀[0m[38;2;136;158;109m[48;2;136;158;109m▀[0m[38;2;136;158;109m[48;2;136;158;109m▀[0m[38;2;20;19;19m[48;2;52;61;39m▀[0m[38;2;20;19;19m▀[38;2;20;19;19m▀[38;2;53;61;53m▀[38;2;194;207;182m[48;2;52;61;39m▀[0m[38;2;89;99;66m[48;2;136;158;109m▀[0m[38;2;136;158;109m[48;2;136;158;109m▀[0m[38;2;136;158;109m[48;2;136;158;109m▀[0m[38;2;136;158;109m[48;2;89;99;66m▀[0m[38;2;136;158;109m[48;2;136;158;109m▀[0m[38;2;89;99;66m[48;2;89;99;66m▀[0m[38;2;136;158;109m[48;2;136;158;109m▀[0m[38;2;136;158;109m[48;2;89;99;66m▀[0m[38;2;136;158;109m[48;2;136;158;109m▀[0m[38;2;136;158;109m[48;2;136;158;109m▀[0m[38;2;136;158;109m[48;2;136;158;109m▀[0m[38;2;136;158;109m[48;2;136;158;109m▀[0m[38;2;136;158;109m[48;2;136;158;109m▀[0m[38;2;89;99;66m[48;2;136;158;109m▀[0m[38;2;136;158;109m[48;2;89;99;66m▀[0m[38;2;53;61;53m[48;2;194;207;182m▀[0m[38;2;194;207;182m[48;2;194;207;182m▀[0m[38;2;85;92;85m[48;2;20;19;19m▀[0m[38;2;194;207;182m[48;2;20;19;19m▀[0m[38;2;194;207;182m[48;2;20;19;19m▀[0m[38;2;194;207;182m[48;2;20;19;19m▀[0m[38;2;53;61;53m▀[38;2;20;19;19m▀                    [38;2;64;49;38m[48;2;64;49;38m▀[0m[38;2;97;74;60m[48;2;137;108;82m▀[0m[38;2;137;108;82m[48;2;137;108;82m▀[0m[38;2;137;108;82m[48;2;137;108;82m▀[0m[38;2;137;108;82m[48;2;137;108;82m▀[0m[38;2;97;74;60m[48;2;97;74;60m▀[0m[38;2;137;108;82m[48;2;137;108;82m▀[0m[38;2;137;108;82m[48;2;137;108;82m▀[0m[38;2;137;108;82m[48;2;137;108;82m▀[0m[38;2;137;108;82m[48;2;97;74;60m▀[0m[38;2;97;74;60m[48;2;137;108;82m▀[0m[38;2;64;49;38m[48;2;137;108;82m▀[0m[38;2;64;49;38m[48;2;137;108;82m▀[0m[38;2;97;74;60m[48;2;64;49;38m▀[0m[38;2;97;74;60m[48;2;97;74;60m▀[0m[38;2;97;74;60m[48;2;20;19;19m▀[0m[38;2;20;19;19m▀             
      [38;2;89;99;66m[48;2;89;99;66m▀[0m[38;2;136;158;109m[48;2;136;158;109m▀[0m[38;2;136;158;109m[48;2;136;158;109m▀[0m[38;2;89;99;66m[48;2;20;19;19m▀[0m[38;2;136;158;109m[48;2;136;158;109m▀[0m[38;2;52;61;39m[48;2;52;61;39m▀[0m  [38;2;52;61;39m[48;2;52;61;39m▀[0m[38;2;136;158;109m[48;2;52;61;39m▀[0m[38;2;136;158;109m[48;2;52;61;39m▀[0m[38;2;136;158;109m[48;2;52;61;39m▀[0m[38;2;52;61;39m[48;2;136;158;109m▀[0m[38;2;136;158;109m[48;2;136;158;109m▀[0m[38;2;89;99;66m[48;2;89;99;66m▀[0m[38;2;136;158;109m[48;2;136;158;109m▀[0m[38;2;136;158;109m[48;2;136;158;109m▀[0m[38;2;136;158;109m[48;2;136;158;109m▀[0m[38;2;52;61;39m[48;2;89;99;66m▀[0m[38;2;136;158;109m[48;2;52;61;39m▀[0m[38;2;136;158;109m[48;2;52;61;39m▀[0m[38;2;136;158;109m[48;2;136;158;109m▀[0m[38;2;136;158;109m[48;2;136;158;109m▀[0m[38;2;136;158;109m[48;2;136;158;109m▀[0m[38;2;52;61;39m[48;2;52;61;39m▀[0m[38;2;194;207;182m[48;2;20;19;19m▀[0m[38;2;20;19;19m[48;2;89;99;66m▀[0m[38;2;20;19;19m[48;2;89;99;66m▀[0m[38;2;20;19;19m▄                       [38;2;64;49;38m[48;2;64;49;38m▀[0m[38;2;97;74;60m[48;2;137;108;82m▀[0m[38;2;137;108;82m[48;2;137;108;82m▀[0m[38;2;137;108;82m[48;2;137;108;82m▀[0m[38;2;137;108;82m[48;2;137;108;82m▀[0m[38;2;97;74;60m[48;2;97;74;60m▀[0m[38;2;137;108;82m[48;2;137;108;82m▀[0m[38;2;137;108;82m[48;2;137;108;82m▀[0m[38;2;137;108;82m[48;2;137;108;82m▀[0m[38;2;137;108;82m[48;2;97;74;60m▀[0m[38;2;97;74;60m[48;2;137;108;82m▀[0m[38;2;137;108;82m[48;2;137;108;82m▀[0m[38;2;137;108;82m[48;2;137;108;82m▀[0m[38;2;137;108;82m[48;2;64;49;38m▀[0m[38;2;97;74;60m[48;2;137;108;82m▀[0m[38;2;64;49;38m[48;2;97;74;60m▀[0m[38;2;20;19;19m[48;2;64;49;38m▀[0m              
      [38;2;89;99;66m[48;2;20;19;19m▀[0m[38;2;136;158;109m[48;2;20;19;19m▀[0m[38;2;20;19;19m▀ [38;2;20;19;19m▀[38;2;20;19;19m▀ [38;2;89;99;66m▄[38;2;89;99;66m[48;2;150;122;78m▀[0m[38;2;150;122;78m[48;2;192;167;118m▀[0m[38;2;52;61;39m[48;2;52;61;39m▀[0m[38;2;136;158;109m[48;2;136;158;109m▀[0m[38;2;136;158;109m[48;2;136;158;109m▀[0m[38;2;136;158;109m[48;2;136;158;109m▀[0m[38;2;89;99;66m[48;2;136;158;109m▀[0m[38;2;136;158;109m[48;2;136;158;109m▀[0m[38;2;136;158;109m[48;2;136;158;109m▀[0m[38;2;136;158;109m[48;2;136;158;109m▀[0m[38;2;136;158;109m[48;2;136;158;109m▀[0m[38;2;52;61;39m[48;2;52;61;39m▀[0m[38;2;150;122;78m[48;2;192;167;118m▀[0m[38;2;52;61;39m[48;2;150;122;78m▀[0m[38;2;52;61;39m[48;2;89;99;66m▀[0m[38;2;52;61;39m[48;2;89;99;66m▀[0m[38;2;52;61;39m[48;2;89;99;66m▀[0m[38;2;89;99;66m[48;2;89;99;66m▀[0m[38;2;89;99;66m[48;2;136;158;109m▀[0m[38;2;136;158;109m[48;2;136;158;109m▀[0m[38;2;136;158;109m[48;2;136;158;109m▀[0m[38;2;20;19;19m[48;2;136;158;109m▀[0m[38;2;20;19;19m▄                    [38;2;20;19;19m[48;2;20;19;19m▀[0m[38;2;97;74;60m[48;2;97;74;60m▀[0m[38;2;137;108;82m[48;2;97;74;60m▀[0m[38;2;137;108;82m[48;2;64;49;38m▀[0m[38;2;137;108;82m[48;2;64;49;38m▀[0m[38;2;97;74;60m[48;2;64;49;38m▀[0m[38;2;137;108;82m[48;2;64;49;38m▀[0m[38;2;137;108;82m[48;2;64;49;38m▀[0m[38;2;137;108;82m[48;2;64;49;38m▀[0m[38;2;137;108;82m[48;2;97;74;60m▀[0m[38;2;97;74;60m[48;2;97;74;60m▀[0m[38;2;137;108;82m[48;2;137;108;82m▀[0m[38;2;137;108;82m[48;2;137;108;82m▀[0m[38;2;137;108;82m[48;2;64;49;38m▀[0m[38;2;64;49;38m[48;2;137;108;82m▀[0m[38;2;137;108;82m[48;2;97;74;60m▀[0m[38;2;97;74;60m[48;2;97;74;60m▀[0m[38;2;97;74;60m[48;2;97;74;60m▀[0m[38;2;20;19;19m[48;2;64;49;38m▀[0m             
           [38;2;52;61;39m▄[38;2;52;61;39m[48;2;136;158;109m▀[0m[38;2;150;122;78m[48;2;150;122;78m▀[0m[38;2;192;167;118m[48;2;192;167;118m▀[0m[38;2;192;167;118m[48;2;192;167;118m▀[0m[38;2;192;167;118m[48;2;192;167;118m▀[0m[38;2;52;61;39m[48;2;192;167;118m▀[0m[38;2;136;158;109m[48;2;52;61;39m▀[0m[38;2;136;158;109m[48;2;136;158;109m▀[0m[38;2;136;158;109m[48;2;136;158;109m▀[0m[38;2;136;158;109m[48;2;52;61;39m▀[0m[38;2;136;158;109m[48;2;52;61;39m▀[0m[38;2;52;61;39m[48;2;192;167;118m▀[0m[38;2;52;61;39m[48;2;192;167;118m▀[0m[38;2;192;167;118m[48;2;192;167;118m▀[0m[38;2;192;167;118m[48;2;192;167;118m▀[0m[38;2;192;167;118m[48;2;192;167;118m▀[0m[38;2;150;122;78m[48;2;192;167;118m▀[0m[38;2;89;99;66m[48;2;64;49;38m▀[0m[38;2;136;158;109m[48;2;136;158;109m▀[0m[38;2;89;99;66m[48;2;136;158;109m▀[0m[38;2;136;158;109m[48;2;89;99;66m▀[0m[38;2;136;158;109m[48;2;136;158;109m▀[0m[38;2;136;158;109m[48;2;52;61;39m▀[0m[38;2;136;158;109m[48;2;136;158;109m▀[0m[38;2;20;19;19m[48;2;136;158;109m▀[0m[38;2;20;19;19m▄                [38;2;64;49;38m▄[38;2;64;49;38m▄[38;2;20;19;19m▄[38;2;20;19;19m[48;2;20;19;19m▀[0m[38;2;97;74;60m[48;2;20;19;19m▀[0m[38;2;64;49;38m[48;2;20;19;19m▀[0m[38;2;20;19;19m[48;2;20;19;19m▀[0m[38;2;20;19;19m[48;2;20;19;19m▀[0m[38;2;20;19;19m[48;2;64;49;38m▀[0m[38;2;20;19;19m[48;2;64;49;38m▀[0m[38;2;20;19;19m[48;2;64;49;38m▀[0m[38;2;20;19;19m[48;2;64;49;38m▀[0m[38;2;20;19;19m[48;2;64;49;38m▀[0m[38;2;64;49;38m[48;2;20;19;19m▀[0m[38;2;64;49;38m[48;2;20;19;19m▀[0m[38;2;97;74;60m[48;2;64;49;38m▀[0m[38;2;64;49;38m[48;2;64;49;38m▀[0m[38;2;137;108;82m[48;2;97;74;60m▀[0m[38;2;97;74;60m[48;2;97;74;60m▀[0m[38;2;97;74;60m[48;2;97;74;60m▀[0m[38;2;64;49;38m[48;2;64;49;38m▀[0m[38;2;97;74;60m[48;2;97;74;60m▀[0m[38;2;20;19;19m[48;2;20;19;19m▀[0m            
          [38;2;52;61;39m▄[38;2;89;99;66m[48;2;136;158;109m▀[0m[38;2;136;158;109m[48;2;136;158;109m▀[0m[38;2;150;122;78m[48;2;150;122;78m▀[0m[38;2;192;167;118m[48;2;192;167;118m▀[0m[38;2;192;167;118m[48;2;20;19;19m▀[0m[38;2;150;122;78m[48;2;20;19;19m▀[0m[38;2;192;167;118m[48;2;192;167;118m▀[0m[38;2;192;167;118m[48;2;192;167;118m▀[0m[38;2;52;61;39m[48;2;192;167;118m▀[0m[38;2;52;61;39m[48;2;192;167;118m▀[0m[38;2;192;167;118m[48;2;192;167;118m▀[0m[38;2;192;167;118m[48;2;192;167;118m▀[0m[38;2;192;167;118m[48;2;150;122;78m▀[0m[38;2;192;167;118m[48;2;192;167;118m▀[0m[38;2;192;167;118m[48;2;192;167;118m▀[0m[38;2;192;167;118m[48;2;192;167;118m▀[0m[38;2;192;167;118m[48;2;192;167;118m▀[0m[38;2;192;167;118m[48;2;64;49;38m▀[0m[38;2;64;49;38m[48;2;136;158;109m▀[0m[38;2;136;158;109m[48;2;136;158;109m▀[0m[38;2;136;158;109m[48;2;136;158;109m▀[0m[38;2;89;99;66m[48;2;136;158;109m▀[0m[38;2;136;158;109m[48;2;136;158;109m▀[0m[38;2;52;61;39m[48;2;136;158;109m▀[0m[38;2;136;158;109m[48;2;52;61;39m▀[0m[38;2;136;158;109m[48;2;20;19;19m▀[0m[38;2;20;19;19m[48;2;20;19;19m▀[0m              [38;2;64;49;38m▄[38;2;64;49;38m[48;2;137;108;82m▀[0m[38;2;137;108;82m[48;2;97;74;60m▀[0m[38;2;97;74;60m[48;2;137;108;82m▀[0m[38;2;137;108;82m[48;2;137;108;82m▀[0m[38;2;137;108;82m[48;2;137;108;82m▀[0m[38;2;137;108;82m[48;2;97;74;60m▀[0m[38;2;97;74;60m[48;2;137;108;82m▀[0m[38;2;137;108;82m[48;2;137;108;82m▀[0m[38;2;137;108;82m[48;2;137;108;82m▀[0m[38;2;137;108;82m[48;2;137;108;82m▀[0m[38;2;20;19;19m[48;2;97;74;60m▀[0m[38;2;20;19;19m[48;2;137;108;82m▀[0m[38;2;20;19;19m[48;2;137;108;82m▀[0m[38;2;64;49;38m[48;2;20;19;19m▀[0m[38;2;64;49;38m[48;2;20;19;19m▀[0m[38;2;64;49;38m[48;2;64;49;38m▀[0m[38;2;20;19;19m[48;2;64;49;38m▀[0m[38;2;20;19;19m[48;2;64;49;38m▀[0m[38;2;64;49;38m[48;2;20;19;19m▀[0m[38;2;97;74;60m[48;2;64;49;38m▀[0m[38;2;64;49;38m[48;2;64;49;38m▀[0m[38;2;97;74;60m[48;2;97;74;60m▀[0m[38;2;97;74;60m[48;2;20;19;19m▀[0m[38;2;20;19;19m▀            
          [38;2;52;61;39m▀[38;2;136;158;109m[48;2;52;61;39m▀[0m[38;2;136;158;109m[48;2;52;61;39m▀[0m[38;2;20;19;19m[48;2;89;99;66m▀[0m[38;2;20;19;19m[48;2;64;49;38m▀[0m[38;2;64;49;38m[48;2;192;167;118m▀[0m[38;2;192;167;118m[48;2;192;167;118m▀[0m[38;2;192;167;118m[48;2;192;167;118m▀[0m[38;2;192;167;118m[48;2;192;167;118m▀[0m[38;2;150;122;78m[48;2;150;122;78m▀[0m[38;2;192;167;118m[48;2;192;167;118m▀[0m[38;2;192;167;118m[48;2;192;167;118m▀[0m[38;2;192;167;118m[48;2;192;167;118m▀[0m[38;2;20;19;19m[48;2;64;49;38m▀[0m[38;2;20;19;19m[48;2;89;99;66m▀[0m[38;2;192;167;118m[48;2;20;19;19m▀[0m[38;2;192;167;118m[48;2;20;19;19m▀[0m[38;2;64;49;38m[48;2;20;19;19m▀[0m[38;2;136;158;109m[48;2;136;158;109m▀[0m[38;2;136;158;109m[48;2;136;158;109m▀[0m[38;2;136;158;109m[48;2;136;158;109m▀[0m[38;2;136;158;109m[48;2;89;99;66m▀[0m[38;2;136;158;109m[48;2;136;158;109m▀[0m[38;2;136;158;109m[48;2;136;158;109m▀[0m[38;2;136;158;109m[48;2;136;158;109m▀[0m[38;2;52;61;39m[48;2;136;158;109m▀[0m[38;2;64;49;38m[48;2;52;61;39m▀[0m[38;2;64;49;38m▄            [38;2;64;49;38m▄[38;2;64;49;38m[48;2;137;108;82m▀[0m[38;2;137;108;82m[48;2;97;74;60m▀[0m[38;2;97;74;60m[48;2;137;108;82m▀[0m[38;2;137;108;82m[48;2;137;108;82m▀[0m[38;2;137;108;82m[48;2;137;108;82m▀[0m[38;2;137;108;82m[48;2;137;108;82m▀[0m[38;2;97;74;60m[48;2;97;74;60m▀[0m[38;2;137;108;82m[48;2;137;108;82m▀[0m[38;2;137;108;82m[48;2;137;108;82m▀[0m[38;2;137;108;82m[48;2;137;108;82m▀[0m[38;2;137;108;82m[48;2;137;108;82m▀[0m[38;2;97;74;60m[48;2;97;74;60m▀[0m[38;2;137;108;82m[48;2;137;108;82m▀[0m[38;2;137;108;82m[48;2;137;108;82m▀[0m[38;2;137;108;82m[48;2;137;108;82m▀[0m[38;2;137;108;82m[48;2;137;108;82m▀[0m[38;2;137;108;82m[48;2;97;74;60m▀[0m[38;2;20;19;19m[48;2;137;108;82m▀[0m[38;2;20;19;19m[48;2;137;108;82m▀[0m[38;2;20;19;19m▄ [38;2;20;19;19m[48;2;20;19;19m▀[0m[38;2;64;49;38m[48;2;64;49;38m▀[0m[38;2;97;74;60m[48;2;97;74;60m▀[0m[38;2;20;19;19m[48;2;20;19;19m▀[0m             
          [38;2;52;61;39m▄[38;2;52;61;39m[48;2;136;158;109m▀[0m[38;2;89;99;66m[48;2;89;99;66m▀[0m[38;2;64;49;38m[48;2;20;19;19m▀[0m[38;2;192;167;118m[48;2;192;167;118m▀[0m[38;2;192;167;118m[48;2;192;167;118m▀[0m[38;2;192;167;118m[48;2;192;167;118m▀[0m[38;2;192;167;118m[48;2;192;167;118m▀[0m[38;2;150;122;78m[48;2;150;122;78m▀[0m[38;2;192;167;118m[48;2;192;167;118m▀[0m[38;2;192;167;118m[48;2;192;167;118m▀[0m[38;2;192;167;118m[48;2;192;167;118m▀[0m[38;2;192;167;118m[48;2;192;167;118m▀[0m[38;2;192;167;118m[48;2;192;167;118m▀[0m[38;2;64;49;38m[48;2;64;49;38m▀[0m[38;2;89;99;66m[48;2;89;99;66m▀[0m[38;2;89;99;66m[48;2;89;99;66m▀[0m[38;2;20;19;19m[48;2;89;99;66m▀[0m[38;2;136;158;109m[48;2;20;19;19m▀[0m[38;2;136;158;109m[48;2;136;158;109m▀[0m[38;2;136;158;109m[48;2;136;158;109m▀[0m[38;2;20;19;19m[48;2;20;19;19m▀[0m[38;2;136;158;109m[48;2;89;99;66m▀[0m[38;2;136;158;109m[48;2;136;158;109m▀[0m[38;2;136;158;109m[48;2;136;158;109m▀[0m[38;2;136;158;109m[48;2;136;158;109m▀[0m[38;2;52;61;39m[48;2;52;61;39m▀[0m[38;2;150;122;78m[48;2;150;122;78m▀[0m[38;2;64;49;38m[48;2;64;49;38m▀[0m         [38;2;64;49;38m▄[38;2;64;49;38m[48;2;137;108;82m▀[0m[38;2;137;108;82m[48;2;97;74;60m▀[0m[38;2;97;74;60m[48;2;137;108;82m▀[0m[38;2;137;108;82m[48;2;137;108;82m▀[0m[38;2;137;108;82m[48;2;137;108;82m▀[0m[38;2;137;108;82m[48;2;137;108;82m▀[0m[38;2;137;108;82m[48;2;97;74;60m▀[0m[38;2;97;74;60m[48;2;137;108;82m▀[0m[38;2;137;108;82m[48;2;137;108;82m▀[0m[38;2;137;108;82m[48;2;137;108;82m▀[0m[38;2;137;108;82m[48;2;137;108;82m▀[0m[38;2;137;108;82m[48;2;137;108;82m▀[0m[38;2;97;74;60m[48;2;97;74;60m▀[0m[38;2;137;108;82m[48;2;137;108;82m▀[0m[38;2;137;108;82m[48;2;137;108;82m▀[0m[38;2;137;108;82m[48;2;137;108;82m▀[0m[38;2;137;108;82m[48;2;137;108;82m▀[0m[38;2;137;108;82m[48;2;97;74;60m▀[0m[38;2;97;74;60m[48;2;137;108;82m▀[0m[38;2;137;108;82m[48;2;137;108;82m▀[0m[38;2;64;49;38m[48;2;20;19;19m▀[0m[38;2;137;108;82m[48;2;137;108;82m▀[0m[38;2;20;19;19m[48;2;137;108;82m▀[0m[38;2;20;19;19m[48;2;20;19;19m▀[0m[38;2;64;49;38m[48;2;64;49;38m▀[0m[38;2;20;19;19m[48;2;20;19;19m▀[0m              
          [38;2;52;61;39m[48;2;52;61;39m▀[0m[38;2;136;158;109m[48;2;52;61;39m▀[0m[38;2;136;158;109m[48;2;89;99;66m▀[0m[38;2;136;158;109m[48;2;136;158;109m▀[0m[38;2;20;19;19m[48;2;89;99;66m▀[0m[38;2;192;167;118m[48;2;20;19;19m▀[0m[38;2;192;167;118m[48;2;192;167;118m▀[0m[38;2;192;167;118m[48;2;192;167;118m▀[0m[38;2;150;122;78m[48;2;150;122;78m▀[0m[38;2;192;167;118m[48;2;192;167;118m▀[0m[38;2;192;167;118m[48;2;192;167;118m▀[0m[38;2;192;167;118m[48;2;192;167;118m▀[0m[38;2;192;167;118m[48;2;20;19;19m▀[0m[38;2;192;167;118m[48;2;20;19;19m▀[0m[38;2;64;49;38m[48;2;136;158;109m▀[0m[38;2;89;99;66m[48;2;89;99;66m▀[0m[38;2;136;158;109m[48;2;136;158;109m▀[0m[38;2;89;99;66m[48;2;136;158;109m▀[0m[38;2;89;99;66m[48;2;136;158;109m▀[0m[38;2;20;19;19m[48;2;136;158;109m▀[0m[38;2;20;19;19m[48;2;136;158;109m▀[0m[38;2;89;99;66m[48;2;89;99;66m▀[0m[38;2;20;19;19m[48;2;89;99;66m▀[0m[38;2;20;19;19m[48;2;89;99;66m▀[0m[38;2;136;158;109m[48;2;20;19;19m▀[0m[38;2;136;158;109m[48;2;20;19;19m▀[0m[38;2;52;61;39m[48;2;150;122;78m▀[0m[38;2;150;122;78m[48;2;150;122;78m▀[0m[38;2;150;122;78m[48;2;150;122;78m▀[0m[38;2;64;49;38m[48;2;64;49;38m▀[0m        [38;2;20;19;19m[48;2;20;19;19m▀[0m[38;2;97;74;60m[48;2;20;19;19m▀[0m[38;2;64;49;38m[48;2;20;19;19m▀[0m[38;2;64;49;38m[48;2;20;19;19m▀[0m[38;2;64;49;38m[48;2;20;19;19m▀[0m[38;2;64;49;38m[48;2;20;19;19m▀[0m[38;2;64;49;38m[48;2;20;19;19m▀[0m[38;2;64;49;38m[48;2;20;19;19m▀[0m[38;2;64;49;38m[48;2;20;19;19m▀[0m[38;2;64;49;38m[48;2;20;19;19m▀[0m[38;2;97;74;60m[48;2;20;19;19m▀[0m[38;2;97;74;60m[48;2;64;49;38m▀[0m[38;2;97;74;60m[48;2;64;49;38m▀[0m[38;2;137;108;82m[48;2;64;49;38m▀[0m[38;2;137;108;82m[48;2;97;74;60m▀[0m[38;2;137;108;82m[48;2;97;74;60m▀[0m[38;2;137;108;82m[48;2;137;108;82m▀[0m[38;2;137;108;82m[48;2;97;74;60m▀[0m[38;2;97;74;60m[48;2;137;108;82m▀[0m[38;2;137;108;82m[48;2;137;108;82m▀[0m[38;2;64;49;38m[48;2;20;19;19m▀[0m[38;2;20;19;19m[48;2;137;108;82m▀[0m[38;2;137;108;82m[48;2;137;108;82m▀[0m[38;2;64;49;38m[48;2;64;49;38m▀[0m[38;2;137;108;82m[48;2;137;108;82m▀[0m[38;2;20;19;19m[48;2;97;74;60m▀[0m[38;2;20;19;19m[48;2;20;19;19m▀[0m              
        [38;2;64;49;38m▄[38;2;64;49;38m[48;2;192;167;118m▀[0m[38;2;192;167;118m[48;2;52;61;39m▀[0m[38;2;52;61;39m[48;2;136;158;109m▀[0m[38;2;136;158;109m[48;2;136;158;109m▀[0m[38;2;136;158;109m[48;2;89;99;66m▀[0m[38;2;89;99;66m[48;2;136;158;109m▀[0m[38;2;136;158;109m[48;2;136;158;109m▀[0m[38;2;20;19;19m[48;2;136;158;109m▀[0m[38;2;192;167;118m[48;2;20;19;19m▀[0m[38;2;192;167;118m[48;2;20;19;19m▀[0m[38;2;192;167;118m[48;2;20;19;19m▀[0m[38;2;20;19;19m[48;2;136;158;109m▀[0m[38;2;20;19;19m[48;2;136;158;109m▀[0m[38;2;136;158;109m[48;2;136;158;109m▀[0m[38;2;136;158;109m[48;2;136;158;109m▀[0m[38;2;136;158;109m[48;2;136;158;109m▀[0m[38;2;136;158;109m[48;2;136;158;109m▀[0m[38;2;89;99;66m[48;2;89;99;66m▀[0m[38;2;136;158;109m[48;2;136;158;109m▀[0m[38;2;136;158;109m[48;2;136;158;109m▀[0m[38;2;52;61;39m[48;2;136;158;109m▀[0m[38;2;136;158;109m[48;2;20;19;19m▀[0m[38;2;136;158;109m[48;2;52;61;39m▀[0m[38;2;136;158;109m[48;2;136;158;109m▀[0m[38;2;136;158;109m[48;2;136;158;109m▀[0m[38;2;52;61;39m[48;2;52;61;39m▀[0m[38;2;150;122;78m[48;2;192;167;118m▀[0m[38;2;150;122;78m[48;2;150;122;78m▀[0m[38;2;150;122;78m[48;2;150;122;78m▀[0m[38;2;150;122;78m[48;2;150;122;78m▀[0m[38;2;64;49;38m[48;2;150;122;78m▀[0m[38;2;64;49;38m▄    [38;2;20;19;19m▄[38;2;53;61;53m▄[38;2;20;19;19m[48;2;85;92;85m▀[0m[38;2;53;61;53m[48;2;85;92;85m▀[0m[38;2;85;92;85m[48;2;85;92;85m▀[0m[38;2;85;92;85m[48;2;85;92;85m▀[0m[38;2;85;92;85m[48;2;85;92;85m▀[0m[38;2;85;92;85m[48;2;85;92;85m▀[0m[38;2;85;92;85m[48;2;85;92;85m▀[0m[38;2;85;92;85m[48;2;85;92;85m▀[0m[38;2;85;92;85m[48;2;85;92;85m▀[0m[38;2;85;92;85m[48;2;85;92;85m▀[0m[38;2;85;92;85m[48;2;85;92;85m▀[0m[38;2;85;92;85m[48;2;85;92;85m▀[0m[38;2;20;19;19m[48;2;85;92;85m▀[0m[38;2;20;19;19m[48;2;85;92;85m▀[0m[38;2;20;19;19m[48;2;85;92;85m▀[0m[38;2;64;49;38m[48;2;20;19;19m▀[0m[38;2;64;49;38m[48;2;20;19;19m▀[0m[38;2;20;19;19m[48;2;85;92;85m▀[0m[38;2;20;19;19m[48;2;20;19;19m▀[0m[38;2;97;74;60m[48;2;64;49;38m▀[0m[38;2;137;108;82m[48;2;64;49;38m▀[0m[38;2;64;49;38m[48;2;97;74;60m▀[0m[38;2;20;19;19m[48;2;137;108;82m▀[0m[38;2;137;108;82m[48;2;64;49;38m▀[0m[38;2;64;49;38m[48;2;137;108;82m▀[0m[38;2;137;108;82m[48;2;97;74;60m▀[0m[38;2;97;74;60m[48;2;97;74;60m▀[0m[38;2;97;74;60m[48;2;97;74;60m▀[0m[38;2;20;19;19m[48;2;20;19;19m▀[0m             
        [38;2;64;49;38m[48;2;64;49;38m▀[0m[38;2;192;167;118m[48;2;64;49;38m▀[0m[38;2;52;61;39m[48;2;52;61;39m▀[0m[38;2;136;158;109m[48;2;136;158;109m▀[0m[38;2;136;158;109m[48;2;136;158;109m▀[0m[38;2;89;99;66m[48;2;136;158;109m▀[0m[38;2;136;158;109m[48;2;89;99;66m▀[0m[38;2;136;158;109m[48;2;136;158;109m▀[0m[38;2;136;158;109m[48;2;136;158;109m▀[0m[38;2;136;158;109m[48;2;136;158;109m▀[0m[38;2;136;158;109m[48;2;89;99;66m▀[0m[38;2;136;158;109m[48;2;136;158;109m▀[0m[38;2;136;158;109m[48;2;136;158;109m▀[0m[38;2;136;158;109m[48;2;136;158;109m▀[0m[38;2;136;158;109m[48;2;136;158;109m▀[0m[38;2;136;158;109m[48;2;136;158;109m▀[0m[38;2;136;158;109m[48;2;136;158;109m▀[0m[38;2;136;158;109m[48;2;136;158;109m▀[0m[38;2;89;99;66m[48;2;89;99;66m▀[0m[38;2;136;158;109m[48;2;136;158;109m▀[0m[38;2;136;158;109m[48;2;136;158;109m▀[0m[38;2;136;158;109m[48;2;136;158;109m▀[0m[38;2;20;19;19m[48;2;20;19;19m▀[0m[38;2;150;122;78m[48;2;150;122;78m▀[0m[38;2;20;19;19m[48;2;150;122;78m▀[0m[38;2;20;19;19m[48;2;150;122;78m▀[0m[38;2;192;167;118m[48;2;20;19;19m▀[0m[38;2;192;167;118m[48;2;192;167;118m▀[0m[38;2;192;167;118m[48;2;192;167;118m▀[0m[38;2;64;49;38m[48;2;64;49;38m▀[0m[38;2;150;122;78m[48;2;20;19;19m▀[0m[38;2;150;122;78m[48;2;150;122;78m▀[0m[38;2;64;49;38m[48;2;64;49;38m▀[0m  [38;2;20;19;19m▄[38;2;20;19;19m[48;2;85;92;85m▀[0m[38;2;85;92;85m[48;2;85;92;85m▀[0m[38;2;85;92;85m[48;2;85;92;85m▀[0m[38;2;85;92;85m[48;2;85;92;85m▀[0m[38;2;85;92;85m[48;2;85;92;85m▀[0m[38;2;85;92;85m[48;2;85;92;85m▀[0m[38;2;85;92;85m[48;2;85;92;85m▀[0m[38;2;85;92;85m[48;2;85;92;85m▀[0m[38;2;85;92;85m[48;2;85;92;85m▀[0m[38;2;85;92;85m[48;2;85;92;85m▀[0m[38;2;85;92;85m[48;2;85;92;85m▀[0m[38;2;85;92;85m[48;2;85;92;85m▀[0m[38;2;85;92;85m[48;2;85;92;85m▀[0m[38;2;85;92;85m[48;2;85;92;85m▀[0m[38;2;85;92;85m[48;2;85;92;85m▀[0m[38;2;85;92;85m[48;2;85;92;85m▀[0m[38;2;85;92;85m[48;2;85;92;85m▀[0m[38;2;85;92;85m[48;2;52;61;39m▀[0m[38;2;85;92;85m[48;2;52;61;39m▀[0m[38;2;85;92;85m[48;2;85;92;85m▀[0m[38;2;85;92;85m[48;2;85;92;85m▀[0m[38;2;53;61;53m[48;2;85;92;85m▀[0m[38;2;20;19;19m[48;2;85;92;85m▀[0m[38;2;20;19;19m[48;2;85;92;85m▀[0m[38;2;20;19;19m[48;2;85;92;85m▀[0m[38;2;97;74;60m[48;2;20;19;19m▀[0m[38;2;64;49;38m[48;2;64;49;38m▀[0m[38;2;137;108;82m[48;2;137;108;82m▀[0m[38;2;97;74;60m[48;2;97;74;60m▀[0m[38;2;97;74;60m[48;2;97;74;60m▀[0m[38;2;64;49;38m[48;2;64;49;38m▀[0m[38;2;97;74;60m[48;2;97;74;60m▀[0m[38;2;20;19;19m[48;2;20;19;19m▀[0m            
          [38;2;52;61;39m[48;2;52;61;39m▀[0m[38;2;136;158;109m[48;2;136;158;109m▀[0m[38;2;136;158;109m[48;2;136;158;109m▀[0m[38;2;136;158;109m[48;2;20;19;19m▀[0m[38;2;52;61;39m[48;2;52;61;39m▀[0m[38;2;136;158;109m[48;2;136;158;109m▀[0m[38;2;136;158;109m[48;2;136;158;109m▀[0m[38;2;136;158;109m[48;2;52;61;39m▀[0m[38;2;52;61;39m[48;2;20;19;19m▀[0m[38;2;136;158;109m[48;2;136;158;109m▀[0m[38;2;136;158;109m[48;2;136;158;109m▀[0m[38;2;136;158;109m[48;2;136;158;109m▀[0m[38;2;89;99;66m[48;2;20;19;19m▀[0m[38;2;136;158;109m[48;2;136;158;109m▀[0m[38;2;136;158;109m[48;2;136;158;109m▀[0m[38;2;136;158;109m[48;2;136;158;109m▀[0m[38;2;89;99;66m[48;2;136;158;109m▀[0m[38;2;136;158;109m[48;2;136;158;109m▀[0m[38;2;136;158;109m[48;2;136;158;109m▀[0m[38;2;52;61;39m[48;2;20;19;19m▀[0m[38;2;150;122;78m[48;2;192;167;118m▀[0m[38;2;150;122;78m[48;2;150;122;78m▀[0m[38;2;150;122;78m[48;2;150;122;78m▀[0m[38;2;150;122;78m[48;2;192;167;118m▀[0m[38;2;150;122;78m[48;2;150;122;78m▀[0m[38;2;20;19;19m[48;2;150;122;78m▀[0m[38;2;192;167;118m[48;2;20;19;19m▀[0m[38;2;64;49;38m[48;2;192;167;118m▀[0m[38;2;150;122;78m[48;2;150;122;78m▀[0m[38;2;20;19;19m[48;2;150;122;78m▀[0m[38;2;20;19;19m[48;2;20;19;19m▀[0m[38;2;64;49;38m[48;2;137;108;82m▀[0m[38;2;64;49;38m[48;2;137;108;82m▀[0m[38;2;64;49;38m[48;2;137;108;82m▀[0m[38;2;64;49;38m[48;2;137;108;82m▀[0m[38;2;85;92;85m[48;2;64;49;38m▀[0m[38;2;85;92;85m[48;2;64;49;38m▀[0m[38;2;85;92;85m[48;2;64;49;38m▀[0m[38;2;85;92;85m[48;2;85;92;85m▀[0m[38;2;85;92;85m[48;2;85;92;85m▀[0m[38;2;85;92;85m[48;2;85;92;85m▀[0m[38;2;85;92;85m[48;2;85;92;85m▀[0m[38;2;85;92;85m[48;2;85;92;85m▀[0m[38;2;85;92;85m[48;2;85;92;85m▀[0m[38;2;85;92;85m[48;2;85;92;85m▀[0m[38;2;85;92;85m[48;2;52;61;39m▀[0m[38;2;85;92;85m[48;2;52;61;39m▀[0m[38;2;85;92;85m[48;2;52;61;39m▀[0m[38;2;85;92;85m[48;2;52;61;39m▀[0m[38;2;52;61;39m[48;2;136;158;109m▀[0m[38;2;52;61;39m[48;2;136;158;109m▀[0m[38;2;136;158;109m[48;2;136;158;109m▀[0m[38;2;136;158;109m[48;2;136;158;109m▀[0m[38;2;52;61;39m[48;2;136;158;109m▀[0m[38;2;52;61;39m[48;2;136;158;109m▀[0m[38;2;85;92;85m[48;2;52;61;39m▀[0m[38;2;85;92;85m[48;2;85;92;85m▀[0m[38;2;53;61;53m[48;2;85;92;85m▀[0m[38;2;20;19;19m[48;2;85;92;85m▀[0m[38;2;64;49;38m[48;2;20;19;19m▀[0m[38;2;64;49;38m[48;2;64;49;38m▀[0m[38;2;97;74;60m[48;2;64;49;38m▀[0m[38;2;97;74;60m[48;2;97;74;60m▀[0m[38;2;97;74;60m[48;2;64;49;38m▀[0m[38;2;64;49;38m[48;2;97;74;60m▀[0m[38;2;97;74;60m[48;2;97;74;60m▀[0m[38;2;20;19;19m[48;2;20;19;19m▀[0m            
         [38;2;64;49;38m▄[38;2;20;19;19m[48;2;150;122;78m▀[0m[38;2;20;19;19m[48;2;150;122;78m▀[0m[38;2;20;19;19m[48;2;192;167;118m▀[0m[38;2;150;122;78m[48;2;192;167;118m▀[0m[38;2;20;19;19m[48;2;192;167;118m▀[0m[38;2;20;19;19m[48;2;192;167;118m▀[0m[38;2;20;19;19m[48;2;192;167;118m▀[0m[38;2;192;167;118m[48;2;192;167;118m▀[0m[38;2;150;122;78m[48;2;192;167;118m▀[0m[38;2;20;19;19m[48;2;150;122;78m▀[0m[38;2;136;158;109m[48;2;20;19;19m▀[0m[38;2;20;19;19m[48;2;192;167;118m▀[0m[38;2;150;122;78m[48;2;192;167;118m▀[0m[38;2;20;19;19m[48;2;150;122;78m▀[0m[38;2;89;99;66m[48;2;20;19;19m▀[0m[38;2;136;158;109m[48;2;20;19;19m▀[0m[38;2;136;158;109m[48;2;136;158;109m▀[0m[38;2;136;158;109m[48;2;136;158;109m▀[0m[38;2;52;61;39m[48;2;20;19;19m▀[0m[38;2;192;167;118m[48;2;192;167;118m▀[0m[38;2;192;167;118m[48;2;192;167;118m▀[0m[38;2;192;167;118m[48;2;192;167;118m▀[0m[38;2;150;122;78m[48;2;192;167;118m▀[0m[38;2;192;167;118m[48;2;192;167;118m▀[0m[38;2;192;167;118m[48;2;192;167;118m▀[0m[38;2;150;122;78m[48;2;192;167;118m▀[0m[38;2;192;167;118m[48;2;192;167;118m▀[0m[38;2;192;167;118m[48;2;192;167;118m▀[0m[38;2;150;122;78m[48;2;150;122;78m▀[0m[38;2;150;122;78m[48;2;150;122;78m▀[0m[38;2;150;122;78m[48;2;150;122;78m▀[0m[38;2;20;19;19m[48;2;20;19;19m▀[0m[38;2;137;108;82m[48;2;137;108;82m▀[0m[38;2;137;108;82m[48;2;137;108;82m▀[0m[38;2;137;108;82m[48;2;137;108;82m▀[0m[38;2;137;108;82m[48;2;97;74;60m▀[0m[38;2;97;74;60m[48;2;137;108;82m▀[0m[38;2;137;108;82m[48;2;137;108;82m▀[0m[38;2;64;49;38m[48;2;137;108;82m▀[0m[38;2;64;49;38m[48;2;137;108;82m▀[0m[38;2;85;92;85m[48;2;64;49;38m▀[0m[38;2;85;92;85m[48;2;64;49;38m▀[0m[38;2;85;92;85m[48;2;85;92;85m▀[0m[38;2;85;92;85m[48;2;52;61;39m▀[0m[38;2;52;61;39m[48;2;136;158;109m▀[0m[38;2;136;158;109m[48;2;136;158;109m▀[0m[38;2;136;158;109m[48;2;136;158;109m▀[0m[38;2;136;158;109m[48;2;136;158;109m▀[0m[38;2;136;158;109m[48;2;136;158;109m▀[0m[38;2;136;158;109m[48;2;89;99;66m▀[0m[38;2;136;158;109m[48;2;136;158;109m▀[0m[38;2;136;158;109m[48;2;136;158;109m▀[0m[38;2;136;158;109m[48;2;89;99;66m▀[0m[38;2;136;158;109m[48;2;136;158;109m▀[0m[38;2;136;158;109m[48;2;136;158;109m▀[0m[38;2;136;158;109m[48;2;136;158;109m▀[0m[38;2;20;19;19m[48;2;20;19;19m▀[0m[38;2;85;92;85m[48;2;53;61;53m▀[0m[38;2;53;61;53m[48;2;85;92;85m▀[0m[38;2;85;92;85m[48;2;53;61;53m▀[0m[38;2;20;19;19m[48;2;53;61;53m▀[0m[38;2;64;49;38m[48;2;20;19;19m▀[0m[38;2;64;49;38m[48;2;64;49;38m▀[0m[38;2;64;49;38m[48;2;64;49;38m▀[0m[38;2;97;74;60m[48;2;97;74;60m▀[0m[38;2;97;74;60m[48;2;97;74;60m▀[0m[38;2;20;19;19m[48;2;20;19;19m▀[0m            
        [38;2;64;49;38m▄[38;2;64;49;38m[48;2;192;167;118m▀[0m[38;2;192;167;118m[48;2;192;167;118m▀[0m[38;2;64;49;38m[48;2;64;49;38m▀[0m[38;2;192;167;118m[48;2;192;167;118m▀[0m[38;2;192;167;118m[48;2;192;167;118m▀[0m[38;2;150;122;78m[48;2;64;49;38m▀[0m[38;2;192;167;118m[48;2;192;167;118m▀[0m[38;2;192;167;118m[48;2;192;167;118m▀[0m[38;2;150;122;78m[48;2;64;49;38m▀[0m[38;2;192;167;118m[48;2;192;167;118m▀[0m[38;2;192;167;118m[48;2;192;167;118m▀[0m[38;2;192;167;118m[48;2;192;167;118m▀[0m[38;2;192;167;118m[48;2;192;167;118m▀[0m[38;2;192;167;118m[48;2;192;167;118m▀[0m[38;2;192;167;118m[48;2;192;167;118m▀[0m[38;2;192;167;118m[48;2;192;167;118m▀[0m[38;2;150;122;78m[48;2;192;167;118m▀[0m[38;2;20;19;19m[48;2;192;167;118m▀[0m[38;2;20;19;19m[48;2;192;167;118m▀[0m[38;2;192;167;118m[48;2;192;167;118m▀[0m[38;2;192;167;118m[48;2;192;167;118m▀[0m[38;2;192;167;118m[48;2;192;167;118m▀[0m[38;2;192;167;118m[48;2;192;167;118m▀[0m[38;2;150;122;78m[48;2;64;49;38m▀[0m[38;2;192;167;118m[48;2;192;167;118m▀[0m[38;2;192;167;118m[48;2;192;167;118m▀[0m[38;2;192;167;118m[48;2;192;167;118m▀[0m[38;2;192;167;118m[48;2;192;167;118m▀[0m[38;2;192;167;118m[48;2;192;167;118m▀[0m[38;2;192;167;118m[48;2;192;167;118m▀[0m[38;2;150;122;78m[48;2;150;122;78m▀[0m[38;2;150;122;78m[48;2;150;122;78m▀[0m[38;2;150;122;78m[48;2;150;122;78m▀[0m[38;2;20;19;19m[48;2;20;19;19m▀[0m[38;2;137;108;82m[48;2;137;108;82m▀[0m[38;2;97;74;60m[48;2;137;108;82m▀[0m[38;2;137;108;82m[48;2;137;108;82m▀[0m[38;2;137;108;82m[48;2;137;108;82m▀[0m[38;2;137;108;82m[48;2;137;108;82m▀[0m[38;2;137;108;82m[48;2;137;108;82m▀[0m[38;2;97;74;60m[48;2;97;74;60m▀[0m[38;2;137;108;82m[48;2;137;108;82m▀[0m[38;2;137;108;82m[48;2;137;108;82m▀[0m[38;2;64;49;38m[48;2;52;61;39m▀[0m[38;2;52;61;39m[48;2;136;158;109m▀[0m[38;2;136;158;109m[48;2;136;158;109m▀[0m[38;2;136;158;109m[48;2;136;158;109m▀[0m[38;2;136;158;109m[48;2;52;61;39m▀[0m[38;2;89;99;66m[48;2;136;158;109m▀[0m[38;2;136;158;109m[48;2;136;158;109m▀[0m[38;2;136;158;109m[48;2;136;158;109m▀[0m[38;2;89;99;66m[48;2;89;99;66m▀[0m[38;2;136;158;109m[48;2;136;158;109m▀[0m[38;2;136;158;109m[48;2;136;158;109m▀[0m[38;2;52;61;39m[48;2;20;19;19m▀[0m[38;2;20;19;19m[48;2;53;61;53m▀[0m[38;2;20;19;19m[48;2;53;61;53m▀[0m[38;2;53;61;53m[48;2;53;61;53m▀[0m[38;2;85;92;85m[48;2;53;61;53m▀[0m[38;2;53;61;53m[48;2;53;61;53m▀[0m[38;2;85;92;85m[48;2;53;61;53m▀[0m[38;2;53;61;53m[48;2;53;61;53m▀[0m[38;2;53;61;53m[48;2;53;61;53m▀[0m[38;2;20;19;19m[48;2;53;61;53m▀[0m[38;2;64;49;38m[48;2;20;19;19m▀[0m[38;2;64;49;38m[48;2;64;49;38m▀[0m[38;2;97;74;60m[48;2;97;74;60m▀[0m[38;2;20;19;19m[48;2;20;19;19m▀[0m            
       [38;2;64;49;38m▄[38;2;64;49;38m[48;2;192;167;118m▀[0m[38;2;192;167;118m[48;2;192;167;118m▀[0m[38;2;20;19;19m[48;2;150;122;78m▀[0m[38;2;192;167;118m[48;2;20;19;19m▀[0m[38;2;192;167;118m[48;2;20;19;19m▀[0m[38;2;20;19;19m[48;2;89;99;66m▀[0m[38;2;20;19;19m[48;2;20;19;19m▀[0m[38;2;192;167;118m[48;2;192;167;118m▀[0m[38;2;192;167;118m[48;2;20;19;19m▀[0m[38;2;20;19;19m[48;2;89;99;66m▀[0m[38;2;150;122;78m[48;2;20;19;19m▀[0m[38;2;192;167;118m[48;2;192;167;118m▀[0m[38;2;192;167;118m[48;2;192;167;118m▀[0m[38;2;150;122;78m[48;2;64;49;38m▀[0m[38;2;192;167;118m[48;2;192;167;118m▀[0m[38;2;192;167;118m[48;2;192;167;118m▀[0m[38;2;192;167;118m[48;2;192;167;118m▀[0m[38;2;192;167;118m[48;2;192;167;118m▀[0m[38;2;192;167;118m[48;2;150;122;78m▀[0m[38;2;64;49;38m[48;2;20;19;19m▀[0m[38;2;192;167;118m[48;2;192;167;118m▀[0m[38;2;192;167;118m[48;2;192;167;118m▀[0m[38;2;192;167;118m[48;2;192;167;118m▀[0m[38;2;150;122;78m[48;2;20;19;19m▀[0m[38;2;64;49;38m[48;2;192;167;118m▀[0m[38;2;192;167;118m[48;2;192;167;118m▀[0m[38;2;192;167;118m[48;2;192;167;118m▀[0m[38;2;150;122;78m[48;2;64;49;38m▀[0m[38;2;192;167;118m[48;2;192;167;118m▀[0m[38;2;192;167;118m[48;2;192;167;118m▀[0m[38;2;192;167;118m[48;2;192;167;118m▀[0m[38;2;192;167;118m[48;2;192;167;118m▀[0m[38;2;150;122;78m[48;2;192;167;118m▀[0m[38;2;150;122;78m[48;2;64;49;38m▀[0m[38;2;150;122;78m[48;2;150;122;78m▀[0m[38;2;20;19;19m[48;2;150;122;78m▀[0m[38;2;137;108;82m[48;2;20;19;19m▀[0m[38;2;137;108;82m[48;2;137;108;82m▀[0m[38;2;137;108;82m[48;2;137;108;82m▀[0m[38;2;137;108;82m[48;2;97;74;60m▀[0m[38;2;97;74;60m[48;2;137;108;82m▀[0m[38;2;137;108;82m[48;2;137;108;82m▀[0m[38;2;137;108;82m[48;2;137;108;82m▀[0m[38;2;137;108;82m[48;2;137;108;82m▀[0m[38;2;52;61;39m[48;2;97;74;60m▀[0m[38;2;136;158;109m[48;2;20;19;19m▀[0m[38;2;136;158;109m[48;2;20;19;19m▀[0m[38;2;20;19;19m[48;2;137;108;82m▀[0m[38;2;52;61;39m[48;2;20;19;19m▀[0m[38;2;136;158;109m[48;2;89;99;66m▀[0m[38;2;136;158;109m[48;2;136;158;109m▀[0m[38;2;136;158;109m[48;2;136;158;109m▀[0m[38;2;136;158;109m[48;2;136;158;109m▀[0m[38;2;89;99;66m[48;2;89;99;66m▀[0m[38;2;136;158;109m[48;2;136;158;109m▀[0m[38;2;20;19;19m[48;2;20;19;19m▀[0m[38;2;53;61;53m[48;2;53;61;53m▀[0m[38;2;53;61;53m[48;2;53;61;53m▀[0m[38;2;53;61;53m[48;2;53;61;53m▀[0m[38;2;53;61;53m[48;2;53;61;53m▀[0m[38;2;53;61;53m[48;2;53;61;53m▀[0m[38;2;53;61;53m[48;2;53;61;53m▀[0m[38;2;53;61;53m[48;2;53;61;53m▀[0m[38;2;53;61;53m[48;2;53;61;53m▀[0m[38;2;53;61;53m[48;2;53;61;53m▀[0m[38;2;20;19;19m[48;2;53;61;53m▀[0m[38;2;64;49;38m[48;2;20;19;19m▀[0m[38;2;64;49;38m[48;2;64;49;38m▀[0m[38;2;20;19;19m[48;2;20;19;19m▀[0m            
      [38;2;64;49;38m▄[38;2;64;49;38m[48;2;192;167;118m▀[0m[38;2;192;167;118m[48;2;192;167;118m▀[0m[38;2;150;122;78m[48;2;20;19;19m▀[0m[38;2;150;122;78m[48;2;150;122;78m▀[0m[38;2;150;122;78m[48;2;52;61;39m▀[0m[38;2;52;61;39m[48;2;89;99;66m▀[0m[38;2;89;99;66m[48;2;89;99;66m▀[0m[38;2;89;99;66m[48;2;89;99;66m▀[0m[38;2;20;19;19m[48;2;89;99;66m▀[0m[38;2;89;99;66m[48;2;89;99;66m▀[0m[38;2;89;99;66m[48;2;89;99;66m▀[0m[38;2;89;99;66m[48;2;89;99;66m▀[0m[38;2;20;19;19m[48;2;20;19;19m▀[0m[38;2;192;167;118m[48;2;192;167;118m▀[0m[38;2;20;19;19m[48;2;20;19;19m▀[0m[38;2;20;19;19m[48;2;89;99;66m▀[0m[38;2;192;167;118m[48;2;20;19;19m▀[0m[38;2;192;167;118m[48;2;192;167;118m▀[0m[38;2;192;167;118m[48;2;150;122;78m▀[0m[38;2;20;19;19m[48;2;20;19;19m▀[0m[38;2;53;61;53m[48;2;53;61;53m▀[0m[38;2;20;19;19m[48;2;53;61;53m▀[0m[38;2;192;167;118m[48;2;20;19;19m▀[0m[38;2;20;19;19m[48;2;53;61;53m▀[0m[38;2;20;19;19m[48;2;53;61;53m▀[0m[38;2;192;167;118m[48;2;20;19;19m▀[0m[38;2;192;167;118m[48;2;192;167;118m▀[0m[38;2;192;167;118m[48;2;20;19;19m▀[0m[38;2;20;19;19m[48;2;150;122;78m▀[0m[38;2;20;19;19m[48;2;150;122;78m▀[0m[38;2;192;167;118m[48;2;20;19;19m▀[0m[38;2;192;167;118m[48;2;192;167;118m▀[0m[38;2;192;167;118m[48;2;192;167;118m▀[0m[38;2;192;167;118m[48;2;192;167;118m▀[0m[38;2;64;49;38m[48;2;20;19;19m▀[0m[38;2;20;19;19m[48;2;150;122;78m▀[0m[38;2;20;19;19m[48;2;20;19;19m▀[0m[38;2;20;19;19m[48;2;97;74;60m▀[0m[38;2;137;108;82m[48;2;137;108;82m▀[0m[38;2;137;108;82m[48;2;97;74;60m▀[0m[38;2;97;74;60m[48;2;137;108;82m▀[0m[38;2;137;108;82m[48;2;137;108;82m▀[0m[38;2;137;108;82m[48;2;137;108;82m▀[0m[38;2;137;108;82m[48;2;137;108;82m▀[0m[38;2;137;108;82m[48;2;97;74;60m▀[0m[38;2;97;74;60m[48;2;137;108;82m▀[0m[38;2;137;108;82m[48;2;137;108;82m▀[0m[38;2;137;108;82m[48;2;137;108;82m▀[0m[38;2;137;108;82m[48;2;137;108;82m▀[0m[38;2;137;108;82m[48;2;97;74;60m▀[0m[38;2;20;19;19m[48;2;137;108;82m▀[0m[38;2;20;19;19m[48;2;137;108;82m▀[0m[38;2;136;158;109m[48;2;20;19;19m▀[0m[38;2;136;158;109m[48;2;20;19;19m▀[0m[38;2;136;158;109m[48;2;20;19;19m▀[0m[38;2;136;158;109m[48;2;20;19;19m▀[0m[38;2;20;19;19m[48;2;53;61;53m▀[0m[38;2;53;61;53m[48;2;53;61;53m▀[0m[38;2;53;61;53m[48;2;53;61;53m▀[0m[38;2;53;61;53m[48;2;53;61;53m▀[0m[38;2;53;61;53m[48;2;53;61;53m▀[0m[38;2;53;61;53m[48;2;53;61;53m▀[0m[38;2;53;61;53m[48;2;53;61;53m▀[0m[38;2;53;61;53m[48;2;53;61;53m▀[0m[38;2;53;61;53m[48;2;53;61;53m▀[0m[38;2;53;61;53m[48;2;53;61;53m▀[0m[38;2;53;61;53m[48;2;53;61;53m▀[0m[38;2;20;19;19m[48;2;53;61;53m▀[0m[38;2;64;49;38m[48;2;20;19;19m▀[0m[38;2;20;19;19m▀            
      [38;2;20;19;19m▀[38;2;20;19;19m▀[38;2;20;19;19m[48;2;64;49;38m▀[0m[38;2;150;122;78m[48;2;150;122;78m▀[0m[38;2;52;61;39m[48;2;20;19;19m▀[0m[38;2;89;99;66m[48;2;136;158;109m▀[0m[38;2;89;99;66m[48;2;136;158;109m▀[0m[38;2;136;158;109m[48;2;136;158;109m▀[0m[38;2;136;158;109m[48;2;136;158;109m▀[0m[38;2;136;158;109m[48;2;136;158;109m▀[0m[38;2;89;99;66m[48;2;89;99;66m▀[0m[38;2;136;158;109m[48;2;136;158;109m▀[0m[38;2;136;158;109m[48;2;136;158;109m▀[0m[38;2;89;99;66m[48;2;136;158;109m▀[0m[38;2;20;19;19m[48;2;136;158;109m▀[0m[38;2;89;99;66m[48;2;136;158;109m▀[0m[38;2;89;99;66m[48;2;136;158;109m▀[0m[38;2;89;99;66m[48;2;136;158;109m▀[0m[38;2;20;19;19m[48;2;89;99;66m▀[0m[38;2;20;19;19m[48;2;89;99;66m▀[0m[38;2;89;99;66m[48;2;89;99;66m▀[0m[38;2;20;19;19m[48;2;89;99;66m▀[0m[38;2;53;61;53m[48;2;20;19;19m▀[0m[38;2;53;61;53m[48;2;53;61;53m▀[0m[38;2;53;61;53m[48;2;53;61;53m▀[0m[38;2;53;61;53m[48;2;20;19;19m▀[0m[38;2;20;19;19m[48;2;150;122;78m▀[0m[38;2;192;167;118m[48;2;20;19;19m▀[0m[38;2;20;19;19m[48;2;150;122;78m▀[0m[38;2;150;122;78m[48;2;150;122;78m▀[0m[38;2;150;122;78m[48;2;192;167;118m▀[0m[38;2;150;122;78m[48;2;150;122;78m▀[0m[38;2;20;19;19m[48;2;150;122;78m▀[0m[38;2;20;19;19m[48;2;150;122;78m▀[0m[38;2;20;19;19m[48;2;150;122;78m▀[0m[38;2;20;19;19m[48;2;150;122;78m▀[0m[38;2;150;122;78m[48;2;150;122;78m▀[0m[38;2;150;122;78m[48;2;150;122;78m▀[0m[38;2;20;19;19m[48;2;20;19;19m▀[0m[38;2;97;74;60m[48;2;64;49;38m▀[0m[38;2;137;108;82m[48;2;97;74;60m▀[0m[38;2;137;108;82m[48;2;137;108;82m▀[0m[38;2;137;108;82m[48;2;137;108;82m▀[0m[38;2;137;108;82m[48;2;137;108;82m▀[0m[38;2;137;108;82m[48;2;97;74;60m▀[0m[38;2;97;74;60m[48;2;137;108;82m▀[0m[38;2;137;108;82m[48;2;137;108;82m▀[0m[38;2;137;108;82m[48;2;137;108;82m▀[0m[38;2;137;108;82m[48;2;137;108;82m▀[0m[38;2;137;108;82m[48;2;97;74;60m▀[0m[38;2;97;74;60m[48;2;137;108;82m▀[0m[38;2;137;108;82m[48;2;137;108;82m▀[0m[38;2;137;108;82m[48;2;137;108;82m▀[0m[38;2;137;108;82m[48;2;137;108;82m▀[0m[38;2;64;49;38m[48;2;137;108;82m▀[0m[38;2;53;61;53m[48;2;64;49;38m▀[0m[38;2;53;61;53m[48;2;64;49;38m▀[0m[38;2;53;61;53m[48;2;53;61;53m▀[0m[38;2;53;61;53m[48;2;53;61;53m▀[0m[38;2;53;61;53m[48;2;53;61;53m▀[0m[38;2;53;61;53m[48;2;53;61;53m▀[0m[38;2;53;61;53m[48;2;53;61;53m▀[0m[38;2;53;61;53m[48;2;53;61;53m▀[0m[38;2;53;61;53m[48;2;53;61;53m▀[0m[38;2;53;61;53m[48;2;53;61;53m▀[0m[38;2;53;61;53m[48;2;53;61;53m▀[0m[38;2;53;61;53m[48;2;53;61;53m▀[0m[38;2;53;61;53m[48;2;53;61;53m▀[0m[38;2;53;61;53m[48;2;53;61;53m▀[0m[38;2;20;19;19m[48;2;53;61;53m▀[0m[38;2;20;19;19m▄            
       [38;2;64;49;38m▄[38;2;64;49;38m[48;2;150;122;78m▀[0m[38;2;150;122;78m[48;2;150;122;78m▀[0m[38;2;20;19;19m[48;2;20;19;19m▀[0m[38;2;136;158;109m[48;2;136;158;109m▀[0m[38;2;52;61;39m[48;2;52;61;39m▀[0m[38;2;136;158;109m[48;2;136;158;109m▀[0m[38;2;136;158;109m[48;2;136;158;109m▀[0m[38;2;89;99;66m[48;2;89;99;66m▀[0m[38;2;136;158;109m[48;2;136;158;109m▀[0m[38;2;136;158;109m[48;2;136;158;109m▀[0m[38;2;136;158;109m[48;2;136;158;109m▀[0m[38;2;136;158;109m[48;2;136;158;109m▀[0m[38;2;136;158;109m[48;2;136;158;109m▀[0m[38;2;136;158;109m[48;2;136;158;109m▀[0m[38;2;136;158;109m[48;2;136;158;109m▀[0m[38;2;136;158;109m[48;2;20;19;19m▀[0m[38;2;136;158;109m[48;2;20;19;19m▀[0m[38;2;136;158;109m[48;2;136;158;109m▀[0m[38;2;89;99;66m[48;2;136;158;109m▀[0m[38;2;89;99;66m[48;2;20;19;19m▀[0m[38;2;20;19;19m[48;2;53;61;53m▀[0m[38;2;53;61;53m[48;2;53;61;53m▀[0m[38;2;53;61;53m[48;2;53;61;53m▀[0m[38;2;20;19;19m[48;2;20;19;19m▀[0m[38;2;150;122;78m[48;2;150;122;78m▀[0m[38;2;150;122;78m[48;2;150;122;78m▀[0m[38;2;150;122;78m[48;2;150;122;78m▀[0m[38;2;192;167;118m[48;2;150;122;78m▀[0m[38;2;150;122;78m[48;2;192;167;118m▀[0m[38;2;192;167;118m[48;2;150;122;78m▀[0m[38;2;150;122;78m[48;2;192;167;118m▀[0m[38;2;150;122;78m[48;2;192;167;118m▀[0m[38;2;150;122;78m[48;2;192;167;118m▀[0m[38;2;192;167;118m[48;2;150;122;78m▀[0m[38;2;150;122;78m[48;2;192;167;118m▀[0m[38;2;150;122;78m[48;2;150;122;78m▀[0m[38;2;150;122;78m[48;2;150;122;78m▀[0m[38;2;20;19;19m[48;2;150;122;78m▀[0m[38;2;64;49;38m[48;2;20;19;19m▀[0m[38;2;64;49;38m[48;2;64;49;38m▀[0m[38;2;137;108;82m[48;2;64;49;38m▀[0m[38;2;137;108;82m[48;2;97;74;60m▀[0m[38;2;97;74;60m[48;2;137;108;82m▀[0m[38;2;137;108;82m[48;2;137;108;82m▀[0m[38;2;137;108;82m[48;2;137;108;82m▀[0m[38;2;137;108;82m[48;2;137;108;82m▀[0m[38;2;137;108;82m[48;2;97;74;60m▀[0m[38;2;97;74;60m[48;2;137;108;82m▀[0m[38;2;137;108;82m[48;2;137;108;82m▀[0m[38;2;137;108;82m[48;2;137;108;82m▀[0m[38;2;137;108;82m[48;2;137;108;82m▀[0m[38;2;137;108;82m[48;2;137;108;82m▀[0m[38;2;97;74;60m[48;2;97;74;60m▀[0m[38;2;137;108;82m[48;2;137;108;82m▀[0m[38;2;137;108;82m[48;2;137;108;82m▀[0m[38;2;64;49;38m[48;2;137;108;82m▀[0m[38;2;53;61;53m[48;2;64;49;38m▀[0m[38;2;53;61;53m[48;2;64;49;38m▀[0m[38;2;53;61;53m[48;2;53;61;53m▀[0m[38;2;53;61;53m[48;2;53;61;53m▀[0m[38;2;53;61;53m[48;2;53;61;53m▀[0m[38;2;53;61;53m[48;2;53;61;53m▀[0m[38;2;53;61;53m[48;2;53;61;53m▀[0m[38;2;53;61;53m[48;2;53;61;53m▀[0m[38;2;53;61;53m[48;2;53;61;53m▀[0m[38;2;53;61;53m[48;2;53;61;53m▀[0m[38;2;53;61;53m[48;2;53;61;53m▀[0m[38;2;53;61;53m[48;2;53;61;53m▀[0m[38;2;20;19;19m[48;2;53;61;53m▀[0m[38;2;20;19;19m▄           
      [38;2;20;19;19m▄[38;2;64;49;38m[48;2;150;122;78m▀[0m[38;2;150;122;78m[48;2;150;122;78m▀[0m[38;2;150;122;78m[48;2;150;122;78m▀[0m[38;2;53;61;53m[48;2;53;61;53m▀[0m[38;2;20;19;19m[48;2;20;19;19m▀[0m[38;2;136;158;109m[48;2;136;158;109m▀[0m[38;2;136;158;109m[48;2;136;158;109m▀[0m[38;2;136;158;109m[48;2;89;99;66m▀[0m[38;2;89;99;66m[48;2;136;158;109m▀[0m[38;2;136;158;109m[48;2;136;158;109m▀[0m[38;2;136;158;109m[48;2;136;158;109m▀[0m[38;2;136;158;109m[48;2;20;19;19m▀[0m[38;2;136;158;109m[48;2;20;19;19m▀[0m[38;2;136;158;109m[48;2;20;19;19m▀[0m[38;2;136;158;109m[48;2;136;158;109m▀[0m[38;2;136;158;109m[48;2;136;158;109m▀[0m[38;2;20;19;19m[48;2;136;158;109m▀[0m[38;2;53;61;53m[48;2;20;19;19m▀[0m[38;2;20;19;19m[48;2;53;61;53m▀[0m[38;2;20;19;19m[48;2;53;61;53m▀[0m[38;2;53;61;53m[48;2;53;61;53m▀[0m[38;2;53;61;53m[48;2;85;92;85m▀[0m[38;2;85;92;85m[48;2;53;61;53m▀[0m[38;2;53;61;53m[48;2;85;92;85m▀[0m[38;2;53;61;53m[48;2;53;61;53m▀[0m[38;2;20;19;19m[48;2;20;19;19m▀[0m[38;2;150;122;78m[48;2;150;122;78m▀[0m[38;2;150;122;78m[48;2;20;19;19m▀[0m[38;2;20;19;19m[48;2;53;61;53m▀[0m[38;2;150;122;78m[48;2;20;19;19m▀[0m[38;2;192;167;118m[48;2;192;167;118m▀[0m[38;2;192;167;118m[48;2;192;167;118m▀[0m[38;2;192;167;118m[48;2;192;167;118m▀[0m[38;2;64;49;38m[48;2;64;49;38m▀[0m[38;2;192;167;118m[48;2;20;19;19m▀[0m[38;2;192;167;118m[48;2;192;167;118m▀[0m[38;2;192;167;118m[48;2;192;167;118m▀[0m[38;2;64;49;38m[48;2;20;19;19m▀[0m[38;2;64;49;38m[48;2;150;122;78m▀[0m[38;2;150;122;78m[48;2;20;19;19m▀[0m[38;2;20;19;19m[48;2;20;19;19m▀[0m[38;2;20;19;19m[48;2;150;122;78m▀[0m[38;2;64;49;38m[48;2;20;19;19m▀[0m[38;2;64;49;38m[48;2;20;19;19m▀[0m[38;2;97;74;60m[48;2;64;49;38m▀[0m[38;2;137;108;82m[48;2;64;49;38m▀[0m[38;2;137;108;82m[48;2;97;74;60m▀[0m[38;2;97;74;60m[48;2;137;108;82m▀[0m[38;2;137;108;82m[48;2;137;108;82m▀[0m[38;2;137;108;82m[48;2;137;108;82m▀[0m[38;2;137;108;82m[48;2;137;108;82m▀[0m[38;2;137;108;82m[48;2;137;108;82m▀[0m[38;2;97;74;60m[48;2;97;74;60m▀[0m[38;2;137;108;82m[48;2;137;108;82m▀[0m[38;2;137;108;82m[48;2;137;108;82m▀[0m[38;2;137;108;82m[48;2;137;108;82m▀[0m[38;2;137;108;82m[48;2;64;49;38m▀[0m[38;2;64;49;38m[48;2;97;74;60m▀[0m[38;2;137;108;82m[48;2;137;108;82m▀[0m[38;2;64;49;38m[48;2;137;108;82m▀[0m[38;2;53;61;53m[48;2;64;49;38m▀[0m[38;2;53;61;53m[48;2;64;49;38m▀[0m[38;2;53;61;53m[48;2;53;61;53m▀[0m[38;2;20;19;19m[48;2;20;19;19m▀[0m[38;2;53;61;53m[48;2;53;61;53m▀[0m[38;2;53;61;53m[48;2;53;61;53m▀[0m[38;2;53;61;53m[48;2;53;61;53m▀[0m[38;2;53;61;53m[48;2;53;61;53m▀[0m[38;2;53;61;53m[48;2;53;61;53m▀[0m[38;2;53;61;53m[48;2;20;19;19m▀[0m[38;2;20;19;19m[48;2;53;61;53m▀[0m[38;2;20;19;19m▄          
      [38;2;20;19;19m[48;2;20;19;19m▀[0m[38;2;150;122;78m[48;2;150;122;78m▀[0m[38;2;150;122;78m[48;2;150;122;78m▀[0m[38;2;20;19;19m[48;2;20;19;19m▀[0m[38;2;53;61;53m[48;2;53;61;53m▀[0m[38;2;20;19;19m[48;2;20;19;19m▀[0m[38;2;136;158;109m[48;2;136;158;109m▀[0m[38;2;136;158;109m[48;2;136;158;109m▀[0m[38;2;89;99;66m[48;2;89;99;66m▀[0m[38;2;136;158;109m[48;2;136;158;109m▀[0m[38;2;136;158;109m[48;2;136;158;109m▀[0m[38;2;20;19;19m[48;2;20;19;19m▀[0m[38;2;53;61;53m[48;2;53;61;53m▀[0m[38;2;53;61;53m[48;2;85;92;85m▀[0m[38;2;53;61;53m[48;2;85;92;85m▀[0m[38;2;20;19;19m[48;2;20;19;19m▀[0m[38;2;136;158;109m[48;2;136;158;109m▀[0m[38;2;136;158;109m[48;2;20;19;19m▀[0m[38;2;20;19;19m[48;2;53;61;53m▀[0m[38;2;53;61;53m[48;2;85;92;85m▀[0m[38;2;85;92;85m[48;2;85;92;85m▀[0m[38;2;85;92;85m[48;2;85;92;85m▀[0m[38;2;85;92;85m[48;2;85;92;85m▀[0m[38;2;85;92;85m[48;2;85;92;85m▀[0m[38;2;53;61;53m[48;2;85;92;85m▀[0m[38;2;85;92;85m[48;2;85;92;85m▀[0m[38;2;53;61;53m[48;2;85;92;85m▀[0m[38;2;20;19;19m[48;2;85;92;85m▀[0m[38;2;53;61;53m[48;2;53;61;53m▀[0m[38;2;53;61;53m[48;2;20;19;19m▀[0m[38;2;20;19;19m[48;2;150;122;78m▀[0m[38;2;192;167;118m[48;2;20;19;19m▀[0m[38;2;192;167;118m[48;2;192;167;118m▀[0m[38;2;192;167;118m[48;2;192;167;118m▀[0m[38;2;20;19;19m[48;2;20;19;19m▀[0m[38;2;150;122;78m[48;2;150;122;78m▀[0m[38;2;20;19;19m[48;2;150;122;78m▀[0m[38;2;192;167;118m[48;2;20;19;19m▀[0m[38;2;20;19;19m[48;2;20;19;19m▀[0m[38;2;150;122;78m[48;2;150;122;78m▀[0m[38;2;150;122;78m[48;2;150;122;78m▀[0m[38;2;150;122;78m[48;2;150;122;78m▀[0m[38;2;150;122;78m[48;2;150;122;78m▀[0m[38;2;150;122;78m[48;2;64;49;38m▀[0m[38;2;150;122;78m[48;2;64;49;38m▀[0m[38;2;20;19;19m[48;2;53;61;53m▀[0m[38;2;64;49;38m[48;2;20;19;19m▀[0m[38;2;64;49;38m[48;2;64;49;38m▀[0m[38;2;97;74;60m[48;2;64;49;38m▀[0m[38;2;137;108;82m[48;2;64;49;38m▀[0m[38;2;137;108;82m[48;2;137;108;82m▀[0m[38;2;137;108;82m[48;2;137;108;82m▀[0m[38;2;97;74;60m[48;2;97;74;60m▀[0m[38;2;137;108;82m[48;2;137;108;82m▀[0m[38;2;137;108;82m[48;2;137;108;82m▀[0m[38;2;137;108;82m[48;2;137;108;82m▀[0m[38;2;137;108;82m[48;2;64;49;38m▀[0m[38;2;64;49;38m[48;2;20;19;19m▀[0m[38;2;97;74;60m[48;2;97;74;60m▀[0m[38;2;137;108;82m[48;2;137;108;82m▀[0m[38;2;137;108;82m[48;2;137;108;82m▀[0m[38;2;64;49;38m[48;2;64;49;38m▀[0m[38;2;137;108;82m[48;2;137;108;82m▀[0m[38;2;64;49;38m[48;2;137;108;82m▀[0m[38;2;20;19;19m[48;2;97;74;60m▀[0m[38;2;53;61;53m[48;2;20;19;19m▀[0m[38;2;53;61;53m[48;2;53;61;53m▀[0m[38;2;20;19;19m[48;2;20;19;19m▀[0m[38;2;53;61;53m[48;2;20;19;19m▀[0m[38;2;53;61;53m[48;2;53;61;53m▀[0m[38;2;20;19;19m[48;2;20;19;19m▀[0m[38;2;53;61;53m[48;2;20;19;19m▀[0m[38;2;53;61;53m[48;2;20;19;19m▀[0m[38;2;20;19;19m▀         
       [38;2;20;19;19m[48;2;20;19;19m▀[0m[38;2;150;122;78m[48;2;150;122;78m▀[0m[38;2;20;19;19m[48;2;20;19;19m▀[0m[38;2;53;61;53m[48;2;53;61;53m▀[0m[38;2;53;61;53m[48;2;85;92;85m▀[0m[38;2;20;19;19m[48;2;20;19;19m▀[0m[38;2;136;158;109m[48;2;136;158;109m▀[0m[38;2;89;99;66m[48;2;136;158;109m▀[0m[38;2;136;158;109m[48;2;136;158;109m▀[0m[38;2;136;158;109m[48;2;136;158;109m▀[0m[38;2;20;19;19m[48;2;136;158;109m▀[0m[38;2;53;61;53m[48;2;20;19;19m▀[0m[38;2;85;92;85m[48;2;85;92;85m▀[0m[38;2;85;92;85m[48;2;85;92;85m▀[0m[38;2;20;19;19m[48;2;85;92;85m▀[0m[38;2;20;19;19m[48;2;85;92;85m▀[0m[38;2;53;61;53m[48;2;85;92;85m▀[0m[38;2;85;92;85m[48;2;85;92;85m▀[0m[38;2;85;92;85m[48;2;85;92;85m▀[0m[38;2;85;92;85m[48;2;85;92;85m▀[0m[38;2;85;92;85m[48;2;85;92;85m▀[0m[38;2;85;92;85m[48;2;85;92;85m▀[0m[38;2;85;92;85m[48;2;85;92;85m▀[0m[38;2;85;92;85m[48;2;85;92;85m▀[0m[38;2;85;92;85m[48;2;85;92;85m▀[0m[38;2;85;92;85m[48;2;85;92;85m▀[0m[38;2;85;92;85m[48;2;85;92;85m▀[0m[38;2;85;92;85m[48;2;20;19;19m▀[0m[38;2;20;19;19m[48;2;150;122;78m▀[0m[38;2;150;122;78m[48;2;150;122;78m▀[0m[38;2;20;19;19m[48;2;150;122;78m▀[0m[38;2;192;167;118m[48;2;20;19;19m▀[0m[38;2;20;19;19m[48;2;150;122;78m▀[0m[38;2;150;122;78m[48;2;192;167;118m▀[0m[38;2;192;167;118m[48;2;150;122;78m▀[0m[38;2;150;122;78m[48;2;192;167;118m▀[0m[38;2;150;122;78m[48;2;192;167;118m▀[0m[38;2;150;122;78m[48;2;150;122;78m▀[0m[38;2;150;122;78m[48;2;150;122;78m▀[0m[38;2;150;122;78m[48;2;192;167;118m▀[0m[38;2;150;122;78m[48;2;192;167;118m▀[0m[38;2;150;122;78m[48;2;150;122;78m▀[0m[38;2;150;122;78m[48;2;150;122;78m▀[0m[38;2;150;122;78m[48;2;150;122;78m▀[0m[38;2;64;49;38m[48;2;150;122;78m▀[0m[38;2;64;49;38m[48;2;150;122;78m▀[0m[38;2;20;19;19m[48;2;64;49;38m▀[0m[38;2;20;19;19m[48;2;53;61;53m▀[0m[38;2;64;49;38m[48;2;20;19;19m▀[0m[38;2;64;49;38m[48;2;20;19;19m▀[0m[38;2;97;74;60m[48;2;64;49;38m▀[0m[38;2;137;108;82m[48;2;64;49;38m▀[0m[38;2;137;108;82m[48;2;97;74;60m▀[0m[38;2;137;108;82m[48;2;137;108;82m▀[0m[38;2;137;108;82m[48;2;20;19;19m▀[0m[38;2;64;49;38m[48;2;53;61;53m▀[0m[38;2;20;19;19m[48;2;20;19;19m▀[0m[38;2;97;74;60m[48;2;137;108;82m▀[0m[38;2;137;108;82m[48;2;137;108;82m▀[0m[38;2;137;108;82m[48;2;137;108;82m▀[0m[38;2;64;49;38m[48;2;64;49;38m▀[0m[38;2;137;108;82m[48;2;137;108;82m▀[0m[38;2;97;74;60m[48;2;97;74;60m▀[0m[38;2;97;74;60m[48;2;97;74;60m▀[0m[38;2;64;49;38m[48;2;64;49;38m▀[0m[38;2;20;19;19m[48;2;97;74;60m▀[0m[38;2;97;74;60m[48;2;97;74;60m▀[0m[38;2;64;49;38m[48;2;64;49;38m▀[0m[38;2;20;19;19m[48;2;97;74;60m▀[0m[38;2;20;19;19m[48;2;64;49;38m▀[0m[38;2;97;74;60m[48;2;97;74;60m▀[0m[38;2;20;19;19m[48;2;20;19;19m▀[0m          
     [38;2;64;49;38m▄[38;2;64;49;38m[48;2;150;122;78m▀[0m[38;2;150;122;78m[48;2;150;122;78m▀[0m[38;2;20;19;19m[48;2;20;19;19m▀[0m[38;2;53;61;53m[48;2;85;92;85m▀[0m[38;2;85;92;85m[48;2;85;92;85m▀[0m[38;2;85;92;85m[48;2;85;92;85m▀[0m[38;2;53;61;53m[48;2;85;92;85m▀[0m[38;2;20;19;19m[48;2;20;19;19m▀[0m[38;2;136;158;109m[48;2;136;158;109m▀[0m[38;2;136;158;109m[48;2;136;158;109m▀[0m[38;2;136;158;109m[48;2;136;158;109m▀[0m[38;2;136;158;109m[48;2;20;19;19m▀[0m[38;2;136;158;109m[48;2;20;19;19m▀[0m[38;2;20;19;19m[48;2;85;92;85m▀[0m[38;2;85;92;85m[48;2;85;92;85m▀[0m[38;2;85;92;85m[48;2;85;92;85m▀[0m[38;2;85;92;85m[48;2;85;92;85m▀[0m[38;2;85;92;85m[48;2;85;92;85m▀[0m[38;2;85;92;85m[48;2;85;92;85m▀[0m[38;2;85;92;85m[48;2;85;92;85m▀[0m[38;2;85;92;85m[48;2;85;92;85m▀[0m[38;2;85;92;85m[48;2;85;92;85m▀[0m[38;2;85;92;85m[48;2;85;92;85m▀[0m[38;2;85;92;85m[48;2;85;92;85m▀[0m[38;2;85;92;85m[48;2;85;92;85m▀[0m[38;2;85;92;85m[48;2;85;92;85m▀[0m[38;2;85;92;85m[48;2;85;92;85m▀[0m[38;2;85;92;85m[48;2;85;92;85m▀[0m[38;2;20;19;19m[48;2;85;92;85m▀[0m[38;2;150;122;78m[48;2;20;19;19m▀[0m[38;2;150;122;78m[48;2;150;122;78m▀[0m[38;2;150;122;78m[48;2;150;122;78m▀[0m[38;2;150;122;78m[48;2;64;49;38m▀[0m[38;2;150;122;78m[48;2;150;122;78m▀[0m[38;2;150;122;78m[48;2;192;167;118m▀[0m[38;2;192;167;118m[48;2;192;167;118m▀[0m[38;2;150;122;78m[48;2;192;167;118m▀[0m[38;2;192;167;118m[48;2;192;167;118m▀[0m[38;2;192;167;118m[48;2;192;167;118m▀[0m[38;2;192;167;118m[48;2;192;167;118m▀[0m[38;2;192;167;118m[48;2;192;167;118m▀[0m[38;2;192;167;118m[48;2;192;167;118m▀[0m[38;2;192;167;118m[48;2;192;167;118m▀[0m[38;2;64;49;38m[48;2;192;167;118m▀[0m[38;2;150;122;78m[48;2;64;49;38m▀[0m[38;2;150;122;78m[48;2;20;19;19m▀[0m[38;2;150;122;78m[48;2;20;19;19m▀[0m[38;2;150;122;78m[48;2;20;19;19m▀[0m[38;2;64;49;38m[48;2;53;61;53m▀[0m[38;2;53;61;53m[48;2;53;61;53m▀[0m[38;2;53;61;53m[48;2;53;61;53m▀[0m[38;2;20;19;19m[48;2;53;61;53m▀[0m[38;2;20;19;19m[48;2;53;61;53m▀[0m[38;2;64;49;38m[48;2;20;19;19m▀[0m[38;2;64;49;38m[48;2;20;19;19m▀[0m[38;2;20;19;19m[48;2;53;61;53m▀[0m[38;2;53;61;53m[48;2;20;19;19m▀[0m[38;2;97;74;60m[48;2;97;74;60m▀[0m[38;2;137;108;82m[48;2;137;108;82m▀[0m[38;2;137;108;82m[48;2;137;108;82m▀[0m[38;2;137;108;82m[48;2;97;74;60m▀[0m[38;2;64;49;38m[48;2;64;49;38m▀[0m[38;2;97;74;60m[48;2;97;74;60m▀[0m[38;2;97;74;60m[48;2;97;74;60m▀[0m[38;2;97;74;60m[48;2;97;74;60m▀[0m[38;2;64;49;38m[48;2;64;49;38m▀[0m[38;2;97;74;60m[48;2;97;74;60m▀[0m[38;2;97;74;60m[48;2;97;74;60m▀[0m[38;2;64;49;38m[48;2;64;49;38m▀[0m[38;2;97;74;60m[48;2;97;74;60m▀[0m[38;2;97;74;60m[48;2;97;74;60m▀[0m[38;2;97;74;60m[48;2;64;49;38m▀[0m[38;2;97;74;60m[48;2;97;74;60m▀[0m[38;2;20;19;19m[48;2;20;19;19m▀[0m         
    [38;2;64;49;38m[48;2;20;19;19m▀[0m[38;2;150;122;78m[48;2;20;19;19m▀[0m[38;2;150;122;78m[48;2;20;19;19m▀[0m[38;2;53;61;53m[48;2;53;61;53m▀[0m[38;2;85;92;85m[48;2;85;92;85m▀[0m[38;2;85;92;85m[48;2;85;92;85m▀[0m[38;2;85;92;85m[48;2;85;92;85m▀[0m[38;2;85;92;85m[48;2;85;92;85m▀[0m[38;2;85;92;85m[48;2;85;92;85m▀[0m[38;2;85;92;85m[48;2;85;92;85m▀[0m[38;2;20;19;19m[48;2;85;92;85m▀[0m[38;2;20;19;19m[48;2;85;92;85m▀[0m[38;2;20;19;19m[48;2;85;92;85m▀[0m[38;2;85;92;85m[48;2;85;92;85m▀[0m[38;2;85;92;85m[48;2;85;92;85m▀[0m[38;2;85;92;85m[48;2;85;92;85m▀[0m[38;2;85;92;85m[48;2;85;92;85m▀[0m[38;2;85;92;85m[48;2;85;92;85m▀[0m[38;2;85;92;85m[48;2;85;92;85m▀[0m[38;2;85;92;85m[48;2;85;92;85m▀[0m[38;2;85;92;85m[48;2;85;92;85m▀[0m[38;2;85;92;85m[48;2;85;92;85m▀[0m[38;2;85;92;85m[48;2;85;92;85m▀[0m[38;2;85;92;85m[48;2;85;92;85m▀[0m[38;2;85;92;85m[48;2;85;92;85m▀[0m[38;2;85;92;85m[48;2;85;92;85m▀[0m[38;2;85;92;85m[48;2;85;92;85m▀[0m[38;2;85;92;85m[48;2;85;92;85m▀[0m[38;2;85;92;85m[48;2;85;92;85m▀[0m[38;2;85;92;85m[48;2;85;92;85m▀[0m[38;2;85;92;85m[48;2;85;92;85m▀[0m[38;2;20;19;19m[48;2;85;92;85m▀[0m[38;2;150;122;78m[48;2;20;19;19m▀[0m[38;2;20;19;19m[48;2;85;92;85m▀[0m[38;2;64;49;38m[48;2;20;19;19m▀[0m[38;2;192;167;118m[48;2;192;167;118m▀[0m[38;2;192;167;118m[48;2;192;167;118m▀[0m[38;2;192;167;118m[48;2;192;167;118m▀[0m[38;2;192;167;118m[48;2;150;122;78m▀[0m[38;2;192;167;118m[48;2;192;167;118m▀[0m[38;2;192;167;118m[48;2;192;167;118m▀[0m[38;2;64;49;38m[48;2;64;49;38m▀[0m[38;2;192;167;118m[48;2;20;19;19m▀[0m[38;2;192;167;118m[48;2;150;122;78m▀[0m[38;2;192;167;118m[48;2;192;167;118m▀[0m[38;2;192;167;118m[48;2;192;167;118m▀[0m[38;2;192;167;118m[48;2;192;167;118m▀[0m[38;2;64;49;38m[48;2;192;167;118m▀[0m[38;2;53;61;53m[48;2;20;19;19m▀[0m[38;2;53;61;53m[48;2;53;61;53m▀[0m[38;2;53;61;53m[48;2;53;61;53m▀[0m[38;2;53;61;53m[48;2;53;61;53m▀[0m[38;2;53;61;53m[48;2;53;61;53m▀[0m[38;2;53;61;53m[48;2;53;61;53m▀[0m[38;2;53;61;53m[48;2;53;61;53m▀[0m[38;2;53;61;53m[48;2;53;61;53m▀[0m[38;2;53;61;53m[48;2;53;61;53m▀[0m[38;2;53;61;53m[48;2;53;61;53m▀[0m[38;2;20;19;19m[48;2;20;19;19m▀[0m[38;2;97;74;60m[48;2;64;49;38m▀[0m[38;2;137;108;82m[48;2;64;49;38m▀[0m[38;2;97;74;60m[48;2;137;108;82m▀[0m[38;2;137;108;82m[48;2;97;74;60m▀[0m[38;2;97;74;60m[48;2;97;74;60m▀[0m[38;2;97;74;60m[48;2;97;74;60m▀[0m[38;2;97;74;60m[48;2;97;74;60m▀[0m[38;2;97;74;60m[48;2;97;74;60m▀[0m[38;2;64;49;38m[48;2;64;49;38m▀[0m[38;2;97;74;60m[48;2;97;74;60m▀[0m[38;2;97;74;60m[48;2;97;74;60m▀[0m[38;2;97;74;60m[48;2;97;74;60m▀[0m[38;2;97;74;60m[48;2;64;49;38m▀[0m[38;2;97;74;60m[48;2;97;74;60m▀[0m[38;2;64;49;38m[48;2;97;74;60m▀[0m[38;2;97;74;60m[48;2;97;74;60m▀[0m[38;2;20;19;19m[48;2;97;74;60m▀[0m[38;2;20;19;19m▄        
     [38;2;53;61;53m▄[38;2;53;61;53m[48;2;85;92;85m▀[0m[38;2;85;92;85m[48;2;85;92;85m▀[0m[38;2;85;92;85m[48;2;85;92;85m▀[0m[38;2;85;92;85m[48;2;85;92;85m▀[0m[38;2;85;92;85m[48;2;85;92;85m▀[0m[38;2;85;92;85m[48;2;85;92;85m▀[0m[38;2;85;92;85m[48;2;85;92;85m▀[0m[38;2;85;92;85m[48;2;85;92;85m▀[0m[38;2;85;92;85m[48;2;85;92;85m▀[0m[38;2;53;61;53m[48;2;53;61;53m▀[0m[38;2;85;92;85m[48;2;85;92;85m▀[0m[38;2;85;92;85m[48;2;85;92;85m▀[0m[38;2;85;92;85m[48;2;85;92;85m▀[0m[38;2;85;92;85m[48;2;85;92;85m▀[0m[38;2;85;92;85m[48;2;85;92;85m▀[0m[38;2;85;92;85m[48;2;85;92;85m▀[0m[38;2;85;92;85m[48;2;85;92;85m▀[0m[38;2;85;92;85m[48;2;85;92;85m▀[0m[38;2;85;92;85m[48;2;85;92;85m▀[0m[38;2;85;92;85m[48;2;85;92;85m▀[0m[38;2;85;92;85m[48;2;85;92;85m▀[0m[38;2;85;92;85m[48;2;85;92;85m▀[0m[38;2;85;92;85m[48;2;85;92;85m▀[0m[38;2;85;92;85m[48;2;85;92;85m▀[0m[38;2;85;92;85m[48;2;85;92;85m▀[0m[38;2;85;92;85m[48;2;85;92;85m▀[0m[38;2;85;92;85m[48;2;85;92;85m▀[0m[38;2;85;92;85m[48;2;85;92;85m▀[0m[38;2;85;92;85m[48;2;85;92;85m▀[0m[38;2;85;92;85m[48;2;85;92;85m▀[0m[38;2;85;92;85m[48;2;85;92;85m▀[0m[38;2;85;92;85m[48;2;85;92;85m▀[0m[38;2;20;19;19m[48;2;85;92;85m▀[0m[38;2;150;122;78m[48;2;20;19;19m▀[0m[38;2;192;167;118m[48;2;192;167;118m▀[0m[38;2;192;167;118m[48;2;20;19;19m▀[0m[38;2;64;49;38m[48;2;20;19;19m▀[0m[38;2;192;167;118m[48;2;192;167;118m▀[0m[38;2;192;167;118m[48;2;192;167;118m▀[0m[38;2;20;19;19m[48;2;20;19;19m▀[0m[38;2;53;61;53m[48;2;53;61;53m▀[0m[38;2;20;19;19m[48;2;53;61;53m▀[0m[38;2;20;19;19m[48;2;53;61;53m▀[0m[38;2;20;19;19m[48;2;53;61;53m▀[0m[38;2;20;19;19m[48;2;53;61;53m▀[0m[38;2;20;19;19m[48;2;53;61;53m▀[0m[38;2;53;61;53m[48;2;53;61;53m▀[0m[38;2;53;61;53m[48;2;53;61;53m▀[0m[38;2;53;61;53m[48;2;53;61;53m▀[0m[38;2;53;61;53m[48;2;53;61;53m▀[0m[38;2;53;61;53m[48;2;53;61;53m▀[0m[38;2;53;61;53m[48;2;53;61;53m▀[0m[38;2;53;61;53m[48;2;53;61;53m▀[0m[38;2;53;61;53m[48;2;53;61;53m▀[0m[38;2;53;61;53m[48;2;53;61;53m▀[0m[38;2;53;61;53m[48;2;53;61;53m▀[0m[38;2;53;61;53m[48;2;53;61;53m▀[0m[38;2;20;19;19m[48;2;53;61;53m▀[0m[38;2;20;19;19m[48;2;53;61;53m▀[0m[38;2;64;49;38m[48;2;20;19;19m▀[0m[38;2;64;49;38m[48;2;20;19;19m▀[0m[38;2;97;74;60m[48;2;64;49;38m▀[0m[38;2;97;74;60m[48;2;64;49;38m▀[0m[38;2;97;74;60m[48;2;97;74;60m▀[0m[38;2;97;74;60m[48;2;97;74;60m▀[0m[38;2;64;49;38m[48;2;64;49;38m▀[0m[38;2;97;74;60m[48;2;97;74;60m▀[0m[38;2;97;74;60m[48;2;97;74;60m▀[0m[38;2;97;74;60m[48;2;97;74;60m▀[0m[38;2;64;49;38m[48;2;64;49;38m▀[0m[38;2;97;74;60m[48;2;97;74;60m▀[0m[38;2;97;74;60m[48;2;97;74;60m▀[0m[38;2;64;49;38m[48;2;64;49;38m▀[0m[38;2;97;74;60m[48;2;64;49;38m▀[0m[38;2;20;19;19m[48;2;20;19;19m▀[0m[38;2;64;49;38m[48;2;150;122;78m▀[0m[38;2;64;49;38m[48;2;150;122;78m▀[0m[38;2;64;49;38m▄[38;2;64;49;38m▄    
    [38;2;53;61;53m▀[38;2;85;92;85m[48;2;20;19;19m▀[0m[38;2;85;92;85m[48;2;20;19;19m▀[0m[38;2;53;61;53m[48;2;85;92;85m▀[0m[38;2;53;61;53m[48;2;85;92;85m▀[0m[38;2;85;92;85m[48;2;85;92;85m▀[0m[38;2;85;92;85m[48;2;85;92;85m▀[0m[38;2;85;92;85m[48;2;85;92;85m▀[0m[38;2;85;92;85m[48;2;85;92;85m▀[0m[38;2;85;92;85m[48;2;85;92;85m▀[0m[38;2;53;61;53m[48;2;53;61;53m▀[0m[38;2;85;92;85m[48;2;85;92;85m▀[0m[38;2;85;92;85m[48;2;85;92;85m▀[0m[38;2;85;92;85m[48;2;85;92;85m▀[0m[38;2;85;92;85m[48;2;85;92;85m▀[0m[38;2;85;92;85m[48;2;85;92;85m▀[0m[38;2;85;92;85m[48;2;85;92;85m▀[0m[38;2;85;92;85m[48;2;85;92;85m▀[0m[38;2;85;92;85m[48;2;85;92;85m▀[0m[38;2;85;92;85m[48;2;85;92;85m▀[0m[38;2;85;92;85m[48;2;85;92;85m▀[0m[38;2;85;92;85m[48;2;85;92;85m▀[0m[38;2;85;92;85m[48;2;85;92;85m▀[0m[38;2;85;92;85m[48;2;85;92;85m▀[0m[38;2;85;92;85m[48;2;85;92;85m▀[0m[38;2;85;92;85m[48;2;85;92;85m▀[0m[38;2;85;92;85m[48;2;85;92;85m▀[0m[38;2;85;92;85m[48;2;85;92;85m▀[0m[38;2;85;92;85m[48;2;85;92;85m▀[0m[38;2;85;92;85m[48;2;85;92;85m▀[0m[38;2;85;92;85m[48;2;85;92;85m▀[0m[38;2;85;92;85m[48;2;85;92;85m▀[0m[38;2;85;92;85m[48;2;85;92;85m▀[0m[38;2;85;92;85m[48;2;85;92;85m▀[0m[38;2;85;92;85m[48;2;85;92;85m▀[0m[38;2;85;92;85m[48;2;85;92;85m▀[0m[38;2;20;19;19m[48;2;85;92;85m▀[0m[38;2;85;92;85m[48;2;85;92;85m▀[0m[38;2;85;92;85m[48;2;85;92;85m▀[0m[38;2;20;19;19m[48;2;85;92;85m▀[0m[38;2;192;167;118m[48;2;20;19;19m▀[0m[38;2;20;19;19m[48;2;85;92;85m▀[0m[38;2;85;92;85m[48;2;85;92;85m▀[0m[38;2;85;92;85m[48;2;85;92;85m▀[0m[38;2;53;61;53m[48;2;85;92;85m▀[0m[38;2;53;61;53m[48;2;85;92;85m▀[0m[38;2;53;61;53m[48;2;53;61;53m▀[0m[38;2;53;61;53m[48;2;53;61;53m▀[0m[38;2;53;61;53m[48;2;53;61;53m▀[0m[38;2;53;61;53m[48;2;53;61;53m▀[0m[38;2;53;61;53m[48;2;53;61;53m▀[0m[38;2;53;61;53m[48;2;53;61;53m▀[0m[38;2;53;61;53m[48;2;53;61;53m▀[0m[38;2;53;61;53m[48;2;53;61;53m▀[0m[38;2;53;61;53m[48;2;53;61;53m▀[0m[38;2;53;61;53m[48;2;53;61;53m▀[0m[38;2;53;61;53m[48;2;53;61;53m▀[0m[38;2;53;61;53m[48;2;53;61;53m▀[0m[38;2;53;61;53m[48;2;53;61;53m▀[0m[38;2;53;61;53m[48;2;53;61;53m▀[0m[38;2;53;61;53m[48;2;53;61;53m▀[0m[38;2;53;61;53m[48;2;53;61;53m▀[0m[38;2;53;61;53m[48;2;53;61;53m▀[0m[38;2;20;19;19m[48;2;53;61;53m▀[0m[38;2;20;19;19m[48;2;53;61;53m▀[0m[38;2;20;19;19m[48;2;53;61;53m▀[0m[38;2;64;49;38m[48;2;20;19;19m▀[0m[38;2;64;49;38m[48;2;20;19;19m▀[0m[38;2;64;49;38m[48;2;20;19;19m▀[0m[38;2;64;49;38m[48;2;20;19;19m▀[0m[38;2;64;49;38m[48;2;20;19;19m▀[0m[38;2;64;49;38m[48;2;20;19;19m▀[0m[38;2;64;49;38m[48;2;20;19;19m▀[0m[38;2;64;49;38m[48;2;20;19;19m▀[0m[38;2;20;19;19m[48;2;53;61;53m▀[0m[38;2;20;19;19m[48;2;53;61;53m▀[0m[38;2;53;61;53m[48;2;53;61;53m▀[0m[38;2;20;19;19m[48;2;53;61;53m▀[0m[38;2;150;122;78m[48;2;20;19;19m▀[0m[38;2;150;122;78m[48;2;64;49;38m▀[0m[38;2;150;122;78m[48;2;150;122;78m▀[0m[38;2;64;49;38m[48;2;150;122;78m▀[0m[38;2;64;49;38m▄  
     [38;2;20;19;19m▄[38;2;20;19;19m[48;2;85;92;85m▀[0m[38;2;85;92;85m[48;2;85;92;85m▀[0m[38;2;85;92;85m[48;2;85;92;85m▀[0m[38;2;85;92;85m[48;2;85;92;85m▀[0m[38;2;85;92;85m[48;2;85;92;85m▀[0m[38;2;85;92;85m[48;2;85;92;85m▀[0m[38;2;85;92;85m[48;2;53;61;53m▀[0m[38;2;53;61;53m[48;2;85;92;85m▀[0m[38;2;85;92;85m[48;2;85;92;85m▀[0m[38;2;85;92;85m[48;2;85;92;85m▀[0m[38;2;85;92;85m[48;2;85;92;85m▀[0m[38;2;85;92;85m[48;2;85;92;85m▀[0m[38;2;85;92;85m[48;2;85;92;85m▀[0m[38;2;85;92;85m[48;2;85;92;85m▀[0m[38;2;85;92;85m[48;2;85;92;85m▀[0m[38;2;85;92;85m[48;2;85;92;85m▀[0m[38;2;85;92;85m[48;2;85;92;85m▀[0m[38;2;85;92;85m[48;2;85;92;85m▀[0m[38;2;85;92;85m[48;2;85;92;85m▀[0m[38;2;85;92;85m[48;2;85;92;85m▀[0m[38;2;85;92;85m[48;2;85;92;85m▀[0m[38;2;85;92;85m[48;2;85;92;85m▀[0m[38;2;85;92;85m[48;2;85;92;85m▀[0m[38;2;85;92;85m[48;2;85;92;85m▀[0m[38;2;85;92;85m[48;2;85;92;85m▀[0m[38;2;85;92;85m[48;2;85;92;85m▀[0m[38;2;85;92;85m[48;2;85;92;85m▀[0m[38;2;85;92;85m[48;2;85;92;85m▀[0m[38;2;85;92;85m[48;2;85;92;85m▀[0m[38;2;85;92;85m[48;2;85;92;85m▀[0m[38;2;53;61;53m[48;2;53;61;53m▀[0m[38;2;85;92;85m[48;2;85;92;85m▀[0m[38;2;85;92;85m[48;2;85;92;85m▀[0m[38;2;85;92;85m[48;2;85;92;85m▀[0m[38;2;85;92;85m[48;2;85;92;85m▀[0m[38;2;85;92;85m[48;2;85;92;85m▀[0m[38;2;85;92;85m[48;2;85;92;85m▀[0m[38;2;85;92;85m[48;2;85;92;85m▀[0m[38;2;85;92;85m[48;2;85;92;85m▀[0m[38;2;85;92;85m[48;2;85;92;85m▀[0m[38;2;85;92;85m[48;2;85;92;85m▀[0m[38;2;85;92;85m[48;2;85;92;85m▀[0m[38;2;85;92;85m[48;2;85;92;85m▀[0m[38;2;85;92;85m[48;2;85;92;85m▀[0m[38;2;85;92;85m[48;2;85;92;85m▀[0m[38;2;53;61;53m[48;2;85;92;85m▀[0m[38;2;53;61;53m[48;2;85;92;85m▀[0m[38;2;53;61;53m[48;2;53;61;53m▀[0m[38;2;53;61;53m[48;2;53;61;53m▀[0m[38;2;53;61;53m[48;2;53;61;53m▀[0m[38;2;53;61;53m[48;2;53;61;53m▀[0m[38;2;53;61;53m[48;2;53;61;53m▀[0m[38;2;53;61;53m[48;2;53;61;53m▀[0m[38;2;53;61;53m[48;2;53;61;53m▀[0m[38;2;53;61;53m[48;2;53;61;53m▀[0m[38;2;53;61;53m[48;2;53;61;53m▀[0m[38;2;53;61;53m[48;2;53;61;53m▀[0m[38;2;53;61;53m[48;2;53;61;53m▀[0m[38;2;53;61;53m[48;2;53;61;53m▀[0m[38;2;53;61;53m[48;2;53;61;53m▀[0m[38;2;53;61;53m[48;2;53;61;53m▀[0m[38;2;53;61;53m[48;2;53;61;53m▀[0m[38;2;53;61;53m[48;2;53;61;53m▀[0m[38;2;53;61;53m[48;2;53;61;53m▀[0m[38;2;53;61;53m[48;2;53;61;53m▀[0m[38;2;53;61;53m[48;2;53;61;53m▀[0m[38;2;53;61;53m[48;2;53;61;53m▀[0m[38;2;53;61;53m[48;2;53;61;53m▀[0m[38;2;53;61;53m[48;2;53;61;53m▀[0m[38;2;53;61;53m[48;2;53;61;53m▀[0m[38;2;53;61;53m[48;2;53;61;53m▀[0m[38;2;53;61;53m[48;2;53;61;53m▀[0m[38;2;53;61;53m[48;2;53;61;53m▀[0m[38;2;53;61;53m[48;2;53;61;53m▀[0m[38;2;53;61;53m[48;2;53;61;53m▀[0m[38;2;53;61;53m[48;2;53;61;53m▀[0m[38;2;53;61;53m[48;2;53;61;53m▀[0m[38;2;20;19;19m[48;2;53;61;53m▀[0m[38;2;20;19;19m[48;2;53;61;53m▀[0m[38;2;64;49;38m[48;2;20;19;19m▀[0m[38;2;64;49;38m▀  
    [38;2;53;61;53m▄[38;2;53;61;53m[48;2;85;92;85m▀[0m[38;2;85;92;85m[48;2;85;92;85m▀[0m[38;2;85;92;85m[48;2;85;92;85m▀[0m[38;2;85;92;85m[48;2;85;92;85m▀[0m[38;2;85;92;85m[48;2;85;92;85m▀[0m[38;2;85;92;85m[48;2;85;92;85m▀[0m[38;2;85;92;85m[48;2;85;92;85m▀[0m[38;2;85;92;85m[48;2;85;92;85m▀[0m[38;2;20;19;19m[48;2;85;92;85m▀[0m[38;2;20;19;19m[48;2;53;61;53m▀[0m[38;2;53;61;53m[48;2;85;92;85m▀[0m[38;2;85;92;85m[48;2;85;92;85m▀[0m[38;2;85;92;85m[48;2;85;92;85m▀[0m[38;2;85;92;85m[48;2;85;92;85m▀[0m[38;2;85;92;85m[48;2;85;92;85m▀[0m[38;2;85;92;85m[48;2;85;92;85m▀[0m[38;2;85;92;85m[48;2;85;92;85m▀[0m[38;2;85;92;85m[48;2;85;92;85m▀[0m[38;2;85;92;85m[48;2;85;92;85m▀[0m[38;2;85;92;85m[48;2;85;92;85m▀[0m[38;2;85;92;85m[48;2;85;92;85m▀[0m[38;2;85;92;85m[48;2;85;92;85m▀[0m[38;2;85;92;85m[48;2;85;92;85m▀[0m[38;2;85;92;85m[48;2;85;92;85m▀[0m[38;2;85;92;85m[48;2;85;92;85m▀[0m[38;2;85;92;85m[48;2;85;92;85m▀[0m[38;2;85;92;85m[48;2;85;92;85m▀[0m[38;2;85;92;85m[48;2;85;92;85m▀[0m[38;2;85;92;85m[48;2;85;92;85m▀[0m[38;2;53;61;53m[48;2;85;92;85m▀[0m[38;2;85;92;85m[48;2;20;19;19m▀[0m[38;2;85;92;85m[48;2;85;92;85m▀[0m[38;2;20;19;19m[48;2;20;19;19m▀[0m[38;2;85;92;85m[48;2;85;92;85m▀[0m[38;2;85;92;85m[48;2;85;92;85m▀[0m[38;2;85;92;85m[48;2;85;92;85m▀[0m[38;2;85;92;85m[48;2;85;92;85m▀[0m[38;2;85;92;85m[48;2;85;92;85m▀[0m[38;2;85;92;85m[48;2;85;92;85m▀[0m[38;2;85;92;85m[48;2;85;92;85m▀[0m[38;2;85;92;85m[48;2;85;92;85m▀[0m[38;2;85;92;85m[48;2;85;92;85m▀[0m[38;2;85;92;85m[48;2;85;92;85m▀[0m[38;2;85;92;85m[48;2;85;92;85m▀[0m[38;2;85;92;85m[48;2;85;92;85m▀[0m[38;2;85;92;85m[48;2;85;92;85m▀[0m[38;2;85;92;85m[48;2;85;92;85m▀[0m[38;2;85;92;85m[48;2;85;92;85m▀[0m[38;2;85;92;85m[48;2;85;92;85m▀[0m[38;2;53;61;53m[48;2;85;92;85m▀[0m[38;2;53;61;53m[48;2;53;61;53m▀[0m[38;2;53;61;53m[48;2;53;61;53m▀[0m[38;2;53;61;53m[48;2;53;61;53m▀[0m[38;2;53;61;53m[48;2;53;61;53m▀[0m[38;2;53;61;53m[48;2;53;61;53m▀[0m[38;2;53;61;53m[48;2;53;61;53m▀[0m[38;2;53;61;53m[48;2;53;61;53m▀[0m[38;2;53;61;53m[48;2;53;61;53m▀[0m[38;2;53;61;53m[48;2;53;61;53m▀[0m[38;2;53;61;53m[48;2;53;61;53m▀[0m[38;2;53;61;53m[48;2;53;61;53m▀[0m[38;2;53;61;53m[48;2;53;61;53m▀[0m[38;2;53;61;53m[48;2;53;61;53m▀[0m[38;2;53;61;53m[48;2;53;61;53m▀[0m[38;2;53;61;53m[48;2;53;61;53m▀[0m[38;2;53;61;53m[48;2;53;61;53m▀[0m[38;2;53;61;53m[48;2;53;61;53m▀[0m[38;2;53;61;53m[48;2;53;61;53m▀[0m[38;2;53;61;53m[48;2;53;61;53m▀[0m[38;2;53;61;53m[48;2;53;61;53m▀[0m[38;2;53;61;53m[48;2;53;61;53m▀[0m[38;2;53;61;53m[48;2;53;61;53m▀[0m[38;2;53;61;53m[48;2;53;61;53m▀[0m[38;2;53;61;53m[48;2;53;61;53m▀[0m[38;2;53;61;53m[48;2;53;61;53m▀[0m[38;2;53;61;53m[48;2;53;61;53m▀[0m[38;2;53;61;53m[48;2;53;61;53m▀[0m[38;2;53;61;53m[48;2;53;61;53m▀[0m[38;2;53;61;53m[48;2;53;61;53m▀[0m[38;2;53;61;53m[48;2;53;61;53m▀[0m[38;2;53;61;53m[48;2;53;61;53m▀[0m[38;2;20;19;19m[48;2;53;61;53m▀[0m[38;2;20;19;19m[48;2;53;61;53m▀[0m[38;2;20;19;19m▄
 [38;2;53;61;53m▄[38;2;53;61;53m▄[38;2;53;61;53m[48;2;85;92;85m▀[0m[38;2;85;92;85m[48;2;85;92;85m▀[0m[38;2;85;92;85m[48;2;85;92;85m▀[0m[38;2;85;92;85m[48;2;85;92;85m▀[0m[38;2;85;92;85m[48;2;85;92;85m▀[0m[38;2;85;92;85m[48;2;85;92;85m▀[0m[38;2;85;92;85m[48;2;85;92;85m▀[0m[38;2;85;92;85m[48;2;85;92;85m▀[0m[38;2;85;92;85m[48;2;85;92;85m▀[0m[38;2;85;92;85m[48;2;85;92;85m▀[0m[38;2;53;61;53m[48;2;85;92;85m▀[0m[38;2;85;92;85m[48;2;20;19;19m▀[0m[38;2;85;92;85m[48;2;20;19;19m▀[0m[38;2;53;61;53m[48;2;85;92;85m▀[0m[38;2;53;61;53m[48;2;85;92;85m▀[0m[38;2;85;92;85m[48;2;85;92;85m▀[0m[38;2;85;92;85m[48;2;85;92;85m▀[0m[38;2;85;92;85m[48;2;85;92;85m▀[0m[38;2;85;92;85m[48;2;85;92;85m▀[0m[38;2;85;92;85m[48;2;85;92;85m▀[0m[38;2;85;92;85m[48;2;85;92;85m▀[0m[38;2;85;92;85m[48;2;85;92;85m▀[0m[38;2;85;92;85m[48;2;85;92;85m▀[0m[38;2;85;92;85m[48;2;85;92;85m▀[0m[38;2;85;92;85m[48;2;85;92;85m▀[0m[38;2;85;92;85m[48;2;85;92;85m▀[0m[38;2;85;92;85m[48;2;85;92;85m▀[0m[38;2;85;92;85m[48;2;85;92;85m▀[0m[38;2;85;92;85m[48;2;85;92;85m▀[0m[38;2;85;92;85m[48;2;85;92;85m▀[0m[38;2;85;92;85m[48;2;85;92;85m▀[0m[38;2;85;92;85m[48;2;85;92;85m▀[0m[38;2;85;92;85m[48;2;85;92;85m▀[0m[38;2;20;19;19m[48;2;85;92;85m▀[0m[38;2;20;19;19m[48;2;85;92;85m▀[0m[38;2;85;92;85m[48;2;85;92;85m▀[0m[38;2;85;92;85m[48;2;85;92;85m▀[0m[38;2;85;92;85m[48;2;85;92;85m▀[0m[38;2;85;92;85m[48;2;85;92;85m▀[0m[38;2;85;92;85m[48;2;85;92;85m▀[0m[38;2;85;92;85m[48;2;85;92;85m▀[0m[38;2;85;92;85m[48;2;85;92;85m▀[0m[38;2;85;92;85m[48;2;85;92;85m▀[0m[38;2;85;92;85m[48;2;85;92;85m▀[0m[38;2;85;92;85m[48;2;85;92;85m▀[0m[38;2;85;92;85m[48;2;85;92;85m▀[0m[38;2;85;92;85m[48;2;85;92;85m▀[0m[38;2;85;92;85m[48;2;85;92;85m▀[0m[38;2;85;92;85m[48;2;85;92;85m▀[0m[38;2;85;92;85m[48;2;85;92;85m▀[0m[38;2;85;92;85m[48;2;85;92;85m▀[0m[38;2;85;92;85m[48;2;85;92;85m▀[0m[38;2;85;92;85m[48;2;85;92;85m▀[0m[38;2;53;61;53m[48;2;53;61;53m▀[0m[38;2;53;61;53m[48;2;85;92;85m▀[0m[38;2;53;61;53m[48;2;53;61;53m▀[0m[38;2;53;61;53m[48;2;53;61;53m▀[0m[38;2;53;61;53m[48;2;53;61;53m▀[0m[38;2;53;61;53m[48;2;53;61;53m▀[0m[38;2;53;61;53m[48;2;53;61;53m▀[0m[38;2;53;61;53m[48;2;53;61;53m▀[0m[38;2;53;61;53m[48;2;53;61;53m▀[0m[38;2;53;61;53m[48;2;53;61;53m▀[0m[38;2;53;61;53m[48;2;53;61;53m▀[0m[38;2;53;61;53m[48;2;53;61;53m▀[0m[38;2;53;61;53m[48;2;53;61;53m▀[0m[38;2;53;61;53m[48;2;53;61;53m▀[0m[38;2;53;61;53m[48;2;53;61;53m▀[0m[38;2;53;61;53m[48;2;53;61;53m▀[0m[38;2;53;61;53m[48;2;53;61;53m▀[0m[38;2;53;61;53m[48;2;53;61;53m▀[0m[38;2;53;61;53m[48;2;53;61;53m▀[0m[38;2;53;61;53m[48;2;53;61;53m▀[0m[38;2;53;61;53m[48;2;53;61;53m▀[0m[38;2;20;19;19m[48;2;53;61;53m▀[0m[38;2;20;19;19m[48;2;53;61;53m▀[0m[38;2;53;61;53m[48;2;20;19;19m▀[0m[38;2;53;61;53m[48;2;20;19;19m▀[0m[38;2;53;61;53m[48;2;53;61;53m▀[0m[38;2;53;61;53m[48;2;53;61;53m▀[0m[38;2;53;61;53m[48;2;53;61;53m▀[0m[38;2;53;61;53m[48;2;20;19;19m▀[0m[38;2;20;19;19m▀[38;2;20;19;19m▀[38;2;20;19;19m▀ 
[38;2;53;61;53m[48;2;20;19;19m▀[0m[38;2;85;92;85m[48;2;20;19;19m▀[0m[38;2;85;92;85m[48;2;20;19;19m▀[0m[38;2;85;92;85m[48;2;53;61;53m▀[0m[38;2;53;61;53m[48;2;85;92;85m▀[0m[38;2;85;92;85m[48;2;85;92;85m▀[0m[38;2;85;92;85m[48;2;85;92;85m▀[0m[38;2;85;92;85m[48;2;85;92;85m▀[0m[38;2;85;92;85m[48;2;85;92;85m▀[0m[38;2;85;92;85m[48;2;85;92;85m▀[0m[38;2;85;92;85m[48;2;85;92;85m▀[0m[38;2;85;92;85m[48;2;53;61;53m▀[0m[38;2;85;92;85m[48;2;85;92;85m▀[0m[38;2;85;92;85m[48;2;85;92;85m▀[0m[38;2;85;92;85m[48;2;85;92;85m▀[0m[38;2;85;92;85m[48;2;85;92;85m▀[0m[38;2;85;92;85m[48;2;85;92;85m▀[0m[38;2;85;92;85m[48;2;85;92;85m▀[0m[38;2;85;92;85m[48;2;85;92;85m▀[0m[38;2;85;92;85m[48;2;85;92;85m▀[0m[38;2;85;92;85m[48;2;85;92;85m▀[0m[38;2;85;92;85m[48;2;85;92;85m▀[0m[38;2;85;92;85m[48;2;85;92;85m▀[0m[38;2;85;92;85m[48;2;85;92;85m▀[0m[38;2;85;92;85m[48;2;85;92;85m▀[0m[38;2;85;92;85m[48;2;85;92;85m▀[0m[38;2;85;92;85m[48;2;85;92;85m▀[0m[38;2;85;92;85m[48;2;85;92;85m▀[0m[38;2;85;92;85m[48;2;85;92;85m▀[0m[38;2;85;92;85m[48;2;85;92;85m▀[0m[38;2;85;92;85m[48;2;85;92;85m▀[0m[38;2;85;92;85m[48;2;85;92;85m▀[0m[38;2;85;92;85m[48;2;85;92;85m▀[0m[38;2;85;92;85m[48;2;85;92;85m▀[0m[38;2;85;92;85m[48;2;85;92;85m▀[0m[38;2;85;92;85m[48;2;85;92;85m▀[0m[38;2;85;92;85m[48;2;85;92;85m▀[0m[38;2;85;92;85m[48;2;85;92;85m▀[0m[38;2;85;92;85m[48;2;85;92;85m▀[0m[38;2;85;92;85m[48;2;85;92;85m▀[0m[38;2;85;92;85m[48;2;85;92;85m▀[0m[38;2;85;92;85m[48;2;85;92;85m▀[0m[38;2;85;92;85m[48;2;85;92;85m▀[0m[38;2;85;92;85m[48;2;85;92;85m▀[0m[38;2;85;92;85m[48;2;85;92;85m▀[0m[38;2;85;92;85m[48;2;85;92;85m▀[0m[38;2;85;92;85m[48;2;85;92;85m▀[0m[38;2;85;92;85m[48;2;85;92;85m▀[0m[38;2;85;92;85m[48;2;85;92;85m▀[0m[38;2;85;92;85m[48;2;85;92;85m▀[0m[38;2;85;92;85m[48;2;85;92;85m▀[0m[38;2;85;92;85m[48;2;85;92;85m▀[0m[38;2;85;92;85m[48;2;85;92;85m▀[0m[38;2;85;92;85m[48;2;85;92;85m▀[0m[38;2;85;92;85m[48;2;85;92;85m▀[0m[38;2;85;92;85m[48;2;85;92;85m▀[0m[38;2;85;92;85m[48;2;53;61;53m▀[0m[38;2;53;61;53m[48;2;85;92;85m▀[0m[38;2;85;92;85m[48;2;53;61;53m▀[0m[38;2;53;61;53m[48;2;53;61;53m▀[0m[38;2;53;61;53m[48;2;53;61;53m▀[0m[38;2;53;61;53m[48;2;53;61;53m▀[0m[38;2;53;61;53m[48;2;53;61;53m▀[0m[38;2;53;61;53m[48;2;53;61;53m▀[0m[38;2;53;61;53m[48;2;53;61;53m▀[0m[38;2;53;61;53m[48;2;53;61;53m▀[0m[38;2;53;61;53m[48;2;53;61;53m▀[0m[38;2;53;61;53m[48;2;53;61;53m▀[0m[38;2;53;61;53m[48;2;53;61;53m▀[0m[38;2;53;61;53m[48;2;53;61;53m▀[0m[38;2;53;61;53m[48;2;53;61;53m▀[0m[38;2;53;61;53m[48;2;53;61;53m▀[0m[38;2;53;61;53m[48;2;53;61;53m▀[0m[38;2;53;61;53m[48;2;53;61;53m▀[0m[38;2;53;61;53m[48;2;20;19;19m▀[0m[38;2;53;61;53m[48;2;20;19;19m▀[0m[38;2;53;61;53m[48;2;20;19;19m▀[0m[38;2;53;61;53m[48;2;20;19;19m▀[0m[38;2;53;61;53m[48;2;20;19;19m▀[0m[38;2;53;61;53m[48;2;20;19;19m▀[0m[38;2;53;61;53m[48;2;20;19;19m▀[0m[38;2;20;19;19m▀[38;2;20;19;19m▀[38;2;20;19;19m▀     
 [38;2;53;61;53m▄[38;2;53;61;53m[48;2;85;92;85m▀[0m[38;2;85;92;85m[48;2;85;92;85m▀[0m[38;2;85;92;85m[48;2;20;19;19m▀[0m[38;2;85;92;85m[48;2;20;19;19m▀[0m[38;2;53;61;53m[48;2;53;61;53m▀[0m[38;2;85;92;85m[48;2;85;92;85m▀[0m[38;2;85;92;85m[48;2;85;92;85m▀[0m[38;2;85;92;85m[48;2;85;92;85m▀[0m[38;2;85;92;85m[48;2;20;19;19m▀[0m[38;2;53;61;53m[48;2;20;19;19m▀[0m[38;2;85;92;85m[48;2;53;61;53m▀[0m[38;2;85;92;85m[48;2;85;92;85m▀[0m[38;2;85;92;85m[48;2;85;92;85m▀[0m[38;2;85;92;85m[48;2;85;92;85m▀[0m[38;2;85;92;85m[48;2;53;61;53m▀[0m[38;2;85;92;85m[48;2;85;92;85m▀[0m[38;2;85;92;85m[48;2;85;92;85m▀[0m[38;2;85;92;85m[48;2;85;92;85m▀[0m[38;2;85;92;85m[48;2;85;92;85m▀[0m[38;2;85;92;85m[48;2;85;92;85m▀[0m[38;2;85;92;85m[48;2;85;92;85m▀[0m[38;2;85;92;85m[48;2;85;92;85m▀[0m[38;2;85;92;85m[48;2;85;92;85m▀[0m[38;2;85;92;85m[48;2;85;92;85m▀[0m[38;2;85;92;85m[48;2;53;61;53m▀[0m[38;2;85;92;85m[48;2;85;92;85m▀[0m[38;2;85;92;85m[48;2;85;92;85m▀[0m[38;2;85;92;85m[48;2;85;92;85m▀[0m[38;2;85;92;85m[48;2;85;92;85m▀[0m[38;2;85;92;85m[48;2;85;92;85m▀[0m[38;2;85;92;85m[48;2;85;92;85m▀[0m[38;2;85;92;85m[48;2;85;92;85m▀[0m[38;2;85;92;85m[48;2;85;92;85m▀[0m[38;2;85;92;85m[48;2;85;92;85m▀[0m[38;2;85;92;85m[48;2;85;92;85m▀[0m[38;2;85;92;85m[48;2;85;92;85m▀[0m[38;2;85;92;85m[48;2;85;92;85m▀[0m[38;2;85;92;85m[48;2;53;61;53m▀[0m[38;2;85;92;85m[48;2;85;92;85m▀[0m[38;2;85;92;85m[48;2;85;92;85m▀[0m[38;2;85;92;85m[48;2;85;92;85m▀[0m[38;2;85;92;85m[48;2;85;92;85m▀[0m[38;2;85;92;85m[48;2;85;92;85m▀[0m[38;2;85;92;85m[48;2;85;92;85m▀[0m[38;2;85;92;85m[48;2;53;61;53m▀[0m[38;2;85;92;85m[48;2;53;61;53m▀[0m[38;2;85;92;85m[48;2;85;92;85m▀[0m[38;2;85;92;85m[48;2;85;92;85m▀[0m[38;2;53;61;53m[48;2;85;92;85m▀[0m[38;2;85;92;85m[48;2;20;19;19m▀[0m[38;2;85;92;85m[48;2;20;19;19m▀[0m[38;2;85;92;85m[48;2;20;19;19m▀[0m[38;2;85;92;85m[48;2;20;19;19m▀[0m[38;2;53;61;53m[48;2;20;19;19m▀[0m[38;2;85;92;85m[48;2;20;19;19m▀[0m[38;2;53;61;53m[48;2;20;19;19m▀[0m[38;2;53;61;53m[48;2;53;61;53m▀[0m[38;2;53;61;53m[48;2;53;61;53m▀[0m[38;2;53;61;53m[48;2;53;61;53m▀[0m[38;2;53;61;53m[48;2;20;19;19m▀[0m[38;2;53;61;53m[48;2;20;19;19m▀[0m[38;2;53;61;53m[48;2;53;61;53m▀[0m[38;2;20;19;19m[48;2;53;61;53m▀[0m[38;2;53;61;53m[48;2;20;19;19m▀[0m[38;2;53;61;53m[48;2;20;19;19m▀[0m[38;2;53;61;53m[48;2;20;19;19m▀[0m[38;2;20;19;19m▀[38;2;20;19;19m▀[38;2;20;19;19m▀[38;2;20;19;19m▀[38;2;20;19;19m▀[38;2;20;19;19m▀               
 [38;2;20;19;19m▀[38;2;20;19;19m▀[38;2;20;19;19m▀  [38;2;53;61;53m[48;2;20;19;19m▀[0m[38;2;85;92;85m[48;2;20;19;19m▀[0m[38;2;20;19;19m▀[38;2;20;19;19m▀  [38;2;20;19;19m▀[38;2;85;92;85m[48;2;20;19;19m▀[0m[38;2;85;92;85m[48;2;85;92;85m▀[0m[38;2;20;19;19m[48;2;20;19;19m▀[0m[38;2;53;61;53m[48;2;20;19;19m▀[0m[38;2;85;92;85m[48;2;20;19;19m▀[0m[38;2;85;92;85m[48;2;85;92;85m▀[0m[38;2;85;92;85m[48;2;85;92;85m▀[0m[38;2;85;92;85m[48;2;85;92;85m▀[0m[38;2;85;92;85m[48;2;85;92;85m▀[0m[38;2;85;92;85m[48;2;20;19;19m▀[0m[38;2;53;61;53m[48;2;20;19;19m▀[0m[38;2;85;92;85m[48;2;85;92;85m▀[0m[38;2;85;92;85m[48;2;85;92;85m▀[0m[38;2;53;61;53m[48;2;20;19;19m▀[0m[38;2;20;19;19m▀[38;2;20;19;19m▀[38;2;85;92;85m[48;2;20;19;19m▀[0m[38;2;85;92;85m[48;2;20;19;19m▀[0m[38;2;85;92;85m[48;2;20;19;19m▀[0m[38;2;85;92;85m[48;2;85;92;85m▀[0m[38;2;85;92;85m[48;2;85;92;85m▀[0m[38;2;85;92;85m[48;2;85;92;85m▀[0m[38;2;85;92;85m[48;2;85;92;85m▀[0m[38;2;85;92;85m[48;2;85;92;85m▀[0m[38;2;85;92;85m[48;2;20;19;19m▀[0m[38;2;53;61;53m[48;2;20;19;19m▀[0m[38;2;20;19;19m▀[38;2;20;19;19m▀[38;2;85;92;85m[48;2;20;19;19m▀[0m[38;2;85;92;85m[48;2;20;19;19m▀[0m[38;2;85;92;85m[48;2;20;19;19m▀[0m[38;2;85;92;85m[48;2;20;19;19m▀[0m[38;2;85;92;85m[48;2;20;19;19m▀[0m[38;2;85;92;85m[48;2;20;19;19m▀[0m[38;2;85;92;85m[48;2;20;19;19m▀[0m[38;2;20;19;19m▀[38;2;20;19;19m▀[38;2;20;19;19m▀       [38;2;20;19;19m▀[38;2;20;19;19m▀[38;2;53;61;53m[48;2;20;19;19m▀[0m[38;2;20;19;19m[48;2;20;19;19m▀[0m [38;2;20;19;19m▀[38;2;20;19;19m▀[38;2;20;19;19m▀                       
              [38;2;20;19;19m▀   [38;2;20;19;19m▀[38;2;20;19;19m▀[38;2;20;19;19m▀[38;2;20;19;19m▀  [38;2;20;19;19m▀[38;2;85;92;85m[48;2;20;19;19m▀[0m[38;2;20;19;19m▀     [38;2;20;19;19m▀[38;2;20;19;19m▀[38;2;20;19;19m▀[38;2;20;19;19m▀[38;2;20;19;19m▀                                                    
[0m