                                  [38;2;98;98;98m▄[38;2;16;16;16m[48;2;230;230;230m▀[0m[38;2;16;16;16m▄                      [38;2;132;96;36m▄[38;2;132;96;36m▄                         
                                 [38;2;98;98;98m▄[38;2;98;98;98m[48;2;230;230;230m▀[0m[38;2;230;230;230m[48;2;230;230;230m▀[0m[38;2;16;16;16m[48;2;230;230;230m▀[0m[38;2;16;16;16m▄ [38;2;98;98;98m▄[38;2;98;98;98m[48;2;230;230;230m▀[0m[38;2;16;16;16m▄                [38;2;132;96;36m[48;2;132;96;36m▀[0m[38;2;223;205;74m[48;2;223;205;74m▀[0m[38;2;223;205;74m[48;2;223;205;74m▀[0m[38;2;132;96;36m[48;2;223;205;74m▀[0m[38;2;132;96;36m[48;2;223;205;74m▀[0m[38;2;132;96;36m▄[38;2;132;96;36m▄[38;2;132;96;36m[48;2;223;205;74m▀[0m[38;2;132;96;36m[48;2;16;16;16m▀[0m           [38;2;223;205;74m▄       
                                [38;2;98;98;98m▄[38;2;98;98;98m[48;2;164;164;164m▀[0m[38;2;230;230;230m[48;2;230;230;230m▀[0m[38;2;230;230;230m[48;2;230;230;230m▀[0m[38;2;230;230;230m[48;2;230;230;230m▀[0m[38;2;16;16;16m[48;2;230;230;230m▀[0m[38;2;98;98;98m▄[38;2;98;98;98m[48;2;230;230;230m▀[0m[38;2;230;230;230m[48;2;230;230;230m▀[0m[38;2;16;16;16m[48;2;98;98;98m▀[0m [38;2;98;98;98m▄[38;2;98;98;98m[48;2;164;164;164m▀[0m[38;2;16;16;16m▄            [38;2;16;16;16m▀[38;2;223;205;74m[48;2;132;96;36m▀[0m[38;2;223;205;74m[48;2;223;205;74m▀[0m[38;2;223;205;74m[48;2;223;205;74m▀[0m[38;2;223;205;74m[48;2;191;156;49m▀[0m[38;2;223;205;74m[48;2;223;205;74m▀[0m[38;2;223;205;74m[48;2;223;205;74m▀[0m[38;2;223;205;74m[48;2;16;16;16m▀[0m[38;2;16;16;16m▀          [38;2;223;205;74m[48;2;223;205;74m▀[0m[38;2;245;241;158m[48;2;245;241;158m▀[0m[38;2;191;156;49m[48;2;191;156;49m▀[0m   [38;2;223;205;74m▄[38;2;223;205;74m[48;2;245;241;158m▀[0m[38;2;191;156;49m▄
                                [38;2;98;98;98m[48;2;98;98;98m▀[0m[38;2;230;230;230m[48;2;230;230;230m▀[0m[38;2;230;230;230m[48;2;230;230;230m▀[0m[38;2;230;230;230m[48;2;230;230;230m▀[0m[38;2;230;230;230m[48;2;230;230;230m▀[0m[38;2;230;230;230m[48;2;230;230;230m▀[0m[38;2;164;164;164m[48;2;230;230;230m▀[0m[38;2;230;230;230m[48;2;230;230;230m▀[0m[38;2;230;230;230m[48;2;132;96;36m▀[0m[38;2;164;164;164m[48;2;132;96;36m▀[0m[38;2;98;98;98m[48;2;132;96;36m▀[0m[38;2;164;164;164m[48;2;164;164;164m▀[0m[38;2;164;164;164m[48;2;164;164;164m▀[0m[38;2;16;16;16m[48;2;16;16;16m▀[0m  [38;2;132;96;36m▄[38;2;132;96;36m[48;2;223;205;74m▀[0m[38;2;132;96;36m[48;2;223;205;74m▀[0m[38;2;132;96;36m▄   [38;2;132;96;36m▄[38;2;132;96;36m▄  [38;2;16;16;16m▀[38;2;223;205;74m[48;2;16;16;16m▀[0m[38;2;223;205;74m[48;2;223;205;74m▀[0m[38;2;223;205;74m[48;2;223;205;74m▀[0m[38;2;16;16;16m[48;2;223;205;74m▀[0m[38;2;16;16;16m[48;2;16;16;16m▀[0m [38;2;132;96;36m▄[38;2;132;96;36m▄[38;2;132;96;36m▄     [38;2;191;156;49m▄[38;2;191;156;49m▄  [38;2;191;156;49m▀     [38;2;191;156;49m▀ 
                               [38;2;98;98;98m[48;2;98;98;98m▀[0m[38;2;230;230;230m[48;2;230;230;230m▀[0m[38;2;230;230;230m[48;2;230;230;230m▀[0m[38;2;230;230;230m[48;2;230;230;230m▀[0m[38;2;230;230;230m[48;2;230;230;230m▀[0m[38;2;230;230;230m[48;2;230;230;230m▀[0m[38;2;230;230;230m[48;2;230;230;230m▀[0m[38;2;230;230;230m[48;2;132;96;36m▀[0m[38;2;132;96;36m[48;2;223;205;74m▀[0m[38;2;223;205;74m[48;2;223;205;74m▀[0m[38;2;223;205;74m[48;2;223;205;74m▀[0m[38;2;223;205;74m[48;2;223;205;74m▀[0m[38;2;132;96;36m[48;2;223;205;74m▀[0m[38;2;132;96;36m[48;2;223;205;74m▀[0m[38;2;164;164;164m[48;2;132;96;36m▀[0m[38;2;16;16;16m[48;2;16;16;16m▀[0m [38;2;132;96;36m[48;2;132;96;36m▀[0m[38;2;223;205;74m[48;2;223;205;74m▀[0m[38;2;16;16;16m[48;2;16;16;16m▀[0m   [38;2;132;96;36m[48;2;132;96;36m▀[0m[38;2;223;205;74m[48;2;223;205;74m▀[0m[38;2;223;205;74m[48;2;223;205;74m▀[0m[38;2;191;156;49m[48;2;16;16;16m▀[0m[38;2;16;16;16m▀ [38;2;16;16;16m▀[38;2;223;205;74m[48;2;16;16;16m▀[0m[38;2;223;205;74m[48;2;223;205;74m▀[0m[38;2;223;205;74m[48;2;191;156;49m▀[0m[38;2;191;156;49m[48;2;132;96;36m▀[0m[38;2;132;96;36m[48;2;223;205;74m▀[0m[38;2;223;205;74m[48;2;223;205;74m▀[0m[38;2;223;205;74m[48;2;223;205;74m▀[0m[38;2;223;205;74m[48;2;223;205;74m▀[0m[38;2;132;96;36m[48;2;223;205;74m▀[0m[38;2;132;96;36m[48;2;223;205;74m▀[0m[38;2;132;96;36m▄ [38;2;191;156;49m[48;2;191;156;49m▀[0m[38;2;245;241;158m[48;2;245;241;158m▀[0m[38;2;245;241;158m[48;2;245;241;158m▀[0m[38;2;191;156;49m[48;2;191;156;49m▀[0m [38;2;223;205;74m[48;2;223;205;74m▀[0m[38;2;223;205;74m[48;2;245;241;158m▀[0m[38;2;191;156;49m▄  [38;2;223;205;74m▄  
                              [38;2;16;16;16m▄[38;2;98;98;98m[48;2;230;230;230m▀[0m[38;2;230;230;230m[48;2;230;230;230m▀[0m[38;2;230;230;230m[48;2;230;230;230m▀[0m[38;2;230;230;230m[48;2;230;230;230m▀[0m[38;2;230;230;230m[48;2;230;230;230m▀[0m[38;2;230;230;230m[48;2;230;230;230m▀[0m[38;2;230;230;230m[48;2;164;164;164m▀[0m[38;2;132;96;36m[48;2;132;96;36m▀[0m[38;2;223;205;74m[48;2;223;205;74m▀[0m[38;2;223;205;74m[48;2;223;205;74m▀[0m[38;2;223;205;74m[48;2;191;156;49m▀[0m[38;2;191;156;49m[48;2;223;205;74m▀[0m[38;2;191;156;49m[48;2;223;205;74m▀[0m[38;2;223;205;74m[48;2;132;96;36m▀[0m[38;2;223;205;74m[48;2;223;205;74m▀[0m[38;2;132;96;36m[48;2;223;205;74m▀[0m[38;2;132;96;36m[48;2;223;205;74m▀[0m[38;2;223;205;74m[48;2;223;205;74m▀[0m[38;2;223;205;74m[48;2;223;205;74m▀[0m[38;2;223;205;74m[48;2;223;205;74m▀[0m[38;2;16;16;16m[48;2;16;16;16m▀[0m   [38;2;132;96;36m[48;2;132;96;36m▀[0m[38;2;223;205;74m[48;2;223;205;74m▀[0m[38;2;16;16;16m[48;2;223;205;74m▀[0m[38;2;16;16;16m▄[38;2;16;16;16m▄[38;2;132;96;36m▄[38;2;16;16;16m[48;2;191;156;49m▀[0m[38;2;191;156;49m[48;2;191;156;49m▀[0m[38;2;191;156;49m[48;2;191;156;49m▀[0m[38;2;132;96;36m[48;2;132;96;36m▀[0m[38;2;223;205;74m[48;2;223;205;74m▀[0m[38;2;132;96;36m[48;2;132;96;36m▀[0m[38;2;132;96;36m[48;2;223;205;74m▀[0m[38;2;223;205;74m[48;2;132;96;36m▀[0m[38;2;223;205;74m[48;2;223;205;74m▀[0m[38;2;223;205;74m[48;2;245;241;158m▀[0m[38;2;245;241;158m[48;2;223;205;74m▀[0m[38;2;132;96;36m[48;2;245;241;158m▀[0m[38;2;191;156;49m[48;2;191;156;49m▀[0m[38;2;245;241;158m[48;2;245;241;158m▀[0m[38;2;245;241;158m[48;2;132;96;36m▀[0m[38;2;245;241;158m[48;2;245;241;158m▀[0m[38;2;223;205;74m[48;2;223;205;74m▀[0m[38;2;245;241;158m[48;2;245;241;158m▀[0m[38;2;245;241;158m[48;2;191;156;49m▀[0m[38;2;16;16;16m▀ [38;2;223;205;74m[48;2;223;205;74m▀[0m[38;2;245;241;158m[48;2;245;241;158m▀[0m[38;2;191;156;49m[48;2;191;156;49m▀[0m 
                              [38;2;16;16;16m[48;2;16;16;16m▀[0m[38;2;230;230;230m[48;2;230;230;230m▀[0m[38;2;230;230;230m[48;2;230;230;230m▀[0m[38;2;230;230;230m[48;2;230;230;230m▀[0m[38;2;230;230;230m[48;2;230;230;230m▀[0m[38;2;230;230;230m[48;2;230;230;230m▀[0m[38;2;230;230;230m[48;2;164;164;164m▀[0m[38;2;164;164;164m[48;2;164;164;164m▀[0m[38;2;164;164;164m[48;2;164;164;164m▀[0m[38;2;132;96;36m[48;2;164;164;164m▀[0m[38;2;223;205;74m[48;2;132;96;36m▀[0m[38;2;223;205;74m[48;2;223;205;74m▀[0m[38;2;223;205;74m[48;2;223;205;74m▀[0m[38;2;223;205;74m[48;2;191;156;49m▀[0m[38;2;132;96;36m[48;2;223;205;74m▀[0m[38;2;223;205;74m[48;2;223;205;74m▀[0m[38;2;223;205;74m[48;2;223;205;74m▀[0m[38;2;223;205;74m[48;2;223;205;74m▀[0m[38;2;223;205;74m[48;2;132;96;36m▀[0m[38;2;223;205;74m[48;2;132;96;36m▀[0m[38;2;132;96;36m[48;2;223;205;74m▀[0m[38;2;132;96;36m[48;2;223;205;74m▀[0m[38;2;132;96;36m[48;2;223;205;74m▀[0m[38;2;132;96;36m[48;2;223;205;74m▀[0m[38;2;132;96;36m[48;2;223;205;74m▀[0m[38;2;191;156;49m[48;2;223;205;74m▀[0m[38;2;223;205;74m[48;2;223;205;74m▀[0m[38;2;223;205;74m[48;2;223;205;74m▀[0m[38;2;223;205;74m[48;2;223;205;74m▀[0m[38;2;191;156;49m[48;2;223;205;74m▀[0m[38;2;191;156;49m[48;2;223;205;74m▀[0m[38;2;223;205;74m[48;2;191;156;49m▀[0m[38;2;191;156;49m[48;2;223;205;74m▀[0m[38;2;191;156;49m[48;2;191;156;49m▀[0m[38;2;132;96;36m[48;2;191;156;49m▀[0m[38;2;223;205;74m[48;2;132;96;36m▀[0m[38;2;223;205;74m[48;2;223;205;74m▀[0m[38;2;223;205;74m[48;2;191;156;49m▀[0m[38;2;132;96;36m[48;2;132;96;36m▀[0m[38;2;191;156;49m[48;2;191;156;49m▀[0m[38;2;223;205;74m[48;2;245;241;158m▀[0m[38;2;245;241;158m[48;2;223;205;74m▀[0m[38;2;223;205;74m[48;2;245;241;158m▀[0m[38;2;245;241;158m[48;2;245;241;158m▀[0m[38;2;245;241;158m[48;2;132;96;36m▀[0m[38;2;16;16;16m▀[38;2;245;241;158m[48;2;16;16;16m▀[0m[38;2;245;241;158m[48;2;245;241;158m▀[0m[38;2;245;241;158m[48;2;16;16;16m▀[0m[38;2;16;16;16m▀   [38;2;191;156;49m▀  
                       [38;2;32;49;57m▄[38;2;32;49;57m▄[38;2;32;49;57m▄[38;2;32;49;57m▄[38;2;32;49;57m[48;2;65;82;82m▀[0m[38;2;32;49;57m[48;2;65;82;82m▀[0m[38;2;32;49;57m[48;2;65;82;82m▀[0m[38;2;32;49;57m[48;2;65;82;82m▀[0m[38;2;32;49;57m[48;2;65;82;82m▀[0m[38;2;98;98;98m[48;2;65;82;82m▀[0m[38;2;98;98;98m[48;2;65;82;82m▀[0m[38;2;230;230;230m[48;2;65;82;82m▀[0m[38;2;230;230;230m[48;2;65;82;82m▀[0m[38;2;164;164;164m[48;2;191;156;49m▀[0m[38;2;164;164;164m[48;2;191;156;49m▀[0m[38;2;164;164;164m[48;2;223;205;74m▀[0m[38;2;164;164;164m[48;2;223;205;74m▀[0m[38;2;164;164;164m[48;2;223;205;74m▀[0m[38;2;132;96;36m[48;2;223;205;74m▀[0m[38;2;132;96;36m[48;2;223;205;74m▀[0m[38;2;223;205;74m[48;2;223;205;74m▀[0m[38;2;223;205;74m[48;2;191;156;49m▀[0m[38;2;223;205;74m[48;2;191;156;49m▀[0m[38;2;223;205;74m[48;2;191;156;49m▀[0m[38;2;132;96;36m[48;2;132;96;36m▀[0m[38;2;223;205;74m[48;2;223;205;74m▀[0m[38;2;223;205;74m[48;2;223;205;74m▀[0m[38;2;223;205;74m[48;2;223;205;74m▀[0m[38;2;223;205;74m[48;2;223;205;74m▀[0m[38;2;223;205;74m[48;2;223;205;74m▀[0m[38;2;223;205;74m[48;2;223;205;74m▀[0m[38;2;223;205;74m[48;2;223;205;74m▀[0m[38;2;223;205;74m[48;2;223;205;74m▀[0m[38;2;223;205;74m[48;2;223;205;74m▀[0m[38;2;223;205;74m[48;2;223;205;74m▀[0m[38;2;223;205;74m[48;2;223;205;74m▀[0m[38;2;223;205;74m[48;2;223;205;74m▀[0m[38;2;223;205;74m[48;2;223;205;74m▀[0m[38;2;223;205;74m[48;2;191;156;49m▀[0m[38;2;191;156;49m[48;2;191;156;49m▀[0m[38;2;191;156;49m[48;2;191;156;49m▀[0m[38;2;191;156;49m[48;2;191;156;49m▀[0m[38;2;191;156;49m[48;2;191;156;49m▀[0m[38;2;132;96;36m[48;2;191;156;49m▀[0m[38;2;132;96;36m[48;2;191;156;49m▀[0m[38;2;191;156;49m[48;2;191;156;49m▀[0m[38;2;191;156;49m[48;2;191;156;49m▀[0m[38;2;191;156;49m[48;2;132;96;36m▀[0m[38;2;223;205;74m[48;2;16;16;16m▀[0m[38;2;245;241;158m[48;2;16;16;16m▀[0m[38;2;245;241;158m[48;2;16;16;16m▀[0m[38;2;16;16;16m▀ [38;2;16;16;16m▀[38;2;245;241;158m[48;2;16;16;16m▀[0m[38;2;16;16;16m▀       
                  [38;2;32;49;57m▄[38;2;32;49;57m▄[38;2;32;49;57m[48;2;65;82;82m▀[0m[38;2;32;49;57m[48;2;65;82;82m▀[0m[38;2;32;49;57m[48;2;65;82;82m▀[0m[38;2;65;82;82m[48;2;65;82;82m▀[0m[38;2;65;82;82m[48;2;65;82;82m▀[0m[38;2;65;82;82m[48;2;65;82;82m▀[0m[38;2;65;82;82m[48;2;65;82;82m▀[0m[38;2;65;82;82m[48;2;65;82;82m▀[0m[38;2;65;82;82m[48;2;65;82;82m▀[0m[38;2;65;82;82m[48;2;65;82;82m▀[0m[38;2;65;82;82m[48;2;191;156;49m▀[0m[38;2;65;82;82m[48;2;191;156;49m▀[0m[38;2;65;82;82m[48;2;223;205;74m▀[0m[38;2;191;156;49m[48;2;223;205;74m▀[0m[38;2;191;156;49m[48;2;223;205;74m▀[0m[38;2;223;205;74m[48;2;223;205;74m▀[0m[38;2;223;205;74m[48;2;223;205;74m▀[0m[38;2;223;205;74m[48;2;191;156;49m▀[0m[38;2;223;205;74m[48;2;191;156;49m▀[0m[38;2;223;205;74m[48;2;71;135;50m▀[0m[38;2;191;156;49m[48;2;71;135;50m▀[0m[38;2;191;156;49m[48;2;71;135;50m▀[0m[38;2;191;156;49m[48;2;71;135;50m▀[0m[38;2;71;135;50m[48;2;71;135;50m▀[0m[38;2;71;135;50m[48;2;71;135;50m▀[0m[38;2;71;135;50m[48;2;71;135;50m▀[0m[38;2;132;96;36m[48;2;16;16;16m▀[0m[38;2;223;205;74m[48;2;223;205;74m▀[0m[38;2;223;205;74m[48;2;223;205;74m▀[0m[38;2;223;205;74m[48;2;191;156;49m▀[0m[38;2;191;156;49m[48;2;223;205;74m▀[0m[38;2;191;156;49m[48;2;223;205;74m▀[0m[38;2;223;205;74m[48;2;191;156;49m▀[0m[38;2;223;205;74m[48;2;223;205;74m▀[0m[38;2;223;205;74m[48;2;223;205;74m▀[0m[38;2;223;205;74m[48;2;223;205;74m▀[0m[38;2;223;205;74m[48;2;223;205;74m▀[0m[38;2;223;205;74m[48;2;223;205;74m▀[0m[38;2;223;205;74m[48;2;223;205;74m▀[0m[38;2;223;205;74m[48;2;223;205;74m▀[0m[38;2;191;156;49m[48;2;191;156;49m▀[0m[38;2;191;156;49m[48;2;191;156;49m▀[0m[38;2;191;156;49m[48;2;191;156;49m▀[0m[38;2;191;156;49m[48;2;191;156;49m▀[0m[38;2;191;156;49m[48;2;191;156;49m▀[0m[38;2;191;156;49m[48;2;191;156;49m▀[0m[38;2;191;156;49m[48;2;191;156;49m▀[0m[38;2;191;156;49m[48;2;132;96;36m▀[0m[38;2;132;96;36m▀[38;2;16;16;16m▀                
           [38;2;132;96;36m▄[38;2;132;96;36m[48;2;191;156;49m▀[0m[38;2;132;96;36m[48;2;132;96;36m▀[0m[38;2;32;49;57m▄[38;2;32;49;57m▄[38;2;32;49;57m[48;2;65;82;82m▀[0m[38;2;32;49;57m[48;2;65;82;82m▀[0m[38;2;65;82;82m[48;2;65;82;82m▀[0m[38;2;65;82;82m[48;2;65;82;82m▀[0m[38;2;65;82;82m[48;2;65;82;82m▀[0m[38;2;65;82;82m[48;2;65;82;82m▀[0m[38;2;65;82;82m[48;2;65;82;82m▀[0m[38;2;65;82;82m[48;2;65;82;82m▀[0m[38;2;65;82;82m[48;2;191;156;49m▀[0m[38;2;65;82;82m[48;2;191;156;49m▀[0m[38;2;65;82;82m[48;2;223;205;74m▀[0m[38;2;191;156;49m[48;2;223;205;74m▀[0m[38;2;191;156;49m[48;2;223;205;74m▀[0m[38;2;223;205;74m[48;2;223;205;74m▀[0m[38;2;223;205;74m[48;2;191;156;49m▀[0m[38;2;223;205;74m[48;2;191;156;49m▀[0m[38;2;223;205;74m[48;2;71;135;50m▀[0m[38;2;223;205;74m[48;2;71;135;50m▀[0m[38;2;191;156;49m[48;2;71;135;50m▀[0m[38;2;191;156;49m[48;2;71;135;50m▀[0m[38;2;71;135;50m[48;2;71;135;50m▀[0m[38;2;71;135;50m[48;2;71;135;50m▀[0m[38;2;71;135;50m[48;2;71;135;50m▀[0m[38;2;71;135;50m[48;2;71;135;50m▀[0m[38;2;71;135;50m[48;2;223;205;74m▀[0m[38;2;223;205;74m[48;2;223;205;74m▀[0m[38;2;71;135;50m[48;2;223;205;74m▀[0m[38;2;71;135;50m[48;2;71;135;50m▀[0m[38;2;71;135;50m[48;2;223;205;74m▀[0m[38;2;71;135;50m[48;2;223;205;74m▀[0m[38;2;16;16;16m[48;2;71;135;50m▀[0m[38;2;223;205;74m[48;2;132;96;36m▀[0m[38;2;223;205;74m[48;2;223;205;74m▀[0m[38;2;191;156;49m[48;2;223;205;74m▀[0m[38;2;223;205;74m[48;2;191;156;49m▀[0m[38;2;223;205;74m[48;2;223;205;74m▀[0m[38;2;223;205;74m[48;2;223;205;74m▀[0m[38;2;132;96;36m[48;2;132;96;36m▀[0m[38;2;223;205;74m[48;2;223;205;74m▀[0m[38;2;223;205;74m[48;2;223;205;74m▀[0m[38;2;223;205;74m[48;2;223;205;74m▀[0m[38;2;223;205;74m[48;2;223;205;74m▀[0m[38;2;223;205;74m[48;2;191;156;49m▀[0m[38;2;191;156;49m[48;2;191;156;49m▀[0m[38;2;191;156;49m[48;2;191;156;49m▀[0m[38;2;191;156;49m[48;2;191;156;49m▀[0m[38;2;191;156;49m[48;2;191;156;49m▀[0m[38;2;132;96;36m[48;2;16;16;16m▀[0m[38;2;191;156;49m[48;2;191;156;49m▀[0m[38;2;191;156;49m[48;2;191;156;49m▀[0m[38;2;191;156;49m[48;2;191;156;49m▀[0m[38;2;132;96;36m[48;2;191;156;49m▀[0m[38;2;132;96;36m▄[38;2;132;96;36m[48;2;191;156;49m▀[0m[38;2;132;96;36m[48;2;191;156;49m▀[0m[38;2;16;16;16m▄              
    [38;2;132;96;36m▄[38;2;132;96;36m[48;2;191;156;49m▀[0m[38;2;132;96;36m▄  [38;2;132;96;36m▄[38;2;132;96;36m[48;2;191;156;49m▀[0m[38;2;191;156;49m[48;2;32;49;57m▀[0m[38;2;32;49;57m[48;2;65;82;82m▀[0m[38;2;32;49;57m[48;2;65;82;82m▀[0m[38;2;65;82;82m[48;2;65;82;82m▀[0m[38;2;65;82;82m[48;2;65;82;82m▀[0m[38;2;65;82;82m[48;2;65;82;82m▀[0m[38;2;65;82;82m[48;2;65;82;82m▀[0m[38;2;65;82;82m[48;2;65;82;82m▀[0m[38;2;65;82;82m[48;2;65;82;82m▀[0m[38;2;65;82;82m[48;2;191;156;49m▀[0m[38;2;65;82;82m[48;2;223;205;74m▀[0m[38;2;191;156;49m[48;2;132;96;36m▀[0m[38;2;223;205;74m[48;2;132;96;36m▀[0m[38;2;223;205;74m[48;2;223;205;74m▀[0m[38;2;223;205;74m[48;2;223;205;74m▀[0m[38;2;223;205;74m[48;2;191;156;49m▀[0m[38;2;223;205;74m[48;2;191;156;49m▀[0m[38;2;191;156;49m[48;2;71;135;50m▀[0m[38;2;191;156;49m[48;2;71;135;50m▀[0m[38;2;71;135;50m[48;2;71;135;50m▀[0m[38;2;71;135;50m[48;2;71;135;50m▀[0m[38;2;71;135;50m[48;2;71;135;50m▀[0m[38;2;71;135;50m[48;2;71;135;50m▀[0m[38;2;71;135;50m[48;2;71;135;50m▀[0m[38;2;71;135;50m[48;2;71;135;50m▀[0m[38;2;71;135;50m[48;2;71;135;50m▀[0m[38;2;71;135;50m[48;2;71;135;50m▀[0m[38;2;71;135;50m[48;2;71;135;50m▀[0m[38;2;71;135;50m[48;2;71;135;50m▀[0m[38;2;71;135;50m[48;2;71;135;50m▀[0m[38;2;223;205;74m[48;2;71;135;50m▀[0m[38;2;71;135;50m[48;2;71;135;50m▀[0m[38;2;71;135;50m[48;2;71;135;50m▀[0m[38;2;223;205;74m[48;2;71;135;50m▀[0m[38;2;223;205;74m[48;2;71;135;50m▀[0m[38;2;71;135;50m[48;2;71;135;50m▀[0m[38;2;16;16;16m[48;2;71;135;50m▀[0m[38;2;223;205;74m[48;2;16;16;16m▀[0m[38;2;223;205;74m[48;2;223;205;74m▀[0m[38;2;223;205;74m[48;2;223;205;74m▀[0m[38;2;223;205;74m[48;2;223;205;74m▀[0m[38;2;223;205;74m[48;2;132;96;36m▀[0m[38;2;132;96;36m[48;2;191;156;49m▀[0m[38;2;223;205;74m[48;2;191;156;49m▀[0m[38;2;223;205;74m[48;2;191;156;49m▀[0m[38;2;191;156;49m[48;2;191;156;49m▀[0m[38;2;191;156;49m[48;2;191;156;49m▀[0m[38;2;191;156;49m[48;2;191;156;49m▀[0m[38;2;191;156;49m[48;2;191;156;49m▀[0m[38;2;191;156;49m[48;2;191;156;49m▀[0m[38;2;191;156;49m[48;2;191;156;49m▀[0m[38;2;191;156;49m[48;2;132;96;36m▀[0m[38;2;16;16;16m[48;2;191;156;49m▀[0m[38;2;191;156;49m[48;2;191;156;49m▀[0m[38;2;191;156;49m[48;2;191;156;49m▀[0m[38;2;191;156;49m[48;2;191;156;49m▀[0m[38;2;191;156;49m[48;2;191;156;49m▀[0m[38;2;191;156;49m[48;2;191;156;49m▀[0m[38;2;191;156;49m[48;2;16;16;16m▀[0m[38;2;16;16;16m▀[38;2;16;16;16m▀              
   [38;2;132;96;36m▄[38;2;132;96;36m[48;2;191;156;49m▀[0m[38;2;191;156;49m[48;2;191;156;49m▀[0m[38;2;132;96;36m[48;2;132;96;36m▀[0m[38;2;132;96;36m▄[38;2;32;49;57m▄[38;2;132;96;36m[48;2;65;82;82m▀[0m[38;2;65;82;82m[48;2;65;82;82m▀[0m[38;2;65;82;82m[48;2;132;96;36m▀[0m[38;2;132;96;36m[48;2;223;205;74m▀[0m[38;2;132;96;36m[48;2;16;16;16m▀[0m[38;2;65;82;82m[48;2;65;82;82m▀[0m[38;2;65;82;82m[48;2;65;82;82m▀[0m[38;2;65;82;82m[48;2;191;156;49m▀[0m[38;2;65;82;82m[48;2;223;205;74m▀[0m[38;2;191;156;49m[48;2;132;96;36m▀[0m[38;2;223;205;74m[48;2;132;96;36m▀[0m[38;2;132;96;36m[48;2;223;205;74m▀[0m[38;2;132;96;36m[48;2;223;205;74m▀[0m[38;2;223;205;74m[48;2;16;16;16m▀[0m[38;2;16;16;16m[48;2;223;205;74m▀[0m[38;2;223;205;74m[48;2;223;205;74m▀[0m[38;2;223;205;74m[48;2;223;205;74m▀[0m[38;2;191;156;49m[48;2;223;205;74m▀[0m[38;2;71;135;50m[48;2;191;156;49m▀[0m[38;2;71;135;50m[48;2;71;135;50m▀[0m[38;2;71;135;50m[48;2;71;135;50m▀[0m[38;2;71;135;50m[48;2;71;135;50m▀[0m[38;2;71;135;50m[48;2;71;135;50m▀[0m[38;2;71;135;50m[48;2;71;135;50m▀[0m[38;2;71;135;50m[48;2;71;135;50m▀[0m[38;2;71;135;50m[48;2;71;135;50m▀[0m[38;2;71;135;50m[48;2;71;135;50m▀[0m[38;2;71;135;50m[48;2;71;135;50m▀[0m[38;2;71;135;50m[48;2;223;205;74m▀[0m[38;2;71;135;50m[48;2;71;135;50m▀[0m[38;2;71;135;50m[48;2;71;135;50m▀[0m[38;2;71;135;50m[48;2;71;135;50m▀[0m[38;2;71;135;50m[48;2;71;135;50m▀[0m[38;2;71;135;50m[48;2;71;135;50m▀[0m[38;2;71;135;50m[48;2;71;135;50m▀[0m[38;2;71;135;50m[48;2;71;135;50m▀[0m[38;2;71;135;50m[48;2;71;135;50m▀[0m[38;2;71;135;50m[48;2;132;96;36m▀[0m[38;2;71;135;50m[48;2;16;16;16m▀[0m[38;2;71;135;50m[48;2;16;16;16m▀[0m[38;2;16;16;16m[48;2;223;205;74m▀[0m[38;2;16;16;16m[48;2;191;156;49m▀[0m[38;2;132;96;36m[48;2;191;156;49m▀[0m[38;2;191;156;49m[48;2;191;156;49m▀[0m[38;2;191;156;49m[48;2;191;156;49m▀[0m[38;2;191;156;49m[48;2;132;96;36m▀[0m[38;2;191;156;49m[48;2;132;96;36m▀[0m[38;2;191;156;49m[48;2;191;156;49m▀[0m[38;2;191;156;49m[48;2;191;156;49m▀[0m[38;2;191;156;49m[48;2;191;156;49m▀[0m[38;2;191;156;49m[48;2;191;156;49m▀[0m[38;2;191;156;49m[48;2;191;156;49m▀[0m[38;2;191;156;49m[48;2;16;16;16m▀[0m[38;2;16;16;16m▀[38;2;16;16;16m▀[38;2;191;156;49m[48;2;16;16;16m▀[0m[38;2;191;156;49m[48;2;16;16;16m▀[0m[38;2;191;156;49m[48;2;191;156;49m▀[0m[38;2;191;156;49m[48;2;191;156;49m▀[0m[38;2;191;156;49m[48;2;191;156;49m▀[0m[38;2;16;16;16m[48;2;16;16;16m▀[0m                
   [38;2;132;96;36m[48;2;191;156;49m▀[0m[38;2;191;156;49m[48;2;191;156;49m▀[0m[38;2;191;156;49m[48;2;191;156;49m▀[0m[38;2;191;156;49m[48;2;32;49;57m▀[0m[38;2;32;49;57m[48;2;65;82;82m▀[0m[38;2;65;82;82m[48;2;65;82;82m▀[0m[38;2;65;82;82m[48;2;132;96;36m▀[0m[38;2;132;96;36m[48;2;223;205;74m▀[0m[38;2;223;205;74m[48;2;223;205;74m▀[0m[38;2;223;205;74m[48;2;223;205;74m▀[0m[38;2;16;16;16m[48;2;16;16;16m▀[0m[38;2;65;82;82m[48;2;132;96;36m▀[0m[38;2;191;156;49m[48;2;16;16;16m▀[0m[38;2;223;205;74m[48;2;223;205;74m▀[0m[38;2;132;96;36m[48;2;132;96;36m▀[0m[38;2;223;205;74m[48;2;223;205;74m▀[0m[38;2;223;205;74m[48;2;223;205;74m▀[0m[38;2;223;205;74m[48;2;16;16;16m▀[0m[38;2;16;16;16m[48;2;71;135;50m▀[0m[38;2;61;101;39m[48;2;40;56;24m▀[0m[38;2;191;156;49m[48;2;71;135;50m▀[0m[38;2;223;205;74m[48;2;191;156;49m▀[0m[38;2;223;205;74m[48;2;223;205;74m▀[0m[38;2;223;205;74m[48;2;223;205;74m▀[0m[38;2;223;205;74m[48;2;223;205;74m▀[0m[38;2;191;156;49m[48;2;191;156;49m▀[0m[38;2;71;135;50m[48;2;71;135;50m▀[0m[38;2;71;135;50m[48;2;71;135;50m▀[0m[38;2;71;135;50m[48;2;71;135;50m▀[0m[38;2;71;135;50m[48;2;223;205;74m▀[0m[38;2;71;135;50m[48;2;223;205;74m▀[0m[38;2;71;135;50m[48;2;71;135;50m▀[0m[38;2;71;135;50m[48;2;71;135;50m▀[0m[38;2;71;135;50m[48;2;71;135;50m▀[0m[38;2;71;135;50m[48;2;71;135;50m▀[0m[38;2;71;135;50m[48;2;71;135;50m▀[0m[38;2;71;135;50m[48;2;71;135;50m▀[0m[38;2;71;135;50m[48;2;71;135;50m▀[0m[38;2;71;135;50m[48;2;71;135;50m▀[0m[38;2;71;135;50m[48;2;71;135;50m▀[0m[38;2;71;135;50m[48;2;71;135;50m▀[0m[38;2;71;135;50m[48;2;132;96;36m▀[0m[38;2;132;96;36m[48;2;223;205;74m▀[0m[38;2;223;205;74m[48;2;223;205;74m▀[0m[38;2;223;205;74m[48;2;223;205;74m▀[0m[38;2;223;205;74m[48;2;223;205;74m▀[0m[38;2;223;205;74m[48;2;191;156;49m▀[0m[38;2;191;156;49m[48;2;223;205;74m▀[0m[38;2;223;205;74m[48;2;191;156;49m▀[0m[38;2;191;156;49m[48;2;191;156;49m▀[0m[38;2;132;96;36m[48;2;132;96;36m▀[0m[38;2;191;156;49m[48;2;191;156;49m▀[0m[38;2;191;156;49m[48;2;191;156;49m▀[0m[38;2;132;96;36m[48;2;132;96;36m▀[0m[38;2;191;156;49m[48;2;191;156;49m▀[0m[38;2;191;156;49m[48;2;191;156;49m▀[0m[38;2;191;156;49m[48;2;16;16;16m▀[0m[38;2;16;16;16m▀     [38;2;16;16;16m▀[38;2;191;156;49m[48;2;16;16;16m▀[0m[38;2;191;156;49m[48;2;16;16;16m▀[0m[38;2;16;16;16m▀                
  [38;2;132;96;36m[48;2;132;96;36m▀[0m[38;2;191;156;49m[48;2;32;49;57m▀[0m[38;2;32;49;57m[48;2;65;82;82m▀[0m[38;2;32;49;57m[48;2;65;82;82m▀[0m[38;2;65;82;82m[48;2;65;82;82m▀[0m[38;2;65;82;82m[48;2;65;82;82m▀[0m[38;2;65;82;82m[48;2;132;96;36m▀[0m[38;2;132;96;36m[48;2;223;205;74m▀[0m[38;2;223;205;74m[48;2;223;205;74m▀[0m[38;2;223;205;74m[48;2;223;205;74m▀[0m[38;2;132;96;36m[48;2;223;205;74m▀[0m[38;2;132;96;36m[48;2;223;205;74m▀[0m[38;2;223;205;74m[48;2;16;16;16m▀[0m[38;2;16;16;16m[48;2;61;101;39m▀[0m[38;2;191;156;49m[48;2;71;135;50m▀[0m[38;2;71;135;50m[48;2;71;135;50m▀[0m[38;2;132;96;36m[48;2;132;96;36m▀[0m[38;2;223;205;74m[48;2;223;205;74m▀[0m[38;2;223;205;74m[48;2;223;205;74m▀[0m[38;2;16;16;16m[48;2;16;16;16m▀[0m[38;2;71;135;50m[48;2;71;135;50m▀[0m[38;2;61;101;39m[48;2;40;56;24m▀[0m[38;2;71;135;50m[48;2;71;135;50m▀[0m[38;2;191;156;49m[48;2;71;135;50m▀[0m[38;2;223;205;74m[48;2;223;205;74m▀[0m[38;2;223;205;74m[48;2;223;205;74m▀[0m[38;2;223;205;74m[48;2;223;205;74m▀[0m[38;2;191;156;49m[48;2;191;156;49m▀[0m[38;2;71;135;50m[48;2;71;135;50m▀[0m[38;2;71;135;50m[48;2;71;135;50m▀[0m[38;2;223;205;74m[48;2;71;135;50m▀[0m[38;2;223;205;74m[48;2;71;135;50m▀[0m[38;2;71;135;50m[48;2;71;135;50m▀[0m[38;2;71;135;50m[48;2;71;135;50m▀[0m[38;2;71;135;50m[48;2;223;205;74m▀[0m[38;2;71;135;50m[48;2;223;205;74m▀[0m[38;2;71;135;50m[48;2;71;135;50m▀[0m[38;2;71;135;50m[48;2;71;135;50m▀[0m[38;2;71;135;50m[48;2;71;135;50m▀[0m[38;2;223;205;74m[48;2;71;135;50m▀[0m[38;2;71;135;50m[48;2;71;135;50m▀[0m[38;2;71;135;50m[48;2;132;96;36m▀[0m[38;2;132;96;36m[48;2;223;205;74m▀[0m[38;2;223;205;74m[48;2;223;205;74m▀[0m[38;2;223;205;74m[48;2;191;156;49m▀[0m[38;2;132;96;36m[48;2;223;205;74m▀[0m[38;2;132;96;36m[48;2;191;156;49m▀[0m[38;2;191;156;49m[48;2;132;96;36m▀[0m[38;2;191;156;49m[48;2;191;156;49m▀[0m[38;2;191;156;49m[48;2;191;156;49m▀[0m[38;2;132;96;36m[48;2;16;16;16m▀[0m[38;2;191;156;49m[48;2;16;16;16m▀[0m[38;2;191;156;49m[48;2;191;156;49m▀[0m[38;2;132;96;36m[48;2;191;156;49m▀[0m[38;2;191;156;49m[48;2;16;16;16m▀[0m[38;2;191;156;49m[48;2;16;16;16m▀[0m[38;2;16;16;16m[48;2;164;164;164m▀[0m[38;2;16;16;16m▄                          
  [38;2;132;96;36m[48;2;32;49;57m▀[0m[38;2;32;49;57m[48;2;65;82;82m▀[0m[38;2;65;82;82m[48;2;65;82;82m▀[0m[38;2;65;82;82m[48;2;65;82;82m▀[0m[38;2;65;82;82m[48;2;65;82;82m▀[0m[38;2;65;82;82m[48;2;132;96;36m▀[0m[38;2;132;96;36m[48;2;223;205;74m▀[0m[38;2;223;205;74m[48;2;223;205;74m▀[0m[38;2;223;205;74m[48;2;61;101;39m▀[0m[38;2;223;205;74m[48;2;61;101;39m▀[0m[38;2;223;205;74m[48;2;223;205;74m▀[0m[38;2;223;205;74m[48;2;16;16;16m▀[0m[38;2;16;16;16m[48;2;191;156;49m▀[0m[38;2;71;135;50m[48;2;191;156;49m▀[0m[38;2;71;135;50m[48;2;132;96;36m▀[0m[38;2;132;96;36m[48;2;223;205;74m▀[0m[38;2;223;205;74m[48;2;223;205;74m▀[0m[38;2;223;205;74m[48;2;191;156;49m▀[0m[38;2;132;96;36m[48;2;16;16;16m▀[0m[38;2;71;135;50m[48;2;71;135;50m▀[0m[38;2;71;135;50m[48;2;71;135;50m▀[0m[38;2;71;135;50m[48;2;71;135;50m▀[0m[38;2;61;101;39m[48;2;40;56;24m▀[0m[38;2;71;135;50m[48;2;71;135;50m▀[0m[38;2;191;156;49m[48;2;71;135;50m▀[0m[38;2;223;205;74m[48;2;223;205;74m▀[0m[38;2;223;205;74m[48;2;223;205;74m▀[0m[38;2;223;205;74m[48;2;223;205;74m▀[0m[38;2;191;156;49m[48;2;191;156;49m▀[0m[38;2;71;135;50m[48;2;71;135;50m▀[0m[38;2;71;135;50m[48;2;71;135;50m▀[0m[38;2;71;135;50m[48;2;71;135;50m▀[0m[38;2;71;135;50m[48;2;71;135;50m▀[0m[38;2;223;205;74m[48;2;223;205;74m▀[0m[38;2;223;205;74m[48;2;223;205;74m▀[0m[38;2;223;205;74m[48;2;223;205;74m▀[0m[38;2;223;205;74m[48;2;223;205;74m▀[0m[38;2;71;135;50m[48;2;71;135;50m▀[0m[38;2;71;135;50m[48;2;71;135;50m▀[0m[38;2;71;135;50m[48;2;71;135;50m▀[0m[38;2;71;135;50m[48;2;71;135;50m▀[0m[38;2;132;96;36m[48;2;132;96;36m▀[0m[38;2;223;205;74m[48;2;191;156;49m▀[0m[38;2;223;205;74m[48;2;223;205;74m▀[0m[38;2;223;205;74m[48;2;223;205;74m▀[0m[38;2;223;205;74m[48;2;191;156;49m▀[0m[38;2;191;156;49m[48;2;191;156;49m▀[0m[38;2;16;16;16m[48;2;16;16;16m▀[0m[38;2;191;156;49m[48;2;16;16;16m▀[0m[38;2;16;16;16m[48;2;61;101;39m▀[0m[38;2;61;101;39m[48;2;61;101;39m▀[0m[38;2;61;101;39m[48;2;16;16;16m▀[0m[38;2;16;16;16m[48;2;164;164;164m▀[0m[38;2;16;16;16m[48;2;164;164;164m▀[0m[38;2;164;164;164m[48;2;164;164;164m▀[0m[38;2;164;164;164m[48;2;164;164;164m▀[0m[38;2;164;164;164m[48;2;164;164;164m▀[0m[38;2;164;164;164m[48;2;164;164;164m▀[0m[38;2;98;98;98m[48;2;164;164;164m▀[0m[38;2;16;16;16m[48;2;164;164;164m▀[0m[38;2;16;16;16m▄                       
[38;2;32;49;57m▄[38;2;32;49;57m[48;2;65;82;82m▀[0m[38;2;65;82;82m[48;2;65;82;82m▀[0m[38;2;65;82;82m[48;2;65;82;82m▀[0m[38;2;65;82;82m[48;2;65;82;82m▀[0m[38;2;65;82;82m[48;2;65;82;82m▀[0m[38;2;65;82;82m[48;2;191;156;49m▀[0m[38;2;132;96;36m[48;2;132;96;36m▀[0m[38;2;223;205;74m[48;2;191;156;49m▀[0m[38;2;61;101;39m[48;2;71;135;50m▀[0m[38;2;71;135;50m[48;2;71;135;50m▀[0m[38;2;71;135;50m[48;2;71;135;50m▀[0m[38;2;61;101;39m[48;2;71;135;50m▀[0m[38;2;16;16;16m[48;2;40;56;24m▀[0m[38;2;191;156;49m[48;2;16;16;16m▀[0m[38;2;16;16;16m[48;2;223;205;74m▀[0m[38;2;223;205;74m[48;2;223;205;74m▀[0m[38;2;223;205;74m[48;2;223;205;74m▀[0m[38;2;223;205;74m[48;2;191;156;49m▀[0m[38;2;132;96;36m[48;2;16;16;16m▀[0m[38;2;71;135;50m[48;2;71;135;50m▀[0m[38;2;71;135;50m[48;2;71;135;50m▀[0m[38;2;71;135;50m[48;2;71;135;50m▀[0m[38;2;71;135;50m[48;2;71;135;50m▀[0m[38;2;40;56;24m[48;2;40;56;24m▀[0m[38;2;71;135;50m[48;2;71;135;50m▀[0m[38;2;71;135;50m[48;2;71;135;50m▀[0m[38;2;191;156;49m[48;2;71;135;50m▀[0m[38;2;223;205;74m[48;2;223;205;74m▀[0m[38;2;223;205;74m[48;2;223;205;74m▀[0m[38;2;223;205;74m[48;2;223;205;74m▀[0m[38;2;191;156;49m[48;2;191;156;49m▀[0m[38;2;71;135;50m[48;2;71;135;50m▀[0m[38;2;71;135;50m[48;2;71;135;50m▀[0m[38;2;71;135;50m[48;2;71;135;50m▀[0m[38;2;71;135;50m[48;2;71;135;50m▀[0m[38;2;223;205;74m[48;2;71;135;50m▀[0m[38;2;223;205;74m[48;2;71;135;50m▀[0m[38;2;71;135;50m[48;2;71;135;50m▀[0m[38;2;71;135;50m[48;2;71;135;50m▀[0m[38;2;71;135;50m[48;2;61;101;39m▀[0m[38;2;71;135;50m[48;2;61;101;39m▀[0m[38;2;61;101;39m[48;2;61;101;39m▀[0m[38;2;132;96;36m[48;2;61;101;39m▀[0m[38;2;191;156;49m[48;2;132;96;36m▀[0m[38;2;191;156;49m[48;2;191;156;49m▀[0m[38;2;191;156;49m[48;2;191;156;49m▀[0m[38;2;191;156;49m[48;2;191;156;49m▀[0m[38;2;191;156;49m[48;2;16;16;16m▀[0m[38;2;16;16;16m[48;2;61;101;39m▀[0m[38;2;61;101;39m[48;2;61;101;39m▀[0m[38;2;61;101;39m[48;2;16;16;16m▀[0m[38;2;16;16;16m[48;2;164;164;164m▀[0m[38;2;164;164;164m[48;2;164;164;164m▀[0m[38;2;164;164;164m[48;2;164;164;164m▀[0m[38;2;164;164;164m[48;2;164;164;164m▀[0m[38;2;164;164;164m[48;2;164;164;164m▀[0m[38;2;164;164;164m[48;2;164;164;164m▀[0m[38;2;164;164;164m[48;2;98;98;98m▀[0m[38;2;164;164;164m[48;2;16;16;16m▀[0m[38;2;16;16;16m▀[38;2;16;16;16m▀[38;2;16;16;16m▀                       
[38;2;32;49;57m[48;2;32;49;57m▀[0m[38;2;65;82;82m[48;2;65;82;82m▀[0m[38;2;65;82;82m[48;2;65;82;82m▀[0m[38;2;65;82;82m[48;2;65;82;82m▀[0m[38;2;65;82;82m[48;2;191;156;49m▀[0m[38;2;191;156;49m[48;2;223;205;74m▀[0m[38;2;223;205;74m[48;2;191;156;49m▀[0m[38;2;191;156;49m[48;2;71;135;50m▀[0m[38;2;61;101;39m[48;2;71;135;50m▀[0m[38;2;223;205;74m[48;2;61;101;39m▀[0m[38;2;16;16;16m[48;2;223;205;74m▀[0m[38;2;223;205;74m[48;2;191;156;49m▀[0m[38;2;230;230;230m[48;2;16;16;16m▀[0m[38;2;16;16;16m[48;2;223;205;74m▀[0m[38;2;223;205;74m[48;2;223;205;74m▀[0m[38;2;223;205;74m[48;2;223;205;74m▀[0m[38;2;223;205;74m[48;2;223;205;74m▀[0m[38;2;223;205;74m[48;2;191;156;49m▀[0m[38;2;132;96;36m[48;2;16;16;16m▀[0m[38;2;71;135;50m[48;2;71;135;50m▀[0m[38;2;71;135;50m[48;2;71;135;50m▀[0m[38;2;71;135;50m[48;2;71;135;50m▀[0m[38;2;71;135;50m[48;2;71;135;50m▀[0m[38;2;71;135;50m[48;2;71;135;50m▀[0m[38;2;40;56;24m[48;2;40;56;24m▀[0m[38;2;71;135;50m[48;2;71;135;50m▀[0m[38;2;71;135;50m[48;2;71;135;50m▀[0m[38;2;71;135;50m[48;2;71;135;50m▀[0m[38;2;223;205;74m[48;2;223;205;74m▀[0m[38;2;223;205;74m[48;2;223;205;74m▀[0m[38;2;223;205;74m[48;2;191;156;49m▀[0m[38;2;191;156;49m[48;2;71;135;50m▀[0m[38;2;71;135;50m[48;2;71;135;50m▀[0m[38;2;71;135;50m[48;2;71;135;50m▀[0m[38;2;71;135;50m[48;2;61;101;39m▀[0m[38;2;71;135;50m[48;2;61;101;39m▀[0m[38;2;71;135;50m[48;2;61;101;39m▀[0m[38;2;61;101;39m[48;2;61;101;39m▀[0m[38;2;61;101;39m[48;2;61;101;39m▀[0m[38;2;61;101;39m[48;2;61;101;39m▀[0m[38;2;61;101;39m[48;2;61;101;39m▀[0m[38;2;61;101;39m[48;2;191;156;49m▀[0m[38;2;61;101;39m[48;2;191;156;49m▀[0m[38;2;61;101;39m[48;2;61;101;39m▀[0m[38;2;61;101;39m[48;2;61;101;39m▀[0m[38;2;16;16;16m[48;2;61;101;39m▀[0m[38;2;16;16;16m[48;2;61;101;39m▀[0m[38;2;16;16;16m[48;2;61;101;39m▀[0m[38;2;61;101;39m[48;2;40;56;24m▀[0m[38;2;61;101;39m[48;2;16;16;16m▀[0m[38;2;16;16;16m[48;2;164;164;164m▀[0m[38;2;164;164;164m[48;2;164;164;164m▀[0m[38;2;164;164;164m[48;2;164;164;164m▀[0m[38;2;164;164;164m[48;2;164;164;164m▀[0m[38;2;164;164;164m[48;2;164;164;164m▀[0m[38;2;164;164;164m[48;2;16;16;16m▀[0m[38;2;98;98;98m▀[38;2;16;16;16m▀                            
[38;2;132;96;36m[48;2;132;96;36m▀[0m[38;2;191;156;49m[48;2;191;156;49m▀[0m[38;2;223;205;74m[48;2;223;205;74m▀[0m[38;2;223;205;74m[48;2;223;205;74m▀[0m[38;2;223;205;74m[48;2;223;205;74m▀[0m[38;2;191;156;49m[48;2;223;205;74m▀[0m[38;2;71;135;50m[48;2;191;156;49m▀[0m[38;2;71;135;50m[48;2;191;156;49m▀[0m[38;2;71;135;50m[48;2;191;156;49m▀[0m[38;2;71;135;50m[48;2;71;135;50m▀[0m[38;2;40;56;24m[48;2;71;135;50m▀[0m[38;2;16;16;16m[48;2;16;16;16m▀[0m[38;2;223;205;74m[48;2;223;205;74m▀[0m[38;2;191;156;49m[48;2;191;156;49m▀[0m[38;2;191;156;49m[48;2;223;205;74m▀[0m[38;2;191;156;49m[48;2;191;156;49m▀[0m[38;2;223;205;74m[48;2;223;205;74m▀[0m[38;2;132;96;36m[48;2;16;16;16m▀[0m[38;2;71;135;50m[48;2;61;101;39m▀[0m[38;2;71;135;50m[48;2;71;135;50m▀[0m[38;2;71;135;50m[48;2;71;135;50m▀[0m[38;2;71;135;50m[48;2;71;135;50m▀[0m[38;2;71;135;50m[48;2;71;135;50m▀[0m[38;2;71;135;50m[48;2;61;101;39m▀[0m[38;2;40;56;24m[48;2;71;135;50m▀[0m[38;2;71;135;50m[48;2;71;135;50m▀[0m[38;2;71;135;50m[48;2;71;135;50m▀[0m[38;2;191;156;49m[48;2;191;156;49m▀[0m[38;2;223;205;74m[48;2;32;49;57m▀[0m[38;2;223;205;74m[48;2;32;49;57m▀[0m[38;2;191;156;49m[48;2;32;49;57m▀[0m[38;2;61;101;39m[48;2;32;49;57m▀[0m[38;2;61;101;39m[48;2;32;49;57m▀[0m[38;2;61;101;39m[48;2;61;101;39m▀[0m[38;2;61;101;39m[48;2;61;101;39m▀[0m[38;2;61;101;39m[48;2;61;101;39m▀[0m[38;2;61;101;39m[48;2;191;156;49m▀[0m[38;2;61;101;39m[48;2;61;101;39m▀[0m[38;2;61;101;39m[48;2;61;101;39m▀[0m[38;2;61;101;39m[48;2;61;101;39m▀[0m[38;2;61;101;39m[48;2;61;101;39m▀[0m[38;2;191;156;49m[48;2;61;101;39m▀[0m[38;2;191;156;49m[48;2;61;101;39m▀[0m[38;2;61;101;39m[48;2;61;101;39m▀[0m[38;2;61;101;39m[48;2;16;16;16m▀[0m[38;2;61;101;39m[48;2;16;16;16m▀[0m[38;2;40;56;24m[48;2;164;164;164m▀[0m[38;2;16;16;16m[48;2;164;164;164m▀[0m[38;2;164;164;164m[48;2;164;164;164m▀[0m[38;2;164;164;164m[48;2;164;164;164m▀[0m[38;2;164;164;164m[48;2;164;164;164m▀[0m[38;2;164;164;164m[48;2;164;164;164m▀[0m[38;2;164;164;164m[48;2;164;164;164m▀[0m[38;2;164;164;164m[48;2;16;16;16m▀[0m[38;2;16;16;16m▀                               
 [38;2;132;96;36m[48;2;132;96;36m▀[0m[38;2;223;205;74m[48;2;191;156;49m▀[0m[38;2;223;205;74m[48;2;223;205;74m▀[0m[38;2;223;205;74m[48;2;223;205;74m▀[0m[38;2;223;205;74m[48;2;223;205;74m▀[0m[38;2;191;156;49m[48;2;191;156;49m▀[0m[38;2;223;205;74m[48;2;16;16;16m▀[0m[38;2;223;205;74m[48;2;16;16;16m▀[0m[38;2;223;205;74m[48;2;223;205;74m▀[0m[38;2;191;156;49m[48;2;223;205;74m▀[0m[38;2;191;156;49m[48;2;223;205;74m▀[0m[38;2;16;16;16m[48;2;223;205;74m▀[0m[38;2;223;205;74m[48;2;16;16;16m▀[0m[38;2;223;205;74m[48;2;191;156;49m▀[0m[38;2;191;156;49m[48;2;223;205;74m▀[0m[38;2;132;96;36m[48;2;16;16;16m▀[0m[38;2;71;135;50m[48;2;71;135;50m▀[0m[38;2;40;56;24m[48;2;71;135;50m▀[0m[38;2;71;135;50m[48;2;61;101;39m▀[0m[38;2;71;135;50m[48;2;71;135;50m▀[0m[38;2;71;135;50m[48;2;71;135;50m▀[0m[38;2;71;135;50m[48;2;40;56;24m▀[0m[38;2;40;56;24m[48;2;71;135;50m▀[0m[38;2;71;135;50m[48;2;61;101;39m▀[0m[38;2;71;135;50m[48;2;61;101;39m▀[0m[38;2;61;101;39m[48;2;191;156;49m▀[0m[38;2;223;205;74m[48;2;223;205;74m▀[0m[38;2;16;16;16m[48;2;191;156;49m▀[0m[38;2;164;164;164m[48;2;16;16;16m▀[0m[38;2;164;164;164m[48;2;164;164;164m▀[0m[38;2;164;164;164m[48;2;164;164;164m▀[0m[38;2;164;164;164m[48;2;164;164;164m▀[0m[38;2;32;49;57m[48;2;164;164;164m▀[0m[38;2;32;49;57m[48;2;164;164;164m▀[0m[38;2;61;101;39m[48;2;32;49;57m▀[0m[38;2;61;101;39m[48;2;32;49;57m▀[0m[38;2;61;101;39m[48;2;61;101;39m▀[0m[38;2;61;101;39m[48;2;40;56;24m▀[0m[38;2;61;101;39m[48;2;16;16;16m▀[0m[38;2;61;101;39m[48;2;16;16;16m▀[0m[38;2;40;56;24m[48;2;164;164;164m▀[0m[38;2;16;16;16m[48;2;164;164;164m▀[0m[38;2;16;16;16m[48;2;164;164;164m▀[0m[38;2;164;164;164m[48;2;164;164;164m▀[0m[38;2;164;164;164m[48;2;164;164;164m▀[0m[38;2;164;164;164m[48;2;164;164;164m▀[0m[38;2;164;164;164m[48;2;164;164;164m▀[0m[38;2;164;164;164m[48;2;164;164;164m▀[0m[38;2;164;164;164m[48;2;164;164;164m▀[0m[38;2;164;164;164m[48;2;164;164;164m▀[0m[38;2;164;164;164m[48;2;98;98;98m▀[0m[38;2;16;16;16m▀                                 
 [38;2;230;230;230m[48;2;16;16;16m▀[0m[38;2;16;16;16m▀[38;2;223;205;74m[48;2;16;16;16m▀[0m[38;2;223;205;74m[48;2;16;16;16m▀[0m[38;2;16;16;16m[48;2;99;62;41m▀[0m[38;2;16;16;16m[48;2;99;62;41m▀[0m[38;2;230;230;230m[48;2;230;230;230m▀[0m[38;2;164;164;164m[48;2;16;16;16m▀[0m[38;2;16;16;16m[48;2;99;62;41m▀[0m[38;2;132;96;36m[48;2;99;62;41m▀[0m[38;2;223;205;74m[48;2;16;16;16m▀[0m[38;2;223;205;74m[48;2;132;96;36m▀[0m[38;2;223;205;74m[48;2;223;205;74m▀[0m[38;2;223;205;74m[48;2;223;205;74m▀[0m[38;2;132;96;36m[48;2;16;16;16m▀[0m[38;2;71;135;50m[48;2;71;135;50m▀[0m[38;2;71;135;50m[48;2;71;135;50m▀[0m[38;2;71;135;50m[48;2;71;135;50m▀[0m[38;2;40;56;24m[48;2;71;135;50m▀[0m[38;2;71;135;50m[48;2;40;56;24m▀[0m[38;2;40;56;24m[48;2;71;135;50m▀[0m[38;2;71;135;50m[48;2;61;101;39m▀[0m[38;2;61;101;39m[48;2;61;101;39m▀[0m[38;2;61;101;39m[48;2;61;101;39m▀[0m[38;2;61;101;39m[48;2;191;156;49m▀[0m[38;2;191;156;49m[48;2;191;156;49m▀[0m[38;2;191;156;49m[48;2;191;156;49m▀[0m[38;2;191;156;49m[48;2;191;156;49m▀[0m[38;2;61;101;39m[48;2;61;101;39m▀[0m[38;2;16;16;16m[48;2;61;101;39m▀[0m[38;2;164;164;164m[48;2;16;16;16m▀[0m[38;2;164;164;164m[48;2;164;164;164m▀[0m[38;2;164;164;164m[48;2;164;164;164m▀[0m[38;2;164;164;164m[48;2;230;230;230m▀[0m[38;2;230;230;230m[48;2;230;230;230m▀[0m[38;2;230;230;230m[48;2;230;230;230m▀[0m[38;2;98;98;98m[48;2;230;230;230m▀[0m[38;2;98;98;98m▄[38;2;98;98;98m▄ [38;2;98;98;98m▀[38;2;98;98;98m▀[38;2;164;164;164m[48;2;98;98;98m▀[0m[38;2;164;164;164m[48;2;98;98;98m▀[0m[38;2;164;164;164m[48;2;164;164;164m▀[0m[38;2;164;164;164m[48;2;164;164;164m▀[0m[38;2;164;164;164m[48;2;164;164;164m▀[0m[38;2;164;164;164m[48;2;164;164;164m▀[0m[38;2;164;164;164m[48;2;164;164;164m▀[0m[38;2;164;164;164m[48;2;16;16;16m▀[0m[38;2;16;16;16m▀                                  
     [38;2;99;62;41m▀[38;2;99;62;41m[48;2;99;62;41m▀[0m[38;2;16;16;16m▀[38;2;99;62;41m[48;2;99;62;41m▀[0m[38;2;99;62;41m[48;2;99;62;41m▀[0m[38;2;99;62;41m[48;2;99;62;41m▀[0m[38;2;99;62;41m[48;2;99;62;41m▀[0m[38;2;99;62;41m[48;2;99;62;41m▀[0m[38;2;16;16;16m[48;2;99;62;41m▀[0m[38;2;16;16;16m[48;2;99;62;41m▀[0m[38;2;16;16;16m[48;2;16;16;16m▀[0m[38;2;71;135;50m[48;2;71;135;50m▀[0m[38;2;71;135;50m[48;2;71;135;50m▀[0m[38;2;71;135;50m[48;2;71;135;50m▀[0m[38;2;71;135;50m[48;2;71;135;50m▀[0m[38;2;71;135;50m[48;2;61;101;39m▀[0m[38;2;61;101;39m[48;2;61;101;39m▀[0m[38;2;61;101;39m[48;2;61;101;39m▀[0m[38;2;61;101;39m[48;2;191;156;49m▀[0m[38;2;191;156;49m[48;2;191;156;49m▀[0m[38;2;191;156;49m[48;2;61;101;39m▀[0m[38;2;191;156;49m[48;2;61;101;39m▀[0m[38;2;61;101;39m[48;2;61;101;39m▀[0m[38;2;61;101;39m[48;2;16;16;16m▀[0m[38;2;61;101;39m[48;2;16;16;16m▀[0m[38;2;16;16;16m▀[38;2;16;16;16m▀[38;2;16;16;16m[48;2;16;16;16m▀[0m[38;2;164;164;164m[48;2;230;230;230m▀[0m[38;2;230;230;230m[48;2;230;230;230m▀[0m[38;2;230;230;230m[48;2;230;230;230m▀[0m[38;2;230;230;230m[48;2;230;230;230m▀[0m[38;2;230;230;230m[48;2;230;230;230m▀[0m[38;2;230;230;230m[48;2;230;230;230m▀[0m[38;2;230;230;230m[48;2;230;230;230m▀[0m[38;2;98;98;98m[48;2;230;230;230m▀[0m[38;2;98;98;98m[48;2;230;230;230m▀[0m[38;2;98;98;98m▄  [38;2;98;98;98m▀[38;2;164;164;164m[48;2;98;98;98m▀[0m[38;2;164;164;164m[48;2;164;164;164m▀[0m[38;2;164;164;164m[48;2;164;164;164m▀[0m[38;2;164;164;164m[48;2;16;16;16m▀[0m[38;2;16;16;16m▀                                   
    [38;2;16;16;16m▄[38;2;98;98;98m▄ [38;2;99;62;41m▄[38;2;99;62;41m[48;2;99;62;41m▀[0m[38;2;16;16;16m[48;2;16;16;16m▀[0m[38;2;98;98;98m[48;2;230;230;230m▀[0m[38;2;99;62;41m[48;2;98;98;98m▀[0m[38;2;99;62;41m[48;2;99;62;41m▀[0m[38;2;99;62;41m[48;2;99;62;41m▀[0m[38;2;99;62;41m[48;2;99;62;41m▀[0m[38;2;16;16;16m[48;2;40;56;24m▀[0m[38;2;71;135;50m[48;2;71;135;50m▀[0m[38;2;71;135;50m[48;2;71;135;50m▀[0m[38;2;71;135;50m[48;2;71;135;50m▀[0m[38;2;61;101;39m[48;2;61;101;39m▀[0m[38;2;61;101;39m[48;2;61;101;39m▀[0m[38;2;61;101;39m[48;2;61;101;39m▀[0m[38;2;61;101;39m[48;2;61;101;39m▀[0m[38;2;61;101;39m[48;2;16;16;16m▀[0m[38;2;61;101;39m[48;2;16;16;16m▀[0m[38;2;40;56;24m[48;2;164;164;164m▀[0m[38;2;16;16;16m[48;2;164;164;164m▀[0m[38;2;16;16;16m[48;2;98;98;98m▀[0m     [38;2;16;16;16m[48;2;16;16;16m▀[0m[38;2;230;230;230m[48;2;230;230;230m▀[0m[38;2;230;230;230m[48;2;230;230;230m▀[0m[38;2;230;230;230m[48;2;230;230;230m▀[0m[38;2;230;230;230m[48;2;230;230;230m▀[0m[38;2;230;230;230m[48;2;230;230;230m▀[0m[38;2;230;230;230m[48;2;230;230;230m▀[0m[38;2;230;230;230m[48;2;230;230;230m▀[0m[38;2;230;230;230m[48;2;230;230;230m▀[0m[38;2;230;230;230m[48;2;230;230;230m▀[0m[38;2;98;98;98m[48;2;230;230;230m▀[0m[38;2;98;98;98m▄  [38;2;98;98;98m▀[38;2;164;164;164m[48;2;98;98;98m▀[0m[38;2;16;16;16m[48;2;16;16;16m▀[0m                                    
    [38;2;16;16;16m[48;2;16;16;16m▀[0m[38;2;230;230;230m[48;2;191;156;49m▀[0m[38;2;98;98;98m[48;2;16;16;16m▀[0m[38;2;99;62;41m[48;2;99;62;41m▀[0m[38;2;99;62;41m[48;2;99;62;41m▀[0m[38;2;16;16;16m[48;2;16;16;16m▀[0m[38;2;230;230;230m[48;2;16;16;16m▀[0m[38;2;164;164;164m[48;2;191;156;49m▀[0m[38;2;16;16;16m[48;2;223;205;74m▀[0m[38;2;16;16;16m[48;2;223;205;74m▀[0m[38;2;16;16;16m[48;2;223;205;74m▀[0m[38;2;191;156;49m[48;2;191;156;49m▀[0m[38;2;71;135;50m[48;2;71;135;50m▀[0m[38;2;71;135;50m[48;2;71;135;50m▀[0m[38;2;61;101;39m[48;2;61;101;39m▀[0m[38;2;61;101;39m[48;2;16;16;16m▀[0m[38;2;61;101;39m[48;2;16;16;16m▀[0m[38;2;16;16;16m[48;2;98;98;98m▀[0m[38;2;16;16;16m[48;2;164;164;164m▀[0m[38;2;164;164;164m[48;2;164;164;164m▀[0m[38;2;164;164;164m[48;2;164;164;164m▀[0m[38;2;164;164;164m[48;2;164;164;164m▀[0m[38;2;98;98;98m[48;2;98;98;98m▀[0m       [38;2;16;16;16m[48;2;16;16;16m▀[0m[38;2;230;230;230m[48;2;230;230;230m▀[0m[38;2;230;230;230m[48;2;230;230;230m▀[0m[38;2;230;230;230m[48;2;230;230;230m▀[0m[38;2;230;230;230m[48;2;230;230;230m▀[0m[38;2;230;230;230m[48;2;230;230;230m▀[0m[38;2;230;230;230m[48;2;230;230;230m▀[0m[38;2;230;230;230m[48;2;230;230;230m▀[0m[38;2;230;230;230m[48;2;230;230;230m▀[0m[38;2;230;230;230m[48;2;230;230;230m▀[0m[38;2;230;230;230m[48;2;230;230;230m▀[0m[38;2;98;98;98m[48;2;230;230;230m▀[0m[38;2;98;98;98m▄                                       
     [38;2;16;16;16m[48;2;16;16;16m▀[0m[38;2;191;156;49m[48;2;191;156;49m▀[0m[38;2;16;16;16m[48;2;223;205;74m▀[0m[38;2;16;16;16m[48;2;223;205;74m▀[0m[38;2;223;205;74m[48;2;223;205;74m▀[0m[38;2;223;205;74m[48;2;223;205;74m▀[0m[38;2;191;156;49m[48;2;191;156;49m▀[0m[38;2;223;205;74m[48;2;71;135;50m▀[0m[38;2;191;156;49m[48;2;71;135;50m▀[0m[38;2;71;135;50m[48;2;71;135;50m▀[0m[38;2;71;135;50m[48;2;71;135;50m▀[0m[38;2;71;135;50m[48;2;61;101;39m▀[0m[38;2;61;101;39m[48;2;16;16;16m▀[0m[38;2;16;16;16m▀  [38;2;16;16;16m▀[38;2;164;164;164m[48;2;98;98;98m▀[0m[38;2;164;164;164m[48;2;164;164;164m▀[0m[38;2;164;164;164m[48;2;164;164;164m▀[0m[38;2;164;164;164m[48;2;98;98;98m▀[0m[38;2;98;98;98m▀       [38;2;16;16;16m▀[38;2;230;230;230m[48;2;16;16;16m▀[0m[38;2;230;230;230m[48;2;230;230;230m▀[0m[38;2;230;230;230m[48;2;230;230;230m▀[0m[38;2;230;230;230m[48;2;230;230;230m▀[0m[38;2;230;230;230m[48;2;98;98;98m▀[0m[38;2;230;230;230m[48;2;16;16;16m▀[0m[38;2;230;230;230m[48;2;16;16;16m▀[0m[38;2;16;16;16m▀[38;2;16;16;16m▀[38;2;16;16;16m▀[38;2;16;16;16m▀[38;2;16;16;16m▀                                       
      [38;2;16;16;16m[48;2;16;16;16m▀[0m[38;2;223;205;74m[48;2;191;156;49m▀[0m[38;2;223;205;74m[48;2;223;205;74m▀[0m[38;2;223;205;74m[48;2;191;156;49m▀[0m[38;2;191;156;49m[48;2;71;135;50m▀[0m[38;2;71;135;50m[48;2;71;135;50m▀[0m[38;2;71;135;50m[48;2;71;135;50m▀[0m[38;2;71;135;50m[48;2;16;16;16m▀[0m[38;2;71;135;50m[48;2;16;16;16m▀[0m[38;2;16;16;16m▀[38;2;16;16;16m▀     [38;2;16;16;16m▀[38;2;164;164;164m[48;2;16;16;16m▀[0m[38;2;164;164;164m[48;2;164;164;164m▀[0m[38;2;98;98;98m[48;2;98;98;98m▀[0m         [38;2;16;16;16m[48;2;16;16;16m▀[0m[38;2;230;230;230m[48;2;16;16;16m▀[0m[38;2;98;98;98m▀[38;2;16;16;16m▀                                               
       [38;2;16;16;16m▀[38;2;16;16;16m▀[38;2;16;16;16m▀[38;2;16;16;16m▀[38;2;16;16;16m▀[38;2;16;16;16m▀           [38;2;16;16;16m▀[38;2;98;98;98m▀                                                            
[0m