                                                 [38;2;52;41;48m▄[38;2;52;41;48m[48;2;74;57;66m▀[0m[38;2;52;41;48m[48;2;52;41;48m▀[0m          
                                               [38;2;52;41;48m▄[38;2;52;41;48m[48;2;74;57;66m▀[0m[38;2;74;57;66m[48;2;74;57;66m▀[0m[38;2;74;57;66m[48;2;52;41;48m▀[0m[38;2;52;41;48m▀          
       [38;2;52;41;48m▄[38;2;52;41;48m[48;2;74;57;66m▀[0m[38;2;15;15;15m▄                                   [38;2;52;41;48m▄[38;2;52;41;48m[48;2;74;57;66m▀[0m[38;2;74;57;66m[48;2;74;57;66m▀[0m[38;2;74;57;66m[48;2;74;57;66m▀[0m[38;2;74;57;66m[48;2;52;41;48m▀[0m[38;2;15;15;15m▀   [38;2;52;41;48m▄[38;2;52;41;48m▄      
       [38;2;52;41;48m[48;2;52;41;48m▀[0m[38;2;74;57;66m[48;2;74;57;66m▀[0m[38;2;15;15;15m[48;2;15;15;15m▀[0m  [38;2;52;41;48m▄                              [38;2;52;41;48m▄[38;2;52;41;48m[48;2;74;57;66m▀[0m[38;2;74;57;66m[48;2;74;57;66m▀[0m[38;2;74;57;66m[48;2;74;57;66m▀[0m[38;2;74;57;66m[48;2;74;57;66m▀[0m[38;2;74;57;66m[48;2;52;41;48m▀[0m[38;2;15;15;15m▀ [38;2;52;41;48m▄[38;2;52;41;48m[48;2;74;57;66m▀[0m[38;2;52;41;48m[48;2;74;57;66m▀[0m[38;2;74;57;66m[48;2;74;57;66m▀[0m[38;2;15;15;15m[48;2;15;15;15m▀[0m      
      [38;2;52;41;48m▄[38;2;52;41;48m[48;2;74;57;66m▀[0m[38;2;74;57;66m[48;2;74;57;66m▀[0m[38;2;15;15;15m[48;2;74;57;66m▀[0m[38;2;15;15;15m▄[38;2;52;41;48m[48;2;52;41;48m▀[0m[38;2;74;57;66m[48;2;74;57;66m▀[0m[38;2;52;41;48m[48;2;52;41;48m▀[0m                            [38;2;52;41;48m[48;2;52;41;48m▀[0m[38;2;74;57;66m[48;2;74;57;66m▀[0m[38;2;74;57;66m[48;2;74;57;66m▀[0m[38;2;74;57;66m[48;2;74;57;66m▀[0m[38;2;74;57;66m[48;2;74;57;66m▀[0m[38;2;74;57;66m[48;2;52;41;48m▀[0m[38;2;15;15;15m▀[38;2;52;41;48m▄[38;2;52;41;48m[48;2;74;57;66m▀[0m[38;2;74;57;66m[48;2;74;57;66m▀[0m[38;2;74;57;66m[48;2;74;57;66m▀[0m[38;2;74;57;66m[48;2;74;57;66m▀[0m[38;2;52;41;48m[48;2;15;15;15m▀[0m       
      [38;2;52;41;48m[48;2;52;41;48m▀[0m[38;2;74;57;66m[48;2;74;57;66m▀[0m[38;2;74;57;66m[48;2;74;57;66m▀[0m[38;2;74;57;66m[48;2;74;57;66m▀[0m[38;2;15;15;15m[48;2;15;15;15m▀[0m[38;2;52;41;48m[48;2;52;41;48m▀[0m[38;2;74;57;66m[48;2;74;57;66m▀[0m[38;2;52;41;48m[48;2;74;57;66m▀[0m[38;2;15;15;15m▄                          [38;2;102;91;96m[48;2;102;91;96m▀[0m[38;2;74;57;66m[48;2;74;57;66m▀[0m[38;2;74;57;66m[48;2;74;57;66m▀[0m[38;2;74;57;66m[48;2;74;57;66m▀[0m[38;2;74;57;66m[48;2;74;57;66m▀[0m[38;2;74;57;66m[48;2;15;15;15m▀[0m[38;2;15;15;15m[48;2;52;41;48m▀[0m[38;2;52;41;48m[48;2;74;57;66m▀[0m[38;2;74;57;66m[48;2;74;57;66m▀[0m[38;2;74;57;66m[48;2;74;57;66m▀[0m[38;2;74;57;66m[48;2;74;57;66m▀[0m[38;2;74;57;66m[48;2;74;57;66m▀[0m[38;2;52;41;48m[48;2;15;15;15m▀[0m        
      [38;2;52;41;48m[48;2;52;41;48m▀[0m[38;2;74;57;66m[48;2;74;57;66m▀[0m[38;2;74;57;66m[48;2;74;57;66m▀[0m[38;2;74;57;66m[48;2;74;57;66m▀[0m[38;2;15;15;15m[48;2;74;57;66m▀[0m[38;2;52;41;48m[48;2;15;15;15m▀[0m[38;2;74;57;66m[48;2;74;57;66m▀[0m[38;2;74;57;66m[48;2;74;57;66m▀[0m[38;2;15;15;15m[48;2;15;15;15m▀[0m [38;2;15;15;15m▄[38;2;15;15;15m[48;2;74;57;66m▀[0m[38;2;15;15;15m▄                    [38;2;102;91;96m▄[38;2;102;91;96m[48;2;185;170;175m▀[0m[38;2;185;170;175m[48;2;102;91;96m▀[0m[38;2;74;57;66m[48;2;74;57;66m▀[0m[38;2;74;57;66m[48;2;74;57;66m▀[0m[38;2;74;57;66m[48;2;74;57;66m▀[0m[38;2;15;15;15m[48;2;52;41;48m▀[0m[38;2;52;41;48m[48;2;74;57;66m▀[0m[38;2;74;57;66m[48;2;74;57;66m▀[0m[38;2;74;57;66m[48;2;74;57;66m▀[0m[38;2;74;57;66m[48;2;74;57;66m▀[0m[38;2;74;57;66m[48;2;74;57;66m▀[0m[38;2;74;57;66m[48;2;52;41;48m▀[0m[38;2;52;41;48m▀  [38;2;52;41;48m▄[38;2;52;41;48m▄[38;2;52;41;48m▄    
      [38;2;52;41;48m[48;2;52;41;48m▀[0m[38;2;239;227;225m[48;2;239;227;225m▀[0m[38;2;102;91;96m[48;2;239;227;225m▀[0m[38;2;74;57;66m[48;2;239;227;225m▀[0m[38;2;74;57;66m[48;2;102;91;96m▀[0m[38;2;15;15;15m[48;2;52;41;48m▀[0m[38;2;74;57;66m[48;2;74;57;66m▀[0m[38;2;74;57;66m[48;2;74;57;66m▀[0m[38;2;52;41;48m[48;2;52;41;48m▀[0m [38;2;15;15;15m[48;2;15;15;15m▀[0m[38;2;74;57;66m[48;2;74;57;66m▀[0m[38;2;15;15;15m[48;2;52;41;48m▀[0m                   [38;2;102;91;96m▄[38;2;102;91;96m[48;2;239;227;225m▀[0m[38;2;185;170;175m[48;2;102;91;96m▀[0m[38;2;102;91;96m[48;2;74;57;66m▀[0m[38;2;74;57;66m[48;2;74;57;66m▀[0m[38;2;74;57;66m[48;2;74;57;66m▀[0m[38;2;52;41;48m[48;2;74;57;66m▀[0m[38;2;74;57;66m[48;2;74;57;66m▀[0m[38;2;74;57;66m[48;2;74;57;66m▀[0m[38;2;74;57;66m[48;2;74;57;66m▀[0m[38;2;74;57;66m[48;2;74;57;66m▀[0m[38;2;74;57;66m[48;2;15;15;15m▀[0m[38;2;15;15;15m▀[38;2;52;41;48m▄[38;2;52;41;48m▄[38;2;52;41;48m[48;2;74;57;66m▀[0m[38;2;52;41;48m[48;2;74;57;66m▀[0m[38;2;74;57;66m[48;2;74;57;66m▀[0m[38;2;74;57;66m[48;2;15;15;15m▀[0m[38;2;15;15;15m▀    
       [38;2;52;41;48m[48;2;52;41;48m▀[0m[38;2;239;227;225m[48;2;239;227;225m▀[0m[38;2;239;227;225m[48;2;239;227;225m▀[0m[38;2;239;227;225m[48;2;239;227;225m▀[0m[38;2;52;41;48m[48;2;102;91;96m▀[0m[38;2;74;57;66m[48;2;239;227;225m▀[0m[38;2;74;57;66m[48;2;102;91;96m▀[0m[38;2;74;57;66m[48;2;74;57;66m▀[0m[38;2;52;41;48m[48;2;52;41;48m▀[0m[38;2;52;41;48m[48;2;74;57;66m▀[0m[38;2;74;57;66m[48;2;74;57;66m▀[0m[38;2;74;57;66m[48;2;74;57;66m▀[0m[38;2;15;15;15m[48;2;15;15;15m▀[0m                 [38;2;102;91;96m▄[38;2;102;91;96m[48;2;239;227;225m▀[0m[38;2;239;227;225m[48;2;102;91;96m▀[0m[38;2;102;91;96m[48;2;185;170;175m▀[0m[38;2;74;57;66m[48;2;52;41;48m▀[0m[38;2;74;57;66m[48;2;74;57;66m▀[0m[38;2;74;57;66m[48;2;74;57;66m▀[0m[38;2;74;57;66m[48;2;74;57;66m▀[0m[38;2;74;57;66m[48;2;74;57;66m▀[0m[38;2;74;57;66m[48;2;74;57;66m▀[0m[38;2;74;57;66m[48;2;52;41;48m▀[0m[38;2;15;15;15m[48;2;52;41;48m▀[0m[38;2;52;41;48m[48;2;74;57;66m▀[0m[38;2;52;41;48m[48;2;74;57;66m▀[0m[38;2;74;57;66m[48;2;74;57;66m▀[0m[38;2;74;57;66m[48;2;74;57;66m▀[0m[38;2;74;57;66m[48;2;74;57;66m▀[0m[38;2;74;57;66m[48;2;15;15;15m▀[0m[38;2;15;15;15m▀      
       [38;2;52;41;48m▀[38;2;239;227;225m[48;2;102;91;96m▀[0m[38;2;239;227;225m[48;2;239;227;225m▀[0m[38;2;239;227;225m[48;2;239;227;225m▀[0m[38;2;102;91;96m[48;2;239;227;225m▀[0m[38;2;239;227;225m[48;2;239;227;225m▀[0m[38;2;239;227;225m[48;2;239;227;225m▀[0m[38;2;239;227;225m[48;2;239;227;225m▀[0m[38;2;52;41;48m[48;2;102;91;96m▀[0m[38;2;74;57;66m[48;2;239;227;225m▀[0m[38;2;74;57;66m[48;2;102;91;96m▀[0m[38;2;74;57;66m[48;2;74;57;66m▀[0m[38;2;15;15;15m[48;2;15;15;15m▀[0m                [38;2;102;91;96m▄[38;2;102;91;96m[48;2;239;227;225m▀[0m[38;2;239;227;225m[48;2;102;91;96m▀[0m[38;2;102;91;96m[48;2;185;170;175m▀[0m[38;2;185;170;175m[48;2;185;170;175m▀[0m[38;2;52;41;48m[48;2;52;41;48m▀[0m[38;2;74;57;66m[48;2;74;57;66m▀[0m[38;2;74;57;66m[48;2;52;41;48m▀[0m[38;2;52;41;48m[48;2;185;170;175m▀[0m[38;2;74;57;66m[48;2;52;41;48m▀[0m[38;2;74;57;66m[48;2;74;57;66m▀[0m[38;2;74;57;66m[48;2;74;57;66m▀[0m[38;2;74;57;66m[48;2;74;57;66m▀[0m[38;2;74;57;66m[48;2;74;57;66m▀[0m[38;2;74;57;66m[48;2;74;57;66m▀[0m[38;2;74;57;66m[48;2;74;57;66m▀[0m[38;2;74;57;66m[48;2;15;15;15m▀[0m[38;2;15;15;15m▀        
        [38;2;52;41;48m[48;2;52;41;48m▀[0m[38;2;239;227;225m[48;2;239;227;225m▀[0m[38;2;239;227;225m[48;2;239;227;225m▀[0m[38;2;239;227;225m[48;2;239;227;225m▀[0m[38;2;239;227;225m[48;2;239;227;225m▀[0m[38;2;239;227;225m[48;2;239;227;225m▀[0m[38;2;239;227;225m[48;2;239;227;225m▀[0m[38;2;102;91;96m[48;2;239;227;225m▀[0m[38;2;239;227;225m[48;2;239;227;225m▀[0m[38;2;239;227;225m[48;2;239;227;225m▀[0m[38;2;102;91;96m[48;2;239;227;225m▀[0m[38;2;52;41;48m[48;2;52;41;48m▀[0m[38;2;102;91;96m▄[38;2;102;91;96m[48;2;239;227;225m▀[0m[38;2;102;91;96m[48;2;239;227;225m▀[0m[38;2;15;15;15m▄           [38;2;102;91;96m▄[38;2;102;91;96m[48;2;239;227;225m▀[0m[38;2;239;227;225m[48;2;239;227;225m▀[0m[38;2;102;91;96m[48;2;185;170;175m▀[0m[38;2;185;170;175m[48;2;185;170;175m▀[0m[38;2;185;170;175m[48;2;52;41;48m▀[0m[38;2;52;41;48m[48;2;52;41;48m▀[0m[38;2;52;41;48m[48;2;185;170;175m▀[0m[38;2;185;170;175m[48;2;185;170;175m▀[0m[38;2;185;170;175m[48;2;52;41;48m▀[0m[38;2;52;41;48m[48;2;74;57;66m▀[0m[38;2;74;57;66m[48;2;74;57;66m▀[0m[38;2;74;57;66m[48;2;74;57;66m▀[0m[38;2;74;57;66m[48;2;74;57;66m▀[0m[38;2;74;57;66m[48;2;74;57;66m▀[0m[38;2;74;57;66m[48;2;52;41;48m▀[0m[38;2;15;15;15m[48;2;52;41;48m▀[0m[38;2;52;41;48m[48;2;74;57;66m▀[0m[38;2;52;41;48m[48;2;74;57;66m▀[0m[38;2;52;41;48m[48;2;74;57;66m▀[0m[38;2;15;15;15m▄      
        [38;2;52;41;48m[48;2;52;41;48m▀[0m[38;2;239;227;225m[48;2;185;170;175m▀[0m[38;2;239;227;225m[48;2;239;227;225m▀[0m[38;2;239;227;225m[48;2;239;227;225m▀[0m[38;2;239;227;225m[48;2;239;227;225m▀[0m[38;2;239;227;225m[48;2;239;227;225m▀[0m[38;2;239;227;225m[48;2;239;227;225m▀[0m[38;2;239;227;225m[48;2;239;227;225m▀[0m[38;2;239;227;225m[48;2;239;227;225m▀[0m[38;2;239;227;225m[48;2;239;227;225m▀[0m[38;2;239;227;225m[48;2;239;227;225m▀[0m[38;2;52;41;48m[48;2;102;91;96m▀[0m[38;2;239;227;225m[48;2;239;227;225m▀[0m[38;2;239;227;225m[48;2;239;227;225m▀[0m[38;2;239;227;225m[48;2;239;227;225m▀[0m[38;2;15;15;15m[48;2;15;15;15m▀[0m [38;2;102;91;96m▄[38;2;102;91;96m▄       [38;2;102;91;96m▄[38;2;102;91;96m[48;2;239;227;225m▀[0m[38;2;239;227;225m[48;2;239;227;225m▀[0m[38;2;239;227;225m[48;2;147;125;133m▀[0m[38;2;185;170;175m[48;2;185;170;175m▀[0m[38;2;185;170;175m[48;2;185;170;175m▀[0m[38;2;52;41;48m[48;2;185;170;175m▀[0m[38;2;185;170;175m[48;2;185;170;175m▀[0m[38;2;185;170;175m[48;2;185;170;175m▀[0m[38;2;185;170;175m[48;2;185;170;175m▀[0m[38;2;52;41;48m[48;2;52;41;48m▀[0m[38;2;74;57;66m[48;2;52;41;48m▀[0m[38;2;52;41;48m[48;2;185;170;175m▀[0m[38;2;52;41;48m[48;2;185;170;175m▀[0m[38;2;74;57;66m[48;2;52;41;48m▀[0m[38;2;74;57;66m[48;2;74;57;66m▀[0m[38;2;74;57;66m[48;2;74;57;66m▀[0m[38;2;74;57;66m[48;2;74;57;66m▀[0m[38;2;74;57;66m[48;2;74;57;66m▀[0m[38;2;74;57;66m[48;2;15;15;15m▀[0m[38;2;15;15;15m▀       
         [38;2;52;41;48m[48;2;52;41;48m▀[0m[38;2;239;227;225m[48;2;239;227;225m▀[0m[38;2;239;227;225m[48;2;239;227;225m▀[0m[38;2;239;227;225m[48;2;239;227;225m▀[0m[38;2;239;227;225m[48;2;239;227;225m▀[0m[38;2;239;227;225m[48;2;239;227;225m▀[0m[38;2;239;227;225m[48;2;239;227;225m▀[0m[38;2;239;227;225m[48;2;239;227;225m▀[0m[38;2;239;227;225m[48;2;239;227;225m▀[0m[38;2;239;227;225m[48;2;239;227;225m▀[0m[38;2;102;91;96m[48;2;239;227;225m▀[0m[38;2;239;227;225m[48;2;239;227;225m▀[0m[38;2;239;227;225m[48;2;239;227;225m▀[0m[38;2;239;227;225m[48;2;102;91;96m▀[0m[38;2;15;15;15m[48;2;102;91;96m▀[0m[38;2;102;91;96m[48;2;239;227;225m▀[0m[38;2;239;227;225m[48;2;239;227;225m▀[0m[38;2;239;227;225m[48;2;239;227;225m▀[0m[38;2;102;91;96m[48;2;15;15;15m▀[0m      [38;2;102;91;96m[48;2;102;91;96m▀[0m[38;2;239;227;225m[48;2;239;227;225m▀[0m[38;2;239;227;225m[48;2;239;227;225m▀[0m[38;2;147;125;133m[48;2;147;125;133m▀[0m[38;2;185;170;175m[48;2;185;170;175m▀[0m[38;2;185;170;175m[48;2;185;170;175m▀[0m[38;2;185;170;175m[48;2;185;170;175m▀[0m[38;2;185;170;175m[48;2;185;170;175m▀[0m[38;2;185;170;175m[48;2;185;170;175m▀[0m[38;2;52;41;48m[48;2;185;170;175m▀[0m[38;2;185;170;175m[48;2;185;170;175m▀[0m[38;2;185;170;175m[48;2;185;170;175m▀[0m[38;2;185;170;175m[48;2;52;41;48m▀[0m[38;2;52;41;48m[48;2;74;57;66m▀[0m[38;2;74;57;66m[48;2;74;57;66m▀[0m[38;2;74;57;66m[48;2;74;57;66m▀[0m[38;2;74;57;66m[48;2;52;41;48m▀[0m[38;2;74;57;66m[48;2;52;41;48m▀[0m[38;2;15;15;15m[48;2;15;15;15m▀[0m[38;2;15;15;15m▄[38;2;15;15;15m▄       
          [38;2;52;41;48m[48;2;52;41;48m▀[0m[38;2;239;227;225m[48;2;185;170;175m▀[0m[38;2;239;227;225m[48;2;239;227;225m▀[0m[38;2;239;227;225m[48;2;239;227;225m▀[0m[38;2;239;227;225m[48;2;239;227;225m▀[0m[38;2;239;227;225m[48;2;239;227;225m▀[0m[38;2;239;227;225m[48;2;239;227;225m▀[0m[38;2;239;227;225m[48;2;239;227;225m▀[0m[38;2;239;227;225m[48;2;239;227;225m▀[0m[38;2;239;227;225m[48;2;239;227;225m▀[0m[38;2;239;227;225m[48;2;239;227;225m▀[0m[38;2;239;227;225m[48;2;239;227;225m▀[0m[38;2;102;91;96m[48;2;239;227;225m▀[0m[38;2;239;227;225m[48;2;239;227;225m▀[0m[38;2;239;227;225m[48;2;239;227;225m▀[0m[38;2;239;227;225m[48;2;239;227;225m▀[0m[38;2;239;227;225m[48;2;102;91;96m▀[0m[38;2;15;15;15m[48;2;15;15;15m▀[0m[38;2;102;91;96m▄[38;2;102;91;96m[48;2;239;227;225m▀[0m[38;2;102;91;96m[48;2;239;227;225m▀[0m[38;2;15;15;15m▄ [38;2;102;91;96m[48;2;102;91;96m▀[0m[38;2;239;227;225m[48;2;239;227;225m▀[0m[38;2;239;227;225m[48;2;239;227;225m▀[0m[38;2;147;125;133m[48;2;147;125;133m▀[0m[38;2;185;170;175m[48;2;185;170;175m▀[0m[38;2;185;170;175m[48;2;185;170;175m▀[0m[38;2;185;170;175m[48;2;185;170;175m▀[0m[38;2;185;170;175m[48;2;185;170;175m▀[0m[38;2;185;170;175m[48;2;185;170;175m▀[0m[38;2;185;170;175m[48;2;185;170;175m▀[0m[38;2;185;170;175m[48;2;185;170;175m▀[0m[38;2;185;170;175m[48;2;185;170;175m▀[0m[38;2;185;170;175m[48;2;52;41;48m▀[0m[38;2;52;41;48m[48;2;185;170;175m▀[0m[38;2;52;41;48m[48;2;185;170;175m▀[0m[38;2;74;57;66m[48;2;52;41;48m▀[0m[38;2;74;57;66m[48;2;74;57;66m▀[0m[38;2;74;57;66m[48;2;74;57;66m▀[0m[38;2;74;57;66m[48;2;74;57;66m▀[0m[38;2;74;57;66m[48;2;74;57;66m▀[0m[38;2;74;57;66m[48;2;52;41;48m▀[0m[38;2;52;41;48m[48;2;15;15;15m▀[0m[38;2;15;15;15m▀      
           [38;2;52;41;48m[48;2;52;41;48m▀[0m[38;2;239;227;225m[48;2;185;170;175m▀[0m[38;2;239;227;225m[48;2;239;227;225m▀[0m[38;2;239;227;225m[48;2;239;227;225m▀[0m[38;2;239;227;225m[48;2;239;227;225m▀[0m[38;2;239;227;225m[48;2;239;227;225m▀[0m[38;2;239;227;225m[48;2;239;227;225m▀[0m[38;2;239;227;225m[48;2;239;227;225m▀[0m[38;2;239;227;225m[48;2;239;227;225m▀[0m[38;2;239;227;225m[48;2;239;227;225m▀[0m[38;2;239;227;225m[48;2;239;227;225m▀[0m[38;2;239;227;225m[48;2;239;227;225m▀[0m[38;2;239;227;225m[48;2;239;227;225m▀[0m[38;2;239;227;225m[48;2;239;227;225m▀[0m[38;2;239;227;225m[48;2;102;91;96m▀[0m[38;2;102;91;96m[48;2;239;227;225m▀[0m[38;2;239;227;225m[48;2;239;227;225m▀[0m[38;2;239;227;225m[48;2;239;227;225m▀[0m[38;2;239;227;225m[48;2;239;227;225m▀[0m[38;2;239;227;225m[48;2;15;15;15m▀[0m[38;2;15;15;15m▀ [38;2;102;91;96m[48;2;102;91;96m▀[0m[38;2;239;227;225m[48;2;239;227;225m▀[0m[38;2;239;227;225m[48;2;239;227;225m▀[0m[38;2;147;125;133m[48;2;147;125;133m▀[0m[38;2;185;170;175m[48;2;185;170;175m▀[0m[38;2;185;170;175m[48;2;185;170;175m▀[0m[38;2;185;170;175m[48;2;185;170;175m▀[0m[38;2;185;170;175m[48;2;185;170;175m▀[0m[38;2;185;170;175m[48;2;185;170;175m▀[0m[38;2;185;170;175m[48;2;185;170;175m▀[0m[38;2;185;170;175m[48;2;185;170;175m▀[0m[38;2;185;170;175m[48;2;185;170;175m▀[0m[38;2;185;170;175m[48;2;185;170;175m▀[0m[38;2;185;170;175m[48;2;52;41;48m▀[0m[38;2;52;41;48m[48;2;52;41;48m▀[0m[38;2;74;57;66m[48;2;52;41;48m▀[0m[38;2;74;57;66m[48;2;74;57;66m▀[0m[38;2;74;57;66m[48;2;74;57;66m▀[0m[38;2;74;57;66m[48;2;15;15;15m▀[0m[38;2;15;15;15m[48;2;15;15;15m▀[0m[38;2;15;15;15m[48;2;15;15;15m▀[0m        
            [38;2;15;15;15m▀[38;2;239;227;225m[48;2;15;15;15m▀[0m[38;2;239;227;225m[48;2;185;170;175m▀[0m[38;2;239;227;225m[48;2;239;227;225m▀[0m[38;2;239;227;225m[48;2;239;227;225m▀[0m[38;2;239;227;225m[48;2;239;227;225m▀[0m[38;2;239;227;225m[48;2;239;227;225m▀[0m[38;2;239;227;225m[48;2;239;227;225m▀[0m[38;2;239;227;225m[48;2;239;227;225m▀[0m[38;2;239;227;225m[48;2;239;227;225m▀[0m[38;2;239;227;225m[48;2;239;227;225m▀[0m[38;2;239;227;225m[48;2;239;227;225m▀[0m[38;2;239;227;225m[48;2;239;227;225m▀[0m[38;2;239;227;225m[48;2;239;227;225m▀[0m[38;2;239;227;225m[48;2;239;227;225m▀[0m[38;2;239;227;225m[48;2;239;227;225m▀[0m[38;2;239;227;225m[48;2;239;227;225m▀[0m[38;2;239;227;225m[48;2;15;15;15m▀[0m[38;2;15;15;15m[48;2;102;91;96m▀[0m[38;2;15;15;15m[48;2;185;170;175m▀[0m[38;2;15;15;15m[48;2;185;170;175m▀[0m[38;2;15;15;15m▄[38;2;74;57;66m[48;2;74;57;66m▀[0m[38;2;239;227;225m[48;2;239;227;225m▀[0m[38;2;147;125;133m[48;2;239;227;225m▀[0m[38;2;185;170;175m[48;2;147;125;133m▀[0m[38;2;185;170;175m[48;2;185;170;175m▀[0m[38;2;185;170;175m[48;2;185;170;175m▀[0m[38;2;185;170;175m[48;2;185;170;175m▀[0m[38;2;185;170;175m[48;2;185;170;175m▀[0m[38;2;185;170;175m[48;2;185;170;175m▀[0m[38;2;185;170;175m[48;2;185;170;175m▀[0m[38;2;185;170;175m[48;2;185;170;175m▀[0m[38;2;52;41;48m[48;2;185;170;175m▀[0m[38;2;52;41;48m[48;2;185;170;175m▀[0m[38;2;185;170;175m[48;2;185;170;175m▀[0m[38;2;185;170;175m[48;2;15;15;15m▀[0m[38;2;15;15;15m[48;2;52;41;48m▀[0m[38;2;52;41;48m[48;2;52;41;48m▀[0m[38;2;52;41;48m[48;2;52;41;48m▀[0m[38;2;52;41;48m[48;2;52;41;48m▀[0m[38;2;52;41;48m[48;2;15;15;15m▀[0m[38;2;15;15;15m▀       
              [38;2;15;15;15m▀[38;2;15;15;15m▀[38;2;185;170;175m[48;2;15;15;15m▀[0m[38;2;239;227;225m[48;2;15;15;15m▀[0m[38;2;239;227;225m[48;2;15;15;15m▀[0m[38;2;74;57;66m[48;2;239;227;225m▀[0m[38;2;239;227;225m[48;2;74;57;66m▀[0m[38;2;239;227;225m[48;2;239;227;225m▀[0m[38;2;239;227;225m[48;2;239;227;225m▀[0m[38;2;239;227;225m[48;2;239;227;225m▀[0m[38;2;239;227;225m[48;2;239;227;225m▀[0m[38;2;239;227;225m[48;2;239;227;225m▀[0m[38;2;239;227;225m[48;2;239;227;225m▀[0m[38;2;239;227;225m[48;2;185;170;175m▀[0m[38;2;102;91;96m[48;2;185;170;175m▀[0m[38;2;185;170;175m[48;2;185;170;175m▀[0m[38;2;185;170;175m[48;2;185;170;175m▀[0m[38;2;185;170;175m[48;2;185;170;175m▀[0m[38;2;185;170;175m[48;2;15;15;15m▀[0m[38;2;15;15;15m▀ [38;2;74;57;66m[48;2;74;57;66m▀[0m[38;2;239;227;225m[48;2;239;227;225m▀[0m[38;2;147;125;133m[48;2;239;227;225m▀[0m[38;2;185;170;175m[48;2;102;91;96m▀[0m[38;2;185;170;175m[48;2;185;170;175m▀[0m[38;2;185;170;175m[48;2;185;170;175m▀[0m[38;2;185;170;175m[48;2;185;170;175m▀[0m[38;2;185;170;175m[48;2;185;170;175m▀[0m[38;2;185;170;175m[48;2;185;170;175m▀[0m[38;2;185;170;175m[48;2;147;125;133m▀[0m[38;2;185;170;175m[48;2;74;57;66m▀[0m[38;2;185;170;175m[48;2;15;15;15m▀[0m[38;2;15;15;15m[48;2;15;15;15m▀[0m[38;2;52;41;48m[48;2;52;41;48m▀[0m[38;2;52;41;48m[48;2;52;41;48m▀[0m[38;2;52;41;48m[48;2;52;41;48m▀[0m[38;2;15;15;15m[48;2;52;41;48m▀[0m[38;2;15;15;15m[48;2;52;41;48m▀[0m[38;2;15;15;15m▄        
                  [38;2;15;15;15m[48;2;15;15;15m▀[0m[38;2;239;227;225m[48;2;239;227;225m▀[0m[38;2;74;57;66m[48;2;239;227;225m▀[0m[38;2;239;227;225m[48;2;74;57;66m▀[0m[38;2;239;227;225m[48;2;239;227;225m▀[0m[38;2;239;227;225m[48;2;239;227;225m▀[0m[38;2;239;227;225m[48;2;239;227;225m▀[0m[38;2;239;227;225m[48;2;239;227;225m▀[0m[38;2;239;227;225m[48;2;185;170;175m▀[0m[38;2;185;170;175m[48;2;185;170;175m▀[0m[38;2;185;170;175m[48;2;185;170;175m▀[0m[38;2;185;170;175m[48;2;185;170;175m▀[0m[38;2;185;170;175m[48;2;185;170;175m▀[0m[38;2;102;91;96m[48;2;74;57;66m▀[0m[38;2;74;57;66m[48;2;185;170;175m▀[0m[38;2;15;15;15m[48;2;185;170;175m▀[0m[38;2;15;15;15m[48;2;185;170;175m▀[0m[38;2;15;15;15m▄[38;2;15;15;15m▀[38;2;239;227;225m[48;2;15;15;15m▀[0m[38;2;239;227;225m[48;2;239;227;225m▀[0m[38;2;102;91;96m[48;2;102;91;96m▀[0m[38;2;185;170;175m[48;2;147;125;133m▀[0m[38;2;185;170;175m[48;2;147;125;133m▀[0m[38;2;147;125;133m[48;2;147;125;133m▀[0m[38;2;147;125;133m[48;2;147;125;133m▀[0m[38;2;147;125;133m[48;2;147;125;133m▀[0m[38;2;147;125;133m[48;2;147;125;133m▀[0m[38;2;147;125;133m[48;2;15;15;15m▀[0m[38;2;147;125;133m[48;2;15;15;15m▀[0m[38;2;15;15;15m[48;2;52;41;48m▀[0m[38;2;52;41;48m[48;2;15;15;15m▀[0m[38;2;52;41;48m[48;2;15;15;15m▀[0m[38;2;15;15;15m▀[38;2;15;15;15m▀         
                 [38;2;15;15;15m▄[38;2;15;15;15m[48;2;239;227;225m▀[0m[38;2;239;227;225m[48;2;239;227;225m▀[0m[38;2;239;227;225m[48;2;147;125;133m▀[0m[38;2;74;57;66m[48;2;239;227;225m▀[0m[38;2;74;57;66m[48;2;239;227;225m▀[0m[38;2;239;227;225m[48;2;15;15;15m▀[0m[38;2;239;227;225m[48;2;185;170;175m▀[0m[38;2;185;170;175m[48;2;185;170;175m▀[0m[38;2;185;170;175m[48;2;185;170;175m▀[0m[38;2;185;170;175m[48;2;185;170;175m▀[0m[38;2;185;170;175m[48;2;185;170;175m▀[0m[38;2;185;170;175m[48;2;185;170;175m▀[0m[38;2;185;170;175m[48;2;185;170;175m▀[0m[38;2;185;170;175m[48;2;185;170;175m▀[0m[38;2;185;170;175m[48;2;185;170;175m▀[0m[38;2;185;170;175m[48;2;185;170;175m▀[0m[38;2;185;170;175m[48;2;15;15;15m▀[0m[38;2;15;15;15m[48;2;52;41;48m▀[0m[38;2;52;41;48m▄[38;2;15;15;15m[48;2;74;57;66m▀[0m[38;2;185;170;175m[48;2;15;15;15m▀[0m[38;2;185;170;175m[48;2;185;170;175m▀[0m[38;2;102;91;96m[48;2;102;91;96m▀[0m[38;2;147;125;133m[48;2;147;125;133m▀[0m[38;2;147;125;133m[48;2;147;125;133m▀[0m[38;2;147;125;133m[48;2;147;125;133m▀[0m[38;2;74;57;66m[48;2;147;125;133m▀[0m[38;2;15;15;15m[48;2;147;125;133m▀[0m[38;2;52;41;48m[48;2;15;15;15m▀[0m[38;2;52;41;48m[48;2;15;15;15m▀[0m[38;2;52;41;48m[48;2;15;15;15m▀[0m[38;2;15;15;15m▀            
           [38;2;102;91;96m▄[38;2;102;91;96m▄[38;2;102;91;96m[48;2;239;227;225m▀[0m[38;2;102;91;96m[48;2;239;227;225m▀[0m[38;2;102;91;96m[48;2;239;227;225m▀[0m[38;2;102;91;96m[48;2;239;227;225m▀[0m[38;2;15;15;15m[48;2;147;125;133m▀[0m[38;2;239;227;225m[48;2;239;227;225m▀[0m[38;2;147;125;133m[48;2;239;227;225m▀[0m[38;2;239;227;225m[48;2;239;227;225m▀[0m[38;2;239;227;225m[48;2;185;170;175m▀[0m[38;2;239;227;225m[48;2;147;125;133m▀[0m[38;2;15;15;15m[48;2;15;15;15m▀[0m[38;2;185;170;175m[48;2;185;170;175m▀[0m[38;2;185;170;175m[48;2;185;170;175m▀[0m[38;2;185;170;175m[48;2;185;170;175m▀[0m[38;2;185;170;175m[48;2;185;170;175m▀[0m[38;2;185;170;175m[48;2;185;170;175m▀[0m[38;2;185;170;175m[48;2;185;170;175m▀[0m[38;2;185;170;175m[48;2;185;170;175m▀[0m[38;2;185;170;175m[48;2;185;170;175m▀[0m[38;2;185;170;175m[48;2;15;15;15m▀[0m[38;2;185;170;175m[48;2;15;15;15m▀[0m[38;2;52;41;48m[48;2;52;41;48m▀[0m[38;2;74;57;66m[48;2;52;41;48m▀[0m[38;2;74;57;66m[48;2;74;57;66m▀[0m[38;2;74;57;66m[48;2;74;57;66m▀[0m[38;2;15;15;15m[48;2;15;15;15m▀[0m[38;2;185;170;175m[48;2;185;170;175m▀[0m[38;2;102;91;96m[48;2;102;91;96m▀[0m[38;2;147;125;133m[48;2;147;125;133m▀[0m[38;2;147;125;133m[48;2;147;125;133m▀[0m[38;2;147;125;133m[48;2;15;15;15m▀[0m[38;2;15;15;15m▀[38;2;15;15;15m▀[38;2;15;15;15m▀               
         [38;2;102;91;96m▄[38;2;102;91;96m[48;2;239;227;225m▀[0m[38;2;239;227;225m[48;2;239;227;225m▀[0m[38;2;239;227;225m[48;2;239;227;225m▀[0m[38;2;239;227;225m[48;2;239;227;225m▀[0m[38;2;239;227;225m[48;2;239;227;225m▀[0m[38;2;239;227;225m[48;2;239;227;225m▀[0m[38;2;239;227;225m[48;2;185;170;175m▀[0m[38;2;239;227;225m[48;2;215;93;120m▀[0m[38;2;239;227;225m[48;2;239;227;225m▀[0m[38;2;239;227;225m[48;2;239;227;225m▀[0m[38;2;147;125;133m[48;2;239;227;225m▀[0m[38;2;185;170;175m[48;2;239;227;225m▀[0m[38;2;239;227;225m[48;2;239;227;225m▀[0m[38;2;239;227;225m[48;2;239;227;225m▀[0m[38;2;15;15;15m[48;2;15;15;15m▀[0m[38;2;185;170;175m[48;2;15;15;15m▀[0m[38;2;185;170;175m[48;2;185;170;175m▀[0m[38;2;185;170;175m[48;2;74;57;66m▀[0m[38;2;185;170;175m[48;2;74;57;66m▀[0m[38;2;185;170;175m[48;2;74;57;66m▀[0m[38;2;15;15;15m[48;2;74;57;66m▀[0m[38;2;15;15;15m[48;2;239;227;225m▀[0m[38;2;239;227;225m[48;2;239;227;225m▀[0m[38;2;239;227;225m[48;2;239;227;225m▀[0m[38;2;239;227;225m[48;2;239;227;225m▀[0m[38;2;239;227;225m[48;2;239;227;225m▀[0m[38;2;52;41;48m[48;2;239;227;225m▀[0m[38;2;74;57;66m[48;2;15;15;15m▀[0m[38;2;15;15;15m[48;2;185;170;175m▀[0m[38;2;185;170;175m[48;2;102;91;96m▀[0m[38;2;102;91;96m[48;2;147;125;133m▀[0m[38;2;147;125;133m[48;2;15;15;15m▀[0m[38;2;15;15;15m[48;2;52;41;48m▀[0m[38;2;15;15;15m[48;2;52;41;48m▀[0m[38;2;15;15;15m▄[38;2;15;15;15m[48;2;52;41;48m▀[0m[38;2;15;15;15m[48;2;52;41;48m▀[0m[38;2;15;15;15m[48;2;15;15;15m▀[0m[38;2;15;15;15m▄[38;2;15;15;15m▄[38;2;15;15;15m▄ [38;2;84;81;81m▄[38;2;84;81;81m[48;2;121;120;119m▀[0m[38;2;84;81;81m[48;2;215;93;120m▀[0m[38;2;84;81;81m[48;2;84;81;81m▀[0m[38;2;15;15;15m▄[38;2;15;15;15m[48;2;171;167;168m▀[0m[38;2;15;15;15m[48;2;215;93;120m▀[0m[38;2;15;15;15m[48;2;15;15;15m▀[0m  
         [38;2;102;91;96m[48;2;102;91;96m▀[0m[38;2;239;227;225m[48;2;121;120;119m▀[0m[38;2;239;227;225m[48;2;239;227;225m▀[0m[38;2;239;227;225m[48;2;239;227;225m▀[0m[38;2;239;227;225m[48;2;215;93;120m▀[0m[38;2;215;93;120m[48;2;255;251;255m▀[0m[38;2;215;93;120m[48;2;15;15;15m▀[0m[38;2;215;93;120m[48;2;215;93;120m▀[0m[38;2;215;93;120m[48;2;147;125;133m▀[0m[38;2;239;227;225m[48;2;239;227;225m▀[0m[38;2;239;227;225m[48;2;239;227;225m▀[0m[38;2;147;125;133m[48;2;15;15;15m▀[0m[38;2;239;227;225m[48;2;15;15;15m▀[0m[38;2;15;15;15m▀[38;2;15;15;15m▀ [38;2;74;57;66m▄[38;2;74;57;66m[48;2;255;251;255m▀[0m[38;2;255;251;255m[48;2;255;251;255m▀[0m[38;2;255;251;255m[48;2;167;171;167m▀[0m[38;2;255;251;255m[48;2;255;251;255m▀[0m[38;2;255;251;255m[48;2;255;251;255m▀[0m[38;2;74;57;66m[48;2;255;251;255m▀[0m[38;2;74;57;66m[48;2;255;251;255m▀[0m[38;2;239;227;225m[48;2;102;91;96m▀[0m[38;2;239;227;225m[48;2;239;227;225m▀[0m[38;2;239;227;225m[48;2;239;227;225m▀[0m[38;2;147;125;133m[48;2;74;57;66m▀[0m[38;2;15;15;15m[48;2;185;170;175m▀[0m[38;2;185;170;175m[48;2;102;91;96m▀[0m[38;2;102;91;96m[48;2;147;125;133m▀[0m[38;2;147;125;133m[48;2;15;15;15m▀[0m[38;2;15;15;15m[48;2;52;41;48m▀[0m[38;2;52;41;48m[48;2;52;41;48m▀[0m[38;2;52;41;48m[48;2;52;41;48m▀[0m[38;2;52;41;48m[48;2;52;41;48m▀[0m[38;2;15;15;15m[48;2;15;15;15m▀[0m[38;2;15;15;15m[48;2;52;41;48m▀[0m[38;2;52;41;48m[48;2;52;41;48m▀[0m[38;2;52;41;48m[48;2;52;41;48m▀[0m[38;2;15;15;15m[48;2;52;41;48m▀[0m[38;2;121;120;119m[48;2;15;15;15m▀[0m[38;2;15;15;15m[48;2;121;120;119m▀[0m[38;2;15;15;15m[48;2;171;167;168m▀[0m[38;2;121;120;119m[48;2;15;15;15m▀[0m[38;2;84;81;81m[48;2;15;15;15m▀[0m[38;2;15;15;15m▄[38;2;15;15;15m[48;2;121;120;119m▀[0m[38;2;171;167;168m[48;2;171;167;168m▀[0m[38;2;15;15;15m[48;2;15;15;15m▀[0m   
        [38;2;121;120;119m▄[38;2;121;120;119m[48;2;171;167;168m▀[0m[38;2;171;167;168m[48;2;171;167;168m▀[0m[38;2;121;120;119m[48;2;171;167;168m▀[0m[38;2;185;170;175m[48;2;121;120;119m▀[0m[38;2;15;15;15m[48;2;121;120;119m▀[0m[38;2;15;15;15m[48;2;84;81;81m▀[0m[38;2;215;93;120m[48;2;239;227;225m▀[0m[38;2;147;125;133m[48;2;239;227;225m▀[0m[38;2;239;227;225m[48;2;239;227;225m▀[0m[38;2;239;227;225m[48;2;239;227;225m▀[0m[38;2;239;227;225m[48;2;185;170;175m▀[0m[38;2;15;15;15m[48;2;102;91;96m▀[0m    [38;2;74;57;66m[48;2;74;57;66m▀[0m[38;2;255;251;255m[48;2;255;251;255m▀[0m[38;2;255;251;255m[48;2;102;91;96m▀[0m[38;2;255;251;255m[48;2;102;91;96m▀[0m[38;2;102;91;96m[48;2;239;227;225m▀[0m[38;2;102;91;96m[48;2;239;227;225m▀[0m[38;2;255;251;255m[48;2;102;91;96m▀[0m[38;2;255;251;255m[48;2;255;251;255m▀[0m[38;2;255;251;255m[48;2;255;251;255m▀[0m[38;2;102;91;96m[48;2;102;91;96m▀[0m[38;2;239;227;225m[48;2;147;125;133m▀[0m[38;2;74;57;66m[48;2;147;125;133m▀[0m[38;2;185;170;175m[48;2;185;170;175m▀[0m[38;2;102;91;96m[48;2;102;91;96m▀[0m[38;2;15;15;15m[48;2;52;41;48m▀[0m[38;2;52;41;48m[48;2;52;41;48m▀[0m[38;2;52;41;48m[48;2;52;41;48m▀[0m[38;2;52;41;48m[48;2;52;41;48m▀[0m[38;2;52;41;48m[48;2;52;41;48m▀[0m[38;2;52;41;48m[48;2;52;41;48m▀[0m[38;2;52;41;48m[48;2;52;41;48m▀[0m[38;2;52;41;48m[48;2;52;41;48m▀[0m[38;2;52;41;48m[48;2;52;41;48m▀[0m[38;2;52;41;48m[48;2;52;41;48m▀[0m[38;2;52;41;48m[48;2;52;41;48m▀[0m[38;2;15;15;15m[48;2;15;15;15m▀[0m[38;2;15;15;15m▀[38;2;84;81;81m[48;2;121;120;119m▀[0m[38;2;171;167;168m[48;2;15;15;15m▀[0m[38;2;171;167;168m[48;2;15;15;15m▀[0m[38;2;171;167;168m[48;2;15;15;15m▀[0m[38;2;171;167;168m[48;2;121;120;119m▀[0m[38;2;171;167;168m[48;2;171;167;168m▀[0m[38;2;15;15;15m[48;2;171;167;168m▀[0m[38;2;84;81;81m▄  
      [38;2;121;120;119m▄[38;2;121;120;119m[48;2;171;167;168m▀[0m[38;2;171;167;168m[48;2;171;167;168m▀[0m[38;2;171;167;168m[48;2;171;167;168m▀[0m[38;2;171;167;168m[48;2;121;120;119m▀[0m[38;2;121;120;119m[48;2;15;15;15m▀[0m[38;2;121;120;119m[48;2;15;15;15m▀[0m[38;2;84;81;81m[48;2;185;170;175m▀[0m[38;2;185;170;175m[48;2;185;170;175m▀[0m[38;2;185;170;175m[48;2;185;170;175m▀[0m[38;2;185;170;175m[48;2;185;170;175m▀[0m[38;2;185;170;175m[48;2;185;170;175m▀[0m[38;2;185;170;175m[48;2;185;170;175m▀[0m[38;2;185;170;175m[48;2;185;170;175m▀[0m[38;2;185;170;175m[48;2;185;170;175m▀[0m[38;2;15;15;15m[48;2;185;170;175m▀[0m[38;2;15;15;15m[48;2;185;170;175m▀[0m[38;2;15;15;15m▄[38;2;15;15;15m▄[38;2;15;15;15m▄[38;2;102;91;96m[48;2;185;170;175m▀[0m[38;2;239;227;225m[48;2;185;170;175m▀[0m[38;2;239;227;225m[48;2;239;227;225m▀[0m[38;2;239;227;225m[48;2;239;227;225m▀[0m[38;2;239;227;225m[48;2;239;227;225m▀[0m[38;2;239;227;225m[48;2;185;170;175m▀[0m[38;2;15;15;15m[48;2;102;91;96m▀[0m[38;2;15;15;15m[48;2;167;171;167m▀[0m[38;2;102;91;96m[48;2;15;15;15m▀[0m[38;2;147;125;133m[48;2;15;15;15m▀[0m[38;2;147;125;133m[48;2;147;125;133m▀[0m[38;2;147;125;133m[48;2;15;15;15m▀[0m[38;2;15;15;15m[48;2;52;41;48m▀[0m[38;2;52;41;48m[48;2;52;41;48m▀[0m[38;2;52;41;48m[48;2;52;41;48m▀[0m[38;2;52;41;48m[48;2;52;41;48m▀[0m[38;2;52;41;48m[48;2;52;41;48m▀[0m[38;2;52;41;48m[48;2;52;41;48m▀[0m[38;2;15;15;15m[48;2;15;15;15m▀[0m[38;2;52;41;48m[48;2;15;15;15m▀[0m[38;2;52;41;48m[48;2;15;15;15m▀[0m[38;2;15;15;15m▀[38;2;15;15;15m▀[38;2;15;15;15m▀[38;2;15;15;15m▄[38;2;84;81;81m[48;2;121;120;119m▀[0m[38;2;121;120;119m[48;2;84;81;81m▀[0m[38;2;121;120;119m[48;2;121;120;119m▀[0m[38;2;121;120;119m[48;2;15;15;15m▀[0m[38;2;15;15;15m[48;2;171;167;168m▀[0m[38;2;121;120;119m[48;2;84;81;81m▀[0m[38;2;171;167;168m[48;2;171;167;168m▀[0m[38;2;121;120;119m[48;2;84;81;81m▀[0m[38;2;84;81;81m[48;2;121;120;119m▀[0m[38;2;84;81;81m▄[38;2;15;15;15m▄
  [38;2;121;120;119m▄[38;2;121;120;119m▄[38;2;121;120;119m▄[38;2;121;120;119m[48;2;171;167;168m▀[0m[38;2;171;167;168m[48;2;171;167;168m▀[0m[38;2;171;167;168m[48;2;15;15;15m▀[0m[38;2;121;120;119m[48;2;15;15;15m▀[0m[38;2;15;15;15m▀[38;2;15;15;15m▀  [38;2;15;15;15m▀[38;2;15;15;15m▀[38;2;15;15;15m▀[38;2;102;91;96m▀[38;2;102;91;96m[48;2;15;15;15m▀[0m[38;2;185;170;175m[48;2;15;15;15m▀[0m[38;2;185;170;175m[48;2;185;170;175m▀[0m[38;2;185;170;175m[48;2;185;170;175m▀[0m[38;2;185;170;175m[48;2;185;170;175m▀[0m[38;2;185;170;175m[48;2;185;170;175m▀[0m[38;2;185;170;175m[48;2;185;170;175m▀[0m[38;2;185;170;175m[48;2;185;170;175m▀[0m[38;2;185;170;175m[48;2;185;170;175m▀[0m[38;2;185;170;175m[48;2;185;170;175m▀[0m[38;2;185;170;175m[48;2;185;170;175m▀[0m[38;2;185;170;175m[48;2;147;125;133m▀[0m[38;2;185;170;175m[48;2;185;170;175m▀[0m[38;2;185;170;175m[48;2;147;125;133m▀[0m[38;2;147;125;133m[48;2;185;170;175m▀[0m[38;2;167;171;167m[48;2;185;170;175m▀[0m[38;2;102;91;96m[48;2;134;138;134m▀[0m[38;2;167;171;167m[48;2;15;15;15m▀[0m[38;2;167;171;167m[48;2;167;171;167m▀[0m[38;2;15;15;15m[48;2;167;171;167m▀[0m[38;2;15;15;15m[48;2;15;15;15m▀[0m[38;2;52;41;48m[48;2;52;41;48m▀[0m[38;2;52;41;48m[48;2;52;41;48m▀[0m[38;2;52;41;48m[48;2;52;41;48m▀[0m[38;2;52;41;48m[48;2;52;41;48m▀[0m[38;2;52;41;48m[48;2;15;15;15m▀[0m[38;2;15;15;15m▀      [38;2;15;15;15m▀[38;2;121;120;119m[48;2;15;15;15m▀[0m[38;2;15;15;15m[48;2;15;15;15m▀[0m[38;2;121;120;119m[48;2;121;120;119m▀[0m[38;2;15;15;15m[48;2;84;81;81m▀[0m[38;2;121;120;119m[48;2;15;15;15m▀[0m[38;2;84;81;81m[48;2;15;15;15m▀[0m[38;2;171;167;168m[48;2;121;120;119m▀[0m[38;2;84;81;81m[48;2;215;93;120m▀[0m[38;2;121;120;119m[48;2;15;15;15m▀[0m[38;2;215;93;120m[48;2;15;15;15m▀[0m[38;2;15;15;15m▀
[38;2;121;120;119m▄[38;2;121;120;119m[48;2;171;167;168m▀[0m[38;2;171;167;168m[48;2;171;167;168m▀[0m[38;2;171;167;168m[48;2;84;81;81m▀[0m[38;2;171;167;168m[48;2;84;81;81m▀[0m[38;2;84;81;81m[48;2;167;171;167m▀[0m[38;2;15;15;15m[48;2;15;15;15m▀[0m            [38;2;15;15;15m▀[38;2;15;15;15m▀[38;2;185;170;175m[48;2;15;15;15m▀[0m[38;2;185;170;175m[48;2;15;15;15m▀[0m[38;2;185;170;175m[48;2;15;15;15m▀[0m[38;2;185;170;175m[48;2;15;15;15m▀[0m[38;2;185;170;175m[48;2;15;15;15m▀[0m[38;2;147;125;133m[48;2;15;15;15m▀[0m[38;2;15;15;15m[48;2;134;138;134m▀[0m[38;2;15;15;15m[48;2;134;138;134m▀[0m[38;2;185;170;175m[48;2;15;15;15m▀[0m[38;2;15;15;15m[48;2;134;138;134m▀[0m[38;2;185;170;175m[48;2;15;15;15m▀[0m[38;2;15;15;15m[48;2;134;138;134m▀[0m[38;2;134;138;134m[48;2;134;138;134m▀[0m[38;2;15;15;15m[48;2;134;138;134m▀[0m[38;2;167;171;167m[48;2;15;15;15m▀[0m[38;2;167;171;167m[48;2;167;171;167m▀[0m[38;2;167;171;167m[48;2;167;171;167m▀[0m[38;2;15;15;15m[48;2;15;15;15m▀[0m[38;2;52;41;48m[48;2;52;41;48m▀[0m[38;2;52;41;48m[48;2;52;41;48m▀[0m[38;2;52;41;48m[48;2;15;15;15m▀[0m[38;2;15;15;15m▀          [38;2;15;15;15m▀[38;2;15;15;15m▀  [38;2;15;15;15m▀[38;2;15;15;15m▀   
[38;2;121;120;119m[48;2;15;15;15m▀[0m[38;2;171;167;168m[48;2;15;15;15m▀[0m[38;2;15;15;15m▀[38;2;15;15;15m▀[38;2;167;171;167m[48;2;15;15;15m▀[0m[38;2;167;171;167m[48;2;167;171;167m▀[0m[38;2;167;171;167m[48;2;255;251;255m▀[0m[38;2;74;57;66m[48;2;74;57;66m▀[0m                  [38;2;74;57;66m▀[38;2;102;91;96m[48;2;74;57;66m▀[0m[38;2;134;138;134m[48;2;102;91;96m▀[0m[38;2;134;138;134m[48;2;134;138;134m▀[0m[38;2;134;138;134m[48;2;134;138;134m▀[0m[38;2;134;138;134m[48;2;134;138;134m▀[0m[38;2;134;138;134m[48;2;134;138;134m▀[0m[38;2;134;138;134m[48;2;102;91;96m▀[0m[38;2;102;91;96m[48;2;134;138;134m▀[0m[38;2;15;15;15m[48;2;15;15;15m▀[0m[38;2;167;171;167m[48;2;167;171;167m▀[0m[38;2;167;171;167m[48;2;167;171;167m▀[0m[38;2;15;15;15m[48;2;15;15;15m▀[0m[38;2;52;41;48m[48;2;15;15;15m▀[0m[38;2;15;15;15m▀                     
     [38;2;74;57;66m[48;2;15;15;15m▀[0m[38;2;255;251;255m[48;2;255;251;255m▀[0m[38;2;255;251;255m[48;2;255;251;255m▀[0m[38;2;74;57;66m[48;2;255;251;255m▀[0m[38;2;74;57;66m▄                [38;2;74;57;66m▄[38;2;74;57;66m[48;2;134;138;134m▀[0m[38;2;134;138;134m[48;2;134;138;134m▀[0m[38;2;102;91;96m[48;2;134;138;134m▀[0m[38;2;102;91;96m[48;2;134;138;134m▀[0m[38;2;102;91;96m[48;2;134;138;134m▀[0m[38;2;102;91;96m[48;2;134;138;134m▀[0m[38;2;134;138;134m[48;2;134;138;134m▀[0m[38;2;134;138;134m[48;2;102;91;96m▀[0m[38;2;15;15;15m[48;2;167;171;167m▀[0m[38;2;167;171;167m[48;2;167;171;167m▀[0m[38;2;167;171;167m[48;2;167;171;167m▀[0m[38;2;15;15;15m[48;2;15;15;15m▀[0m                       
     [38;2;15;15;15m▀[38;2;255;251;255m[48;2;74;57;66m▀[0m[38;2;255;251;255m[48;2;255;251;255m▀[0m[38;2;255;251;255m[48;2;255;251;255m▀[0m[38;2;255;251;255m[48;2;255;251;255m▀[0m[38;2;74;57;66m[48;2;255;251;255m▀[0m[38;2;74;57;66m[48;2;15;15;15m▀[0m[38;2;74;57;66m▄[38;2;74;57;66m▄        [38;2;74;57;66m▄[38;2;74;57;66m▄[38;2;74;57;66m[48;2;134;138;134m▀[0m[38;2;74;57;66m[48;2;134;138;134m▀[0m[38;2;134;138;134m[48;2;134;138;134m▀[0m[38;2;134;138;134m[48;2;134;138;134m▀[0m[38;2;134;138;134m[48;2;134;138;134m▀[0m[38;2;134;138;134m[48;2;134;138;134m▀[0m[38;2;134;138;134m[48;2;134;138;134m▀[0m[38;2;134;138;134m[48;2;134;138;134m▀[0m[38;2;134;138;134m[48;2;134;138;134m▀[0m[38;2;134;138;134m[48;2;74;57;66m▀[0m[38;2;74;57;66m[48;2;167;171;167m▀[0m[38;2;167;171;167m[48;2;167;171;167m▀[0m[38;2;167;171;167m[48;2;167;171;167m▀[0m[38;2;15;15;15m[48;2;15;15;15m▀[0m                        
      [38;2;15;15;15m▀[38;2;255;251;255m[48;2;74;57;66m▀[0m[38;2;255;251;255m[48;2;255;251;255m▀[0m[38;2;255;251;255m[48;2;255;251;255m▀[0m[38;2;255;251;255m[48;2;255;251;255m▀[0m[38;2;255;251;255m[48;2;255;251;255m▀[0m[38;2;255;251;255m[48;2;255;251;255m▀[0m[38;2;102;91;96m[48;2;255;251;255m▀[0m[38;2;74;57;66m[48;2;255;251;255m▀[0m[38;2;74;57;66m[48;2;74;57;66m▀[0m[38;2;74;57;66m[48;2;102;91;96m▀[0m[38;2;74;57;66m[48;2;134;138;134m▀[0m[38;2;74;57;66m[48;2;134;138;134m▀[0m[38;2;74;57;66m[48;2;134;138;134m▀[0m[38;2;74;57;66m[48;2;134;138;134m▀[0m[38;2;74;57;66m[48;2;134;138;134m▀[0m[38;2;134;138;134m[48;2;134;138;134m▀[0m[38;2;134;138;134m[48;2;134;138;134m▀[0m[38;2;134;138;134m[48;2;134;138;134m▀[0m[38;2;134;138;134m[48;2;134;138;134m▀[0m[38;2;134;138;134m[48;2;134;138;134m▀[0m[38;2;134;138;134m[48;2;134;138;134m▀[0m[38;2;134;138;134m[48;2;134;138;134m▀[0m[38;2;134;138;134m[48;2;134;138;134m▀[0m[38;2;134;138;134m[48;2;102;91;96m▀[0m[38;2;134;138;134m[48;2;74;57;66m▀[0m[38;2;74;57;66m[48;2;167;171;167m▀[0m[38;2;167;171;167m[48;2;167;171;167m▀[0m[38;2;167;171;167m[48;2;167;171;167m▀[0m[38;2;167;171;167m[48;2;15;15;15m▀[0m[38;2;15;15;15m▀                         
       [38;2;15;15;15m▀[38;2;255;251;255m[48;2;74;57;66m▀[0m[38;2;255;251;255m[48;2;255;251;255m▀[0m[38;2;255;251;255m[48;2;255;251;255m▀[0m[38;2;255;251;255m[48;2;255;251;255m▀[0m[38;2;255;251;255m[48;2;255;251;255m▀[0m[38;2;255;251;255m[48;2;255;251;255m▀[0m[38;2;255;251;255m[48;2;255;251;255m▀[0m[38;2;255;251;255m[48;2;255;251;255m▀[0m[38;2;255;251;255m[48;2;255;251;255m▀[0m[38;2;74;57;66m[48;2;255;251;255m▀[0m[38;2;74;57;66m[48;2;255;251;255m▀[0m[38;2;74;57;66m[48;2;255;251;255m▀[0m[38;2;102;91;96m[48;2;255;251;255m▀[0m[38;2;134;138;134m[48;2;74;57;66m▀[0m[38;2;134;138;134m[48;2;74;57;66m▀[0m[38;2;134;138;134m[48;2;74;57;66m▀[0m[38;2;134;138;134m[48;2;74;57;66m▀[0m[38;2;134;138;134m[48;2;74;57;66m▀[0m[38;2;134;138;134m[48;2;74;57;66m▀[0m[38;2;102;91;96m[48;2;255;251;255m▀[0m[38;2;74;57;66m[48;2;255;251;255m▀[0m[38;2;74;57;66m[48;2;167;171;167m▀[0m[38;2;167;171;167m[48;2;167;171;167m▀[0m[38;2;167;171;167m[48;2;167;171;167m▀[0m[38;2;167;171;167m[48;2;167;171;167m▀[0m[38;2;167;171;167m[48;2;15;15;15m▀[0m[38;2;15;15;15m▀                           
        [38;2;15;15;15m▀[38;2;255;251;255m[48;2;15;15;15m▀[0m[38;2;255;251;255m[48;2;255;251;255m▀[0m[38;2;255;251;255m[48;2;255;251;255m▀[0m[38;2;255;251;255m[48;2;255;251;255m▀[0m[38;2;255;251;255m[48;2;255;251;255m▀[0m[38;2;255;251;255m[48;2;255;251;255m▀[0m[38;2;255;251;255m[48;2;255;251;255m▀[0m[38;2;255;251;255m[48;2;255;251;255m▀[0m[38;2;255;251;255m[48;2;255;251;255m▀[0m[38;2;255;251;255m[48;2;255;251;255m▀[0m[38;2;255;251;255m[48;2;255;251;255m▀[0m[38;2;255;251;255m[48;2;255;251;255m▀[0m[38;2;255;251;255m[48;2;255;251;255m▀[0m[38;2;255;251;255m[48;2;255;251;255m▀[0m[38;2;255;251;255m[48;2;255;251;255m▀[0m[38;2;255;251;255m[48;2;255;251;255m▀[0m[38;2;255;251;255m[48;2;255;251;255m▀[0m[38;2;255;251;255m[48;2;255;251;255m▀[0m[38;2;255;251;255m[48;2;255;251;255m▀[0m[38;2;167;171;167m[48;2;167;171;167m▀[0m[38;2;167;171;167m[48;2;167;171;167m▀[0m[38;2;167;171;167m[48;2;15;15;15m▀[0m[38;2;167;171;167m[48;2;15;15;15m▀[0m[38;2;15;15;15m▀                             
          [38;2;15;15;15m▀[38;2;167;171;167m[48;2;15;15;15m▀[0m[38;2;255;251;255m[48;2;15;15;15m▀[0m[38;2;255;251;255m[48;2;255;251;255m▀[0m[38;2;255;251;255m[48;2;255;251;255m▀[0m[38;2;255;251;255m[48;2;255;251;255m▀[0m[38;2;255;251;255m[48;2;255;251;255m▀[0m[38;2;255;251;255m[48;2;255;251;255m▀[0m[38;2;255;251;255m[48;2;255;251;255m▀[0m[38;2;255;251;255m[48;2;255;251;255m▀[0m[38;2;255;251;255m[48;2;255;251;255m▀[0m[38;2;255;251;255m[48;2;255;251;255m▀[0m[38;2;255;251;255m[48;2;255;251;255m▀[0m[38;2;255;251;255m[48;2;255;251;255m▀[0m[38;2;255;251;255m[48;2;255;251;255m▀[0m[38;2;255;251;255m[48;2;167;171;167m▀[0m[38;2;255;251;255m[48;2;15;15;15m▀[0m[38;2;167;171;167m[48;2;15;15;15m▀[0m[38;2;15;15;15m▀[38;2;15;15;15m▀                                
             [38;2;15;15;15m▀[38;2;15;15;15m▀[38;2;15;15;15m▀[38;2;255;251;255m[48;2;15;15;15m▀[0m[38;2;255;251;255m[48;2;15;15;15m▀[0m[38;2;255;251;255m[48;2;15;15;15m▀[0m[38;2;255;251;255m[48;2;15;15;15m▀[0m[38;2;255;251;255m[48;2;15;15;15m▀[0m[38;2;255;251;255m[48;2;15;15;15m▀[0m[38;2;255;251;255m[48;2;15;15;15m▀[0m[38;2;15;15;15m▀[38;2;15;15;15m▀[38;2;15;15;15m▀                                    
[0m