                     [38;2;59;53;51m▄[38;2;59;53;51m[48;2;168;157;118m▀[0m[38;2;59;53;51m▄                    [38;2;43;43;110m▄                   
            [38;2;59;53;51m[48;2;59;53;51m▀[0m[38;2;84;78;76m[48;2;168;157;118m▀[0m[38;2;84;78;76m▄     [38;2;59;53;51m▄[38;2;59;53;51m[48;2;168;157;118m▀[0m[38;2;168;157;118m[48;2;168;157;118m▀[0m[38;2;168;157;118m[48;2;59;53;51m▀[0m[38;2;59;53;51m[48;2;59;53;51m▀[0m[38;2;59;53;51m▄[38;2;59;53;51m▄[38;2;59;53;51m▄[38;2;59;53;51m▄[38;2;59;53;51m▄[38;2;59;53;51m▄[38;2;59;53;51m▄[38;2;59;53;51m▄[38;2;59;53;51m▄[38;2;59;53;51m▄[38;2;59;53;51m▄[38;2;59;53;51m▄     [38;2;43;43;110m▄[38;2;43;43;110m[48;2;72;68;171m▀[0m[38;2;72;68;171m[48;2;72;68;171m▀[0m[38;2;43;43;110m[48;2;43;43;110m▀[0m                  
            [38;2;59;53;51m[48;2;59;53;51m▀[0m[38;2;168;157;118m[48;2;168;157;118m▀[0m[38;2;168;157;118m[48;2;168;157;118m▀[0m[38;2;84;78;76m[48;2;168;157;118m▀[0m[38;2;41;35;33m▄[38;2;41;35;33m▄[38;2;41;35;33m▄[38;2;41;35;33m[48;2;212;213;171m▀[0m[38;2;41;35;33m[48;2;168;157;118m▀[0m[38;2;41;35;33m[48;2;84;78;76m▀[0m[38;2;41;35;33m[48;2;84;78;76m▀[0m[38;2;84;78;76m[48;2;84;78;76m▀[0m[38;2;84;78;76m[48;2;84;78;76m▀[0m[38;2;84;78;76m[48;2;168;157;118m▀[0m[38;2;84;78;76m[48;2;212;213;171m▀[0m[38;2;168;157;118m[48;2;212;213;171m▀[0m[38;2;212;213;171m[48;2;212;213;171m▀[0m[38;2;212;213;171m[48;2;212;213;171m▀[0m[38;2;212;213;171m[48;2;212;213;171m▀[0m[38;2;212;213;171m[48;2;212;213;171m▀[0m[38;2;168;157;118m[48;2;212;213;171m▀[0m[38;2;84;78;76m[48;2;212;213;171m▀[0m[38;2;84;78;76m[48;2;168;157;118m▀[0m[38;2;84;78;76m[48;2;84;78;76m▀[0m[38;2;84;78;76m[48;2;84;78;76m▀[0m[38;2;84;78;76m[48;2;84;78;76m▀[0m[38;2;43;43;110m[48;2;84;78;76m▀[0m[38;2;43;43;110m[48;2;89;80;212m▀[0m[38;2;43;43;110m[48;2;89;80;212m▀[0m[38;2;43;43;110m[48;2;72;68;171m▀[0m[38;2;72;68;171m[48;2;43;43;110m▀[0m[38;2;72;68;171m[48;2;43;43;110m▀[0m[38;2;72;68;171m[48;2;43;43;110m▀[0m[38;2;43;43;110m[48;2;43;43;110m▀[0m  [38;2;43;43;110m▄[38;2;43;43;110m[48;2;89;80;212m▀[0m[38;2;43;43;110m▄             
          [38;2;59;53;51m▄[38;2;84;78;76m▄[38;2;59;53;51m[48;2;41;35;33m▀[0m[38;2;168;157;118m[48;2;41;35;33m▀[0m[38;2;41;35;33m[48;2;212;213;171m▀[0m[38;2;41;35;33m[48;2;212;213;171m▀[0m[38;2;212;213;171m[48;2;212;213;171m▀[0m[38;2;212;213;171m[48;2;212;213;171m▀[0m[38;2;212;213;171m[48;2;212;213;171m▀[0m[38;2;212;213;171m[48;2;212;213;171m▀[0m[38;2;84;78;76m[48;2;84;78;76m▀[0m[38;2;84;78;76m[48;2;84;78;76m▀[0m[38;2;84;78;76m[48;2;84;78;76m▀[0m[38;2;84;78;76m[48;2;84;78;76m▀[0m[38;2;168;157;118m[48;2;168;157;118m▀[0m[38;2;212;213;171m[48;2;212;213;171m▀[0m[38;2;212;213;171m[48;2;212;213;171m▀[0m[38;2;212;213;171m[48;2;212;213;171m▀[0m[38;2;212;213;171m[48;2;212;213;171m▀[0m[38;2;212;213;171m[48;2;212;213;171m▀[0m[38;2;212;213;171m[48;2;212;213;171m▀[0m[38;2;212;213;171m[48;2;212;213;171m▀[0m[38;2;212;213;171m[48;2;212;213;171m▀[0m[38;2;212;213;171m[48;2;212;213;171m▀[0m[38;2;212;213;171m[48;2;212;213;171m▀[0m[38;2;168;157;118m[48;2;168;157;118m▀[0m[38;2;84;78;76m[48;2;84;78;76m▀[0m[38;2;84;78;76m[48;2;84;78;76m▀[0m[38;2;84;78;76m[48;2;84;78;76m▀[0m[38;2;72;68;171m[48;2;84;78;76m▀[0m[38;2;89;80;212m[48;2;72;68;171m▀[0m[38;2;89;80;212m[48;2;89;80;212m▀[0m[38;2;89;80;212m[48;2;89;80;212m▀[0m[38;2;89;80;212m[48;2;89;80;212m▀[0m[38;2;89;80;212m[48;2;89;80;212m▀[0m[38;2;43;43;110m[48;2;89;80;212m▀[0m[38;2;43;43;110m[48;2;43;43;110m▀[0m[38;2;43;43;110m[48;2;89;80;212m▀[0m[38;2;89;80;212m[48;2;89;80;212m▀[0m[38;2;89;80;212m[48;2;89;80;212m▀[0m[38;2;43;43;110m[48;2;43;43;110m▀[0m             
         [38;2;59;53;51m▄[38;2;59;53;51m[48;2;59;53;51m▀[0m[38;2;212;213;171m[48;2;212;213;171m▀[0m[38;2;84;78;76m[48;2;212;213;171m▀[0m[38;2;212;213;171m[48;2;84;78;76m▀[0m[38;2;212;213;171m[48;2;212;213;171m▀[0m[38;2;212;213;171m[48;2;212;213;171m▀[0m[38;2;212;213;171m[48;2;212;213;171m▀[0m[38;2;212;213;171m[48;2;212;213;171m▀[0m[38;2;212;213;171m[48;2;212;213;171m▀[0m[38;2;212;213;171m[48;2;212;213;171m▀[0m[38;2;84;78;76m[48;2;168;157;118m▀[0m[38;2;84;78;76m[48;2;84;78;76m▀[0m[38;2;84;78;76m[48;2;84;78;76m▀[0m[38;2;84;78;76m[48;2;84;78;76m▀[0m[38;2;84;78;76m[48;2;84;78;76m▀[0m[38;2;168;157;118m[48;2;84;78;76m▀[0m[38;2;212;213;171m[48;2;84;78;76m▀[0m[38;2;212;213;171m[48;2;168;157;118m▀[0m[38;2;212;213;171m[48;2;212;213;171m▀[0m[38;2;212;213;171m[48;2;212;213;171m▀[0m[38;2;212;213;171m[48;2;212;213;171m▀[0m[38;2;212;213;171m[48;2;212;213;171m▀[0m[38;2;212;213;171m[48;2;168;157;118m▀[0m[38;2;212;213;171m[48;2;84;78;76m▀[0m[38;2;168;157;118m[48;2;84;78;76m▀[0m[38;2;84;78;76m[48;2;84;78;76m▀[0m[38;2;84;78;76m[48;2;84;78;76m▀[0m[38;2;84;78;76m[48;2;84;78;76m▀[0m[38;2;84;78;76m[48;2;84;78;76m▀[0m[38;2;84;78;76m[48;2;43;43;110m▀[0m[38;2;43;43;110m[48;2;89;80;212m▀[0m[38;2;89;80;212m[48;2;43;43;110m▀[0m[38;2;89;80;212m[48;2;89;80;212m▀[0m[38;2;89;80;212m[48;2;89;80;212m▀[0m[38;2;89;80;212m[48;2;89;80;212m▀[0m[38;2;72;68;171m[48;2;72;68;171m▀[0m[38;2;89;80;212m[48;2;89;80;212m▀[0m[38;2;89;80;212m[48;2;89;80;212m▀[0m[38;2;89;80;212m[48;2;89;80;212m▀[0m[38;2;89;80;212m[48;2;89;80;212m▀[0m[38;2;43;43;110m[48;2;43;43;110m▀[0m[38;2;43;43;110m▄            
       [38;2;59;53;51m▄[38;2;59;53;51m[48;2;212;213;171m▀[0m[38;2;212;213;171m[48;2;212;213;171m▀[0m[38;2;59;53;51m[48;2;59;53;51m▀[0m[38;2;212;213;171m[48;2;212;213;171m▀[0m[38;2;212;213;171m[48;2;212;213;171m▀[0m[38;2;212;213;171m[48;2;212;213;171m▀[0m[38;2;84;78;76m[48;2;212;213;171m▀[0m[38;2;212;213;171m[48;2;84;78;76m▀[0m[38;2;212;213;171m[48;2;212;213;171m▀[0m[38;2;212;213;171m[48;2;212;213;171m▀[0m[38;2;212;213;171m[48;2;212;213;171m▀[0m[38;2;212;213;171m[48;2;212;213;171m▀[0m[38;2;212;213;171m[48;2;212;213;171m▀[0m[38;2;168;157;118m[48;2;212;213;171m▀[0m[38;2;84;78;76m[48;2;212;213;171m▀[0m[38;2;84;78;76m[48;2;168;157;118m▀[0m[38;2;84;78;76m[48;2;84;78;76m▀[0m[38;2;84;78;76m[48;2;84;78;76m▀[0m[38;2;84;78;76m[48;2;84;78;76m▀[0m[38;2;84;78;76m[48;2;84;78;76m▀[0m[38;2;84;78;76m[48;2;84;78;76m▀[0m[38;2;84;78;76m[48;2;84;78;76m▀[0m[38;2;84;78;76m[48;2;84;78;76m▀[0m[38;2;84;78;76m[48;2;84;78;76m▀[0m[38;2;84;78;76m[48;2;84;78;76m▀[0m[38;2;84;78;76m[48;2;84;78;76m▀[0m[38;2;84;78;76m[48;2;84;78;76m▀[0m[38;2;84;78;76m[48;2;84;78;76m▀[0m[38;2;84;78;76m[48;2;72;68;171m▀[0m[38;2;84;78;76m[48;2;43;43;110m▀[0m[38;2;43;43;110m[48;2;89;80;212m▀[0m[38;2;89;80;212m[48;2;89;80;212m▀[0m[38;2;89;80;212m[48;2;89;80;212m▀[0m[38;2;43;43;110m[48;2;43;43;110m▀[0m[38;2;89;80;212m[48;2;89;80;212m▀[0m[38;2;89;80;212m[48;2;89;80;212m▀[0m[38;2;89;80;212m[48;2;89;80;212m▀[0m[38;2;89;80;212m[48;2;89;80;212m▀[0m[38;2;72;68;171m[48;2;89;80;212m▀[0m[38;2;89;80;212m[48;2;89;80;212m▀[0m[38;2;89;80;212m[48;2;72;68;171m▀[0m[38;2;89;80;212m[48;2;72;68;171m▀[0m[38;2;43;43;110m[48;2;89;80;212m▀[0m[38;2;89;80;212m[48;2;89;80;212m▀[0m[38;2;43;43;110m[48;2;89;80;212m▀[0m[38;2;15;15;15m▄          
      [38;2;59;53;51m▄[38;2;59;53;51m[48;2;168;157;118m▀[0m[38;2;212;213;171m[48;2;212;213;171m▀[0m[38;2;212;213;171m[48;2;212;213;171m▀[0m[38;2;59;53;51m[48;2;59;53;51m▀[0m[38;2;212;213;171m[48;2;212;213;171m▀[0m[38;2;212;213;171m[48;2;212;213;171m▀[0m[38;2;212;213;171m[48;2;212;213;171m▀[0m[38;2;212;213;171m[48;2;168;157;118m▀[0m[38;2;168;157;118m[48;2;212;213;171m▀[0m[38;2;212;213;171m[48;2;212;213;171m▀[0m[38;2;212;213;171m[48;2;212;213;171m▀[0m[38;2;212;213;171m[48;2;212;213;171m▀[0m[38;2;212;213;171m[48;2;212;213;171m▀[0m[38;2;212;213;171m[48;2;212;213;171m▀[0m[38;2;212;213;171m[48;2;212;213;171m▀[0m[38;2;212;213;171m[48;2;212;213;171m▀[0m[38;2;212;213;171m[48;2;212;213;171m▀[0m[38;2;168;157;118m[48;2;84;78;76m▀[0m[38;2;84;78;76m[48;2;84;78;76m▀[0m[38;2;84;78;76m[48;2;84;78;76m▀[0m[38;2;84;78;76m[48;2;84;78;76m▀[0m[38;2;84;78;76m[48;2;72;68;171m▀[0m[38;2;84;78;76m[48;2;89;80;212m▀[0m[38;2;84;78;76m[48;2;89;80;212m▀[0m[38;2;84;78;76m[48;2;89;80;212m▀[0m[38;2;84;78;76m[48;2;89;80;212m▀[0m[38;2;72;68;171m[48;2;89;80;212m▀[0m[38;2;89;80;212m[48;2;89;80;212m▀[0m[38;2;89;80;212m[48;2;72;68;171m▀[0m[38;2;43;43;110m[48;2;89;80;212m▀[0m[38;2;89;80;212m[48;2;89;80;212m▀[0m[38;2;89;80;212m[48;2;89;80;212m▀[0m[38;2;89;80;212m[48;2;89;80;212m▀[0m[38;2;89;80;212m[48;2;89;80;212m▀[0m[38;2;43;43;110m[48;2;43;43;110m▀[0m[38;2;89;80;212m[48;2;89;80;212m▀[0m[38;2;89;80;212m[48;2;89;80;212m▀[0m[38;2;89;80;212m[48;2;89;80;212m▀[0m[38;2;89;80;212m[48;2;89;80;212m▀[0m[38;2;89;80;212m[48;2;89;80;212m▀[0m[38;2;89;80;212m[48;2;89;80;212m▀[0m[38;2;89;80;212m[48;2;89;80;212m▀[0m[38;2;89;80;212m[48;2;89;80;212m▀[0m[38;2;89;80;212m[48;2;89;80;212m▀[0m[38;2;89;80;212m[48;2;89;80;212m▀[0m[38;2;89;80;212m[48;2;89;80;212m▀[0m[38;2;89;80;212m[48;2;89;80;212m▀[0m[38;2;15;15;15m[48;2;15;15;15m▀[0m         
     [38;2;59;53;51m▄[38;2;59;53;51m[48;2;84;78;76m▀[0m[38;2;168;157;118m[48;2;84;78;76m▀[0m[38;2;212;213;171m[48;2;212;213;171m▀[0m[38;2;212;213;171m[48;2;212;213;171m▀[0m[38;2;212;213;171m[48;2;212;213;171m▀[0m[38;2;168;157;118m[48;2;212;213;171m▀[0m[38;2;168;157;118m[48;2;212;213;171m▀[0m[38;2;212;213;171m[48;2;212;213;171m▀[0m[38;2;212;213;171m[48;2;212;213;171m▀[0m[38;2;212;213;171m[48;2;212;213;171m▀[0m[38;2;212;213;171m[48;2;212;213;171m▀[0m[38;2;212;213;171m[48;2;212;213;171m▀[0m[38;2;212;213;171m[48;2;212;213;171m▀[0m[38;2;212;213;171m[48;2;212;213;171m▀[0m[38;2;212;213;171m[48;2;212;213;171m▀[0m[38;2;212;213;171m[48;2;212;213;171m▀[0m[38;2;212;213;171m[48;2;212;213;171m▀[0m[38;2;168;157;118m[48;2;84;78;76m▀[0m[38;2;84;78;76m[48;2;84;78;76m▀[0m[38;2;84;78;76m[48;2;84;78;76m▀[0m[38;2;84;78;76m[48;2;84;78;76m▀[0m[38;2;84;78;76m[48;2;72;68;171m▀[0m[38;2;89;80;212m[48;2;89;80;212m▀[0m[38;2;89;80;212m[48;2;89;80;212m▀[0m[38;2;89;80;212m[48;2;89;80;212m▀[0m[38;2;89;80;212m[48;2;89;80;212m▀[0m[38;2;89;80;212m[48;2;89;80;212m▀[0m[38;2;89;80;212m[48;2;89;80;212m▀[0m[38;2;89;80;212m[48;2;89;80;212m▀[0m[38;2;72;68;171m[48;2;89;80;212m▀[0m[38;2;89;80;212m[48;2;72;68;171m▀[0m[38;2;89;80;212m[48;2;89;80;212m▀[0m[38;2;89;80;212m[48;2;89;80;212m▀[0m[38;2;89;80;212m[48;2;89;80;212m▀[0m[38;2;89;80;212m[48;2;72;68;171m▀[0m[38;2;43;43;110m[48;2;89;80;212m▀[0m[38;2;89;80;212m[48;2;89;80;212m▀[0m[38;2;89;80;212m[48;2;89;80;212m▀[0m[38;2;89;80;212m[48;2;89;80;212m▀[0m[38;2;89;80;212m[48;2;89;80;212m▀[0m[38;2;89;80;212m[48;2;89;80;212m▀[0m[38;2;89;80;212m[48;2;89;80;212m▀[0m[38;2;89;80;212m[48;2;89;80;212m▀[0m[38;2;89;80;212m[48;2;89;80;212m▀[0m[38;2;89;80;212m[48;2;89;80;212m▀[0m[38;2;89;80;212m[48;2;89;80;212m▀[0m[38;2;89;80;212m[48;2;89;80;212m▀[0m[38;2;89;80;212m[48;2;72;68;171m▀[0m[38;2;72;68;171m[48;2;84;78;76m▀[0m[38;2;15;15;15m[48;2;15;15;15m▀[0m        
     [38;2;59;53;51m[48;2;59;53;51m▀[0m[38;2;84;78;76m[48;2;84;78;76m▀[0m[38;2;84;78;76m[48;2;84;78;76m▀[0m[38;2;168;157;118m[48;2;84;78;76m▀[0m[38;2;212;213;171m[48;2;84;78;76m▀[0m[38;2;212;213;171m[48;2;168;157;118m▀[0m[38;2;212;213;171m[48;2;212;213;171m▀[0m[38;2;212;213;171m[48;2;212;213;171m▀[0m[38;2;212;213;171m[48;2;212;213;171m▀[0m[38;2;212;213;171m[48;2;212;213;171m▀[0m[38;2;212;213;171m[48;2;212;213;171m▀[0m[38;2;212;213;171m[48;2;212;213;171m▀[0m[38;2;212;213;171m[48;2;212;213;171m▀[0m[38;2;212;213;171m[48;2;212;213;171m▀[0m[38;2;212;213;171m[48;2;212;213;171m▀[0m[38;2;212;213;171m[48;2;212;213;171m▀[0m[38;2;212;213;171m[48;2;212;213;171m▀[0m[38;2;212;213;171m[48;2;168;157;118m▀[0m[38;2;84;78;76m[48;2;84;78;76m▀[0m[38;2;84;78;76m[48;2;84;78;76m▀[0m[38;2;84;78;76m[48;2;84;78;76m▀[0m[38;2;84;78;76m[48;2;84;78;76m▀[0m[38;2;89;80;212m[48;2;89;80;212m▀[0m[38;2;89;80;212m[48;2;89;80;212m▀[0m[38;2;89;80;212m[48;2;89;80;212m▀[0m[38;2;89;80;212m[48;2;89;80;212m▀[0m[38;2;89;80;212m[48;2;89;80;212m▀[0m[38;2;89;80;212m[48;2;89;80;212m▀[0m[38;2;89;80;212m[48;2;89;80;212m▀[0m[38;2;89;80;212m[48;2;89;80;212m▀[0m[38;2;89;80;212m[48;2;89;80;212m▀[0m[38;2;89;80;212m[48;2;89;80;212m▀[0m[38;2;89;80;212m[48;2;89;80;212m▀[0m[38;2;72;68;171m[48;2;89;80;212m▀[0m[38;2;72;68;171m[48;2;89;80;212m▀[0m[38;2;89;80;212m[48;2;89;80;212m▀[0m[38;2;89;80;212m[48;2;89;80;212m▀[0m[38;2;89;80;212m[48;2;89;80;212m▀[0m[38;2;89;80;212m[48;2;89;80;212m▀[0m[38;2;89;80;212m[48;2;89;80;212m▀[0m[38;2;89;80;212m[48;2;89;80;212m▀[0m[38;2;89;80;212m[48;2;89;80;212m▀[0m[38;2;89;80;212m[48;2;89;80;212m▀[0m[38;2;89;80;212m[48;2;72;68;171m▀[0m[38;2;89;80;212m[48;2;84;78;76m▀[0m[38;2;89;80;212m[48;2;84;78;76m▀[0m[38;2;72;68;171m[48;2;84;78;76m▀[0m[38;2;84;78;76m[48;2;84;78;76m▀[0m[38;2;84;78;76m[48;2;84;78;76m▀[0m[38;2;84;78;76m[48;2;84;78;76m▀[0m[38;2;84;78;76m[48;2;84;78;76m▀[0m[38;2;15;15;15m[48;2;15;15;15m▀[0m       
     [38;2;59;53;51m[48;2;69;107;80m▀[0m[38;2;84;78;76m[48;2;84;78;76m▀[0m[38;2;84;78;76m[48;2;84;78;76m▀[0m[38;2;84;78;76m[48;2;84;78;76m▀[0m[38;2;84;78;76m[48;2;84;78;76m▀[0m[38;2;84;78;76m[48;2;84;78;76m▀[0m[38;2;84;78;76m[48;2;84;78;76m▀[0m[38;2;84;78;76m[48;2;84;78;76m▀[0m[38;2;168;157;118m[48;2;84;78;76m▀[0m[38;2;212;213;171m[48;2;84;78;76m▀[0m[38;2;212;213;171m[48;2;84;78;76m▀[0m[38;2;212;213;171m[48;2;84;78;76m▀[0m[38;2;212;213;171m[48;2;168;157;118m▀[0m[38;2;212;213;171m[48;2;212;213;171m▀[0m[38;2;212;213;171m[48;2;212;213;171m▀[0m[38;2;212;213;171m[48;2;212;213;171m▀[0m[38;2;212;213;171m[48;2;168;157;118m▀[0m[38;2;84;78;76m[48;2;84;78;76m▀[0m[38;2;84;78;76m[48;2;84;78;76m▀[0m[38;2;84;78;76m[48;2;84;78;76m▀[0m[38;2;84;78;76m[48;2;84;78;76m▀[0m[38;2;72;68;171m[48;2;72;68;171m▀[0m[38;2;89;80;212m[48;2;89;80;212m▀[0m[38;2;89;80;212m[48;2;89;80;212m▀[0m[38;2;89;80;212m[48;2;89;80;212m▀[0m[38;2;89;80;212m[48;2;89;80;212m▀[0m[38;2;89;80;212m[48;2;89;80;212m▀[0m[38;2;89;80;212m[48;2;89;80;212m▀[0m[38;2;89;80;212m[48;2;89;80;212m▀[0m[38;2;89;80;212m[48;2;72;68;171m▀[0m[38;2;89;80;212m[48;2;84;78;76m▀[0m[38;2;89;80;212m[48;2;84;78;76m▀[0m[38;2;89;80;212m[48;2;84;78;76m▀[0m[38;2;89;80;212m[48;2;84;78;76m▀[0m[38;2;89;80;212m[48;2;84;78;76m▀[0m[38;2;89;80;212m[48;2;84;78;76m▀[0m[38;2;89;80;212m[48;2;84;78;76m▀[0m[38;2;89;80;212m[48;2;84;78;76m▀[0m[38;2;72;68;171m[48;2;84;78;76m▀[0m[38;2;84;78;76m[48;2;84;78;76m▀[0m[38;2;84;78;76m[48;2;84;78;76m▀[0m[38;2;84;78;76m[48;2;84;78;76m▀[0m[38;2;84;78;76m[48;2;84;78;76m▀[0m[38;2;84;78;76m[48;2;84;78;76m▀[0m[38;2;84;78;76m[48;2;84;78;76m▀[0m[38;2;84;78;76m[48;2;84;78;76m▀[0m[38;2;84;78;76m[48;2;84;78;76m▀[0m[38;2;84;78;76m[48;2;98;153;113m▀[0m[38;2;84;78;76m[48;2;84;78;76m▀[0m[38;2;84;78;76m[48;2;84;78;76m▀[0m[38;2;84;78;76m[48;2;98;153;113m▀[0m[38;2;15;15;15m[48;2;15;15;15m▀[0m       
    [38;2;69;107;80m▄[38;2;69;107;80m[48;2;98;153;113m▀[0m[38;2;84;78;76m[48;2;84;78;76m▀[0m[38;2;84;78;76m[48;2;84;78;76m▀[0m[38;2;84;78;76m[48;2;98;153;113m▀[0m[38;2;69;107;80m[48;2;69;107;80m▀[0m[38;2;84;78;76m[48;2;84;78;76m▀[0m[38;2;84;78;76m[48;2;84;78;76m▀[0m[38;2;84;78;76m[48;2;84;78;76m▀[0m[38;2;84;78;76m[48;2;84;78;76m▀[0m[38;2;84;78;76m[48;2;84;78;76m▀[0m[38;2;84;78;76m[48;2;84;78;76m▀[0m[38;2;84;78;76m[48;2;84;78;76m▀[0m[38;2;84;78;76m[48;2;84;78;76m▀[0m[38;2;84;78;76m[48;2;84;78;76m▀[0m[38;2;84;78;76m[48;2;84;78;76m▀[0m[38;2;84;78;76m[48;2;84;78;76m▀[0m[38;2;84;78;76m[48;2;84;78;76m▀[0m[38;2;84;78;76m[48;2;84;78;76m▀[0m[38;2;84;78;76m[48;2;84;78;76m▀[0m[38;2;84;78;76m[48;2;84;78;76m▀[0m[38;2;84;78;76m[48;2;84;78;76m▀[0m[38;2;84;78;76m[48;2;84;78;76m▀[0m[38;2;84;78;76m[48;2;84;78;76m▀[0m[38;2;84;78;76m[48;2;84;78;76m▀[0m[38;2;84;78;76m[48;2;84;78;76m▀[0m[38;2;84;78;76m[48;2;84;78;76m▀[0m[38;2;84;78;76m[48;2;84;78;76m▀[0m[38;2;84;78;76m[48;2;84;78;76m▀[0m[38;2;84;78;76m[48;2;84;78;76m▀[0m[38;2;84;78;76m[48;2;84;78;76m▀[0m[38;2;84;78;76m[48;2;84;78;76m▀[0m[38;2;84;78;76m[48;2;84;78;76m▀[0m[38;2;84;78;76m[48;2;84;78;76m▀[0m[38;2;84;78;76m[48;2;84;78;76m▀[0m[38;2;84;78;76m[48;2;84;78;76m▀[0m[38;2;84;78;76m[48;2;84;78;76m▀[0m[38;2;84;78;76m[48;2;84;78;76m▀[0m[38;2;84;78;76m[48;2;84;78;76m▀[0m[38;2;84;78;76m[48;2;84;78;76m▀[0m[38;2;84;78;76m[48;2;84;78;76m▀[0m[38;2;84;78;76m[48;2;84;78;76m▀[0m[38;2;84;78;76m[48;2;98;153;113m▀[0m[38;2;84;78;76m[48;2;84;78;76m▀[0m[38;2;84;78;76m[48;2;84;78;76m▀[0m[38;2;84;78;76m[48;2;84;78;76m▀[0m[38;2;84;78;76m[48;2;84;78;76m▀[0m[38;2;84;78;76m[48;2;98;153;113m▀[0m[38;2;98;153;113m[48;2;69;107;80m▀[0m[38;2;98;153;113m[48;2;98;153;113m▀[0m[38;2;84;78;76m[48;2;98;153;113m▀[0m[38;2;98;153;113m[48;2;143;255;143m▀[0m[38;2;15;15;15m[48;2;15;15;15m▀[0m       
    [38;2;69;107;80m[48;2;69;107;80m▀[0m[38;2;98;153;113m[48;2;143;255;143m▀[0m[38;2;84;78;76m[48;2;98;153;113m▀[0m[38;2;98;153;113m[48;2;143;255;143m▀[0m[38;2;98;153;113m[48;2;98;153;113m▀[0m[38;2;69;107;80m[48;2;69;107;80m▀[0m[38;2;84;78;76m[48;2;98;153;113m▀[0m[38;2;84;78;76m[48;2;84;78;76m▀[0m[38;2;84;78;76m[48;2;84;78;76m▀[0m[38;2;84;78;76m[48;2;98;153;113m▀[0m[38;2;69;107;80m[48;2;69;107;80m▀[0m[38;2;84;78;76m[48;2;84;78;76m▀[0m[38;2;84;78;76m[48;2;84;78;76m▀[0m[38;2;84;78;76m[48;2;84;78;76m▀[0m[38;2;84;78;76m[48;2;84;78;76m▀[0m[38;2;84;78;76m[48;2;84;78;76m▀[0m[38;2;84;78;76m[48;2;98;153;113m▀[0m[38;2;98;153;113m[48;2;98;153;113m▀[0m[38;2;41;35;33m[48;2;69;107;80m▀[0m[38;2;41;35;33m[48;2;248;208;96m▀[0m[38;2;84;78;76m[48;2;15;15;15m▀[0m[38;2;84;78;76m[48;2;41;35;33m▀[0m[38;2;84;78;76m[48;2;41;35;33m▀[0m[38;2;84;78;76m[48;2;41;35;33m▀[0m[38;2;84;78;76m[48;2;41;35;33m▀[0m[38;2;84;78;76m[48;2;69;107;80m▀[0m[38;2;84;78;76m[48;2;98;153;113m▀[0m[38;2;84;78;76m[48;2;84;78;76m▀[0m[38;2;84;78;76m[48;2;84;78;76m▀[0m[38;2;84;78;76m[48;2;84;78;76m▀[0m[38;2;84;78;76m[48;2;84;78;76m▀[0m[38;2;84;78;76m[48;2;84;78;76m▀[0m[38;2;84;78;76m[48;2;84;78;76m▀[0m[38;2;84;78;76m[48;2;84;78;76m▀[0m[38;2;84;78;76m[48;2;84;78;76m▀[0m[38;2;84;78;76m[48;2;98;153;113m▀[0m[38;2;84;78;76m[48;2;98;153;113m▀[0m[38;2;84;78;76m[48;2;84;78;76m▀[0m[38;2;84;78;76m[48;2;84;78;76m▀[0m[38;2;84;78;76m[48;2;84;78;76m▀[0m[38;2;84;78;76m[48;2;84;78;76m▀[0m[38;2;84;78;76m[48;2;98;153;113m▀[0m[38;2;98;153;113m[48;2;98;153;113m▀[0m[38;2;98;153;113m[48;2;143;255;143m▀[0m[38;2;84;78;76m[48;2;98;153;113m▀[0m[38;2;84;78;76m[48;2;84;78;76m▀[0m[38;2;84;78;76m[48;2;98;153;113m▀[0m[38;2;98;153;113m[48;2;98;153;113m▀[0m[38;2;69;107;80m[48;2;69;107;80m▀[0m[38;2;143;255;143m[48;2;143;255;143m▀[0m[38;2;98;153;113m[48;2;143;255;143m▀[0m[38;2;143;255;143m[48;2;143;255;143m▀[0m[38;2;15;15;15m[48;2;143;255;143m▀[0m[38;2;15;15;15m▄      
    [38;2;69;107;80m[48;2;69;107;80m▀[0m[38;2;143;255;143m[48;2;143;255;143m▀[0m[38;2;143;255;143m[48;2;143;255;143m▀[0m[38;2;143;255;143m[48;2;143;255;143m▀[0m[38;2;69;107;80m[48;2;69;107;80m▀[0m[38;2;143;255;143m[48;2;143;255;143m▀[0m[38;2;98;153;113m[48;2;143;255;143m▀[0m[38;2;84;78;76m[48;2;98;153;113m▀[0m[38;2;98;153;113m[48;2;98;153;113m▀[0m[38;2;98;153;113m[48;2;143;255;143m▀[0m[38;2;69;107;80m[48;2;69;107;80m▀[0m[38;2;98;153;113m[48;2;98;153;113m▀[0m[38;2;84;78;76m[48;2;98;153;113m▀[0m[38;2;84;78;76m[48;2;84;78;76m▀[0m[38;2;84;78;76m[48;2;98;153;113m▀[0m[38;2;98;153;113m[48;2;98;153;113m▀[0m[38;2;98;153;113m[48;2;143;255;143m▀[0m[38;2;143;255;143m[48;2;143;255;143m▀[0m[38;2;69;107;80m[48;2;69;107;80m▀[0m[38;2;248;208;96m[48;2;248;208;96m▀[0m[38;2;15;15;15m[48;2;59;53;51m▀[0m[38;2;248;208;96m[48;2;248;208;96m▀[0m[38;2;196;37;37m[48;2;59;53;51m▀[0m[38;2;168;157;118m[48;2;59;53;51m▀[0m[38;2;168;157;118m[48;2;59;53;51m▀[0m[38;2;69;107;80m[48;2;69;107;80m▀[0m[38;2;98;153;113m[48;2;143;255;143m▀[0m[38;2;98;153;113m[48;2;98;153;113m▀[0m[38;2;84;78;76m[48;2;98;153;113m▀[0m[38;2;84;78;76m[48;2;98;153;113m▀[0m[38;2;84;78;76m[48;2;84;78;76m▀[0m[38;2;84;78;76m[48;2;84;78;76m▀[0m[38;2;84;78;76m[48;2;84;78;76m▀[0m[38;2;84;78;76m[48;2;98;153;113m▀[0m[38;2;98;153;113m[48;2;98;153;113m▀[0m[38;2;98;153;113m[48;2;143;255;143m▀[0m[38;2;69;107;80m[48;2;69;107;80m▀[0m[38;2;98;153;113m[48;2;98;153;113m▀[0m[38;2;84;78;76m[48;2;98;153;113m▀[0m[38;2;84;78;76m[48;2;84;78;76m▀[0m[38;2;84;78;76m[48;2;98;153;113m▀[0m[38;2;98;153;113m[48;2;98;153;113m▀[0m[38;2;143;255;143m[48;2;143;255;143m▀[0m[38;2;143;255;143m[48;2;143;255;143m▀[0m[38;2;143;255;143m[48;2;143;255;143m▀[0m[38;2;98;153;113m[48;2;143;255;143m▀[0m[38;2;98;153;113m[48;2;98;153;113m▀[0m[38;2;143;255;143m[48;2;143;255;143m▀[0m[38;2;143;255;143m[48;2;143;255;143m▀[0m[38;2;69;107;80m[48;2;69;107;80m▀[0m[38;2;143;255;143m[48;2;143;255;143m▀[0m[38;2;143;255;143m[48;2;143;255;143m▀[0m[38;2;143;255;143m[48;2;143;255;143m▀[0m[38;2;15;15;15m[48;2;15;15;15m▀[0m      
   [38;2;69;107;80m▄[38;2;69;107;80m[48;2;143;255;143m▀[0m[38;2;143;255;143m[48;2;143;255;143m▀[0m[38;2;143;255;143m[48;2;143;255;143m▀[0m[38;2;143;255;143m[48;2;143;255;143m▀[0m[38;2;98;153;113m[48;2;143;255;143m▀[0m[38;2;143;255;143m[48;2;143;255;143m▀[0m[38;2;143;255;143m[48;2;143;255;143m▀[0m[38;2;98;153;113m[48;2;143;255;143m▀[0m[38;2;143;255;143m[48;2;143;255;143m▀[0m[38;2;143;255;143m[48;2;143;255;143m▀[0m[38;2;69;107;80m[48;2;69;107;80m▀[0m[38;2;143;255;143m[48;2;143;255;143m▀[0m[38;2;98;153;113m[48;2;143;255;143m▀[0m[38;2;98;153;113m[48;2;98;153;113m▀[0m[38;2;98;153;113m[48;2;143;255;143m▀[0m[38;2;143;255;143m[48;2;143;255;143m▀[0m[38;2;143;255;143m[48;2;143;255;143m▀[0m[38;2;143;255;143m[48;2;143;255;143m▀[0m[38;2;69;107;80m[48;2;69;107;80m▀[0m[38;2;196;37;37m[48;2;168;157;118m▀[0m[38;2;248;208;96m[48;2;59;53;51m▀[0m[38;2;59;53;51m[48;2;204;90;120m▀[0m[38;2;204;90;120m[48;2;204;90;120m▀[0m[38;2;204;90;120m[48;2;204;90;120m▀[0m[38;2;204;90;120m[48;2;204;90;120m▀[0m[38;2;69;107;80m[48;2;69;107;80m▀[0m[38;2;143;255;143m[48;2;143;255;143m▀[0m[38;2;143;255;143m[48;2;143;255;143m▀[0m[38;2;143;255;143m[48;2;143;255;143m▀[0m[38;2;98;153;113m[48;2;143;255;143m▀[0m[38;2;98;153;113m[48;2;98;153;113m▀[0m[38;2;84;78;76m[48;2;98;153;113m▀[0m[38;2;98;153;113m[48;2;98;153;113m▀[0m[38;2;98;153;113m[48;2;143;255;143m▀[0m[38;2;143;255;143m[48;2;143;255;143m▀[0m[38;2;143;255;143m[48;2;143;255;143m▀[0m[38;2;69;107;80m[48;2;69;107;80m▀[0m[38;2;143;255;143m[48;2;143;255;143m▀[0m[38;2;98;153;113m[48;2;143;255;143m▀[0m[38;2;98;153;113m[48;2;98;153;113m▀[0m[38;2;98;153;113m[48;2;143;255;143m▀[0m[38;2;143;255;143m[48;2;143;255;143m▀[0m[38;2;143;255;143m[48;2;143;255;143m▀[0m[38;2;98;153;113m[48;2;98;153;113m▀[0m[38;2;143;255;143m[48;2;143;255;143m▀[0m[38;2;143;255;143m[48;2;143;255;143m▀[0m[38;2;143;255;143m[48;2;143;255;143m▀[0m[38;2;143;255;143m[48;2;143;255;143m▀[0m[38;2;143;255;143m[48;2;143;255;143m▀[0m[38;2;98;153;113m[48;2;98;153;113m▀[0m[38;2;143;255;143m[48;2;143;255;143m▀[0m[38;2;143;255;143m[48;2;143;255;143m▀[0m[38;2;143;255;143m[48;2;143;255;143m▀[0m[38;2;15;15;15m[48;2;69;107;80m▀[0m      
   [38;2;69;107;80m[48;2;69;107;80m▀[0m[38;2;143;255;143m[48;2;143;255;143m▀[0m[38;2;143;255;143m[48;2;143;255;143m▀[0m[38;2;98;153;113m[48;2;69;107;80m▀[0m[38;2;143;255;143m[48;2;143;255;143m▀[0m[38;2;143;255;143m[48;2;143;255;143m▀[0m[38;2;143;255;143m[48;2;143;255;143m▀[0m[38;2;143;255;143m[48;2;98;153;113m▀[0m[38;2;143;255;143m[48;2;143;255;143m▀[0m[38;2;143;255;143m[48;2;143;255;143m▀[0m[38;2;143;255;143m[48;2;143;255;143m▀[0m[38;2;69;107;80m[48;2;98;153;113m▀[0m[38;2;143;255;143m[48;2;143;255;143m▀[0m[38;2;143;255;143m[48;2;143;255;143m▀[0m[38;2;143;255;143m[48;2;143;255;143m▀[0m[38;2;143;255;143m[48;2;143;255;143m▀[0m[38;2;143;255;143m[48;2;143;255;143m▀[0m[38;2;143;255;143m[48;2;143;255;143m▀[0m[38;2;143;255;143m[48;2;69;107;80m▀[0m[38;2;69;107;80m[48;2;168;157;118m▀[0m[38;2;168;157;118m[48;2;168;157;118m▀[0m[38;2;59;53;51m[48;2;59;53;51m▀[0m[38;2;204;90;120m[48;2;84;78;76m▀[0m[38;2;84;78;76m[48;2;84;78;76m▀[0m[38;2;204;90;120m[48;2;204;90;120m▀[0m[38;2;84;78;76m[48;2;84;78;76m▀[0m[38;2;204;90;120m[48;2;204;90;120m▀[0m[38;2;69;107;80m[48;2;69;107;80m▀[0m[38;2;143;255;143m[48;2;143;255;143m▀[0m[38;2;143;255;143m[48;2;143;255;143m▀[0m[38;2;143;255;143m[48;2;143;255;143m▀[0m[38;2;143;255;143m[48;2;143;255;143m▀[0m[38;2;98;153;113m[48;2;143;255;143m▀[0m[38;2;143;255;143m[48;2;143;255;143m▀[0m[38;2;143;255;143m[48;2;143;255;143m▀[0m[38;2;143;255;143m[48;2;143;255;143m▀[0m[38;2;143;255;143m[48;2;143;255;143m▀[0m[38;2;98;153;113m[48;2;98;153;113m▀[0m[38;2;143;255;143m[48;2;143;255;143m▀[0m[38;2;143;255;143m[48;2;143;255;143m▀[0m[38;2;143;255;143m[48;2;143;255;143m▀[0m[38;2;143;255;143m[48;2;143;255;143m▀[0m[38;2;143;255;143m[48;2;143;255;143m▀[0m[38;2;143;255;143m[48;2;143;255;143m▀[0m[38;2;98;153;113m[48;2;98;153;113m▀[0m[38;2;143;255;143m[48;2;143;255;143m▀[0m[38;2;143;255;143m[48;2;143;255;143m▀[0m[38;2;143;255;143m[48;2;143;255;143m▀[0m[38;2;143;255;143m[48;2;143;255;143m▀[0m[38;2;143;255;143m[48;2;143;255;143m▀[0m[38;2;143;255;143m[48;2;143;255;143m▀[0m[38;2;143;255;143m[48;2;143;255;143m▀[0m[38;2;143;255;143m[48;2;98;153;113m▀[0m[38;2;143;255;143m[48;2;143;255;143m▀[0m[38;2;143;255;143m[48;2;143;255;143m▀[0m[38;2;15;15;15m[48;2;15;15;15m▀[0m     
  [38;2;69;107;80m▄[38;2;69;107;80m[48;2;143;255;143m▀[0m[38;2;143;255;143m[48;2;143;255;143m▀[0m[38;2;143;255;143m[48;2;143;255;143m▀[0m[38;2;69;107;80m[48;2;69;107;80m▀[0m[38;2;143;255;143m[48;2;143;255;143m▀[0m[38;2;143;255;143m[48;2;143;255;143m▀[0m[38;2;143;255;143m[48;2;143;255;143m▀[0m[38;2;69;107;80m[48;2;69;107;80m▀[0m[38;2;143;255;143m[48;2;143;255;143m▀[0m[38;2;143;255;143m[48;2;143;255;143m▀[0m[38;2;143;255;143m[48;2;143;255;143m▀[0m[38;2;98;153;113m[48;2;143;255;143m▀[0m[38;2;143;255;143m[48;2;143;255;143m▀[0m[38;2;143;255;143m[48;2;143;255;143m▀[0m[38;2;98;153;113m[48;2;98;153;113m▀[0m[38;2;143;255;143m[48;2;143;255;143m▀[0m[38;2;143;255;143m[48;2;143;255;143m▀[0m[38;2;143;255;143m[48;2;143;255;143m▀[0m[38;2;69;107;80m[48;2;69;107;80m▀[0m[38;2;168;157;118m[48;2;168;157;118m▀[0m[38;2;168;157;118m[48;2;168;157;118m▀[0m[38;2;59;53;51m[48;2;168;157;118m▀[0m[38;2;84;78;76m[48;2;41;35;33m▀[0m[38;2;204;90;120m[48;2;204;90;120m▀[0m[38;2;84;78;76m[48;2;204;90;120m▀[0m[38;2;204;90;120m[48;2;204;90;120m▀[0m[38;2;84;78;76m[48;2;204;90;120m▀[0m[38;2;69;107;80m[48;2;69;107;80m▀[0m[38;2;143;255;143m[48;2;143;255;143m▀[0m[38;2;143;255;143m[48;2;143;255;143m▀[0m[38;2;143;255;143m[48;2;143;255;143m▀[0m[38;2;143;255;143m[48;2;143;255;143m▀[0m[38;2;143;255;143m[48;2;143;255;143m▀[0m[38;2;98;153;113m[48;2;69;107;80m▀[0m[38;2;143;255;143m[48;2;143;255;143m▀[0m[38;2;143;255;143m[48;2;143;255;143m▀[0m[38;2;143;255;143m[48;2;143;255;143m▀[0m[38;2;143;255;143m[48;2;143;255;143m▀[0m[38;2;143;255;143m[48;2;143;255;143m▀[0m[38;2;143;255;143m[48;2;143;255;143m▀[0m[38;2;143;255;143m[48;2;143;255;143m▀[0m[38;2;98;153;113m[48;2;69;107;80m▀[0m[38;2;143;255;143m[48;2;143;255;143m▀[0m[38;2;143;255;143m[48;2;143;255;143m▀[0m[38;2;98;153;113m[48;2;143;255;143m▀[0m[38;2;143;255;143m[48;2;143;255;143m▀[0m[38;2;143;255;143m[48;2;143;255;143m▀[0m[38;2;98;153;113m[48;2;69;107;80m▀[0m[38;2;143;255;143m[48;2;143;255;143m▀[0m[38;2;143;255;143m[48;2;143;255;143m▀[0m[38;2;143;255;143m[48;2;143;255;143m▀[0m[38;2;143;255;143m[48;2;143;255;143m▀[0m[38;2;69;107;80m[48;2;69;107;80m▀[0m[38;2;143;255;143m[48;2;143;255;143m▀[0m[38;2;143;255;143m[48;2;143;255;143m▀[0m[38;2;69;107;80m[48;2;143;255;143m▀[0m[38;2;69;107;80m▄    
 [38;2;69;107;80m▄[38;2;69;107;80m[48;2;143;255;143m▀[0m[38;2;143;255;143m[48;2;143;255;143m▀[0m[38;2;143;255;143m[48;2;69;107;80m▀[0m[38;2;69;107;80m[48;2;41;35;33m▀[0m[38;2;69;107;80m[48;2;69;107;80m▀[0m[38;2;143;255;143m[48;2;143;255;143m▀[0m[38;2;143;255;143m[48;2;143;255;143m▀[0m[38;2;143;255;143m[48;2;69;107;80m▀[0m[38;2;69;107;80m[48;2;72;68;171m▀[0m[38;2;143;255;143m[48;2;69;107;80m▀[0m[38;2;143;255;143m[48;2;143;255;143m▀[0m[38;2;143;255;143m[48;2;143;255;143m▀[0m[38;2;143;255;143m[48;2;143;255;143m▀[0m[38;2;143;255;143m[48;2;143;255;143m▀[0m[38;2;143;255;143m[48;2;143;255;143m▀[0m[38;2;69;107;80m[48;2;69;107;80m▀[0m[38;2;143;255;143m[48;2;143;255;143m▀[0m[38;2;143;255;143m[48;2;143;255;143m▀[0m[38;2;143;255;143m[48;2;143;255;143m▀[0m[38;2;69;107;80m[48;2;69;107;80m▀[0m[38;2;168;157;118m[48;2;212;213;171m▀[0m[38;2;168;157;118m[48;2;212;213;171m▀[0m[38;2;168;157;118m[48;2;168;157;118m▀[0m[38;2;168;157;118m[48;2;168;157;118m▀[0m[38;2;41;35;33m[48;2;168;157;118m▀[0m[38;2;41;35;33m[48;2;168;157;118m▀[0m[38;2;41;35;33m[48;2;168;157;118m▀[0m[38;2;59;53;51m[48;2;168;157;118m▀[0m[38;2;168;157;118m[48;2;168;157;118m▀[0m[38;2;69;107;80m[48;2;69;107;80m▀[0m[38;2;143;255;143m[48;2;143;255;143m▀[0m[38;2;143;255;143m[48;2;143;255;143m▀[0m[38;2;143;255;143m[48;2;143;255;143m▀[0m[38;2;143;255;143m[48;2;69;107;80m▀[0m[38;2;69;107;80m[48;2;168;157;118m▀[0m[38;2;143;255;143m[48;2;69;107;80m▀[0m[38;2;143;255;143m[48;2;143;255;143m▀[0m[38;2;143;255;143m[48;2;143;255;143m▀[0m[38;2;143;255;143m[48;2;143;255;143m▀[0m[38;2;143;255;143m[48;2;143;255;143m▀[0m[38;2;143;255;143m[48;2;143;255;143m▀[0m[38;2;143;255;143m[48;2;143;255;143m▀[0m[38;2;69;107;80m[48;2;69;107;80m▀[0m[38;2;143;255;143m[48;2;143;255;143m▀[0m[38;2;143;255;143m[48;2;143;255;143m▀[0m[38;2;143;255;143m[48;2;143;255;143m▀[0m[38;2;143;255;143m[48;2;143;255;143m▀[0m[38;2;143;255;143m[48;2;143;255;143m▀[0m[38;2;69;107;80m[48;2;69;107;80m▀[0m[38;2;143;255;143m[48;2;69;107;80m▀[0m[38;2;143;255;143m[48;2;143;255;143m▀[0m[38;2;143;255;143m[48;2;143;255;143m▀[0m[38;2;143;255;143m[48;2;143;255;143m▀[0m[38;2;69;107;80m[48;2;69;107;80m▀[0m[38;2;143;255;143m[48;2;143;255;143m▀[0m[38;2;143;255;143m[48;2;143;255;143m▀[0m[38;2;143;255;143m[48;2;143;255;143m▀[0m[38;2;69;107;80m[48;2;143;255;143m▀[0m[38;2;69;107;80m▄   
[38;2;69;107;80m▀[38;2;143;255;143m[48;2;69;107;80m▀[0m[38;2;143;255;143m[48;2;69;107;80m▀[0m[38;2;69;107;80m▀[38;2;41;35;33m[48;2;41;35;33m▀[0m[38;2;72;68;171m[48;2;72;68;171m▀[0m[38;2;69;107;80m[48;2;69;107;80m▀[0m[38;2;143;255;143m[48;2;143;255;143m▀[0m[38;2;143;255;143m[48;2;69;107;80m▀[0m[38;2;69;107;80m[48;2;59;53;51m▀[0m[38;2;72;68;171m[48;2;59;53;51m▀[0m[38;2;69;107;80m[48;2;69;107;80m▀[0m[38;2;143;255;143m[48;2;143;255;143m▀[0m[38;2;143;255;143m[48;2;143;255;143m▀[0m[38;2;143;255;143m[48;2;143;255;143m▀[0m[38;2;143;255;143m[48;2;143;255;143m▀[0m[38;2;143;255;143m[48;2;69;107;80m▀[0m[38;2;69;107;80m[48;2;59;53;51m▀[0m[38;2;143;255;143m[48;2;69;107;80m▀[0m[38;2;143;255;143m[48;2;143;255;143m▀[0m[38;2;69;107;80m[48;2;69;107;80m▀[0m[38;2;212;213;171m[48;2;212;213;171m▀[0m[38;2;212;213;171m[48;2;212;213;171m▀[0m[38;2;212;213;171m[48;2;212;213;171m▀[0m[38;2;212;213;171m[48;2;212;213;171m▀[0m[38;2;212;213;171m[48;2;212;213;171m▀[0m[38;2;212;213;171m[48;2;212;213;171m▀[0m[38;2;212;213;171m[48;2;212;213;171m▀[0m[38;2;168;157;118m[48;2;212;213;171m▀[0m[38;2;168;157;118m[48;2;212;213;171m▀[0m[38;2;168;157;118m[48;2;212;213;171m▀[0m[38;2;69;107;80m[48;2;69;107;80m▀[0m[38;2;143;255;143m[48;2;143;255;143m▀[0m[38;2;143;255;143m[48;2;143;255;143m▀[0m[38;2;143;255;143m[48;2;143;255;143m▀[0m[38;2;69;107;80m[48;2;69;107;80m▀[0m[38;2;168;157;118m[48;2;168;157;118m▀[0m[38;2;69;107;80m[48;2;69;107;80m▀[0m[38;2;143;255;143m[48;2;143;255;143m▀[0m[38;2;143;255;143m[48;2;143;255;143m▀[0m[38;2;143;255;143m[48;2;143;255;143m▀[0m[38;2;143;255;143m[48;2;143;255;143m▀[0m[38;2;143;255;143m[48;2;143;255;143m▀[0m[38;2;69;107;80m[48;2;69;107;80m▀[0m[38;2;59;53;51m[48;2;59;53;51m▀[0m[38;2;69;107;80m[48;2;69;107;80m▀[0m[38;2;143;255;143m[48;2;143;255;143m▀[0m[38;2;143;255;143m[48;2;143;255;143m▀[0m[38;2;143;255;143m[48;2;143;255;143m▀[0m[38;2;69;107;80m[48;2;69;107;80m▀[0m[38;2;72;68;171m[48;2;72;68;171m▀[0m[38;2;69;107;80m[48;2;59;53;51m▀[0m[38;2;143;255;143m[48;2;69;107;80m▀[0m[38;2;143;255;143m[48;2;143;255;143m▀[0m[38;2;143;255;143m[48;2;143;255;143m▀[0m[38;2;69;107;80m[48;2;69;107;80m▀[0m[38;2;69;107;80m[48;2;41;35;33m▀[0m[38;2;143;255;143m[48;2;69;107;80m▀[0m[38;2;143;255;143m[48;2;69;107;80m▀[0m[38;2;143;255;143m[48;2;143;255;143m▀[0m[38;2;143;255;143m[48;2;143;255;143m▀[0m[38;2;69;107;80m[48;2;143;255;143m▀[0m[38;2;69;107;80m▄ 
   [38;2;41;35;33m[48;2;41;35;33m▀[0m[38;2;72;68;171m[48;2;72;68;171m▀[0m[38;2;69;107;80m[48;2;69;107;80m▀[0m[38;2;143;255;143m[48;2;143;255;143m▀[0m[38;2;143;255;143m[48;2;69;107;80m▀[0m[38;2;69;107;80m[48;2;212;213;171m▀[0m[38;2;168;157;118m[48;2;212;213;171m▀[0m[38;2;59;53;51m[48;2;59;53;51m▀[0m[38;2;59;53;51m[48;2;59;53;51m▀[0m[38;2;69;107;80m[48;2;69;107;80m▀[0m[38;2;143;255;143m[48;2;143;255;143m▀[0m[38;2;143;255;143m[48;2;143;255;143m▀[0m[38;2;143;255;143m[48;2;143;255;143m▀[0m[38;2;69;107;80m[48;2;69;107;80m▀[0m[38;2;59;53;51m[48;2;59;53;51m▀[0m[38;2;69;107;80m[48;2;69;107;80m▀[0m[38;2;143;255;143m[48;2;143;255;143m▀[0m[38;2;69;107;80m[48;2;69;107;80m▀[0m[38;2;212;213;171m[48;2;212;213;171m▀[0m[38;2;212;213;171m[48;2;212;213;171m▀[0m[38;2;212;213;171m[48;2;212;213;171m▀[0m[38;2;212;213;171m[48;2;212;213;171m▀[0m[38;2;212;213;171m[48;2;212;213;171m▀[0m[38;2;212;213;171m[48;2;212;213;171m▀[0m[38;2;212;213;171m[48;2;212;213;171m▀[0m[38;2;212;213;171m[48;2;212;213;171m▀[0m[38;2;212;213;171m[48;2;212;213;171m▀[0m[38;2;212;213;171m[48;2;212;213;171m▀[0m[38;2;212;213;171m[48;2;212;213;171m▀[0m[38;2;69;107;80m[48;2;69;107;80m▀[0m[38;2;143;255;143m[48;2;143;255;143m▀[0m[38;2;69;107;80m[48;2;69;107;80m▀[0m[38;2;212;213;171m[48;2;212;213;171m▀[0m[38;2;212;213;171m[48;2;212;213;171m▀[0m[38;2;69;107;80m[48;2;69;107;80m▀[0m[38;2;143;255;143m[48;2;143;255;143m▀[0m[38;2;143;255;143m[48;2;143;255;143m▀[0m[38;2;143;255;143m[48;2;143;255;143m▀[0m[38;2;143;255;143m[48;2;143;255;143m▀[0m[38;2;143;255;143m[48;2;143;255;143m▀[0m[38;2;69;107;80m[48;2;69;107;80m▀[0m[38;2;59;53;51m[48;2;59;53;51m▀[0m[38;2;69;107;80m[48;2;72;68;171m▀[0m[38;2;143;255;143m[48;2;69;107;80m▀[0m[38;2;143;255;143m[48;2;143;255;143m▀[0m[38;2;143;255;143m[48;2;69;107;80m▀[0m[38;2;69;107;80m[48;2;59;53;51m▀[0m[38;2;59;53;51m[48;2;59;53;51m▀[0m[38;2;59;53;51m[48;2;168;157;118m▀[0m[38;2;69;107;80m[48;2;212;213;171m▀[0m[38;2;143;255;143m[48;2;69;107;80m▀[0m[38;2;143;255;143m[48;2;143;255;143m▀[0m[38;2;69;107;80m[48;2;143;255;143m▀[0m[38;2;72;68;171m[48;2;69;107;80m▀[0m[38;2;41;35;33m[48;2;41;35;33m▀[0m [38;2;69;107;80m▀[38;2;69;107;80m▀[38;2;69;107;80m▀  
   [38;2;41;35;33m[48;2;41;35;33m▀[0m[38;2;59;53;51m[48;2;59;53;51m▀[0m[38;2;59;53;51m[48;2;59;53;51m▀[0m[38;2;69;107;80m[48;2;59;53;51m▀[0m[38;2;212;213;171m[48;2;168;157;118m▀[0m[38;2;212;213;171m[48;2;212;213;171m▀[0m[38;2;212;213;171m[48;2;168;157;118m▀[0m[38;2;59;53;51m[48;2;59;53;51m▀[0m[38;2;59;53;51m[48;2;59;53;51m▀[0m[38;2;69;107;80m[48;2;69;107;80m▀[0m[38;2;143;255;143m[48;2;143;255;143m▀[0m[38;2;143;255;143m[48;2;143;255;143m▀[0m[38;2;143;255;143m[48;2;143;255;143m▀[0m[38;2;69;107;80m[48;2;69;107;80m▀[0m[38;2;59;53;51m[48;2;15;15;15m▀[0m[38;2;69;107;80m[48;2;168;157;118m▀[0m[38;2;143;255;143m[48;2;69;107;80m▀[0m[38;2;69;107;80m[48;2;212;213;171m▀[0m[38;2;212;213;171m[48;2;212;213;171m▀[0m[38;2;212;213;171m[48;2;212;213;171m▀[0m[38;2;212;213;171m[48;2;212;213;171m▀[0m[38;2;212;213;171m[48;2;212;213;171m▀[0m[38;2;212;213;171m[48;2;212;213;171m▀[0m[38;2;212;213;171m[48;2;212;213;171m▀[0m[38;2;212;213;171m[48;2;212;213;171m▀[0m[38;2;212;213;171m[48;2;212;213;171m▀[0m[38;2;212;213;171m[48;2;212;213;171m▀[0m[38;2;212;213;171m[48;2;212;213;171m▀[0m[38;2;212;213;171m[48;2;212;213;171m▀[0m[38;2;69;107;80m[48;2;212;213;171m▀[0m[38;2;143;255;143m[48;2;69;107;80m▀[0m[38;2;69;107;80m[48;2;212;213;171m▀[0m[38;2;212;213;171m[48;2;212;213;171m▀[0m[38;2;212;213;171m[48;2;212;213;171m▀[0m[38;2;212;213;171m[48;2;212;213;171m▀[0m[38;2;69;107;80m[48;2;69;107;80m▀[0m[38;2;143;255;143m[48;2;143;255;143m▀[0m[38;2;143;255;143m[48;2;143;255;143m▀[0m[38;2;143;255;143m[48;2;143;255;143m▀[0m[38;2;69;107;80m[48;2;69;107;80m▀[0m[38;2;59;53;51m[48;2;59;53;51m▀[0m[38;2;72;68;171m[48;2;72;68;171m▀[0m[38;2;72;68;171m[48;2;59;53;51m▀[0m[38;2;69;107;80m[48;2;69;107;80m▀[0m[38;2;143;255;143m[48;2;143;255;143m▀[0m[38;2;69;107;80m[48;2;69;107;80m▀[0m[38;2;59;53;51m[48;2;59;53;51m▀[0m[38;2;168;157;118m[48;2;212;213;171m▀[0m[38;2;212;213;171m[48;2;212;213;171m▀[0m[38;2;212;213;171m[48;2;212;213;171m▀[0m[38;2;168;157;118m[48;2;212;213;171m▀[0m[38;2;69;107;80m[48;2;59;53;51m▀[0m[38;2;143;255;143m[48;2;69;107;80m▀[0m[38;2;69;107;80m[48;2;69;107;80m▀[0m[38;2;59;53;51m[48;2;59;53;51m▀[0m[38;2;15;15;15m[48;2;15;15;15m▀[0m[38;2;59;53;51m[48;2;168;157;118m▀[0m[38;2;59;53;51m[48;2;168;157;118m▀[0m[38;2;59;53;51m▄[38;2;59;53;51m▄ 
   [38;2;41;35;33m▀[38;2;59;53;51m[48;2;41;35;33m▀[0m[38;2;212;213;171m[48;2;212;213;171m▀[0m[38;2;59;53;51m[48;2;212;213;171m▀[0m[38;2;59;53;51m[48;2;59;53;51m▀[0m[38;2;59;53;51m[48;2;59;53;51m▀[0m[38;2;59;53;51m[48;2;59;53;51m▀[0m[38;2;59;53;51m[48;2;212;213;171m▀[0m[38;2;212;213;171m[48;2;212;213;171m▀[0m[38;2;212;213;171m[48;2;212;213;171m▀[0m[38;2;69;107;80m[48;2;69;107;80m▀[0m[38;2;143;255;143m[48;2;143;255;143m▀[0m[38;2;69;107;80m[48;2;69;107;80m▀[0m[38;2;59;53;51m[48;2;59;53;51m▀[0m[38;2;15;15;15m[48;2;15;15;15m▀[0m[38;2;168;157;118m[48;2;41;35;33m▀[0m[38;2;69;107;80m[48;2;168;157;118m▀[0m[38;2;212;213;171m[48;2;212;213;171m▀[0m[38;2;212;213;171m[48;2;212;213;171m▀[0m[38;2;212;213;171m[48;2;212;213;171m▀[0m[38;2;212;213;171m[48;2;212;213;171m▀[0m[38;2;212;213;171m[48;2;212;213;171m▀[0m[38;2;212;213;171m[48;2;212;213;171m▀[0m[38;2;212;213;171m[48;2;212;213;171m▀[0m[38;2;212;213;171m[48;2;212;213;171m▀[0m[38;2;212;213;171m[48;2;212;213;171m▀[0m[38;2;212;213;171m[48;2;212;213;171m▀[0m[38;2;212;213;171m[48;2;212;213;171m▀[0m[38;2;212;213;171m[48;2;212;213;171m▀[0m[38;2;212;213;171m[48;2;212;213;171m▀[0m[38;2;69;107;80m[48;2;212;213;171m▀[0m[38;2;212;213;171m[48;2;212;213;171m▀[0m[38;2;212;213;171m[48;2;212;213;171m▀[0m[38;2;212;213;171m[48;2;212;213;171m▀[0m[38;2;212;213;171m[48;2;212;213;171m▀[0m[38;2;69;107;80m[48;2;69;107;80m▀[0m[38;2;143;255;143m[48;2;143;255;143m▀[0m[38;2;143;255;143m[48;2;143;255;143m▀[0m[38;2;143;255;143m[48;2;143;255;143m▀[0m[38;2;69;107;80m[48;2;69;107;80m▀[0m[38;2;59;53;51m[48;2;59;53;51m▀[0m[38;2;59;53;51m[48;2;59;53;51m▀[0m[38;2;59;53;51m[48;2;59;53;51m▀[0m[38;2;59;53;51m[48;2;59;53;51m▀[0m[38;2;69;107;80m[48;2;69;107;80m▀[0m[38;2;59;53;51m[48;2;59;53;51m▀[0m[38;2;59;53;51m[48;2;59;53;51m▀[0m[38;2;168;157;118m[48;2;59;53;51m▀[0m[38;2;212;213;171m[48;2;168;157;118m▀[0m[38;2;212;213;171m[48;2;212;213;171m▀[0m[38;2;212;213;171m[48;2;168;157;118m▀[0m[38;2;59;53;51m[48;2;59;53;51m▀[0m[38;2;59;53;51m[48;2;59;53;51m▀[0m[38;2;59;53;51m[48;2;168;157;118m▀[0m[38;2;59;53;51m[48;2;168;157;118m▀[0m[38;2;15;15;15m[48;2;15;15;15m▀[0m[38;2;168;157;118m[48;2;168;157;118m▀[0m[38;2;168;157;118m[48;2;168;157;118m▀[0m[38;2;168;157;118m[48;2;59;53;51m▀[0m[38;2;168;157;118m[48;2;59;53;51m▀[0m[38;2;15;15;15m[48;2;15;15;15m▀[0m
    [38;2;41;35;33m▀[38;2;168;157;118m[48;2;41;35;33m▀[0m[38;2;212;213;171m[48;2;212;213;171m▀[0m[38;2;212;213;171m[48;2;212;213;171m▀[0m[38;2;212;213;171m[48;2;212;213;171m▀[0m[38;2;212;213;171m[48;2;212;213;171m▀[0m[38;2;212;213;171m[48;2;212;213;171m▀[0m[38;2;212;213;171m[48;2;168;157;118m▀[0m[38;2;212;213;171m[48;2;168;157;118m▀[0m[38;2;69;107;80m[48;2;69;107;80m▀[0m[38;2;143;255;143m[48;2;143;255;143m▀[0m[38;2;69;107;80m[48;2;69;107;80m▀[0m[38;2;15;15;15m[48;2;15;15;15m▀[0m [38;2;41;35;33m[48;2;41;35;33m▀[0m[38;2;168;157;118m[48;2;84;78;76m▀[0m[38;2;168;157;118m[48;2;168;157;118m▀[0m[38;2;168;157;118m[48;2;168;157;118m▀[0m[38;2;212;213;171m[48;2;168;157;118m▀[0m[38;2;212;213;171m[48;2;168;157;118m▀[0m[38;2;212;213;171m[48;2;168;157;118m▀[0m[38;2;212;213;171m[48;2;212;213;171m▀[0m[38;2;212;213;171m[48;2;212;213;171m▀[0m[38;2;212;213;171m[48;2;212;213;171m▀[0m[38;2;212;213;171m[48;2;212;213;171m▀[0m[38;2;212;213;171m[48;2;212;213;171m▀[0m[38;2;212;213;171m[48;2;212;213;171m▀[0m[38;2;212;213;171m[48;2;212;213;171m▀[0m[38;2;212;213;171m[48;2;212;213;171m▀[0m[38;2;212;213;171m[48;2;168;157;118m▀[0m[38;2;212;213;171m[48;2;168;157;118m▀[0m[38;2;212;213;171m[48;2;168;157;118m▀[0m[38;2;212;213;171m[48;2;168;157;118m▀[0m[38;2;168;157;118m[48;2;168;157;118m▀[0m[38;2;168;157;118m[48;2;168;157;118m▀[0m[38;2;69;107;80m[48;2;69;107;80m▀[0m[38;2;143;255;143m[48;2;143;255;143m▀[0m[38;2;143;255;143m[48;2;69;107;80m▀[0m[38;2;69;107;80m[48;2;59;53;51m▀[0m[38;2;59;53;51m[48;2;59;53;51m▀[0m[38;2;59;53;51m[48;2;168;157;118m▀[0m[38;2;59;53;51m[48;2;212;213;171m▀[0m[38;2;212;213;171m[48;2;212;213;171m▀[0m[38;2;212;213;171m[48;2;212;213;171m▀[0m[38;2;212;213;171m[48;2;212;213;171m▀[0m[38;2;59;53;51m[48;2;212;213;171m▀[0m[38;2;59;53;51m[48;2;59;53;51m▀[0m[38;2;59;53;51m[48;2;59;53;51m▀[0m[38;2;59;53;51m[48;2;59;53;51m▀[0m[38;2;59;53;51m[48;2;59;53;51m▀[0m[38;2;59;53;51m[48;2;168;157;118m▀[0m[38;2;168;157;118m[48;2;168;157;118m▀[0m[38;2;168;157;118m[48;2;168;157;118m▀[0m[38;2;168;157;118m[48;2;168;157;118m▀[0m[38;2;15;15;15m[48;2;15;15;15m▀[0m[38;2;59;53;51m[48;2;41;35;33m▀[0m[38;2;59;53;51m[48;2;41;35;33m▀[0m[38;2;15;15;15m▀[38;2;15;15;15m▀ 
      [38;2;41;35;33m▀[38;2;168;157;118m[48;2;41;35;33m▀[0m[38;2;168;157;118m[48;2;41;35;33m▀[0m[38;2;168;157;118m[48;2;59;53;51m▀[0m[38;2;168;157;118m[48;2;59;53;51m▀[0m[38;2;168;157;118m[48;2;59;53;51m▀[0m[38;2;59;53;51m[48;2;59;53;51m▀[0m[38;2;59;53;51m[48;2;15;15;15m▀[0m[38;2;69;107;80m[48;2;69;107;80m▀[0m[38;2;15;15;15m▀  [38;2;41;35;33m[48;2;41;35;33m▀[0m[38;2;59;53;51m[48;2;41;35;33m▀[0m[38;2;59;53;51m[48;2;59;53;51m▀[0m[38;2;84;78;76m[48;2;59;53;51m▀[0m[38;2;168;157;118m[48;2;59;53;51m▀[0m[38;2;168;157;118m[48;2;84;78;76m▀[0m[38;2;168;157;118m[48;2;168;157;118m▀[0m[38;2;168;157;118m[48;2;168;157;118m▀[0m[38;2;168;157;118m[48;2;168;157;118m▀[0m[38;2;168;157;118m[48;2;168;157;118m▀[0m[38;2;168;157;118m[48;2;168;157;118m▀[0m[38;2;168;157;118m[48;2;168;157;118m▀[0m[38;2;168;157;118m[48;2;168;157;118m▀[0m[38;2;168;157;118m[48;2;168;157;118m▀[0m[38;2;168;157;118m[48;2;168;157;118m▀[0m[38;2;168;157;118m[48;2;168;157;118m▀[0m[38;2;168;157;118m[48;2;84;78;76m▀[0m[38;2;168;157;118m[48;2;59;53;51m▀[0m[38;2;168;157;118m[48;2;59;53;51m▀[0m[38;2;84;78;76m[48;2;59;53;51m▀[0m[38;2;59;53;51m[48;2;59;53;51m▀[0m[38;2;69;107;80m[48;2;69;107;80m▀[0m[38;2;143;255;143m[48;2;143;255;143m▀[0m[38;2;69;107;80m[48;2;69;107;80m▀[0m[38;2;15;15;15m[48;2;15;15;15m▀[0m[38;2;59;53;51m[48;2;59;53;51m▀[0m[38;2;212;213;171m[48;2;59;53;51m▀[0m[38;2;212;213;171m[48;2;168;157;118m▀[0m[38;2;212;213;171m[48;2;212;213;171m▀[0m[38;2;212;213;171m[48;2;212;213;171m▀[0m[38;2;212;213;171m[48;2;212;213;171m▀[0m[38;2;212;213;171m[48;2;212;213;171m▀[0m[38;2;212;213;171m[48;2;212;213;171m▀[0m[38;2;212;213;171m[48;2;168;157;118m▀[0m[38;2;212;213;171m[48;2;168;157;118m▀[0m[38;2;168;157;118m[48;2;168;157;118m▀[0m[38;2;168;157;118m[48;2;168;157;118m▀[0m[38;2;168;157;118m[48;2;168;157;118m▀[0m[38;2;168;157;118m[48;2;168;157;118m▀[0m[38;2;15;15;15m[48;2;15;15;15m▀[0m[38;2;41;35;33m▀     
         [38;2;15;15;15m▀[38;2;15;15;15m▀[38;2;15;15;15m▀[38;2;15;15;15m▀     [38;2;41;35;33m[48;2;41;35;33m▀[0m[38;2;59;53;51m[48;2;59;53;51m▀[0m[38;2;41;35;33m[48;2;59;53;51m▀[0m[38;2;41;35;33m[48;2;59;53;51m▀[0m[38;2;59;53;51m[48;2;41;35;33m▀[0m[38;2;59;53;51m[48;2;41;35;33m▀[0m[38;2;59;53;51m[48;2;41;35;33m▀[0m[38;2;59;53;51m[48;2;59;53;51m▀[0m[38;2;59;53;51m[48;2;59;53;51m▀[0m[38;2;59;53;51m[48;2;59;53;51m▀[0m[38;2;59;53;51m[48;2;59;53;51m▀[0m[38;2;59;53;51m[48;2;59;53;51m▀[0m[38;2;59;53;51m[48;2;59;53;51m▀[0m[38;2;59;53;51m[48;2;59;53;51m▀[0m[38;2;59;53;51m[48;2;59;53;51m▀[0m[38;2;59;53;51m[48;2;59;53;51m▀[0m[38;2;59;53;51m[48;2;59;53;51m▀[0m[38;2;59;53;51m[48;2;41;35;33m▀[0m[38;2;59;53;51m[48;2;41;35;33m▀[0m[38;2;59;53;51m[48;2;41;35;33m▀[0m[38;2;41;35;33m[48;2;59;53;51m▀[0m[38;2;41;35;33m[48;2;59;53;51m▀[0m[38;2;69;107;80m[48;2;69;107;80m▀[0m[38;2;59;53;51m[48;2;59;53;51m▀[0m[38;2;59;53;51m[48;2;59;53;51m▀[0m[38;2;15;15;15m[48;2;41;35;33m▀[0m[38;2;59;53;51m[48;2;15;15;15m▀[0m[38;2;59;53;51m[48;2;59;53;51m▀[0m[38;2;168;157;118m[48;2;59;53;51m▀[0m[38;2;168;157;118m[48;2;59;53;51m▀[0m[38;2;168;157;118m[48;2;168;157;118m▀[0m[38;2;168;157;118m[48;2;168;157;118m▀[0m[38;2;168;157;118m[48;2;168;157;118m▀[0m[38;2;168;157;118m[48;2;168;157;118m▀[0m[38;2;168;157;118m[48;2;168;157;118m▀[0m[38;2;168;157;118m[48;2;59;53;51m▀[0m[38;2;168;157;118m[48;2;59;53;51m▀[0m[38;2;59;53;51m[48;2;15;15;15m▀[0m[38;2;15;15;15m▀       
                   [38;2;41;35;33m[48;2;41;35;33m▀[0m[38;2;41;35;33m[48;2;59;53;51m▀[0m[38;2;59;53;51m[48;2;41;35;33m▀[0m[38;2;59;53;51m[48;2;41;35;33m▀[0m[38;2;59;53;51m[48;2;59;53;51m▀[0m[38;2;59;53;51m[48;2;59;53;51m▀[0m[38;2;41;35;33m[48;2;59;53;51m▀[0m[38;2;41;35;33m[48;2;59;53;51m▀[0m[38;2;41;35;33m[48;2;59;53;51m▀[0m[38;2;41;35;33m[48;2;59;53;51m▀[0m[38;2;41;35;33m[48;2;59;53;51m▀[0m[38;2;41;35;33m[48;2;59;53;51m▀[0m[38;2;41;35;33m[48;2;59;53;51m▀[0m[38;2;41;35;33m[48;2;59;53;51m▀[0m[38;2;41;35;33m[48;2;59;53;51m▀[0m[38;2;41;35;33m[48;2;59;53;51m▀[0m[38;2;59;53;51m[48;2;59;53;51m▀[0m[38;2;59;53;51m[48;2;59;53;51m▀[0m[38;2;59;53;51m[48;2;59;53;51m▀[0m[38;2;59;53;51m[48;2;59;53;51m▀[0m[38;2;59;53;51m[48;2;59;53;51m▀[0m[38;2;59;53;51m[48;2;59;53;51m▀[0m[38;2;59;53;51m[48;2;59;53;51m▀[0m[38;2;59;53;51m[48;2;59;53;51m▀[0m[38;2;41;35;33m[48;2;15;15;15m▀[0m[38;2;15;15;15m[48;2;41;35;33m▀[0m[38;2;15;15;15m[48;2;41;35;33m▀[0m[38;2;15;15;15m[48;2;41;35;33m▀[0m[38;2;59;53;51m[48;2;15;15;15m▀[0m[38;2;59;53;51m[48;2;15;15;15m▀[0m[38;2;59;53;51m[48;2;15;15;15m▀[0m[38;2;59;53;51m[48;2;15;15;15m▀[0m[38;2;59;53;51m[48;2;15;15;15m▀[0m[38;2;59;53;51m[48;2;15;15;15m▀[0m[38;2;15;15;15m▀[38;2;15;15;15m▀         
                   [38;2;41;35;33m[48;2;41;35;33m▀[0m[38;2;59;53;51m[48;2;59;53;51m▀[0m[38;2;59;53;51m[48;2;59;53;51m▀[0m[38;2;59;53;51m[48;2;59;53;51m▀[0m[38;2;59;53;51m[48;2;59;53;51m▀[0m[38;2;59;53;51m[48;2;59;53;51m▀[0m[38;2;41;35;33m[48;2;59;53;51m▀[0m[38;2;41;35;33m[48;2;59;53;51m▀[0m[38;2;59;53;51m[48;2;41;35;33m▀[0m[38;2;59;53;51m[48;2;15;15;15m▀[0m[38;2;59;53;51m[48;2;15;15;15m▀[0m[38;2;59;53;51m[48;2;15;15;15m▀[0m[38;2;59;53;51m[48;2;15;15;15m▀[0m[38;2;59;53;51m[48;2;15;15;15m▀[0m[38;2;59;53;51m[48;2;15;15;15m▀[0m[38;2;59;53;51m[48;2;41;35;33m▀[0m[38;2;59;53;51m[48;2;41;35;33m▀[0m[38;2;59;53;51m[48;2;59;53;51m▀[0m[38;2;59;53;51m[48;2;59;53;51m▀[0m[38;2;59;53;51m[48;2;59;53;51m▀[0m[38;2;59;53;51m[48;2;59;53;51m▀[0m[38;2;59;53;51m[48;2;59;53;51m▀[0m[38;2;59;53;51m[48;2;59;53;51m▀[0m[38;2;59;53;51m[48;2;15;15;15m▀[0m[38;2;15;15;15m[48;2;41;35;33m▀[0m[38;2;41;35;33m[48;2;41;35;33m▀[0m[38;2;41;35;33m[48;2;41;35;33m▀[0m[38;2;41;35;33m[48;2;41;35;33m▀[0m[38;2;15;15;15m[48;2;15;15;15m▀[0m                
                    [38;2;41;35;33m[48;2;41;35;33m▀[0m[38;2;59;53;51m[48;2;59;53;51m▀[0m[38;2;59;53;51m[48;2;59;53;51m▀[0m[38;2;59;53;51m[48;2;59;53;51m▀[0m[38;2;59;53;51m[48;2;59;53;51m▀[0m[38;2;59;53;51m[48;2;59;53;51m▀[0m[38;2;59;53;51m[48;2;59;53;51m▀[0m[38;2;15;15;15m[48;2;15;15;15m▀[0m      [38;2;15;15;15m▀[38;2;59;53;51m[48;2;15;15;15m▀[0m[38;2;59;53;51m[48;2;59;53;51m▀[0m[38;2;59;53;51m[48;2;59;53;51m▀[0m[38;2;59;53;51m[48;2;59;53;51m▀[0m[38;2;59;53;51m[48;2;59;53;51m▀[0m[38;2;59;53;51m[48;2;59;53;51m▀[0m[38;2;59;53;51m[48;2;59;53;51m▀[0m[38;2;15;15;15m[48;2;15;15;15m▀[0m[38;2;15;15;15m▀[38;2;15;15;15m▀[38;2;15;15;15m▀[38;2;15;15;15m▀                 
                     [38;2;15;15;15m▀[38;2;15;15;15m▀[38;2;15;15;15m▀[38;2;15;15;15m▀[38;2;15;15;15m▀[38;2;15;15;15m▀        [38;2;15;15;15m▀[38;2;59;53;51m[48;2;15;15;15m▀[0m[38;2;59;53;51m[48;2;15;15;15m▀[0m[38;2;59;53;51m[48;2;15;15;15m▀[0m[38;2;59;53;51m[48;2;15;15;15m▀[0m[38;2;59;53;51m[48;2;15;15;15m▀[0m[38;2;15;15;15m▀                      
[0m