                          [38;2;48;56;66m[48;2;65;79;94m▀[0m[38;2;39;43;48m▄                  
                       [38;2;48;56;66m▄[38;2;48;56;66m▄[38;2;48;56;66m[48;2;65;79;94m▀[0m[38;2;65;79;94m[48;2;39;43;48m▀[0m[38;2;39;43;48m▀    [38;2;39;43;48m▄[38;2;39;43;48m[48;2;48;56;66m▀[0m[38;2;39;43;48m[48;2;48;56;66m▀[0m[38;2;39;43;48m▄          
                   [38;2;48;56;66m▄[38;2;48;56;66m[48;2;65;79;94m▀[0m[38;2;48;56;66m[48;2;65;79;94m▀[0m[38;2;48;56;66m[48;2;65;79;94m▀[0m[38;2;65;79;94m[48;2;65;79;94m▀[0m[38;2;65;79;94m[48;2;65;79;94m▀[0m[38;2;65;79;94m[48;2;39;43;48m▀[0m[38;2;39;43;48m▀    [38;2;39;43;48m[48;2;39;43;48m▀[0m[38;2;48;56;66m[48;2;48;56;66m▀[0m[38;2;48;56;66m[48;2;39;43;48m▀[0m[38;2;39;43;48m▀     [38;2;48;56;66m▄[38;2;48;56;66m▄[38;2;48;56;66m[48;2;65;79;94m▀[0m[38;2;48;56;66m[48;2;65;79;94m▀[0m[38;2;48;56;66m[48;2;65;79;94m▀[0m[38;2;12;12;12m▄
                  [38;2;48;56;66m[48;2;48;56;66m▀[0m[38;2;65;79;94m[48;2;65;79;94m▀[0m[38;2;65;79;94m[48;2;65;79;94m▀[0m[38;2;65;79;94m[48;2;65;79;94m▀[0m[38;2;65;79;94m[48;2;39;43;48m▀[0m[38;2;39;43;48m▀[38;2;39;43;48m▀     [38;2;39;43;48m▄[38;2;39;43;48m[48;2;48;56;66m▀[0m[38;2;48;56;66m[48;2;48;56;66m▀[0m[38;2;39;43;48m[48;2;39;43;48m▀[0m     [38;2;48;56;66m[48;2;48;56;66m▀[0m[38;2;65;79;94m[48;2;65;79;94m▀[0m[38;2;65;79;94m[48;2;65;79;94m▀[0m[38;2;65;79;94m[48;2;12;12;12m▀[0m[38;2;12;12;12m▀  
             [38;2;48;56;66m▄[38;2;48;56;66m▄[38;2;48;56;66m[48;2;65;79;94m▀[0m[38;2;48;56;66m[48;2;65;79;94m▀[0m[38;2;48;56;66m[48;2;65;79;94m▀[0m[38;2;65;79;94m[48;2;65;79;94m▀[0m[38;2;65;79;94m[48;2;65;79;94m▀[0m[38;2;65;79;94m[48;2;65;79;94m▀[0m[38;2;65;79;94m[48;2;65;79;94m▀[0m[38;2;39;43;48m[48;2;65;79;94m▀[0m[38;2;39;43;48m▄   [38;2;39;43;48m▄[38;2;39;43;48m[48;2;48;56;66m▀[0m[38;2;39;43;48m[48;2;48;56;66m▀[0m[38;2;48;56;66m[48;2;48;56;66m▀[0m[38;2;48;56;66m[48;2;48;56;66m▀[0m[38;2;48;56;66m[48;2;39;43;48m▀[0m[38;2;39;43;48m▀    [38;2;48;56;66m▄[38;2;48;56;66m[48;2;65;79;94m▀[0m[38;2;65;79;94m[48;2;65;79;94m▀[0m[38;2;65;79;94m[48;2;65;79;94m▀[0m[38;2;12;12;12m[48;2;12;12;12m▀[0m   
            [38;2;48;56;66m[48;2;48;56;66m▀[0m[38;2;65;79;94m[48;2;65;79;94m▀[0m[38;2;65;79;94m[48;2;84;180;232m▀[0m[38;2;65;79;94m[48;2;84;180;232m▀[0m[38;2;65;79;94m[48;2;84;180;232m▀[0m[38;2;65;79;94m[48;2;65;79;94m▀[0m[38;2;65;79;94m[48;2;65;79;94m▀[0m[38;2;65;79;94m[48;2;84;180;232m▀[0m[38;2;65;79;94m[48;2;84;180;232m▀[0m[38;2;84;180;232m[48;2;65;79;94m▀[0m[38;2;65;79;94m[48;2;65;79;94m▀[0m[38;2;39;43;48m[48;2;39;43;48m▀[0m  [38;2;39;43;48m[48;2;39;43;48m▀[0m[38;2;48;56;66m[48;2;48;56;66m▀[0m[38;2;48;56;66m[48;2;65;143;191m▀[0m[38;2;48;56;66m[48;2;48;56;66m▀[0m[38;2;48;56;66m[48;2;48;56;66m▀[0m[38;2;39;43;48m[48;2;39;43;48m▀[0m  [38;2;39;43;48m▄[38;2;48;56;66m▄[38;2;39;43;48m[48;2;65;79;94m▀[0m[38;2;48;56;66m[48;2;65;79;94m▀[0m[38;2;65;79;94m[48;2;65;79;94m▀[0m[38;2;65;79;94m[48;2;65;79;94m▀[0m[38;2;65;79;94m[48;2;65;79;94m▀[0m[38;2;65;79;94m[48;2;12;12;12m▀[0m[38;2;12;12;12m▀   
           [38;2;48;56;66m[48;2;48;56;66m▀[0m[38;2;65;79;94m[48;2;65;79;94m▀[0m[38;2;84;180;232m[48;2;84;180;232m▀[0m[38;2;84;180;232m[48;2;171;235;237m▀[0m[38;2;84;180;232m[48;2;171;235;237m▀[0m[38;2;84;180;232m[48;2;84;180;232m▀[0m[38;2;84;180;232m[48;2;84;180;232m▀[0m[38;2;84;180;232m[48;2;171;235;237m▀[0m[38;2;84;180;232m[48;2;84;180;232m▀[0m[38;2;65;79;94m[48;2;65;79;94m▀[0m[38;2;65;79;94m[48;2;12;12;12m▀[0m[38;2;12;12;12m▀[38;2;12;12;12m▄[38;2;12;12;12m▄[38;2;12;12;12m[48;2;65;79;94m▀[0m[38;2;12;12;12m[48;2;12;12;12m▀[0m[38;2;65;143;191m[48;2;65;143;191m▀[0m[38;2;48;56;66m[48;2;48;56;66m▀[0m[38;2;48;56;66m[48;2;48;56;66m▀[0m[38;2;48;56;66m[48;2;48;56;66m▀[0m[38;2;48;56;66m[48;2;39;43;48m▀[0m[38;2;39;43;48m[48;2;65;79;94m▀[0m[38;2;39;43;48m[48;2;65;79;94m▀[0m[38;2;65;79;94m[48;2;84;180;232m▀[0m[38;2;65;79;94m[48;2;84;180;232m▀[0m[38;2;65;79;94m[48;2;84;180;232m▀[0m[38;2;65;79;94m[48;2;84;180;232m▀[0m[38;2;65;79;94m[48;2;65;79;94m▀[0m[38;2;65;79;94m[48;2;65;79;94m▀[0m[38;2;65;79;94m[48;2;12;12;12m▀[0m[38;2;12;12;12m▀    
           [38;2;48;56;66m[48;2;48;56;66m▀[0m[38;2;84;180;232m[48;2;84;180;232m▀[0m[38;2;171;235;237m[48;2;171;235;237m▀[0m[38;2;171;235;237m[48;2;171;235;237m▀[0m[38;2;171;235;237m[48;2;171;235;237m▀[0m[38;2;171;235;237m[48;2;171;235;237m▀[0m[38;2;171;235;237m[48;2;171;235;237m▀[0m[38;2;171;235;237m[48;2;171;235;237m▀[0m[38;2;84;180;232m[48;2;171;235;237m▀[0m[38;2;84;180;232m[48;2;84;180;232m▀[0m[38;2;12;12;12m[48;2;84;180;232m▀[0m[38;2;12;12;12m[48;2;84;180;232m▀[0m[38;2;65;79;94m[48;2;171;235;237m▀[0m[38;2;65;79;94m[48;2;65;79;94m▀[0m[38;2;12;12;12m[48;2;12;12;12m▀[0m[38;2;65;143;191m[48;2;65;143;191m▀[0m[38;2;65;143;191m[48;2;65;143;191m▀[0m[38;2;65;143;191m[48;2;65;143;191m▀[0m[38;2;65;143;191m[48;2;65;143;191m▀[0m[38;2;39;43;48m[48;2;39;43;48m▀[0m[38;2;65;79;94m[48;2;84;180;232m▀[0m[38;2;84;180;232m[48;2;84;180;232m▀[0m[38;2;84;180;232m[48;2;84;180;232m▀[0m[38;2;84;180;232m[48;2;84;180;232m▀[0m[38;2;84;180;232m[48;2;65;79;94m▀[0m[38;2;65;79;94m[48;2;65;79;94m▀[0m[38;2;65;79;94m[48;2;65;79;94m▀[0m[38;2;65;79;94m[48;2;65;79;94m▀[0m[38;2;12;12;12m[48;2;12;12;12m▀[0m      
    [38;2;36;78;67m▄[38;2;36;78;67m▄[38;2;36;78;67m[48;2;199;215;207m▀[0m[38;2;36;78;67m[48;2;199;215;207m▀[0m[38;2;48;56;66m▄[38;2;48;56;66m▄[38;2;48;56;66m[48;2;84;180;232m▀[0m[38;2;84;180;232m[48;2;171;235;237m▀[0m[38;2;171;235;237m[48;2;36;78;67m▀[0m[38;2;171;235;237m[48;2;36;78;67m▀[0m[38;2;36;78;67m[48;2;199;215;207m▀[0m[38;2;36;78;67m[48;2;242;242;242m▀[0m[38;2;36;78;67m[48;2;242;242;242m▀[0m[38;2;36;78;67m[48;2;242;242;242m▀[0m[38;2;36;78;67m[48;2;242;242;242m▀[0m[38;2;171;235;237m[48;2;119;152;132m▀[0m[38;2;171;235;237m[48;2;36;78;67m▀[0m[38;2;171;235;237m[48;2;171;235;237m▀[0m[38;2;171;235;237m[48;2;171;235;237m▀[0m[38;2;84;180;232m[48;2;171;235;237m▀[0m[38;2;12;12;12m[48;2;171;235;237m▀[0m[38;2;12;12;12m▄[38;2;39;43;48m[48;2;39;43;48m▀[0m[38;2;65;143;191m[48;2;112;167;184m▀[0m[38;2;112;167;184m[48;2;112;167;184m▀[0m[38;2;39;43;48m[48;2;39;43;48m▀[0m[38;2;84;180;232m[48;2;84;180;232m▀[0m[38;2;84;180;232m[48;2;171;235;237m▀[0m[38;2;84;180;232m[48;2;171;235;237m▀[0m[38;2;84;180;232m[48;2;171;235;237m▀[0m[38;2;84;180;232m[48;2;84;180;232m▀[0m[38;2;84;180;232m[48;2;84;180;232m▀[0m[38;2;84;180;232m[48;2;84;180;232m▀[0m[38;2;65;79;94m[48;2;84;180;232m▀[0m[38;2;65;79;94m[48;2;65;79;94m▀[0m[38;2;65;79;94m[48;2;65;79;94m▀[0m[38;2;12;12;12m[48;2;12;12;12m▀[0m     
  [38;2;36;78;67m▄[38;2;36;78;67m[48;2;119;152;132m▀[0m[38;2;119;152;132m[48;2;57;111;84m▀[0m[38;2;119;152;132m[48;2;119;152;132m▀[0m[38;2;119;152;132m[48;2;48;56;66m▀[0m[38;2;48;56;66m[48;2;84;180;232m▀[0m[38;2;84;180;232m[48;2;84;180;232m▀[0m[38;2;84;180;232m[48;2;84;180;232m▀[0m[38;2;84;180;232m[48;2;36;78;67m▀[0m[38;2;36;78;67m[48;2;119;152;132m▀[0m[38;2;119;152;132m[48;2;119;152;132m▀[0m[38;2;199;215;207m[48;2;119;152;132m▀[0m[38;2;119;152;132m[48;2;199;215;207m▀[0m[38;2;199;215;207m[48;2;119;152;132m▀[0m[38;2;199;215;207m[48;2;199;215;207m▀[0m[38;2;199;215;207m[48;2;199;215;207m▀[0m[38;2;199;215;207m[48;2;199;215;207m▀[0m[38;2;242;242;242m[48;2;199;215;207m▀[0m[38;2;242;242;242m[48;2;199;215;207m▀[0m[38;2;119;152;132m[48;2;199;215;207m▀[0m[38;2;171;235;237m[48;2;119;152;132m▀[0m[38;2;171;235;237m[48;2;84;180;232m▀[0m[38;2;171;235;237m[48;2;171;235;237m▀[0m[38;2;171;235;237m[48;2;171;235;237m▀[0m[38;2;12;12;12m[48;2;171;235;237m▀[0m[38;2;39;43;48m[48;2;12;12;12m▀[0m[38;2;112;167;184m[48;2;112;167;184m▀[0m[38;2;39;43;48m[48;2;39;43;48m▀[0m[38;2;171;235;237m[48;2;171;235;237m▀[0m[38;2;171;235;237m[48;2;171;235;237m▀[0m[38;2;171;235;237m[48;2;171;235;237m▀[0m[38;2;171;235;237m[48;2;171;235;237m▀[0m[38;2;171;235;237m[48;2;171;235;237m▀[0m[38;2;84;180;232m[48;2;171;235;237m▀[0m[38;2;84;180;232m[48;2;84;180;232m▀[0m[38;2;84;180;232m[48;2;84;180;232m▀[0m[38;2;65;79;94m[48;2;65;79;94m▀[0m[38;2;65;79;94m[48;2;65;79;94m▀[0m[38;2;12;12;12m[48;2;12;12;12m▀[0m     
 [38;2;36;78;67m[48;2;36;78;67m▀[0m[38;2;57;111;84m[48;2;57;111;84m▀[0m[38;2;57;111;84m[48;2;57;111;84m▀[0m[38;2;119;152;132m[48;2;57;111;84m▀[0m[38;2;48;56;66m[48;2;48;56;66m▀[0m[38;2;171;235;237m[48;2;84;180;232m▀[0m[38;2;84;180;232m[48;2;171;235;237m▀[0m[38;2;84;180;232m[48;2;36;78;67m▀[0m[38;2;36;78;67m[48;2;57;111;84m▀[0m[38;2;119;152;132m[48;2;57;111;84m▀[0m[38;2;119;152;132m[48;2;57;111;84m▀[0m[38;2;57;111;84m[48;2;119;152;132m▀[0m[38;2;119;152;132m[48;2;57;111;84m▀[0m[38;2;119;152;132m[48;2;119;152;132m▀[0m[38;2;119;152;132m[48;2;12;12;12m▀[0m[38;2;119;152;132m[48;2;12;12;12m▀[0m[38;2;12;12;12m[48;2;112;167;184m▀[0m[38;2;12;12;12m[48;2;112;167;184m▀[0m[38;2;12;12;12m[48;2;112;167;184m▀[0m[38;2;12;12;12m[48;2;171;235;237m▀[0m[38;2;12;12;12m[48;2;41;45;55m▀[0m[38;2;199;215;207m[48;2;41;45;55m▀[0m[38;2;119;152;132m[48;2;41;45;55m▀[0m[38;2;84;180;232m[48;2;84;180;232m▀[0m[38;2;171;235;237m[48;2;171;235;237m▀[0m[38;2;171;235;237m[48;2;171;235;237m▀[0m[38;2;12;12;12m[48;2;171;235;237m▀[0m[38;2;112;167;184m[48;2;12;12;12m▀[0m[38;2;112;167;184m[48;2;112;167;184m▀[0m[38;2;39;43;48m[48;2;39;43;48m▀[0m[38;2;171;235;237m[48;2;171;235;237m▀[0m[38;2;171;235;237m[48;2;171;235;237m▀[0m[38;2;171;235;237m[48;2;171;235;237m▀[0m[38;2;171;235;237m[48;2;171;235;237m▀[0m[38;2;171;235;237m[48;2;171;235;237m▀[0m[38;2;84;180;232m[48;2;84;180;232m▀[0m[38;2;84;180;232m[48;2;65;79;94m▀[0m[38;2;65;79;94m[48;2;65;79;94m▀[0m[38;2;12;12;12m[48;2;12;12;12m▀[0m      
[38;2;36;78;67m[48;2;36;78;67m▀[0m[38;2;57;111;84m[48;2;57;111;84m▀[0m[38;2;57;111;84m[48;2;57;111;84m▀[0m[38;2;57;111;84m[48;2;57;111;84m▀[0m[38;2;48;56;66m[48;2;48;56;66m▀[0m[38;2;84;180;232m[48;2;171;235;237m▀[0m[38;2;84;180;232m[48;2;84;180;232m▀[0m[38;2;171;235;237m[48;2;36;78;67m▀[0m[38;2;36;78;67m[48;2;57;111;84m▀[0m[38;2;57;111;84m[48;2;57;111;84m▀[0m[38;2;57;111;84m[48;2;57;111;84m▀[0m[38;2;57;111;84m[48;2;57;111;84m▀[0m[38;2;57;111;84m[48;2;57;111;84m▀[0m[38;2;119;152;132m[48;2;57;111;84m▀[0m[38;2;12;12;12m[48;2;12;12;12m▀[0m[38;2;153;138;158m[48;2;242;242;242m▀[0m[38;2;242;242;242m[48;2;153;138;158m▀[0m[38;2;242;242;242m[48;2;12;12;12m▀[0m[38;2;242;242;242m[48;2;12;12;12m▀[0m[38;2;153;138;158m[48;2;12;12;12m▀[0m[38;2;41;45;55m[48;2;153;138;158m▀[0m[38;2;36;78;67m[48;2;36;78;67m▀[0m[38;2;36;78;67m[48;2;41;45;55m▀[0m[38;2;36;78;67m[48;2;41;45;55m▀[0m[38;2;41;45;55m[48;2;36;78;67m▀[0m[38;2;171;235;237m[48;2;41;45;55m▀[0m[38;2;171;235;237m[48;2;84;180;232m▀[0m[38;2;171;235;237m[48;2;171;235;237m▀[0m[38;2;12;12;12m[48;2;171;235;237m▀[0m[38;2;112;167;184m[48;2;12;12;12m▀[0m[38;2;39;43;48m[48;2;171;235;237m▀[0m[38;2;171;235;237m[48;2;171;235;237m▀[0m[38;2;171;235;237m[48;2;171;235;237m▀[0m[38;2;171;235;237m[48;2;171;235;237m▀[0m[38;2;171;235;237m[48;2;84;180;232m▀[0m[38;2;84;180;232m[48;2;84;180;232m▀[0m[38;2;84;180;232m[48;2;12;12;12m▀[0m[38;2;65;79;94m[48;2;12;12;12m▀[0m[38;2;12;12;12m▀       
[38;2;36;78;67m[48;2;36;78;67m▀[0m[38;2;57;111;84m[48;2;57;111;84m▀[0m[38;2;57;111;84m[48;2;57;111;84m▀[0m[38;2;39;43;48m[48;2;39;43;48m▀[0m[38;2;84;180;232m[48;2;171;235;237m▀[0m[38;2;171;235;237m[48;2;84;180;232m▀[0m[38;2;84;180;232m[48;2;171;235;237m▀[0m[38;2;36;78;67m[48;2;36;78;67m▀[0m[38;2;57;111;84m[48;2;57;111;84m▀[0m[38;2;57;111;84m[48;2;57;111;84m▀[0m[38;2;57;111;84m[48;2;57;111;84m▀[0m[38;2;57;111;84m[48;2;57;111;84m▀[0m[38;2;57;111;84m[48;2;57;111;84m▀[0m[38;2;12;12;12m[48;2;12;12;12m▀[0m[38;2;242;242;242m[48;2;242;242;242m▀[0m[38;2;153;138;158m[48;2;12;12;12m▀[0m[38;2;12;12;12m[48;2;12;12;12m▀[0m[38;2;153;138;158m[48;2;153;138;158m▀[0m[38;2;153;138;158m[48;2;153;138;158m▀[0m[38;2;41;45;55m[48;2;41;45;55m▀[0m[38;2;12;12;12m[48;2;12;12;12m▀[0m[38;2;41;45;55m[48;2;41;45;55m▀[0m[38;2;41;45;55m[48;2;57;111;84m▀[0m[38;2;41;45;55m[48;2;57;111;84m▀[0m[38;2;57;111;84m[48;2;57;111;84m▀[0m[38;2;41;45;55m[48;2;41;45;55m▀[0m[38;2;84;180;232m[48;2;171;235;237m▀[0m[38;2;84;180;232m[48;2;84;180;232m▀[0m[38;2;171;235;237m[48;2;171;235;237m▀[0m[38;2;171;235;237m[48;2;171;235;237m▀[0m[38;2;171;235;237m[48;2;171;235;237m▀[0m[38;2;171;235;237m[48;2;171;235;237m▀[0m[38;2;171;235;237m[48;2;12;12;12m▀[0m[38;2;12;12;12m▀[38;2;12;12;12m▀[38;2;12;12;12m▀          
[38;2;12;12;12m[48;2;12;12;12m▀[0m[38;2;57;111;84m[48;2;36;78;67m▀[0m[38;2;57;111;84m[48;2;36;78;67m▀[0m[38;2;39;43;48m[48;2;39;43;48m▀[0m[38;2;171;235;237m[48;2;171;235;237m▀[0m[38;2;84;180;232m[48;2;171;235;237m▀[0m[38;2;171;235;237m[48;2;171;235;237m▀[0m[38;2;12;12;12m[48;2;12;12;12m▀[0m[38;2;57;111;84m[48;2;36;78;67m▀[0m[38;2;57;111;84m[48;2;57;111;84m▀[0m[38;2;41;45;55m[48;2;41;45;55m▀[0m[38;2;41;45;55m[48;2;41;45;55m▀[0m[38;2;57;111;84m[48;2;36;78;67m▀[0m[38;2;12;12;12m[48;2;12;12;12m▀[0m[38;2;242;242;242m[48;2;242;242;242m▀[0m[38;2;12;12;12m[48;2;153;138;158m▀[0m[38;2;12;12;12m[48;2;12;12;12m▀[0m[38;2;41;45;55m[48;2;12;12;12m▀[0m[38;2;41;45;55m[48;2;12;12;12m▀[0m[38;2;41;45;55m[48;2;12;12;12m▀[0m[38;2;12;12;12m[48;2;12;12;12m▀[0m[38;2;41;45;55m[48;2;41;45;55m▀[0m[38;2;57;111;84m[48;2;57;111;84m▀[0m[38;2;57;111;84m[48;2;57;111;84m▀[0m[38;2;57;111;84m[48;2;57;111;84m▀[0m[38;2;41;45;55m[48;2;41;45;55m▀[0m[38;2;84;180;232m[48;2;84;180;232m▀[0m[38;2;84;180;232m[48;2;171;235;237m▀[0m[38;2;171;235;237m[48;2;171;235;237m▀[0m[38;2;171;235;237m[48;2;12;12;12m▀[0m[38;2;171;235;237m[48;2;171;235;237m▀[0m[38;2;171;235;237m[48;2;171;235;237m▀[0m[38;2;171;235;237m[48;2;171;235;237m▀[0m[38;2;48;56;66m[48;2;171;235;237m▀[0m[38;2;48;56;66m[48;2;84;180;232m▀[0m[38;2;48;56;66m[48;2;84;180;232m▀[0m[38;2;48;56;66m[48;2;65;79;94m▀[0m[38;2;48;56;66m▄[38;2;48;56;66m▄       
 [38;2;12;12;12m[48;2;36;78;67m▀[0m[38;2;36;78;67m[48;2;12;12;12m▀[0m[38;2;36;78;67m[48;2;12;12;12m▀[0m[38;2;39;43;48m[48;2;39;43;48m▀[0m[38;2;171;235;237m[48;2;112;167;184m▀[0m[38;2;171;235;237m[48;2;171;235;237m▀[0m[38;2;171;235;237m[48;2;171;235;237m▀[0m[38;2;12;12;12m[48;2;112;167;184m▀[0m[38;2;36;78;67m[48;2;12;12;12m▀[0m[38;2;36;78;67m[48;2;12;12;12m▀[0m[38;2;36;78;67m[48;2;12;12;12m▀[0m[38;2;12;12;12m[48;2;112;167;184m▀[0m[38;2;12;12;12m[48;2;112;167;184m▀[0m[38;2;153;138;158m[48;2;12;12;12m▀[0m[38;2;242;242;242m[48;2;153;138;158m▀[0m[38;2;153;138;158m[48;2;242;242;242m▀[0m[38;2;12;12;12m[48;2;242;242;242m▀[0m[38;2;12;12;12m[48;2;242;242;242m▀[0m[38;2;12;12;12m[48;2;153;138;158m▀[0m[38;2;153;138;158m[48;2;41;45;55m▀[0m[38;2;57;111;84m[48;2;119;152;132m▀[0m[38;2;57;111;84m[48;2;57;111;84m▀[0m[38;2;57;111;84m[48;2;57;111;84m▀[0m[38;2;57;111;84m[48;2;41;45;55m▀[0m[38;2;41;45;55m[48;2;112;167;184m▀[0m[38;2;171;235;237m[48;2;112;167;184m▀[0m[38;2;112;167;184m[48;2;112;167;184m▀[0m[38;2;12;12;12m[48;2;12;12;12m▀[0m[38;2;112;167;184m[48;2;112;167;184m▀[0m[38;2;12;12;12m[48;2;12;12;12m▀[0m[38;2;171;235;237m[48;2;171;235;237m▀[0m[38;2;171;235;237m[48;2;171;235;237m▀[0m[38;2;171;235;237m[48;2;171;235;237m▀[0m[38;2;171;235;237m[48;2;171;235;237m▀[0m[38;2;84;180;232m[48;2;84;180;232m▀[0m[38;2;84;180;232m[48;2;84;180;232m▀[0m[38;2;65;79;94m[48;2;65;79;94m▀[0m[38;2;65;79;94m[48;2;65;79;94m▀[0m[38;2;48;56;66m[48;2;48;56;66m▀[0m      
  [38;2;36;78;67m[48;2;36;78;67m▀[0m[38;2;199;215;207m[48;2;199;215;207m▀[0m[38;2;12;12;12m[48;2;199;215;207m▀[0m[38;2;39;43;48m[48;2;12;12;12m▀[0m[38;2;112;167;184m[48;2;12;12;12m▀[0m[38;2;112;167;184m[48;2;112;167;184m▀[0m[38;2;112;167;184m[48;2;112;167;184m▀[0m[38;2;41;45;55m[48;2;41;45;55m▀[0m[38;2;242;242;242m[48;2;199;215;207m▀[0m[38;2;57;111;84m[48;2;242;242;242m▀[0m[38;2;57;111;84m[48;2;242;242;242m▀[0m[38;2;112;167;184m[48;2;57;111;84m▀[0m[38;2;112;167;184m[48;2;57;111;84m▀[0m[38;2;12;12;12m[48;2;57;111;84m▀[0m[38;2;12;12;12m[48;2;57;111;84m▀[0m[38;2;12;12;12m[48;2;242;242;242m▀[0m[38;2;12;12;12m[48;2;242;242;242m▀[0m[38;2;41;45;55m[48;2;119;152;132m▀[0m[38;2;119;152;132m[48;2;119;152;132m▀[0m[38;2;57;111;84m[48;2;119;152;132m▀[0m[38;2;119;152;132m[48;2;57;111;84m▀[0m[38;2;57;111;84m[48;2;41;45;55m▀[0m[38;2;41;45;55m[48;2;48;56;66m▀[0m[38;2;112;167;184m[48;2;48;56;66m▀[0m[38;2;112;167;184m[48;2;112;167;184m▀[0m[38;2;12;12;12m[48;2;12;12;12m▀[0m[38;2;65;143;191m[48;2;65;143;191m▀[0m[38;2;112;167;184m[48;2;65;143;191m▀[0m[38;2;12;12;12m[48;2;12;12;12m▀[0m[38;2;84;180;232m[48;2;84;180;232m▀[0m[38;2;171;235;237m[48;2;84;180;232m▀[0m[38;2;171;235;237m[48;2;84;180;232m▀[0m[38;2;84;180;232m[48;2;84;180;232m▀[0m[38;2;84;180;232m[48;2;65;79;94m▀[0m[38;2;65;79;94m[48;2;65;79;94m▀[0m[38;2;65;79;94m[48;2;65;79;94m▀[0m[38;2;65;79;94m[48;2;65;79;94m▀[0m[38;2;65;79;94m[48;2;65;79;94m▀[0m[38;2;48;56;66m[48;2;48;56;66m▀[0m     
   [38;2;36;78;67m▀[38;2;199;215;207m[48;2;36;78;67m▀[0m[38;2;119;152;132m[48;2;119;152;132m▀[0m[38;2;119;152;132m[48;2;119;152;132m▀[0m[38;2;12;12;12m[48;2;48;56;66m▀[0m[38;2;12;12;12m[48;2;65;143;191m▀[0m[38;2;112;167;184m[48;2;12;12;12m▀[0m[38;2;41;45;55m[48;2;12;12;12m▀[0m[38;2;199;215;207m[48;2;12;12;12m▀[0m[38;2;199;215;207m[48;2;199;215;207m▀[0m[38;2;242;242;242m[48;2;199;215;207m▀[0m[38;2;242;242;242m[48;2;199;215;207m▀[0m[38;2;242;242;242m[48;2;199;215;207m▀[0m[38;2;242;242;242m[48;2;199;215;207m▀[0m[38;2;199;215;207m[48;2;199;215;207m▀[0m[38;2;199;215;207m[48;2;199;215;207m▀[0m[38;2;199;215;207m[48;2;199;215;207m▀[0m[38;2;119;152;132m[48;2;119;152;132m▀[0m[38;2;119;152;132m[48;2;41;45;55m▀[0m[38;2;41;45;55m[48;2;171;235;237m▀[0m[38;2;171;235;237m[48;2;171;235;237m▀[0m[38;2;171;235;237m[48;2;171;235;237m▀[0m[38;2;84;180;232m[48;2;84;180;232m▀[0m[38;2;12;12;12m[48;2;65;79;94m▀[0m[38;2;12;12;12m▄[38;2;39;43;48m▀[38;2;65;143;191m[48;2;39;43;48m▀[0m[38;2;65;143;191m[48;2;48;56;66m▀[0m[38;2;12;12;12m[48;2;48;56;66m▀[0m[38;2;84;180;232m[48;2;12;12;12m▀[0m[38;2;84;180;232m[48;2;12;12;12m▀[0m[38;2;84;180;232m[48;2;65;79;94m▀[0m[38;2;84;180;232m[48;2;65;79;94m▀[0m[38;2;84;180;232m[48;2;65;79;94m▀[0m[38;2;65;79;94m[48;2;65;79;94m▀[0m[38;2;65;79;94m[48;2;65;79;94m▀[0m[38;2;65;79;94m[48;2;65;79;94m▀[0m[38;2;48;56;66m[48;2;65;79;94m▀[0m[38;2;48;56;66m[48;2;65;79;94m▀[0m[38;2;48;56;66m▄   
     [38;2;36;78;67m▀[38;2;39;43;48m[48;2;39;43;48m▀[0m[38;2;48;56;66m[48;2;48;56;66m▀[0m[38;2;65;143;191m[48;2;65;143;191m▀[0m[38;2;112;167;184m[48;2;65;143;191m▀[0m[38;2;112;167;184m[48;2;112;167;184m▀[0m[38;2;112;167;184m[48;2;12;12;12m▀[0m[38;2;12;12;12m▀[38;2;12;12;12m▀[38;2;199;215;207m[48;2;12;12;12m▀[0m[38;2;199;215;207m[48;2;12;12;12m▀[0m[38;2;199;215;207m[48;2;12;12;12m▀[0m[38;2;199;215;207m[48;2;12;12;12m▀[0m[38;2;119;152;132m[48;2;12;12;12m▀[0m[38;2;41;45;55m▀[38;2;41;45;55m[48;2;12;12;12m▀[0m[38;2;171;235;237m[48;2;84;180;232m▀[0m[38;2;171;235;237m[48;2;84;180;232m▀[0m[38;2;171;235;237m[48;2;84;180;232m▀[0m[38;2;84;180;232m[48;2;84;180;232m▀[0m[38;2;84;180;232m[48;2;65;79;94m▀[0m[38;2;65;79;94m[48;2;65;79;94m▀[0m[38;2;12;12;12m[48;2;12;12;12m▀[0m  [38;2;39;43;48m[48;2;39;43;48m▀[0m[38;2;48;56;66m[48;2;48;56;66m▀[0m[38;2;39;43;48m▀ [38;2;12;12;12m▀[38;2;12;12;12m▀[38;2;12;12;12m▀[38;2;12;12;12m▀[38;2;12;12;12m▀[38;2;12;12;12m▀[38;2;65;79;94m[48;2;12;12;12m▀[0m[38;2;65;79;94m[48;2;12;12;12m▀[0m[38;2;65;79;94m[48;2;65;79;94m▀[0m[38;2;48;56;66m[48;2;48;56;66m▀[0m  
      [38;2;39;43;48m▀[38;2;48;56;66m[48;2;39;43;48m▀[0m[38;2;48;56;66m[48;2;48;56;66m▀[0m[38;2;65;143;191m[48;2;12;12;12m▀[0m[38;2;12;12;12m▀          [38;2;12;12;12m▀[38;2;84;180;232m[48;2;12;12;12m▀[0m[38;2;84;180;232m[48;2;65;79;94m▀[0m[38;2;84;180;232m[48;2;65;79;94m▀[0m[38;2;84;180;232m[48;2;65;79;94m▀[0m[38;2;65;79;94m[48;2;65;79;94m▀[0m[38;2;65;79;94m[48;2;65;79;94m▀[0m[38;2;12;12;12m[48;2;65;79;94m▀[0m[38;2;12;12;12m▄[38;2;12;12;12m▄[38;2;39;43;48m▀          [38;2;12;12;12m▀[38;2;48;56;66m▀  
       [38;2;39;43;48m▀[38;2;48;56;66m[48;2;12;12;12m▀[0m[38;2;12;12;12m▀             [38;2;12;12;12m▀[38;2;12;12;12m▀[38;2;65;79;94m[48;2;12;12;12m▀[0m[38;2;65;79;94m[48;2;12;12;12m▀[0m[38;2;65;79;94m[48;2;12;12;12m▀[0m[38;2;65;79;94m[48;2;12;12;12m▀[0m[38;2;65;79;94m[48;2;12;12;12m▀[0m[38;2;65;79;94m[48;2;12;12;12m▀[0m[38;2;12;12;12m▀              
[0m