                                              [38;2;189;93;0m▄[38;2;189;93;0m[48;2;255;233;129m▀[0m                                                
                             [38;2;189;93;0m▄[38;2;189;93;0m▄        [38;2;189;93;0m▄[38;2;189;93;0m[48;2;255;233;129m▀[0m[38;2;189;93;0m[48;2;255;233;129m▀[0m[38;2;189;93;0m[48;2;255;233;129m▀[0m[38;2;189;93;0m[48;2;255;233;129m▀[0m[38;2;189;93;0m[48;2;255;233;129m▀[0m[38;2;255;233;129m[48;2;255;233;129m▀[0m[38;2;255;233;129m[48;2;255;233;129m▀[0m[38;2;255;233;129m[48;2;189;93;0m▀[0m                                                
          [38;2;189;93;0m▄[38;2;189;93;0m▄  [38;2;189;93;0m▄[38;2;189;93;0m[48;2;255;233;129m▀[0m[38;2;189;93;0m[48;2;255;233;129m▀[0m[38;2;189;93;0m▄      [38;2;189;93;0m▄[38;2;189;93;0m[48;2;255;233;129m▀[0m[38;2;189;93;0m▄  [38;2;189;93;0m▀[38;2;255;233;129m[48;2;189;93;0m▀[0m[38;2;189;93;0m[48;2;255;233;129m▀[0m[38;2;189;93;0m▄     [38;2;189;93;0m[48;2;189;93;0m▀[0m[38;2;255;233;129m[48;2;255;233;129m▀[0m[38;2;255;233;129m[48;2;255;233;129m▀[0m[38;2;255;233;129m[48;2;16;16;16m▀[0m[38;2;255;233;129m[48;2;16;16;16m▀[0m[38;2;255;233;129m[48;2;16;16;16m▀[0m[38;2;255;233;129m[48;2;189;93;0m▀[0m[38;2;189;93;0m▀[38;2;189;93;0m▀                                                 
          [38;2;189;93;0m▀[38;2;255;233;129m▀[38;2;189;93;0m[48;2;189;93;0m▀[0m[38;2;189;93;0m[48;2;255;233;129m▀[0m[38;2;255;233;129m[48;2;255;233;129m▀[0m[38;2;255;233;129m[48;2;189;93;0m▀[0m[38;2;255;233;129m[48;2;189;93;0m▀[0m[38;2;255;233;129m[48;2;189;93;0m▀[0m[38;2;189;93;0m[48;2;255;233;129m▀[0m[38;2;189;93;0m▄    [38;2;189;93;0m[48;2;189;93;0m▀[0m[38;2;255;233;129m[48;2;255;233;129m▀[0m[38;2;189;93;0m[48;2;255;233;129m▀[0m[38;2;189;93;0m▄  [38;2;189;93;0m▀[38;2;255;233;129m[48;2;189;93;0m▀[0m[38;2;255;233;129m[48;2;255;233;129m▀[0m [38;2;80;116;183m▄[38;2;146;181;247m▄[38;2;146;181;247m▄[38;2;80;116;183m▄[38;2;189;93;0m▀[38;2;255;233;129m[48;2;189;93;0m▀[0m[38;2;16;16;16m[48;2;255;233;129m▀[0m[38;2;16;16;16m▄                                                      
             [38;2;189;93;0m▀[38;2;189;93;0m▀   [38;2;255;233;129m[48;2;255;233;129m▀[0m[38;2;189;93;0m[48;2;189;93;0m▀[0m  [38;2;80;116;183m▄[38;2;80;116;183m[48;2;255;255;255m▀[0m[38;2;80;116;183m[48;2;146;181;247m▀[0m[38;2;255;233;129m[48;2;80;116;183m▀[0m[38;2;255;233;129m[48;2;255;233;129m▀[0m[38;2;189;93;0m[48;2;189;93;0m▀[0m   [38;2;189;93;0m[48;2;189;93;0m▀[0m[38;2;255;233;129m[48;2;255;233;129m▀[0m[38;2;80;116;183m[48;2;80;116;183m▀[0m[38;2;146;181;247m[48;2;146;181;247m▀[0m[38;2;255;255;255m[48;2;213;228;255m▀[0m[38;2;146;181;247m[48;2;213;228;255m▀[0m[38;2;146;181;247m[48;2;146;181;247m▀[0m [38;2;189;93;0m[48;2;189;93;0m▀[0m[38;2;255;233;129m[48;2;255;233;129m▀[0m[38;2;255;233;129m[48;2;255;233;129m▀[0m[38;2;16;16;16m[48;2;16;16;16m▀[0m                                                     
                  [38;2;16;16;16m[48;2;16;16;16m▀[0m[38;2;255;233;129m[48;2;255;233;129m▀[0m[38;2;189;93;0m[48;2;189;93;0m▀[0m [38;2;80;116;183m[48;2;80;116;183m▀[0m[38;2;213;228;255m[48;2;139;212;100m▀[0m[38;2;213;228;255m[48;2;139;212;100m▀[0m[38;2;146;181;247m[48;2;213;228;255m▀[0m[38;2;80;116;183m[48;2;80;116;183m▀[0m[38;2;255;233;129m[48;2;255;233;129m▀[0m  [38;2;189;93;0m▄[38;2;189;93;0m[48;2;255;233;129m▀[0m[38;2;255;233;129m[48;2;189;93;0m▀[0m[38;2;80;116;183m[48;2;80;116;183m▀[0m[38;2;213;228;255m[48;2;139;212;100m▀[0m[38;2;139;212;100m[48;2;139;212;100m▀[0m[38;2;139;212;100m[48;2;139;212;100m▀[0m[38;2;213;228;255m[48;2;139;212;100m▀[0m [38;2;189;93;0m[48;2;189;93;0m▀[0m[38;2;255;233;129m[48;2;255;233;129m▀[0m[38;2;255;233;129m[48;2;255;233;129m▀[0m[38;2;16;16;16m[48;2;16;16;16m▀[0m                                                     
                  [38;2;16;16;16m[48;2;189;93;0m▀[0m[38;2;255;233;129m[48;2;255;233;129m▀[0m[38;2;189;93;0m[48;2;255;233;129m▀[0m[38;2;189;93;0m▄ [38;2;139;212;100m[48;2;80;116;183m▀[0m[38;2;139;212;100m[48;2;139;212;100m▀[0m[38;2;139;212;100m[48;2;80;116;183m▀[0m[38;2;80;116;183m▀[38;2;189;93;0m[48;2;189;93;0m▀[0m[38;2;255;233;129m[48;2;255;233;129m▀[0m[38;2;16;16;16m▄[38;2;189;93;0m▀[38;2;255;233;129m[48;2;255;233;129m▀[0m[38;2;255;233;129m[48;2;255;233;129m▀[0m[38;2;189;93;0m▄[38;2;189;93;0m▄[38;2;80;116;183m[48;2;16;16;16m▀[0m[38;2;139;212;100m[48;2;16;16;16m▀[0m[38;2;80;116;183m[48;2;16;16;16m▀[0m[38;2;16;16;16m[48;2;255;233;129m▀[0m[38;2;255;233;129m[48;2;255;233;129m▀[0m[38;2;255;233;129m[48;2;255;233;129m▀[0m[38;2;255;233;129m[48;2;16;16;16m▀[0m[38;2;16;16;16m▀    [38;2;37;81;25m▄[38;2;37;81;25m▄                                               
                   [38;2;16;16;16m▀[38;2;255;233;129m[48;2;16;16;16m▀[0m[38;2;255;233;129m[48;2;16;16;16m▀[0m[38;2;189;93;0m[48;2;255;233;129m▀[0m[38;2;16;16;16m[48;2;255;233;129m▀[0m[38;2;16;16;16m[48;2;255;233;129m▀[0m[38;2;16;16;16m[48;2;255;233;129m▀[0m[38;2;189;93;0m[48;2;255;233;129m▀[0m[38;2;255;233;129m[48;2;255;233;129m▀[0m[38;2;255;233;129m[48;2;16;16;16m▀[0m[38;2;16;16;16m▀ [38;2;16;16;16m▀[38;2;255;233;129m[48;2;16;16;16m▀[0m[38;2;255;233;129m[48;2;255;233;129m▀[0m[38;2;255;233;129m[48;2;16;16;16m▀[0m[38;2;255;233;129m[48;2;16;16;16m▀[0m[38;2;255;233;129m[48;2;189;93;0m▀[0m[38;2;255;233;129m[48;2;255;233;129m▀[0m[38;2;189;93;0m▀[38;2;189;93;0m▀[38;2;16;16;16m▀  [38;2;37;81;25m▄[38;2;37;81;25m▄[38;2;37;81;25m[48;2;69;131;52m▀[0m[38;2;37;81;25m[48;2;69;131;52m▀[0m[38;2;69;131;52m[48;2;69;131;52m▀[0m[38;2;37;81;25m▀ [38;2;37;81;25m▄[38;2;37;81;25m▄[38;2;37;81;25m▄[38;2;37;81;25m▄[38;2;37;81;25m▄                                         
             [38;2;37;81;25m▄[38;2;37;81;25m▄[38;2;37;81;25m▄[38;2;37;81;25m▄[38;2;37;81;25m▄    [38;2;16;16;16m▀[38;2;189;93;0m[48;2;189;93;0m▀[0m[38;2;255;233;129m[48;2;255;233;129m▀[0m[38;2;189;93;0m[48;2;16;16;16m▀[0m[38;2;16;16;16m▀[38;2;16;16;16m▀     [38;2;16;16;16m▀  [38;2;16;16;16m[48;2;16;16;16m▀[0m[38;2;255;233;129m[48;2;255;233;129m▀[0m   [38;2;37;81;25m▄[38;2;37;81;25m[48;2;69;131;52m▀[0m[38;2;69;131;52m[48;2;69;131;52m▀[0m[38;2;69;131;52m[48;2;69;131;52m▀[0m[38;2;69;131;52m[48;2;69;131;52m▀[0m[38;2;69;131;52m[48;2;16;16;16m▀[0m[38;2;37;81;25m[48;2;139;212;100m▀[0m[38;2;16;16;16m[48;2;139;212;100m▀[0m[38;2;16;16;16m[48;2;37;81;25m▀[0m[38;2;139;212;100m[48;2;37;81;25m▀[0m[38;2;139;212;100m[48;2;103;66;170m▀[0m[38;2;139;212;100m[48;2;103;66;170m▀[0m[38;2;139;212;100m[48;2;103;66;170m▀[0m[38;2;139;212;100m[48;2;103;66;170m▀[0m[38;2;37;81;25m[48;2;103;66;170m▀[0m[38;2;37;81;25m[48;2;103;66;170m▀[0m[38;2;69;131;52m▄[38;2;16;16;16m▄[38;2;16;16;16m▄                                    
           [38;2;37;81;25m▄[38;2;37;81;25m[48;2;139;212;100m▀[0m[38;2;139;212;100m[48;2;16;16;16m▀[0m[38;2;139;212;100m[48;2;16;16;16m▀[0m[38;2;139;212;100m[48;2;16;16;16m▀[0m[38;2;139;212;100m[48;2;69;131;52m▀[0m[38;2;139;212;100m[48;2;69;131;52m▀[0m[38;2;37;81;25m[48;2;69;131;52m▀[0m[38;2;37;81;25m[48;2;69;131;52m▀[0m[38;2;37;81;25m[48;2;69;131;52m▀[0m[38;2;37;81;25m▄[38;2;37;81;25m▄[38;2;255;233;129m[48;2;255;233;129m▀[0m[38;2;255;233;129m[48;2;255;233;129m▀[0m[38;2;16;16;16m[48;2;16;16;16m▀[0m  [38;2;189;93;0m▄   [38;2;189;93;0m▄[38;2;189;93;0m▄[38;2;189;93;0m▄[38;2;189;93;0m[48;2;255;233;129m▀[0m[38;2;255;233;129m[48;2;255;233;129m▀[0m[38;2;255;233;129m[48;2;255;233;129m▀[0m[38;2;37;81;25m[48;2;69;131;52m▀[0m[38;2;37;81;25m[48;2;69;131;52m▀[0m[38;2;37;81;25m[48;2;69;131;52m▀[0m[38;2;69;131;52m[48;2;37;81;25m▀[0m[38;2;69;131;52m[48;2;37;81;25m▀[0m[38;2;69;131;52m[48;2;69;131;52m▀[0m[38;2;69;131;52m[48;2;16;16;16m▀[0m[38;2;16;16;16m[48;2;139;212;100m▀[0m[38;2;139;212;100m[48;2;139;212;100m▀[0m[38;2;139;212;100m[48;2;16;16;16m▀[0m[38;2;16;16;16m[48;2;103;66;170m▀[0m[38;2;103;66;170m[48;2;103;66;170m▀[0m[38;2;103;66;170m[48;2;103;66;170m▀[0m[38;2;16;16;16m[48;2;103;66;170m▀[0m[38;2;16;16;16m[48;2;103;66;170m▀[0m[38;2;16;16;16m▀[38;2;70;29;128m▀[38;2;103;66;170m[48;2;16;16;16m▀[0m[38;2;103;66;170m[48;2;16;16;16m▀[0m[38;2;103;66;170m[48;2;103;66;170m▀[0m[38;2;103;66;170m[48;2;103;66;170m▀[0m[38;2;69;131;52m[48;2;103;66;170m▀[0m[38;2;16;16;16m[48;2;103;66;170m▀[0m[38;2;16;16;16m▄                                  
          [38;2;16;16;16m[48;2;16;16;16m▀[0m[38;2;139;212;100m[48;2;103;66;170m▀[0m[38;2;16;16;16m[48;2;103;66;170m▀[0m[38;2;103;66;170m[48;2;103;66;170m▀[0m[38;2;70;29;128m[48;2;103;66;170m▀[0m[38;2;70;29;128m▄[38;2;16;16;16m▀[38;2;16;16;16m[48;2;70;29;128m▀[0m[38;2;69;131;52m[48;2;70;29;128m▀[0m[38;2;69;131;52m[48;2;37;81;25m▀[0m[38;2;69;131;52m[48;2;69;131;52m▀[0m[38;2;69;131;52m[48;2;69;131;52m▀[0m[38;2;69;131;52m[48;2;69;131;52m▀[0m[38;2;255;233;129m[48;2;37;81;25m▀[0m[38;2;255;233;129m[48;2;16;16;16m▀[0m[38;2;255;233;129m[48;2;255;233;129m▀[0m[38;2;189;93;0m[48;2;255;233;129m▀[0m[38;2;189;93;0m[48;2;255;233;129m▀[0m[38;2;255;233;129m[48;2;255;233;129m▀[0m[38;2;16;16;16m[48;2;16;16;16m▀[0m [38;2;189;93;0m[48;2;189;93;0m▀[0m[38;2;255;233;129m[48;2;255;233;129m▀[0m[38;2;255;233;129m[48;2;189;93;0m▀[0m[38;2;255;233;129m[48;2;16;16;16m▀[0m[38;2;255;233;129m[48;2;16;16;16m▀[0m[38;2;255;233;129m[48;2;16;16;16m▀[0m[38;2;16;16;16m[48;2;139;212;100m▀[0m[38;2;69;131;52m[48;2;139;212;100m▀[0m[38;2;69;131;52m[48;2;37;81;25m▀[0m[38;2;69;131;52m[48;2;37;81;25m▀[0m[38;2;69;131;52m[48;2;37;81;25m▀[0m[38;2;69;131;52m[48;2;37;81;25m▀[0m[38;2;16;16;16m[48;2;139;212;100m▀[0m[38;2;139;212;100m[48;2;139;212;100m▀[0m[38;2;139;212;100m[48;2;16;16;16m▀[0m[38;2;16;16;16m[48;2;103;66;170m▀[0m[38;2;103;66;170m[48;2;103;66;170m▀[0m[38;2;103;66;170m[48;2;103;66;170m▀[0m[38;2;103;66;170m[48;2;103;66;170m▀[0m[38;2;103;66;170m[48;2;103;66;170m▀[0m[38;2;103;66;170m[48;2;103;66;170m▀[0m[38;2;103;66;170m[48;2;103;66;170m▀[0m[38;2;103;66;170m[48;2;103;66;170m▀[0m[38;2;70;29;128m[48;2;103;66;170m▀[0m[38;2;70;29;128m▄ [38;2;16;16;16m▀[38;2;103;66;170m[48;2;169;124;236m▀[0m[38;2;103;66;170m[48;2;169;124;236m▀[0m[38;2;103;66;170m[48;2;169;124;236m▀[0m[38;2;103;66;170m[48;2;169;124;236m▀[0m[38;2;16;16;16m[48;2;169;124;236m▀[0m                                 
         [38;2;16;16;16m[48;2;16;16;16m▀[0m[38;2;103;66;170m[48;2;103;66;170m▀[0m[38;2;103;66;170m[48;2;103;66;170m▀[0m[38;2;103;66;170m[48;2;103;66;170m▀[0m[38;2;103;66;170m[48;2;103;66;170m▀[0m[38;2;103;66;170m[48;2;103;66;170m▀[0m[38;2;70;29;128m[48;2;16;16;16m▀[0m[38;2;16;16;16m[48;2;139;212;100m▀[0m[38;2;37;81;25m[48;2;139;212;100m▀[0m[38;2;139;212;100m[48;2;139;212;100m▀[0m[38;2;139;212;100m[48;2;139;212;100m▀[0m[38;2;139;212;100m[48;2;139;212;100m▀[0m[38;2;139;212;100m[48;2;139;212;100m▀[0m[38;2;37;81;25m[48;2;139;212;100m▀[0m[38;2;16;16;16m[48;2;69;131;52m▀[0m[38;2;69;131;52m[48;2;16;16;16m▀[0m[38;2;69;131;52m[48;2;69;131;52m▀[0m[38;2;69;131;52m[48;2;69;131;52m▀[0m[38;2;69;131;52m[48;2;69;131;52m▀[0m[38;2;255;233;129m[48;2;189;93;0m▀[0m[38;2;16;16;16m[48;2;69;131;52m▀[0m[38;2;69;131;52m[48;2;189;93;0m▀[0m[38;2;189;93;0m[48;2;255;233;129m▀[0m[38;2;255;233;129m[48;2;16;16;16m▀[0m[38;2;139;212;100m[48;2;139;212;100m▀[0m[38;2;139;212;100m[48;2;139;212;100m▀[0m[38;2;139;212;100m[48;2;139;212;100m▀[0m[38;2;139;212;100m[48;2;139;212;100m▀[0m[38;2;139;212;100m[48;2;16;16;16m▀[0m[38;2;16;16;16m▄[38;2;37;81;25m▄[38;2;16;16;16m[48;2;139;212;100m▀[0m[38;2;16;16;16m[48;2;139;212;100m▀[0m[38;2;139;212;100m[48;2;139;212;100m▀[0m[38;2;16;16;16m[48;2;16;16;16m▀[0m[38;2;16;16;16m▄[38;2;70;29;128m▄[38;2;70;29;128m▄[38;2;70;29;128m▄[38;2;16;16;16m▀[38;2;103;66;170m[48;2;16;16;16m▀[0m[38;2;103;66;170m[48;2;169;124;236m▀[0m[38;2;103;66;170m[48;2;169;124;236m▀[0m[38;2;169;124;236m[48;2;169;124;236m▀[0m[38;2;169;124;236m[48;2;169;124;236m▀[0m[38;2;169;124;236m[48;2;169;124;236m▀[0m[38;2;169;124;236m[48;2;169;124;236m▀[0m[38;2;169;124;236m[48;2;169;124;236m▀[0m[38;2;70;29;128m[48;2;169;124;236m▀[0m [38;2;70;29;128m▀[38;2;169;124;236m[48;2;70;29;128m▀[0m[38;2;169;124;236m[48;2;169;124;236m▀[0m[38;2;169;124;236m[48;2;169;124;236m▀[0m[38;2;169;124;236m[48;2;169;124;236m▀[0m[38;2;103;66;170m[48;2;169;124;236m▀[0m[38;2;103;66;170m▄                              
         [38;2;16;16;16m[48;2;16;16;16m▀[0m[38;2;103;66;170m[48;2;103;66;170m▀[0m[38;2;103;66;170m[48;2;103;66;170m▀[0m[38;2;103;66;170m[48;2;103;66;170m▀[0m[38;2;103;66;170m[48;2;103;66;170m▀[0m[38;2;16;16;16m[48;2;16;16;16m▀[0m[38;2;139;212;100m[48;2;139;212;100m▀[0m[38;2;139;212;100m[48;2;16;16;16m▀[0m[38;2;139;212;100m[48;2;16;16;16m▀[0m[38;2;16;16;16m[48;2;103;66;170m▀[0m[38;2;37;81;25m[48;2;16;16;16m▀[0m[38;2;37;81;25m[48;2;139;212;100m▀[0m[38;2;139;212;100m[48;2;139;212;100m▀[0m[38;2;139;212;100m[48;2;139;212;100m▀[0m[38;2;139;212;100m[48;2;139;212;100m▀[0m[38;2;139;212;100m[48;2;139;212;100m▀[0m[38;2;37;81;25m[48;2;139;212;100m▀[0m[38;2;37;81;25m[48;2;139;212;100m▀[0m[38;2;69;131;52m[48;2;37;81;25m▀[0m[38;2;189;93;0m[48;2;139;212;100m▀[0m[38;2;139;212;100m[48;2;139;212;100m▀[0m[38;2;189;93;0m[48;2;189;93;0m▀[0m[38;2;255;233;129m[48;2;16;16;16m▀[0m[38;2;16;16;16m[48;2;139;212;100m▀[0m[38;2;139;212;100m[48;2;139;212;100m▀[0m[38;2;139;212;100m[48;2;69;131;52m▀[0m[38;2;69;131;52m[48;2;139;212;100m▀[0m[38;2;69;131;52m[48;2;139;212;100m▀[0m[38;2;139;212;100m[48;2;139;212;100m▀[0m[38;2;139;212;100m[48;2;139;212;100m▀[0m[38;2;139;212;100m[48;2;139;212;100m▀[0m[38;2;139;212;100m[48;2;69;131;52m▀[0m[38;2;139;212;100m[48;2;16;16;16m▀[0m[38;2;16;16;16m[48;2;16;16;16m▀[0m[38;2;103;66;170m[48;2;103;66;170m▀[0m[38;2;103;66;170m[48;2;103;66;170m▀[0m[38;2;103;66;170m[48;2;103;66;170m▀[0m[38;2;103;66;170m[48;2;103;66;170m▀[0m[38;2;103;66;170m[48;2;169;124;236m▀[0m[38;2;70;29;128m[48;2;169;124;236m▀[0m[38;2;70;29;128m[48;2;169;124;236m▀[0m[38;2;16;16;16m[48;2;169;124;236m▀[0m[38;2;169;124;236m[48;2;103;66;170m▀[0m[38;2;169;124;236m[48;2;169;124;236m▀[0m[38;2;169;124;236m[48;2;169;124;236m▀[0m[38;2;169;124;236m[48;2;169;124;236m▀[0m[38;2;169;124;236m[48;2;169;124;236m▀[0m[38;2;169;124;236m[48;2;169;124;236m▀[0m[38;2;169;124;236m[48;2;169;124;236m▀[0m[38;2;70;29;128m[48;2;169;124;236m▀[0m[38;2;70;29;128m▄ [38;2;103;66;170m[48;2;70;29;128m▀[0m[38;2;169;124;236m[48;2;169;124;236m▀[0m[38;2;169;124;236m[48;2;169;124;236m▀[0m[38;2;169;124;236m[48;2;169;124;236m▀[0m[38;2;103;66;170m[48;2;169;124;236m▀[0m[38;2;103;66;170m▄                             
         [38;2;16;16;16m▀[38;2;103;66;170m[48;2;16;16;16m▀[0m[38;2;103;66;170m[48;2;103;66;170m▀[0m[38;2;103;66;170m[48;2;103;66;170m▀[0m[38;2;103;66;170m[48;2;103;66;170m▀[0m[38;2;16;16;16m[48;2;103;66;170m▀[0m[38;2;16;16;16m[48;2;103;66;170m▀[0m[38;2;103;66;170m[48;2;103;66;170m▀[0m[38;2;70;29;128m[48;2;103;66;170m▀[0m[38;2;103;66;170m[48;2;103;66;170m▀[0m[38;2;16;16;16m[48;2;103;66;170m▀[0m[38;2;139;212;100m[48;2;103;66;170m▀[0m[38;2;37;81;25m[48;2;103;66;170m▀[0m[38;2;16;16;16m[48;2;103;66;170m▀[0m[38;2;16;16;16m[48;2;103;66;170m▀[0m[38;2;16;16;16m[48;2;103;66;170m▀[0m[38;2;139;212;100m[48;2;16;16;16m▀[0m[38;2;139;212;100m[48;2;78;21;62m▀[0m[38;2;139;212;100m[48;2;78;21;62m▀[0m[38;2;139;212;100m[48;2;16;16;16m▀[0m[38;2;139;212;100m[48;2;69;131;52m▀[0m[38;2;139;212;100m[48;2;139;212;100m▀[0m[38;2;139;212;100m[48;2;139;212;100m▀[0m[38;2;139;212;100m[48;2;139;212;100m▀[0m[38;2;139;212;100m[48;2;69;131;52m▀[0m[38;2;139;212;100m[48;2;69;131;52m▀[0m[38;2;139;212;100m[48;2;16;16;16m▀[0m[38;2;139;212;100m[48;2;16;16;16m▀[0m[38;2;139;212;100m[48;2;16;16;16m▀[0m[38;2;139;212;100m[48;2;78;21;62m▀[0m[38;2;16;16;16m[48;2;135;62;114m▀[0m[38;2;16;16;16m[48;2;135;62;114m▀[0m[38;2;16;16;16m[48;2;135;62;114m▀[0m[38;2;135;62;114m▄[38;2;16;16;16m[48;2;16;16;16m▀[0m[38;2;16;16;16m[48;2;16;16;16m▀[0m[38;2;169;124;236m[48;2;135;62;114m▀[0m[38;2;169;124;236m[48;2;135;62;114m▀[0m[38;2;169;124;236m[48;2;16;16;16m▀[0m[38;2;169;124;236m[48;2;169;124;236m▀[0m[38;2;169;124;236m[48;2;169;124;236m▀[0m[38;2;169;124;236m[48;2;169;124;236m▀[0m[38;2;169;124;236m[48;2;169;124;236m▀[0m[38;2;103;66;170m[48;2;169;124;236m▀[0m[38;2;169;124;236m[48;2;103;66;170m▀[0m[38;2;169;124;236m[48;2;169;124;236m▀[0m[38;2;169;124;236m[48;2;169;124;236m▀[0m[38;2;169;124;236m[48;2;169;124;236m▀[0m[38;2;169;124;236m[48;2;169;124;236m▀[0m[38;2;169;124;236m[48;2;169;124;236m▀[0m[38;2;169;124;236m[48;2;169;124;236m▀[0m[38;2;70;29;128m[48;2;169;124;236m▀[0m[38;2;169;124;236m▄[38;2;103;66;170m[48;2;103;66;170m▀[0m[38;2;169;124;236m[48;2;169;124;236m▀[0m[38;2;169;124;236m[48;2;169;124;236m▀[0m[38;2;169;124;236m[48;2;169;124;236m▀[0m[38;2;169;124;236m[48;2;169;124;236m▀[0m[38;2;103;66;170m[48;2;169;124;236m▀[0m                            
          [38;2;16;16;16m[48;2;16;16;16m▀[0m[38;2;103;66;170m[48;2;103;66;170m▀[0m[38;2;103;66;170m[48;2;103;66;170m▀[0m[38;2;103;66;170m[48;2;103;66;170m▀[0m[38;2;103;66;170m[48;2;103;66;170m▀[0m[38;2;103;66;170m[48;2;103;66;170m▀[0m[38;2;103;66;170m[48;2;103;66;170m▀[0m[38;2;78;21;62m[48;2;16;16;16m▀[0m[38;2;78;21;62m[48;2;78;21;62m▀[0m[38;2;103;66;170m[48;2;103;66;170m▀[0m[38;2;103;66;170m[48;2;103;66;170m▀[0m[38;2;103;66;170m[48;2;103;66;170m▀[0m[38;2;103;66;170m[48;2;103;66;170m▀[0m[38;2;103;66;170m[48;2;103;66;170m▀[0m[38;2;16;16;16m[48;2;78;21;62m▀[0m[38;2;78;21;62m[48;2;135;62;114m▀[0m[38;2;78;21;62m[48;2;78;21;62m▀[0m[38;2;78;21;62m[48;2;78;21;62m▀[0m[38;2;78;21;62m[48;2;16;16;16m▀[0m[38;2;16;16;16m[48;2;169;47;62m▀[0m[38;2;16;16;16m[48;2;78;21;62m▀[0m[38;2;16;16;16m[48;2;78;21;62m▀[0m[38;2;16;16;16m[48;2;78;21;62m▀[0m[38;2;16;16;16m[48;2;78;21;62m▀[0m[38;2;16;16;16m[48;2;78;21;62m▀[0m[38;2;78;21;62m[48;2;78;21;62m▀[0m[38;2;78;21;62m[48;2;78;21;62m▀[0m[38;2;78;21;62m[48;2;135;62;114m▀[0m[38;2;135;62;114m[48;2;135;62;114m▀[0m[38;2;135;62;114m[48;2;135;62;114m▀[0m[38;2;135;62;114m[48;2;135;62;114m▀[0m[38;2;135;62;114m[48;2;135;62;114m▀[0m[38;2;135;62;114m[48;2;135;62;114m▀[0m[38;2;135;62;114m[48;2;135;62;114m▀[0m[38;2;135;62;114m[48;2;16;16;16m▀[0m[38;2;135;62;114m[48;2;16;16;16m▀[0m[38;2;16;16;16m▀[38;2;169;124;236m[48;2;70;29;128m▀[0m[38;2;169;124;236m[48;2;169;124;236m▀[0m[38;2;169;124;236m[48;2;169;124;236m▀[0m[38;2;169;124;236m[48;2;169;124;236m▀[0m[38;2;169;124;236m[48;2;169;124;236m▀[0m[38;2;169;124;236m[48;2;169;124;236m▀[0m[38;2;169;124;236m[48;2;169;124;236m▀[0m[38;2;103;66;170m[48;2;103;66;170m▀[0m[38;2;169;124;236m[48;2;169;124;236m▀[0m[38;2;169;124;236m[48;2;169;124;236m▀[0m[38;2;169;124;236m[48;2;169;124;236m▀[0m[38;2;169;124;236m[48;2;169;124;236m▀[0m[38;2;169;124;236m[48;2;169;124;236m▀[0m[38;2;169;124;236m[48;2;169;124;236m▀[0m[38;2;169;124;236m[48;2;169;124;236m▀[0m[38;2;169;124;236m[48;2;169;124;236m▀[0m[38;2;169;124;236m[48;2;169;124;236m▀[0m[38;2;169;124;236m[48;2;169;124;236m▀[0m[38;2;169;124;236m[48;2;169;124;236m▀[0m[38;2;169;124;236m[48;2;169;124;236m▀[0m[38;2;169;124;236m[48;2;169;124;236m▀[0m                            
          [38;2;16;16;16m[48;2;16;16;16m▀[0m[38;2;103;66;170m[48;2;103;66;170m▀[0m[38;2;103;66;170m[48;2;103;66;170m▀[0m[38;2;103;66;170m[48;2;103;66;170m▀[0m[38;2;103;66;170m[48;2;103;66;170m▀[0m[38;2;103;66;170m[48;2;103;66;170m▀[0m[38;2;103;66;170m[48;2;103;66;170m▀[0m[38;2;103;66;170m[48;2;103;66;170m▀[0m[38;2;135;62;114m[48;2;135;62;114m▀[0m[38;2;78;21;62m[48;2;78;21;62m▀[0m[38;2;103;66;170m[48;2;78;21;62m▀[0m[38;2;103;66;170m[48;2;78;21;62m▀[0m[38;2;103;66;170m[48;2;78;21;62m▀[0m[38;2;78;21;62m[48;2;135;62;114m▀[0m[38;2;135;62;114m[48;2;135;62;114m▀[0m[38;2;135;62;114m[48;2;135;62;114m▀[0m[38;2;135;62;114m[48;2;78;21;62m▀[0m[38;2;16;16;16m[48;2;146;181;247m▀[0m[38;2;16;16;16m[48;2;146;181;247m▀[0m[38;2;218;61;68m[48;2;146;181;247m▀[0m[38;2;80;116;183m[48;2;78;21;62m▀[0m[38;2;78;21;62m[48;2;78;21;62m▀[0m[38;2;78;21;62m[48;2;16;16;16m▀[0m[38;2;78;21;62m[48;2;78;21;62m▀[0m[38;2;78;21;62m[48;2;16;16;16m▀[0m[38;2;135;62;114m[48;2;16;16;16m▀[0m[38;2;135;62;114m[48;2;135;62;114m▀[0m[38;2;135;62;114m[48;2;135;62;114m▀[0m[38;2;135;62;114m[48;2;135;62;114m▀[0m[38;2;16;16;16m[48;2;135;62;114m▀[0m[38;2;16;16;16m[48;2;16;16;16m▀[0m[38;2;16;16;16m▀[38;2;16;16;16m▀[38;2;16;16;16m▀    [38;2;169;124;236m[48;2;169;124;236m▀[0m[38;2;169;124;236m[48;2;169;124;236m▀[0m[38;2;169;124;236m[48;2;169;124;236m▀[0m[38;2;169;124;236m[48;2;169;124;236m▀[0m[38;2;169;124;236m[48;2;169;124;236m▀[0m[38;2;169;124;236m[48;2;169;124;236m▀[0m[38;2;169;124;236m[48;2;169;124;236m▀[0m[38;2;103;66;170m[48;2;103;66;170m▀[0m[38;2;169;124;236m[48;2;169;124;236m▀[0m[38;2;169;124;236m[48;2;169;124;236m▀[0m[38;2;169;124;236m[48;2;169;124;236m▀[0m[38;2;169;124;236m[48;2;169;124;236m▀[0m[38;2;169;124;236m[48;2;169;124;236m▀[0m[38;2;169;124;236m[48;2;169;124;236m▀[0m[38;2;169;124;236m[48;2;169;124;236m▀[0m[38;2;70;29;128m[48;2;70;29;128m▀[0m[38;2;169;124;236m[48;2;169;124;236m▀[0m[38;2;169;124;236m[48;2;169;124;236m▀[0m[38;2;169;124;236m[48;2;169;124;236m▀[0m[38;2;169;124;236m[48;2;169;124;236m▀[0m[38;2;103;66;170m[48;2;103;66;170m▀[0m                           
         [38;2;16;16;16m▄[38;2;16;16;16m[48;2;103;66;170m▀[0m[38;2;103;66;170m[48;2;103;66;170m▀[0m[38;2;103;66;170m[48;2;103;66;170m▀[0m[38;2;103;66;170m[48;2;103;66;170m▀[0m[38;2;103;66;170m[48;2;103;66;170m▀[0m[38;2;103;66;170m[48;2;103;66;170m▀[0m[38;2;103;66;170m[48;2;103;66;170m▀[0m[38;2;70;29;128m[48;2;70;29;128m▀[0m[38;2;103;66;170m[48;2;103;66;170m▀[0m[38;2;16;16;16m[48;2;103;66;170m▀[0m[38;2;16;16;16m[48;2;103;66;170m▀[0m[38;2;78;21;62m[48;2;103;66;170m▀[0m[38;2;135;62;114m[48;2;16;16;16m▀[0m[38;2;16;16;16m[48;2;103;66;170m▀[0m[38;2;16;16;16m[48;2;103;66;170m▀[0m[38;2;16;16;16m[48;2;103;66;170m▀[0m[38;2;16;16;16m[48;2;16;16;16m▀[0m[38;2;16;16;16m[48;2;78;21;62m▀[0m[38;2;78;21;62m[48;2;16;16;16m▀[0m[38;2;135;62;114m[48;2;135;62;114m▀[0m[38;2;135;62;114m[48;2;135;62;114m▀[0m[38;2;16;16;16m[48;2;16;16;16m▀[0m[38;2;103;66;170m[48;2;103;66;170m▀[0m[38;2;78;21;62m[48;2;78;21;62m▀[0m[38;2;16;16;16m[48;2;16;16;16m▀[0m  [38;2;16;16;16m▀[38;2;135;62;114m[48;2;16;16;16m▀[0m[38;2;135;62;114m[48;2;16;16;16m▀[0m[38;2;135;62;114m[48;2;16;16;16m▀[0m[38;2;135;62;114m[48;2;16;16;16m▀[0m[38;2;135;62;114m[48;2;16;16;16m▀[0m     [38;2;70;29;128m[48;2;70;29;128m▀[0m[38;2;169;124;236m[48;2;169;124;236m▀[0m[38;2;169;124;236m[48;2;169;124;236m▀[0m[38;2;169;124;236m[48;2;169;124;236m▀[0m[38;2;169;124;236m[48;2;169;124;236m▀[0m[38;2;169;124;236m[48;2;169;124;236m▀[0m[38;2;169;124;236m[48;2;169;124;236m▀[0m[38;2;169;124;236m[48;2;169;124;236m▀[0m[38;2;103;66;170m[48;2;103;66;170m▀[0m[38;2;169;124;236m[48;2;169;124;236m▀[0m[38;2;169;124;236m[48;2;169;124;236m▀[0m[38;2;169;124;236m[48;2;169;124;236m▀[0m[38;2;169;124;236m[48;2;169;124;236m▀[0m[38;2;169;124;236m[48;2;169;124;236m▀[0m[38;2;169;124;236m[48;2;169;124;236m▀[0m[38;2;169;124;236m[48;2;169;124;236m▀[0m[38;2;103;66;170m[48;2;103;66;170m▀[0m[38;2;169;124;236m[48;2;169;124;236m▀[0m[38;2;169;124;236m[48;2;169;124;236m▀[0m[38;2;169;124;236m[48;2;169;124;236m▀[0m[38;2;169;124;236m[48;2;169;124;236m▀[0m[38;2;103;66;170m[48;2;103;66;170m▀[0m                          
         [38;2;16;16;16m[48;2;16;16;16m▀[0m[38;2;103;66;170m[48;2;103;66;170m▀[0m[38;2;103;66;170m[48;2;103;66;170m▀[0m[38;2;103;66;170m[48;2;103;66;170m▀[0m[38;2;103;66;170m[48;2;103;66;170m▀[0m[38;2;103;66;170m[48;2;103;66;170m▀[0m[38;2;103;66;170m[48;2;103;66;170m▀[0m[38;2;103;66;170m[48;2;103;66;170m▀[0m[38;2;70;29;128m[48;2;70;29;128m▀[0m[38;2;103;66;170m[48;2;103;66;170m▀[0m[38;2;103;66;170m[48;2;103;66;170m▀[0m[38;2;103;66;170m[48;2;103;66;170m▀[0m[38;2;103;66;170m[48;2;103;66;170m▀[0m[38;2;103;66;170m[48;2;103;66;170m▀[0m[38;2;103;66;170m[48;2;103;66;170m▀[0m[38;2;103;66;170m[48;2;103;66;170m▀[0m[38;2;16;16;16m[48;2;16;16;16m▀[0m[38;2;78;21;62m[48;2;78;21;62m▀[0m[38;2;78;21;62m[48;2;16;16;16m▀[0m[38;2;16;16;16m[48;2;103;66;170m▀[0m[38;2;135;62;114m[48;2;78;21;62m▀[0m[38;2;135;62;114m[48;2;135;62;114m▀[0m[38;2;16;16;16m[48;2;16;16;16m▀[0m[38;2;103;66;170m[48;2;103;66;170m▀[0m[38;2;16;16;16m[48;2;16;16;16m▀[0m[38;2;78;21;62m[48;2;135;62;114m▀[0m[38;2;16;16;16m[48;2;16;16;16m▀[0m             [38;2;70;29;128m[48;2;70;29;128m▀[0m[38;2;169;124;236m[48;2;169;124;236m▀[0m[38;2;169;124;236m[48;2;169;124;236m▀[0m[38;2;169;124;236m[48;2;169;124;236m▀[0m[38;2;169;124;236m[48;2;169;124;236m▀[0m[38;2;169;124;236m[48;2;169;124;236m▀[0m[38;2;169;124;236m[48;2;169;124;236m▀[0m[38;2;169;124;236m[48;2;169;124;236m▀[0m[38;2;103;66;170m[48;2;103;66;170m▀[0m[38;2;169;124;236m[48;2;169;124;236m▀[0m[38;2;169;124;236m[48;2;169;124;236m▀[0m[38;2;169;124;236m[48;2;169;124;236m▀[0m[38;2;169;124;236m[48;2;169;124;236m▀[0m[38;2;169;124;236m[48;2;169;124;236m▀[0m[38;2;169;124;236m[48;2;169;124;236m▀[0m[38;2;103;66;170m[48;2;169;124;236m▀[0m[38;2;169;124;236m[48;2;103;66;170m▀[0m[38;2;169;124;236m[48;2;169;124;236m▀[0m[38;2;169;124;236m[48;2;169;124;236m▀[0m[38;2;169;124;236m[48;2;169;124;236m▀[0m[38;2;103;66;170m[48;2;169;124;236m▀[0m[38;2;103;66;170m▄                         
         [38;2;16;16;16m[48;2;16;16;16m▀[0m[38;2;103;66;170m[48;2;103;66;170m▀[0m[38;2;103;66;170m[48;2;103;66;170m▀[0m[38;2;103;66;170m[48;2;103;66;170m▀[0m[38;2;103;66;170m[48;2;103;66;170m▀[0m[38;2;103;66;170m[48;2;103;66;170m▀[0m[38;2;103;66;170m[48;2;103;66;170m▀[0m[38;2;103;66;170m[48;2;103;66;170m▀[0m[38;2;16;16;16m[48;2;16;16;16m▀[0m[38;2;103;66;170m[48;2;103;66;170m▀[0m[38;2;103;66;170m[48;2;103;66;170m▀[0m[38;2;103;66;170m[48;2;103;66;170m▀[0m[38;2;103;66;170m[48;2;103;66;170m▀[0m[38;2;103;66;170m[48;2;16;16;16m▀[0m[38;2;103;66;170m[48;2;78;21;62m▀[0m[38;2;16;16;16m[48;2;78;21;62m▀[0m[38;2;78;21;62m[48;2;16;16;16m▀[0m[38;2;78;21;62m[48;2;103;66;170m▀[0m[38;2;16;16;16m[48;2;103;66;170m▀[0m[38;2;103;66;170m[48;2;103;66;170m▀[0m[38;2;16;16;16m[48;2;16;16;16m▀[0m[38;2;135;62;114m[48;2;135;62;114m▀[0m[38;2;135;62;114m[48;2;135;62;114m▀[0m[38;2;16;16;16m[48;2;78;21;62m▀[0m[38;2;103;66;170m[48;2;103;66;170m▀[0m[38;2;16;16;16m[48;2;103;66;170m▀[0m[38;2;135;62;114m[48;2;103;66;170m▀[0m[38;2;78;21;62m[48;2;16;16;16m▀[0m[38;2;78;21;62m[48;2;135;62;114m▀[0m[38;2;135;62;114m▄[38;2;78;21;62m▄[38;2;78;21;62m▄        [38;2;70;29;128m[48;2;70;29;128m▀[0m[38;2;169;124;236m[48;2;169;124;236m▀[0m[38;2;169;124;236m[48;2;169;124;236m▀[0m[38;2;169;124;236m[48;2;169;124;236m▀[0m[38;2;169;124;236m[48;2;169;124;236m▀[0m[38;2;169;124;236m[48;2;169;124;236m▀[0m[38;2;169;124;236m[48;2;169;124;236m▀[0m[38;2;169;124;236m[48;2;169;124;236m▀[0m[38;2;103;66;170m[48;2;169;124;236m▀[0m[38;2;169;124;236m[48;2;169;124;236m▀[0m[38;2;169;124;236m[48;2;169;124;236m▀[0m[38;2;169;124;236m[48;2;169;124;236m▀[0m[38;2;169;124;236m[48;2;169;124;236m▀[0m[38;2;169;124;236m[48;2;169;124;236m▀[0m[38;2;169;124;236m[48;2;169;124;236m▀[0m[38;2;169;124;236m[48;2;169;124;236m▀[0m[38;2;103;66;170m[48;2;169;124;236m▀[0m[38;2;169;124;236m[48;2;169;124;236m▀[0m[38;2;169;124;236m[48;2;169;124;236m▀[0m[38;2;169;124;236m[48;2;169;124;236m▀[0m[38;2;169;124;236m[48;2;169;124;236m▀[0m[38;2;103;66;170m[48;2;103;66;170m▀[0m                         
        [38;2;16;16;16m[48;2;16;16;16m▀[0m[38;2;103;66;170m[48;2;103;66;170m▀[0m[38;2;103;66;170m[48;2;103;66;170m▀[0m[38;2;103;66;170m[48;2;103;66;170m▀[0m[38;2;103;66;170m[48;2;103;66;170m▀[0m[38;2;103;66;170m[48;2;103;66;170m▀[0m[38;2;103;66;170m[48;2;103;66;170m▀[0m[38;2;103;66;170m[48;2;103;66;170m▀[0m[38;2;103;66;170m[48;2;103;66;170m▀[0m[38;2;16;16;16m[48;2;16;16;16m▀[0m[38;2;103;66;170m[48;2;103;66;170m▀[0m[38;2;103;66;170m[48;2;103;66;170m▀[0m[38;2;103;66;170m[48;2;78;21;62m▀[0m[38;2;78;21;62m[48;2;135;62;114m▀[0m[38;2;135;62;114m[48;2;16;16;16m▀[0m[38;2;16;16;16m[48;2;103;66;170m▀[0m[38;2;16;16;16m[48;2;103;66;170m▀[0m[38;2;103;66;170m[48;2;103;66;170m▀[0m[38;2;103;66;170m[48;2;103;66;170m▀[0m[38;2;16;16;16m[48;2;16;16;16m▀[0m[38;2;103;66;170m[48;2;103;66;170m▀[0m[38;2;16;16;16m[48;2;16;16;16m▀[0m[38;2;135;62;114m[48;2;135;62;114m▀[0m[38;2;135;62;114m[48;2;135;62;114m▀[0m[38;2;135;62;114m[48;2;135;62;114m▀[0m[38;2;103;66;170m[48;2;78;21;62m▀[0m[38;2;103;66;170m[48;2;78;21;62m▀[0m[38;2;103;66;170m[48;2;103;66;170m▀[0m[38;2;103;66;170m[48;2;103;66;170m▀[0m[38;2;16;16;16m[48;2;16;16;16m▀[0m[38;2;16;16;16m▀[38;2;135;62;114m[48;2;16;16;16m▀[0m[38;2;135;62;114m[48;2;16;16;16m▀[0m[38;2;78;21;62m[48;2;135;62;114m▀[0m[38;2;78;21;62m[48;2;135;62;114m▀[0m[38;2;78;21;62m▄    [38;2;70;29;128m[48;2;70;29;128m▀[0m[38;2;169;124;236m[48;2;169;124;236m▀[0m[38;2;169;124;236m[48;2;169;124;236m▀[0m[38;2;103;66;170m[48;2;103;66;170m▀[0m[38;2;169;124;236m[48;2;169;124;236m▀[0m[38;2;169;124;236m[48;2;169;124;236m▀[0m[38;2;103;66;170m[48;2;103;66;170m▀[0m[38;2;169;124;236m[48;2;169;124;236m▀[0m[38;2;169;124;236m[48;2;169;124;236m▀[0m[38;2;169;124;236m[48;2;169;124;236m▀[0m[38;2;169;124;236m[48;2;169;124;236m▀[0m[38;2;169;124;236m[48;2;169;124;236m▀[0m[38;2;169;124;236m[48;2;169;124;236m▀[0m[38;2;169;124;236m[48;2;169;124;236m▀[0m[38;2;169;124;236m[48;2;169;124;236m▀[0m[38;2;169;124;236m[48;2;169;124;236m▀[0m[38;2;169;124;236m[48;2;169;124;236m▀[0m[38;2;169;124;236m[48;2;169;124;236m▀[0m[38;2;169;124;236m[48;2;103;66;170m▀[0m[38;2;169;124;236m[48;2;169;124;236m▀[0m[38;2;169;124;236m[48;2;169;124;236m▀[0m[38;2;169;124;236m[48;2;169;124;236m▀[0m[38;2;169;124;236m[48;2;169;124;236m▀[0m[38;2;103;66;170m[48;2;103;66;170m▀[0m                        
        [38;2;16;16;16m[48;2;16;16;16m▀[0m[38;2;103;66;170m[48;2;103;66;170m▀[0m[38;2;103;66;170m[48;2;103;66;170m▀[0m[38;2;103;66;170m[48;2;103;66;170m▀[0m[38;2;103;66;170m[48;2;103;66;170m▀[0m[38;2;103;66;170m[48;2;103;66;170m▀[0m[38;2;103;66;170m[48;2;103;66;170m▀[0m[38;2;103;66;170m[48;2;103;66;170m▀[0m[38;2;103;66;170m[48;2;16;16;16m▀[0m[38;2;16;16;16m[48;2;78;21;62m▀[0m[38;2;78;21;62m[48;2;135;62;114m▀[0m[38;2;78;21;62m[48;2;135;62;114m▀[0m[38;2;135;62;114m[48;2;16;16;16m▀[0m[38;2;16;16;16m[48;2;103;66;170m▀[0m[38;2;103;66;170m[48;2;103;66;170m▀[0m[38;2;103;66;170m[48;2;103;66;170m▀[0m[38;2;103;66;170m[48;2;103;66;170m▀[0m[38;2;103;66;170m[48;2;103;66;170m▀[0m[38;2;16;16;16m[48;2;16;16;16m▀[0m [38;2;16;16;16m[48;2;78;21;62m▀[0m[38;2;135;62;114m[48;2;135;62;114m▀[0m[38;2;135;62;114m[48;2;135;62;114m▀[0m[38;2;135;62;114m[48;2;135;62;114m▀[0m[38;2;135;62;114m[48;2;78;21;62m▀[0m[38;2;135;62;114m[48;2;135;62;114m▀[0m[38;2;135;62;114m[48;2;135;62;114m▀[0m[38;2;78;21;62m[48;2;135;62;114m▀[0m[38;2;78;21;62m[48;2;135;62;114m▀[0m[38;2;78;21;62m[48;2;135;62;114m▀[0m[38;2;78;21;62m▄  [38;2;16;16;16m[48;2;16;16;16m▀[0m[38;2;16;16;16m[48;2;135;62;114m▀[0m[38;2;135;62;114m[48;2;16;16;16m▀[0m[38;2;78;21;62m[48;2;135;62;114m▀[0m[38;2;78;21;62m▄[38;2;78;21;62m▄[38;2;78;21;62m▄[38;2;78;21;62m[48;2;135;62;114m▀[0m[38;2;169;124;236m[48;2;78;21;62m▀[0m[38;2;169;124;236m[48;2;169;124;236m▀[0m[38;2;169;124;236m[48;2;169;124;236m▀[0m[38;2;103;66;170m[48;2;103;66;170m▀[0m[38;2;169;124;236m[48;2;169;124;236m▀[0m[38;2;103;66;170m[48;2;103;66;170m▀[0m[38;2;169;124;236m[48;2;169;124;236m▀[0m[38;2;169;124;236m[48;2;169;124;236m▀[0m[38;2;169;124;236m[48;2;169;124;236m▀[0m[38;2;169;124;236m[48;2;169;124;236m▀[0m[38;2;169;124;236m[48;2;169;124;236m▀[0m[38;2;169;124;236m[48;2;169;124;236m▀[0m[38;2;169;124;236m[48;2;169;124;236m▀[0m[38;2;169;124;236m[48;2;169;124;236m▀[0m[38;2;169;124;236m[48;2;169;124;236m▀[0m[38;2;169;124;236m[48;2;169;124;236m▀[0m[38;2;169;124;236m[48;2;169;124;236m▀[0m[38;2;103;66;170m[48;2;103;66;170m▀[0m[38;2;169;124;236m[48;2;169;124;236m▀[0m[38;2;169;124;236m[48;2;169;124;236m▀[0m[38;2;169;124;236m[48;2;169;124;236m▀[0m[38;2;169;124;236m[48;2;169;124;236m▀[0m[38;2;103;66;170m[48;2;103;66;170m▀[0m                        
        [38;2;16;16;16m[48;2;16;16;16m▀[0m[38;2;103;66;170m[48;2;103;66;170m▀[0m[38;2;103;66;170m[48;2;103;66;170m▀[0m[38;2;103;66;170m[48;2;103;66;170m▀[0m[38;2;103;66;170m[48;2;103;66;170m▀[0m[38;2;103;66;170m[48;2;103;66;170m▀[0m[38;2;103;66;170m[48;2;103;66;170m▀[0m[38;2;16;16;16m[48;2;16;16;16m▀[0m[38;2;103;66;170m[48;2;78;21;62m▀[0m[38;2;78;21;62m[48;2;135;62;114m▀[0m[38;2;135;62;114m[48;2;16;16;16m▀[0m[38;2;16;16;16m[48;2;103;66;170m▀[0m[38;2;103;66;170m[48;2;103;66;170m▀[0m[38;2;103;66;170m[48;2;103;66;170m▀[0m[38;2;103;66;170m[48;2;103;66;170m▀[0m[38;2;103;66;170m[48;2;103;66;170m▀[0m[38;2;103;66;170m[48;2;78;21;62m▀[0m[38;2;103;66;170m[48;2;78;21;62m▀[0m[38;2;16;16;16m[48;2;135;62;114m▀[0m[38;2;16;16;16m[48;2;135;62;114m▀[0m[38;2;135;62;114m[48;2;16;16;16m▀[0m[38;2;78;21;62m[48;2;139;212;100m▀[0m[38;2;135;62;114m[48;2;78;21;62m▀[0m[38;2;135;62;114m[48;2;135;62;114m▀[0m[38;2;135;62;114m[48;2;135;62;114m▀[0m[38;2;16;16;16m[48;2;135;62;114m▀[0m[38;2;16;16;16m[48;2;16;16;16m▀[0m[38;2;16;16;16m[48;2;78;21;62m▀[0m[38;2;16;16;16m[48;2;16;16;16m▀[0m[38;2;16;16;16m▄[38;2;16;16;16m[48;2;78;21;62m▀[0m[38;2;16;16;16m[48;2;78;21;62m▀[0m[38;2;135;62;114m[48;2;78;21;62m▀[0m[38;2;135;62;114m[48;2;16;16;16m▀[0m[38;2;16;16;16m[48;2;16;16;16m▀[0m[38;2;16;16;16m[48;2;135;62;114m▀[0m[38;2;78;21;62m[48;2;135;62;114m▀[0m[38;2;16;16;16m[48;2;16;16;16m▀[0m[38;2;16;16;16m▀[38;2;135;62;114m[48;2;16;16;16m▀[0m[38;2;78;21;62m[48;2;135;62;114m▀[0m[38;2;169;124;236m[48;2;78;21;62m▀[0m[38;2;70;29;128m[48;2;169;124;236m▀[0m[38;2;70;29;128m[48;2;169;124;236m▀[0m[38;2;169;124;236m[48;2;169;124;236m▀[0m[38;2;169;124;236m[48;2;169;124;236m▀[0m[38;2;169;124;236m[48;2;169;124;236m▀[0m[38;2;70;29;128m[48;2;169;124;236m▀[0m[38;2;169;124;236m[48;2;70;29;128m▀[0m[38;2;169;124;236m[48;2;70;29;128m▀[0m[38;2;169;124;236m[48;2;70;29;128m▀[0m[38;2;169;124;236m[48;2;169;124;236m▀[0m[38;2;169;124;236m[48;2;169;124;236m▀[0m[38;2;169;124;236m[48;2;169;124;236m▀[0m[38;2;169;124;236m[48;2;169;124;236m▀[0m[38;2;169;124;236m[48;2;169;124;236m▀[0m[38;2;169;124;236m[48;2;169;124;236m▀[0m[38;2;169;124;236m[48;2;169;124;236m▀[0m[38;2;169;124;236m[48;2;169;124;236m▀[0m[38;2;103;66;170m[48;2;103;66;170m▀[0m[38;2;169;124;236m[48;2;169;124;236m▀[0m[38;2;169;124;236m[48;2;169;124;236m▀[0m[38;2;169;124;236m[48;2;169;124;236m▀[0m[38;2;169;124;236m[48;2;169;124;236m▀[0m[38;2;103;66;170m[48;2;169;124;236m▀[0m                       
        [38;2;103;66;170m[48;2;103;66;170m▀[0m[38;2;103;66;170m[48;2;103;66;170m▀[0m[38;2;103;66;170m[48;2;103;66;170m▀[0m[38;2;103;66;170m[48;2;103;66;170m▀[0m[38;2;103;66;170m[48;2;103;66;170m▀[0m[38;2;103;66;170m[48;2;103;66;170m▀[0m[38;2;103;66;170m[48;2;78;21;62m▀[0m[38;2;16;16;16m[48;2;135;62;114m▀[0m[38;2;135;62;114m[48;2;16;16;16m▀[0m[38;2;135;62;114m[48;2;16;16;16m▀[0m[38;2;103;66;170m[48;2;103;66;170m▀[0m[38;2;103;66;170m[48;2;103;66;170m▀[0m[38;2;103;66;170m[48;2;103;66;170m▀[0m[38;2;103;66;170m[48;2;103;66;170m▀[0m[38;2;103;66;170m[48;2;103;66;170m▀[0m[38;2;78;21;62m[48;2;135;62;114m▀[0m[38;2;135;62;114m[48;2;135;62;114m▀[0m[38;2;135;62;114m[48;2;135;62;114m▀[0m[38;2;135;62;114m[48;2;78;21;62m▀[0m[38;2;135;62;114m[48;2;16;16;16m▀[0m[38;2;16;16;16m[48;2;16;16;16m▀[0m[38;2;139;212;100m[48;2;139;212;100m▀[0m[38;2;16;16;16m[48;2;139;212;100m▀[0m[38;2;135;62;114m[48;2;16;16;16m▀[0m[38;2;135;62;114m[48;2;135;62;114m▀[0m[38;2;135;62;114m[48;2;135;62;114m▀[0m[38;2;16;16;16m[48;2;135;62;114m▀[0m[38;2;78;21;62m[48;2;16;16;16m▀[0m[38;2;78;21;62m[48;2;69;39;35m▀[0m[38;2;69;39;35m[48;2;146;181;247m▀[0m[38;2;69;39;35m[48;2;146;181;247m▀[0m[38;2;69;39;35m[48;2;80;116;183m▀[0m[38;2;69;39;35m[48;2;80;116;183m▀[0m[38;2;78;21;62m[48;2;49;70;110m▀[0m[38;2;78;21;62m[48;2;69;39;35m▀[0m[38;2;135;62;114m[48;2;16;16;16m▀[0m[38;2;16;16;16m▀ [38;2;16;16;16m▄[38;2;16;16;16m[48;2;78;21;62m▀[0m[38;2;135;62;114m[48;2;16;16;16m▀[0m[38;2;135;62;114m[48;2;135;62;114m▀[0m[38;2;78;21;62m[48;2;135;62;114m▀[0m[38;2;169;124;236m[48;2;78;21;62m▀[0m[38;2;169;124;236m[48;2;169;124;236m▀[0m[38;2;169;124;236m[48;2;169;124;236m▀[0m[38;2;169;124;236m[48;2;169;124;236m▀[0m[38;2;169;124;236m[48;2;169;124;236m▀[0m[38;2;169;124;236m[48;2;169;124;236m▀[0m[38;2;16;16;16m[48;2;16;16;16m▀[0m[38;2;70;29;128m[48;2;70;29;128m▀[0m[38;2;169;124;236m[48;2;169;124;236m▀[0m[38;2;169;124;236m[48;2;169;124;236m▀[0m[38;2;169;124;236m[48;2;169;124;236m▀[0m[38;2;169;124;236m[48;2;169;124;236m▀[0m[38;2;169;124;236m[48;2;169;124;236m▀[0m[38;2;169;124;236m[48;2;169;124;236m▀[0m[38;2;169;124;236m[48;2;169;124;236m▀[0m[38;2;169;124;236m[48;2;169;124;236m▀[0m[38;2;103;66;170m[48;2;169;124;236m▀[0m[38;2;169;124;236m[48;2;169;124;236m▀[0m[38;2;169;124;236m[48;2;169;124;236m▀[0m[38;2;169;124;236m[48;2;169;124;236m▀[0m[38;2;169;124;236m[48;2;169;124;236m▀[0m[38;2;169;124;236m[48;2;169;124;236m▀[0m[38;2;16;16;16m▄                      
      [38;2;70;29;128m▄[38;2;16;16;16m[48;2;103;66;170m▀[0m[38;2;103;66;170m[48;2;70;29;128m▀[0m[38;2;103;66;170m[48;2;103;66;170m▀[0m[38;2;103;66;170m[48;2;103;66;170m▀[0m[38;2;103;66;170m[48;2;103;66;170m▀[0m[38;2;103;66;170m[48;2;78;21;62m▀[0m[38;2;78;21;62m[48;2;16;16;16m▀[0m[38;2;135;62;114m[48;2;103;66;170m▀[0m[38;2;16;16;16m[48;2;103;66;170m▀[0m[38;2;103;66;170m[48;2;70;29;128m▀[0m[38;2;103;66;170m[48;2;103;66;170m▀[0m[38;2;103;66;170m[48;2;103;66;170m▀[0m[38;2;103;66;170m[48;2;103;66;170m▀[0m[38;2;103;66;170m[48;2;16;16;16m▀[0m[38;2;70;29;128m[48;2;103;66;170m▀[0m[38;2;103;66;170m[48;2;103;66;170m▀[0m[38;2;16;16;16m[48;2;103;66;170m▀[0m[38;2;16;16;16m[48;2;103;66;170m▀[0m[38;2;16;16;16m[48;2;16;16;16m▀[0m[38;2;16;16;16m▀ [38;2;16;16;16m[48;2;135;62;114m▀[0m[38;2;139;212;100m[48;2;78;21;62m▀[0m[38;2;69;131;52m[48;2;139;212;100m▀[0m[38;2;139;212;100m[48;2;139;212;100m▀[0m[38;2;16;16;16m[48;2;139;212;100m▀[0m[38;2;16;16;16m[48;2;69;131;52m▀[0m[38;2;16;16;16m[48;2;139;212;100m▀[0m[38;2;142;197;173m[48;2;142;197;173m▀[0m[38;2;146;181;247m[48;2;78;21;62m▀[0m[38;2;146;181;247m[48;2;16;16;16m▀[0m[38;2;146;181;247m[48;2;146;181;247m▀[0m[38;2;146;181;247m[48;2;69;39;35m▀[0m[38;2;80;116;183m[48;2;69;39;35m▀[0m[38;2;80;116;183m[48;2;49;70;110m▀[0m[38;2;49;70;110m[48;2;80;116;183m▀[0m[38;2;78;21;62m[48;2;80;116;183m▀[0m[38;2;16;16;16m[48;2;78;21;62m▀[0m[38;2;16;16;16m[48;2;16;16;16m▀[0m[38;2;78;21;62m[48;2;16;16;16m▀[0m[38;2;78;21;62m▀ [38;2;16;16;16m▀[38;2;16;16;16m▀[38;2;135;62;114m▀[38;2;78;21;62m[48;2;16;16;16m▀[0m[38;2;169;124;236m[48;2;78;21;62m▀[0m[38;2;169;124;236m[48;2;103;66;170m▀[0m[38;2;169;124;236m[48;2;103;66;170m▀[0m[38;2;169;124;236m[48;2;103;66;170m▀[0m[38;2;16;16;16m[48;2;70;29;128m▀[0m [38;2;70;29;128m[48;2;16;16;16m▀[0m[38;2;169;124;236m[48;2;169;124;236m▀[0m[38;2;169;124;236m[48;2;103;66;170m▀[0m[38;2;169;124;236m[48;2;169;124;236m▀[0m[38;2;169;124;236m[48;2;103;66;170m▀[0m[38;2;169;124;236m[48;2;169;124;236m▀[0m[38;2;169;124;236m[48;2;169;124;236m▀[0m[38;2;169;124;236m[48;2;169;124;236m▀[0m[38;2;169;124;236m[48;2;103;66;170m▀[0m[38;2;169;124;236m[48;2;16;16;16m▀[0m[38;2;103;66;170m[48;2;103;66;170m▀[0m[38;2;169;124;236m[48;2;103;66;170m▀[0m[38;2;169;124;236m[48;2;70;29;128m▀[0m[38;2;103;66;170m[48;2;103;66;170m▀[0m[38;2;169;124;236m[48;2;70;29;128m▀[0m[38;2;16;16;16m[48;2;103;66;170m▀[0m[38;2;103;66;170m▄[38;2;16;16;16m▄                   
     [38;2;103;66;170m[48;2;103;66;170m▀[0m[38;2;169;124;236m[48;2;169;124;236m▀[0m[38;2;103;66;170m[48;2;169;124;236m▀[0m[38;2;70;29;128m[48;2;103;66;170m▀[0m[38;2;103;66;170m[48;2;103;66;170m▀[0m[38;2;103;66;170m[48;2;103;66;170m▀[0m[38;2;103;66;170m[48;2;78;21;62m▀[0m[38;2;78;21;62m[48;2;135;62;114m▀[0m[38;2;16;16;16m[48;2;103;66;170m▀[0m[38;2;103;66;170m[48;2;103;66;170m▀[0m[38;2;103;66;170m[48;2;16;16;16m▀[0m[38;2;16;16;16m[48;2;103;66;170m▀[0m[38;2;103;66;170m[48;2;103;66;170m▀[0m[38;2;103;66;170m[48;2;103;66;170m▀[0m[38;2;103;66;170m[48;2;103;66;170m▀[0m[38;2;16;16;16m[48;2;103;66;170m▀[0m[38;2;103;66;170m[48;2;16;16;16m▀[0m[38;2;103;66;170m[48;2;103;66;170m▀[0m[38;2;103;66;170m[48;2;16;16;16m▀[0m[38;2;16;16;16m▀  [38;2;16;16;16m▄[38;2;135;62;114m[48;2;135;62;114m▀[0m[38;2;78;21;62m[48;2;78;21;62m▀[0m[38;2;139;212;100m[48;2;139;212;100m▀[0m[38;2;139;212;100m[48;2;139;212;100m▀[0m[38;2;139;212;100m[48;2;139;212;100m▀[0m[38;2;139;212;100m[48;2;139;212;100m▀[0m[38;2;139;212;100m[48;2;139;212;100m▀[0m[38;2;142;197;173m[48;2;146;181;247m▀[0m[38;2;78;21;62m[48;2;78;21;62m▀[0m[38;2;16;16;16m[48;2;135;62;114m▀[0m[38;2;69;39;35m[48;2;78;21;62m▀[0m[38;2;78;21;62m[48;2;16;16;16m▀[0m[38;2;78;21;62m[48;2;16;16;16m▀[0m[38;2;69;39;35m[48;2;78;21;62m▀[0m[38;2;80;116;183m[48;2;69;39;35m▀[0m[38;2;80;116;183m[48;2;80;116;183m▀[0m[38;2;69;39;35m[48;2;80;116;183m▀[0m[38;2;16;16;16m[48;2;16;16;16m▀[0m      [38;2;16;16;16m▀[38;2;78;21;62m[48;2;135;62;114m▀[0m[38;2;103;66;170m[48;2;78;21;62m▀[0m[38;2;103;66;170m[48;2;103;66;170m▀[0m[38;2;103;66;170m[48;2;103;66;170m▀[0m[38;2;103;66;170m[48;2;103;66;170m▀[0m [38;2;16;16;16m▀[38;2;169;124;236m[48;2;16;16;16m▀[0m[38;2;169;124;236m[48;2;103;66;170m▀[0m[38;2;70;29;128m[48;2;70;29;128m▀[0m[38;2;169;124;236m[48;2;103;66;170m▀[0m[38;2;103;66;170m[48;2;103;66;170m▀[0m[38;2;103;66;170m[48;2;70;29;128m▀[0m[38;2;103;66;170m[48;2;103;66;170m▀[0m[38;2;103;66;170m[48;2;103;66;170m▀[0m[38;2;16;16;16m▄[38;2;16;16;16m▀[38;2;103;66;170m[48;2;16;16;16m▀[0m[38;2;103;66;170m[48;2;103;66;170m▀[0m[38;2;70;29;128m[48;2;103;66;170m▀[0m[38;2;103;66;170m[48;2;103;66;170m▀[0m[38;2;70;29;128m[48;2;103;66;170m▀[0m[38;2;103;66;170m[48;2;70;29;128m▀[0m[38;2;103;66;170m[48;2;103;66;170m▀[0m[38;2;16;16;16m[48;2;103;66;170m▀[0m[38;2;16;16;16m▄                 
   [38;2;103;66;170m▄[38;2;103;66;170m[48;2;169;124;236m▀[0m[38;2;169;124;236m[48;2;169;124;236m▀[0m[38;2;169;124;236m[48;2;169;124;236m▀[0m[38;2;169;124;236m[48;2;103;66;170m▀[0m[38;2;103;66;170m[48;2;169;124;236m▀[0m[38;2;103;66;170m[48;2;103;66;170m▀[0m[38;2;103;66;170m[48;2;78;21;62m▀[0m[38;2;78;21;62m[48;2;135;62;114m▀[0m[38;2;135;62;114m[48;2;16;16;16m▀[0m[38;2;16;16;16m[48;2;70;29;128m▀[0m[38;2;16;16;16m[48;2;103;66;170m▀[0m[38;2;103;66;170m[48;2;103;66;170m▀[0m[38;2;103;66;170m[48;2;103;66;170m▀[0m[38;2;103;66;170m[48;2;103;66;170m▀[0m[38;2;103;66;170m[48;2;103;66;170m▀[0m[38;2;103;66;170m[48;2;103;66;170m▀[0m[38;2;103;66;170m[48;2;103;66;170m▀[0m[38;2;103;66;170m[48;2;103;66;170m▀[0m[38;2;16;16;16m[48;2;16;16;16m▀[0m   [38;2;16;16;16m▀[38;2;135;62;114m[48;2;16;16;16m▀[0m[38;2;135;62;114m[48;2;135;62;114m▀[0m[38;2;135;62;114m[48;2;78;21;62m▀[0m[38;2;69;39;35m[48;2;69;39;35m▀[0m[38;2;139;212;100m[48;2;69;131;52m▀[0m[38;2;69;131;52m[48;2;139;212;100m▀[0m[38;2;139;212;100m[48;2;142;197;173m▀[0m[38;2;142;197;173m[48;2;146;181;247m▀[0m[38;2;146;181;247m[48;2;16;16;16m▀[0m[38;2;78;21;62m[48;2;78;21;62m▀[0m[38;2;135;62;114m[48;2;135;62;114m▀[0m[38;2;16;16;16m▀  [38;2;16;16;16m▀[38;2;78;21;62m[48;2;16;16;16m▀[0m[38;2;80;116;183m[48;2;69;39;35m▀[0m[38;2;49;70;110m[48;2;49;70;110m▀[0m[38;2;16;16;16m[48;2;80;116;183m▀[0m[38;2;16;16;16m▄  [38;2;16;16;16m▄[38;2;16;16;16m▄[38;2;16;16;16m[48;2;80;116;183m▀[0m[38;2;16;16;16m[48;2;80;116;183m▀[0m[38;2;16;16;16m[48;2;80;116;183m▀[0m[38;2;135;62;114m[48;2;16;16;16m▀[0m[38;2;78;21;62m[48;2;135;62;114m▀[0m[38;2;70;29;128m[48;2;78;21;62m▀[0m[38;2;103;66;170m[48;2;70;29;128m▀[0m[38;2;70;29;128m▀ [38;2;16;16;16m▀[38;2;103;66;170m[48;2;70;29;128m▀[0m[38;2;103;66;170m[48;2;103;66;170m▀[0m[38;2;103;66;170m[48;2;103;66;170m▀[0m[38;2;103;66;170m[48;2;103;66;170m▀[0m[38;2;70;29;128m[48;2;103;66;170m▀[0m[38;2;103;66;170m[48;2;70;29;128m▀[0m[38;2;103;66;170m[48;2;103;66;170m▀[0m[38;2;70;29;128m[48;2;103;66;170m▀[0m[38;2;16;16;16m▄ [38;2;16;16;16m▀[38;2;103;66;170m[48;2;16;16;16m▀[0m[38;2;70;29;128m[48;2;103;66;170m▀[0m[38;2;103;66;170m[48;2;70;29;128m▀[0m[38;2;103;66;170m[48;2;70;29;128m▀[0m[38;2;70;29;128m[48;2;103;66;170m▀[0m[38;2;70;29;128m[48;2;103;66;170m▀[0m[38;2;103;66;170m[48;2;70;29;128m▀[0m[38;2;16;16;16m[48;2;103;66;170m▀[0m[38;2;16;16;16m[48;2;103;66;170m▀[0m[38;2;16;16;16m▄[38;2;16;16;16m▄             
  [38;2;103;66;170m▄[38;2;169;124;236m[48;2;103;66;170m▀[0m[38;2;169;124;236m[48;2;103;66;170m▀[0m[38;2;103;66;170m[48;2;169;124;236m▀[0m[38;2;169;124;236m[48;2;169;124;236m▀[0m[38;2;169;124;236m[48;2;169;124;236m▀[0m[38;2;169;124;236m[48;2;169;124;236m▀[0m[38;2;169;124;236m[48;2;78;21;62m▀[0m[38;2;78;21;62m[48;2;135;62;114m▀[0m[38;2;135;62;114m[48;2;16;16;16m▀[0m[38;2;16;16;16m▀[38;2;70;29;128m[48;2;70;29;128m▀[0m[38;2;103;66;170m[48;2;169;124;236m▀[0m[38;2;103;66;170m[48;2;103;66;170m▀[0m[38;2;103;66;170m[48;2;103;66;170m▀[0m[38;2;103;66;170m[48;2;103;66;170m▀[0m[38;2;103;66;170m[48;2;103;66;170m▀[0m[38;2;103;66;170m[48;2;103;66;170m▀[0m[38;2;16;16;16m[48;2;16;16;16m▀[0m       [38;2;16;16;16m[48;2;78;21;62m▀[0m[38;2;78;21;62m[48;2;16;16;16m▀[0m[38;2;78;21;62m[48;2;16;16;16m▀[0m[38;2;78;21;62m[48;2;78;21;62m▀[0m[38;2;69;39;35m[48;2;78;21;62m▀[0m[38;2;78;21;62m[48;2;16;16;16m▀[0m[38;2;78;21;62m[48;2;16;16;16m▀[0m[38;2;16;16;16m▀ [38;2;78;21;62m[48;2;78;21;62m▀[0m[38;2;16;16;16m[48;2;16;16;16m▀[0m    [38;2;16;16;16m[48;2;16;16;16m▀[0m[38;2;78;21;62m[48;2;78;21;62m▀[0m[38;2;80;116;183m[48;2;80;116;183m▀[0m[38;2;16;16;16m[48;2;16;16;16m▀[0m[38;2;16;16;16m▄[38;2;80;116;183m[48;2;69;39;35m▀[0m[38;2;49;70;110m[48;2;78;21;62m▀[0m[38;2;69;39;35m[48;2;16;16;16m▀[0m[38;2;78;21;62m[48;2;16;16;16m▀[0m[38;2;78;21;62m[48;2;16;16;16m▀[0m[38;2;78;21;62m[48;2;16;16;16m▀[0m[38;2;78;21;62m[48;2;16;16;16m▀[0m[38;2;16;16;16m[48;2;16;16;16m▀[0m[38;2;135;62;114m[48;2;16;16;16m▀[0m[38;2;78;21;62m[48;2;135;62;114m▀[0m    [38;2;16;16;16m▀[38;2;103;66;170m[48;2;103;66;170m▀[0m[38;2;70;29;128m[48;2;103;66;170m▀[0m[38;2;103;66;170m[48;2;70;29;128m▀[0m[38;2;103;66;170m[48;2;103;66;170m▀[0m[38;2;103;66;170m[48;2;103;66;170m▀[0m[38;2;103;66;170m[48;2;70;29;128m▀[0m[38;2;103;66;170m[48;2;103;66;170m▀[0m[38;2;103;66;170m[48;2;103;66;170m▀[0m[38;2;16;16;16m[48;2;103;66;170m▀[0m[38;2;16;16;16m▄ [38;2;16;16;16m▀[38;2;16;16;16m▀[38;2;103;66;170m[48;2;16;16;16m▀[0m[38;2;103;66;170m[48;2;16;16;16m▀[0m[38;2;103;66;170m[48;2;70;29;128m▀[0m[38;2;103;66;170m[48;2;103;66;170m▀[0m[38;2;70;29;128m[48;2;103;66;170m▀[0m[38;2;70;29;128m[48;2;103;66;170m▀[0m[38;2;103;66;170m[48;2;70;29;128m▀[0m[38;2;16;16;16m[48;2;103;66;170m▀[0m[38;2;16;16;16m[48;2;103;66;170m▀[0m[38;2;16;16;16m▄          
 [38;2;103;66;170m▄[38;2;103;66;170m[48;2;169;124;236m▀[0m[38;2;169;124;236m[48;2;169;124;236m▀[0m[38;2;169;124;236m[48;2;169;124;236m▀[0m[38;2;169;124;236m[48;2;169;124;236m▀[0m[38;2;169;124;236m[48;2;169;124;236m▀[0m[38;2;169;124;236m[48;2;169;124;236m▀[0m[38;2;169;124;236m[48;2;169;124;236m▀[0m[38;2;78;21;62m[48;2;78;21;62m▀[0m[38;2;135;62;114m[48;2;135;62;114m▀[0m[38;2;16;16;16m[48;2;135;62;114m▀[0m[38;2;16;16;16m▄[38;2;103;66;170m[48;2;103;66;170m▀[0m[38;2;169;124;236m[48;2;169;124;236m▀[0m[38;2;169;124;236m[48;2;169;124;236m▀[0m[38;2;103;66;170m[48;2;169;124;236m▀[0m[38;2;103;66;170m[48;2;103;66;170m▀[0m[38;2;103;66;170m[48;2;103;66;170m▀[0m[38;2;16;16;16m[48;2;16;16;16m▀[0m       [38;2;16;16;16m▄[38;2;78;21;62m[48;2;16;16;16m▀[0m[38;2;16;16;16m▀ [38;2;16;16;16m▀[38;2;16;16;16m▀    [38;2;78;21;62m[48;2;78;21;62m▀[0m[38;2;16;16;16m[48;2;16;16;16m▀[0m     [38;2;16;16;16m[48;2;16;16;16m▀[0m[38;2;80;116;183m[48;2;78;21;62m▀[0m[38;2;16;16;16m[48;2;80;116;183m▀[0m[38;2;80;116;183m[48;2;78;21;62m▀[0m[38;2;16;16;16m▀[38;2;16;16;16m▀      [38;2;16;16;16m▀[38;2;78;21;62m[48;2;16;16;16m▀[0m[38;2;78;21;62m[48;2;78;21;62m▀[0m    [38;2;16;16;16m▀[38;2;103;66;170m[48;2;16;16;16m▀[0m[38;2;103;66;170m[48;2;16;16;16m▀[0m[38;2;70;29;128m[48;2;103;66;170m▀[0m[38;2;70;29;128m[48;2;103;66;170m▀[0m[38;2;103;66;170m[48;2;103;66;170m▀[0m[38;2;70;29;128m[48;2;103;66;170m▀[0m[38;2;70;29;128m[48;2;103;66;170m▀[0m[38;2;103;66;170m[48;2;70;29;128m▀[0m[38;2;103;66;170m[48;2;70;29;128m▀[0m[38;2;16;16;16m[48;2;103;66;170m▀[0m[38;2;16;16;16m[48;2;103;66;170m▀[0m[38;2;16;16;16m▄  [38;2;16;16;16m▀[38;2;70;29;128m[48;2;16;16;16m▀[0m[38;2;103;66;170m[48;2;16;16;16m▀[0m[38;2;103;66;170m[48;2;103;66;170m▀[0m[38;2;103;66;170m[48;2;103;66;170m▀[0m[38;2;70;29;128m[48;2;103;66;170m▀[0m[38;2;70;29;128m[48;2;103;66;170m▀[0m[38;2;103;66;170m[48;2;70;29;128m▀[0m[38;2;103;66;170m[48;2;70;29;128m▀[0m[38;2;16;16;16m[48;2;70;29;128m▀[0m        
 [38;2;103;66;170m[48;2;103;66;170m▀[0m[38;2;169;124;236m[48;2;169;124;236m▀[0m[38;2;169;124;236m[48;2;169;124;236m▀[0m[38;2;169;124;236m[48;2;169;124;236m▀[0m[38;2;169;124;236m[48;2;169;124;236m▀[0m[38;2;169;124;236m[48;2;169;124;236m▀[0m[38;2;169;124;236m[48;2;103;66;170m▀[0m[38;2;103;66;170m▀[38;2;78;21;62m[48;2;78;21;62m▀[0m[38;2;135;62;114m[48;2;135;62;114m▀[0m[38;2;135;62;114m[48;2;78;21;62m▀[0m[38;2;135;62;114m▀[38;2;16;16;16m[48;2;78;21;62m▀[0m[38;2;169;124;236m[48;2;169;124;236m▀[0m[38;2;169;124;236m[48;2;169;124;236m▀[0m[38;2;169;124;236m[48;2;169;124;236m▀[0m[38;2;169;124;236m[48;2;169;124;236m▀[0m[38;2;103;66;170m[48;2;103;66;170m▀[0m[38;2;16;16;16m▀    [38;2;78;21;62m▄[38;2;16;16;16m▄[38;2;78;21;62m▄[38;2;16;16;16m[48;2;16;16;16m▀[0m[38;2;16;16;16m▀         [38;2;135;62;114m[48;2;135;62;114m▀[0m[38;2;16;16;16m[48;2;16;16;16m▀[0m    [38;2;16;16;16m▀[38;2;78;21;62m[48;2;16;16;16m▀[0m[38;2;78;21;62m▀[38;2;16;16;16m▀          [38;2;135;62;114m[48;2;16;16;16m▀[0m[38;2;78;21;62m[48;2;135;62;114m▀[0m[38;2;135;62;114m▄[38;2;135;62;114m▄[38;2;78;21;62m▄[38;2;78;21;62m▄[38;2;78;21;62m▄[38;2;16;16;16m▄[38;2;16;16;16m[48;2;16;16;16m▀[0m[38;2;16;16;16m▀[38;2;70;29;128m▀[38;2;103;66;170m[48;2;16;16;16m▀[0m[38;2;103;66;170m[48;2;16;16;16m▀[0m[38;2;103;66;170m[48;2;103;66;170m▀[0m[38;2;103;66;170m[48;2;103;66;170m▀[0m[38;2;70;29;128m[48;2;103;66;170m▀[0m[38;2;70;29;128m[48;2;103;66;170m▀[0m[38;2;103;66;170m[48;2;103;66;170m▀[0m[38;2;16;16;16m[48;2;103;66;170m▀[0m[38;2;16;16;16m[48;2;103;66;170m▀[0m[38;2;16;16;16m▄  [38;2;16;16;16m▀[38;2;103;66;170m▀[38;2;103;66;170m[48;2;16;16;16m▀[0m[38;2;103;66;170m[48;2;16;16;16m▀[0m[38;2;103;66;170m[48;2;103;66;170m▀[0m[38;2;103;66;170m[48;2;103;66;170m▀[0m[38;2;103;66;170m[48;2;103;66;170m▀[0m[38;2;16;16;16m[48;2;103;66;170m▀[0m[38;2;103;66;170m▄[38;2;16;16;16m▄     
[38;2;103;66;170m▄[38;2;103;66;170m[48;2;169;124;236m▀[0m[38;2;169;124;236m[48;2;169;124;236m▀[0m[38;2;169;124;236m[48;2;169;124;236m▀[0m[38;2;169;124;236m[48;2;169;124;236m▀[0m[38;2;169;124;236m[48;2;169;124;236m▀[0m[38;2;169;124;236m[48;2;103;66;170m▀[0m[38;2;103;66;170m▀ [38;2;78;21;62m▀[38;2;135;62;114m[48;2;78;21;62m▀[0m[38;2;78;21;62m[48;2;135;62;114m▀[0m[38;2;78;21;62m▄[38;2;103;66;170m[48;2;103;66;170m▀[0m[38;2;169;124;236m[48;2;169;124;236m▀[0m[38;2;169;124;236m[48;2;169;124;236m▀[0m[38;2;169;124;236m[48;2;169;124;236m▀[0m[38;2;169;124;236m[48;2;169;124;236m▀[0m[38;2;103;66;170m▀    [38;2;78;21;62m[48;2;135;62;114m▀[0m[38;2;135;62;114m[48;2;135;62;114m▀[0m[38;2;135;62;114m[48;2;16;16;16m▀[0m[38;2;16;16;16m▀           [38;2;135;62;114m[48;2;135;62;114m▀[0m[38;2;16;16;16m[48;2;16;16;16m▀[0m                 [38;2;16;16;16m▄[38;2;78;21;62m[48;2;78;21;62m▀[0m[38;2;16;16;16m[48;2;78;21;62m▀[0m[38;2;135;62;114m[48;2;16;16;16m▀[0m[38;2;78;21;62m[48;2;135;62;114m▀[0m[38;2;135;62;114m[48;2;16;16;16m▀[0m[38;2;135;62;114m[48;2;16;16;16m▀[0m[38;2;16;16;16m[48;2;78;21;62m▀[0m[38;2;78;21;62m[48;2;78;21;62m▀[0m[38;2;78;21;62m[48;2;78;21;62m▀[0m[38;2;16;16;16m[48;2;78;21;62m▀[0m[38;2;16;16;16m▄  [38;2;16;16;16m▀[38;2;16;16;16m▀[38;2;103;66;170m[48;2;169;124;236m▀[0m[38;2;103;66;170m[48;2;169;124;236m▀[0m[38;2;103;66;170m[48;2;169;124;236m▀[0m[38;2;103;66;170m[48;2;103;66;170m▀[0m[38;2;103;66;170m[48;2;103;66;170m▀[0m[38;2;103;66;170m[48;2;103;66;170m▀[0m[38;2;70;29;128m[48;2;70;29;128m▀[0m     [38;2;16;16;16m▀[38;2;103;66;170m[48;2;16;16;16m▀[0m[38;2;103;66;170m[48;2;169;124;236m▀[0m[38;2;103;66;170m[48;2;169;124;236m▀[0m[38;2;103;66;170m[48;2;103;66;170m▀[0m[38;2;103;66;170m[48;2;103;66;170m▀[0m[38;2;16;16;16m[48;2;103;66;170m▀[0m[38;2;16;16;16m▄   
[38;2;103;66;170m[48;2;103;66;170m▀[0m[38;2;169;124;236m[48;2;169;124;236m▀[0m[38;2;169;124;236m[48;2;169;124;236m▀[0m[38;2;169;124;236m[48;2;169;124;236m▀[0m[38;2;169;124;236m[48;2;169;124;236m▀[0m[38;2;169;124;236m[48;2;103;66;170m▀[0m[38;2;103;66;170m▀   [38;2;78;21;62m▀[38;2;135;62;114m[48;2;78;21;62m▀[0m[38;2;78;21;62m[48;2;135;62;114m▀[0m[38;2;103;66;170m▀[38;2;169;124;236m[48;2;103;66;170m▀[0m[38;2;169;124;236m[48;2;169;124;236m▀[0m[38;2;169;124;236m[48;2;169;124;236m▀[0m[38;2;169;124;236m[48;2;103;66;170m▀[0m    [38;2;78;21;62m▄[38;2;135;62;114m[48;2;135;62;114m▀[0m[38;2;16;16;16m[48;2;78;21;62m▀[0m[38;2;16;16;16m▄            [38;2;135;62;114m[48;2;16;16;16m▀[0m[38;2;16;16;16m[48;2;135;62;114m▀[0m[38;2;78;21;62m▄                [38;2;16;16;16m[48;2;16;16;16m▀[0m[38;2;78;21;62m[48;2;78;21;62m▀[0m[38;2;78;21;62m[48;2;78;21;62m▀[0m[38;2;16;16;16m[48;2;78;21;62m▀[0m[38;2;135;62;114m[48;2;16;16;16m▀[0m[38;2;16;16;16m[48;2;135;62;114m▀[0m[38;2;78;21;62m[48;2;78;21;62m▀[0m[38;2;78;21;62m[48;2;78;21;62m▀[0m[38;2;16;16;16m[48;2;16;16;16m▀[0m[38;2;16;16;16m▀[38;2;78;21;62m[48;2;16;16;16m▀[0m[38;2;16;16;16m[48;2;78;21;62m▀[0m[38;2;16;16;16m▄   [38;2;16;16;16m▀[38;2;169;124;236m[48;2;70;29;128m▀[0m[38;2;169;124;236m[48;2;169;124;236m▀[0m[38;2;169;124;236m[48;2;169;124;236m▀[0m[38;2;169;124;236m[48;2;169;124;236m▀[0m[38;2;103;66;170m[48;2;169;124;236m▀[0m[38;2;103;66;170m[48;2;169;124;236m▀[0m[38;2;70;29;128m[48;2;70;29;128m▀[0m      [38;2;103;66;170m▀[38;2;169;124;236m[48;2;169;124;236m▀[0m[38;2;169;124;236m[48;2;169;124;236m▀[0m[38;2;169;124;236m[48;2;169;124;236m▀[0m[38;2;169;124;236m[48;2;169;124;236m▀[0m[38;2;103;66;170m[48;2;169;124;236m▀[0m   
[38;2;103;66;170m▀[38;2;169;124;236m[48;2;103;66;170m▀[0m[38;2;169;124;236m[48;2;169;124;236m▀[0m[38;2;169;124;236m[48;2;169;124;236m▀[0m[38;2;169;124;236m[48;2;103;66;170m▀[0m[38;2;103;66;170m▀        [38;2;103;66;170m[48;2;103;66;170m▀[0m[38;2;103;66;170m▀   [38;2;78;21;62m▄[38;2;78;21;62m[48;2;135;62;114m▀[0m[38;2;135;62;114m[48;2;135;62;114m▀[0m[38;2;16;16;16m[48;2;16;16;16m▀[0m[38;2;16;16;16m▀[38;2;78;21;62m[48;2;16;16;16m▀[0m[38;2;78;21;62m[48;2;78;21;62m▀[0m[38;2;16;16;16m[48;2;78;21;62m▀[0m[38;2;16;16;16m▄          [38;2;16;16;16m[48;2;135;62;114m▀[0m[38;2;135;62;114m[48;2;16;16;16m▀[0m[38;2;135;62;114m[48;2;16;16;16m▀[0m[38;2;78;21;62m[48;2;135;62;114m▀[0m[38;2;78;21;62m▄               [38;2;78;21;62m[48;2;78;21;62m▀[0m[38;2;16;16;16m[48;2;16;16;16m▀[0m[38;2;78;21;62m[48;2;78;21;62m▀[0m[38;2;78;21;62m[48;2;78;21;62m▀[0m[38;2;16;16;16m[48;2;78;21;62m▀[0m[38;2;16;16;16m[48;2;16;16;16m▀[0m[38;2;78;21;62m[48;2;78;21;62m▀[0m[38;2;78;21;62m[48;2;78;21;62m▀[0m[38;2;78;21;62m[48;2;78;21;62m▀[0m[38;2;16;16;16m[48;2;16;16;16m▀[0m[38;2;16;16;16m▀[38;2;16;16;16m▀     [38;2;103;66;170m[48;2;103;66;170m▀[0m[38;2;169;124;236m[48;2;169;124;236m▀[0m[38;2;169;124;236m[48;2;169;124;236m▀[0m[38;2;169;124;236m[48;2;169;124;236m▀[0m[38;2;169;124;236m[48;2;169;124;236m▀[0m[38;2;169;124;236m[48;2;169;124;236m▀[0m[38;2;103;66;170m[48;2;103;66;170m▀[0m       [38;2;103;66;170m▀[38;2;169;124;236m[48;2;103;66;170m▀[0m[38;2;169;124;236m[48;2;169;124;236m▀[0m[38;2;169;124;236m[48;2;169;124;236m▀[0m[38;2;103;66;170m[48;2;169;124;236m▀[0m[38;2;103;66;170m▄ 
 [38;2;103;66;170m[48;2;103;66;170m▀[0m[38;2;169;124;236m[48;2;169;124;236m▀[0m[38;2;169;124;236m[48;2;169;124;236m▀[0m[38;2;103;66;170m[48;2;103;66;170m▀[0m           [38;2;69;39;35m▄[38;2;78;21;62m[48;2;135;62;114m▀[0m[38;2;78;21;62m[48;2;135;62;114m▀[0m[38;2;135;62;114m[48;2;135;62;114m▀[0m[38;2;135;62;114m[48;2;16;16;16m▀[0m[38;2;16;16;16m[48;2;16;16;16m▀[0m[38;2;78;21;62m[48;2;78;21;62m▀[0m[38;2;16;16;16m▄[38;2;16;16;16m▄[38;2;16;16;16m[48;2;16;16;16m▀[0m[38;2;16;16;16m▀          [38;2;78;21;62m[48;2;78;21;62m▀[0m[38;2;135;62;114m[48;2;16;16;16m▀[0m[38;2;16;16;16m▀ [38;2;16;16;16m▀[38;2;135;62;114m[48;2;16;16;16m▀[0m[38;2;78;21;62m▄             [38;2;16;16;16m[48;2;16;16;16m▀[0m[38;2;16;16;16m▀ [38;2;16;16;16m[48;2;16;16;16m▀[0m[38;2;78;21;62m[48;2;78;21;62m▀[0m[38;2;78;21;62m[48;2;78;21;62m▀[0m[38;2;16;16;16m[48;2;16;16;16m▀[0m[38;2;16;16;16m▀[38;2;78;21;62m[48;2;16;16;16m▀[0m[38;2;78;21;62m[48;2;78;21;62m▀[0m[38;2;78;21;62m[48;2;78;21;62m▀[0m        [38;2;103;66;170m[48;2;103;66;170m▀[0m[38;2;169;124;236m[48;2;169;124;236m▀[0m[38;2;169;124;236m[48;2;169;124;236m▀[0m[38;2;169;124;236m[48;2;169;124;236m▀[0m[38;2;169;124;236m[48;2;169;124;236m▀[0m[38;2;103;66;170m[48;2;103;66;170m▀[0m         [38;2;103;66;170m▀[38;2;169;124;236m[48;2;103;66;170m▀[0m[38;2;169;124;236m[48;2;169;124;236m▀[0m[38;2;103;66;170m[48;2;103;66;170m▀[0m 
  [38;2;103;66;170m▀[38;2;169;124;236m[48;2;169;124;236m▀[0m[38;2;103;66;170m[48;2;103;66;170m▀[0m           [38;2;69;39;35m[48;2;69;39;35m▀[0m[38;2;135;62;114m[48;2;135;62;114m▀[0m[38;2;135;62;114m[48;2;135;62;114m▀[0m[38;2;16;16;16m[48;2;16;16;16m▀[0m  [38;2;16;16;16m▀[38;2;78;21;62m[48;2;16;16;16m▀[0m[38;2;78;21;62m[48;2;16;16;16m▀[0m[38;2;78;21;62m[48;2;16;16;16m▀[0m[38;2;16;16;16m[48;2;78;21;62m▀[0m[38;2;78;21;62m▄        [38;2;78;21;62m[48;2;16;16;16m▀[0m[38;2;135;62;114m[48;2;16;16;16m▀[0m[38;2;16;16;16m▀   [38;2;16;16;16m[48;2;78;21;62m▀[0m[38;2;135;62;114m[48;2;16;16;16m▀[0m[38;2;78;21;62m[48;2;16;16;16m▀[0m[38;2;135;62;114m▄[38;2;78;21;62m▄              [38;2;16;16;16m▀[38;2;78;21;62m[48;2;16;16;16m▀[0m[38;2;16;16;16m[48;2;16;16;16m▀[0m [38;2;16;16;16m▀[38;2;78;21;62m[48;2;16;16;16m▀[0m[38;2;78;21;62m[48;2;78;21;62m▀[0m[38;2;16;16;16m▄        [38;2;103;66;170m[48;2;103;66;170m▀[0m[38;2;169;124;236m[48;2;169;124;236m▀[0m[38;2;169;124;236m[48;2;169;124;236m▀[0m[38;2;169;124;236m[48;2;169;124;236m▀[0m[38;2;103;66;170m[48;2;103;66;170m▀[0m          [38;2;103;66;170m▀[38;2;169;124;236m[48;2;169;124;236m▀[0m[38;2;103;66;170m[48;2;169;124;236m▀[0m[38;2;103;66;170m▄
   [38;2;103;66;170m▀           [38;2;69;39;35m[48;2;69;39;35m▀[0m[38;2;135;62;114m[48;2;135;62;114m▀[0m[38;2;135;62;114m[48;2;135;62;114m▀[0m[38;2;135;62;114m[48;2;16;16;16m▀[0m[38;2;16;16;16m▀      [38;2;16;16;16m▀[38;2;16;16;16m▀             [38;2;78;21;62m[48;2;78;21;62m▀[0m[38;2;135;62;114m[48;2;135;62;114m▀[0m[38;2;16;16;16m[48;2;16;16;16m▀[0m [38;2;16;16;16m▀[38;2;135;62;114m[48;2;16;16;16m▀[0m[38;2;69;39;35m[48;2;135;62;114m▀[0m[38;2;78;21;62m▄    [38;2;78;21;62m▄[38;2;78;21;62m▄[38;2;78;21;62m▄[38;2;78;21;62m▄[38;2;78;21;62m▄[38;2;78;21;62m▄   [38;2;16;16;16m▀[38;2;16;16;16m▀   [38;2;16;16;16m▀[38;2;16;16;16m▀         [38;2;169;124;236m[48;2;169;124;236m▀[0m[38;2;169;124;236m[48;2;169;124;236m▀[0m[38;2;169;124;236m[48;2;169;124;236m▀[0m[38;2;103;66;170m[48;2;103;66;170m▀[0m           [38;2;103;66;170m[48;2;103;66;170m▀[0m[38;2;169;124;236m[48;2;169;124;236m▀[0m[38;2;103;66;170m[48;2;103;66;170m▀[0m
               [38;2;69;39;35m[48;2;69;39;35m▀[0m[38;2;135;62;114m[48;2;135;62;114m▀[0m[38;2;135;62;114m[48;2;69;39;35m▀[0m[38;2;16;16;16m▄  [38;2;16;16;16m▄[38;2;16;16;16m▄                  [38;2;78;21;62m[48;2;78;21;62m▀[0m[38;2;135;62;114m[48;2;135;62;114m▀[0m[38;2;16;16;16m[48;2;135;62;114m▀[0m[38;2;16;16;16m▄  [38;2;16;16;16m[48;2;16;16;16m▀[0m[38;2;135;62;114m[48;2;135;62;114m▀[0m[38;2;78;21;62m[48;2;135;62;114m▀[0m[38;2;78;21;62m[48;2;135;62;114m▀[0m[38;2;78;21;62m[48;2;135;62;114m▀[0m[38;2;78;21;62m[48;2;135;62;114m▀[0m[38;2;135;62;114m[48;2;135;62;114m▀[0m[38;2;135;62;114m[48;2;135;62;114m▀[0m[38;2;135;62;114m[48;2;135;62;114m▀[0m[38;2;135;62;114m[48;2;135;62;114m▀[0m[38;2;135;62;114m[48;2;135;62;114m▀[0m[38;2;135;62;114m[48;2;135;62;114m▀[0m[38;2;78;21;62m[48;2;135;62;114m▀[0m[38;2;78;21;62m[48;2;135;62;114m▀[0m[38;2;78;21;62m▄                [38;2;169;124;236m[48;2;169;124;236m▀[0m[38;2;169;124;236m[48;2;169;124;236m▀[0m[38;2;103;66;170m[48;2;103;66;170m▀[0m            [38;2;103;66;170m[48;2;103;66;170m▀[0m[38;2;169;124;236m[48;2;169;124;236m▀[0m[38;2;103;66;170m[48;2;103;66;170m▀[0m
                [38;2;69;39;35m▀ [38;2;78;21;62m[48;2;16;16;16m▀[0m[38;2;78;21;62m[48;2;78;21;62m▀[0m[38;2;78;21;62m[48;2;78;21;62m▀[0m[38;2;78;21;62m[48;2;16;16;16m▀[0m[38;2;16;16;16m▀                  [38;2;78;21;62m[48;2;78;21;62m▀[0m[38;2;135;62;114m[48;2;135;62;114m▀[0m[38;2;16;16;16m▀    [38;2;135;62;114m[48;2;16;16;16m▀[0m[38;2;135;62;114m[48;2;135;62;114m▀[0m[38;2;135;62;114m[48;2;135;62;114m▀[0m[38;2;135;62;114m[48;2;135;62;114m▀[0m[38;2;135;62;114m[48;2;135;62;114m▀[0m[38;2;135;62;114m[48;2;135;62;114m▀[0m[38;2;135;62;114m[48;2;135;62;114m▀[0m[38;2;135;62;114m[48;2;135;62;114m▀[0m[38;2;16;16;16m[48;2;135;62;114m▀[0m[38;2;16;16;16m▄[38;2;16;16;16m▀[38;2;16;16;16m▀[38;2;135;62;114m[48;2;16;16;16m▀[0m[38;2;135;62;114m[48;2;16;16;16m▀[0m[38;2;135;62;114m[48;2;16;16;16m▀[0m[38;2;135;62;114m[48;2;16;16;16m▀[0m[38;2;78;21;62m▀             [38;2;169;124;236m[48;2;103;66;170m▀[0m[38;2;103;66;170m▀                
                   [38;2;16;16;16m▀[38;2;16;16;16m▀                    [38;2;78;21;62m▀[38;2;135;62;114m[48;2;16;16;16m▀[0m      [38;2;16;16;16m▀[38;2;135;62;114m[48;2;16;16;16m▀[0m[38;2;135;62;114m[48;2;78;21;62m▀[0m[38;2;135;62;114m[48;2;135;62;114m▀[0m[38;2;135;62;114m[48;2;135;62;114m▀[0m[38;2;135;62;114m[48;2;135;62;114m▀[0m[38;2;135;62;114m[48;2;135;62;114m▀[0m[38;2;135;62;114m[48;2;135;62;114m▀[0m[38;2;135;62;114m[48;2;135;62;114m▀[0m[38;2;16;16;16m[48;2;135;62;114m▀[0m[38;2;16;16;16m[48;2;135;62;114m▀[0m[38;2;135;62;114m[48;2;135;62;114m▀[0m[38;2;135;62;114m[48;2;78;21;62m▀[0m[38;2;16;16;16m[48;2;78;21;62m▀[0m                                 
                                                   [38;2;16;16;16m▀[38;2;16;16;16m▀[38;2;135;62;114m[48;2;16;16;16m▀[0m[38;2;135;62;114m[48;2;135;62;114m▀[0m[38;2;135;62;114m[48;2;135;62;114m▀[0m[38;2;135;62;114m[48;2;135;62;114m▀[0m[38;2;135;62;114m[48;2;135;62;114m▀[0m[38;2;135;62;114m[48;2;16;16;16m▀[0m[38;2;78;21;62m[48;2;16;16;16m▀[0m[38;2;78;21;62m[48;2;16;16;16m▀[0m[38;2;78;21;62m[48;2;78;21;62m▀[0m[38;2;78;21;62m[48;2;78;21;62m▀[0m[38;2;16;16;16m[48;2;78;21;62m▀[0m[38;2;78;21;62m▄[38;2;78;21;62m▄[38;2;16;16;16m[48;2;78;21;62m▀[0m[38;2;16;16;16m[48;2;16;16;16m▀[0m                            
                                                      [38;2;16;16;16m▀[38;2;16;16;16m▀[38;2;16;16;16m▀[38;2;16;16;16m▀   [38;2;16;16;16m▀[38;2;16;16;16m▀[38;2;78;21;62m[48;2;16;16;16m▀[0m[38;2;78;21;62m[48;2;16;16;16m▀[0m[38;2;16;16;16m▀[38;2;16;16;16m▀                             
[0m