                                    [38;2;145;84;74m▄[38;2;20;19;29m[48;2;240;175;110m▀[0m[38;2;20;19;29m[48;2;240;175;110m▀[0m[38;2;20;19;29m[48;2;240;175;110m▀[0m[38;2;20;19;29m[48;2;240;175;110m▀[0m[38;2;20;19;29m[48;2;240;175;110m▀[0m[38;2;145;84;74m▄[38;2;20;19;29m▄[38;2;20;19;29m▄                             
                                    [38;2;145;84;74m[48;2;145;84;74m▀[0m[38;2;240;175;110m[48;2;240;175;110m▀[0m[38;2;240;175;110m[48;2;240;175;110m▀[0m[38;2;240;175;110m[48;2;240;175;110m▀[0m[38;2;240;175;110m[48;2;240;175;110m▀[0m[38;2;240;175;110m[48;2;240;175;110m▀[0m[38;2;145;84;74m[48;2;145;84;74m▀[0m[38;2;196;128;94m[48;2;196;128;94m▀[0m[38;2;196;128;94m[48;2;196;128;94m▀[0m[38;2;20;19;29m[48;2;20;19;29m▀[0m                            
                                    [38;2;145;84;74m[48;2;145;84;74m▀[0m[38;2;240;175;110m[48;2;240;175;110m▀[0m[38;2;240;175;110m[48;2;240;175;110m▀[0m[38;2;240;175;110m[48;2;240;175;110m▀[0m[38;2;240;175;110m[48;2;240;175;110m▀[0m[38;2;240;175;110m[48;2;240;175;110m▀[0m[38;2;145;84;74m[48;2;145;84;74m▀[0m[38;2;196;128;94m[48;2;196;128;94m▀[0m[38;2;196;128;94m[48;2;196;128;94m▀[0m[38;2;20;19;29m[48;2;20;19;29m▀[0m                            
                                    [38;2;145;84;74m[48;2;145;84;74m▀[0m[38;2;240;175;110m[48;2;240;175;110m▀[0m[38;2;240;175;110m[48;2;240;175;110m▀[0m[38;2;240;175;110m[48;2;240;175;110m▀[0m[38;2;240;175;110m[48;2;240;175;110m▀[0m[38;2;240;175;110m[48;2;240;175;110m▀[0m[38;2;145;84;74m[48;2;145;84;74m▀[0m[38;2;196;128;94m[48;2;196;128;94m▀[0m[38;2;196;128;94m[48;2;196;128;94m▀[0m[38;2;20;19;29m[48;2;20;19;29m▀[0m                            
                                    [38;2;145;84;74m[48;2;145;84;74m▀[0m[38;2;240;175;110m[48;2;240;175;110m▀[0m[38;2;240;175;110m[48;2;240;175;110m▀[0m[38;2;240;175;110m[48;2;240;175;110m▀[0m[38;2;240;175;110m[48;2;240;175;110m▀[0m[38;2;240;175;110m[48;2;240;175;110m▀[0m[38;2;145;84;74m[48;2;145;84;74m▀[0m[38;2;196;128;94m[48;2;196;128;94m▀[0m[38;2;196;128;94m[48;2;196;128;94m▀[0m[38;2;20;19;29m[48;2;20;19;29m▀[0m                            
                         [38;2;145;84;74m▄[38;2;145;84;74m[48;2;240;175;110m▀[0m[38;2;145;84;74m[48;2;240;175;110m▀[0m[38;2;145;84;74m[48;2;240;175;110m▀[0m[38;2;145;84;74m[48;2;240;175;110m▀[0m[38;2;145;84;74m[48;2;240;175;110m▀[0m[38;2;145;84;74m[48;2;240;175;110m▀[0m[38;2;145;84;74m[48;2;240;175;110m▀[0m[38;2;145;84;74m[48;2;240;175;110m▀[0m[38;2;145;84;74m[48;2;240;175;110m▀[0m[38;2;145;84;74m[48;2;145;84;74m▀[0m[38;2;240;175;110m[48;2;240;175;110m▀[0m[38;2;240;175;110m[48;2;240;175;110m▀[0m[38;2;240;175;110m[48;2;240;175;110m▀[0m[38;2;240;175;110m[48;2;240;175;110m▀[0m[38;2;240;175;110m[48;2;240;175;110m▀[0m[38;2;240;175;110m[48;2;240;175;110m▀[0m[38;2;145;84;74m[48;2;145;84;74m▀[0m[38;2;196;128;94m[48;2;196;128;94m▀[0m[38;2;196;128;94m[48;2;196;128;94m▀[0m[38;2;20;19;29m[48;2;20;19;29m▀[0m  [38;2;145;84;74m▄[38;2;145;84;74m▄[38;2;145;84;74m▄[38;2;145;84;74m▄[38;2;145;84;74m▄[38;2;145;84;74m▄[38;2;145;84;74m▄[38;2;145;84;74m▄[38;2;145;84;74m▄[38;2;145;84;74m▄[38;2;145;84;74m▄               
                       [38;2;145;84;74m▄[38;2;145;84;74m[48;2;240;175;110m▀[0m[38;2;240;175;110m[48;2;196;128;94m▀[0m[38;2;196;128;94m[48;2;240;175;110m▀[0m[38;2;196;128;94m[48;2;240;175;110m▀[0m[38;2;196;128;94m[48;2;240;175;110m▀[0m[38;2;196;128;94m[48;2;240;175;110m▀[0m[38;2;196;128;94m[48;2;240;175;110m▀[0m[38;2;196;128;94m[48;2;240;175;110m▀[0m[38;2;196;128;94m[48;2;240;175;110m▀[0m[38;2;196;128;94m[48;2;145;84;74m▀[0m[38;2;145;84;74m[48;2;196;128;94m▀[0m[38;2;145;84;74m[48;2;145;84;74m▀[0m[38;2;240;175;110m[48;2;240;175;110m▀[0m[38;2;240;175;110m[48;2;240;175;110m▀[0m[38;2;240;175;110m[48;2;240;175;110m▀[0m[38;2;240;175;110m[48;2;240;175;110m▀[0m[38;2;240;175;110m[48;2;240;175;110m▀[0m[38;2;240;175;110m[48;2;240;175;110m▀[0m[38;2;145;84;74m[48;2;145;84;74m▀[0m[38;2;196;128;94m[48;2;196;128;94m▀[0m[38;2;196;128;94m[48;2;196;128;94m▀[0m[38;2;20;19;29m[48;2;61;49;44m▀[0m[38;2;145;84;74m[48;2;196;128;94m▀[0m[38;2;145;84;74m[48;2;196;128;94m▀[0m[38;2;240;175;110m[48;2;196;128;94m▀[0m[38;2;240;175;110m[48;2;196;128;94m▀[0m[38;2;240;175;110m[48;2;196;128;94m▀[0m[38;2;240;175;110m[48;2;196;128;94m▀[0m[38;2;240;175;110m[48;2;145;84;74m▀[0m[38;2;240;175;110m[48;2;145;84;74m▀[0m[38;2;240;175;110m[48;2;196;128;94m▀[0m[38;2;240;175;110m[48;2;240;175;110m▀[0m[38;2;240;175;110m[48;2;196;128;94m▀[0m[38;2;240;175;110m[48;2;145;84;74m▀[0m[38;2;240;175;110m[48;2;145;84;74m▀[0m[38;2;145;84;74m[48;2;196;128;94m▀[0m[38;2;20;19;29m▄             
                       [38;2;145;84;74m[48;2;145;84;74m▀[0m[38;2;240;175;110m[48;2;240;175;110m▀[0m[38;2;240;175;110m[48;2;240;175;110m▀[0m[38;2;240;175;110m[48;2;240;175;110m▀[0m[38;2;240;175;110m[48;2;240;175;110m▀[0m[38;2;240;175;110m[48;2;240;175;110m▀[0m[38;2;240;175;110m[48;2;240;175;110m▀[0m[38;2;240;175;110m[48;2;240;175;110m▀[0m[38;2;240;175;110m[48;2;240;175;110m▀[0m[38;2;240;175;110m[48;2;240;175;110m▀[0m[38;2;145;84;74m[48;2;145;84;74m▀[0m[38;2;196;128;94m[48;2;196;128;94m▀[0m[38;2;145;84;74m[48;2;145;84;74m▀[0m[38;2;240;175;110m[48;2;240;175;110m▀[0m[38;2;240;175;110m[48;2;240;175;110m▀[0m[38;2;240;175;110m[48;2;240;175;110m▀[0m[38;2;240;175;110m[48;2;240;175;110m▀[0m[38;2;240;175;110m[48;2;240;175;110m▀[0m[38;2;240;175;110m[48;2;240;175;110m▀[0m[38;2;145;84;74m[48;2;145;84;74m▀[0m[38;2;196;128;94m[48;2;196;128;94m▀[0m[38;2;196;128;94m[48;2;196;128;94m▀[0m[38;2;61;49;44m[48;2;61;49;44m▀[0m[38;2;240;175;110m[48;2;240;175;110m▀[0m[38;2;240;175;110m[48;2;240;175;110m▀[0m[38;2;240;175;110m[48;2;240;175;110m▀[0m[38;2;240;175;110m[48;2;240;175;110m▀[0m[38;2;240;175;110m[48;2;240;175;110m▀[0m[38;2;240;175;110m[48;2;240;175;110m▀[0m[38;2;240;175;110m[48;2;240;175;110m▀[0m[38;2;240;175;110m[48;2;240;175;110m▀[0m[38;2;145;84;74m[48;2;145;84;74m▀[0m[38;2;196;128;94m[48;2;196;128;94m▀[0m[38;2;145;84;74m[48;2;145;84;74m▀[0m[38;2;196;128;94m[48;2;196;128;94m▀[0m[38;2;196;128;94m[48;2;196;128;94m▀[0m[38;2;196;128;94m[48;2;196;128;94m▀[0m[38;2;196;128;94m[48;2;196;128;94m▀[0m[38;2;20;19;29m[48;2;20;19;29m▀[0m            
                       [38;2;145;84;74m[48;2;145;84;74m▀[0m[38;2;240;175;110m[48;2;240;175;110m▀[0m[38;2;240;175;110m[48;2;240;175;110m▀[0m[38;2;240;175;110m[48;2;240;175;110m▀[0m[38;2;240;175;110m[48;2;240;175;110m▀[0m[38;2;240;175;110m[48;2;240;175;110m▀[0m[38;2;240;175;110m[48;2;240;175;110m▀[0m[38;2;240;175;110m[48;2;240;175;110m▀[0m[38;2;240;175;110m[48;2;240;175;110m▀[0m[38;2;240;175;110m[48;2;240;175;110m▀[0m[38;2;145;84;74m[48;2;145;84;74m▀[0m[38;2;196;128;94m[48;2;196;128;94m▀[0m[38;2;145;84;74m[48;2;145;84;74m▀[0m[38;2;240;175;110m[48;2;240;175;110m▀[0m[38;2;240;175;110m[48;2;240;175;110m▀[0m[38;2;240;175;110m[48;2;240;175;110m▀[0m[38;2;240;175;110m[48;2;196;140;114m▀[0m[38;2;196;140;114m[48;2;196;140;114m▀[0m[38;2;196;140;114m[48;2;196;140;114m▀[0m[38;2;97;76;71m[48;2;97;76;71m▀[0m[38;2;196;128;94m[48;2;156;102;89m▀[0m[38;2;196;128;94m[48;2;196;128;94m▀[0m[38;2;61;49;44m[48;2;61;49;44m▀[0m[38;2;240;175;110m[48;2;240;175;110m▀[0m[38;2;240;175;110m[48;2;240;175;110m▀[0m[38;2;240;175;110m[48;2;240;175;110m▀[0m[38;2;240;175;110m[48;2;240;175;110m▀[0m[38;2;240;175;110m[48;2;240;175;110m▀[0m[38;2;240;175;110m[48;2;240;175;110m▀[0m[38;2;240;175;110m[48;2;240;175;110m▀[0m[38;2;240;175;110m[48;2;240;175;110m▀[0m[38;2;145;84;74m[48;2;145;84;74m▀[0m[38;2;196;128;94m[48;2;196;128;94m▀[0m[38;2;145;84;74m[48;2;145;84;74m▀[0m[38;2;196;128;94m[48;2;196;128;94m▀[0m[38;2;196;128;94m[48;2;196;128;94m▀[0m[38;2;196;128;94m[48;2;196;128;94m▀[0m[38;2;196;128;94m[48;2;196;128;94m▀[0m[38;2;20;19;29m[48;2;20;19;29m▀[0m            
                  [38;2;145;84;74m▄[38;2;145;84;74m▄[38;2;145;84;74m▄[38;2;145;84;74m▄[38;2;145;84;74m▄[38;2;145;84;74m[48;2;196;128;94m▀[0m[38;2;240;175;110m[48;2;240;175;110m▀[0m[38;2;240;175;110m[48;2;240;175;110m▀[0m[38;2;240;175;110m[48;2;240;175;110m▀[0m[38;2;240;175;110m[48;2;240;175;110m▀[0m[38;2;240;175;110m[48;2;240;175;110m▀[0m[38;2;240;175;110m[48;2;240;175;110m▀[0m[38;2;240;175;110m[48;2;240;175;110m▀[0m[38;2;240;175;110m[48;2;240;175;110m▀[0m[38;2;240;175;110m[48;2;240;175;110m▀[0m[38;2;145;84;74m[48;2;145;84;74m▀[0m[38;2;196;128;94m[48;2;196;128;94m▀[0m[38;2;145;84;74m[48;2;145;84;74m▀[0m[38;2;240;175;110m[48;2;240;175;110m▀[0m[38;2;240;175;110m[48;2;240;175;110m▀[0m[38;2;240;175;110m[48;2;240;175;110m▀[0m[38;2;196;140;114m[48;2;196;140;114m▀[0m[38;2;196;140;114m[48;2;196;140;114m▀[0m[38;2;196;140;114m[48;2;196;140;114m▀[0m[38;2;97;76;71m[48;2;97;76;71m▀[0m[38;2;156;102;89m[48;2;156;102;89m▀[0m[38;2;156;102;89m[48;2;156;102;89m▀[0m[38;2;61;49;44m[48;2;61;49;44m▀[0m[38;2;240;175;110m[48;2;240;175;110m▀[0m[38;2;240;175;110m[48;2;240;175;110m▀[0m[38;2;240;175;110m[48;2;240;175;110m▀[0m[38;2;240;175;110m[48;2;240;175;110m▀[0m[38;2;240;175;110m[48;2;240;175;110m▀[0m[38;2;240;175;110m[48;2;240;175;110m▀[0m[38;2;240;175;110m[48;2;240;175;110m▀[0m[38;2;240;175;110m[48;2;240;175;110m▀[0m[38;2;145;84;74m[48;2;145;84;74m▀[0m[38;2;196;128;94m[48;2;196;128;94m▀[0m[38;2;145;84;74m[48;2;145;84;74m▀[0m[38;2;196;128;94m[48;2;196;128;94m▀[0m[38;2;196;128;94m[48;2;196;128;94m▀[0m[38;2;196;128;94m[48;2;196;128;94m▀[0m[38;2;196;128;94m[48;2;196;128;94m▀[0m[38;2;20;19;29m[48;2;20;19;29m▀[0m            
                [38;2;145;84;74m▄[38;2;145;84;74m[48;2;240;175;110m▀[0m[38;2;240;175;110m[48;2;196;128;94m▀[0m[38;2;240;175;110m[48;2;196;128;94m▀[0m[38;2;240;175;110m[48;2;196;128;94m▀[0m[38;2;240;175;110m[48;2;196;128;94m▀[0m[38;2;240;175;110m[48;2;196;128;94m▀[0m[38;2;240;175;110m[48;2;196;128;94m▀[0m[38;2;196;128;94m[48;2;240;175;110m▀[0m[38;2;145;84;74m[48;2;240;175;110m▀[0m[38;2;145;84;74m[48;2;240;175;110m▀[0m[38;2;145;84;74m[48;2;240;175;110m▀[0m[38;2;145;84;74m[48;2;240;175;110m▀[0m[38;2;145;84;74m[48;2;240;175;110m▀[0m[38;2;145;84;74m[48;2;240;175;110m▀[0m[38;2;145;84;74m[48;2;240;175;110m▀[0m[38;2;145;84;74m[48;2;240;175;110m▀[0m[38;2;145;84;74m[48;2;145;84;74m▀[0m[38;2;196;128;94m[48;2;196;128;94m▀[0m[38;2;145;84;74m[48;2;145;84;74m▀[0m[38;2;240;175;110m[48;2;196;128;94m▀[0m[38;2;240;175;110m[48;2;196;128;94m▀[0m[38;2;240;175;110m[48;2;196;128;94m▀[0m[38;2;196;140;114m[48;2;196;140;114m▀[0m[38;2;196;140;114m[48;2;196;140;114m▀[0m[38;2;196;140;114m[48;2;196;140;114m▀[0m[38;2;97;76;71m[48;2;97;76;71m▀[0m[38;2;156;102;89m[48;2;61;49;44m▀[0m[38;2;156;102;89m[48;2;61;49;44m▀[0m[38;2;61;49;44m[48;2;240;175;110m▀[0m[38;2;145;84;74m[48;2;240;175;110m▀[0m[38;2;145;84;74m[48;2;240;175;110m▀[0m[38;2;145;84;74m[48;2;240;175;110m▀[0m[38;2;145;84;74m[48;2;240;175;110m▀[0m[38;2;196;128;94m[48;2;240;175;110m▀[0m[38;2;240;175;110m[48;2;196;128;94m▀[0m[38;2;240;175;110m[48;2;145;84;74m▀[0m[38;2;240;175;110m[48;2;145;84;74m▀[0m[38;2;145;84;74m[48;2;145;84;74m▀[0m[38;2;196;128;94m[48;2;145;84;74m▀[0m[38;2;145;84;74m[48;2;145;84;74m▀[0m[38;2;196;128;94m[48;2;145;84;74m▀[0m[38;2;196;128;94m[48;2;145;84;74m▀[0m[38;2;196;128;94m[48;2;145;84;74m▀[0m[38;2;196;128;94m[48;2;145;84;74m▀[0m[38;2;20;19;29m[48;2;240;175;110m▀[0m[38;2;20;19;29m[48;2;240;175;110m▀[0m[38;2;20;19;29m[48;2;240;175;110m▀[0m[38;2;20;19;29m[48;2;240;175;110m▀[0m[38;2;20;19;29m▄        
               [38;2;145;84;74m[48;2;145;84;74m▀[0m[38;2;240;175;110m[48;2;240;175;110m▀[0m[38;2;196;128;94m[48;2;240;175;110m▀[0m[38;2;240;175;110m[48;2;240;175;110m▀[0m[38;2;240;175;110m[48;2;240;175;110m▀[0m[38;2;240;175;110m[48;2;240;175;110m▀[0m[38;2;240;175;110m[48;2;240;175;110m▀[0m[38;2;240;175;110m[48;2;240;175;110m▀[0m[38;2;240;175;110m[48;2;240;175;110m▀[0m[38;2;196;128;94m[48;2;240;175;110m▀[0m[38;2;196;128;94m[48;2;240;175;110m▀[0m[38;2;196;128;94m[48;2;240;175;110m▀[0m[38;2;196;128;94m[48;2;240;175;110m▀[0m[38;2;196;128;94m[48;2;240;175;110m▀[0m[38;2;196;128;94m[48;2;240;175;110m▀[0m[38;2;196;128;94m[48;2;145;84;74m▀[0m[38;2;145;84;74m[48;2;196;128;94m▀[0m[38;2;145;84;74m[48;2;196;128;94m▀[0m[38;2;196;128;94m[48;2;196;128;94m▀[0m[38;2;97;76;71m[48;2;97;76;71m▀[0m[38;2;240;175;110m[48;2;156;102;89m▀[0m[38;2;240;175;110m[48;2;196;140;114m▀[0m[38;2;196;140;114m[48;2;196;140;114m▀[0m[38;2;196;140;114m[48;2;156;102;89m▀[0m[38;2;196;140;114m[48;2;156;102;89m▀[0m[38;2;196;140;114m[48;2;156;102;89m▀[0m[38;2;196;140;114m[48;2;156;102;89m▀[0m[38;2;61;49;44m[48;2;61;49;44m▀[0m[38;2;196;128;94m[48;2;240;175;110m▀[0m[38;2;196;128;94m[48;2;240;175;110m▀[0m[38;2;196;128;94m[48;2;240;175;110m▀[0m[38;2;196;128;94m[48;2;240;175;110m▀[0m[38;2;196;128;94m[48;2;240;175;110m▀[0m[38;2;196;128;94m[48;2;240;175;110m▀[0m[38;2;196;128;94m[48;2;240;175;110m▀[0m[38;2;196;128;94m[48;2;240;175;110m▀[0m[38;2;240;175;110m[48;2;240;175;110m▀[0m[38;2;240;175;110m[48;2;196;128;94m▀[0m[38;2;240;175;110m[48;2;196;128;94m▀[0m[38;2;240;175;110m[48;2;196;128;94m▀[0m[38;2;240;175;110m[48;2;196;128;94m▀[0m[38;2;240;175;110m[48;2;196;128;94m▀[0m[38;2;240;175;110m[48;2;145;84;74m▀[0m[38;2;240;175;110m[48;2;145;84;74m▀[0m[38;2;240;175;110m[48;2;196;128;94m▀[0m[38;2;240;175;110m[48;2;240;175;110m▀[0m[38;2;240;175;110m[48;2;145;84;74m▀[0m[38;2;145;84;74m[48;2;196;128;94m▀[0m[38;2;145;84;74m[48;2;196;128;94m▀[0m[38;2;196;128;94m[48;2;196;128;94m▀[0m[38;2;196;128;94m[48;2;196;128;94m▀[0m[38;2;20;19;29m[48;2;196;128;94m▀[0m[38;2;20;19;29m▄      
               [38;2;145;84;74m[48;2;145;84;74m▀[0m[38;2;240;175;110m[48;2;240;175;110m▀[0m[38;2;240;175;110m[48;2;240;175;110m▀[0m[38;2;240;175;110m[48;2;240;175;110m▀[0m[38;2;240;175;110m[48;2;240;175;110m▀[0m[38;2;240;175;110m[48;2;240;175;110m▀[0m[38;2;240;175;110m[48;2;240;175;110m▀[0m[38;2;240;175;110m[48;2;240;175;110m▀[0m[38;2;240;175;110m[48;2;240;175;110m▀[0m[38;2;240;175;110m[48;2;240;175;110m▀[0m[38;2;240;175;110m[48;2;240;175;110m▀[0m[38;2;240;175;110m[48;2;240;175;110m▀[0m[38;2;240;175;110m[48;2;240;175;110m▀[0m[38;2;240;175;110m[48;2;240;175;110m▀[0m[38;2;240;175;110m[48;2;240;175;110m▀[0m[38;2;145;84;74m[48;2;145;84;74m▀[0m[38;2;196;128;94m[48;2;196;128;94m▀[0m[38;2;145;84;74m[48;2;61;49;44m▀[0m[38;2;61;49;44m[48;2;196;140;114m▀[0m[38;2;196;140;114m[48;2;196;140;114m▀[0m[38;2;196;140;114m[48;2;196;140;114m▀[0m[38;2;196;140;114m[48;2;196;140;114m▀[0m[38;2;196;140;114m[48;2;196;140;114m▀[0m[38;2;196;140;114m[48;2;196;140;114m▀[0m[38;2;196;140;114m[48;2;196;140;114m▀[0m[38;2;196;140;114m[48;2;196;140;114m▀[0m[38;2;196;140;114m[48;2;196;140;114m▀[0m[38;2;61;49;44m[48;2;61;49;44m▀[0m[38;2;240;175;110m[48;2;240;175;110m▀[0m[38;2;240;175;110m[48;2;240;175;110m▀[0m[38;2;240;175;110m[48;2;240;175;110m▀[0m[38;2;240;175;110m[48;2;240;175;110m▀[0m[38;2;240;175;110m[48;2;240;175;110m▀[0m[38;2;240;175;110m[48;2;240;175;110m▀[0m[38;2;240;175;110m[48;2;240;175;110m▀[0m[38;2;240;175;110m[48;2;240;175;110m▀[0m[38;2;240;175;110m[48;2;240;175;110m▀[0m[38;2;240;175;110m[48;2;240;175;110m▀[0m[38;2;240;175;110m[48;2;240;175;110m▀[0m[38;2;240;175;110m[48;2;240;175;110m▀[0m[38;2;240;175;110m[48;2;240;175;110m▀[0m[38;2;240;175;110m[48;2;240;175;110m▀[0m[38;2;240;175;110m[48;2;240;175;110m▀[0m[38;2;240;175;110m[48;2;240;175;110m▀[0m[38;2;145;84;74m[48;2;145;84;74m▀[0m[38;2;196;128;94m[48;2;196;128;94m▀[0m[38;2;145;84;74m[48;2;145;84;74m▀[0m[38;2;196;128;94m[48;2;196;128;94m▀[0m[38;2;196;128;94m[48;2;196;128;94m▀[0m[38;2;196;128;94m[48;2;196;128;94m▀[0m[38;2;196;128;94m[48;2;196;128;94m▀[0m[38;2;196;128;94m[48;2;196;128;94m▀[0m[38;2;20;19;29m[48;2;20;19;29m▀[0m      
               [38;2;145;84;74m[48;2;145;84;74m▀[0m[38;2;240;175;110m[48;2;240;175;110m▀[0m[38;2;240;175;110m[48;2;240;175;110m▀[0m[38;2;240;175;110m[48;2;240;175;110m▀[0m[38;2;240;175;110m[48;2;240;175;110m▀[0m[38;2;240;175;110m[48;2;240;175;110m▀[0m[38;2;240;175;110m[48;2;240;175;110m▀[0m[38;2;240;175;110m[48;2;240;175;110m▀[0m[38;2;240;175;110m[48;2;240;175;110m▀[0m[38;2;240;175;110m[48;2;240;175;110m▀[0m[38;2;240;175;110m[48;2;240;175;110m▀[0m[38;2;240;175;110m[48;2;240;175;110m▀[0m[38;2;240;175;110m[48;2;240;175;110m▀[0m[38;2;240;175;110m[48;2;240;175;110m▀[0m[38;2;240;175;110m[48;2;240;175;110m▀[0m[38;2;145;84;74m[48;2;145;84;74m▀[0m[38;2;196;128;94m[48;2;196;128;94m▀[0m[38;2;61;49;44m[48;2;145;84;74m▀[0m[38;2;61;49;44m[48;2;61;49;44m▀[0m[38;2;61;49;44m[48;2;227;183;39m▀[0m[38;2;61;49;44m[48;2;227;183;39m▀[0m[38;2;61;49;44m[48;2;227;183;39m▀[0m[38;2;61;49;44m[48;2;196;128;94m▀[0m[38;2;61;49;44m[48;2;145;84;74m▀[0m[38;2;61;49;44m[48;2;227;183;39m▀[0m[38;2;61;49;44m[48;2;227;183;39m▀[0m[38;2;61;49;44m[48;2;227;183;39m▀[0m[38;2;61;49;44m[48;2;61;49;44m▀[0m[38;2;240;175;110m[48;2;240;175;110m▀[0m[38;2;240;175;110m[48;2;240;175;110m▀[0m[38;2;240;175;110m[48;2;240;175;110m▀[0m[38;2;240;175;110m[48;2;240;175;110m▀[0m[38;2;240;175;110m[48;2;240;175;110m▀[0m[38;2;240;175;110m[48;2;240;175;110m▀[0m[38;2;240;175;110m[48;2;240;175;110m▀[0m[38;2;240;175;110m[48;2;240;175;110m▀[0m[38;2;240;175;110m[48;2;240;175;110m▀[0m[38;2;240;175;110m[48;2;240;175;110m▀[0m[38;2;240;175;110m[48;2;240;175;110m▀[0m[38;2;240;175;110m[48;2;240;175;110m▀[0m[38;2;240;175;110m[48;2;240;175;110m▀[0m[38;2;240;175;110m[48;2;240;175;110m▀[0m[38;2;240;175;110m[48;2;240;175;110m▀[0m[38;2;240;175;110m[48;2;240;175;110m▀[0m[38;2;145;84;74m[48;2;145;84;74m▀[0m[38;2;196;128;94m[48;2;196;128;94m▀[0m[38;2;145;84;74m[48;2;145;84;74m▀[0m[38;2;196;128;94m[48;2;196;128;94m▀[0m[38;2;196;128;94m[48;2;196;128;94m▀[0m[38;2;196;128;94m[48;2;196;128;94m▀[0m[38;2;196;128;94m[48;2;196;128;94m▀[0m[38;2;196;128;94m[48;2;196;128;94m▀[0m[38;2;20;19;29m[48;2;20;19;29m▀[0m      
          [38;2;145;84;74m▄[38;2;145;84;74m▄[38;2;145;84;74m▄[38;2;145;84;74m▄[38;2;145;84;74m▄[38;2;145;84;74m[48;2;196;128;94m▀[0m[38;2;240;175;110m[48;2;145;84;74m▀[0m[38;2;240;175;110m[48;2;145;84;74m▀[0m[38;2;240;175;110m[48;2;145;84;74m▀[0m[38;2;240;175;110m[48;2;145;84;74m▀[0m[38;2;240;175;110m[48;2;196;128;94m▀[0m[38;2;240;175;110m[48;2;240;175;110m▀[0m[38;2;240;175;110m[48;2;240;175;110m▀[0m[38;2;240;175;110m[48;2;240;175;110m▀[0m[38;2;240;175;110m[48;2;240;175;110m▀[0m[38;2;240;175;110m[48;2;240;175;110m▀[0m[38;2;240;175;110m[48;2;240;175;110m▀[0m[38;2;240;175;110m[48;2;240;175;110m▀[0m[38;2;240;175;110m[48;2;240;175;110m▀[0m[38;2;240;175;110m[48;2;240;175;110m▀[0m[38;2;145;84;74m[48;2;145;84;74m▀[0m[38;2;196;128;94m[48;2;196;128;94m▀[0m[38;2;145;84;74m[48;2;145;84;74m▀[0m[38;2;61;49;44m[48;2;61;49;44m▀[0m[38;2;145;84;74m[48;2;196;128;94m▀[0m[38;2;255;235;25m[48;2;227;183;39m▀[0m[38;2;255;235;25m[48;2;255;235;25m▀[0m[38;2;196;128;94m[48;2;196;128;94m▀[0m[38;2;145;84;74m[48;2;145;84;74m▀[0m[38;2;255;235;25m[48;2;255;235;25m▀[0m[38;2;255;235;25m[48;2;227;183;39m▀[0m[38;2;145;84;74m[48;2;196;128;94m▀[0m[38;2;61;49;44m[48;2;61;49;44m▀[0m[38;2;240;175;110m[48;2;240;175;110m▀[0m[38;2;240;175;110m[48;2;240;175;110m▀[0m[38;2;240;175;110m[48;2;240;175;110m▀[0m[38;2;240;175;110m[48;2;240;175;110m▀[0m[38;2;240;175;110m[48;2;240;175;110m▀[0m[38;2;240;175;110m[48;2;240;175;110m▀[0m[38;2;240;175;110m[48;2;240;175;110m▀[0m[38;2;240;175;110m[48;2;240;175;110m▀[0m[38;2;240;175;110m[48;2;240;175;110m▀[0m[38;2;240;175;110m[48;2;240;175;110m▀[0m[38;2;240;175;110m[48;2;240;175;110m▀[0m[38;2;240;175;110m[48;2;240;175;110m▀[0m[38;2;240;175;110m[48;2;240;175;110m▀[0m[38;2;240;175;110m[48;2;240;175;110m▀[0m[38;2;240;175;110m[48;2;240;175;110m▀[0m[38;2;240;175;110m[48;2;240;175;110m▀[0m[38;2;145;84;74m[48;2;145;84;74m▀[0m[38;2;196;128;94m[48;2;196;128;94m▀[0m[38;2;145;84;74m[48;2;145;84;74m▀[0m[38;2;196;128;94m[48;2;196;128;94m▀[0m[38;2;196;128;94m[48;2;196;128;94m▀[0m[38;2;196;128;94m[48;2;196;128;94m▀[0m[38;2;196;128;94m[48;2;196;128;94m▀[0m[38;2;196;128;94m[48;2;196;128;94m▀[0m[38;2;20;19;29m[48;2;20;19;29m▀[0m[38;2;20;19;29m▄[38;2;20;19;29m▄[38;2;20;19;29m▄   
        [38;2;145;84;74m▄[38;2;145;84;74m[48;2;240;175;110m▀[0m[38;2;240;175;110m[48;2;196;128;94m▀[0m[38;2;240;175;110m[48;2;196;128;94m▀[0m[38;2;240;175;110m[48;2;196;128;94m▀[0m[38;2;240;175;110m[48;2;196;128;94m▀[0m[38;2;240;175;110m[48;2;196;128;94m▀[0m[38;2;240;175;110m[48;2;196;128;94m▀[0m[38;2;240;175;110m[48;2;196;128;94m▀[0m[38;2;240;175;110m[48;2;196;128;94m▀[0m[38;2;240;175;110m[48;2;196;128;94m▀[0m[38;2;240;175;110m[48;2;196;128;94m▀[0m[38;2;240;175;110m[48;2;196;128;94m▀[0m[38;2;196;128;94m[48;2;240;175;110m▀[0m[38;2;145;84;74m[48;2;240;175;110m▀[0m[38;2;145;84;74m[48;2;240;175;110m▀[0m[38;2;145;84;74m[48;2;240;175;110m▀[0m[38;2;145;84;74m[48;2;240;175;110m▀[0m[38;2;145;84;74m[48;2;240;175;110m▀[0m[38;2;145;84;74m[48;2;240;175;110m▀[0m[38;2;145;84;74m[48;2;240;175;110m▀[0m[38;2;145;84;74m[48;2;240;175;110m▀[0m[38;2;145;84;74m[48;2;145;84;74m▀[0m[38;2;196;128;94m[48;2;196;128;94m▀[0m[38;2;61;49;44m[48;2;61;49;44m▀[0m[38;2;156;102;89m[48;2;196;140;114m▀[0m[38;2;156;102;89m[48;2;240;175;110m▀[0m[38;2;156;102;89m[48;2;196;128;94m▀[0m[38;2;156;102;89m[48;2;196;140;114m▀[0m[38;2;156;102;89m[48;2;196;140;114m▀[0m[38;2;156;102;89m[48;2;196;140;114m▀[0m[38;2;156;102;89m[48;2;196;140;114m▀[0m[38;2;156;102;89m[48;2;61;49;44m▀[0m[38;2;156;102;89m[48;2;61;49;44m▀[0m[38;2;61;49;44m[48;2;240;175;110m▀[0m[38;2;145;84;74m[48;2;240;175;110m▀[0m[38;2;145;84;74m[48;2;240;175;110m▀[0m[38;2;145;84;74m[48;2;240;175;110m▀[0m[38;2;145;84;74m[48;2;240;175;110m▀[0m[38;2;145;84;74m[48;2;240;175;110m▀[0m[38;2;145;84;74m[48;2;240;175;110m▀[0m[38;2;145;84;74m[48;2;240;175;110m▀[0m[38;2;145;84;74m[48;2;240;175;110m▀[0m[38;2;196;128;94m[48;2;240;175;110m▀[0m[38;2;240;175;110m[48;2;196;128;94m▀[0m[38;2;240;175;110m[48;2;145;84;74m▀[0m[38;2;240;175;110m[48;2;145;84;74m▀[0m[38;2;240;175;110m[48;2;145;84;74m▀[0m[38;2;240;175;110m[48;2;145;84;74m▀[0m[38;2;240;175;110m[48;2;145;84;74m▀[0m[38;2;240;175;110m[48;2;145;84;74m▀[0m[38;2;145;84;74m[48;2;145;84;74m▀[0m[38;2;196;128;94m[48;2;145;84;74m▀[0m[38;2;145;84;74m[48;2;145;84;74m▀[0m[38;2;196;128;94m[48;2;145;84;74m▀[0m[38;2;196;128;94m[48;2;145;84;74m▀[0m[38;2;145;84;74m[48;2;196;128;94m▀[0m[38;2;145;84;74m[48;2;240;175;110m▀[0m[38;2;145;84;74m[48;2;240;175;110m▀[0m[38;2;240;175;110m[48;2;240;175;110m▀[0m[38;2;240;175;110m[48;2;240;175;110m▀[0m[38;2;240;175;110m[48;2;196;128;94m▀[0m[38;2;240;175;110m[48;2;145;84;74m▀[0m[38;2;20;19;29m[48;2;145;84;74m▀[0m[38;2;20;19;29m▄ 
       [38;2;145;84;74m[48;2;145;84;74m▀[0m[38;2;240;175;110m[48;2;240;175;110m▀[0m[38;2;196;128;94m[48;2;240;175;110m▀[0m[38;2;240;175;110m[48;2;240;175;110m▀[0m[38;2;240;175;110m[48;2;240;175;110m▀[0m[38;2;240;175;110m[48;2;240;175;110m▀[0m[38;2;240;175;110m[48;2;240;175;110m▀[0m[38;2;240;175;110m[48;2;240;175;110m▀[0m[38;2;240;175;110m[48;2;240;175;110m▀[0m[38;2;240;175;110m[48;2;240;175;110m▀[0m[38;2;240;175;110m[48;2;240;175;110m▀[0m[38;2;240;175;110m[48;2;240;175;110m▀[0m[38;2;240;175;110m[48;2;240;175;110m▀[0m[38;2;240;175;110m[48;2;240;175;110m▀[0m[38;2;196;128;94m[48;2;240;175;110m▀[0m[38;2;196;128;94m[48;2;240;175;110m▀[0m[38;2;196;128;94m[48;2;240;175;110m▀[0m[38;2;196;128;94m[48;2;240;175;110m▀[0m[38;2;196;128;94m[48;2;240;175;110m▀[0m[38;2;196;128;94m[48;2;240;175;110m▀[0m[38;2;196;128;94m[48;2;145;84;74m▀[0m[38;2;145;84;74m[48;2;196;128;94m▀[0m[38;2;145;84;74m[48;2;196;128;94m▀[0m[38;2;196;128;94m[48;2;61;49;44m▀[0m[38;2;61;49;44m[48;2;196;140;114m▀[0m[38;2;196;140;114m[48;2;196;140;114m▀[0m[38;2;240;175;110m[48;2;196;128;94m▀[0m[38;2;240;175;110m[48;2;240;175;110m▀[0m[38;2;240;175;110m[48;2;196;140;114m▀[0m[38;2;196;140;114m[48;2;196;140;114m▀[0m[38;2;196;140;114m[48;2;196;140;114m▀[0m[38;2;196;140;114m[48;2;196;140;114m▀[0m[38;2;61;49;44m[48;2;61;49;44m▀[0m[38;2;196;128;94m[48;2;240;175;110m▀[0m[38;2;196;128;94m[48;2;240;175;110m▀[0m[38;2;196;128;94m[48;2;240;175;110m▀[0m[38;2;196;128;94m[48;2;240;175;110m▀[0m[38;2;196;128;94m[48;2;240;175;110m▀[0m[38;2;196;128;94m[48;2;240;175;110m▀[0m[38;2;196;128;94m[48;2;240;175;110m▀[0m[38;2;196;128;94m[48;2;240;175;110m▀[0m[38;2;196;128;94m[48;2;240;175;110m▀[0m[38;2;196;128;94m[48;2;240;175;110m▀[0m[38;2;196;128;94m[48;2;240;175;110m▀[0m[38;2;196;128;94m[48;2;240;175;110m▀[0m[38;2;240;175;110m[48;2;240;175;110m▀[0m[38;2;240;175;110m[48;2;196;128;94m▀[0m[38;2;240;175;110m[48;2;196;128;94m▀[0m[38;2;240;175;110m[48;2;196;128;94m▀[0m[38;2;240;175;110m[48;2;196;128;94m▀[0m[38;2;240;175;110m[48;2;196;128;94m▀[0m[38;2;240;175;110m[48;2;196;128;94m▀[0m[38;2;240;175;110m[48;2;196;128;94m▀[0m[38;2;240;175;110m[48;2;196;128;94m▀[0m[38;2;240;175;110m[48;2;196;128;94m▀[0m[38;2;240;175;110m[48;2;145;84;74m▀[0m[38;2;240;175;110m[48;2;145;84;74m▀[0m[38;2;240;175;110m[48;2;196;128;94m▀[0m[38;2;240;175;110m[48;2;240;175;110m▀[0m[38;2;240;175;110m[48;2;145;84;74m▀[0m[38;2;145;84;74m[48;2;196;128;94m▀[0m[38;2;145;84;74m[48;2;196;128;94m▀[0m[38;2;196;128;94m[48;2;196;128;94m▀[0m[38;2;196;128;94m[48;2;196;128;94m▀[0m[38;2;196;128;94m[48;2;196;128;94m▀[0m[38;2;196;128;94m[48;2;196;128;94m▀[0m[38;2;20;19;29m[48;2;20;19;29m▀[0m
       [38;2;145;84;74m[48;2;145;84;74m▀[0m[38;2;240;175;110m[48;2;240;175;110m▀[0m[38;2;240;175;110m[48;2;240;175;110m▀[0m[38;2;240;175;110m[48;2;240;175;110m▀[0m[38;2;240;175;110m[48;2;240;175;110m▀[0m[38;2;240;175;110m[48;2;240;175;110m▀[0m[38;2;240;175;110m[48;2;240;175;110m▀[0m[38;2;240;175;110m[48;2;240;175;110m▀[0m[38;2;240;175;110m[48;2;240;175;110m▀[0m[38;2;240;175;110m[48;2;240;175;110m▀[0m[38;2;240;175;110m[48;2;240;175;110m▀[0m[38;2;240;175;110m[48;2;240;175;110m▀[0m[38;2;240;175;110m[48;2;240;175;110m▀[0m[38;2;240;175;110m[48;2;240;175;110m▀[0m[38;2;240;175;110m[48;2;240;175;110m▀[0m[38;2;240;175;110m[48;2;240;175;110m▀[0m[38;2;240;175;110m[48;2;240;175;110m▀[0m[38;2;240;175;110m[48;2;240;175;110m▀[0m[38;2;240;175;110m[48;2;240;175;110m▀[0m[38;2;240;175;110m[48;2;240;175;110m▀[0m[38;2;145;84;74m[48;2;145;84;74m▀[0m[38;2;196;128;94m[48;2;196;128;94m▀[0m[38;2;145;84;74m[48;2;145;84;74m▀[0m[38;2;61;49;44m[48;2;196;128;94m▀[0m[38;2;97;76;71m[48;2;20;19;29m▀[0m[38;2;97;76;71m[48;2;156;102;89m▀[0m[38;2;97;76;71m[48;2;156;102;89m▀[0m[38;2;156;102;89m[48;2;156;102;89m▀[0m[38;2;156;102;89m[48;2;97;76;71m▀[0m[38;2;156;102;89m[48;2;97;76;71m▀[0m[38;2;97;76;71m[48;2;156;102;89m▀[0m[38;2;97;76;71m[48;2;156;102;89m▀[0m[38;2;61;49;44m[48;2;61;49;44m▀[0m[38;2;240;175;110m[48;2;240;175;110m▀[0m[38;2;240;175;110m[48;2;240;175;110m▀[0m[38;2;240;175;110m[48;2;240;175;110m▀[0m[38;2;240;175;110m[48;2;240;175;110m▀[0m[38;2;240;175;110m[48;2;240;175;110m▀[0m[38;2;240;175;110m[48;2;240;175;110m▀[0m[38;2;240;175;110m[48;2;240;175;110m▀[0m[38;2;240;175;110m[48;2;240;175;110m▀[0m[38;2;240;175;110m[48;2;240;175;110m▀[0m[38;2;240;175;110m[48;2;240;175;110m▀[0m[38;2;240;175;110m[48;2;240;175;110m▀[0m[38;2;240;175;110m[48;2;240;175;110m▀[0m[38;2;240;175;110m[48;2;240;175;110m▀[0m[38;2;240;175;110m[48;2;240;175;110m▀[0m[38;2;240;175;110m[48;2;240;175;110m▀[0m[38;2;240;175;110m[48;2;240;175;110m▀[0m[38;2;240;175;110m[48;2;240;175;110m▀[0m[38;2;240;175;110m[48;2;240;175;110m▀[0m[38;2;240;175;110m[48;2;240;175;110m▀[0m[38;2;240;175;110m[48;2;240;175;110m▀[0m[38;2;240;175;110m[48;2;240;175;110m▀[0m[38;2;240;175;110m[48;2;240;175;110m▀[0m[38;2;240;175;110m[48;2;240;175;110m▀[0m[38;2;240;175;110m[48;2;240;175;110m▀[0m[38;2;145;84;74m[48;2;145;84;74m▀[0m[38;2;196;128;94m[48;2;196;128;94m▀[0m[38;2;145;84;74m[48;2;145;84;74m▀[0m[38;2;196;128;94m[48;2;196;128;94m▀[0m[38;2;196;128;94m[48;2;196;128;94m▀[0m[38;2;196;128;94m[48;2;196;128;94m▀[0m[38;2;196;128;94m[48;2;196;128;94m▀[0m[38;2;196;128;94m[48;2;196;128;94m▀[0m[38;2;196;128;94m[48;2;196;128;94m▀[0m[38;2;20;19;29m[48;2;20;19;29m▀[0m
       [38;2;145;84;74m[48;2;145;84;74m▀[0m[38;2;240;175;110m[48;2;240;175;110m▀[0m[38;2;240;175;110m[48;2;240;175;110m▀[0m[38;2;240;175;110m[48;2;240;175;110m▀[0m[38;2;240;175;110m[48;2;240;175;110m▀[0m[38;2;240;175;110m[48;2;240;175;110m▀[0m[38;2;240;175;110m[48;2;240;175;110m▀[0m[38;2;240;175;110m[48;2;240;175;110m▀[0m[38;2;240;175;110m[48;2;240;175;110m▀[0m[38;2;240;175;110m[48;2;240;175;110m▀[0m[38;2;240;175;110m[48;2;240;175;110m▀[0m[38;2;240;175;110m[48;2;240;175;110m▀[0m[38;2;240;175;110m[48;2;240;175;110m▀[0m[38;2;240;175;110m[48;2;240;175;110m▀[0m[38;2;240;175;110m[48;2;240;175;110m▀[0m[38;2;240;175;110m[48;2;240;175;110m▀[0m[38;2;240;175;110m[48;2;240;175;110m▀[0m[38;2;240;175;110m[48;2;240;175;110m▀[0m[38;2;240;175;110m[48;2;240;175;110m▀[0m[38;2;240;175;110m[48;2;240;175;110m▀[0m[38;2;145;84;74m[48;2;145;84;74m▀[0m[38;2;196;128;94m[48;2;196;128;94m▀[0m[38;2;145;84;74m[48;2;145;84;74m▀[0m[38;2;196;128;94m[48;2;196;128;94m▀[0m[38;2;196;128;94m[48;2;196;128;94m▀[0m[38;2;20;19;29m[48;2;196;128;94m▀[0m[38;2;156;102;89m[48;2;20;19;29m▀[0m[38;2;156;102;89m[48;2;156;102;89m▀[0m[38;2;156;102;89m[48;2;156;102;89m▀[0m[38;2;156;102;89m[48;2;156;102;89m▀[0m[38;2;156;102;89m[48;2;156;102;89m▀[0m[38;2;156;102;89m[48;2;156;102;89m▀[0m[38;2;61;49;44m[48;2;61;49;44m▀[0m[38;2;240;175;110m[48;2;240;175;110m▀[0m[38;2;240;175;110m[48;2;240;175;110m▀[0m[38;2;240;175;110m[48;2;240;175;110m▀[0m[38;2;240;175;110m[48;2;240;175;110m▀[0m[38;2;240;175;110m[48;2;240;175;110m▀[0m[38;2;240;175;110m[48;2;240;175;110m▀[0m[38;2;240;175;110m[48;2;240;175;110m▀[0m[38;2;240;175;110m[48;2;240;175;110m▀[0m[38;2;240;175;110m[48;2;240;175;110m▀[0m[38;2;240;175;110m[48;2;240;175;110m▀[0m[38;2;240;175;110m[48;2;240;175;110m▀[0m[38;2;240;175;110m[48;2;240;175;110m▀[0m[38;2;240;175;110m[48;2;240;175;110m▀[0m[38;2;240;175;110m[48;2;240;175;110m▀[0m[38;2;240;175;110m[48;2;240;175;110m▀[0m[38;2;240;175;110m[48;2;240;175;110m▀[0m[38;2;240;175;110m[48;2;240;175;110m▀[0m[38;2;240;175;110m[48;2;240;175;110m▀[0m[38;2;240;175;110m[48;2;240;175;110m▀[0m[38;2;240;175;110m[48;2;240;175;110m▀[0m[38;2;240;175;110m[48;2;240;175;110m▀[0m[38;2;240;175;110m[48;2;240;175;110m▀[0m[38;2;240;175;110m[48;2;240;175;110m▀[0m[38;2;240;175;110m[48;2;240;175;110m▀[0m[38;2;145;84;74m[48;2;145;84;74m▀[0m[38;2;196;128;94m[48;2;196;128;94m▀[0m[38;2;145;84;74m[48;2;145;84;74m▀[0m[38;2;196;128;94m[48;2;196;128;94m▀[0m[38;2;196;128;94m[48;2;196;128;94m▀[0m[38;2;196;128;94m[48;2;196;128;94m▀[0m[38;2;196;128;94m[48;2;196;128;94m▀[0m[38;2;196;128;94m[48;2;196;128;94m▀[0m[38;2;196;128;94m[48;2;196;128;94m▀[0m[38;2;20;19;29m[48;2;20;19;29m▀[0m
       [38;2;145;84;74m[48;2;145;84;74m▀[0m[38;2;240;175;110m[48;2;240;175;110m▀[0m[38;2;240;175;110m[48;2;240;175;110m▀[0m[38;2;240;175;110m[48;2;240;175;110m▀[0m[38;2;240;175;110m[48;2;240;175;110m▀[0m[38;2;240;175;110m[48;2;240;175;110m▀[0m[38;2;240;175;110m[48;2;240;175;110m▀[0m[38;2;240;175;110m[48;2;240;175;110m▀[0m[38;2;240;175;110m[48;2;240;175;110m▀[0m[38;2;240;175;110m[48;2;240;175;110m▀[0m[38;2;240;175;110m[48;2;240;175;110m▀[0m[38;2;240;175;110m[48;2;240;175;110m▀[0m[38;2;240;175;110m[48;2;240;175;110m▀[0m[38;2;240;175;110m[48;2;240;175;110m▀[0m[38;2;240;175;110m[48;2;240;175;110m▀[0m[38;2;240;175;110m[48;2;240;175;110m▀[0m[38;2;240;175;110m[48;2;240;175;110m▀[0m[38;2;240;175;110m[48;2;240;175;110m▀[0m[38;2;240;175;110m[48;2;240;175;110m▀[0m[38;2;240;175;110m[48;2;240;175;110m▀[0m[38;2;145;84;74m[48;2;145;84;74m▀[0m[38;2;196;128;94m[48;2;196;128;94m▀[0m[38;2;145;84;74m[48;2;145;84;74m▀[0m[38;2;196;128;94m[48;2;196;128;94m▀[0m[38;2;196;128;94m[48;2;145;84;74m▀[0m[38;2;196;128;94m[48;2;145;84;74m▀[0m[38;2;196;128;94m[48;2;20;19;29m▀[0m[38;2;20;19;29m[48;2;61;49;44m▀[0m[38;2;20;19;29m[48;2;61;49;44m▀[0m[38;2;20;19;29m[48;2;61;49;44m▀[0m[38;2;20;19;29m[48;2;61;49;44m▀[0m[38;2;20;19;29m[48;2;61;49;44m▀[0m[38;2;61;49;44m[48;2;61;49;44m▀[0m[38;2;240;175;110m[48;2;240;175;110m▀[0m[38;2;240;175;110m[48;2;240;175;110m▀[0m[38;2;240;175;110m[48;2;240;175;110m▀[0m[38;2;240;175;110m[48;2;240;175;110m▀[0m[38;2;240;175;110m[48;2;240;175;110m▀[0m[38;2;240;175;110m[48;2;240;175;110m▀[0m[38;2;240;175;110m[48;2;240;175;110m▀[0m[38;2;240;175;110m[48;2;240;175;110m▀[0m[38;2;240;175;110m[48;2;240;175;110m▀[0m[38;2;240;175;110m[48;2;240;175;110m▀[0m[38;2;240;175;110m[48;2;240;175;110m▀[0m[38;2;240;175;110m[48;2;240;175;110m▀[0m[38;2;240;175;110m[48;2;240;175;110m▀[0m[38;2;240;175;110m[48;2;240;175;110m▀[0m[38;2;240;175;110m[48;2;240;175;110m▀[0m[38;2;240;175;110m[48;2;240;175;110m▀[0m[38;2;240;175;110m[48;2;240;175;110m▀[0m[38;2;240;175;110m[48;2;240;175;110m▀[0m[38;2;240;175;110m[48;2;240;175;110m▀[0m[38;2;240;175;110m[48;2;240;175;110m▀[0m[38;2;240;175;110m[48;2;240;175;110m▀[0m[38;2;240;175;110m[48;2;240;175;110m▀[0m[38;2;240;175;110m[48;2;240;175;110m▀[0m[38;2;240;175;110m[48;2;240;175;110m▀[0m[38;2;145;84;74m[48;2;145;84;74m▀[0m[38;2;196;128;94m[48;2;196;128;94m▀[0m[38;2;145;84;74m[48;2;145;84;74m▀[0m[38;2;196;128;94m[48;2;196;128;94m▀[0m[38;2;196;128;94m[48;2;196;128;94m▀[0m[38;2;196;128;94m[48;2;196;128;94m▀[0m[38;2;196;128;94m[48;2;196;128;94m▀[0m[38;2;196;128;94m[48;2;196;128;94m▀[0m[38;2;196;128;94m[48;2;196;128;94m▀[0m[38;2;20;19;29m[48;2;20;19;29m▀[0m
       [38;2;145;84;74m▀[38;2;240;175;110m[48;2;20;19;29m▀[0m[38;2;240;175;110m[48;2;240;175;110m▀[0m[38;2;240;175;110m[48;2;240;175;110m▀[0m[38;2;240;175;110m[48;2;240;175;110m▀[0m[38;2;240;175;110m[48;2;240;175;110m▀[0m[38;2;240;175;110m[48;2;240;175;110m▀[0m[38;2;240;175;110m[48;2;240;175;110m▀[0m[38;2;240;175;110m[48;2;240;175;110m▀[0m[38;2;240;175;110m[48;2;240;175;110m▀[0m[38;2;240;175;110m[48;2;240;175;110m▀[0m[38;2;240;175;110m[48;2;240;175;110m▀[0m[38;2;240;175;110m[48;2;240;175;110m▀[0m[38;2;240;175;110m[48;2;240;175;110m▀[0m[38;2;240;175;110m[48;2;240;175;110m▀[0m[38;2;240;175;110m[48;2;240;175;110m▀[0m[38;2;240;175;110m[48;2;240;175;110m▀[0m[38;2;240;175;110m[48;2;240;175;110m▀[0m[38;2;240;175;110m[48;2;240;175;110m▀[0m[38;2;240;175;110m[48;2;240;175;110m▀[0m[38;2;145;84;74m[48;2;145;84;74m▀[0m[38;2;196;128;94m[48;2;196;128;94m▀[0m[38;2;145;84;74m[48;2;196;128;94m▀[0m[38;2;196;128;94m[48;2;20;19;29m▀[0m[38;2;196;128;94m[48;2;20;19;29m▀[0m[38;2;196;128;94m[48;2;20;19;29m▀[0m[38;2;20;19;29m[48;2;61;49;44m▀[0m[38;2;148;121;107m[48;2;61;49;44m▀[0m[38;2;148;121;107m[48;2;61;49;44m▀[0m[38;2;148;121;107m[48;2;148;121;107m▀[0m[38;2;148;121;107m[48;2;196;128;94m▀[0m[38;2;196;128;94m[48;2;196;128;94m▀[0m[38;2;61;49;44m[48;2;61;49;44m▀[0m[38;2;240;175;110m[48;2;240;175;110m▀[0m[38;2;240;175;110m[48;2;240;175;110m▀[0m[38;2;240;175;110m[48;2;240;175;110m▀[0m[38;2;240;175;110m[48;2;240;175;110m▀[0m[38;2;240;175;110m[48;2;240;175;110m▀[0m[38;2;240;175;110m[48;2;240;175;110m▀[0m[38;2;240;175;110m[48;2;240;175;110m▀[0m[38;2;240;175;110m[48;2;240;175;110m▀[0m[38;2;240;175;110m[48;2;240;175;110m▀[0m[38;2;240;175;110m[48;2;240;175;110m▀[0m[38;2;240;175;110m[48;2;240;175;110m▀[0m[38;2;240;175;110m[48;2;240;175;110m▀[0m[38;2;240;175;110m[48;2;240;175;110m▀[0m[38;2;240;175;110m[48;2;240;175;110m▀[0m[38;2;240;175;110m[48;2;240;175;110m▀[0m[38;2;240;175;110m[48;2;240;175;110m▀[0m[38;2;240;175;110m[48;2;240;175;110m▀[0m[38;2;240;175;110m[48;2;240;175;110m▀[0m[38;2;240;175;110m[48;2;240;175;110m▀[0m[38;2;240;175;110m[48;2;240;175;110m▀[0m[38;2;240;175;110m[48;2;240;175;110m▀[0m[38;2;240;175;110m[48;2;240;175;110m▀[0m[38;2;240;175;110m[48;2;240;175;110m▀[0m[38;2;240;175;110m[48;2;240;175;110m▀[0m[38;2;145;84;74m[48;2;145;84;74m▀[0m[38;2;196;128;94m[48;2;196;128;94m▀[0m[38;2;145;84;74m[48;2;145;84;74m▀[0m[38;2;196;128;94m[48;2;196;128;94m▀[0m[38;2;196;128;94m[48;2;196;128;94m▀[0m[38;2;196;128;94m[48;2;196;128;94m▀[0m[38;2;196;128;94m[48;2;196;128;94m▀[0m[38;2;196;128;94m[48;2;196;128;94m▀[0m[38;2;196;128;94m[48;2;196;128;94m▀[0m[38;2;20;19;29m[48;2;20;19;29m▀[0m
         [38;2;20;19;29m▀[38;2;20;19;29m▀[38;2;20;19;29m▀[38;2;20;19;29m▀[38;2;20;19;29m▀[38;2;20;19;29m▀[38;2;20;19;29m▀[38;2;20;19;29m▀[38;2;240;175;110m[48;2;20;19;29m▀[0m[38;2;240;175;110m[48;2;20;19;29m▀[0m[38;2;240;175;110m[48;2;20;19;29m▀[0m[38;2;240;175;110m[48;2;20;19;29m▀[0m[38;2;240;175;110m[48;2;20;19;29m▀[0m[38;2;240;175;110m[48;2;20;19;29m▀[0m[38;2;240;175;110m[48;2;20;19;29m▀[0m[38;2;240;175;110m[48;2;20;19;29m▀[0m[38;2;240;175;110m[48;2;20;19;29m▀[0m[38;2;240;175;110m[48;2;20;19;29m▀[0m[38;2;20;19;29m[48;2;97;76;71m▀[0m[38;2;20;19;29m[48;2;20;19;29m▀[0m[38;2;20;19;29m▀ [38;2;20;19;29m▄[38;2;20;19;29m[48;2;20;19;29m▀[0m[38;2;97;76;71m[48;2;97;76;71m▀[0m[38;2;97;76;71m[48;2;97;76;71m▀[0m[38;2;97;76;71m[48;2;97;76;71m▀[0m[38;2;61;49;44m[48;2;61;49;44m▀[0m[38;2;148;121;107m[48;2;61;49;44m▀[0m[38;2;196;128;94m[48;2;61;49;44m▀[0m[38;2;61;49;44m[48;2;61;49;44m▀[0m[38;2;240;175;110m[48;2;20;19;29m▀[0m[38;2;240;175;110m[48;2;20;19;29m▀[0m[38;2;240;175;110m[48;2;20;19;29m▀[0m[38;2;240;175;110m[48;2;20;19;29m▀[0m[38;2;240;175;110m[48;2;20;19;29m▀[0m[38;2;240;175;110m[48;2;20;19;29m▀[0m[38;2;240;175;110m[48;2;20;19;29m▀[0m[38;2;240;175;110m[48;2;20;19;29m▀[0m[38;2;240;175;110m[48;2;240;175;110m▀[0m[38;2;240;175;110m[48;2;240;175;110m▀[0m[38;2;240;175;110m[48;2;240;175;110m▀[0m[38;2;240;175;110m[48;2;240;175;110m▀[0m[38;2;240;175;110m[48;2;240;175;110m▀[0m[38;2;240;175;110m[48;2;240;175;110m▀[0m[38;2;240;175;110m[48;2;240;175;110m▀[0m[38;2;240;175;110m[48;2;240;175;110m▀[0m[38;2;240;175;110m[48;2;240;175;110m▀[0m[38;2;240;175;110m[48;2;240;175;110m▀[0m[38;2;240;175;110m[48;2;240;175;110m▀[0m[38;2;240;175;110m[48;2;240;175;110m▀[0m[38;2;240;175;110m[48;2;240;175;110m▀[0m[38;2;240;175;110m[48;2;240;175;110m▀[0m[38;2;240;175;110m[48;2;240;175;110m▀[0m[38;2;240;175;110m[48;2;240;175;110m▀[0m[38;2;145;84;74m[48;2;145;84;74m▀[0m[38;2;196;128;94m[48;2;196;128;94m▀[0m[38;2;145;84;74m[48;2;145;84;74m▀[0m[38;2;196;128;94m[48;2;196;128;94m▀[0m[38;2;196;128;94m[48;2;196;128;94m▀[0m[38;2;196;128;94m[48;2;20;19;29m▀[0m[38;2;196;128;94m[48;2;20;19;29m▀[0m[38;2;196;128;94m[48;2;20;19;29m▀[0m[38;2;20;19;29m▀ 
                  [38;2;20;19;29m[48;2;20;19;29m▀[0m[38;2;97;76;71m[48;2;61;49;44m▀[0m[38;2;97;76;71m[48;2;61;49;44m▀[0m[38;2;61;49;44m[48;2;61;49;44m▀[0m[38;2;61;49;44m[48;2;61;49;44m▀[0m[38;2;61;49;44m[48;2;61;49;44m▀[0m[38;2;20;19;29m[48;2;20;19;29m▀[0m[38;2;61;49;44m[48;2;61;49;44m▀[0m[38;2;97;76;71m[48;2;61;49;44m▀[0m[38;2;97;76;71m[48;2;20;19;29m▀[0m[38;2;20;19;29m[48;2;20;19;29m▀[0m[38;2;20;19;29m▄[38;2;20;19;29m[48;2;20;19;29m▀[0m[38;2;240;175;110m[48;2;240;175;110m▀[0m[38;2;240;175;110m[48;2;240;175;110m▀[0m[38;2;145;84;74m[48;2;240;175;110m▀[0m[38;2;145;84;74m[48;2;240;175;110m▀[0m[38;2;145;84;74m[48;2;240;175;110m▀[0m[38;2;145;84;74m[48;2;240;175;110m▀[0m[38;2;145;84;74m[48;2;240;175;110m▀[0m[38;2;145;84;74m[48;2;240;175;110m▀[0m[38;2;240;175;110m[48;2;240;175;110m▀[0m[38;2;240;175;110m[48;2;145;84;74m▀[0m[38;2;196;128;94m[48;2;145;84;74m▀[0m[38;2;196;128;94m[48;2;145;84;74m▀[0m[38;2;196;128;94m[48;2;145;84;74m▀[0m[38;2;196;128;94m[48;2;145;84;74m▀[0m[38;2;20;19;29m[48;2;145;84;74m▀[0m[38;2;20;19;29m▄ [38;2;20;19;29m▀[38;2;20;19;29m▀[38;2;20;19;29m▀[38;2;20;19;29m▀[38;2;20;19;29m▀[38;2;20;19;29m[48;2;20;19;29m▀[0m[38;2;20;19;29m[48;2;97;76;71m▀[0m[38;2;20;19;29m[48;2;97;76;71m▀[0m[38;2;20;19;29m[48;2;97;76;71m▀[0m[38;2;240;175;110m[48;2;20;19;29m▀[0m[38;2;240;175;110m[48;2;20;19;29m▀[0m[38;2;240;175;110m[48;2;20;19;29m▀[0m[38;2;240;175;110m[48;2;20;19;29m▀[0m[38;2;240;175;110m[48;2;20;19;29m▀[0m[38;2;240;175;110m[48;2;20;19;29m▀[0m[38;2;240;175;110m[48;2;20;19;29m▀[0m[38;2;145;84;74m[48;2;20;19;29m▀[0m[38;2;196;128;94m[48;2;20;19;29m▀[0m[38;2;20;19;29m▀[38;2;20;19;29m▀[38;2;20;19;29m▀     
                 [38;2;20;19;29m[48;2;20;19;29m▀[0m[38;2;61;49;44m[48;2;97;76;71m▀[0m[38;2;196;128;94m[48;2;196;128;94m▀[0m[38;2;196;128;94m[48;2;196;128;94m▀[0m[38;2;97;76;71m[48;2;97;76;71m▀[0m[38;2;97;76;71m[48;2;97;76;71m▀[0m[38;2;97;76;71m[48;2;97;76;71m▀[0m[38;2;20;19;29m[48;2;97;76;71m▀[0m[38;2;61;49;44m[48;2;97;76;71m▀[0m[38;2;20;19;29m[48;2;20;19;29m▀[0m[38;2;97;76;71m[48;2;97;76;71m▀[0m[38;2;97;76;71m[48;2;97;76;71m▀[0m[38;2;20;19;29m[48;2;20;19;29m▀[0m[38;2;240;175;110m[48;2;240;175;110m▀[0m[38;2;240;175;110m[48;2;240;175;110m▀[0m[38;2;240;175;110m[48;2;240;175;110m▀[0m[38;2;240;175;110m[48;2;240;175;110m▀[0m[38;2;240;175;110m[48;2;240;175;110m▀[0m[38;2;240;175;110m[48;2;240;175;110m▀[0m[38;2;240;175;110m[48;2;240;175;110m▀[0m[38;2;240;175;110m[48;2;240;175;110m▀[0m[38;2;240;175;110m[48;2;240;175;110m▀[0m[38;2;196;128;94m[48;2;145;84;74m▀[0m[38;2;196;128;94m[48;2;196;128;94m▀[0m[38;2;196;128;94m[48;2;20;19;29m▀[0m[38;2;196;128;94m[48;2;20;19;29m▀[0m[38;2;196;128;94m[48;2;20;19;29m▀[0m[38;2;20;19;29m[48;2;61;49;44m▀[0m[38;2;20;19;29m[48;2;61;49;44m▀[0m[38;2;20;19;29m[48;2;61;49;44m▀[0m[38;2;20;19;29m[48;2;61;49;44m▀[0m[38;2;20;19;29m[48;2;61;49;44m▀[0m[38;2;20;19;29m▄[38;2;20;19;29m▄   [38;2;20;19;29m[48;2;20;19;29m▀[0m[38;2;97;76;71m[48;2;61;49;44m▀[0m[38;2;97;76;71m[48;2;61;49;44m▀[0m[38;2;97;76;71m[48;2;240;175;110m▀[0m[38;2;97;76;71m[48;2;61;49;44m▀[0m[38;2;97;76;71m[48;2;61;49;44m▀[0m[38;2;97;76;71m[48;2;61;49;44m▀[0m[38;2;97;76;71m[48;2;20;19;29m▀[0m[38;2;20;19;29m[48;2;61;49;44m▀[0m[38;2;61;49;44m[48;2;61;49;44m▀[0m[38;2;61;49;44m[48;2;61;49;44m▀[0m[38;2;20;19;29m[48;2;20;19;29m▀[0m        
                 [38;2;20;19;29m[48;2;20;19;29m▀[0m[38;2;97;76;71m[48;2;61;49;44m▀[0m[38;2;97;76;71m[48;2;61;49;44m▀[0m[38;2;61;49;44m[48;2;156;102;89m▀[0m[38;2;61;49;44m[48;2;156;102;89m▀[0m[38;2;61;49;44m[48;2;97;76;71m▀[0m[38;2;61;49;44m[48;2;97;76;71m▀[0m[38;2;97;76;71m[48;2;61;49;44m▀[0m[38;2;97;76;71m[48;2;97;76;71m▀[0m[38;2;20;19;29m[48;2;20;19;29m▀[0m[38;2;97;76;71m[48;2;97;76;71m▀[0m[38;2;97;76;71m[48;2;97;76;71m▀[0m[38;2;97;76;71m[48;2;97;76;71m▀[0m[38;2;20;19;29m[48;2;97;76;71m▀[0m[38;2;145;84;74m[48;2;20;19;29m▀[0m[38;2;145;84;74m[48;2;20;19;29m▀[0m[38;2;145;84;74m[48;2;196;128;94m▀[0m[38;2;196;128;94m[48;2;196;128;94m▀[0m[38;2;240;175;110m[48;2;196;128;94m▀[0m[38;2;240;175;110m[48;2;145;84;74m▀[0m[38;2;240;175;110m[48;2;145;84;74m▀[0m[38;2;240;175;110m[48;2;145;84;74m▀[0m[38;2;145;84;74m[48;2;145;84;74m▀[0m[38;2;20;19;29m[48;2;20;19;29m▀[0m[38;2;97;76;71m[48;2;240;175;110m▀[0m[38;2;240;175;110m[48;2;240;175;110m▀[0m[38;2;97;76;71m[48;2;196;128;94m▀[0m[38;2;97;76;71m[48;2;97;76;71m▀[0m[38;2;20;19;29m[48;2;97;76;71m▀[0m[38;2;20;19;29m[48;2;97;76;71m▀[0m[38;2;20;19;29m[48;2;97;76;71m▀[0m[38;2;20;19;29m[48;2;20;19;29m▀[0m[38;2;61;49;44m[48;2;61;49;44m▀[0m[38;2;61;49;44m[48;2;196;128;94m▀[0m[38;2;20;19;29m[48;2;20;19;29m▀[0m [38;2;20;19;29m[48;2;20;19;29m▀[0m[38;2;61;49;44m[48;2;97;76;71m▀[0m[38;2;61;49;44m[48;2;97;76;71m▀[0m[38;2;196;128;94m[48;2;240;175;110m▀[0m[38;2;240;175;110m[48;2;240;175;110m▀[0m[38;2;240;175;110m[48;2;196;128;94m▀[0m[38;2;61;49;44m[48;2;97;76;71m▀[0m[38;2;61;49;44m[48;2;97;76;71m▀[0m[38;2;20;19;29m[48;2;97;76;71m▀[0m[38;2;61;49;44m[48;2;61;49;44m▀[0m[38;2;61;49;44m[48;2;97;76;71m▀[0m[38;2;97;76;71m[48;2;196;128;94m▀[0m[38;2;97;76;71m[48;2;97;76;71m▀[0m[38;2;20;19;29m[48;2;20;19;29m▀[0m       
               [38;2;61;49;44m▄[38;2;61;49;44m[48;2;156;102;89m▀[0m[38;2;156;102;89m[48;2;156;102;89m▀[0m[38;2;156;102;89m[48;2;97;76;71m▀[0m[38;2;156;102;89m[48;2;97;76;71m▀[0m[38;2;97;76;71m[48;2;176;146;139m▀[0m[38;2;97;76;71m[48;2;176;146;139m▀[0m[38;2;156;102;89m[48;2;156;102;89m▀[0m[38;2;156;102;89m[48;2;196;128;94m▀[0m[38;2;156;102;89m[48;2;196;128;94m▀[0m[38;2;61;49;44m[48;2;156;102;89m▀[0m[38;2;20;19;29m[48;2;20;19;29m▀[0m[38;2;97;76;71m[48;2;196;128;94m▀[0m[38;2;240;175;110m[48;2;240;175;110m▀[0m[38;2;97;76;71m[48;2;240;175;110m▀[0m[38;2;97;76;71m[48;2;97;76;71m▀[0m[38;2;97;76;71m[48;2;97;76;71m▀[0m[38;2;97;76;71m[48;2;97;76;71m▀[0m[38;2;20;19;29m[48;2;20;19;29m▀[0m[38;2;145;84;74m[48;2;20;19;29m▀[0m[38;2;196;128;94m[48;2;20;19;29m▀[0m[38;2;196;128;94m[48;2;196;128;94m▀[0m[38;2;196;128;94m[48;2;196;128;94m▀[0m[38;2;196;128;94m[48;2;196;128;94m▀[0m[38;2;196;128;94m[48;2;196;128;94m▀[0m[38;2;20;19;29m[48;2;20;19;29m▀[0m[38;2;196;128;94m[48;2;97;76;71m▀[0m[38;2;240;175;110m[48;2;240;175;110m▀[0m[38;2;240;175;110m[48;2;97;76;71m▀[0m[38;2;97;76;71m[48;2;97;76;71m▀[0m[38;2;97;76;71m[48;2;97;76;71m▀[0m[38;2;97;76;71m[48;2;97;76;71m▀[0m[38;2;97;76;71m[48;2;97;76;71m▀[0m[38;2;20;19;29m[48;2;20;19;29m▀[0m[38;2;61;49;44m[48;2;61;49;44m▀[0m[38;2;196;128;94m[48;2;61;49;44m▀[0m[38;2;20;19;29m[48;2;20;19;29m▀[0m [38;2;20;19;29m[48;2;20;19;29m▀[0m[38;2;148;121;107m[48;2;148;121;107m▀[0m[38;2;148;121;107m[48;2;148;121;107m▀[0m[38;2;148;121;107m[48;2;148;121;107m▀[0m[38;2;240;175;110m[48;2;148;121;107m▀[0m[38;2;97;76;71m[48;2;148;121;107m▀[0m[38;2;97;76;71m[48;2;148;121;107m▀[0m[38;2;148;121;107m[48;2;148;121;107m▀[0m[38;2;148;121;107m[48;2;148;121;107m▀[0m[38;2;61;49;44m[48;2;61;49;44m▀[0m[38;2;97;76;71m[48;2;97;76;71m▀[0m[38;2;196;128;94m[48;2;97;76;71m▀[0m[38;2;97;76;71m[48;2;97;76;71m▀[0m[38;2;20;19;29m[48;2;20;19;29m▀[0m       
            [38;2;97;76;71m▄[38;2;97;76;71m▄[38;2;61;49;44m[48;2;227;199;186m▀[0m[38;2;97;76;71m[48;2;227;199;186m▀[0m[38;2;97;76;71m[48;2;227;199;186m▀[0m[38;2;156;102;89m[48;2;176;146;139m▀[0m[38;2;156;102;89m[48;2;156;102;89m▀[0m[38;2;156;102;89m[48;2;156;102;89m▀[0m[38;2;176;146;139m[48;2;156;102;89m▀[0m[38;2;176;146;139m[48;2;176;146;139m▀[0m[38;2;196;128;94m[48;2;196;128;94m▀[0m[38;2;196;128;94m[48;2;196;128;94m▀[0m[38;2;196;128;94m[48;2;156;102;89m▀[0m[38;2;156;102;89m[48;2;61;49;44m▀[0m[38;2;20;19;29m[48;2;148;121;107m▀[0m[38;2;240;175;110m[48;2;148;121;107m▀[0m[38;2;240;175;110m[48;2;240;175;110m▀[0m[38;2;196;128;94m[48;2;97;76;71m▀[0m[38;2;97;76;71m[48;2;97;76;71m▀[0m[38;2;97;76;71m[48;2;97;76;71m▀[0m[38;2;97;76;71m[48;2;97;76;71m▀[0m[38;2;20;19;29m[48;2;20;19;29m▀[0m[38;2;61;49;44m[48;2;61;49;44m▀[0m[38;2;61;49;44m[48;2;61;49;44m▀[0m[38;2;20;19;29m[48;2;97;76;71m▀[0m[38;2;20;19;29m[48;2;20;19;29m▀[0m[38;2;20;19;29m▀[38;2;20;19;29m[48;2;20;19;29m▀[0m[38;2;97;76;71m[48;2;97;76;71m▀[0m[38;2;97;76;71m[48;2;97;76;71m▀[0m[38;2;97;76;71m[48;2;97;76;71m▀[0m[38;2;97;76;71m[48;2;97;76;71m▀[0m[38;2;97;76;71m[48;2;97;76;71m▀[0m[38;2;97;76;71m[48;2;97;76;71m▀[0m[38;2;97;76;71m[48;2;97;76;71m▀[0m[38;2;97;76;71m[48;2;97;76;71m▀[0m[38;2;20;19;29m[48;2;20;19;29m▀[0m[38;2;196;128;94m[48;2;196;128;94m▀[0m[38;2;61;49;44m[48;2;61;49;44m▀[0m[38;2;61;49;44m[48;2;97;76;71m▀[0m[38;2;20;19;29m[48;2;20;19;29m▀[0m [38;2;61;49;44m▀[38;2;148;121;107m[48;2;61;49;44m▀[0m[38;2;148;121;107m[48;2;97;76;71m▀[0m[38;2;97;76;71m[48;2;196;140;114m▀[0m[38;2;97;76;71m[48;2;196;140;114m▀[0m[38;2;148;121;107m[48;2;196;140;114m▀[0m[38;2;148;121;107m[48;2;97;76;71m▀[0m[38;2;148;121;107m[48;2;97;76;71m▀[0m[38;2;97;76;71m[48;2;61;49;44m▀[0m[38;2;97;76;71m[48;2;61;49;44m▀[0m[38;2;97;76;71m[48;2;156;102;89m▀[0m[38;2;61;49;44m[48;2;156;102;89m▀[0m[38;2;20;19;29m[48;2;156;102;89m▀[0m[38;2;20;19;29m▄      
        [38;2;145;84;74m▄[38;2;145;84;74m▄[38;2;145;84;74m[48;2;240;175;110m▀[0m[38;2;145;84;74m[48;2;240;175;110m▀[0m[38;2;240;175;110m[48;2;240;175;110m▀[0m[38;2;240;175;110m[48;2;240;175;110m▀[0m[38;2;227;199;186m[48;2;227;199;186m▀[0m[38;2;227;199;186m[48;2;227;199;186m▀[0m[38;2;227;199;186m[48;2;227;199;186m▀[0m[38;2;227;199;186m[48;2;227;199;186m▀[0m[38;2;176;146;139m[48;2;176;146;139m▀[0m[38;2;156;102;89m[48;2;176;146;139m▀[0m[38;2;156;102;89m[48;2;156;102;89m▀[0m[38;2;156;102;89m[48;2;156;102;89m▀[0m[38;2;176;146;139m[48;2;176;146;139m▀[0m[38;2;176;146;139m[48;2;176;146;139m▀[0m[38;2;156;102;89m[48;2;176;146;139m▀[0m[38;2;61;49;44m[48;2;156;102;89m▀[0m[38;2;148;121;107m[48;2;61;49;44m▀[0m[38;2;148;121;107m[48;2;148;121;107m▀[0m[38;2;148;121;107m[48;2;148;121;107m▀[0m[38;2;148;121;107m[48;2;148;121;107m▀[0m[38;2;148;121;107m[48;2;148;121;107m▀[0m[38;2;148;121;107m[48;2;148;121;107m▀[0m[38;2;148;121;107m[48;2;148;121;107m▀[0m[38;2;148;121;107m[48;2;148;121;107m▀[0m[38;2;20;19;29m[48;2;20;19;29m▀[0m[38;2;97;76;71m[48;2;97;76;71m▀[0m[38;2;97;76;71m[48;2;97;76;71m▀[0m[38;2;20;19;29m[48;2;20;19;29m▀[0m [38;2;20;19;29m[48;2;20;19;29m▀[0m[38;2;148;121;107m[48;2;148;121;107m▀[0m[38;2;148;121;107m[48;2;148;121;107m▀[0m[38;2;97;76;71m[48;2;148;121;107m▀[0m[38;2;97;76;71m[48;2;148;121;107m▀[0m[38;2;97;76;71m[48;2;148;121;107m▀[0m[38;2;97;76;71m[48;2;148;121;107m▀[0m[38;2;148;121;107m[48;2;148;121;107m▀[0m[38;2;148;121;107m[48;2;148;121;107m▀[0m[38;2;148;121;107m[48;2;148;121;107m▀[0m[38;2;20;19;29m[48;2;20;19;29m▀[0m[38;2;97;76;71m[48;2;97;76;71m▀[0m[38;2;97;76;71m[48;2;97;76;71m▀[0m[38;2;20;19;29m[48;2;20;19;29m▀[0m [38;2;97;76;71m▄[38;2;61;49;44m[48;2;196;140;114m▀[0m[38;2;196;140;114m[48;2;240;175;110m▀[0m[38;2;240;175;110m[48;2;240;175;110m▀[0m[38;2;196;140;114m[48;2;240;175;110m▀[0m[38;2;196;140;114m[48;2;196;140;114m▀[0m[38;2;196;140;114m[48;2;196;140;114m▀[0m[38;2;196;140;114m[48;2;196;140;114m▀[0m[38;2;97;76;71m[48;2;97;76;71m▀[0m[38;2;156;102;89m[48;2;156;102;89m▀[0m[38;2;156;102;89m[48;2;156;102;89m▀[0m[38;2;156;102;89m[48;2;156;102;89m▀[0m[38;2;156;102;89m[48;2;156;102;89m▀[0m[38;2;156;102;89m[48;2;156;102;89m▀[0m[38;2;20;19;29m[48;2;20;19;29m▀[0m     
    [38;2;145;84;74m▄[38;2;145;84;74m▄[38;2;145;84;74m[48;2;240;175;110m▀[0m[38;2;145;84;74m[48;2;240;175;110m▀[0m[38;2;240;175;110m[48;2;240;175;110m▀[0m[38;2;240;175;110m[48;2;240;175;110m▀[0m[38;2;240;175;110m[48;2;240;175;110m▀[0m[38;2;240;175;110m[48;2;240;175;110m▀[0m[38;2;240;175;110m[48;2;240;175;110m▀[0m[38;2;240;175;110m[48;2;240;175;110m▀[0m[38;2;240;175;110m[48;2;240;175;110m▀[0m[38;2;227;199;186m[48;2;240;175;110m▀[0m[38;2;227;199;186m[48;2;240;175;110m▀[0m[38;2;227;199;186m[48;2;227;199;186m▀[0m[38;2;227;199;186m[48;2;227;199;186m▀[0m[38;2;176;146;139m[48;2;176;146;139m▀[0m[38;2;156;102;89m[48;2;176;146;139m▀[0m[38;2;156;102;89m[48;2;156;102;89m▀[0m[38;2;156;102;89m[48;2;156;102;89m▀[0m[38;2;176;146;139m[48;2;156;102;89m▀[0m[38;2;176;146;139m[48;2;176;146;139m▀[0m[38;2;176;146;139m[48;2;61;49;44m▀[0m[38;2;61;49;44m[48;2;97;76;71m▀[0m[38;2;97;76;71m[48;2;97;76;71m▀[0m[38;2;97;76;71m[48;2;97;76;71m▀[0m[38;2;97;76;71m[48;2;97;76;71m▀[0m[38;2;97;76;71m[48;2;97;76;71m▀[0m[38;2;148;121;107m[48;2;97;76;71m▀[0m[38;2;148;121;107m[48;2;97;76;71m▀[0m[38;2;20;19;29m[48;2;20;19;29m▀[0m[38;2;196;128;94m[48;2;196;128;94m▀[0m[38;2;61;49;44m[48;2;61;49;44m▀[0m[38;2;20;19;29m[48;2;20;19;29m▀[0m   [38;2;61;49;44m[48;2;61;49;44m▀[0m[38;2;97;76;71m[48;2;97;76;71m▀[0m[38;2;97;76;71m[48;2;97;76;71m▀[0m[38;2;148;121;107m[48;2;97;76;71m▀[0m[38;2;148;121;107m[48;2;97;76;71m▀[0m[38;2;148;121;107m[48;2;97;76;71m▀[0m[38;2;148;121;107m[48;2;97;76;71m▀[0m[38;2;148;121;107m[48;2;97;76;71m▀[0m[38;2;20;19;29m[48;2;20;19;29m▀[0m[38;2;61;49;44m[48;2;61;49;44m▀[0m[38;2;61;49;44m[48;2;61;49;44m▀[0m[38;2;20;19;29m[48;2;20;19;29m▀[0m  [38;2;97;76;71m[48;2;97;76;71m▀[0m[38;2;196;140;114m[48;2;196;140;114m▀[0m[38;2;196;140;114m[48;2;196;140;114m▀[0m[38;2;240;175;110m[48;2;196;140;114m▀[0m[38;2;196;140;114m[48;2;196;140;114m▀[0m[38;2;196;140;114m[48;2;196;140;114m▀[0m[38;2;196;140;114m[48;2;196;140;114m▀[0m[38;2;196;140;114m[48;2;196;140;114m▀[0m[38;2;196;140;114m[48;2;196;140;114m▀[0m[38;2;97;76;71m[48;2;97;76;71m▀[0m[38;2;156;102;89m[48;2;156;102;89m▀[0m[38;2;156;102;89m[48;2;156;102;89m▀[0m[38;2;196;128;94m[48;2;196;128;94m▀[0m[38;2;156;102;89m[48;2;156;102;89m▀[0m[38;2;20;19;29m[48;2;20;19;29m▀[0m     
   [38;2;145;84;74m[48;2;145;84;74m▀[0m[38;2;240;175;110m[48;2;240;175;110m▀[0m[38;2;240;175;110m[48;2;196;128;94m▀[0m[38;2;240;175;110m[48;2;240;175;110m▀[0m[38;2;240;175;110m[48;2;240;175;110m▀[0m[38;2;240;175;110m[48;2;240;175;110m▀[0m[38;2;240;175;110m[48;2;240;175;110m▀[0m[38;2;240;175;110m[48;2;240;175;110m▀[0m[38;2;240;175;110m[48;2;240;175;110m▀[0m[38;2;240;175;110m[48;2;240;175;110m▀[0m[38;2;240;175;110m[48;2;240;175;110m▀[0m[38;2;240;175;110m[48;2;240;175;110m▀[0m[38;2;240;175;110m[48;2;240;175;110m▀[0m[38;2;240;175;110m[48;2;240;175;110m▀[0m[38;2;240;175;110m[48;2;240;175;110m▀[0m[38;2;227;199;186m[48;2;227;199;186m▀[0m[38;2;227;199;186m[48;2;227;199;186m▀[0m[38;2;176;146;139m[48;2;176;146;139m▀[0m[38;2;176;146;139m[48;2;176;146;139m▀[0m[38;2;156;102;89m[48;2;176;146;139m▀[0m[38;2;156;102;89m[48;2;156;102;89m▀[0m[38;2;156;102;89m[48;2;20;19;29m▀[0m[38;2;61;49;44m[48;2;61;49;44m▀[0m[38;2;148;121;107m[48;2;148;121;107m▀[0m[38;2;148;121;107m[48;2;148;121;107m▀[0m[38;2;97;76;71m[48;2;148;121;107m▀[0m[38;2;97;76;71m[48;2;148;121;107m▀[0m[38;2;97;76;71m[48;2;148;121;107m▀[0m[38;2;97;76;71m[48;2;148;121;107m▀[0m[38;2;97;76;71m[48;2;97;76;71m▀[0m[38;2;97;76;71m[48;2;97;76;71m▀[0m[38;2;61;49;44m[48;2;61;49;44m▀[0m[38;2;97;76;71m[48;2;97;76;71m▀[0m[38;2;97;76;71m[48;2;97;76;71m▀[0m[38;2;20;19;29m[48;2;20;19;29m▀[0m [38;2;61;49;44m[48;2;61;49;44m▀[0m[38;2;148;121;107m[48;2;148;121;107m▀[0m[38;2;97;76;71m[48;2;148;121;107m▀[0m[38;2;97;76;71m[48;2;148;121;107m▀[0m[38;2;97;76;71m[48;2;148;121;107m▀[0m[38;2;97;76;71m[48;2;97;76;71m▀[0m[38;2;97;76;71m[48;2;240;175;110m▀[0m[38;2;240;175;110m[48;2;240;175;110m▀[0m[38;2;97;76;71m[48;2;240;175;110m▀[0m[38;2;97;76;71m[48;2;148;121;107m▀[0m[38;2;61;49;44m[48;2;61;49;44m▀[0m[38;2;97;76;71m[48;2;97;76;71m▀[0m[38;2;97;76;71m[48;2;97;76;71m▀[0m[38;2;20;19;29m[48;2;20;19;29m▀[0m [38;2;97;76;71m[48;2;97;76;71m▀[0m[38;2;196;140;114m[48;2;196;140;114m▀[0m[38;2;196;140;114m[48;2;196;140;114m▀[0m[38;2;196;140;114m[48;2;196;140;114m▀[0m[38;2;196;140;114m[48;2;196;140;114m▀[0m[38;2;196;140;114m[48;2;196;140;114m▀[0m[38;2;196;140;114m[48;2;196;140;114m▀[0m[38;2;196;140;114m[48;2;196;140;114m▀[0m[38;2;196;140;114m[48;2;196;140;114m▀[0m[38;2;97;76;71m[48;2;97;76;71m▀[0m[38;2;156;102;89m[48;2;156;102;89m▀[0m[38;2;156;102;89m[48;2;156;102;89m▀[0m[38;2;156;102;89m[48;2;176;146;139m▀[0m[38;2;176;146;139m[48;2;176;146;139m▀[0m[38;2;176;146;139m[48;2;176;146;139m▀[0m[38;2;20;19;29m[48;2;20;19;29m▀[0m    
  [38;2;145;84;74m[48;2;145;84;74m▀[0m[38;2;240;175;110m[48;2;240;175;110m▀[0m[38;2;240;175;110m[48;2;240;175;110m▀[0m[38;2;196;128;94m[48;2;196;128;94m▀[0m[38;2;240;175;110m[48;2;240;175;110m▀[0m[38;2;240;175;110m[48;2;240;175;110m▀[0m[38;2;240;175;110m[48;2;240;175;110m▀[0m[38;2;240;175;110m[48;2;240;175;110m▀[0m[38;2;240;175;110m[48;2;240;175;110m▀[0m[38;2;240;175;110m[48;2;240;175;110m▀[0m[38;2;240;175;110m[48;2;145;84;74m▀[0m[38;2;240;175;110m[48;2;145;84;74m▀[0m[38;2;145;84;74m[48;2;196;128;94m▀[0m[38;2;145;84;74m[48;2;145;84;74m▀[0m[38;2;240;175;110m[48;2;240;175;110m▀[0m[38;2;240;175;110m[48;2;240;175;110m▀[0m[38;2;227;199;186m[48;2;240;175;110m▀[0m[38;2;227;199;186m[48;2;227;199;186m▀[0m[38;2;227;199;186m[48;2;227;199;186m▀[0m[38;2;176;146;139m[48;2;176;146;139m▀[0m[38;2;176;146;139m[48;2;20;19;29m▀[0m[38;2;20;19;29m▀  [38;2;61;49;44m[48;2;61;49;44m▀[0m[38;2;148;121;107m[48;2;97;76;71m▀[0m[38;2;148;121;107m[48;2;97;76;71m▀[0m[38;2;148;121;107m[48;2;97;76;71m▀[0m[38;2;148;121;107m[48;2;148;121;107m▀[0m[38;2;148;121;107m[48;2;148;121;107m▀[0m[38;2;148;121;107m[48;2;148;121;107m▀[0m[38;2;61;49;44m[48;2;61;49;44m▀[0m[38;2;97;76;71m[48;2;61;49;44m▀[0m[38;2;97;76;71m[48;2;156;102;89m▀[0m[38;2;20;19;29m[48;2;156;102;89m▀[0m[38;2;20;19;29m▄ [38;2;61;49;44m▀[38;2;148;121;107m[48;2;61;49;44m▀[0m[38;2;148;121;107m[48;2;148;121;107m▀[0m[38;2;148;121;107m[48;2;97;76;71m▀[0m[38;2;148;121;107m[48;2;97;76;71m▀[0m[38;2;148;121;107m[48;2;148;121;107m▀[0m[38;2;148;121;107m[48;2;148;121;107m▀[0m[38;2;240;175;110m[48;2;148;121;107m▀[0m[38;2;148;121;107m[48;2;148;121;107m▀[0m[38;2;148;121;107m[48;2;148;121;107m▀[0m[38;2;61;49;44m[48;2;61;49;44m▀[0m[38;2;97;76;71m[48;2;61;49;44m▀[0m[38;2;20;19;29m[48;2;156;102;89m▀[0m[38;2;20;19;29m▄ [38;2;97;76;71m[48;2;97;76;71m▀[0m[38;2;196;140;114m[48;2;227;199;186m▀[0m[38;2;196;140;114m[48;2;227;199;186m▀[0m[38;2;227;199;186m[48;2;227;199;186m▀[0m[38;2;227;199;186m[48;2;227;199;186m▀[0m[38;2;227;199;186m[48;2;227;199;186m▀[0m[38;2;196;140;114m[48;2;227;199;186m▀[0m[38;2;196;140;114m[48;2;227;199;186m▀[0m[38;2;196;140;114m[48;2;227;199;186m▀[0m[38;2;97;76;71m[48;2;97;76;71m▀[0m[38;2;176;146;139m[48;2;176;146;139m▀[0m[38;2;176;146;139m[48;2;176;146;139m▀[0m[38;2;176;146;139m[48;2;176;146;139m▀[0m[38;2;176;146;139m[48;2;156;102;89m▀[0m[38;2;176;146;139m[48;2;156;102;89m▀[0m[38;2;20;19;29m[48;2;20;19;29m▀[0m    
 [38;2;145;84;74m[48;2;145;84;74m▀[0m[38;2;240;175;110m[48;2;240;175;110m▀[0m[38;2;240;175;110m[48;2;240;175;110m▀[0m[38;2;240;175;110m[48;2;240;175;110m▀[0m[38;2;196;128;94m[48;2;196;128;94m▀[0m[38;2;240;175;110m[48;2;240;175;110m▀[0m[38;2;240;175;110m[48;2;240;175;110m▀[0m[38;2;240;175;110m[48;2;240;175;110m▀[0m[38;2;240;175;110m[48;2;240;175;110m▀[0m[38;2;240;175;110m[48;2;240;175;110m▀[0m[38;2;20;19;29m[48;2;20;19;29m▀[0m[38;2;196;128;94m[48;2;196;128;94m▀[0m[38;2;196;128;94m[48;2;196;128;94m▀[0m[38;2;196;128;94m[48;2;196;128;94m▀[0m[38;2;145;84;74m[48;2;240;175;110m▀[0m[38;2;240;175;110m[48;2;240;175;110m▀[0m[38;2;240;175;110m[48;2;240;175;110m▀[0m[38;2;240;175;110m[48;2;240;175;110m▀[0m[38;2;240;175;110m[48;2;240;175;110m▀[0m[38;2;240;175;110m[48;2;20;19;29m▀[0m[38;2;20;19;29m▀  [38;2;97;76;71m▄[38;2;97;76;71m[48;2;196;140;114m▀[0m[38;2;196;140;114m[48;2;196;140;114m▀[0m[38;2;196;140;114m[48;2;196;140;114m▀[0m[38;2;196;140;114m[48;2;196;140;114m▀[0m[38;2;196;140;114m[48;2;240;175;110m▀[0m[38;2;196;140;114m[48;2;196;140;114m▀[0m[38;2;97;76;71m[48;2;196;140;114m▀[0m[38;2;97;76;71m[48;2;196;140;114m▀[0m[38;2;156;102;89m[48;2;97;76;71m▀[0m[38;2;156;102;89m[48;2;156;102;89m▀[0m[38;2;156;102;89m[48;2;156;102;89m▀[0m[38;2;156;102;89m[48;2;156;102;89m▀[0m[38;2;156;102;89m[48;2;156;102;89m▀[0m[38;2;20;19;29m[48;2;20;19;29m▀[0m [38;2;61;49;44m[48;2;61;49;44m▀[0m[38;2;97;76;71m[48;2;196;140;114m▀[0m[38;2;196;140;114m[48;2;196;140;114m▀[0m[38;2;196;140;114m[48;2;196;140;114m▀[0m[38;2;196;140;114m[48;2;196;140;114m▀[0m[38;2;97;76;71m[48;2;196;140;114m▀[0m[38;2;97;76;71m[48;2;196;140;114m▀[0m[38;2;97;76;71m[48;2;196;140;114m▀[0m[38;2;97;76;71m[48;2;196;140;114m▀[0m[38;2;156;102;89m[48;2;97;76;71m▀[0m[38;2;156;102;89m[48;2;156;102;89m▀[0m[38;2;156;102;89m[48;2;156;102;89m▀[0m[38;2;156;102;89m[48;2;156;102;89m▀[0m[38;2;20;19;29m[48;2;20;19;29m▀[0m[38;2;97;76;71m[48;2;97;76;71m▀[0m[38;2;227;199;186m[48;2;227;199;186m▀[0m[38;2;227;199;186m[48;2;196;140;114m▀[0m[38;2;227;199;186m[48;2;196;140;114m▀[0m[38;2;227;199;186m[48;2;196;140;114m▀[0m[38;2;227;199;186m[48;2;227;199;186m▀[0m[38;2;227;199;186m[48;2;227;199;186m▀[0m[38;2;227;199;186m[48;2;227;199;186m▀[0m[38;2;227;199;186m[48;2;97;76;71m▀[0m[38;2;97;76;71m[48;2;156;102;89m▀[0m[38;2;176;146;139m[48;2;97;76;71m▀[0m[38;2;176;146;139m[48;2;156;102;89m▀[0m[38;2;156;102;89m[48;2;156;102;89m▀[0m[38;2;156;102;89m[48;2;156;102;89m▀[0m[38;2;156;102;89m[48;2;156;102;89m▀[0m[38;2;20;19;29m[48;2;176;146;139m▀[0m[38;2;20;19;29m▄   
[38;2;145;84;74m[48;2;145;84;74m▀[0m[38;2;240;175;110m[48;2;240;175;110m▀[0m[38;2;240;175;110m[48;2;240;175;110m▀[0m[38;2;240;175;110m[48;2;240;175;110m▀[0m[38;2;240;175;110m[48;2;240;175;110m▀[0m[38;2;196;128;94m[48;2;240;175;110m▀[0m[38;2;240;175;110m[48;2;240;175;110m▀[0m[38;2;240;175;110m[48;2;240;175;110m▀[0m[38;2;240;175;110m[48;2;240;175;110m▀[0m[38;2;240;175;110m[48;2;240;175;110m▀[0m[38;2;240;175;110m[48;2;240;175;110m▀[0m[38;2;20;19;29m[48;2;20;19;29m▀[0m[38;2;196;128;94m[48;2;196;128;94m▀[0m[38;2;196;128;94m[48;2;196;128;94m▀[0m[38;2;145;84;74m[48;2;145;84;74m▀[0m[38;2;240;175;110m[48;2;240;175;110m▀[0m[38;2;240;175;110m[48;2;240;175;110m▀[0m[38;2;240;175;110m[48;2;240;175;110m▀[0m[38;2;240;175;110m[48;2;240;175;110m▀[0m[38;2;240;175;110m[48;2;240;175;110m▀[0m[38;2;20;19;29m[48;2;20;19;29m▀[0m   [38;2;97;76;71m[48;2;97;76;71m▀[0m[38;2;196;140;114m[48;2;227;199;186m▀[0m[38;2;196;140;114m[48;2;227;199;186m▀[0m[38;2;196;140;114m[48;2;227;199;186m▀[0m[38;2;240;175;110m[48;2;240;175;110m▀[0m[38;2;240;175;110m[48;2;240;175;110m▀[0m[38;2;240;175;110m[48;2;240;175;110m▀[0m[38;2;196;140;114m[48;2;227;199;186m▀[0m[38;2;196;140;114m[48;2;227;199;186m▀[0m[38;2;97;76;71m[48;2;97;76;71m▀[0m[38;2;156;102;89m[48;2;176;146;139m▀[0m[38;2;156;102;89m[48;2;176;146;139m▀[0m[38;2;156;102;89m[48;2;176;146;139m▀[0m[38;2;176;146;139m[48;2;176;146;139m▀[0m[38;2;176;146;139m[48;2;176;146;139m▀[0m[38;2;97;76;71m[48;2;97;76;71m▀[0m[38;2;196;140;114m[48;2;227;199;186m▀[0m[38;2;196;140;114m[48;2;227;199;186m▀[0m[38;2;196;140;114m[48;2;196;140;114m▀[0m[38;2;196;140;114m[48;2;196;140;114m▀[0m[38;2;196;140;114m[48;2;227;199;186m▀[0m[38;2;196;140;114m[48;2;227;199;186m▀[0m[38;2;196;140;114m[48;2;227;199;186m▀[0m[38;2;196;140;114m[48;2;196;140;114m▀[0m[38;2;196;140;114m[48;2;196;140;114m▀[0m[38;2;196;140;114m[48;2;196;140;114m▀[0m[38;2;97;76;71m[48;2;97;76;71m▀[0m[38;2;156;102;89m[48;2;176;146;139m▀[0m[38;2;156;102;89m[48;2;176;146;139m▀[0m[38;2;176;146;139m[48;2;176;146;139m▀[0m[38;2;97;76;71m[48;2;97;76;71m▀[0m[38;2;196;140;114m[48;2;240;175;110m▀[0m[38;2;240;175;110m[48;2;240;175;110m▀[0m[38;2;196;140;114m[48;2;240;175;110m▀[0m[38;2;196;140;114m[48;2;196;140;114m▀[0m[38;2;196;140;114m[48;2;227;199;186m▀[0m[38;2;196;140;114m[48;2;196;140;114m▀[0m[38;2;196;140;114m[48;2;196;140;114m▀[0m[38;2;97;76;71m[48;2;97;76;71m▀[0m[38;2;156;102;89m[48;2;156;102;89m▀[0m[38;2;97;76;71m[48;2;156;102;89m▀[0m[38;2;156;102;89m[48;2;97;76;71m▀[0m[38;2;156;102;89m[48;2;176;146;139m▀[0m[38;2;156;102;89m[48;2;176;146;139m▀[0m[38;2;176;146;139m[48;2;176;146;139m▀[0m[38;2;176;146;139m[48;2;176;146;139m▀[0m[38;2;20;19;29m[48;2;20;19;29m▀[0m   
[38;2;145;84;74m[48;2;145;84;74m▀[0m[38;2;240;175;110m[48;2;240;175;110m▀[0m[38;2;240;175;110m[48;2;240;175;110m▀[0m[38;2;240;175;110m[48;2;240;175;110m▀[0m[38;2;240;175;110m[48;2;145;84;74m▀[0m[38;2;145;84;74m[48;2;196;128;94m▀[0m[38;2;145;84;74m[48;2;196;128;94m▀[0m[38;2;145;84;74m[48;2;196;128;94m▀[0m[38;2;145;84;74m[48;2;196;128;94m▀[0m[38;2;145;84;74m[48;2;196;128;94m▀[0m[38;2;145;84;74m[48;2;196;128;94m▀[0m[38;2;20;19;29m[48;2;20;19;29m▀[0m[38;2;196;128;94m[48;2;145;84;74m▀[0m[38;2;145;84;74m[48;2;196;128;94m▀[0m[38;2;145;84;74m[48;2;196;128;94m▀[0m[38;2;240;175;110m[48;2;145;84;74m▀[0m[38;2;240;175;110m[48;2;240;175;110m▀[0m[38;2;240;175;110m[48;2;240;175;110m▀[0m[38;2;240;175;110m[48;2;240;175;110m▀[0m[38;2;240;175;110m[48;2;20;19;29m▀[0m[38;2;20;19;29m▀   [38;2;97;76;71m[48;2;97;76;71m▀[0m[38;2;227;199;186m[48;2;196;140;114m▀[0m[38;2;227;199;186m[48;2;196;140;114m▀[0m[38;2;227;199;186m[48;2;196;140;114m▀[0m[38;2;227;199;186m[48;2;227;199;186m▀[0m[38;2;240;175;110m[48;2;227;199;186m▀[0m[38;2;227;199;186m[48;2;227;199;186m▀[0m[38;2;227;199;186m[48;2;196;140;114m▀[0m[38;2;227;199;186m[48;2;196;140;114m▀[0m[38;2;97;76;71m[48;2;97;76;71m▀[0m[38;2;176;146;139m[48;2;156;102;89m▀[0m[38;2;176;146;139m[48;2;156;102;89m▀[0m[38;2;156;102;89m[48;2;156;102;89m▀[0m[38;2;156;102;89m[48;2;196;128;94m▀[0m[38;2;156;102;89m[48;2;156;102;89m▀[0m[38;2;97;76;71m[48;2;97;76;71m▀[0m[38;2;227;199;186m[48;2;227;199;186m▀[0m[38;2;227;199;186m[48;2;227;199;186m▀[0m[38;2;227;199;186m[48;2;227;199;186m▀[0m[38;2;227;199;186m[48;2;196;140;114m▀[0m[38;2;227;199;186m[48;2;196;140;114m▀[0m[38;2;227;199;186m[48;2;196;140;114m▀[0m[38;2;227;199;186m[48;2;227;199;186m▀[0m[38;2;227;199;186m[48;2;227;199;186m▀[0m[38;2;227;199;186m[48;2;227;199;186m▀[0m[38;2;227;199;186m[48;2;227;199;186m▀[0m[38;2;97;76;71m[48;2;97;76;71m▀[0m[38;2;176;146;139m[48;2;176;146;139m▀[0m[38;2;176;146;139m[48;2;156;102;89m▀[0m[38;2;176;146;139m[48;2;156;102;89m▀[0m[38;2;97;76;71m[48;2;97;76;71m▀[0m[38;2;240;175;110m[48;2;227;199;186m▀[0m[38;2;240;175;110m[48;2;240;175;110m▀[0m[38;2;240;175;110m[48;2;227;199;186m▀[0m[38;2;227;199;186m[48;2;227;199;186m▀[0m[38;2;227;199;186m[48;2;227;199;186m▀[0m[38;2;227;199;186m[48;2;227;199;186m▀[0m[38;2;227;199;186m[48;2;227;199;186m▀[0m[38;2;227;199;186m[48;2;227;199;186m▀[0m[38;2;156;102;89m[48;2;227;199;186m▀[0m[38;2;156;102;89m[48;2;97;76;71m▀[0m[38;2;97;76;71m[48;2;176;146;139m▀[0m[38;2;176;146;139m[48;2;176;146;139m▀[0m[38;2;176;146;139m[48;2;176;146;139m▀[0m[38;2;176;146;139m[48;2;176;146;139m▀[0m[38;2;176;146;139m[48;2;176;146;139m▀[0m[38;2;20;19;29m[48;2;20;19;29m▀[0m   
[38;2;145;84;74m[48;2;145;84;74m▀[0m[38;2;240;175;110m[48;2;240;175;110m▀[0m[38;2;240;175;110m[48;2;145;84;74m▀[0m[38;2;145;84;74m[48;2;196;128;94m▀[0m[38;2;196;128;94m[48;2;145;84;74m▀[0m[38;2;145;84;74m[48;2;196;128;94m▀[0m[38;2;145;84;74m[48;2;196;128;94m▀[0m[38;2;145;84;74m[48;2;145;84;74m▀[0m[38;2;145;84;74m[48;2;196;128;94m▀[0m[38;2;196;128;94m[48;2;20;19;29m▀[0m[38;2;20;19;29m[48;2;196;128;94m▀[0m[38;2;196;128;94m[48;2;145;84;74m▀[0m[38;2;196;128;94m[48;2;145;84;74m▀[0m[38;2;145;84;74m[48;2;196;128;94m▀[0m[38;2;145;84;74m[48;2;196;128;94m▀[0m[38;2;196;128;94m[48;2;145;84;74m▀[0m[38;2;145;84;74m[48;2;196;128;94m▀[0m[38;2;240;175;110m[48;2;145;84;74m▀[0m[38;2;240;175;110m[48;2;240;175;110m▀[0m[38;2;20;19;29m[48;2;20;19;29m▀[0m    [38;2;97;76;71m[48;2;97;76;71m▀[0m[38;2;196;140;114m[48;2;196;140;114m▀[0m[38;2;196;140;114m[48;2;227;199;186m▀[0m[38;2;196;140;114m[48;2;227;199;186m▀[0m[38;2;196;140;114m[48;2;227;199;186m▀[0m[38;2;196;140;114m[48;2;196;140;114m▀[0m[38;2;196;140;114m[48;2;196;140;114m▀[0m[38;2;196;140;114m[48;2;196;140;114m▀[0m[38;2;196;140;114m[48;2;196;140;114m▀[0m[38;2;97;76;71m[48;2;97;76;71m▀[0m[38;2;156;102;89m[48;2;156;102;89m▀[0m[38;2;156;102;89m[48;2;176;146;139m▀[0m[38;2;196;128;94m[48;2;196;128;94m▀[0m[38;2;196;128;94m[48;2;196;128;94m▀[0m[38;2;176;146;139m[48;2;176;146;139m▀[0m[38;2;97;76;71m[48;2;97;76;71m▀[0m[38;2;196;140;114m[48;2;196;140;114m▀[0m[38;2;196;140;114m[48;2;196;140;114m▀[0m[38;2;196;140;114m[48;2;227;199;186m▀[0m[38;2;196;140;114m[48;2;227;199;186m▀[0m[38;2;196;140;114m[48;2;227;199;186m▀[0m[38;2;196;140;114m[48;2;196;140;114m▀[0m[38;2;196;140;114m[48;2;240;175;110m▀[0m[38;2;196;140;114m[48;2;196;140;114m▀[0m[38;2;196;140;114m[48;2;196;140;114m▀[0m[38;2;227;199;186m[48;2;196;140;114m▀[0m[38;2;97;76;71m[48;2;97;76;71m▀[0m[38;2;156;102;89m[48;2;156;102;89m▀[0m[38;2;156;102;89m[48;2;176;146;139m▀[0m[38;2;156;102;89m[48;2;145;84;74m▀[0m[38;2;97;76;71m[48;2;227;199;186m▀[0m[38;2;227;199;186m[48;2;227;199;186m▀[0m[38;2;227;199;186m[48;2;227;199;186m▀[0m[38;2;227;199;186m[48;2;227;199;186m▀[0m[38;2;227;199;186m[48;2;227;199;186m▀[0m[38;2;227;199;186m[48;2;227;199;186m▀[0m[38;2;227;199;186m[48;2;227;199;186m▀[0m[38;2;227;199;186m[48;2;227;199;186m▀[0m[38;2;227;199;186m[48;2;227;199;186m▀[0m[38;2;227;199;186m[48;2;227;199;186m▀[0m[38;2;97;76;71m[48;2;97;76;71m▀[0m[38;2;176;146;139m[48;2;176;146;139m▀[0m[38;2;176;146;139m[48;2;176;146;139m▀[0m[38;2;176;146;139m[48;2;176;146;139m▀[0m[38;2;176;146;139m[48;2;176;146;139m▀[0m[38;2;176;146;139m[48;2;196;128;94m▀[0m[38;2;20;19;29m[48;2;20;19;29m▀[0m   
[38;2;145;84;74m▀[38;2;196;128;94m[48;2;20;19;29m▀[0m[38;2;196;128;94m[48;2;20;19;29m▀[0m[38;2;145;84;74m[48;2;20;19;29m▀[0m[38;2;145;84;74m[48;2;20;19;29m▀[0m[38;2;145;84;74m[48;2;20;19;29m▀[0m[38;2;145;84;74m[48;2;20;19;29m▀[0m[38;2;196;128;94m[48;2;20;19;29m▀[0m[38;2;20;19;29m[48;2;196;128;94m▀[0m[38;2;196;128;94m[48;2;196;128;94m▀[0m[38;2;20;19;29m[48;2;196;128;94m▀[0m[38;2;196;128;94m[48;2;20;19;29m▀[0m[38;2;145;84;74m[48;2;196;128;94m▀[0m[38;2;196;128;94m[48;2;145;84;74m▀[0m[38;2;196;128;94m[48;2;145;84;74m▀[0m[38;2;145;84;74m[48;2;196;128;94m▀[0m[38;2;145;84;74m[48;2;196;128;94m▀[0m[38;2;196;128;94m[48;2;20;19;29m▀[0m[38;2;145;84;74m[48;2;20;19;29m▀[0m[38;2;20;19;29m▀    [38;2;97;76;71m[48;2;97;76;71m▀[0m[38;2;227;199;186m[48;2;227;199;186m▀[0m[38;2;227;199;186m[48;2;240;175;110m▀[0m[38;2;227;199;186m[48;2;240;175;110m▀[0m[38;2;227;199;186m[48;2;227;199;186m▀[0m[38;2;227;199;186m[48;2;227;199;186m▀[0m[38;2;227;199;186m[48;2;227;199;186m▀[0m[38;2;227;199;186m[48;2;227;199;186m▀[0m[38;2;227;199;186m[48;2;227;199;186m▀[0m[38;2;97;76;71m[48;2;97;76;71m▀[0m[38;2;176;146;139m[48;2;176;146;139m▀[0m[38;2;176;146;139m[48;2;176;146;139m▀[0m[38;2;176;146;139m[48;2;196;128;94m▀[0m[38;2;176;146;139m[48;2;196;128;94m▀[0m[38;2;176;146;139m[48;2;196;128;94m▀[0m[38;2;97;76;71m[48;2;97;76;71m▀[0m[38;2;227;199;186m[48;2;227;199;186m▀[0m[38;2;227;199;186m[48;2;227;199;186m▀[0m[38;2;227;199;186m[48;2;227;199;186m▀[0m[38;2;227;199;186m[48;2;227;199;186m▀[0m[38;2;227;199;186m[48;2;227;199;186m▀[0m[38;2;240;175;110m[48;2;240;175;110m▀[0m[38;2;240;175;110m[48;2;240;175;110m▀[0m[38;2;240;175;110m[48;2;240;175;110m▀[0m[38;2;196;140;114m[48;2;227;199;186m▀[0m[38;2;196;140;114m[48;2;227;199;186m▀[0m[38;2;97;76;71m[48;2;97;76;71m▀[0m[38;2;176;146;139m[48;2;176;146;139m▀[0m[38;2;176;146;139m[48;2;176;146;139m▀[0m[38;2;145;84;74m[48;2;145;84;74m▀[0m[38;2;227;199;186m[48;2;240;175;110m▀[0m[38;2;227;199;186m[48;2;240;175;110m▀[0m[38;2;227;199;186m[48;2;227;199;186m▀[0m[38;2;227;199;186m[48;2;227;199;186m▀[0m[38;2;227;199;186m[48;2;227;199;186m▀[0m[38;2;227;199;186m[48;2;240;175;110m▀[0m[38;2;227;199;186m[48;2;240;175;110m▀[0m[38;2;227;199;186m[48;2;227;199;186m▀[0m[38;2;227;199;186m[48;2;227;199;186m▀[0m[38;2;227;199;186m[48;2;227;199;186m▀[0m[38;2;97;76;71m[48;2;97;76;71m▀[0m[38;2;176;146;139m[48;2;176;146;139m▀[0m[38;2;176;146;139m[48;2;196;128;94m▀[0m[38;2;196;128;94m[48;2;196;128;94m▀[0m[38;2;196;128;94m[48;2;196;128;94m▀[0m[38;2;196;128;94m[48;2;196;128;94m▀[0m[38;2;196;128;94m[48;2;196;128;94m▀[0m[38;2;20;19;29m[48;2;20;19;29m▀[0m  
 [38;2;20;19;29m[48;2;20;19;29m▀[0m[38;2;145;84;74m[48;2;196;128;94m▀[0m[38;2;196;128;94m[48;2;145;84;74m▀[0m[38;2;145;84;74m[48;2;196;128;94m▀[0m[38;2;145;84;74m[48;2;196;128;94m▀[0m[38;2;196;128;94m[48;2;145;84;74m▀[0m[38;2;145;84;74m[48;2;196;128;94m▀[0m[38;2;196;128;94m[48;2;145;84;74m▀[0m[38;2;196;128;94m[48;2;196;128;94m▀[0m[38;2;196;128;94m[48;2;196;128;94m▀[0m[38;2;196;128;94m[48;2;196;128;94m▀[0m[38;2;20;19;29m[48;2;196;128;94m▀[0m[38;2;196;128;94m[48;2;20;19;29m▀[0m[38;2;196;128;94m[48;2;20;19;29m▀[0m[38;2;20;19;29m▀[38;2;20;19;29m▀      [38;2;145;84;74m[48;2;145;84;74m▀[0m[38;2;240;175;110m[48;2;240;175;110m▀[0m[38;2;240;175;110m[48;2;240;175;110m▀[0m[38;2;240;175;110m[48;2;240;175;110m▀[0m[38;2;240;175;110m[48;2;240;175;110m▀[0m[38;2;240;175;110m[48;2;240;175;110m▀[0m[38;2;240;175;110m[48;2;240;175;110m▀[0m[38;2;227;199;186m[48;2;240;175;110m▀[0m[38;2;227;199;186m[48;2;240;175;110m▀[0m[38;2;240;175;110m[48;2;240;175;110m▀[0m[38;2;97;76;71m[48;2;145;84;74m▀[0m[38;2;196;128;94m[48;2;196;128;94m▀[0m[38;2;196;128;94m[48;2;196;128;94m▀[0m[38;2;196;128;94m[48;2;196;128;94m▀[0m[38;2;196;128;94m[48;2;196;128;94m▀[0m[38;2;196;128;94m[48;2;196;128;94m▀[0m[38;2;97;76;71m[48;2;97;76;71m▀[0m[38;2;227;199;186m[48;2;240;175;110m▀[0m[38;2;240;175;110m[48;2;240;175;110m▀[0m[38;2;240;175;110m[48;2;240;175;110m▀[0m[38;2;240;175;110m[48;2;240;175;110m▀[0m[38;2;227;199;186m[48;2;240;175;110m▀[0m[38;2;227;199;186m[48;2;240;175;110m▀[0m[38;2;240;175;110m[48;2;240;175;110m▀[0m[38;2;227;199;186m[48;2;240;175;110m▀[0m[38;2;227;199;186m[48;2;227;199;186m▀[0m[38;2;227;199;186m[48;2;227;199;186m▀[0m[38;2;97;76;71m[48;2;97;76;71m▀[0m[38;2;176;146;139m[48;2;196;128;94m▀[0m[38;2;196;128;94m[48;2;196;128;94m▀[0m[38;2;145;84;74m[48;2;145;84;74m▀[0m[38;2;240;175;110m[48;2;240;175;110m▀[0m[38;2;240;175;110m[48;2;240;175;110m▀[0m[38;2;240;175;110m[48;2;240;175;110m▀[0m[38;2;240;175;110m[48;2;240;175;110m▀[0m[38;2;240;175;110m[48;2;240;175;110m▀[0m[38;2;240;175;110m[48;2;240;175;110m▀[0m[38;2;240;175;110m[48;2;240;175;110m▀[0m[38;2;240;175;110m[48;2;240;175;110m▀[0m[38;2;227;199;186m[48;2;240;175;110m▀[0m[38;2;227;199;186m[48;2;240;175;110m▀[0m[38;2;97;76;71m[48;2;97;76;71m▀[0m[38;2;196;128;94m[48;2;196;128;94m▀[0m[38;2;196;128;94m[48;2;196;128;94m▀[0m[38;2;196;128;94m[48;2;145;84;74m▀[0m[38;2;196;128;94m[48;2;196;128;94m▀[0m[38;2;196;128;94m[48;2;196;128;94m▀[0m[38;2;196;128;94m[48;2;196;128;94m▀[0m[38;2;20;19;29m[48;2;20;19;29m▀[0m  
 [38;2;20;19;29m▀[38;2;196;128;94m[48;2;20;19;29m▀[0m[38;2;145;84;74m[48;2;196;128;94m▀[0m[38;2;196;128;94m[48;2;145;84;74m▀[0m[38;2;196;128;94m[48;2;196;128;94m▀[0m[38;2;196;128;94m[48;2;196;128;94m▀[0m[38;2;145;84;74m[48;2;196;128;94m▀[0m[38;2;196;128;94m[48;2;145;84;74m▀[0m[38;2;145;84;74m[48;2;196;128;94m▀[0m[38;2;196;128;94m[48;2;145;84;74m▀[0m[38;2;196;128;94m[48;2;196;128;94m▀[0m[38;2;196;128;94m[48;2;196;128;94m▀[0m[38;2;20;19;29m[48;2;20;19;29m▀[0m         [38;2;145;84;74m[48;2;145;84;74m▀[0m[38;2;240;175;110m[48;2;240;175;110m▀[0m[38;2;240;175;110m[48;2;240;175;110m▀[0m[38;2;240;175;110m[48;2;240;175;110m▀[0m[38;2;240;175;110m[48;2;240;175;110m▀[0m[38;2;240;175;110m[48;2;240;175;110m▀[0m[38;2;240;175;110m[48;2;240;175;110m▀[0m[38;2;240;175;110m[48;2;240;175;110m▀[0m[38;2;240;175;110m[48;2;240;175;110m▀[0m[38;2;240;175;110m[48;2;240;175;110m▀[0m[38;2;145;84;74m[48;2;145;84;74m▀[0m[38;2;196;128;94m[48;2;196;128;94m▀[0m[38;2;196;128;94m[48;2;196;128;94m▀[0m[38;2;196;128;94m[48;2;196;128;94m▀[0m[38;2;196;128;94m[48;2;196;128;94m▀[0m[38;2;145;84;74m[48;2;145;84;74m▀[0m[38;2;240;175;110m[48;2;240;175;110m▀[0m[38;2;240;175;110m[48;2;240;175;110m▀[0m[38;2;240;175;110m[48;2;240;175;110m▀[0m[38;2;240;175;110m[48;2;240;175;110m▀[0m[38;2;240;175;110m[48;2;240;175;110m▀[0m[38;2;240;175;110m[48;2;240;175;110m▀[0m[38;2;240;175;110m[48;2;240;175;110m▀[0m[38;2;240;175;110m[48;2;240;175;110m▀[0m[38;2;240;175;110m[48;2;240;175;110m▀[0m[38;2;240;175;110m[48;2;240;175;110m▀[0m[38;2;240;175;110m[48;2;240;175;110m▀[0m[38;2;97;76;71m[48;2;145;84;74m▀[0m[38;2;196;128;94m[48;2;196;128;94m▀[0m[38;2;196;128;94m[48;2;196;128;94m▀[0m[38;2;145;84;74m[48;2;145;84;74m▀[0m[38;2;240;175;110m[48;2;240;175;110m▀[0m[38;2;240;175;110m[48;2;240;175;110m▀[0m[38;2;240;175;110m[48;2;240;175;110m▀[0m[38;2;145;84;74m[48;2;145;84;74m▀[0m[38;2;240;175;110m[48;2;240;175;110m▀[0m[38;2;240;175;110m[48;2;240;175;110m▀[0m[38;2;240;175;110m[48;2;240;175;110m▀[0m[38;2;240;175;110m[48;2;240;175;110m▀[0m[38;2;240;175;110m[48;2;240;175;110m▀[0m[38;2;240;175;110m[48;2;240;175;110m▀[0m[38;2;145;84;74m[48;2;145;84;74m▀[0m[38;2;196;128;94m[48;2;196;128;94m▀[0m[38;2;196;128;94m[48;2;196;128;94m▀[0m[38;2;145;84;74m[48;2;145;84;74m▀[0m[38;2;196;128;94m[48;2;196;128;94m▀[0m[38;2;196;128;94m[48;2;196;128;94m▀[0m[38;2;196;128;94m[48;2;196;128;94m▀[0m[38;2;20;19;29m[48;2;20;19;29m▀[0m  
   [38;2;20;19;29m▀[38;2;196;128;94m[48;2;20;19;29m▀[0m[38;2;145;84;74m[48;2;196;128;94m▀[0m[38;2;196;128;94m[48;2;145;84;74m▀[0m[38;2;196;128;94m[48;2;196;128;94m▀[0m[38;2;196;128;94m[48;2;196;128;94m▀[0m[38;2;145;84;74m[48;2;145;84;74m▀[0m[38;2;196;128;94m[48;2;196;128;94m▀[0m[38;2;145;84;74m[48;2;196;128;94m▀[0m[38;2;196;128;94m[48;2;145;84;74m▀[0m[38;2;20;19;29m[48;2;20;19;29m▀[0m        [38;2;145;84;74m▄[38;2;145;84;74m[48;2;240;175;110m▀[0m[38;2;240;175;110m[48;2;240;175;110m▀[0m[38;2;240;175;110m[48;2;240;175;110m▀[0m[38;2;240;175;110m[48;2;240;175;110m▀[0m[38;2;240;175;110m[48;2;240;175;110m▀[0m[38;2;240;175;110m[48;2;240;175;110m▀[0m[38;2;240;175;110m[48;2;240;175;110m▀[0m[38;2;240;175;110m[48;2;240;175;110m▀[0m[38;2;240;175;110m[48;2;240;175;110m▀[0m[38;2;240;175;110m[48;2;240;175;110m▀[0m[38;2;145;84;74m[48;2;145;84;74m▀[0m[38;2;196;128;94m[48;2;196;128;94m▀[0m[38;2;196;128;94m[48;2;196;128;94m▀[0m[38;2;196;128;94m[48;2;196;128;94m▀[0m[38;2;196;128;94m[48;2;196;128;94m▀[0m[38;2;145;84;74m[48;2;145;84;74m▀[0m[38;2;240;175;110m[48;2;240;175;110m▀[0m[38;2;240;175;110m[48;2;240;175;110m▀[0m[38;2;240;175;110m[48;2;240;175;110m▀[0m[38;2;240;175;110m[48;2;240;175;110m▀[0m[38;2;240;175;110m[48;2;240;175;110m▀[0m[38;2;240;175;110m[48;2;240;175;110m▀[0m[38;2;240;175;110m[48;2;240;175;110m▀[0m[38;2;240;175;110m[48;2;240;175;110m▀[0m[38;2;240;175;110m[48;2;240;175;110m▀[0m[38;2;240;175;110m[48;2;240;175;110m▀[0m[38;2;240;175;110m[48;2;240;175;110m▀[0m[38;2;145;84;74m[48;2;145;84;74m▀[0m[38;2;196;128;94m[48;2;196;128;94m▀[0m[38;2;145;84;74m[48;2;145;84;74m▀[0m[38;2;240;175;110m[48;2;240;175;110m▀[0m[38;2;240;175;110m[48;2;240;175;110m▀[0m[38;2;240;175;110m[48;2;240;175;110m▀[0m[38;2;240;175;110m[48;2;240;175;110m▀[0m[38;2;145;84;74m[48;2;145;84;74m▀[0m[38;2;240;175;110m[48;2;240;175;110m▀[0m[38;2;240;175;110m[48;2;240;175;110m▀[0m[38;2;240;175;110m[48;2;240;175;110m▀[0m[38;2;240;175;110m[48;2;240;175;110m▀[0m[38;2;240;175;110m[48;2;240;175;110m▀[0m[38;2;240;175;110m[48;2;240;175;110m▀[0m[38;2;145;84;74m[48;2;145;84;74m▀[0m[38;2;196;128;94m[48;2;196;128;94m▀[0m[38;2;196;128;94m[48;2;196;128;94m▀[0m[38;2;145;84;74m[48;2;196;128;94m▀[0m[38;2;196;128;94m[48;2;145;84;74m▀[0m[38;2;196;128;94m[48;2;196;128;94m▀[0m[38;2;196;128;94m[48;2;196;128;94m▀[0m[38;2;20;19;29m[48;2;20;19;29m▀[0m  
     [38;2;20;19;29m▀[38;2;196;128;94m[48;2;20;19;29m▀[0m[38;2;145;84;74m[48;2;196;128;94m▀[0m[38;2;145;84;74m[48;2;196;128;94m▀[0m[38;2;196;128;94m[48;2;20;19;29m▀[0m[38;2;196;128;94m[48;2;20;19;29m▀[0m[38;2;20;19;29m▀[38;2;20;19;29m▀         [38;2;145;84;74m[48;2;145;84;74m▀[0m[38;2;240;175;110m[48;2;240;175;110m▀[0m[38;2;240;175;110m[48;2;240;175;110m▀[0m[38;2;240;175;110m[48;2;240;175;110m▀[0m[38;2;240;175;110m[48;2;240;175;110m▀[0m[38;2;240;175;110m[48;2;240;175;110m▀[0m[38;2;240;175;110m[48;2;240;175;110m▀[0m[38;2;240;175;110m[48;2;240;175;110m▀[0m[38;2;240;175;110m[48;2;240;175;110m▀[0m[38;2;240;175;110m[48;2;240;175;110m▀[0m[38;2;240;175;110m[48;2;240;175;110m▀[0m[38;2;145;84;74m[48;2;145;84;74m▀[0m[38;2;196;128;94m[48;2;196;128;94m▀[0m[38;2;196;128;94m[48;2;196;128;94m▀[0m[38;2;196;128;94m[48;2;196;128;94m▀[0m[38;2;196;128;94m[48;2;145;84;74m▀[0m[38;2;145;84;74m[48;2;240;175;110m▀[0m[38;2;240;175;110m[48;2;240;175;110m▀[0m[38;2;240;175;110m[48;2;240;175;110m▀[0m[38;2;240;175;110m[48;2;240;175;110m▀[0m[38;2;240;175;110m[48;2;240;175;110m▀[0m[38;2;240;175;110m[48;2;240;175;110m▀[0m[38;2;240;175;110m[48;2;240;175;110m▀[0m[38;2;240;175;110m[48;2;240;175;110m▀[0m[38;2;240;175;110m[48;2;240;175;110m▀[0m[38;2;240;175;110m[48;2;240;175;110m▀[0m[38;2;240;175;110m[48;2;240;175;110m▀[0m[38;2;240;175;110m[48;2;240;175;110m▀[0m[38;2;145;84;74m[48;2;145;84;74m▀[0m[38;2;196;128;94m[48;2;196;128;94m▀[0m[38;2;145;84;74m[48;2;196;128;94m▀[0m[38;2;240;175;110m[48;2;20;19;29m▀[0m[38;2;240;175;110m[48;2;20;19;29m▀[0m[38;2;240;175;110m[48;2;240;175;110m▀[0m[38;2;240;175;110m[48;2;240;175;110m▀[0m[38;2;145;84;74m[48;2;145;84;74m▀[0m[38;2;240;175;110m[48;2;240;175;110m▀[0m[38;2;240;175;110m[48;2;240;175;110m▀[0m[38;2;240;175;110m[48;2;240;175;110m▀[0m[38;2;240;175;110m[48;2;240;175;110m▀[0m[38;2;240;175;110m[48;2;240;175;110m▀[0m[38;2;240;175;110m[48;2;240;175;110m▀[0m[38;2;145;84;74m[48;2;145;84;74m▀[0m[38;2;196;128;94m[48;2;196;128;94m▀[0m[38;2;196;128;94m[48;2;196;128;94m▀[0m[38;2;196;128;94m[48;2;196;128;94m▀[0m[38;2;145;84;74m[48;2;145;84;74m▀[0m[38;2;196;128;94m[48;2;196;128;94m▀[0m[38;2;196;128;94m[48;2;196;128;94m▀[0m[38;2;20;19;29m[48;2;20;19;29m▀[0m  
       [38;2;20;19;29m▀[38;2;20;19;29m▀            [38;2;145;84;74m[48;2;145;84;74m▀[0m[38;2;240;175;110m[48;2;240;175;110m▀[0m[38;2;240;175;110m[48;2;240;175;110m▀[0m[38;2;240;175;110m[48;2;240;175;110m▀[0m[38;2;240;175;110m[48;2;240;175;110m▀[0m[38;2;240;175;110m[48;2;240;175;110m▀[0m[38;2;240;175;110m[48;2;240;175;110m▀[0m[38;2;240;175;110m[48;2;240;175;110m▀[0m[38;2;240;175;110m[48;2;240;175;110m▀[0m[38;2;240;175;110m[48;2;240;175;110m▀[0m[38;2;240;175;110m[48;2;240;175;110m▀[0m[38;2;240;175;110m[48;2;240;175;110m▀[0m[38;2;145;84;74m[48;2;145;84;74m▀[0m[38;2;196;128;94m[48;2;196;128;94m▀[0m[38;2;196;128;94m[48;2;196;128;94m▀[0m[38;2;196;128;94m[48;2;196;128;94m▀[0m[38;2;145;84;74m[48;2;145;84;74m▀[0m[38;2;240;175;110m[48;2;240;175;110m▀[0m[38;2;240;175;110m[48;2;240;175;110m▀[0m[38;2;240;175;110m[48;2;240;175;110m▀[0m[38;2;240;175;110m[48;2;240;175;110m▀[0m[38;2;240;175;110m[48;2;240;175;110m▀[0m[38;2;240;175;110m[48;2;240;175;110m▀[0m[38;2;240;175;110m[48;2;240;175;110m▀[0m[38;2;240;175;110m[48;2;240;175;110m▀[0m[38;2;240;175;110m[48;2;240;175;110m▀[0m[38;2;240;175;110m[48;2;240;175;110m▀[0m[38;2;240;175;110m[48;2;240;175;110m▀[0m[38;2;240;175;110m[48;2;240;175;110m▀[0m[38;2;145;84;74m[48;2;145;84;74m▀[0m[38;2;196;128;94m[48;2;196;128;94m▀[0m[38;2;196;128;94m[48;2;196;128;94m▀[0m[38;2;196;128;94m[48;2;196;128;94m▀[0m[38;2;196;128;94m[48;2;196;128;94m▀[0m[38;2;20;19;29m[48;2;196;128;94m▀[0m[38;2;20;19;29m[48;2;196;128;94m▀[0m[38;2;145;84;74m[48;2;145;84;74m▀[0m[38;2;240;175;110m[48;2;240;175;110m▀[0m[38;2;240;175;110m[48;2;240;175;110m▀[0m[38;2;240;175;110m[48;2;240;175;110m▀[0m[38;2;240;175;110m[48;2;240;175;110m▀[0m[38;2;240;175;110m[48;2;240;175;110m▀[0m[38;2;240;175;110m[48;2;240;175;110m▀[0m[38;2;145;84;74m[48;2;145;84;74m▀[0m[38;2;196;128;94m[48;2;196;128;94m▀[0m[38;2;196;128;94m[48;2;196;128;94m▀[0m[38;2;196;128;94m[48;2;196;128;94m▀[0m[38;2;145;84;74m[48;2;145;84;74m▀[0m[38;2;196;128;94m[48;2;196;128;94m▀[0m[38;2;196;128;94m[48;2;196;128;94m▀[0m[38;2;20;19;29m[48;2;20;19;29m▀[0m  
                      [38;2;20;19;29m▀[38;2;20;19;29m▀[38;2;20;19;29m▀[38;2;20;19;29m▀[38;2;20;19;29m▀[38;2;20;19;29m▀[38;2;240;175;110m[48;2;20;19;29m▀[0m[38;2;240;175;110m[48;2;20;19;29m▀[0m[38;2;240;175;110m[48;2;20;19;29m▀[0m[38;2;240;175;110m[48;2;20;19;29m▀[0m[38;2;240;175;110m[48;2;20;19;29m▀[0m[38;2;196;128;94m[48;2;20;19;29m▀[0m[38;2;196;128;94m[48;2;20;19;29m▀[0m[38;2;20;19;29m▀[38;2;145;84;74m[48;2;145;84;74m▀[0m[38;2;240;175;110m[48;2;240;175;110m▀[0m[38;2;240;175;110m[48;2;240;175;110m▀[0m[38;2;240;175;110m[48;2;240;175;110m▀[0m[38;2;240;175;110m[48;2;240;175;110m▀[0m[38;2;240;175;110m[48;2;240;175;110m▀[0m[38;2;240;175;110m[48;2;240;175;110m▀[0m[38;2;240;175;110m[48;2;240;175;110m▀[0m[38;2;240;175;110m[48;2;240;175;110m▀[0m[38;2;240;175;110m[48;2;240;175;110m▀[0m[38;2;240;175;110m[48;2;240;175;110m▀[0m[38;2;240;175;110m[48;2;240;175;110m▀[0m[38;2;240;175;110m[48;2;240;175;110m▀[0m[38;2;240;175;110m[48;2;240;175;110m▀[0m[38;2;145;84;74m[48;2;145;84;74m▀[0m[38;2;196;128;94m[48;2;196;128;94m▀[0m[38;2;196;128;94m[48;2;196;128;94m▀[0m[38;2;196;128;94m[48;2;196;128;94m▀[0m[38;2;196;128;94m[48;2;196;128;94m▀[0m[38;2;196;128;94m[48;2;20;19;29m▀[0m[38;2;196;128;94m[48;2;20;19;29m▀[0m[38;2;145;84;74m[48;2;145;84;74m▀[0m[38;2;240;175;110m[48;2;240;175;110m▀[0m[38;2;240;175;110m[48;2;240;175;110m▀[0m[38;2;240;175;110m[48;2;240;175;110m▀[0m[38;2;240;175;110m[48;2;240;175;110m▀[0m[38;2;240;175;110m[48;2;240;175;110m▀[0m[38;2;240;175;110m[48;2;240;175;110m▀[0m[38;2;145;84;74m[48;2;145;84;74m▀[0m[38;2;196;128;94m[48;2;196;128;94m▀[0m[38;2;196;128;94m[48;2;196;128;94m▀[0m[38;2;196;128;94m[48;2;196;128;94m▀[0m[38;2;145;84;74m[48;2;145;84;74m▀[0m[38;2;196;128;94m[48;2;20;19;29m▀[0m[38;2;20;19;29m▀   
                                     [38;2;20;19;29m▀[38;2;20;19;29m▀[38;2;20;19;29m▀[38;2;20;19;29m▀[38;2;240;175;110m[48;2;20;19;29m▀[0m[38;2;240;175;110m[48;2;20;19;29m▀[0m[38;2;240;175;110m[48;2;20;19;29m▀[0m[38;2;240;175;110m[48;2;20;19;29m▀[0m[38;2;240;175;110m[48;2;20;19;29m▀[0m[38;2;240;175;110m[48;2;240;175;110m▀[0m[38;2;240;175;110m[48;2;240;175;110m▀[0m[38;2;240;175;110m[48;2;240;175;110m▀[0m[38;2;240;175;110m[48;2;240;175;110m▀[0m[38;2;196;128;94m[48;2;196;128;94m▀[0m[38;2;196;128;94m[48;2;20;19;29m▀[0m[38;2;196;128;94m[48;2;20;19;29m▀[0m[38;2;20;19;29m▀[38;2;20;19;29m▀  [38;2;145;84;74m[48;2;145;84;74m▀[0m[38;2;240;175;110m[48;2;240;175;110m▀[0m[38;2;240;175;110m[48;2;240;175;110m▀[0m[38;2;240;175;110m[48;2;240;175;110m▀[0m[38;2;240;175;110m[48;2;240;175;110m▀[0m[38;2;240;175;110m[48;2;240;175;110m▀[0m[38;2;240;175;110m[48;2;240;175;110m▀[0m[38;2;145;84;74m[48;2;145;84;74m▀[0m[38;2;196;128;94m[48;2;196;128;94m▀[0m[38;2;196;128;94m[48;2;196;128;94m▀[0m[38;2;196;128;94m[48;2;20;19;29m▀[0m[38;2;20;19;29m▀     
                                              [38;2;20;19;29m▀[38;2;20;19;29m▀[38;2;20;19;29m▀[38;2;20;19;29m▀[38;2;20;19;29m▀       [38;2;20;19;29m▀[38;2;20;19;29m▀[38;2;20;19;29m▀[38;2;240;175;110m[48;2;20;19;29m▀[0m[38;2;240;175;110m[48;2;20;19;29m▀[0m[38;2;240;175;110m[48;2;20;19;29m▀[0m[38;2;145;84;74m[48;2;20;19;29m▀[0m[38;2;196;128;94m[48;2;20;19;29m▀[0m[38;2;20;19;29m▀       
[0m