                  [38;2;102;102;115m▄[38;2;102;102;115m[48;2;195;195;200m▀[0m[38;2;102;102;115m[48;2;146;146;161m▀[0m[38;2;102;102;115m[48;2;146;146;161m▀[0m[38;2;102;102;115m▄[38;2;23;23;23m▄                                                   
                  [38;2;102;102;115m[48;2;102;102;115m▀[0m[38;2;195;195;200m[48;2;195;195;200m▀[0m[38;2;146;146;161m[48;2;195;195;200m▀[0m[38;2;146;146;161m[48;2;146;146;161m▀[0m[38;2;146;146;161m[48;2;146;146;161m▀[0m[38;2;146;146;161m[48;2;146;146;161m▀[0m[38;2;102;102;115m[48;2;146;146;161m▀[0m[38;2;23;23;23m[48;2;146;146;161m▀[0m[38;2;23;23;23m▄                                                
                  [38;2;102;102;115m[48;2;102;102;115m▀[0m[38;2;195;195;200m[48;2;195;195;200m▀[0m[38;2;195;195;200m[48;2;195;195;200m▀[0m[38;2;146;146;161m[48;2;146;146;161m▀[0m[38;2;146;146;161m[48;2;146;146;161m▀[0m[38;2;146;146;161m[48;2;146;146;161m▀[0m[38;2;146;146;161m[48;2;146;146;161m▀[0m[38;2;146;146;161m[48;2;146;146;161m▀[0m[38;2;146;146;161m[48;2;146;146;161m▀[0m[38;2;23;23;23m[48;2;146;146;161m▀[0m[38;2;23;23;23m▄                                              
                  [38;2;102;102;115m[48;2;102;102;115m▀[0m[38;2;195;195;200m[48;2;195;195;200m▀[0m[38;2;195;195;200m[48;2;195;195;200m▀[0m[38;2;146;146;161m[48;2;195;195;200m▀[0m[38;2;146;146;161m[48;2;146;146;161m▀[0m[38;2;146;146;161m[48;2;146;146;161m▀[0m[38;2;146;146;161m[48;2;146;146;161m▀[0m[38;2;146;146;161m[48;2;146;146;161m▀[0m[38;2;146;146;161m[48;2;146;146;161m▀[0m[38;2;146;146;161m[48;2;146;146;161m▀[0m[38;2;146;146;161m[48;2;146;146;161m▀[0m[38;2;23;23;23m[48;2;146;146;161m▀[0m[38;2;23;23;23m▄                                            
                   [38;2;102;102;115m[48;2;102;102;115m▀[0m[38;2;195;195;200m[48;2;195;195;200m▀[0m[38;2;195;195;200m[48;2;195;195;200m▀[0m[38;2;146;146;161m[48;2;146;146;161m▀[0m[38;2;146;146;161m[48;2;146;146;161m▀[0m[38;2;146;146;161m[48;2;146;146;161m▀[0m[38;2;146;146;161m[48;2;146;146;161m▀[0m[38;2;146;146;161m[48;2;195;195;200m▀[0m[38;2;146;146;161m[48;2;146;146;161m▀[0m[38;2;146;146;161m[48;2;146;146;161m▀[0m[38;2;146;146;161m[48;2;146;146;161m▀[0m[38;2;102;102;115m[48;2;146;146;161m▀[0m[38;2;23;23;23m▄                                           
                   [38;2;102;102;115m▀[38;2;195;195;200m[48;2;102;102;115m▀[0m[38;2;195;195;200m[48;2;195;195;200m▀[0m[38;2;146;146;161m[48;2;146;146;161m▀[0m[38;2;146;146;161m[48;2;146;146;161m▀[0m[38;2;146;146;161m[48;2;146;146;161m▀[0m[38;2;195;195;200m[48;2;146;146;161m▀[0m[38;2;146;146;161m[48;2;195;195;200m▀[0m[38;2;195;195;200m[48;2;146;146;161m▀[0m[38;2;146;146;161m[48;2;146;146;161m▀[0m[38;2;146;146;161m[48;2;146;146;161m▀[0m[38;2;146;146;161m[48;2;146;146;161m▀[0m[38;2;102;102;115m[48;2;146;146;161m▀[0m[38;2;23;23;23m▄                                          
                   [38;2;102;102;115m▄[38;2;102;102;115m[48;2;195;195;200m▀[0m[38;2;146;146;161m[48;2;195;195;200m▀[0m[38;2;146;146;161m[48;2;195;195;200m▀[0m[38;2;146;146;161m[48;2;195;195;200m▀[0m[38;2;146;146;161m[48;2;137;137;150m▀[0m[38;2;146;146;161m[48;2;137;137;150m▀[0m[38;2;102;102;115m[48;2;195;195;198m▀[0m[38;2;102;102;115m[48;2;195;195;198m▀[0m[38;2;102;102;115m[48;2;195;195;198m▀[0m[38;2;146;146;161m[48;2;102;102;115m▀[0m[38;2;146;146;161m[48;2;102;102;115m▀[0m[38;2;146;146;161m[48;2;146;146;161m▀[0m[38;2;102;102;115m[48;2;146;146;161m▀[0m[38;2;23;23;23m▄                                         
                 [38;2;102;102;115m▄[38;2;102;102;115m[48;2;146;146;161m▀[0m[38;2;195;195;200m[48;2;195;195;200m▀[0m[38;2;195;195;200m[48;2;195;195;200m▀[0m[38;2;195;195;200m[48;2;137;137;150m▀[0m[38;2;137;137;150m[48;2;195;195;198m▀[0m[38;2;137;137;150m[48;2;195;195;198m▀[0m[38;2;195;195;198m[48;2;195;195;198m▀[0m[38;2;195;195;198m[48;2;137;137;150m▀[0m[38;2;195;195;198m[48;2;137;137;150m▀[0m[38;2;137;137;150m[48;2;195;195;198m▀[0m[38;2;137;137;150m[48;2;195;195;198m▀[0m[38;2;137;137;150m[48;2;195;195;198m▀[0m[38;2;137;137;150m[48;2;195;195;198m▀[0m[38;2;102;102;115m[48;2;137;137;150m▀[0m[38;2;146;146;161m[48;2;102;102;115m▀[0m[38;2;23;23;23m[48;2;23;23;23m▀[0m                                         
                [38;2;23;23;23m▄[38;2;102;102;115m[48;2;146;146;161m▀[0m[38;2;195;195;200m[48;2;195;195;200m▀[0m[38;2;195;195;200m[48;2;137;137;150m▀[0m[38;2;137;137;150m[48;2;195;195;198m▀[0m[38;2;195;195;198m[48;2;195;195;198m▀[0m[38;2;195;195;198m[48;2;195;195;198m▀[0m[38;2;195;195;198m[48;2;137;137;150m▀[0m[38;2;137;137;150m[48;2;195;195;198m▀[0m[38;2;195;195;198m[48;2;195;195;198m▀[0m[38;2;195;195;198m[48;2;195;195;198m▀[0m[38;2;195;195;198m[48;2;195;195;198m▀[0m[38;2;195;195;198m[48;2;137;137;150m▀[0m[38;2;195;195;198m[48;2;48;46;58m▀[0m[38;2;137;137;150m[48;2;48;46;58m▀[0m[38;2;137;137;150m[48;2;48;46;58m▀[0m[38;2;137;137;150m[48;2;119;119;133m▀[0m[38;2;23;23;23m[48;2;119;119;133m▀[0m[38;2;119;119;133m[48;2;200;200;204m▀[0m[38;2;119;119;133m[48;2;200;200;204m▀[0m[38;2;119;119;133m[48;2;23;23;23m▀[0m                                      
               [38;2;23;23;23m[48;2;23;23;23m▀[0m[38;2;137;137;150m[48;2;137;137;150m▀[0m[38;2;146;146;161m[48;2;146;146;161m▀[0m[38;2;195;195;200m[48;2;137;137;150m▀[0m[38;2;137;137;150m[48;2;195;195;198m▀[0m[38;2;195;195;198m[48;2;195;195;198m▀[0m[38;2;195;195;198m[48;2;137;137;150m▀[0m[38;2;137;137;150m[48;2;195;195;198m▀[0m[38;2;195;195;198m[48;2;195;195;198m▀[0m[38;2;195;195;198m[48;2;195;195;198m▀[0m[38;2;195;195;198m[48;2;137;137;150m▀[0m[38;2;137;137;150m[48;2;102;102;115m▀[0m[38;2;102;102;115m[48;2;200;200;204m▀[0m[38;2;48;46;58m[48;2;119;119;133m▀[0m[38;2;48;46;58m[48;2;119;119;133m▀[0m[38;2;119;119;133m[48;2;200;200;204m▀[0m[38;2;119;119;133m[48;2;200;200;204m▀[0m[38;2;200;200;204m[48;2;200;200;204m▀[0m[38;2;200;200;204m[48;2;200;200;204m▀[0m[38;2;200;200;204m[48;2;23;23;23m▀[0m[38;2;23;23;23m▀                                       
              [38;2;23;23;23m[48;2;23;23;23m▀[0m[38;2;137;137;150m[48;2;137;137;150m▀[0m[38;2;195;195;198m[48;2;195;195;198m▀[0m[38;2;146;146;161m[48;2;195;195;198m▀[0m[38;2;137;137;150m[48;2;137;137;150m▀[0m[38;2;195;195;198m[48;2;195;195;198m▀[0m[38;2;195;195;198m[48;2;137;137;150m▀[0m[38;2;137;137;150m[48;2;195;195;198m▀[0m[38;2;195;195;198m[48;2;195;195;198m▀[0m[38;2;195;195;198m[48;2;195;195;198m▀[0m[38;2;137;137;150m[48;2;102;102;115m▀[0m[38;2;102;102;115m[48;2;184;73;130m▀[0m[38;2;200;200;204m[48;2;48;46;58m▀[0m[38;2;200;200;204m[48;2;200;200;204m▀[0m[38;2;200;200;204m[48;2;200;200;204m▀[0m[38;2;200;200;204m[48;2;200;200;204m▀[0m[38;2;200;200;204m[48;2;200;200;204m▀[0m[38;2;200;200;204m[48;2;158;158;168m▀[0m[38;2;200;200;204m[48;2;23;23;23m▀[0m[38;2;23;23;23m[48;2;137;137;150m▀[0m[38;2;137;137;150m[48;2;137;137;150m▀[0m[38;2;23;23;23m[48;2;23;23;23m▀[0m                                       
              [38;2;23;23;23m[48;2;23;23;23m▀[0m[38;2;137;137;150m[48;2;137;137;150m▀[0m[38;2;195;195;198m[48;2;195;195;198m▀[0m[38;2;195;195;198m[48;2;195;195;198m▀[0m[38;2;195;195;198m[48;2;195;195;198m▀[0m[38;2;195;195;198m[48;2;195;195;198m▀[0m[38;2;137;137;150m[48;2;137;137;150m▀[0m[38;2;195;195;198m[48;2;195;195;198m▀[0m[38;2;195;195;198m[48;2;195;195;198m▀[0m[38;2;102;102;115m[48;2;102;102;115m▀[0m[38;2;184;73;130m[48;2;48;46;58m▀[0m[38;2;242;102;165m[48;2;242;102;165m▀[0m[38;2;184;73;130m[48;2;242;102;165m▀[0m[38;2;48;46;58m[48;2;48;46;58m▀[0m[38;2;200;200;204m[48;2;200;200;204m▀[0m[38;2;200;200;204m[48;2;200;200;204m▀[0m[38;2;158;158;168m[48;2;200;200;204m▀[0m[38;2;119;119;133m[48;2;200;200;204m▀[0m[38;2;119;119;133m[48;2;200;200;204m▀[0m[38;2;119;119;133m[48;2;158;158;168m▀[0m[38;2;119;119;133m[48;2;23;23;23m▀[0m[38;2;23;23;23m[48;2;23;23;23m▀[0m                                       
               [38;2;23;23;23m[48;2;23;23;23m▀[0m[38;2;137;137;150m[48;2;137;137;150m▀[0m[38;2;195;195;198m[48;2;195;195;198m▀[0m[38;2;195;195;198m[48;2;195;195;198m▀[0m[38;2;137;137;150m[48;2;137;137;150m▀[0m[38;2;195;195;198m[48;2;195;195;198m▀[0m[38;2;195;195;198m[48;2;195;195;198m▀[0m[38;2;102;102;115m[48;2;102;102;115m▀[0m[38;2;184;73;130m[48;2;184;73;130m▀[0m[38;2;48;46;58m[48;2;48;46;58m▀[0m[38;2;242;102;165m[48;2;242;102;165m▀[0m[38;2;242;102;165m[48;2;184;73;130m▀[0m[38;2;48;46;58m[48;2;48;46;58m▀[0m[38;2;200;200;204m[48;2;200;200;204m▀[0m[38;2;200;200;204m[48;2;158;158;168m▀[0m[38;2;200;200;204m[48;2;23;23;23m▀[0m[38;2;158;158;168m[48;2;23;23;23m▀[0m[38;2;23;23;23m[48;2;137;137;150m▀[0m[38;2;23;23;23m[48;2;137;137;150m▀[0m[38;2;137;137;150m[48;2;137;137;150m▀[0m[38;2;23;23;23m[48;2;23;23;23m▀[0m[38;2;102;102;115m▄[38;2;102;102;115m▄[38;2;102;102;115m▄                                    
                [38;2;23;23;23m[48;2;23;23;23m▀[0m[38;2;195;195;198m[48;2;195;195;198m▀[0m[38;2;195;195;198m[48;2;195;195;198m▀[0m[38;2;137;137;150m[48;2;195;195;198m▀[0m[38;2;195;195;198m[48;2;195;195;198m▀[0m[38;2;195;195;198m[48;2;195;195;198m▀[0m[38;2;48;46;58m[48;2;48;46;58m▀[0m[38;2;48;46;58m[48;2;48;46;58m▀[0m[38;2;184;73;130m[48;2;48;46;58m▀[0m[38;2;184;73;130m[48;2;48;46;58m▀[0m[38;2;48;46;58m[48;2;119;119;133m▀[0m[38;2;119;119;133m[48;2;200;200;204m▀[0m[38;2;200;200;204m[48;2;200;200;204m▀[0m[38;2;200;200;204m[48;2;137;137;150m▀[0m[38;2;137;137;150m[48;2;195;195;198m▀[0m[38;2;195;195;198m[48;2;137;137;150m▀[0m[38;2;137;137;150m[48;2;137;137;150m▀[0m[38;2;137;137;150m[48;2;137;137;150m▀[0m[38;2;23;23;23m[48;2;23;23;23m▀[0m[38;2;195;195;198m[48;2;137;137;150m▀[0m[38;2;195;195;198m[48;2;195;195;198m▀[0m[38;2;195;195;198m[48;2;195;195;198m▀[0m[38;2;195;195;198m[48;2;195;195;198m▀[0m[38;2;102;102;115m[48;2;195;195;198m▀[0m[38;2;102;102;115m[48;2;195;195;198m▀[0m[38;2;102;102;115m▄                                 
               [38;2;102;102;115m[48;2;102;102;115m▀[0m[38;2;102;102;115m[48;2;137;137;150m▀[0m[38;2;23;23;23m[48;2;137;137;150m▀[0m[38;2;195;195;198m[48;2;23;23;23m▀[0m[38;2;195;195;198m[48;2;195;195;198m▀[0m[38;2;195;195;198m[48;2;195;195;198m▀[0m[38;2;195;195;198m[48;2;195;195;198m▀[0m[38;2;102;102;115m[48;2;102;102;115m▀[0m[38;2;48;46;58m[48;2;200;200;204m▀[0m[38;2;48;46;58m[48;2;200;200;204m▀[0m[38;2;200;200;204m[48;2;137;137;150m▀[0m[38;2;200;200;204m[48;2;137;137;150m▀[0m[38;2;137;137;150m[48;2;195;195;198m▀[0m[38;2;137;137;150m[48;2;195;195;198m▀[0m[38;2;195;195;198m[48;2;137;137;150m▀[0m[38;2;137;137;150m[48;2;137;137;150m▀[0m[38;2;137;137;150m[48;2;137;137;150m▀[0m[38;2;137;137;150m[48;2;23;23;23m▀[0m[38;2;23;23;23m▀[38;2;23;23;23m[48;2;23;23;23m▀[0m[38;2;137;137;150m[48;2;137;137;150m▀[0m[38;2;137;137;150m[48;2;137;137;150m▀[0m[38;2;137;137;150m[48;2;137;137;150m▀[0m[38;2;195;195;198m[48;2;184;73;130m▀[0m[38;2;195;195;198m[48;2;137;137;150m▀[0m[38;2;195;195;198m[48;2;137;137;150m▀[0m[38;2;195;195;198m[48;2;137;137;150m▀[0m[38;2;130;53;104m[48;2;184;73;130m▀[0m[38;2;130;53;104m▄                               
                [38;2;102;102;115m▀[38;2;137;137;150m▀[38;2;137;137;150m[48;2;102;102;115m▀[0m[38;2;23;23;23m[48;2;102;102;115m▀[0m[38;2;23;23;23m[48;2;102;102;115m▀[0m[38;2;195;195;198m[48;2;23;23;23m▀[0m[38;2;195;195;198m[48;2;23;23;23m▀[0m[38;2;23;23;23m[48;2;23;23;23m▀[0m[38;2;79;78;89m[48;2;23;23;23m▀[0m[38;2;23;23;23m[48;2;79;78;89m▀[0m[38;2;137;137;150m[48;2;23;23;23m▀[0m[38;2;137;137;150m[48;2;23;23;23m▀[0m[38;2;137;137;150m[48;2;23;23;23m▀[0m[38;2;137;137;150m[48;2;23;23;23m▀[0m[38;2;23;23;23m[48;2;137;137;150m▀[0m[38;2;23;23;23m[48;2;184;73;130m▀[0m[38;2;130;53;104m[48;2;130;53;104m▀[0m  [38;2;23;23;23m[48;2;23;23;23m▀[0m[38;2;137;137;150m[48;2;137;137;150m▀[0m[38;2;137;137;150m[48;2;137;137;150m▀[0m[38;2;137;137;150m[48;2;137;137;150m▀[0m[38;2;184;73;130m[48;2;184;73;130m▀[0m[38;2;184;73;130m[48;2;184;73;130m▀[0m[38;2;137;137;150m[48;2;184;73;130m▀[0m[38;2;184;73;130m[48;2;184;73;130m▀[0m[38;2;130;53;104m[48;2;130;53;104m▀[0m                               
                       [38;2;23;23;23m▄[38;2;23;23;23m[48;2;48;46;58m▀[0m[38;2;79;78;89m[48;2;79;78;89m▀[0m[38;2;23;23;23m[48;2;48;46;58m▀[0m[38;2;137;137;150m[48;2;23;23;23m▀[0m[38;2;137;137;150m[48;2;184;73;130m▀[0m[38;2;137;137;150m[48;2;184;73;130m▀[0m[38;2;184;73;130m[48;2;184;73;130m▀[0m[38;2;184;73;130m[48;2;130;53;104m▀[0m[38;2;130;53;104m▀   [38;2;23;23;23m▀[38;2;137;137;150m[48;2;130;53;104m▀[0m[38;2;137;137;150m[48;2;184;73;130m▀[0m[38;2;137;137;150m[48;2;184;73;130m▀[0m[38;2;184;73;130m[48;2;184;73;130m▀[0m[38;2;184;73;130m[48;2;184;73;130m▀[0m[38;2;184;73;130m[48;2;130;53;104m▀[0m[38;2;130;53;104m▀                               
                [38;2;79;78;89m▄[38;2;79;78;89m[48;2;200;200;204m▀[0m[38;2;79;78;89m[48;2;200;200;204m▀[0m[38;2;79;78;89m▄[38;2;79;78;89m▄[38;2;79;78;89m[48;2;158;158;168m▀[0m[38;2;79;78;89m[48;2;200;200;204m▀[0m[38;2;200;200;204m[48;2;48;46;58m▀[0m[38;2;200;200;204m[48;2;200;200;204m▀[0m[38;2;200;200;204m[48;2;200;200;204m▀[0m[38;2;200;200;204m[48;2;130;53;104m▀[0m[38;2;130;53;104m[48;2;242;102;165m▀[0m[38;2;130;53;104m[48;2;242;102;165m▀[0m[38;2;130;53;104m[48;2;130;53;104m▀[0m[38;2;130;53;104m▀  [38;2;79;78;89m▄[38;2;79;78;89m▄   [38;2;130;53;104m▀[38;2;130;53;104m▀[38;2;130;53;104m▀[38;2;130;53;104m▀                                 
              [38;2;119;119;133m▄[38;2;119;119;133m[48;2;200;200;204m▀[0m[38;2;200;200;204m[48;2;119;119;133m▀[0m[38;2;119;119;133m[48;2;119;119;133m▀[0m[38;2;119;119;133m[48;2;79;78;89m▀[0m[38;2;79;78;89m[48;2;200;200;204m▀[0m[38;2;200;200;204m[48;2;200;200;204m▀[0m[38;2;158;158;168m[48;2;200;200;204m▀[0m[38;2;200;200;204m[48;2;48;46;58m▀[0m[38;2;48;46;58m[48;2;200;200;204m▀[0m[38;2;200;200;204m[48;2;158;158;168m▀[0m[38;2;130;53;104m[48;2;242;102;165m▀[0m[38;2;184;73;130m[48;2;242;102;165m▀[0m[38;2;242;102;165m[48;2;184;73;130m▀[0m[38;2;255;199;227m[48;2;242;102;165m▀[0m[38;2;130;53;104m[48;2;130;53;104m▀[0m[38;2;79;78;89m[48;2;158;158;168m▀[0m[38;2;79;78;89m▄[38;2;79;78;89m[48;2;79;78;89m▀[0m[38;2;158;158;168m[48;2;119;119;133m▀[0m[38;2;158;158;168m[48;2;119;119;133m▀[0m[38;2;79;78;89m[48;2;119;119;133m▀[0m[38;2;79;78;89m[48;2;158;158;168m▀[0m[38;2;79;78;89m▄[38;2;79;78;89m▄                                    
           [38;2;119;119;133m▄[38;2;119;119;133m[48;2;158;158;168m▀[0m[38;2;119;119;133m[48;2;200;200;204m▀[0m[38;2;200;200;204m[48;2;200;200;204m▀[0m[38;2;158;158;168m[48;2;119;119;133m▀[0m[38;2;119;119;133m[48;2;79;78;89m▀[0m[38;2;79;78;89m[48;2;200;200;204m▀[0m[38;2;200;200;204m[48;2;200;200;204m▀[0m[38;2;200;200;204m[48;2;200;200;204m▀[0m[38;2;200;200;204m[48;2;48;46;58m▀[0m[38;2;48;46;58m[48;2;23;23;23m▀[0m[38;2;158;158;168m[48;2;79;78;89m▀[0m[38;2;158;158;168m[48;2;79;78;89m▀[0m[38;2;158;158;168m[48;2;158;158;168m▀[0m[38;2;242;102;165m[48;2;184;73;130m▀[0m[38;2;242;102;165m[48;2;242;102;165m▀[0m[38;2;184;73;130m[48;2;255;199;227m▀[0m[38;2;242;102;165m[48;2;184;73;130m▀[0m[38;2;130;53;104m[48;2;130;53;104m▀[0m[38;2;158;158;168m[48;2;48;46;58m▀[0m[38;2;158;158;168m[48;2;158;158;168m▀[0m[38;2;200;200;204m[48;2;158;158;168m▀[0m[38;2;79;78;89m[48;2;200;200;204m▀[0m[38;2;79;78;89m[48;2;200;200;204m▀[0m[38;2;119;119;133m[48;2;79;78;89m▀[0m[38;2;119;119;133m[48;2;79;78;89m▀[0m[38;2;119;119;133m[48;2;119;119;133m▀[0m[38;2;158;158;168m[48;2;119;119;133m▀[0m[38;2;79;78;89m[48;2;158;158;168m▀[0m[38;2;79;78;89m▄                                  
         [38;2;119;119;133m▄[38;2;119;119;133m[48;2;200;200;204m▀[0m[38;2;200;200;204m[48;2;200;200;204m▀[0m[38;2;200;200;204m[48;2;200;200;204m▀[0m[38;2;200;200;204m[48;2;200;200;204m▀[0m[38;2;200;200;204m[48;2;200;200;204m▀[0m[38;2;119;119;133m[48;2;119;119;133m▀[0m[38;2;79;78;89m[48;2;119;119;133m▀[0m[38;2;200;200;204m[48;2;48;46;58m▀[0m[38;2;200;200;204m[48;2;48;46;58m▀[0m[38;2;48;46;58m[48;2;23;23;23m▀[0m [38;2;23;23;23m▀[38;2;79;78;89m[48;2;23;23;23m▀[0m[38;2;79;78;89m[48;2;79;78;89m▀[0m[38;2;48;46;58m[48;2;48;46;58m▀[0m[38;2;158;158;168m[48;2;158;158;168m▀[0m[38;2;184;73;130m[48;2;130;53;104m▀[0m[38;2;242;102;165m[48;2;130;53;104m▀[0m[38;2;130;53;104m[48;2;23;23;23m▀[0m[38;2;23;23;23m[48;2;184;73;130m▀[0m[38;2;184;73;130m[48;2;184;73;130m▀[0m[38;2;48;46;58m[48;2;184;73;130m▀[0m[38;2;48;46;58m[48;2;119;119;133m▀[0m[38;2;158;158;168m[48;2;48;46;58m▀[0m[38;2;200;200;204m[48;2;48;46;58m▀[0m[38;2;200;200;204m[48;2;200;200;204m▀[0m[38;2;200;200;204m[48;2;200;200;204m▀[0m[38;2;79;78;89m[48;2;48;46;58m▀[0m[38;2;119;119;133m[48;2;119;119;133m▀[0m[38;2;119;119;133m[48;2;119;119;133m▀[0m[38;2;200;200;204m[48;2;200;200;204m▀[0m[38;2;79;78;89m[48;2;158;158;168m▀[0m[38;2;79;78;89m▄                                
      [38;2;119;119;133m▄[38;2;119;119;133m[48;2;158;158;168m▀[0m[38;2;119;119;133m[48;2;200;200;204m▀[0m[38;2;200;200;204m[48;2;200;200;204m▀[0m[38;2;200;200;204m[48;2;200;200;204m▀[0m[38;2;200;200;204m[48;2;200;200;204m▀[0m[38;2;200;200;204m[48;2;200;200;204m▀[0m[38;2;200;200;204m[48;2;158;158;168m▀[0m[38;2;158;158;168m[48;2;158;158;168m▀[0m[38;2;200;200;204m[48;2;158;158;168m▀[0m[38;2;119;119;133m[48;2;200;200;204m▀[0m[38;2;119;119;133m[48;2;200;200;204m▀[0m[38;2;200;200;204m[48;2;23;23;23m▀[0m[38;2;23;23;23m▀  [38;2;23;23;23m▀[38;2;48;46;58m[48;2;23;23;23m▀[0m[38;2;79;78;89m[48;2;79;78;89m▀[0m[38;2;79;78;89m[48;2;79;78;89m▀[0m[38;2;158;158;168m[48;2;48;46;58m▀[0m[38;2;158;158;168m[48;2;23;23;23m▀[0m[38;2;23;23;23m[48;2;130;53;104m▀[0m[38;2;184;73;130m[48;2;184;73;130m▀[0m[38;2;184;73;130m[48;2;184;73;130m▀[0m[38;2;184;73;130m[48;2;184;73;130m▀[0m[38;2;184;73;130m[48;2;184;73;130m▀[0m[38;2;119;119;133m[48;2;184;73;130m▀[0m[38;2;23;23;23m[48;2;23;23;23m▀[0m[38;2;48;46;58m[48;2;158;158;168m▀[0m[38;2;48;46;58m[48;2;119;119;133m▀[0m[38;2;119;119;133m[48;2;119;119;133m▀[0m[38;2;119;119;133m[48;2;119;119;133m▀[0m[38;2;119;119;133m[48;2;200;200;204m▀[0m[38;2;200;200;204m[48;2;158;158;168m▀[0m[38;2;158;158;168m[48;2;158;158;168m▀[0m[38;2;158;158;168m[48;2;158;158;168m▀[0m[38;2;79;78;89m[48;2;158;158;168m▀[0m[38;2;79;78;89m▄                              
    [38;2;119;119;133m▄[38;2;119;119;133m[48;2;200;200;204m▀[0m[38;2;200;200;204m[48;2;200;200;204m▀[0m[38;2;200;200;204m[48;2;200;200;204m▀[0m[38;2;200;200;204m[48;2;200;200;204m▀[0m[38;2;200;200;204m[48;2;200;200;204m▀[0m[38;2;200;200;204m[48;2;158;158;168m▀[0m[38;2;158;158;168m[48;2;158;158;168m▀[0m[38;2;158;158;168m[48;2;158;158;168m▀[0m[38;2;158;158;168m[48;2;158;158;168m▀[0m[38;2;158;158;168m[48;2;23;23;23m▀[0m[38;2;158;158;168m[48;2;23;23;23m▀[0m[38;2;23;23;23m▀[38;2;23;23;23m[48;2;79;78;89m▀[0m[38;2;79;78;89m▄[38;2;23;23;23m▄[38;2;23;23;23m[48;2;119;119;133m▀[0m[38;2;23;23;23m[48;2;119;119;133m▀[0m[38;2;23;23;23m▄ [38;2;23;23;23m[48;2;23;23;23m▀[0m[38;2;79;78;89m[48;2;79;78;89m▀[0m[38;2;23;23;23m[48;2;23;23;23m▀[0m[38;2;79;78;89m[48;2;119;119;133m▀[0m[38;2;79;78;89m▄[38;2;130;53;104m▀[38;2;184;73;130m[48;2;130;53;104m▀[0m[38;2;184;73;130m[48;2;23;23;23m▀[0m[38;2;184;73;130m[48;2;23;23;23m▀[0m[38;2;184;73;130m[48;2;23;23;23m▀[0m[38;2;184;73;130m[48;2;130;53;104m▀[0m[38;2;23;23;23m▀[38;2;200;200;204m[48;2;23;23;23m▀[0m[38;2;200;200;204m[48;2;158;158;168m▀[0m[38;2;200;200;204m[48;2;158;158;168m▀[0m[38;2;158;158;168m[48;2;158;158;168m▀[0m[38;2;158;158;168m[48;2;158;158;168m▀[0m[38;2;158;158;168m[48;2;158;158;168m▀[0m[38;2;158;158;168m[48;2;158;158;168m▀[0m[38;2;158;158;168m[48;2;158;158;168m▀[0m[38;2;158;158;168m[48;2;158;158;168m▀[0m[38;2;79;78;89m[48;2;79;78;89m▀[0m                             
  [38;2;23;23;23m▄[38;2;119;119;133m[48;2;48;46;58m▀[0m[38;2;200;200;204m[48;2;119;119;133m▀[0m[38;2;200;200;204m[48;2;200;200;204m▀[0m[38;2;200;200;204m[48;2;200;200;204m▀[0m[38;2;200;200;204m[48;2;158;158;168m▀[0m[38;2;158;158;168m[48;2;158;158;168m▀[0m[38;2;158;158;168m[48;2;23;23;23m▀[0m[38;2;158;158;168m[48;2;23;23;23m▀[0m[38;2;158;158;168m[48;2;23;23;23m▀[0m[38;2;23;23;23m▀[38;2;23;23;23m▀[38;2;79;78;89m▄[38;2;79;78;89m▄[38;2;79;78;89m[48;2;158;158;168m▀[0m[38;2;158;158;168m[48;2;158;158;168m▀[0m[38;2;158;158;168m[48;2;79;78;89m▀[0m[38;2;79;78;89m[48;2;158;158;168m▀[0m[38;2;79;78;89m[48;2;158;158;168m▀[0m[38;2;102;102;115m[48;2;79;78;89m▀[0m[38;2;102;102;115m[48;2;158;158;168m▀[0m[38;2;23;23;23m[48;2;158;158;168m▀[0m[38;2;48;46;58m[48;2;79;78;89m▀[0m[38;2;79;78;89m[48;2;79;78;89m▀[0m[38;2;48;46;58m[48;2;48;46;58m▀[0m[38;2;23;23;23m[48;2;79;78;89m▀[0m[38;2;23;23;23m[48;2;158;158;168m▀[0m[38;2;23;23;23m▄[38;2;23;23;23m[48;2;23;23;23m▀[0m[38;2;102;102;115m[48;2;102;102;115m▀[0m[38;2;102;102;115m[48;2;102;102;115m▀[0m[38;2;119;119;133m[48;2;102;102;115m▀[0m[38;2;23;23;23m[48;2;119;119;133m▀[0m[38;2;23;23;23m[48;2;158;158;168m▀[0m[38;2;23;23;23m▄[38;2;23;23;23m▀[38;2;23;23;23m▀[38;2;158;158;168m[48;2;23;23;23m▀[0m[38;2;158;158;168m[48;2;23;23;23m▀[0m[38;2;158;158;168m[48;2;158;158;168m▀[0m[38;2;158;158;168m[48;2;158;158;168m▀[0m[38;2;158;158;168m[48;2;158;158;168m▀[0m[38;2;158;158;168m[48;2;158;158;168m▀[0m[38;2;158;158;168m[48;2;158;158;168m▀[0m[38;2;79;78;89m[48;2;158;158;168m▀[0m[38;2;79;78;89m▄                           
 [38;2;23;23;23m[48;2;23;23;23m▀[0m[38;2;48;46;58m[48;2;23;23;23m▀[0m[38;2;48;46;58m[48;2;23;23;23m▀[0m[38;2;48;46;58m[48;2;48;46;58m▀[0m[38;2;23;23;23m[48;2;23;23;23m▀[0m[38;2;23;23;23m▀[38;2;23;23;23m▀[38;2;23;23;23m▀   [38;2;79;78;89m▄[38;2;79;78;89m[48;2;158;158;168m▀[0m[38;2;158;158;168m[48;2;158;158;168m▀[0m[38;2;158;158;168m[48;2;158;158;168m▀[0m[38;2;158;158;168m[48;2;79;78;89m▀[0m[38;2;79;78;89m[48;2;158;158;168m▀[0m[38;2;158;158;168m[48;2;158;158;168m▀[0m[38;2;158;158;168m[48;2;158;158;168m▀[0m[38;2;158;158;168m[48;2;158;158;168m▀[0m[38;2;158;158;168m[48;2;158;158;168m▀[0m[38;2;48;46;58m[48;2;48;46;58m▀[0m[38;2;158;158;168m[48;2;158;158;168m▀[0m[38;2;48;46;58m[48;2;158;158;168m▀[0m[38;2;79;78;89m[48;2;79;78;89m▀[0m[38;2;48;46;58m[48;2;48;46;58m▀[0m[38;2;79;78;89m[48;2;200;200;204m▀[0m[38;2;158;158;168m[48;2;200;200;204m▀[0m[38;2;200;200;204m[48;2;200;200;204m▀[0m[38;2;200;200;204m[48;2;200;200;204m▀[0m[38;2;23;23;23m[48;2;200;200;204m▀[0m[38;2;102;102;115m[48;2;23;23;23m▀[0m[38;2;102;102;115m[48;2;102;102;115m▀[0m[38;2;102;102;115m[48;2;102;102;115m▀[0m[38;2;119;119;133m[48;2;102;102;115m▀[0m[38;2;158;158;168m[48;2;119;119;133m▀[0m[38;2;23;23;23m[48;2;158;158;168m▀[0m[38;2;79;78;89m▄  [38;2;23;23;23m▀[38;2;23;23;23m▀[38;2;119;119;133m[48;2;23;23;23m▀[0m[38;2;158;158;168m[48;2;23;23;23m▀[0m[38;2;158;158;168m[48;2;119;119;133m▀[0m[38;2;158;158;168m[48;2;119;119;133m▀[0m[38;2;23;23;23m[48;2;48;46;58m▀[0m[38;2;23;23;23m[48;2;48;46;58m▀[0m[38;2;23;23;23m▄                         
   [38;2;23;23;23m▀[38;2;23;23;23m▀     [38;2;119;119;133m▄[38;2;79;78;89m[48;2;200;200;204m▀[0m[38;2;200;200;204m[48;2;200;200;204m▀[0m[38;2;158;158;168m[48;2;158;158;168m▀[0m[38;2;158;158;168m[48;2;79;78;89m▀[0m[38;2;79;78;89m[48;2;158;158;168m▀[0m[38;2;158;158;168m[48;2;158;158;168m▀[0m[38;2;158;158;168m[48;2;158;158;168m▀[0m[38;2;158;158;168m[48;2;158;158;168m▀[0m[38;2;158;158;168m[48;2;158;158;168m▀[0m[38;2;158;158;168m[48;2;158;158;168m▀[0m[38;2;158;158;168m[48;2;158;158;168m▀[0m[38;2;48;46;58m[48;2;48;46;58m▀[0m[38;2;200;200;204m[48;2;158;158;168m▀[0m[38;2;200;200;204m[48;2;158;158;168m▀[0m[38;2;200;200;204m[48;2;200;200;204m▀[0m[38;2;200;200;204m[48;2;200;200;204m▀[0m[38;2;200;200;204m[48;2;200;200;204m▀[0m[38;2;200;200;204m[48;2;200;200;204m▀[0m[38;2;200;200;204m[48;2;200;200;204m▀[0m[38;2;200;200;204m[48;2;158;158;168m▀[0m[38;2;158;158;168m[48;2;23;23;23m▀[0m[38;2;23;23;23m[48;2;102;102;115m▀[0m[38;2;102;102;115m[48;2;102;102;115m▀[0m[38;2;102;102;115m[48;2;102;102;115m▀[0m[38;2;102;102;115m[48;2;102;102;115m▀[0m[38;2;102;102;115m[48;2;102;102;115m▀[0m[38;2;158;158;168m[48;2;119;119;133m▀[0m[38;2;158;158;168m[48;2;158;158;168m▀[0m[38;2;79;78;89m[48;2;158;158;168m▀[0m[38;2;79;78;89m▄    [38;2;23;23;23m▀[38;2;23;23;23m▀[38;2;48;46;58m[48;2;23;23;23m▀[0m[38;2;242;102;165m[48;2;184;73;130m▀[0m[38;2;184;73;130m[48;2;242;102;165m▀[0m[38;2;184;73;130m[48;2;242;102;165m▀[0m[38;2;184;73;130m▄[38;2;184;73;130m▄     [38;2;184;73;130m▄[38;2;184;73;130m▄[38;2;184;73;130m[48;2;242;102;165m▀[0m[38;2;184;73;130m[48;2;242;102;165m▀[0m[38;2;184;73;130m[48;2;242;102;165m▀[0m[38;2;184;73;130m▄           
        [38;2;119;119;133m▄[38;2;119;119;133m[48;2;200;200;204m▀[0m[38;2;200;200;204m[48;2;200;200;204m▀[0m[38;2;200;200;204m[48;2;200;200;204m▀[0m[38;2;158;158;168m[48;2;119;119;133m▀[0m[38;2;79;78;89m[48;2;158;158;168m▀[0m[38;2;158;158;168m[48;2;200;200;204m▀[0m[38;2;200;200;204m[48;2;200;200;204m▀[0m[38;2;200;200;204m[48;2;200;200;204m▀[0m[38;2;200;200;204m[48;2;200;200;204m▀[0m[38;2;158;158;168m[48;2;200;200;204m▀[0m[38;2;158;158;168m[48;2;158;158;168m▀[0m[38;2;158;158;168m[48;2;158;158;168m▀[0m[38;2;158;158;168m[48;2;158;158;168m▀[0m[38;2;48;46;58m[48;2;48;46;58m▀[0m[38;2;48;46;58m[48;2;158;158;168m▀[0m[38;2;158;158;168m[48;2;48;46;58m▀[0m[38;2;158;158;168m[48;2;23;23;23m▀[0m[38;2;158;158;168m[48;2;23;23;23m▀[0m[38;2;158;158;168m[48;2;23;23;23m▀[0m[38;2;158;158;168m[48;2;23;23;23m▀[0m[38;2;23;23;23m[48;2;158;158;168m▀[0m[38;2;23;23;23m[48;2;158;158;168m▀[0m[38;2;23;23;23m▄[38;2;23;23;23m[48;2;23;23;23m▀[0m[38;2;102;102;115m[48;2;102;102;115m▀[0m[38;2;102;102;115m[48;2;102;102;115m▀[0m[38;2;102;102;115m[48;2;102;102;115m▀[0m[38;2;102;102;115m[48;2;102;102;115m▀[0m[38;2;102;102;115m[48;2;102;102;115m▀[0m[38;2;119;119;133m[48;2;119;119;133m▀[0m[38;2;158;158;168m[48;2;158;158;168m▀[0m[38;2;158;158;168m[48;2;158;158;168m▀[0m[38;2;79;78;89m[48;2;79;78;89m▀[0m       [38;2;184;73;130m▀[38;2;184;73;130m▀[38;2;242;102;165m[48;2;184;73;130m▀[0m[38;2;242;102;165m[48;2;184;73;130m▀[0m[38;2;184;73;130m[48;2;242;102;165m▀[0m[38;2;119;119;133m[48;2;158;158;168m▀[0m[38;2;119;119;133m[48;2;158;158;168m▀[0m[38;2;184;73;130m[48;2;119;119;133m▀[0m[38;2;184;73;130m[48;2;119;119;133m▀[0m[38;2;242;102;165m[48;2;242;102;165m▀[0m[38;2;242;102;165m[48;2;242;102;165m▀[0m[38;2;242;102;165m[48;2;242;102;165m▀[0m[38;2;242;102;165m[48;2;255;199;227m▀[0m[38;2;242;102;165m[48;2;242;102;165m▀[0m[38;2;242;102;165m[48;2;242;102;165m▀[0m[38;2;184;73;130m[48;2;242;102;165m▀[0m[38;2;184;73;130m▄         
       [38;2;119;119;133m[48;2;119;119;133m▀[0m[38;2;200;200;204m[48;2;200;200;204m▀[0m[38;2;200;200;204m[48;2;200;200;204m▀[0m[38;2;200;200;204m[48;2;200;200;204m▀[0m[38;2;200;200;204m[48;2;119;119;133m▀[0m[38;2;119;119;133m[48;2;200;200;204m▀[0m[38;2;200;200;204m[48;2;200;200;204m▀[0m[38;2;200;200;204m[48;2;200;200;204m▀[0m[38;2;200;200;204m[48;2;200;200;204m▀[0m[38;2;200;200;204m[48;2;200;200;204m▀[0m[38;2;200;200;204m[48;2;200;200;204m▀[0m[38;2;200;200;204m[48;2;200;200;204m▀[0m[38;2;158;158;168m[48;2;200;200;204m▀[0m[38;2;158;158;168m[48;2;158;158;168m▀[0m[38;2;48;46;58m[48;2;48;46;58m▀[0m[38;2;158;158;168m[48;2;158;158;168m▀[0m[38;2;158;158;168m[48;2;158;158;168m▀[0m[38;2;23;23;23m[48;2;23;23;23m▀[0m[38;2;102;102;115m[48;2;102;102;115m▀[0m[38;2;102;102;115m[48;2;102;102;115m▀[0m[38;2;102;102;115m[48;2;102;102;115m▀[0m[38;2;23;23;23m[48;2;102;102;115m▀[0m[38;2;158;158;168m[48;2;23;23;23m▀[0m[38;2;158;158;168m[48;2;158;158;168m▀[0m[38;2;158;158;168m[48;2;158;158;168m▀[0m[38;2;23;23;23m[48;2;119;119;133m▀[0m[38;2;102;102;115m[48;2;23;23;23m▀[0m[38;2;102;102;115m[48;2;102;102;115m▀[0m[38;2;102;102;115m[48;2;102;102;115m▀[0m[38;2;102;102;115m[48;2;102;102;115m▀[0m[38;2;102;102;115m[48;2;102;102;115m▀[0m[38;2;102;102;115m[48;2;102;102;115m▀[0m[38;2;119;119;133m[48;2;119;119;133m▀[0m[38;2;158;158;168m[48;2;158;158;168m▀[0m[38;2;158;158;168m[48;2;158;158;168m▀[0m[38;2;79;78;89m[48;2;158;158;168m▀[0m[38;2;79;78;89m▄         [38;2;48;46;58m▀[38;2;158;158;168m[48;2;48;46;58m▀[0m[38;2;158;158;168m[48;2;48;46;58m▀[0m[38;2;158;158;168m[48;2;158;158;168m▀[0m[38;2;158;158;168m[48;2;158;158;168m▀[0m[38;2;119;119;133m[48;2;158;158;168m▀[0m[38;2;242;102;165m[48;2;119;119;133m▀[0m[38;2;242;102;165m[48;2;242;102;165m▀[0m[38;2;242;102;165m[48;2;242;102;165m▀[0m[38;2;242;102;165m[48;2;242;102;165m▀[0m[38;2;242;102;165m[48;2;242;102;165m▀[0m[38;2;242;102;165m[48;2;242;102;165m▀[0m[38;2;242;102;165m[48;2;242;102;165m▀[0m[38;2;184;73;130m[48;2;242;102;165m▀[0m[38;2;184;73;130m▄       
     [38;2;119;119;133m▄[38;2;119;119;133m[48;2;200;200;204m▀[0m[38;2;200;200;204m[48;2;200;200;204m▀[0m[38;2;200;200;204m[48;2;200;200;204m▀[0m[38;2;200;200;204m[48;2;200;200;204m▀[0m[38;2;119;119;133m[48;2;119;119;133m▀[0m[38;2;200;200;204m[48;2;200;200;204m▀[0m[38;2;200;200;204m[48;2;200;200;204m▀[0m[38;2;200;200;204m[48;2;200;200;204m▀[0m[38;2;200;200;204m[48;2;200;200;204m▀[0m[38;2;200;200;204m[48;2;200;200;204m▀[0m[38;2;200;200;204m[48;2;200;200;204m▀[0m[38;2;200;200;204m[48;2;200;200;204m▀[0m[38;2;200;200;204m[48;2;200;200;204m▀[0m[38;2;200;200;204m[48;2;200;200;204m▀[0m[38;2;158;158;168m[48;2;158;158;168m▀[0m[38;2;48;46;58m[48;2;48;46;58m▀[0m[38;2;158;158;168m[48;2;158;158;168m▀[0m[38;2;23;23;23m[48;2;23;23;23m▀[0m[38;2;102;102;115m[48;2;102;102;115m▀[0m[38;2;102;102;115m[48;2;102;102;115m▀[0m[38;2;102;102;115m[48;2;102;102;115m▀[0m[38;2;102;102;115m[48;2;102;102;115m▀[0m[38;2;102;102;115m[48;2;102;102;115m▀[0m[38;2;23;23;23m[48;2;102;102;115m▀[0m[38;2;158;158;168m[48;2;23;23;23m▀[0m[38;2;158;158;168m[48;2;158;158;168m▀[0m[38;2;158;158;168m[48;2;158;158;168m▀[0m[38;2;23;23;23m[48;2;158;158;168m▀[0m[38;2;102;102;115m[48;2;23;23;23m▀[0m[38;2;102;102;115m[48;2;102;102;115m▀[0m[38;2;102;102;115m[48;2;102;102;115m▀[0m[38;2;102;102;115m[48;2;102;102;115m▀[0m[38;2;102;102;115m[48;2;102;102;115m▀[0m[38;2;102;102;115m[48;2;102;102;115m▀[0m[38;2;119;119;133m[48;2;119;119;133m▀[0m[38;2;158;158;168m[48;2;158;158;168m▀[0m[38;2;158;158;168m[48;2;158;158;168m▀[0m[38;2;79;78;89m[48;2;158;158;168m▀[0m[38;2;79;78;89m▄           [38;2;48;46;58m▀[38;2;119;119;133m[48;2;48;46;58m▀[0m[38;2;158;158;168m[48;2;48;46;58m▀[0m[38;2;158;158;168m[48;2;158;158;168m▀[0m[38;2;119;119;133m[48;2;158;158;168m▀[0m[38;2;242;102;165m[48;2;119;119;133m▀[0m[38;2;242;102;165m[48;2;242;102;165m▀[0m[38;2;242;102;165m[48;2;242;102;165m▀[0m[38;2;242;102;165m[48;2;242;102;165m▀[0m[38;2;242;102;165m[48;2;255;199;227m▀[0m[38;2;242;102;165m[48;2;242;102;165m▀[0m[38;2;184;73;130m[48;2;242;102;165m▀[0m[38;2;184;73;130m▄      
    [38;2;184;73;130m▄[38;2;119;119;133m[48;2;200;200;204m▀[0m[38;2;200;200;204m[48;2;200;200;204m▀[0m[38;2;200;200;204m[48;2;200;200;204m▀[0m[38;2;200;200;204m[48;2;200;200;204m▀[0m[38;2;119;119;133m[48;2;119;119;133m▀[0m[38;2;200;200;204m[48;2;200;200;204m▀[0m[38;2;200;200;204m[48;2;200;200;204m▀[0m[38;2;200;200;204m[48;2;200;200;204m▀[0m[38;2;200;200;204m[48;2;200;200;204m▀[0m[38;2;200;200;204m[48;2;200;200;204m▀[0m[38;2;200;200;204m[48;2;200;200;204m▀[0m[38;2;200;200;204m[48;2;200;200;204m▀[0m[38;2;200;200;204m[48;2;200;200;204m▀[0m[38;2;200;200;204m[48;2;200;200;204m▀[0m[38;2;200;200;204m[48;2;200;200;204m▀[0m[38;2;48;46;58m[48;2;48;46;58m▀[0m[38;2;158;158;168m[48;2;158;158;168m▀[0m[38;2;158;158;168m[48;2;23;23;23m▀[0m[38;2;23;23;23m[48;2;102;102;115m▀[0m[38;2;102;102;115m[48;2;102;102;115m▀[0m[38;2;102;102;115m[48;2;102;102;115m▀[0m[38;2;102;102;115m[48;2;102;102;115m▀[0m[38;2;102;102;115m[48;2;102;102;115m▀[0m[38;2;102;102;115m[48;2;102;102;115m▀[0m[38;2;102;102;115m[48;2;102;102;115m▀[0m[38;2;23;23;23m[48;2;102;102;115m▀[0m[38;2;158;158;168m[48;2;23;23;23m▀[0m[38;2;158;158;168m[48;2;158;158;168m▀[0m[38;2;158;158;168m[48;2;158;158;168m▀[0m[38;2;158;158;168m[48;2;158;158;168m▀[0m[38;2;23;23;23m[48;2;158;158;168m▀[0m[38;2;102;102;115m[48;2;23;23;23m▀[0m[38;2;102;102;115m[48;2;102;102;115m▀[0m[38;2;102;102;115m[48;2;102;102;115m▀[0m[38;2;102;102;115m[48;2;102;102;115m▀[0m[38;2;102;102;115m[48;2;102;102;115m▀[0m[38;2;119;119;133m[48;2;119;119;133m▀[0m[38;2;158;158;168m[48;2;158;158;168m▀[0m[38;2;158;158;168m[48;2;158;158;168m▀[0m[38;2;79;78;89m[48;2;158;158;168m▀[0m[38;2;130;53;104m▄             [38;2;48;46;58m▀[38;2;119;119;133m[48;2;48;46;58m▀[0m[38;2;158;158;168m[48;2;48;46;58m▀[0m[38;2;119;119;133m[48;2;158;158;168m▀[0m[38;2;242;102;165m[48;2;119;119;133m▀[0m[38;2;242;102;165m[48;2;242;102;165m▀[0m[38;2;242;102;165m[48;2;242;102;165m▀[0m[38;2;242;102;165m[48;2;242;102;165m▀[0m[38;2;242;102;165m[48;2;242;102;165m▀[0m[38;2;242;102;165m[48;2;242;102;165m▀[0m[38;2;184;73;130m[48;2;184;73;130m▀[0m     
   [38;2;184;73;130m▄[38;2;184;73;130m[48;2;242;102;165m▀[0m[38;2;200;200;204m[48;2;200;200;204m▀[0m[38;2;200;200;204m[48;2;200;200;204m▀[0m[38;2;200;200;204m[48;2;200;200;204m▀[0m[38;2;119;119;133m[48;2;119;119;133m▀[0m[38;2;200;200;204m[48;2;200;200;204m▀[0m[38;2;200;200;204m[48;2;200;200;204m▀[0m[38;2;200;200;204m[48;2;200;200;204m▀[0m[38;2;200;200;204m[48;2;200;200;204m▀[0m[38;2;200;200;204m[48;2;200;200;204m▀[0m[38;2;200;200;204m[48;2;200;200;204m▀[0m[38;2;200;200;204m[48;2;200;200;204m▀[0m[38;2;200;200;204m[48;2;200;200;204m▀[0m[38;2;200;200;204m[48;2;200;200;204m▀[0m[38;2;200;200;204m[48;2;200;200;204m▀[0m[38;2;200;200;204m[48;2;200;200;204m▀[0m[38;2;48;46;58m[48;2;48;46;58m▀[0m[38;2;158;158;168m[48;2;158;158;168m▀[0m[38;2;23;23;23m[48;2;23;23;23m▀[0m[38;2;102;102;115m[48;2;102;102;115m▀[0m[38;2;102;102;115m[48;2;102;102;115m▀[0m[38;2;102;102;115m[48;2;102;102;115m▀[0m[38;2;102;102;115m[48;2;102;102;115m▀[0m[38;2;102;102;115m[48;2;102;102;115m▀[0m[38;2;102;102;115m[48;2;102;102;115m▀[0m[38;2;102;102;115m[48;2;102;102;115m▀[0m[38;2;102;102;115m[48;2;102;102;115m▀[0m[38;2;23;23;23m[48;2;23;23;23m▀[0m[38;2;158;158;168m[48;2;48;46;58m▀[0m[38;2;158;158;168m[48;2;158;158;168m▀[0m[38;2;158;158;168m[48;2;79;78;89m▀[0m[38;2;79;78;89m[48;2;158;158;168m▀[0m[38;2;23;23;23m[48;2;158;158;168m▀[0m[38;2;102;102;115m[48;2;23;23;23m▀[0m[38;2;102;102;115m[48;2;102;102;115m▀[0m[38;2;102;102;115m[48;2;102;102;115m▀[0m[38;2;102;102;115m[48;2;102;102;115m▀[0m[38;2;102;102;115m[48;2;102;102;115m▀[0m[38;2;119;119;133m[48;2;119;119;133m▀[0m[38;2;158;158;168m[48;2;158;158;168m▀[0m[38;2;158;158;168m[48;2;158;158;168m▀[0m[38;2;130;53;104m[48;2;184;73;130m▀[0m[38;2;130;53;104m▄               [38;2;48;46;58m▀[38;2;158;158;168m[48;2;48;46;58m▀[0m[38;2;119;119;133m[48;2;119;119;133m▀[0m[38;2;242;102;165m[48;2;242;102;165m▀[0m[38;2;242;102;165m[48;2;242;102;165m▀[0m[38;2;242;102;165m[48;2;242;102;165m▀[0m[38;2;242;102;165m[48;2;242;102;165m▀[0m[38;2;242;102;165m[48;2;242;102;165m▀[0m[38;2;184;73;130m[48;2;184;73;130m▀[0m    
  [38;2;184;73;130m▄[38;2;184;73;130m[48;2;242;102;165m▀[0m[38;2;158;158;168m[48;2;158;158;168m▀[0m[38;2;200;200;204m[48;2;200;200;204m▀[0m[38;2;200;200;204m[48;2;200;200;204m▀[0m[38;2;119;119;133m[48;2;119;119;133m▀[0m[38;2;200;200;204m[48;2;200;200;204m▀[0m[38;2;200;200;204m[48;2;200;200;204m▀[0m[38;2;200;200;204m[48;2;158;158;168m▀[0m[38;2;158;158;168m[48;2;242;102;165m▀[0m[38;2;200;200;204m[48;2;200;200;204m▀[0m[38;2;200;200;204m[48;2;200;200;204m▀[0m[38;2;200;200;204m[48;2;200;200;204m▀[0m[38;2;200;200;204m[48;2;200;200;204m▀[0m[38;2;200;200;204m[48;2;200;200;204m▀[0m[38;2;200;200;204m[48;2;200;200;204m▀[0m[38;2;200;200;204m[48;2;200;200;204m▀[0m[38;2;23;23;23m[48;2;23;23;23m▀[0m[38;2;158;158;168m[48;2;79;78;89m▀[0m[38;2;79;78;89m[48;2;23;23;23m▀[0m[38;2;23;23;23m▀[38;2;102;102;115m[48;2;23;23;23m▀[0m[38;2;102;102;115m[48;2;102;102;115m▀[0m[38;2;102;102;115m[48;2;102;102;115m▀[0m[38;2;102;102;115m[48;2;102;102;115m▀[0m[38;2;102;102;115m[48;2;137;137;150m▀[0m[38;2;102;102;115m[48;2;137;137;150m▀[0m[38;2;102;102;115m[48;2;137;137;150m▀[0m[38;2;102;102;115m[48;2;102;102;115m▀[0m[38;2;102;102;115m[48;2;102;102;115m▀[0m[38;2;23;23;23m[48;2;23;23;23m▀[0m[38;2;48;46;58m[48;2;158;158;168m▀[0m[38;2;79;78;89m[48;2;79;78;89m▀[0m[38;2;158;158;168m[48;2;158;158;168m▀[0m[38;2;158;158;168m[48;2;158;158;168m▀[0m[38;2;23;23;23m[48;2;79;78;89m▀[0m[38;2;102;102;115m[48;2;23;23;23m▀[0m[38;2;102;102;115m[48;2;137;137;150m▀[0m[38;2;102;102;115m[48;2;102;102;115m▀[0m[38;2;102;102;115m[48;2;102;102;115m▀[0m[38;2;102;102;115m[48;2;102;102;115m▀[0m[38;2;158;158;168m[48;2;119;119;133m▀[0m[38;2;158;158;168m[48;2;158;158;168m▀[0m[38;2;184;73;130m[48;2;158;158;168m▀[0m[38;2;130;53;104m[48;2;184;73;130m▀[0m[38;2;130;53;104m▄                [38;2;48;46;58m▀[38;2;242;102;165m[48;2;184;73;130m▀[0m[38;2;242;102;165m[48;2;242;102;165m▀[0m[38;2;242;102;165m[48;2;255;199;227m▀[0m[38;2;242;102;165m[48;2;242;102;165m▀[0m[38;2;242;102;165m[48;2;242;102;165m▀[0m[38;2;242;102;165m[48;2;242;102;165m▀[0m[38;2;184;73;130m[48;2;184;73;130m▀[0m   
 [38;2;184;73;130m▄[38;2;184;73;130m[48;2;242;102;165m▀[0m[38;2;242;102;165m[48;2;158;158;168m▀[0m[38;2;200;200;204m[48;2;200;200;204m▀[0m[38;2;200;200;204m[48;2;200;200;204m▀[0m[38;2;200;200;204m[48;2;119;119;133m▀[0m[38;2;119;119;133m[48;2;200;200;204m▀[0m[38;2;200;200;204m[48;2;200;200;204m▀[0m[38;2;200;200;204m[48;2;158;158;168m▀[0m[38;2;242;102;165m[48;2;242;102;165m▀[0m[38;2;242;102;165m[48;2;158;158;168m▀[0m[38;2;200;200;204m[48;2;200;200;204m▀[0m[38;2;200;200;204m[48;2;200;200;204m▀[0m[38;2;200;200;204m[48;2;200;200;204m▀[0m[38;2;200;200;204m[48;2;200;200;204m▀[0m[38;2;200;200;204m[48;2;200;200;204m▀[0m[38;2;200;200;204m[48;2;200;200;204m▀[0m[38;2;23;23;23m[48;2;23;23;23m▀[0m[38;2;158;158;168m[48;2;158;158;168m▀[0m[38;2;158;158;168m[48;2;158;158;168m▀[0m[38;2;23;23;23m[48;2;23;23;23m▀[0m [38;2;23;23;23m[48;2;23;23;23m▀[0m[38;2;102;102;115m[48;2;137;137;150m▀[0m[38;2;137;137;150m[48;2;137;137;150m▀[0m[38;2;137;137;150m[48;2;137;137;150m▀[0m[38;2;137;137;150m[48;2;137;137;150m▀[0m[38;2;137;137;150m[48;2;137;137;150m▀[0m[38;2;137;137;150m[48;2;137;137;150m▀[0m[38;2;137;137;150m[48;2;137;137;150m▀[0m[38;2;102;102;115m[48;2;137;137;150m▀[0m[38;2;23;23;23m[48;2;23;23;23m▀[0m[38;2;158;158;168m[48;2;158;158;168m▀[0m[38;2;158;158;168m[48;2;158;158;168m▀[0m[38;2;79;78;89m[48;2;158;158;168m▀[0m[38;2;79;78;89m[48;2;158;158;168m▀[0m[38;2;158;158;168m[48;2;158;158;168m▀[0m[38;2;23;23;23m[48;2;158;158;168m▀[0m[38;2;137;137;150m[48;2;23;23;23m▀[0m[38;2;137;137;150m[48;2;137;137;150m▀[0m[38;2;137;137;150m[48;2;137;137;150m▀[0m[38;2;102;102;115m[48;2;137;137;150m▀[0m[38;2;119;119;133m[48;2;137;137;150m▀[0m[38;2;158;158;168m[48;2;158;158;168m▀[0m[38;2;158;158;168m[48;2;158;158;168m▀[0m[38;2;184;73;130m[48;2;184;73;130m▀[0m[38;2;130;53;104m[48;2;130;53;104m▀[0m                  [38;2;184;73;130m▀[38;2;242;102;165m[48;2;184;73;130m▀[0m[38;2;242;102;165m[48;2;242;102;165m▀[0m[38;2;242;102;165m[48;2;242;102;165m▀[0m[38;2;242;102;165m[48;2;242;102;165m▀[0m[38;2;242;102;165m[48;2;242;102;165m▀[0m[38;2;184;73;130m[48;2;184;73;130m▀[0m  
 [38;2;184;73;130m[48;2;184;73;130m▀[0m[38;2;242;102;165m[48;2;242;102;165m▀[0m[38;2;158;158;168m[48;2;200;200;204m▀[0m[38;2;200;200;204m[48;2;200;200;204m▀[0m[38;2;200;200;204m[48;2;200;200;204m▀[0m[38;2;119;119;133m[48;2;119;119;133m▀[0m[38;2;200;200;204m[48;2;200;200;204m▀[0m[38;2;200;200;204m[48;2;158;158;168m▀[0m[38;2;242;102;165m[48;2;242;102;165m▀[0m[38;2;242;102;165m[48;2;242;102;165m▀[0m[38;2;200;200;204m[48;2;200;200;204m▀[0m[38;2;200;200;204m[48;2;200;200;204m▀[0m[38;2;200;200;204m[48;2;200;200;204m▀[0m[38;2;200;200;204m[48;2;200;200;204m▀[0m[38;2;200;200;204m[48;2;200;200;204m▀[0m[38;2;200;200;204m[48;2;200;200;204m▀[0m[38;2;23;23;23m[48;2;23;23;23m▀[0m[38;2;158;158;168m[48;2;158;158;168m▀[0m[38;2;158;158;168m[48;2;158;158;168m▀[0m[38;2;158;158;168m[48;2;158;158;168m▀[0m[38;2;23;23;23m[48;2;23;23;23m▀[0m [38;2;23;23;23m▀[38;2;137;137;150m[48;2;102;102;115m▀[0m[38;2;137;137;150m[48;2;137;137;150m▀[0m[38;2;137;137;150m[48;2;137;137;150m▀[0m[38;2;137;137;150m[48;2;137;137;150m▀[0m[38;2;137;137;150m[48;2;137;137;150m▀[0m[38;2;137;137;150m[48;2;137;137;150m▀[0m[38;2;137;137;150m[48;2;137;137;150m▀[0m[38;2;137;137;150m[48;2;137;137;150m▀[0m[38;2;23;23;23m[48;2;137;137;150m▀[0m[38;2;158;158;168m[48;2;79;78;89m▀[0m[38;2;158;158;168m[48;2;158;158;168m▀[0m[38;2;158;158;168m[48;2;200;200;204m▀[0m[38;2;200;200;204m[48;2;200;200;204m▀[0m[38;2;200;200;204m[48;2;200;200;204m▀[0m[38;2;158;158;168m[48;2;200;200;204m▀[0m[38;2;23;23;23m[48;2;23;23;23m▀[0m[38;2;137;137;150m[48;2;137;137;150m▀[0m[38;2;137;137;150m[48;2;137;137;150m▀[0m[38;2;137;137;150m[48;2;137;137;150m▀[0m[38;2;137;137;150m[48;2;137;137;150m▀[0m[38;2;119;119;133m[48;2;119;119;133m▀[0m[38;2;158;158;168m[48;2;158;158;168m▀[0m[38;2;158;158;168m[48;2;158;158;168m▀[0m[38;2;184;73;130m[48;2;184;73;130m▀[0m[38;2;130;53;104m[48;2;130;53;104m▀[0m                   [38;2;184;73;130m▀[38;2;242;102;165m[48;2;184;73;130m▀[0m[38;2;242;102;165m[48;2;242;102;165m▀[0m[38;2;255;199;227m[48;2;242;102;165m▀[0m[38;2;184;73;130m[48;2;242;102;165m▀[0m[38;2;184;73;130m▄ 
[38;2;184;73;130m▄[38;2;184;73;130m[48;2;242;102;165m▀[0m[38;2;242;102;165m[48;2;158;158;168m▀[0m[38;2;200;200;204m[48;2;200;200;204m▀[0m[38;2;200;200;204m[48;2;200;200;204m▀[0m[38;2;119;119;133m[48;2;119;119;133m▀[0m[38;2;200;200;204m[48;2;200;200;204m▀[0m[38;2;200;200;204m[48;2;200;200;204m▀[0m[38;2;158;158;168m[48;2;242;102;165m▀[0m[38;2;242;102;165m[48;2;242;102;165m▀[0m[38;2;158;158;168m[48;2;158;158;168m▀[0m[38;2;200;200;204m[48;2;200;200;204m▀[0m[38;2;200;200;204m[48;2;200;200;204m▀[0m[38;2;200;200;204m[48;2;200;200;204m▀[0m[38;2;200;200;204m[48;2;200;200;204m▀[0m[38;2;200;200;204m[48;2;200;200;204m▀[0m[38;2;23;23;23m[48;2;23;23;23m▀[0m[38;2;158;158;168m[48;2;158;158;168m▀[0m[38;2;158;158;168m[48;2;158;158;168m▀[0m[38;2;158;158;168m[48;2;158;158;168m▀[0m[38;2;158;158;168m[48;2;158;158;168m▀[0m[38;2;23;23;23m[48;2;23;23;23m▀[0m  [38;2;102;102;115m[48;2;102;102;115m▀[0m[38;2;137;137;150m[48;2;137;137;150m▀[0m[38;2;137;137;150m[48;2;137;137;150m▀[0m[38;2;137;137;150m[48;2;137;137;150m▀[0m[38;2;137;137;150m[48;2;137;137;150m▀[0m[38;2;137;137;150m[48;2;137;137;150m▀[0m[38;2;137;137;150m[48;2;137;137;150m▀[0m[38;2;137;137;150m[48;2;137;137;150m▀[0m[38;2;137;137;150m[48;2;137;137;150m▀[0m[38;2;79;78;89m[48;2;23;23;23m▀[0m[38;2;158;158;168m[48;2;200;200;204m▀[0m[38;2;200;200;204m[48;2;200;200;204m▀[0m[38;2;200;200;204m[48;2;200;200;204m▀[0m[38;2;200;200;204m[48;2;200;200;204m▀[0m[38;2;200;200;204m[48;2;200;200;204m▀[0m[38;2;200;200;204m[48;2;200;200;204m▀[0m[38;2;23;23;23m[48;2;23;23;23m▀[0m[38;2;137;137;150m[48;2;137;137;150m▀[0m[38;2;137;137;150m[48;2;137;137;150m▀[0m[38;2;137;137;150m[48;2;137;137;150m▀[0m[38;2;137;137;150m[48;2;137;137;150m▀[0m[38;2;158;158;168m[48;2;158;158;168m▀[0m[38;2;158;158;168m[48;2;158;158;168m▀[0m[38;2;184;73;130m[48;2;184;73;130m▀[0m[38;2;130;53;104m[48;2;130;53;104m▀[0m                     [38;2;184;73;130m[48;2;184;73;130m▀[0m[38;2;242;102;165m[48;2;242;102;165m▀[0m[38;2;242;102;165m[48;2;242;102;165m▀[0m[38;2;184;73;130m[48;2;184;73;130m▀[0m 
[38;2;184;73;130m[48;2;184;73;130m▀[0m[38;2;242;102;165m[48;2;242;102;165m▀[0m[38;2;158;158;168m[48;2;158;158;168m▀[0m[38;2;200;200;204m[48;2;200;200;204m▀[0m[38;2;200;200;204m[48;2;200;200;204m▀[0m[38;2;119;119;133m[48;2;119;119;133m▀[0m[38;2;200;200;204m[48;2;200;200;204m▀[0m[38;2;200;200;204m[48;2;158;158;168m▀[0m[38;2;242;102;165m[48;2;242;102;165m▀[0m[38;2;242;102;165m[48;2;242;102;165m▀[0m[38;2;200;200;204m[48;2;200;200;204m▀[0m[38;2;200;200;204m[48;2;200;200;204m▀[0m[38;2;200;200;204m[48;2;200;200;204m▀[0m[38;2;200;200;204m[48;2;200;200;204m▀[0m[38;2;200;200;204m[48;2;158;158;168m▀[0m[38;2;23;23;23m[48;2;23;23;23m▀[0m[38;2;158;158;168m[48;2;158;158;168m▀[0m[38;2;158;158;168m[48;2;158;158;168m▀[0m[38;2;158;158;168m[48;2;158;158;168m▀[0m[38;2;158;158;168m[48;2;158;158;168m▀[0m[38;2;158;158;168m[48;2;23;23;23m▀[0m[38;2;23;23;23m▀   [38;2;102;102;115m[48;2;102;102;115m▀[0m[38;2;137;137;150m[48;2;137;137;150m▀[0m[38;2;137;137;150m[48;2;137;137;150m▀[0m[38;2;137;137;150m[48;2;137;137;150m▀[0m[38;2;137;137;150m[48;2;137;137;150m▀[0m[38;2;137;137;150m[48;2;137;137;150m▀[0m[38;2;137;137;150m[48;2;137;137;150m▀[0m[38;2;137;137;150m[48;2;137;137;150m▀[0m[38;2;23;23;23m[48;2;23;23;23m▀[0m[38;2;200;200;204m[48;2;200;200;204m▀[0m[38;2;200;200;204m[48;2;200;200;204m▀[0m[38;2;200;200;204m[48;2;200;200;204m▀[0m[38;2;200;200;204m[48;2;200;200;204m▀[0m[38;2;200;200;204m[48;2;200;200;204m▀[0m[38;2;200;200;204m[48;2;200;200;204m▀[0m[38;2;23;23;23m[48;2;200;200;204m▀[0m[38;2;137;137;150m[48;2;23;23;23m▀[0m[38;2;137;137;150m[48;2;137;137;150m▀[0m[38;2;137;137;150m[48;2;137;137;150m▀[0m[38;2;137;137;150m[48;2;137;137;150m▀[0m[38;2;119;119;133m[48;2;119;119;133m▀[0m[38;2;158;158;168m[48;2;158;158;168m▀[0m[38;2;184;73;130m[48;2;184;73;130m▀[0m[38;2;130;53;104m[48;2;130;53;104m▀[0m                      [38;2;184;73;130m[48;2;184;73;130m▀[0m[38;2;242;102;165m[48;2;242;102;165m▀[0m[38;2;242;102;165m[48;2;255;199;227m▀[0m[38;2;184;73;130m[48;2;184;73;130m▀[0m
[38;2;184;73;130m[48;2;184;73;130m▀[0m[38;2;242;102;165m[48;2;242;102;165m▀[0m[38;2;158;158;168m[48;2;158;158;168m▀[0m[38;2;200;200;204m[48;2;200;200;204m▀[0m[38;2;200;200;204m[48;2;23;23;23m▀[0m[38;2;119;119;133m[48;2;119;119;133m▀[0m[38;2;200;200;204m[48;2;200;200;204m▀[0m[38;2;158;158;168m[48;2;242;102;165m▀[0m[38;2;242;102;165m[48;2;242;102;165m▀[0m[38;2;242;102;165m[48;2;158;158;168m▀[0m[38;2;200;200;204m[48;2;200;200;204m▀[0m[38;2;200;200;204m[48;2;200;200;204m▀[0m[38;2;200;200;204m[48;2;200;200;204m▀[0m[38;2;200;200;204m[48;2;23;23;23m▀[0m[38;2;23;23;23m[48;2;158;158;168m▀[0m[38;2;158;158;168m[48;2;158;158;168m▀[0m[38;2;158;158;168m[48;2;158;158;168m▀[0m[38;2;158;158;168m[48;2;158;158;168m▀[0m[38;2;158;158;168m[48;2;158;158;168m▀[0m[38;2;158;158;168m[48;2;158;158;168m▀[0m[38;2;23;23;23m[48;2;23;23;23m▀[0m     [38;2;102;102;115m[48;2;102;102;115m▀[0m[38;2;137;137;150m[48;2;137;137;150m▀[0m[38;2;137;137;150m[48;2;137;137;150m▀[0m[38;2;137;137;150m[48;2;137;137;150m▀[0m[38;2;137;137;150m[48;2;137;137;150m▀[0m[38;2;137;137;150m[48;2;137;137;150m▀[0m[38;2;137;137;150m[48;2;102;102;115m▀[0m[38;2;23;23;23m[48;2;23;23;23m▀[0m[38;2;200;200;204m[48;2;200;200;204m▀[0m[38;2;200;200;204m[48;2;200;200;204m▀[0m[38;2;200;200;204m[48;2;200;200;204m▀[0m[38;2;200;200;204m[48;2;200;200;204m▀[0m[38;2;200;200;204m[48;2;200;200;204m▀[0m[38;2;200;200;204m[48;2;200;200;204m▀[0m[38;2;200;200;204m[48;2;200;200;204m▀[0m[38;2;23;23;23m[48;2;23;23;23m▀[0m[38;2;137;137;150m[48;2;137;137;150m▀[0m[38;2;137;137;150m[48;2;137;137;150m▀[0m[38;2;137;137;150m[48;2;137;137;150m▀[0m[38;2;119;119;133m[48;2;137;137;150m▀[0m[38;2;158;158;168m[48;2;158;158;168m▀[0m[38;2;184;73;130m[48;2;184;73;130m▀[0m[38;2;23;23;23m[48;2;23;23;23m▀[0m                       [38;2;184;73;130m[48;2;184;73;130m▀[0m[38;2;242;102;165m[48;2;242;102;165m▀[0m[38;2;184;73;130m[48;2;184;73;130m▀[0m
[38;2;184;73;130m▀[38;2;242;102;165m[48;2;23;23;23m▀[0m[38;2;158;158;168m[48;2;23;23;23m▀[0m[38;2;23;23;23m▀ [38;2;119;119;133m[48;2;119;119;133m▀[0m[38;2;200;200;204m[48;2;200;200;204m▀[0m[38;2;242;102;165m[48;2;242;102;165m▀[0m[38;2;242;102;165m[48;2;242;102;165m▀[0m[38;2;158;158;168m[48;2;158;158;168m▀[0m[38;2;200;200;204m[48;2;200;200;204m▀[0m[38;2;200;200;204m[48;2;158;158;168m▀[0m[38;2;158;158;168m[48;2;23;23;23m▀[0m[38;2;23;23;23m[48;2;158;158;168m▀[0m[38;2;158;158;168m[48;2;158;158;168m▀[0m[38;2;158;158;168m[48;2;158;158;168m▀[0m[38;2;158;158;168m[48;2;158;158;168m▀[0m[38;2;158;158;168m[48;2;158;158;168m▀[0m[38;2;158;158;168m[48;2;158;158;168m▀[0m[38;2;158;158;168m[48;2;158;158;168m▀[0m[38;2;23;23;23m[48;2;23;23;23m▀[0m      [38;2;102;102;115m▀[38;2;137;137;150m[48;2;102;102;115m▀[0m[38;2;137;137;150m[48;2;137;137;150m▀[0m[38;2;137;137;150m[48;2;137;137;150m▀[0m[38;2;137;137;150m[48;2;102;102;115m▀[0m[38;2;102;102;115m▀[38;2;23;23;23m[48;2;23;23;23m▀[0m[38;2;200;200;204m[48;2;200;200;204m▀[0m[38;2;200;200;204m[48;2;200;200;204m▀[0m[38;2;200;200;204m[48;2;200;200;204m▀[0m[38;2;242;102;165m[48;2;242;102;165m▀[0m[38;2;200;200;204m[48;2;200;200;204m▀[0m[38;2;200;200;204m[48;2;200;200;204m▀[0m[38;2;242;102;165m[48;2;242;102;165m▀[0m[38;2;200;200;204m[48;2;200;200;204m▀[0m[38;2;23;23;23m[48;2;23;23;23m▀[0m[38;2;137;137;150m[48;2;137;137;150m▀[0m[38;2;137;137;150m[48;2;137;137;150m▀[0m[38;2;137;137;150m[48;2;137;137;150m▀[0m[38;2;158;158;168m[48;2;158;158;168m▀[0m[38;2;184;73;130m[48;2;184;73;130m▀[0m[38;2;23;23;23m[48;2;23;23;23m▀[0m                       [38;2;184;73;130m▀[38;2;242;102;165m[48;2;184;73;130m▀[0m[38;2;184;73;130m▀
     [38;2;119;119;133m▀[38;2;200;200;204m[48;2;79;78;89m▀[0m[38;2;242;102;165m[48;2;242;102;165m▀[0m[38;2;242;102;165m[48;2;242;102;165m▀[0m[38;2;158;158;168m[48;2;158;158;168m▀[0m[38;2;158;158;168m[48;2;23;23;23m▀[0m[38;2;23;23;23m[48;2;23;23;23m▀[0m[38;2;158;158;168m[48;2;158;158;168m▀[0m[38;2;242;102;165m[48;2;242;102;165m▀[0m[38;2;158;158;168m[48;2;158;158;168m▀[0m[38;2;158;158;168m[48;2;158;158;168m▀[0m[38;2;242;102;165m[48;2;242;102;165m▀[0m[38;2;158;158;168m[48;2;158;158;168m▀[0m[38;2;158;158;168m[48;2;158;158;168m▀[0m[38;2;158;158;168m[48;2;158;158;168m▀[0m[38;2;23;23;23m[48;2;23;23;23m▀[0m        [38;2;102;102;115m▀[38;2;102;102;115m▀  [38;2;23;23;23m[48;2;23;23;23m▀[0m[38;2;200;200;204m[48;2;200;200;204m▀[0m[38;2;200;200;204m[48;2;200;200;204m▀[0m[38;2;200;200;204m[48;2;200;200;204m▀[0m[38;2;242;102;165m[48;2;242;102;165m▀[0m[38;2;200;200;204m[48;2;200;200;204m▀[0m[38;2;200;200;204m[48;2;200;200;204m▀[0m[38;2;242;102;165m[48;2;242;102;165m▀[0m[38;2;200;200;204m[48;2;200;200;204m▀[0m[38;2;23;23;23m[48;2;23;23;23m▀[0m[38;2;23;23;23m▀[38;2;137;137;150m[48;2;23;23;23m▀[0m[38;2;137;137;150m[48;2;137;137;150m▀[0m[38;2;158;158;168m[48;2;158;158;168m▀[0m[38;2;23;23;23m[48;2;23;23;23m▀[0m                           
      [38;2;79;78;89m▀[38;2;242;102;165m[48;2;23;23;23m▀[0m[38;2;242;102;165m[48;2;23;23;23m▀[0m[38;2;23;23;23m▀ [38;2;23;23;23m[48;2;23;23;23m▀[0m[38;2;158;158;168m[48;2;158;158;168m▀[0m[38;2;242;102;165m[48;2;242;102;165m▀[0m[38;2;158;158;168m[48;2;158;158;168m▀[0m[38;2;158;158;168m[48;2;158;158;168m▀[0m[38;2;242;102;165m[48;2;242;102;165m▀[0m[38;2;158;158;168m[48;2;158;158;168m▀[0m[38;2;158;158;168m[48;2;158;158;168m▀[0m[38;2;158;158;168m[48;2;158;158;168m▀[0m[38;2;23;23;23m[48;2;23;23;23m▀[0m            [38;2;23;23;23m▀[38;2;200;200;204m[48;2;23;23;23m▀[0m[38;2;200;200;204m[48;2;23;23;23m▀[0m[38;2;200;200;204m[48;2;200;200;204m▀[0m[38;2;242;102;165m[48;2;242;102;165m▀[0m[38;2;200;200;204m[48;2;200;200;204m▀[0m[38;2;200;200;204m[48;2;200;200;204m▀[0m[38;2;242;102;165m[48;2;242;102;165m▀[0m[38;2;200;200;204m[48;2;23;23;23m▀[0m[38;2;23;23;23m[48;2;23;23;23m▀[0m  [38;2;23;23;23m▀[38;2;23;23;23m▀                            
           [38;2;23;23;23m[48;2;23;23;23m▀[0m[38;2;158;158;168m[48;2;23;23;23m▀[0m[38;2;242;102;165m[48;2;242;102;165m▀[0m[38;2;158;158;168m[48;2;158;158;168m▀[0m[38;2;158;158;168m[48;2;158;158;168m▀[0m[38;2;242;102;165m[48;2;242;102;165m▀[0m[38;2;158;158;168m[48;2;23;23;23m▀[0m[38;2;158;158;168m[48;2;23;23;23m▀[0m[38;2;23;23;23m▀                [38;2;23;23;23m▀[38;2;23;23;23m▀[38;2;23;23;23m▀[38;2;23;23;23m▀[38;2;23;23;23m▀[38;2;23;23;23m▀                                 
            [38;2;23;23;23m▀[38;2;23;23;23m▀[38;2;23;23;23m▀[38;2;23;23;23m▀[38;2;23;23;23m▀                                                          
[0m