        [38;2;177;92;16m[48;2;177;92;16m▀[0m[38;2;177;92;16m[48;2;255;162;57m▀[0m[38;2;177;92;16m[48;2;255;162;57m▀[0m[38;2;177;92;16m▄[38;2;177;92;16m▄[38;2;177;92;16m▄                                                                              
         [38;2;177;92;16m[48;2;177;92;16m▀[0m[38;2;255;162;57m[48;2;255;162;57m▀[0m[38;2;255;162;57m[48;2;255;162;57m▀[0m[38;2;255;162;57m[48;2;255;162;57m▀[0m[38;2;255;162;57m[48;2;255;162;57m▀[0m[38;2;177;92;16m[48;2;255;162;57m▀[0m[38;2;177;92;16m[48;2;255;162;57m▀[0m[38;2;177;92;16m▄[38;2;177;92;16m▄                                                             [38;2;177;92;16m▄[38;2;177;92;16m▄[38;2;177;92;16m[48;2;255;162;57m▀[0m[38;2;177;92;16m[48;2;177;92;16m▀[0m         
          [38;2;177;92;16m[48;2;177;92;16m▀[0m[38;2;255;162;57m[48;2;255;162;57m▀[0m[38;2;255;162;57m[48;2;255;162;57m▀[0m[38;2;255;162;57m[48;2;255;234;213m▀[0m[38;2;255;162;57m[48;2;255;162;57m▀[0m[38;2;255;162;57m[48;2;255;162;57m▀[0m[38;2;255;162;57m[48;2;255;162;57m▀[0m[38;2;255;162;57m[48;2;255;162;57m▀[0m[38;2;177;92;16m[48;2;255;162;57m▀[0m[38;2;177;92;16m[48;2;255;162;57m▀[0m[38;2;177;92;16m[48;2;255;162;57m▀[0m[38;2;177;92;16m▄[38;2;177;92;16m▄                                                    [38;2;177;92;16m▄[38;2;177;92;16m▄[38;2;177;92;16m[48;2;255;162;57m▀[0m[38;2;177;92;16m[48;2;255;162;57m▀[0m[38;2;255;162;57m[48;2;255;162;57m▀[0m[38;2;255;162;57m[48;2;255;162;57m▀[0m[38;2;255;162;57m[48;2;177;92;16m▀[0m[38;2;177;92;16m▀         
           [38;2;177;92;16m[48;2;177;92;16m▀[0m[38;2;255;162;57m[48;2;255;162;57m▀[0m[38;2;255;162;57m[48;2;255;162;57m▀[0m[38;2;255;162;57m[48;2;255;234;213m▀[0m[38;2;255;162;57m[48;2;255;162;57m▀[0m[38;2;255;162;57m[48;2;199;121;35m▀[0m[38;2;255;162;57m[48;2;199;121;35m▀[0m[38;2;255;162;57m[48;2;255;162;57m▀[0m[38;2;255;162;57m[48;2;255;162;57m▀[0m[38;2;255;162;57m[48;2;255;162;57m▀[0m[38;2;255;162;57m[48;2;255;162;57m▀[0m[38;2;255;162;57m[48;2;255;234;213m▀[0m[38;2;177;92;16m[48;2;255;162;57m▀[0m[38;2;177;92;16m[48;2;255;162;57m▀[0m[38;2;177;92;16m[48;2;255;162;57m▀[0m[38;2;177;92;16m▄[38;2;177;92;16m▄    [38;2;96;97;100m[48;2;96;97;100m▀[0m[38;2;96;97;100m[48;2;197;200;203m▀[0m[38;2;96;97;100m▄              [38;2;96;97;100m▄[38;2;96;97;100m[48;2;197;200;203m▀[0m[38;2;96;97;100m[48;2;24;24;32m▀[0m                   [38;2;177;92;16m▄[38;2;177;92;16m▄[38;2;177;92;16m[48;2;255;162;57m▀[0m[38;2;177;92;16m[48;2;255;162;57m▀[0m[38;2;255;162;57m[48;2;255;162;57m▀[0m[38;2;255;162;57m[48;2;255;162;57m▀[0m[38;2;255;162;57m[48;2;255;162;57m▀[0m[38;2;255;162;57m[48;2;255;162;57m▀[0m[38;2;255;162;57m[48;2;255;162;57m▀[0m[38;2;255;162;57m[48;2;177;92;16m▀[0m[38;2;177;92;16m▀          
            [38;2;177;92;16m[48;2;177;92;16m▀[0m[38;2;255;162;57m[48;2;255;162;57m▀[0m[38;2;255;162;57m[48;2;255;162;57m▀[0m[38;2;255;162;57m[48;2;255;162;57m▀[0m[38;2;199;121;35m[48;2;255;162;57m▀[0m[38;2;70;70;70m[48;2;70;70;70m▀[0m[38;2;70;70;70m[48;2;70;70;70m▀[0m[38;2;199;121;35m[48;2;70;70;70m▀[0m[38;2;255;162;57m[48;2;70;70;70m▀[0m[38;2;255;162;57m[48;2;199;121;35m▀[0m[38;2;255;162;57m[48;2;255;162;57m▀[0m[38;2;255;162;57m[48;2;255;162;57m▀[0m[38;2;255;162;57m[48;2;255;162;57m▀[0m[38;2;255;162;57m[48;2;255;162;57m▀[0m[38;2;255;162;57m[48;2;255;162;57m▀[0m[38;2;255;162;57m[48;2;255;162;57m▀[0m[38;2;177;92;16m[48;2;255;162;57m▀[0m[38;2;177;92;16m[48;2;255;162;57m▀[0m[38;2;177;92;16m▄ [38;2;96;97;100m▀[38;2;145;149;157m[48;2;96;97;100m▀[0m[38;2;197;200;203m[48;2;197;200;203m▀[0m[38;2;96;97;100m[48;2;197;200;203m▀[0m[38;2;96;97;100m▄          [38;2;96;97;100m▄[38;2;96;97;100m[48;2;197;200;203m▀[0m[38;2;197;200;203m[48;2;197;200;203m▀[0m[38;2;24;24;32m[48;2;24;24;32m▀[0m                [38;2;177;92;16m▄[38;2;177;92;16m▄[38;2;177;92;16m[48;2;255;162;57m▀[0m[38;2;177;92;16m[48;2;255;162;57m▀[0m[38;2;255;162;57m[48;2;255;162;57m▀[0m[38;2;255;162;57m[48;2;255;162;57m▀[0m[38;2;255;162;57m[48;2;255;162;57m▀[0m[38;2;255;162;57m[48;2;255;162;57m▀[0m[38;2;255;162;57m[48;2;255;162;57m▀[0m[38;2;255;162;57m[48;2;255;162;57m▀[0m[38;2;255;162;57m[48;2;255;162;57m▀[0m[38;2;255;162;57m[48;2;255;162;57m▀[0m[38;2;255;162;57m[48;2;255;162;57m▀[0m[38;2;177;92;16m[48;2;177;92;16m▀[0m           
             [38;2;177;92;16m[48;2;177;92;16m▀[0m[38;2;255;162;57m[48;2;255;162;57m▀[0m[38;2;255;162;57m[48;2;255;162;57m▀[0m[38;2;255;162;57m[48;2;255;162;57m▀[0m[38;2;199;121;35m[48;2;255;162;57m▀[0m[38;2;70;70;70m[48;2;70;70;70m▀[0m[38;2;70;70;70m[48;2;70;70;70m▀[0m[38;2;70;70;70m[48;2;70;70;70m▀[0m[38;2;70;70;70m[48;2;70;70;70m▀[0m[38;2;70;70;70m[48;2;199;121;35m▀[0m[38;2;199;121;35m[48;2;255;162;57m▀[0m[38;2;255;162;57m[48;2;255;162;57m▀[0m[38;2;255;162;57m[48;2;199;121;35m▀[0m[38;2;255;162;57m[48;2;199;121;35m▀[0m[38;2;199;121;35m[48;2;255;162;57m▀[0m[38;2;199;121;35m[48;2;255;162;57m▀[0m[38;2;199;121;35m[48;2;255;162;57m▀[0m[38;2;177;92;16m[48;2;177;92;16m▀[0m  [38;2;96;97;100m▀[38;2;145;149;157m[48;2;96;97;100m▀[0m[38;2;145;149;157m[48;2;197;200;203m▀[0m[38;2;197;200;203m[48;2;145;149;157m▀[0m[38;2;96;97;100m[48;2;96;97;100m▀[0m        [38;2;96;97;100m[48;2;96;97;100m▀[0m[38;2;197;200;203m[48;2;145;149;157m▀[0m[38;2;145;149;157m[48;2;197;200;203m▀[0m[38;2;24;24;32m[48;2;24;24;32m▀[0m             [38;2;177;92;16m▄[38;2;177;92;16m▄[38;2;177;92;16m[48;2;255;162;57m▀[0m[38;2;177;92;16m[48;2;255;162;57m▀[0m[38;2;255;162;57m[48;2;255;162;57m▀[0m[38;2;255;162;57m[48;2;255;162;57m▀[0m[38;2;255;162;57m[48;2;255;162;57m▀[0m[38;2;255;162;57m[48;2;255;162;57m▀[0m[38;2;255;162;57m[48;2;255;162;57m▀[0m[38;2;255;162;57m[48;2;255;162;57m▀[0m[38;2;255;162;57m[48;2;199;121;35m▀[0m[38;2;255;162;57m[48;2;199;121;35m▀[0m[38;2;255;162;57m[48;2;255;162;57m▀[0m[38;2;255;162;57m[48;2;255;162;57m▀[0m[38;2;255;234;213m[48;2;255;162;57m▀[0m[38;2;255;162;57m[48;2;255;162;57m▀[0m[38;2;177;92;16m[48;2;177;92;16m▀[0m            
              [38;2;177;92;16m[48;2;177;92;16m▀[0m[38;2;255;162;57m[48;2;255;162;57m▀[0m[38;2;255;162;57m[48;2;255;162;57m▀[0m[38;2;255;162;57m[48;2;255;162;57m▀[0m[38;2;199;121;35m[48;2;255;162;57m▀[0m[38;2;70;70;70m[48;2;70;70;70m▀[0m[38;2;70;70;70m[48;2;199;121;35m▀[0m[38;2;255;162;57m[48;2;255;162;57m▀[0m[38;2;255;162;57m[48;2;255;162;57m▀[0m[38;2;255;162;57m[48;2;199;121;35m▀[0m[38;2;199;121;35m[48;2;255;162;57m▀[0m[38;2;255;162;57m[48;2;255;162;57m▀[0m[38;2;255;162;57m[48;2;255;162;57m▀[0m[38;2;255;162;57m[48;2;255;162;57m▀[0m[38;2;255;162;57m[48;2;255;162;57m▀[0m[38;2;255;162;57m[48;2;255;162;57m▀[0m[38;2;255;162;57m[48;2;255;162;57m▀[0m[38;2;177;92;16m[48;2;177;92;16m▀[0m  [38;2;96;97;100m[48;2;96;97;100m▀[0m[38;2;197;200;203m[48;2;197;200;203m▀[0m[38;2;197;200;203m[48;2;197;200;203m▀[0m[38;2;145;149;157m[48;2;197;200;203m▀[0m[38;2;96;97;100m[48;2;96;97;100m▀[0m[38;2;70;70;70m▄[38;2;70;70;70m▄[38;2;70;70;70m▄[38;2;70;70;70m▄  [38;2;24;24;32m[48;2;24;24;32m▀[0m[38;2;145;149;157m[48;2;197;200;203m▀[0m[38;2;197;200;203m[48;2;197;200;203m▀[0m[38;2;197;200;203m[48;2;197;200;203m▀[0m[38;2;24;24;32m[48;2;24;24;32m▀[0m          [38;2;177;92;16m▄[38;2;177;92;16m[48;2;255;162;57m▀[0m[38;2;177;92;16m[48;2;255;162;57m▀[0m[38;2;255;162;57m[48;2;255;162;57m▀[0m[38;2;255;162;57m[48;2;255;162;57m▀[0m[38;2;255;162;57m[48;2;255;162;57m▀[0m[38;2;255;162;57m[48;2;255;162;57m▀[0m[38;2;255;234;213m[48;2;255;162;57m▀[0m[38;2;255;162;57m[48;2;255;162;57m▀[0m[38;2;255;162;57m[48;2;199;121;35m▀[0m[38;2;255;162;57m[48;2;70;70;70m▀[0m[38;2;199;121;35m[48;2;70;70;70m▀[0m[38;2;70;70;70m[48;2;70;70;70m▀[0m[38;2;70;70;70m[48;2;70;70;70m▀[0m[38;2;199;121;35m[48;2;255;162;57m▀[0m[38;2;255;162;57m[48;2;255;162;57m▀[0m[38;2;255;162;57m[48;2;255;162;57m▀[0m[38;2;255;162;57m[48;2;255;162;57m▀[0m[38;2;177;92;16m[48;2;177;92;16m▀[0m             
               [38;2;177;92;16m[48;2;177;92;16m▀[0m[38;2;255;162;57m[48;2;255;162;57m▀[0m[38;2;255;162;57m[48;2;255;162;57m▀[0m[38;2;255;162;57m[48;2;255;162;57m▀[0m[38;2;199;121;35m[48;2;255;162;57m▀[0m[38;2;255;162;57m[48;2;255;162;57m▀[0m[38;2;255;162;57m[48;2;255;162;57m▀[0m[38;2;199;121;35m[48;2;199;121;35m▀[0m[38;2;255;162;57m[48;2;255;162;57m▀[0m[38;2;255;162;57m[48;2;255;162;57m▀[0m[38;2;255;162;57m[48;2;255;162;57m▀[0m[38;2;255;162;57m[48;2;255;162;57m▀[0m[38;2;255;162;57m[48;2;255;234;213m▀[0m[38;2;255;162;57m[48;2;255;162;57m▀[0m[38;2;255;162;57m[48;2;255;162;57m▀[0m[38;2;255;162;57m[48;2;255;162;57m▀[0m[38;2;177;92;16m[48;2;255;162;57m▀[0m[38;2;177;92;16m▄[38;2;96;97;100m[48;2;96;97;100m▀[0m[38;2;145;149;157m[48;2;197;200;203m▀[0m[38;2;197;200;203m[48;2;145;149;157m▀[0m[38;2;197;200;203m[48;2;70;70;70m▀[0m[38;2;70;70;70m[48;2;98;98;98m▀[0m[38;2;70;70;70m[48;2;98;98;98m▀[0m[38;2;98;98;98m[48;2;156;161;166m▀[0m[38;2;98;98;98m[48;2;156;161;166m▀[0m[38;2;98;98;98m[48;2;156;161;166m▀[0m[38;2;98;98;98m[48;2;98;98;98m▀[0m[38;2;70;70;70m[48;2;98;98;98m▀[0m[38;2;70;70;70m[48;2;98;98;98m▀[0m[38;2;24;24;32m[48;2;24;24;32m▀[0m[38;2;197;200;203m[48;2;197;200;203m▀[0m[38;2;197;200;203m[48;2;197;200;203m▀[0m[38;2;197;200;203m[48;2;145;149;157m▀[0m[38;2;24;24;32m[48;2;145;149;157m▀[0m[38;2;24;24;32m▄         [38;2;177;92;16m[48;2;177;92;16m▀[0m[38;2;199;121;35m[48;2;255;162;57m▀[0m[38;2;199;121;35m[48;2;255;162;57m▀[0m[38;2;199;121;35m[48;2;255;162;57m▀[0m[38;2;255;162;57m[48;2;199;121;35m▀[0m[38;2;255;162;57m[48;2;199;121;35m▀[0m[38;2;255;162;57m[48;2;255;162;57m▀[0m[38;2;199;121;35m[48;2;255;162;57m▀[0m[38;2;70;70;70m[48;2;255;162;57m▀[0m[38;2;70;70;70m[48;2;70;70;70m▀[0m[38;2;70;70;70m[48;2;70;70;70m▀[0m[38;2;70;70;70m[48;2;70;70;70m▀[0m[38;2;70;70;70m[48;2;70;70;70m▀[0m[38;2;199;121;35m[48;2;255;162;57m▀[0m[38;2;255;162;57m[48;2;255;162;57m▀[0m[38;2;255;162;57m[48;2;255;162;57m▀[0m[38;2;255;162;57m[48;2;255;162;57m▀[0m[38;2;255;162;57m[48;2;177;92;16m▀[0m[38;2;177;92;16m▀             
                [38;2;177;92;16m[48;2;177;92;16m▀[0m[38;2;255;162;57m[48;2;255;162;57m▀[0m[38;2;255;162;57m[48;2;255;162;57m▀[0m[38;2;255;162;57m[48;2;255;162;57m▀[0m[38;2;255;162;57m[48;2;255;162;57m▀[0m[38;2;199;121;35m[48;2;199;121;35m▀[0m[38;2;255;162;57m[48;2;255;162;57m▀[0m[38;2;255;162;57m[48;2;255;162;57m▀[0m[38;2;255;162;57m[48;2;255;162;57m▀[0m[38;2;255;162;57m[48;2;255;162;57m▀[0m[38;2;255;162;57m[48;2;255;234;213m▀[0m[38;2;255;162;57m[48;2;255;162;57m▀[0m[38;2;255;162;57m[48;2;255;162;57m▀[0m[38;2;255;162;57m[48;2;255;162;57m▀[0m[38;2;255;162;57m[48;2;255;162;57m▀[0m[38;2;255;162;57m[48;2;96;97;100m▀[0m[38;2;96;97;100m[48;2;197;200;203m▀[0m[38;2;197;200;203m[48;2;197;200;203m▀[0m[38;2;197;200;203m[48;2;145;149;157m▀[0m[38;2;49;49;57m[48;2;49;49;57m▀[0m[38;2;98;98;98m[48;2;98;98;98m▀[0m[38;2;98;98;98m[48;2;98;98;98m▀[0m[38;2;156;161;166m[48;2;98;98;98m▀[0m[38;2;156;161;166m[48;2;98;98;98m▀[0m[38;2;98;98;98m[48;2;98;98;98m▀[0m[38;2;98;98;98m[48;2;98;98;98m▀[0m[38;2;98;98;98m[48;2;98;98;98m▀[0m[38;2;98;98;98m[48;2;98;98;98m▀[0m[38;2;98;98;98m[48;2;98;98;98m▀[0m[38;2;98;98;98m[48;2;98;98;98m▀[0m[38;2;24;24;32m[48;2;24;24;32m▀[0m[38;2;145;149;157m[48;2;197;200;203m▀[0m[38;2;197;200;203m[48;2;197;200;203m▀[0m[38;2;197;200;203m[48;2;197;200;203m▀[0m[38;2;24;24;32m[48;2;24;24;32m▀[0m        [38;2;177;92;16m▄[38;2;177;92;16m[48;2;255;162;57m▀[0m[38;2;255;162;57m[48;2;255;162;57m▀[0m[38;2;255;162;57m[48;2;255;162;57m▀[0m[38;2;255;162;57m[48;2;255;162;57m▀[0m[38;2;255;162;57m[48;2;255;162;57m▀[0m[38;2;255;162;57m[48;2;255;162;57m▀[0m[38;2;199;121;35m[48;2;255;162;57m▀[0m[38;2;255;162;57m[48;2;199;121;35m▀[0m[38;2;255;162;57m[48;2;255;162;57m▀[0m[38;2;255;162;57m[48;2;255;162;57m▀[0m[38;2;70;70;70m[48;2;199;121;35m▀[0m[38;2;70;70;70m[48;2;70;70;70m▀[0m[38;2;199;121;35m[48;2;255;162;57m▀[0m[38;2;255;162;57m[48;2;255;162;57m▀[0m[38;2;255;162;57m[48;2;255;162;57m▀[0m[38;2;255;162;57m[48;2;255;162;57m▀[0m[38;2;255;162;57m[48;2;177;92;16m▀[0m[38;2;177;92;16m▀              
                 [38;2;177;92;16m[48;2;177;92;16m▀[0m[38;2;255;162;57m[48;2;255;162;57m▀[0m[38;2;255;162;57m[48;2;255;162;57m▀[0m[38;2;199;121;35m[48;2;199;121;35m▀[0m[38;2;255;162;57m[48;2;255;162;57m▀[0m[38;2;255;162;57m[48;2;255;162;57m▀[0m[38;2;255;162;57m[48;2;255;162;57m▀[0m[38;2;255;162;57m[48;2;255;162;57m▀[0m[38;2;255;162;57m[48;2;255;162;57m▀[0m[38;2;255;162;57m[48;2;255;162;57m▀[0m[38;2;255;162;57m[48;2;255;162;57m▀[0m[38;2;255;162;57m[48;2;255;162;57m▀[0m[38;2;199;121;35m[48;2;197;200;203m▀[0m[38;2;197;200;203m[48;2;96;97;100m▀[0m[38;2;96;97;100m[48;2;145;149;157m▀[0m[38;2;197;200;203m[48;2;145;149;157m▀[0m[38;2;197;200;203m[48;2;197;200;203m▀[0m[38;2;49;49;57m[48;2;49;49;57m▀[0m[38;2;98;98;98m[48;2;98;98;98m▀[0m[38;2;98;98;98m[48;2;98;98;98m▀[0m[38;2;156;161;166m[48;2;98;98;98m▀[0m[38;2;98;98;98m[48;2;98;98;98m▀[0m[38;2;98;98;98m[48;2;98;98;98m▀[0m[38;2;98;98;98m[48;2;98;98;98m▀[0m[38;2;98;98;98m[48;2;98;98;98m▀[0m[38;2;98;98;98m[48;2;98;98;98m▀[0m[38;2;98;98;98m[48;2;98;98;98m▀[0m[38;2;98;98;98m[48;2;98;98;98m▀[0m[38;2;98;98;98m[48;2;98;98;98m▀[0m[38;2;98;98;98m[48;2;98;98;98m▀[0m[38;2;24;24;32m[48;2;24;24;32m▀[0m[38;2;197;200;203m[48;2;197;200;203m▀[0m[38;2;197;200;203m[48;2;145;149;157m▀[0m[38;2;197;200;203m[48;2;145;149;157m▀[0m[38;2;24;24;32m[48;2;24;24;32m▀[0m       [38;2;177;92;16m[48;2;177;92;16m▀[0m[38;2;255;162;57m[48;2;255;162;57m▀[0m[38;2;255;162;57m[48;2;255;162;57m▀[0m[38;2;255;162;57m[48;2;255;162;57m▀[0m[38;2;255;162;57m[48;2;255;162;57m▀[0m[38;2;255;162;57m[48;2;255;162;57m▀[0m[38;2;255;162;57m[48;2;255;162;57m▀[0m[38;2;255;162;57m[48;2;255;162;57m▀[0m[38;2;255;162;57m[48;2;255;162;57m▀[0m[38;2;199;121;35m[48;2;255;162;57m▀[0m[38;2;255;162;57m[48;2;199;121;35m▀[0m[38;2;255;162;57m[48;2;255;162;57m▀[0m[38;2;199;121;35m[48;2;255;162;57m▀[0m[38;2;255;162;57m[48;2;255;162;57m▀[0m[38;2;255;162;57m[48;2;255;162;57m▀[0m[38;2;255;162;57m[48;2;255;162;57m▀[0m[38;2;255;162;57m[48;2;255;162;57m▀[0m[38;2;177;92;16m[48;2;177;92;16m▀[0m               
                  [38;2;177;92;16m[48;2;177;92;16m▀[0m[38;2;255;162;57m[48;2;255;162;57m▀[0m[38;2;199;121;35m[48;2;199;121;35m▀[0m[38;2;255;162;57m[48;2;255;162;57m▀[0m[38;2;255;234;213m[48;2;255;162;57m▀[0m[38;2;255;162;57m[48;2;255;162;57m▀[0m[38;2;255;162;57m[48;2;255;162;57m▀[0m[38;2;255;162;57m[48;2;255;162;57m▀[0m[38;2;255;162;57m[48;2;255;162;57m▀[0m[38;2;255;162;57m[48;2;255;162;57m▀[0m[38;2;199;121;35m[48;2;197;200;203m▀[0m[38;2;197;200;203m[48;2;197;200;203m▀[0m[38;2;96;97;100m[48;2;96;97;100m▀[0m[38;2;197;200;203m[48;2;197;200;203m▀[0m[38;2;197;200;203m[48;2;197;200;203m▀[0m[38;2;145;149;157m[48;2;49;49;57m▀[0m[38;2;49;49;57m[48;2;199;121;35m▀[0m[38;2;98;98;98m[48;2;98;98;98m▀[0m[38;2;98;98;98m[48;2;98;98;98m▀[0m[38;2;98;98;98m[48;2;98;98;98m▀[0m[38;2;98;98;98m[48;2;98;98;98m▀[0m[38;2;98;98;98m[48;2;98;98;98m▀[0m[38;2;98;98;98m[48;2;98;98;98m▀[0m[38;2;98;98;98m[48;2;98;98;98m▀[0m[38;2;98;98;98m[48;2;98;98;98m▀[0m[38;2;98;98;98m[48;2;98;98;98m▀[0m[38;2;98;98;98m[48;2;255;162;57m▀[0m[38;2;98;98;98m[48;2;70;70;70m▀[0m[38;2;98;98;98m[48;2;98;98;98m▀[0m[38;2;24;24;32m[48;2;24;24;32m▀[0m[38;2;145;149;157m[48;2;197;200;203m▀[0m[38;2;197;200;203m[48;2;197;200;203m▀[0m[38;2;197;200;203m[48;2;197;200;203m▀[0m[38;2;24;24;32m[48;2;24;24;32m▀[0m      [38;2;177;92;16m▄[38;2;177;92;16m[48;2;255;162;57m▀[0m[38;2;255;162;57m[48;2;255;162;57m▀[0m[38;2;255;162;57m[48;2;255;234;213m▀[0m[38;2;255;162;57m[48;2;255;162;57m▀[0m[38;2;255;162;57m[48;2;255;162;57m▀[0m[38;2;255;162;57m[48;2;255;162;57m▀[0m[38;2;255;162;57m[48;2;255;162;57m▀[0m[38;2;255;162;57m[48;2;255;162;57m▀[0m[38;2;255;162;57m[48;2;255;162;57m▀[0m[38;2;255;162;57m[48;2;255;162;57m▀[0m[38;2;255;162;57m[48;2;255;162;57m▀[0m[38;2;199;121;35m[48;2;255;162;57m▀[0m[38;2;255;162;57m[48;2;199;121;35m▀[0m[38;2;255;162;57m[48;2;255;162;57m▀[0m[38;2;255;162;57m[48;2;255;162;57m▀[0m[38;2;255;162;57m[48;2;255;162;57m▀[0m[38;2;177;92;16m[48;2;177;92;16m▀[0m                
                   [38;2;177;92;16m▀[38;2;177;92;16m▀[38;2;177;92;16m▀[38;2;177;92;16m▀[38;2;255;162;57m[48;2;177;92;16m▀[0m[38;2;255;162;57m[48;2;177;92;16m▀[0m[38;2;255;162;57m[48;2;177;92;16m▀[0m[38;2;255;162;57m[48;2;177;92;16m▀[0m[38;2;255;162;57m[48;2;255;162;57m▀[0m[38;2;197;200;203m[48;2;199;121;35m▀[0m[38;2;197;200;203m[48;2;197;200;203m▀[0m[38;2;24;24;32m[48;2;24;24;32m▀[0m[38;2;197;200;203m[48;2;145;149;157m▀[0m[38;2;197;200;203m[48;2;145;149;157m▀[0m[38;2;49;49;57m[48;2;49;49;57m▀[0m[38;2;255;162;57m[48;2;98;98;98m▀[0m[38;2;98;98;98m[48;2;98;98;98m▀[0m[38;2;98;98;98m[48;2;98;98;98m▀[0m[38;2;98;98;98m[48;2;98;98;98m▀[0m[38;2;98;98;98m[48;2;98;98;98m▀[0m[38;2;98;98;98m[48;2;98;98;98m▀[0m[38;2;98;98;98m[48;2;98;98;98m▀[0m[38;2;98;98;98m[48;2;255;162;57m▀[0m[38;2;255;162;57m[48;2;255;162;57m▀[0m[38;2;98;98;98m[48;2;98;98;98m▀[0m[38;2;255;162;57m[48;2;70;70;70m▀[0m[38;2;199;121;35m[48;2;70;70;70m▀[0m[38;2;70;70;70m[48;2;96;97;100m▀[0m[38;2;24;24;32m[48;2;197;200;203m▀[0m[38;2;197;200;203m[48;2;145;149;157m▀[0m[38;2;197;200;203m[48;2;145;149;157m▀[0m[38;2;197;200;203m[48;2;24;24;32m▀[0m[38;2;24;24;32m[48;2;156;161;166m▀[0m[38;2;98;98;98m▄     [38;2;177;92;16m[48;2;177;92;16m▀[0m[38;2;255;162;57m[48;2;199;121;35m▀[0m[38;2;255;162;57m[48;2;255;162;57m▀[0m[38;2;255;162;57m[48;2;255;162;57m▀[0m[38;2;255;162;57m[48;2;255;162;57m▀[0m[38;2;255;162;57m[48;2;255;162;57m▀[0m[38;2;255;162;57m[48;2;255;234;213m▀[0m[38;2;255;162;57m[48;2;255;162;57m▀[0m[38;2;255;162;57m[48;2;255;162;57m▀[0m[38;2;255;162;57m[48;2;255;162;57m▀[0m[38;2;255;234;213m[48;2;255;162;57m▀[0m[38;2;255;162;57m[48;2;255;162;57m▀[0m[38;2;255;162;57m[48;2;255;162;57m▀[0m[38;2;199;121;35m[48;2;255;162;57m▀[0m[38;2;255;162;57m[48;2;199;121;35m▀[0m[38;2;255;162;57m[48;2;255;162;57m▀[0m[38;2;255;162;57m[48;2;177;92;16m▀[0m[38;2;177;92;16m▀                
                    [38;2;177;92;16m▄[38;2;177;92;16m▄[38;2;177;92;16m▄    [38;2;177;92;16m▀[38;2;177;92;16m▀[38;2;24;24;32m▀[38;2;24;24;32m▀[38;2;24;24;32m[48;2;24;24;32m▀[0m[38;2;197;200;203m[48;2;197;200;203m▀[0m[38;2;145;149;157m[48;2;197;200;203m▀[0m[38;2;24;24;32m[48;2;49;49;57m▀[0m[38;2;255;162;57m[48;2;199;121;35m▀[0m[38;2;98;98;98m[48;2;70;70;70m▀[0m[38;2;98;98;98m[48;2;98;98;98m▀[0m[38;2;98;98;98m[48;2;98;98;98m▀[0m[38;2;98;98;98m[48;2;98;98;98m▀[0m[38;2;98;98;98m[48;2;255;162;57m▀[0m[38;2;98;98;98m[48;2;255;162;57m▀[0m[38;2;98;98;98m[48;2;70;70;70m▀[0m[38;2;255;162;57m[48;2;199;121;35m▀[0m[38;2;199;121;35m[48;2;70;70;70m▀[0m[38;2;70;70;70m[48;2;96;97;100m▀[0m[38;2;96;97;100m[48;2;197;200;203m▀[0m[38;2;145;149;157m[48;2;197;200;203m▀[0m[38;2;197;200;203m[48;2;197;200;203m▀[0m[38;2;197;200;203m[48;2;24;24;32m▀[0m[38;2;24;24;32m[48;2;213;216;219m▀[0m[38;2;156;161;166m[48;2;156;161;166m▀[0m[38;2;156;161;166m[48;2;156;161;166m▀[0m[38;2;98;98;98m[48;2;156;161;166m▀[0m[38;2;98;98;98m▄  [38;2;145;149;157m▄[38;2;177;92;16m[48;2;197;200;203m▀[0m[38;2;197;200;203m[48;2;197;200;203m▀[0m[38;2;197;200;203m[48;2;197;200;203m▀[0m[38;2;199;121;35m[48;2;197;200;203m▀[0m[38;2;255;162;57m[48;2;199;121;35m▀[0m[38;2;255;162;57m[48;2;255;162;57m▀[0m[38;2;255;162;57m[48;2;255;162;57m▀[0m[38;2;255;162;57m[48;2;255;162;57m▀[0m[38;2;255;162;57m[48;2;255;162;57m▀[0m[38;2;255;162;57m[48;2;255;162;57m▀[0m[38;2;255;162;57m[48;2;255;162;57m▀[0m[38;2;255;162;57m[48;2;255;162;57m▀[0m[38;2;255;162;57m[48;2;255;162;57m▀[0m[38;2;255;162;57m[48;2;255;162;57m▀[0m[38;2;199;121;35m[48;2;199;121;35m▀[0m[38;2;255;162;57m[48;2;255;162;57m▀[0m[38;2;177;92;16m[48;2;177;92;16m▀[0m                 
               [38;2;177;92;16m▄[38;2;177;92;16m▄[38;2;177;92;16m▄[38;2;177;92;16m[48;2;255;162;57m▀[0m[38;2;177;92;16m[48;2;255;162;57m▀[0m[38;2;255;162;57m[48;2;255;162;57m▀[0m[38;2;199;121;35m[48;2;199;121;35m▀[0m[38;2;255;162;57m[48;2;255;162;57m▀[0m[38;2;177;92;16m[48;2;255;162;57m▀[0m[38;2;177;92;16m[48;2;255;162;57m▀[0m[38;2;177;92;16m▄      [38;2;24;24;32m▀[38;2;197;200;203m[48;2;24;24;32m▀[0m[38;2;197;200;203m[48;2;197;200;203m▀[0m[38;2;24;24;32m[48;2;197;200;203m▀[0m[38;2;70;70;70m[48;2;24;24;32m▀[0m[38;2;70;70;70m[48;2;70;70;70m▀[0m[38;2;98;98;98m[48;2;70;70;70m▀[0m[38;2;98;98;98m[48;2;70;70;70m▀[0m[38;2;70;70;70m[48;2;70;70;70m▀[0m[38;2;199;121;35m[48;2;70;70;70m▀[0m[38;2;70;70;70m[48;2;70;70;70m▀[0m[38;2;70;70;70m[48;2;96;97;100m▀[0m[38;2;96;97;100m[48;2;197;200;203m▀[0m[38;2;197;200;203m[48;2;197;200;203m▀[0m[38;2;197;200;203m[48;2;24;24;32m▀[0m[38;2;145;149;157m[48;2;24;24;32m▀[0m[38;2;24;24;32m[48;2;213;216;219m▀[0m[38;2;213;216;219m[48;2;213;216;219m▀[0m[38;2;213;216;219m[48;2;213;216;219m▀[0m[38;2;213;216;219m[48;2;213;216;219m▀[0m[38;2;156;161;166m[48;2;156;161;166m▀[0m[38;2;156;161;166m[48;2;156;161;166m▀[0m[38;2;98;98;98m[48;2;156;161;166m▀[0m[38;2;70;70;70m▄ [38;2;145;149;157m[48;2;145;149;157m▀[0m[38;2;197;200;203m[48;2;197;200;203m▀[0m[38;2;197;200;203m[48;2;197;200;203m▀[0m[38;2;197;200;203m[48;2;197;200;203m▀[0m[38;2;197;200;203m[48;2;197;200;203m▀[0m[38;2;197;200;203m[48;2;197;200;203m▀[0m[38;2;255;162;57m[48;2;199;121;35m▀[0m[38;2;255;162;57m[48;2;255;162;57m▀[0m[38;2;255;162;57m[48;2;255;162;57m▀[0m[38;2;255;162;57m[48;2;177;92;16m▀[0m[38;2;255;162;57m[48;2;177;92;16m▀[0m[38;2;255;162;57m[48;2;177;92;16m▀[0m[38;2;255;162;57m[48;2;177;92;16m▀[0m[38;2;177;92;16m▀[38;2;177;92;16m▀[38;2;177;92;16m▀[38;2;177;92;16m▀                  
          [38;2;177;92;16m▄[38;2;177;92;16m▄[38;2;177;92;16m▄[38;2;177;92;16m[48;2;255;162;57m▀[0m[38;2;177;92;16m[48;2;255;162;57m▀[0m[38;2;255;162;57m[48;2;255;162;57m▀[0m[38;2;255;162;57m[48;2;255;162;57m▀[0m[38;2;255;162;57m[48;2;255;162;57m▀[0m[38;2;255;162;57m[48;2;255;162;57m▀[0m[38;2;255;162;57m[48;2;255;162;57m▀[0m[38;2;199;121;35m[48;2;199;121;35m▀[0m[38;2;255;162;57m[48;2;255;162;57m▀[0m[38;2;255;162;57m[48;2;255;162;57m▀[0m[38;2;255;162;57m[48;2;255;162;57m▀[0m[38;2;255;162;57m[48;2;255;162;57m▀[0m[38;2;255;162;57m[48;2;255;162;57m▀[0m[38;2;177;92;16m[48;2;255;162;57m▀[0m[38;2;177;92;16m[48;2;255;162;57m▀[0m[38;2;177;92;16m▄    [38;2;70;70;70m[48;2;70;70;70m▀[0m[38;2;24;24;32m[48;2;213;216;219m▀[0m[38;2;145;149;157m[48;2;24;24;32m▀[0m[38;2;197;200;203m[48;2;145;149;157m▀[0m[38;2;24;24;32m[48;2;145;149;157m▀[0m[38;2;70;70;70m[48;2;24;24;32m▀[0m[38;2;70;70;70m[48;2;70;70;70m▀[0m[38;2;70;70;70m[48;2;70;70;70m▀[0m[38;2;70;70;70m[48;2;24;24;32m▀[0m[38;2;24;24;32m[48;2;96;97;100m▀[0m[38;2;145;149;157m[48;2;197;200;203m▀[0m[38;2;197;200;203m[48;2;24;24;32m▀[0m[38;2;24;24;32m[48;2;213;216;219m▀[0m[38;2;213;216;219m[48;2;213;216;219m▀[0m[38;2;213;216;219m[48;2;213;216;219m▀[0m[38;2;213;216;219m[48;2;213;216;219m▀[0m[38;2;213;216;219m[48;2;213;216;219m▀[0m[38;2;213;216;219m[48;2;213;216;219m▀[0m[38;2;213;216;219m[48;2;213;216;219m▀[0m[38;2;213;216;219m[48;2;213;216;219m▀[0m[38;2;156;161;166m[48;2;156;161;166m▀[0m[38;2;156;161;166m[48;2;156;161;166m▀[0m[38;2;70;70;70m[48;2;70;70;70m▀[0m [38;2;145;149;157m▀[38;2;197;200;203m[48;2;96;97;100m▀[0m[38;2;197;200;203m[48;2;96;97;100m▀[0m[38;2;197;200;203m[48;2;96;97;100m▀[0m[38;2;197;200;203m[48;2;96;97;100m▀[0m[38;2;177;92;16m▀[38;2;177;92;16m▀[38;2;177;92;16m▀[38;2;177;92;16m▀    [38;2;177;92;16m▄[38;2;177;92;16m▄[38;2;177;92;16m▄                   
     [38;2;177;92;16m▄[38;2;177;92;16m▄[38;2;177;92;16m▄[38;2;177;92;16m[48;2;255;162;57m▀[0m[38;2;177;92;16m[48;2;255;162;57m▀[0m[38;2;255;162;57m[48;2;255;162;57m▀[0m[38;2;255;162;57m[48;2;255;162;57m▀[0m[38;2;255;162;57m[48;2;255;234;213m▀[0m[38;2;255;162;57m[48;2;255;162;57m▀[0m[38;2;255;162;57m[48;2;255;162;57m▀[0m[38;2;255;162;57m[48;2;255;162;57m▀[0m[38;2;255;162;57m[48;2;199;121;35m▀[0m[38;2;255;162;57m[48;2;199;121;35m▀[0m[38;2;255;162;57m[48;2;255;162;57m▀[0m[38;2;255;162;57m[48;2;199;121;35m▀[0m[38;2;199;121;35m[48;2;255;162;57m▀[0m[38;2;255;162;57m[48;2;255;162;57m▀[0m[38;2;255;162;57m[48;2;255;162;57m▀[0m[38;2;255;162;57m[48;2;255;162;57m▀[0m[38;2;255;234;213m[48;2;255;162;57m▀[0m[38;2;255;162;57m[48;2;255;162;57m▀[0m[38;2;255;162;57m[48;2;255;162;57m▀[0m[38;2;255;162;57m[48;2;255;162;57m▀[0m[38;2;255;162;57m[48;2;255;162;57m▀[0m[38;2;177;92;16m[48;2;199;121;35m▀[0m[38;2;145;149;157m▄ [38;2;49;49;57m[48;2;49;49;57m▀[0m[38;2;213;216;219m[48;2;70;70;70m▀[0m[38;2;213;216;219m[48;2;70;70;70m▀[0m[38;2;213;216;219m[48;2;213;216;219m▀[0m[38;2;24;24;32m[48;2;213;216;219m▀[0m[38;2;96;97;100m[48;2;24;24;32m▀[0m[38;2;24;24;32m[48;2;213;216;219m▀[0m[38;2;70;70;70m[48;2;24;24;32m▀[0m[38;2;24;24;32m[48;2;213;216;219m▀[0m[38;2;213;216;219m[48;2;213;216;219m▀[0m[38;2;96;97;100m[48;2;24;24;32m▀[0m[38;2;24;24;32m[48;2;213;216;219m▀[0m[38;2;213;216;219m[48;2;213;216;219m▀[0m[38;2;213;216;219m[48;2;213;216;219m▀[0m[38;2;213;216;219m[48;2;213;216;219m▀[0m[38;2;213;216;219m[48;2;70;70;70m▀[0m[38;2;213;216;219m[48;2;70;70;70m▀[0m[38;2;213;216;219m[48;2;213;216;219m▀[0m[38;2;213;216;219m[48;2;213;216;219m▀[0m[38;2;213;216;219m[48;2;213;216;219m▀[0m[38;2;213;216;219m[48;2;213;216;219m▀[0m[38;2;156;161;166m[48;2;156;161;166m▀[0m[38;2;156;161;166m[48;2;156;161;166m▀[0m[38;2;156;161;166m[48;2;156;161;166m▀[0m[38;2;70;70;70m[48;2;70;70;70m▀[0m          [38;2;177;92;16m▄[38;2;177;92;16m[48;2;255;162;57m▀[0m[38;2;177;92;16m[48;2;255;162;57m▀[0m[38;2;255;162;57m[48;2;255;162;57m▀[0m[38;2;199;121;35m[48;2;199;121;35m▀[0m[38;2;255;162;57m[48;2;255;162;57m▀[0m[38;2;177;92;16m[48;2;255;162;57m▀[0m[38;2;177;92;16m[48;2;255;162;57m▀[0m[38;2;177;92;16m▄[38;2;177;92;16m▄[38;2;177;92;16m▄              
 [38;2;177;92;16m▄[38;2;177;92;16m▄[38;2;177;92;16m[48;2;255;162;57m▀[0m[38;2;177;92;16m[48;2;255;162;57m▀[0m[38;2;255;162;57m[48;2;255;162;57m▀[0m[38;2;255;162;57m[48;2;255;162;57m▀[0m[38;2;255;162;57m[48;2;255;162;57m▀[0m[38;2;255;162;57m[48;2;255;162;57m▀[0m[38;2;255;162;57m[48;2;255;162;57m▀[0m[38;2;255;162;57m[48;2;255;162;57m▀[0m[38;2;255;162;57m[48;2;255;162;57m▀[0m[38;2;255;162;57m[48;2;199;121;35m▀[0m[38;2;255;162;57m[48;2;70;70;70m▀[0m[38;2;199;121;35m[48;2;70;70;70m▀[0m[38;2;70;70;70m[48;2;70;70;70m▀[0m[38;2;70;70;70m[48;2;70;70;70m▀[0m[38;2;255;162;57m[48;2;255;162;57m▀[0m[38;2;255;162;57m[48;2;255;162;57m▀[0m[38;2;199;121;35m[48;2;199;121;35m▀[0m[38;2;255;162;57m[48;2;255;162;57m▀[0m[38;2;255;162;57m[48;2;255;162;57m▀[0m[38;2;255;162;57m[48;2;255;162;57m▀[0m[38;2;255;162;57m[48;2;255;162;57m▀[0m[38;2;255;162;57m[48;2;255;162;57m▀[0m[38;2;255;162;57m[48;2;255;162;57m▀[0m[38;2;255;234;213m[48;2;255;162;57m▀[0m[38;2;255;162;57m[48;2;255;162;57m▀[0m[38;2;199;121;35m[48;2;197;200;203m▀[0m[38;2;197;200;203m[48;2;197;200;203m▀[0m[38;2;197;200;203m[48;2;197;200;203m▀[0m[38;2;24;24;32m[48;2;197;200;203m▀[0m[38;2;49;49;57m[48;2;49;49;57m▀[0m[38;2;98;98;98m[48;2;98;98;98m▀[0m[38;2;98;98;98m[48;2;98;98;98m▀[0m[38;2;70;70;70m[48;2;98;98;98m▀[0m[38;2;213;216;219m[48;2;49;49;57m▀[0m[38;2;213;216;219m[48;2;213;216;219m▀[0m[38;2;213;216;219m[48;2;213;216;219m▀[0m[38;2;213;216;219m[48;2;213;216;219m▀[0m[38;2;213;216;219m[48;2;213;216;219m▀[0m[38;2;213;216;219m[48;2;213;216;219m▀[0m[38;2;213;216;219m[48;2;213;216;219m▀[0m[38;2;213;216;219m[48;2;213;216;219m▀[0m[38;2;213;216;219m[48;2;49;49;57m▀[0m[38;2;70;70;70m[48;2;98;98;98m▀[0m[38;2;70;70;70m[48;2;98;98;98m▀[0m[38;2;98;98;98m[48;2;98;98;98m▀[0m[38;2;98;98;98m[48;2;98;98;98m▀[0m[38;2;49;49;57m[48;2;49;49;57m▀[0m[38;2;213;216;219m[48;2;213;216;219m▀[0m[38;2;213;216;219m[48;2;213;216;219m▀[0m[38;2;213;216;219m[48;2;213;216;219m▀[0m[38;2;156;161;166m[48;2;156;161;166m▀[0m[38;2;156;161;166m[48;2;156;161;166m▀[0m[38;2;156;161;166m[48;2;156;161;166m▀[0m[38;2;70;70;70m[48;2;24;24;32m▀[0m       [38;2;177;92;16m▄[38;2;177;92;16m[48;2;255;162;57m▀[0m[38;2;177;92;16m[48;2;255;162;57m▀[0m[38;2;255;162;57m[48;2;255;162;57m▀[0m[38;2;255;162;57m[48;2;255;162;57m▀[0m[38;2;255;162;57m[48;2;255;162;57m▀[0m[38;2;255;162;57m[48;2;255;162;57m▀[0m[38;2;255;162;57m[48;2;255;162;57m▀[0m[38;2;199;121;35m[48;2;199;121;35m▀[0m[38;2;255;162;57m[48;2;255;162;57m▀[0m[38;2;255;162;57m[48;2;255;162;57m▀[0m[38;2;255;162;57m[48;2;255;162;57m▀[0m[38;2;255;162;57m[48;2;255;162;57m▀[0m[38;2;255;162;57m[48;2;255;162;57m▀[0m[38;2;177;92;16m[48;2;255;162;57m▀[0m[38;2;177;92;16m[48;2;255;162;57m▀[0m[38;2;177;92;16m[48;2;255;162;57m▀[0m[38;2;177;92;16m▄[38;2;177;92;16m▄         
[38;2;177;92;16m▀[38;2;255;162;57m[48;2;177;92;16m▀[0m[38;2;255;162;57m[48;2;177;92;16m▀[0m[38;2;255;162;57m[48;2;255;162;57m▀[0m[38;2;255;162;57m[48;2;255;162;57m▀[0m[38;2;255;234;213m[48;2;255;162;57m▀[0m[38;2;255;162;57m[48;2;255;162;57m▀[0m[38;2;255;162;57m[48;2;255;162;57m▀[0m[38;2;255;162;57m[48;2;255;162;57m▀[0m[38;2;255;162;57m[48;2;255;162;57m▀[0m[38;2;199;121;35m[48;2;255;162;57m▀[0m[38;2;70;70;70m[48;2;255;162;57m▀[0m[38;2;70;70;70m[48;2;199;121;35m▀[0m[38;2;70;70;70m[48;2;70;70;70m▀[0m[38;2;70;70;70m[48;2;70;70;70m▀[0m[38;2;70;70;70m[48;2;70;70;70m▀[0m[38;2;70;70;70m[48;2;70;70;70m▀[0m[38;2;255;162;57m[48;2;255;162;57m▀[0m[38;2;255;162;57m[48;2;255;162;57m▀[0m[38;2;199;121;35m[48;2;199;121;35m▀[0m[38;2;255;162;57m[48;2;255;162;57m▀[0m[38;2;255;162;57m[48;2;255;162;57m▀[0m[38;2;255;162;57m[48;2;255;162;57m▀[0m[38;2;255;162;57m[48;2;255;162;57m▀[0m[38;2;255;162;57m[48;2;255;162;57m▀[0m[38;2;255;162;57m[48;2;255;162;57m▀[0m[38;2;255;162;57m[48;2;255;162;57m▀[0m[38;2;199;121;35m[48;2;199;121;35m▀[0m[38;2;197;200;203m[48;2;197;200;203m▀[0m[38;2;197;200;203m[48;2;197;200;203m▀[0m[38;2;197;200;203m[48;2;197;200;203m▀[0m[38;2;197;200;203m[48;2;197;200;203m▀[0m[38;2;49;49;57m[48;2;49;49;57m▀[0m[38;2;49;49;57m[48;2;213;216;219m▀[0m[38;2;49;49;57m[48;2;213;216;219m▀[0m[38;2;49;49;57m[48;2;213;216;219m▀[0m[38;2;213;216;219m[48;2;213;216;219m▀[0m[38;2;213;216;219m[48;2;213;216;219m▀[0m[38;2;213;216;219m[48;2;213;216;219m▀[0m[38;2;213;216;219m[48;2;213;216;219m▀[0m[38;2;213;216;219m[48;2;213;216;219m▀[0m[38;2;213;216;219m[48;2;213;216;219m▀[0m[38;2;213;216;219m[48;2;213;216;219m▀[0m[38;2;213;216;219m[48;2;213;216;219m▀[0m[38;2;213;216;219m[48;2;213;216;219m▀[0m[38;2;49;49;57m[48;2;213;216;219m▀[0m[38;2;49;49;57m[48;2;213;216;219m▀[0m[38;2;49;49;57m[48;2;213;216;219m▀[0m[38;2;49;49;57m[48;2;213;216;219m▀[0m[38;2;213;216;219m[48;2;213;216;219m▀[0m[38;2;213;216;219m[48;2;213;216;219m▀[0m[38;2;213;216;219m[48;2;213;216;219m▀[0m[38;2;156;161;166m[48;2;156;161;166m▀[0m[38;2;156;161;166m[48;2;156;161;166m▀[0m[38;2;156;161;166m[48;2;156;161;166m▀[0m[38;2;156;161;166m[48;2;156;161;166m▀[0m[38;2;24;24;32m[48;2;24;24;32m▀[0m    [38;2;145;149;157m▄[38;2;145;149;157m[48;2;197;200;203m▀[0m[38;2;177;92;16m[48;2;199;121;35m▀[0m[38;2;255;162;57m[48;2;255;162;57m▀[0m[38;2;255;162;57m[48;2;255;162;57m▀[0m[38;2;255;162;57m[48;2;255;162;57m▀[0m[38;2;255;234;213m[48;2;255;162;57m▀[0m[38;2;255;162;57m[48;2;255;162;57m▀[0m[38;2;255;162;57m[48;2;255;234;213m▀[0m[38;2;255;162;57m[48;2;255;162;57m▀[0m[38;2;255;162;57m[48;2;255;162;57m▀[0m[38;2;199;121;35m[48;2;255;162;57m▀[0m[38;2;255;162;57m[48;2;199;121;35m▀[0m[38;2;255;162;57m[48;2;255;162;57m▀[0m[38;2;255;162;57m[48;2;199;121;35m▀[0m[38;2;255;162;57m[48;2;199;121;35m▀[0m[38;2;255;162;57m[48;2;255;162;57m▀[0m[38;2;255;162;57m[48;2;255;162;57m▀[0m[38;2;255;162;57m[48;2;255;162;57m▀[0m[38;2;255;162;57m[48;2;255;162;57m▀[0m[38;2;255;162;57m[48;2;255;162;57m▀[0m[38;2;255;162;57m[48;2;255;162;57m▀[0m[38;2;177;92;16m[48;2;255;162;57m▀[0m[38;2;177;92;16m[48;2;255;162;57m▀[0m[38;2;177;92;16m▄[38;2;177;92;16m▄     
   [38;2;177;92;16m▀[38;2;177;92;16m▀[38;2;177;92;16m▀[38;2;255;162;57m[48;2;177;92;16m▀[0m[38;2;255;162;57m[48;2;177;92;16m▀[0m[38;2;255;162;57m[48;2;255;162;57m▀[0m[38;2;255;162;57m[48;2;255;162;57m▀[0m[38;2;255;162;57m[48;2;255;162;57m▀[0m[38;2;255;162;57m[48;2;255;162;57m▀[0m[38;2;255;162;57m[48;2;255;162;57m▀[0m[38;2;255;162;57m[48;2;255;162;57m▀[0m[38;2;199;121;35m[48;2;255;162;57m▀[0m[38;2;70;70;70m[48;2;255;162;57m▀[0m[38;2;70;70;70m[48;2;199;121;35m▀[0m[38;2;255;162;57m[48;2;199;121;35m▀[0m[38;2;255;162;57m[48;2;255;162;57m▀[0m[38;2;199;121;35m[48;2;199;121;35m▀[0m[38;2;255;162;57m[48;2;255;162;57m▀[0m[38;2;255;162;57m[48;2;255;162;57m▀[0m[38;2;255;162;57m[48;2;255;162;57m▀[0m[38;2;255;162;57m[48;2;255;162;57m▀[0m[38;2;255;162;57m[48;2;255;162;57m▀[0m[38;2;255;162;57m[48;2;255;162;57m▀[0m[38;2;255;162;57m[48;2;255;162;57m▀[0m[38;2;255;162;57m[48;2;255;162;57m▀[0m[38;2;197;200;203m[48;2;199;121;35m▀[0m[38;2;197;200;203m[48;2;197;200;203m▀[0m[38;2;197;200;203m[48;2;24;24;32m▀[0m[38;2;24;24;32m▀[38;2;49;49;57m[48;2;49;49;57m▀[0m[38;2;70;70;70m[48;2;98;98;98m▀[0m[38;2;70;70;70m[48;2;98;98;98m▀[0m[38;2;70;70;70m[48;2;98;98;98m▀[0m[38;2;213;216;219m[48;2;49;49;57m▀[0m[38;2;213;216;219m[48;2;213;216;219m▀[0m[38;2;213;216;219m[48;2;213;216;219m▀[0m[38;2;213;216;219m[48;2;213;216;219m▀[0m[38;2;213;216;219m[48;2;213;216;219m▀[0m[38;2;213;216;219m[48;2;213;216;219m▀[0m[38;2;213;216;219m[48;2;213;216;219m▀[0m[38;2;213;216;219m[48;2;213;216;219m▀[0m[38;2;213;216;219m[48;2;213;216;219m▀[0m[38;2;213;216;219m[48;2;213;216;219m▀[0m[38;2;213;216;219m[48;2;70;70;70m▀[0m[38;2;213;216;219m[48;2;70;70;70m▀[0m[38;2;70;70;70m[48;2;98;98;98m▀[0m[38;2;70;70;70m[48;2;98;98;98m▀[0m[38;2;213;216;219m[48;2;70;70;70m▀[0m[38;2;156;161;166m[48;2;156;161;166m▀[0m[38;2;156;161;166m[48;2;156;161;166m▀[0m[38;2;156;161;166m[48;2;156;161;166m▀[0m[38;2;156;161;166m[48;2;156;161;166m▀[0m[38;2;156;161;166m[48;2;24;24;32m▀[0m[38;2;24;24;32m▀  [38;2;145;149;157m▄[38;2;145;149;157m[48;2;197;200;203m▀[0m[38;2;197;200;203m[48;2;197;200;203m▀[0m[38;2;197;200;203m[48;2;197;200;203m▀[0m[38;2;197;200;203m[48;2;197;200;203m▀[0m[38;2;199;121;35m[48;2;197;200;203m▀[0m[38;2;255;162;57m[48;2;255;162;57m▀[0m[38;2;255;162;57m[48;2;255;162;57m▀[0m[38;2;255;162;57m[48;2;255;162;57m▀[0m[38;2;255;162;57m[48;2;255;162;57m▀[0m[38;2;255;162;57m[48;2;255;162;57m▀[0m[38;2;255;162;57m[48;2;255;162;57m▀[0m[38;2;255;162;57m[48;2;255;162;57m▀[0m[38;2;255;162;57m[48;2;255;162;57m▀[0m[38;2;199;121;35m[48;2;199;121;35m▀[0m[38;2;255;162;57m[48;2;255;162;57m▀[0m[38;2;255;162;57m[48;2;255;162;57m▀[0m[38;2;70;70;70m[48;2;70;70;70m▀[0m[38;2;70;70;70m[48;2;70;70;70m▀[0m[38;2;199;121;35m[48;2;70;70;70m▀[0m[38;2;255;162;57m[48;2;70;70;70m▀[0m[38;2;255;162;57m[48;2;199;121;35m▀[0m[38;2;255;162;57m[48;2;255;162;57m▀[0m[38;2;255;162;57m[48;2;255;162;57m▀[0m[38;2;255;162;57m[48;2;255;162;57m▀[0m[38;2;255;162;57m[48;2;255;162;57m▀[0m[38;2;255;162;57m[48;2;255;162;57m▀[0m[38;2;255;162;57m[48;2;255;162;57m▀[0m[38;2;177;92;16m[48;2;255;162;57m▀[0m[38;2;177;92;16m[48;2;255;162;57m▀[0m[38;2;177;92;16m▄[38;2;177;92;16m▄ 
        [38;2;177;92;16m▀[38;2;177;92;16m▀[38;2;177;92;16m▀[38;2;255;162;57m[48;2;177;92;16m▀[0m[38;2;255;162;57m[48;2;177;92;16m▀[0m[38;2;255;162;57m[48;2;255;162;57m▀[0m[38;2;255;162;57m[48;2;255;162;57m▀[0m[38;2;255;162;57m[48;2;255;162;57m▀[0m[38;2;255;162;57m[48;2;255;162;57m▀[0m[38;2;255;162;57m[48;2;255;162;57m▀[0m[38;2;255;162;57m[48;2;255;234;213m▀[0m[38;2;255;162;57m[48;2;255;162;57m▀[0m[38;2;199;121;35m[48;2;199;121;35m▀[0m[38;2;255;162;57m[48;2;255;162;57m▀[0m[38;2;255;162;57m[48;2;255;162;57m▀[0m[38;2;255;162;57m[48;2;255;162;57m▀[0m[38;2;255;162;57m[48;2;255;234;213m▀[0m[38;2;255;162;57m[48;2;255;162;57m▀[0m[38;2;255;162;57m[48;2;255;162;57m▀[0m[38;2;255;162;57m[48;2;255;162;57m▀[0m[38;2;255;162;57m[48;2;177;92;16m▀[0m[38;2;24;24;32m▀ [38;2;98;98;98m▄[38;2;49;49;57m[48;2;213;216;219m▀[0m[38;2;98;98;98m[48;2;49;49;57m▀[0m[38;2;98;98;98m[48;2;49;49;57m▀[0m[38;2;49;49;57m[48;2;213;216;219m▀[0m[38;2;213;216;219m[48;2;213;216;219m▀[0m[38;2;213;216;219m[48;2;49;49;57m▀[0m[38;2;49;49;57m[48;2;70;70;70m▀[0m[38;2;213;216;219m[48;2;49;49;57m▀[0m[38;2;213;216;219m[48;2;213;216;219m▀[0m[38;2;213;216;219m[48;2;49;49;57m▀[0m[38;2;49;49;57m[48;2;70;70;70m▀[0m[38;2;213;216;219m[48;2;49;49;57m▀[0m[38;2;213;216;219m[48;2;213;216;219m▀[0m[38;2;49;49;57m[48;2;213;216;219m▀[0m[38;2;98;98;98m[48;2;49;49;57m▀[0m[38;2;98;98;98m[48;2;49;49;57m▀[0m[38;2;98;98;98m[48;2;49;49;57m▀[0m[38;2;98;98;98m[48;2;49;49;57m▀[0m[38;2;70;70;70m[48;2;156;161;166m▀[0m[38;2;156;161;166m[48;2;156;161;166m▀[0m[38;2;156;161;166m[48;2;156;161;166m▀[0m[38;2;156;161;166m[48;2;156;161;166m▀[0m[38;2;156;161;166m[48;2;156;161;166m▀[0m[38;2;24;24;32m[48;2;213;216;219m▀[0m[38;2;49;49;57m▄ [38;2;96;97;100m▀[38;2;197;200;203m[48;2;96;97;100m▀[0m[38;2;197;200;203m[48;2;197;200;203m▀[0m[38;2;197;200;203m[48;2;197;200;203m▀[0m[38;2;197;200;203m[48;2;197;200;203m▀[0m[38;2;197;200;203m[48;2;197;200;203m▀[0m[38;2;197;200;203m[48;2;197;200;203m▀[0m[38;2;255;162;57m[48;2;255;162;57m▀[0m[38;2;255;162;57m[48;2;255;162;57m▀[0m[38;2;255;162;57m[48;2;255;162;57m▀[0m[38;2;255;162;57m[48;2;255;162;57m▀[0m[38;2;255;162;57m[48;2;255;162;57m▀[0m[38;2;255;162;57m[48;2;255;162;57m▀[0m[38;2;255;162;57m[48;2;255;162;57m▀[0m[38;2;255;162;57m[48;2;255;162;57m▀[0m[38;2;199;121;35m[48;2;199;121;35m▀[0m[38;2;255;162;57m[48;2;255;162;57m▀[0m[38;2;255;162;57m[48;2;255;162;57m▀[0m[38;2;70;70;70m[48;2;70;70;70m▀[0m[38;2;70;70;70m[48;2;70;70;70m▀[0m[38;2;70;70;70m[48;2;70;70;70m▀[0m[38;2;70;70;70m[48;2;70;70;70m▀[0m[38;2;70;70;70m[48;2;199;121;35m▀[0m[38;2;70;70;70m[48;2;255;162;57m▀[0m[38;2;199;121;35m[48;2;255;162;57m▀[0m[38;2;255;162;57m[48;2;255;162;57m▀[0m[38;2;255;162;57m[48;2;255;234;213m▀[0m[38;2;255;162;57m[48;2;255;162;57m▀[0m[38;2;255;234;213m[48;2;255;162;57m▀[0m[38;2;255;162;57m[48;2;255;162;57m▀[0m[38;2;255;162;57m[48;2;255;162;57m▀[0m[38;2;255;162;57m[48;2;177;92;16m▀[0m[38;2;255;162;57m[48;2;177;92;16m▀[0m[38;2;177;92;16m▀
             [38;2;177;92;16m▀[38;2;177;92;16m▀[38;2;177;92;16m▀[38;2;255;162;57m[48;2;177;92;16m▀[0m[38;2;255;162;57m[48;2;177;92;16m▀[0m[38;2;255;162;57m[48;2;255;162;57m▀[0m[38;2;255;162;57m[48;2;255;162;57m▀[0m[38;2;199;121;35m[48;2;255;162;57m▀[0m[38;2;255;162;57m[48;2;199;121;35m▀[0m[38;2;255;162;57m[48;2;255;162;57m▀[0m[38;2;255;162;57m[48;2;255;162;57m▀[0m[38;2;255;162;57m[48;2;255;162;57m▀[0m[38;2;255;162;57m[48;2;177;92;16m▀[0m[38;2;177;92;16m▀[38;2;177;92;16m▀ [38;2;98;98;98m▄[38;2;98;98;98m[48;2;213;216;219m▀[0m[38;2;213;216;219m[48;2;213;216;219m▀[0m[38;2;213;216;219m[48;2;49;49;57m▀[0m[38;2;213;216;219m[48;2;49;49;57m▀[0m[38;2;49;49;57m▀[38;2;213;216;219m[48;2;24;24;32m▀[0m[38;2;49;49;57m[48;2;24;24;32m▀[0m[38;2;70;70;70m[48;2;49;49;57m▀[0m[38;2;70;70;70m[48;2;49;49;57m▀[0m[38;2;70;70;70m[48;2;49;49;57m▀[0m[38;2;49;49;57m[48;2;49;49;57m▀[0m[38;2;70;70;70m[48;2;70;70;70m▀[0m[38;2;70;70;70m[48;2;70;70;70m▀[0m[38;2;70;70;70m[48;2;70;70;70m▀[0m[38;2;49;49;57m[48;2;70;70;70m▀[0m[38;2;213;216;219m[48;2;49;49;57m▀[0m[38;2;213;216;219m[48;2;156;161;166m▀[0m[38;2;156;161;166m[48;2;156;161;166m▀[0m[38;2;156;161;166m[48;2;156;161;166m▀[0m[38;2;156;161;166m[48;2;156;161;166m▀[0m[38;2;156;161;166m[48;2;156;161;166m▀[0m[38;2;156;161;166m[48;2;156;161;166m▀[0m[38;2;156;161;166m[48;2;156;161;166m▀[0m[38;2;156;161;166m[48;2;49;49;57m▀[0m[38;2;213;216;219m[48;2;213;216;219m▀[0m[38;2;213;216;219m[48;2;213;216;219m▀[0m[38;2;213;216;219m[48;2;213;216;219m▀[0m[38;2;49;49;57m[48;2;213;216;219m▀[0m[38;2;49;49;57m▄ [38;2;96;97;100m▀[38;2;197;200;203m[48;2;24;24;32m▀[0m[38;2;197;200;203m[48;2;197;200;203m▀[0m[38;2;197;200;203m[48;2;199;121;35m▀[0m[38;2;199;121;35m[48;2;255;162;57m▀[0m[38;2;255;162;57m[48;2;255;162;57m▀[0m[38;2;255;162;57m[48;2;255;234;213m▀[0m[38;2;255;162;57m[48;2;255;162;57m▀[0m[38;2;255;162;57m[48;2;255;162;57m▀[0m[38;2;255;162;57m[48;2;255;162;57m▀[0m[38;2;255;162;57m[48;2;255;162;57m▀[0m[38;2;255;162;57m[48;2;255;162;57m▀[0m[38;2;255;162;57m[48;2;255;162;57m▀[0m[38;2;199;121;35m[48;2;199;121;35m▀[0m[38;2;255;162;57m[48;2;255;162;57m▀[0m[38;2;255;162;57m[48;2;199;121;35m▀[0m[38;2;70;70;70m[48;2;199;121;35m▀[0m[38;2;70;70;70m[48;2;255;162;57m▀[0m[38;2;199;121;35m[48;2;255;162;57m▀[0m[38;2;255;162;57m[48;2;255;162;57m▀[0m[38;2;255;162;57m[48;2;255;162;57m▀[0m[38;2;255;162;57m[48;2;255;162;57m▀[0m[38;2;255;162;57m[48;2;255;162;57m▀[0m[38;2;255;162;57m[48;2;255;162;57m▀[0m[38;2;255;162;57m[48;2;177;92;16m▀[0m[38;2;255;162;57m[48;2;177;92;16m▀[0m[38;2;255;162;57m[48;2;177;92;16m▀[0m[38;2;177;92;16m▀[38;2;177;92;16m▀   
                  [38;2;177;92;16m▀[38;2;177;92;16m▀[38;2;255;162;57m[48;2;177;92;16m▀[0m[38;2;199;121;35m[48;2;177;92;16m▀[0m[38;2;255;162;57m[48;2;177;92;16m▀[0m[38;2;177;92;16m▀[38;2;177;92;16m▀   [38;2;98;98;98m[48;2;49;49;57m▀[0m[38;2;213;216;219m[48;2;49;49;57m▀[0m[38;2;49;49;57m▀[38;2;49;49;57m▀ [38;2;49;49;57m▄[38;2;24;24;32m[48;2;98;98;98m▀[0m[38;2;49;49;57m[48;2;98;98;98m▀[0m[38;2;98;98;98m[48;2;98;98;98m▀[0m[38;2;98;98;98m[48;2;70;70;70m▀[0m[38;2;70;70;70m[48;2;98;98;98m▀[0m[38;2;70;70;70m[48;2;98;98;98m▀[0m[38;2;98;98;98m[48;2;98;98;98m▀[0m[38;2;49;49;57m[48;2;98;98;98m▀[0m[38;2;49;49;57m[48;2;98;98;98m▀[0m[38;2;70;70;70m[48;2;24;24;32m▀[0m[38;2;70;70;70m[48;2;70;70;70m▀[0m[38;2;49;49;57m[48;2;70;70;70m▀[0m[38;2;49;49;57m[48;2;49;49;57m▀[0m[38;2;49;49;57m[48;2;70;70;70m▀[0m[38;2;156;161;166m[48;2;49;49;57m▀[0m[38;2;156;161;166m[48;2;49;49;57m▀[0m[38;2;156;161;166m[48;2;49;49;57m▀[0m[38;2;49;49;57m[48;2;156;161;166m▀[0m[38;2;49;49;57m[48;2;49;49;57m▀[0m[38;2;156;161;166m[48;2;49;49;57m▀[0m[38;2;24;24;32m[48;2;156;161;166m▀[0m[38;2;24;24;32m[48;2;156;161;166m▀[0m[38;2;213;216;219m[48;2;24;24;32m▀[0m[38;2;213;216;219m[48;2;24;24;32m▀[0m[38;2;213;216;219m[48;2;213;216;219m▀[0m[38;2;49;49;57m[48;2;213;216;219m▀[0m[38;2;49;49;57m▄ [38;2;24;24;32m▀[38;2;177;92;16m▀[38;2;255;162;57m[48;2;177;92;16m▀[0m[38;2;255;162;57m[48;2;255;162;57m▀[0m[38;2;255;162;57m[48;2;255;162;57m▀[0m[38;2;255;162;57m[48;2;255;162;57m▀[0m[38;2;255;162;57m[48;2;255;162;57m▀[0m[38;2;255;162;57m[48;2;255;162;57m▀[0m[38;2;255;162;57m[48;2;255;162;57m▀[0m[38;2;255;162;57m[48;2;255;162;57m▀[0m[38;2;199;121;35m[48;2;199;121;35m▀[0m[38;2;255;162;57m[48;2;255;162;57m▀[0m[38;2;255;162;57m[48;2;255;162;57m▀[0m[38;2;255;162;57m[48;2;255;162;57m▀[0m[38;2;255;162;57m[48;2;255;162;57m▀[0m[38;2;255;162;57m[48;2;255;162;57m▀[0m[38;2;255;162;57m[48;2;255;162;57m▀[0m[38;2;255;162;57m[48;2;255;162;57m▀[0m[38;2;255;162;57m[48;2;177;92;16m▀[0m[38;2;255;162;57m[48;2;177;92;16m▀[0m[38;2;177;92;16m▀[38;2;177;92;16m▀        
                         [38;2;96;97;100m▄[38;2;96;97;100m▄[38;2;96;97;100m▄[38;2;70;70;70m▄[38;2;70;70;70m▄[38;2;70;70;70m[48;2;197;201;203m▀[0m[38;2;70;70;70m[48;2;49;49;57m▀[0m[38;2;49;49;57m[48;2;98;98;98m▀[0m[38;2;98;98;98m[48;2;98;98;98m▀[0m[38;2;98;98;98m[48;2;98;98;98m▀[0m[38;2;98;98;98m[48;2;70;70;70m▀[0m[38;2;70;70;70m[48;2;70;70;70m▀[0m[38;2;98;98;98m[48;2;98;98;98m▀[0m[38;2;98;98;98m[48;2;98;98;98m▀[0m[38;2;98;98;98m[48;2;98;98;98m▀[0m[38;2;98;98;98m[48;2;98;98;98m▀[0m[38;2;98;98;98m[48;2;98;98;98m▀[0m[38;2;98;98;98m[48;2;98;98;98m▀[0m[38;2;98;98;98m[48;2;98;98;98m▀[0m[38;2;24;24;32m[48;2;98;98;98m▀[0m[38;2;24;24;32m[48;2;49;49;57m▀[0m[38;2;24;24;32m[48;2;197;201;203m▀[0m[38;2;49;49;57m[48;2;24;24;32m▀[0m[38;2;70;70;70m[48;2;24;24;32m▀[0m[38;2;70;70;70m[48;2;156;161;166m▀[0m[38;2;156;161;166m[48;2;156;161;166m▀[0m[38;2;156;161;166m[48;2;49;49;57m▀[0m[38;2;49;49;57m▀ [38;2;49;49;57m▀[38;2;156;161;166m[48;2;49;49;57m▀[0m[38;2;156;161;166m[48;2;156;161;166m▀[0m[38;2;49;49;57m[48;2;49;49;57m▀[0m[38;2;24;24;32m▀[38;2;24;24;32m▀[38;2;213;216;219m[48;2;24;24;32m▀[0m[38;2;49;49;57m[48;2;24;24;32m▀[0m   [38;2;177;92;16m▀[38;2;177;92;16m▀[38;2;255;162;57m[48;2;177;92;16m▀[0m[38;2;255;162;57m[48;2;255;162;57m▀[0m[38;2;255;162;57m[48;2;255;162;57m▀[0m[38;2;255;162;57m[48;2;255;162;57m▀[0m[38;2;255;162;57m[48;2;199;121;35m▀[0m[38;2;199;121;35m[48;2;255;162;57m▀[0m[38;2;255;162;57m[48;2;255;162;57m▀[0m[38;2;255;234;213m[48;2;255;162;57m▀[0m[38;2;255;162;57m[48;2;177;92;16m▀[0m[38;2;255;162;57m[48;2;177;92;16m▀[0m[38;2;177;92;16m▀[38;2;177;92;16m▀[38;2;177;92;16m▀            
                  [38;2;177;92;16m▄[38;2;177;92;16m▄[38;2;177;92;16m▄[38;2;177;92;16m▄[38;2;177;92;16m[48;2;255;162;57m▀[0m[38;2;177;92;16m[48;2;255;162;57m▀[0m[38;2;177;92;16m[48;2;199;121;35m▀[0m[38;2;197;200;203m[48;2;197;200;203m▀[0m[38;2;197;200;203m[48;2;49;49;57m▀[0m[38;2;70;70;70m[48;2;197;201;203m▀[0m[38;2;197;201;203m[48;2;152;158;163m▀[0m[38;2;197;201;203m[48;2;197;201;203m▀[0m[38;2;197;201;203m[48;2;49;49;57m▀[0m[38;2;70;70;70m[48;2;98;98;98m▀[0m[38;2;98;98;98m[48;2;70;70;70m▀[0m[38;2;98;98;98m[48;2;98;98;98m▀[0m[38;2;98;98;98m[48;2;98;98;98m▀[0m[38;2;70;70;70m[48;2;70;70;70m▀[0m[38;2;98;98;98m[48;2;98;98;98m▀[0m[38;2;98;98;98m[48;2;98;98;98m▀[0m[38;2;98;98;98m[48;2;98;98;98m▀[0m[38;2;98;98;98m[48;2;98;98;98m▀[0m[38;2;98;98;98m[48;2;70;70;70m▀[0m[38;2;70;70;70m[48;2;98;98;98m▀[0m[38;2;70;70;70m[48;2;98;98;98m▀[0m[38;2;70;70;70m[48;2;98;98;98m▀[0m[38;2;98;98;98m[48;2;70;70;70m▀[0m[38;2;49;49;57m[48;2;49;49;57m▀[0m[38;2;197;201;203m[48;2;197;201;203m▀[0m[38;2;197;201;203m[48;2;197;201;203m▀[0m[38;2;197;201;203m[48;2;197;201;203m▀[0m[38;2;24;24;32m[48;2;197;201;203m▀[0m[38;2;24;24;32m[48;2;152;158;163m▀[0m[38;2;24;24;32m▄    [38;2;49;49;57m▀[38;2;49;49;57m▀[38;2;145;149;157m▄[38;2;145;149;157m▄[38;2;145;149;157m▄[38;2;145;149;157m▄      [38;2;177;92;16m▀[38;2;177;92;16m▀[38;2;255;162;57m[48;2;177;92;16m▀[0m[38;2;199;121;35m[48;2;177;92;16m▀[0m[38;2;255;162;57m[48;2;177;92;16m▀[0m[38;2;177;92;16m▀[38;2;177;92;16m▀                 
              [38;2;177;92;16m▄[38;2;177;92;16m[48;2;255;162;57m▀[0m[38;2;177;92;16m[48;2;199;121;35m▀[0m[38;2;177;92;16m[48;2;255;162;57m▀[0m[38;2;255;162;57m[48;2;255;162;57m▀[0m[38;2;255;162;57m[48;2;255;162;57m▀[0m[38;2;255;162;57m[48;2;255;162;57m▀[0m[38;2;255;162;57m[48;2;255;162;57m▀[0m[38;2;255;162;57m[48;2;255;162;57m▀[0m[38;2;255;162;57m[48;2;255;162;57m▀[0m[38;2;197;200;203m[48;2;197;200;203m▀[0m[38;2;197;200;203m[48;2;49;49;57m▀[0m[38;2;49;49;57m[48;2;197;201;203m▀[0m[38;2;197;201;203m[48;2;70;70;70m▀[0m[38;2;70;70;70m[48;2;98;98;98m▀[0m[38;2;152;158;163m[48;2;70;70;70m▀[0m[38;2;49;49;57m[48;2;49;49;57m▀[0m[38;2;98;98;98m[48;2;98;98;98m▀[0m[38;2;70;70;70m[48;2;70;70;70m▀[0m[38;2;98;98;98m[48;2;98;98;98m▀[0m[38;2;70;70;70m[48;2;70;70;70m▀[0m[38;2;98;98;98m[48;2;98;98;98m▀[0m[38;2;98;98;98m[48;2;98;98;98m▀[0m[38;2;98;98;98m[48;2;98;98;98m▀[0m[38;2;98;98;98m[48;2;98;98;98m▀[0m[38;2;70;70;70m[48;2;70;70;70m▀[0m[38;2;98;98;98m[48;2;98;98;98m▀[0m[38;2;98;98;98m[48;2;98;98;98m▀[0m[38;2;98;98;98m[48;2;98;98;98m▀[0m[38;2;98;98;98m[48;2;98;98;98m▀[0m[38;2;49;49;57m[48;2;49;49;57m▀[0m[38;2;197;201;203m[48;2;197;201;203m▀[0m[38;2;152;158;163m[48;2;49;49;57m▀[0m[38;2;197;201;203m[48;2;197;201;203m▀[0m[38;2;197;201;203m[48;2;197;201;203m▀[0m[38;2;197;201;203m[48;2;197;201;203m▀[0m[38;2;152;158;163m[48;2;197;201;203m▀[0m[38;2;152;158;163m[48;2;152;158;163m▀[0m[38;2;24;24;32m[48;2;152;158;163m▀[0m[38;2;24;24;32m▄   [38;2;96;97;100m[48;2;96;97;100m▀[0m[38;2;197;200;203m[48;2;197;200;203m▀[0m[38;2;197;200;203m[48;2;197;200;203m▀[0m[38;2;197;200;203m[48;2;197;200;203m▀[0m[38;2;197;200;203m[48;2;197;200;203m▀[0m[38;2;177;92;16m[48;2;197;200;203m▀[0m[38;2;177;92;16m[48;2;199;121;35m▀[0m[38;2;177;92;16m[48;2;255;162;57m▀[0m[38;2;177;92;16m[48;2;255;162;57m▀[0m[38;2;177;92;16m▄[38;2;177;92;16m▄[38;2;177;92;16m▄[38;2;177;92;16m▄                      
             [38;2;177;92;16m▄[38;2;177;92;16m[48;2;255;162;57m▀[0m[38;2;255;162;57m[48;2;255;162;57m▀[0m[38;2;199;121;35m[48;2;199;121;35m▀[0m[38;2;255;162;57m[48;2;255;162;57m▀[0m[38;2;255;162;57m[48;2;255;162;57m▀[0m[38;2;255;162;57m[48;2;255;162;57m▀[0m[38;2;255;162;57m[48;2;255;162;57m▀[0m[38;2;255;162;57m[48;2;255;162;57m▀[0m[38;2;255;162;57m[48;2;255;162;57m▀[0m[38;2;255;162;57m[48;2;255;162;57m▀[0m[38;2;197;200;203m[48;2;255;162;57m▀[0m[38;2;49;49;57m[48;2;49;49;57m▀[0m[38;2;197;201;203m[48;2;70;70;70m▀[0m[38;2;70;70;70m[48;2;70;70;70m▀[0m[38;2;98;98;98m[48;2;98;98;98m▀[0m[38;2;49;49;57m[48;2;49;49;57m▀[0m[38;2;98;98;98m[48;2;98;98;98m▀[0m[38;2;98;98;98m[48;2;70;70;70m▀[0m[38;2;70;70;70m[48;2;98;98;98m▀[0m[38;2;98;98;98m[48;2;70;70;70m▀[0m[38;2;70;70;70m[48;2;98;98;98m▀[0m[38;2;98;98;98m[48;2;98;98;98m▀[0m[38;2;98;98;98m[48;2;98;98;98m▀[0m[38;2;98;98;98m[48;2;98;98;98m▀[0m[38;2;70;70;70m[48;2;70;70;70m▀[0m[38;2;98;98;98m[48;2;98;98;98m▀[0m[38;2;98;98;98m[48;2;98;98;98m▀[0m[38;2;98;98;98m[48;2;98;98;98m▀[0m[38;2;98;98;98m[48;2;49;49;57m▀[0m[38;2;49;49;57m[48;2;152;158;163m▀[0m[38;2;197;201;203m[48;2;49;49;57m▀[0m[38;2;49;49;57m[48;2;98;98;98m▀[0m[38;2;98;98;98m[48;2;98;98;98m▀[0m[38;2;49;49;57m[48;2;24;24;32m▀[0m[38;2;197;201;203m[48;2;197;201;203m▀[0m[38;2;197;201;203m[48;2;197;201;203m▀[0m[38;2;197;201;203m[48;2;197;201;203m▀[0m[38;2;152;158;163m[48;2;152;158;163m▀[0m[38;2;152;158;163m[48;2;152;158;163m▀[0m[38;2;152;158;163m[48;2;152;158;163m▀[0m[38;2;24;24;32m[48;2;24;24;32m▀[0m  [38;2;96;97;100m[48;2;96;97;100m▀[0m[38;2;197;200;203m[48;2;197;200;203m▀[0m[38;2;197;200;203m[48;2;197;200;203m▀[0m[38;2;197;200;203m[48;2;197;200;203m▀[0m[38;2;197;200;203m[48;2;197;200;203m▀[0m[38;2;197;200;203m[48;2;199;121;35m▀[0m[38;2;255;162;57m[48;2;255;162;57m▀[0m[38;2;255;162;57m[48;2;255;162;57m▀[0m[38;2;255;162;57m[48;2;255;162;57m▀[0m[38;2;255;162;57m[48;2;255;162;57m▀[0m[38;2;255;162;57m[48;2;255;162;57m▀[0m[38;2;255;162;57m[48;2;255;162;57m▀[0m[38;2;255;162;57m[48;2;255;162;57m▀[0m[38;2;177;92;16m[48;2;255;162;57m▀[0m[38;2;177;92;16m[48;2;199;121;35m▀[0m[38;2;177;92;16m[48;2;255;162;57m▀[0m[38;2;177;92;16m▄                  
             [38;2;177;92;16m[48;2;177;92;16m▀[0m[38;2;255;162;57m[48;2;255;162;57m▀[0m[38;2;255;234;213m[48;2;255;162;57m▀[0m[38;2;255;162;57m[48;2;255;162;57m▀[0m[38;2;199;121;35m[48;2;199;121;35m▀[0m[38;2;255;162;57m[48;2;255;162;57m▀[0m[38;2;255;162;57m[48;2;255;162;57m▀[0m[38;2;255;162;57m[48;2;255;162;57m▀[0m[38;2;255;162;57m[48;2;255;162;57m▀[0m[38;2;255;234;213m[48;2;255;162;57m▀[0m[38;2;255;162;57m[48;2;255;162;57m▀[0m[38;2;255;162;57m[48;2;255;162;57m▀[0m[38;2;49;49;57m[48;2;49;49;57m▀[0m[38;2;152;158;163m[48;2;152;158;163m▀[0m[38;2;70;70;70m[48;2;70;70;70m▀[0m[38;2;98;98;98m[48;2;98;98;98m▀[0m[38;2;49;49;57m[48;2;49;49;57m▀[0m[38;2;70;70;70m[48;2;98;98;98m▀[0m[38;2;98;98;98m[48;2;98;98;98m▀[0m[38;2;98;98;98m[48;2;98;98;98m▀[0m[38;2;70;70;70m[48;2;70;70;70m▀[0m[38;2;98;98;98m[48;2;98;98;98m▀[0m[38;2;98;98;98m[48;2;98;98;98m▀[0m[38;2;98;98;98m[48;2;98;98;98m▀[0m[38;2;98;98;98m[48;2;98;98;98m▀[0m[38;2;70;70;70m[48;2;98;98;98m▀[0m[38;2;98;98;98m[48;2;70;70;70m▀[0m[38;2;98;98;98m[48;2;98;98;98m▀[0m[38;2;98;98;98m[48;2;24;24;32m▀[0m[38;2;49;49;57m[48;2;197;201;203m▀[0m[38;2;197;201;203m[48;2;49;49;57m▀[0m[38;2;49;49;57m[48;2;98;98;98m▀[0m[38;2;98;98;98m[48;2;98;98;98m▀[0m[38;2;98;98;98m[48;2;98;98;98m▀[0m[38;2;24;24;32m[48;2;24;24;32m▀[0m[38;2;197;201;203m[48;2;70;70;70m▀[0m[38;2;197;201;203m[48;2;197;201;203m▀[0m[38;2;197;201;203m[48;2;152;158;163m▀[0m[38;2;152;158;163m[48;2;152;158;163m▀[0m[38;2;152;158;163m[48;2;152;158;163m▀[0m[38;2;152;158;163m[48;2;152;158;163m▀[0m[38;2;24;24;32m[48;2;24;24;32m▀[0m   [38;2;177;92;16m[48;2;177;92;16m▀[0m[38;2;197;200;203m[48;2;199;121;35m▀[0m[38;2;197;200;203m[48;2;255;162;57m▀[0m[38;2;199;121;35m[48;2;255;162;57m▀[0m[38;2;255;162;57m[48;2;255;162;57m▀[0m[38;2;255;162;57m[48;2;255;162;57m▀[0m[38;2;255;162;57m[48;2;255;162;57m▀[0m[38;2;255;162;57m[48;2;255;162;57m▀[0m[38;2;255;162;57m[48;2;255;234;213m▀[0m[38;2;255;162;57m[48;2;255;162;57m▀[0m[38;2;255;162;57m[48;2;255;162;57m▀[0m[38;2;255;162;57m[48;2;255;162;57m▀[0m[38;2;255;162;57m[48;2;255;162;57m▀[0m[38;2;199;121;35m[48;2;199;121;35m▀[0m[38;2;255;162;57m[48;2;255;162;57m▀[0m[38;2;177;92;16m[48;2;255;162;57m▀[0m[38;2;177;92;16m▄                 
            [38;2;177;92;16m[48;2;177;92;16m▀[0m[38;2;255;162;57m[48;2;255;162;57m▀[0m[38;2;255;162;57m[48;2;255;162;57m▀[0m[38;2;255;162;57m[48;2;255;162;57m▀[0m[38;2;199;121;35m[48;2;70;70;70m▀[0m[38;2;255;162;57m[48;2;199;121;35m▀[0m[38;2;199;121;35m[48;2;255;162;57m▀[0m[38;2;255;162;57m[48;2;199;121;35m▀[0m[38;2;255;162;57m[48;2;255;162;57m▀[0m[38;2;255;162;57m[48;2;255;162;57m▀[0m[38;2;255;162;57m[48;2;255;162;57m▀[0m[38;2;255;162;57m[48;2;255;234;213m▀[0m[38;2;255;162;57m[48;2;255;162;57m▀[0m[38;2;49;49;57m[48;2;49;49;57m▀[0m[38;2;152;158;163m[48;2;152;158;163m▀[0m[38;2;197;201;203m[48;2;197;201;203m▀[0m[38;2;49;49;57m[48;2;197;201;203m▀[0m[38;2;49;49;57m[48;2;49;49;57m▀[0m[38;2;98;98;98m[48;2;98;98;98m▀[0m[38;2;98;98;98m[48;2;98;98;98m▀[0m[38;2;98;98;98m[48;2;98;98;98m▀[0m[38;2;70;70;70m[48;2;49;49;57m▀[0m[38;2;98;98;98m[48;2;98;98;98m▀[0m[38;2;98;98;98m[48;2;98;98;98m▀[0m[38;2;98;98;98m[48;2;98;98;98m▀[0m[38;2;98;98;98m[48;2;98;98;98m▀[0m[38;2;98;98;98m[48;2;98;98;98m▀[0m[38;2;70;70;70m[48;2;24;24;32m▀[0m[38;2;24;24;32m[48;2;152;158;163m▀[0m[38;2;152;158;163m[48;2;197;201;203m▀[0m[38;2;197;201;203m[48;2;197;201;203m▀[0m[38;2;49;49;57m[48;2;49;49;57m▀[0m[38;2;98;98;98m[48;2;70;70;70m▀[0m[38;2;70;70;70m[48;2;24;24;32m▀[0m[38;2;24;24;32m[48;2;197;201;203m▀[0m[38;2;197;201;203m[48;2;197;201;203m▀[0m[38;2;197;201;203m[48;2;197;201;203m▀[0m[38;2;70;70;70m[48;2;152;158;163m▀[0m[38;2;152;158;163m[48;2;70;70;70m▀[0m[38;2;152;158;163m[48;2;152;158;163m▀[0m[38;2;152;158;163m[48;2;152;158;163m▀[0m[38;2;152;158;163m[48;2;24;24;32m▀[0m[38;2;24;24;32m▀   [38;2;177;92;16m[48;2;177;92;16m▀[0m[38;2;255;162;57m[48;2;255;162;57m▀[0m[38;2;255;162;57m[48;2;255;162;57m▀[0m[38;2;255;162;57m[48;2;255;162;57m▀[0m[38;2;255;162;57m[48;2;255;162;57m▀[0m[38;2;255;162;57m[48;2;255;162;57m▀[0m[38;2;255;162;57m[48;2;255;162;57m▀[0m[38;2;255;162;57m[48;2;255;162;57m▀[0m[38;2;255;162;57m[48;2;255;162;57m▀[0m[38;2;255;162;57m[48;2;255;162;57m▀[0m[38;2;255;162;57m[48;2;255;162;57m▀[0m[38;2;255;162;57m[48;2;255;162;57m▀[0m[38;2;199;121;35m[48;2;199;121;35m▀[0m[38;2;255;162;57m[48;2;255;162;57m▀[0m[38;2;255;162;57m[48;2;255;162;57m▀[0m[38;2;255;162;57m[48;2;255;162;57m▀[0m[38;2;177;92;16m[48;2;177;92;16m▀[0m                 
           [38;2;177;92;16m▄[38;2;177;92;16m[48;2;255;162;57m▀[0m[38;2;255;162;57m[48;2;255;162;57m▀[0m[38;2;255;162;57m[48;2;255;162;57m▀[0m[38;2;199;121;35m[48;2;70;70;70m▀[0m[38;2;70;70;70m[48;2;70;70;70m▀[0m[38;2;70;70;70m[48;2;70;70;70m▀[0m[38;2;255;162;57m[48;2;70;70;70m▀[0m[38;2;255;162;57m[48;2;255;162;57m▀[0m[38;2;199;121;35m[48;2;255;162;57m▀[0m[38;2;255;162;57m[48;2;199;121;35m▀[0m[38;2;255;162;57m[48;2;199;121;35m▀[0m[38;2;255;162;57m[48;2;255;162;57m▀[0m[38;2;255;162;57m[48;2;255;162;57m▀[0m[38;2;49;49;57m[48;2;255;162;57m▀[0m[38;2;152;158;163m[48;2;49;49;57m▀[0m[38;2;152;158;163m[48;2;70;70;70m▀[0m[38;2;70;70;70m[48;2;197;201;203m▀[0m[38;2;49;49;57m[48;2;49;49;57m▀[0m[38;2;98;98;98m[48;2;49;49;57m▀[0m[38;2;49;49;57m[48;2;98;98;98m▀[0m[38;2;49;49;57m[48;2;98;98;98m▀[0m[38;2;70;70;70m[48;2;98;98;98m▀[0m[38;2;49;49;57m[48;2;98;98;98m▀[0m[38;2;49;49;57m[48;2;70;70;70m▀[0m[38;2;98;98;98m[48;2;49;49;57m▀[0m[38;2;98;98;98m[48;2;49;49;57m▀[0m[38;2;24;24;32m[48;2;24;24;32m▀[0m[38;2;197;201;203m[48;2;197;201;203m▀[0m[38;2;197;201;203m[48;2;197;201;203m▀[0m[38;2;197;201;203m[48;2;197;201;203m▀[0m[38;2;197;201;203m[48;2;197;201;203m▀[0m[38;2;152;158;163m[48;2;152;158;163m▀[0m[38;2;49;49;57m[48;2;197;201;203m▀[0m[38;2;197;201;203m[48;2;197;201;203m▀[0m[38;2;197;201;203m[48;2;197;201;203m▀[0m[38;2;197;201;203m[48;2;197;201;203m▀[0m[38;2;152;158;163m[48;2;152;158;163m▀[0m[38;2;152;158;163m[48;2;152;158;163m▀[0m[38;2;152;158;163m[48;2;152;158;163m▀[0m[38;2;70;70;70m[48;2;152;158;163m▀[0m[38;2;152;158;163m[48;2;24;24;32m▀[0m[38;2;24;24;32m▀     [38;2;177;92;16m[48;2;177;92;16m▀[0m[38;2;255;162;57m[48;2;255;162;57m▀[0m[38;2;255;162;57m[48;2;255;162;57m▀[0m[38;2;255;234;213m[48;2;255;162;57m▀[0m[38;2;255;162;57m[48;2;255;162;57m▀[0m[38;2;255;162;57m[48;2;255;162;57m▀[0m[38;2;255;162;57m[48;2;255;162;57m▀[0m[38;2;255;162;57m[48;2;255;162;57m▀[0m[38;2;255;162;57m[48;2;255;162;57m▀[0m[38;2;255;162;57m[48;2;255;162;57m▀[0m[38;2;199;121;35m[48;2;199;121;35m▀[0m[38;2;255;162;57m[48;2;255;162;57m▀[0m[38;2;255;162;57m[48;2;255;162;57m▀[0m[38;2;255;162;57m[48;2;255;162;57m▀[0m[38;2;255;162;57m[48;2;255;162;57m▀[0m[38;2;255;162;57m[48;2;255;162;57m▀[0m[38;2;177;92;16m[48;2;177;92;16m▀[0m                
           [38;2;177;92;16m[48;2;177;92;16m▀[0m[38;2;255;162;57m[48;2;255;162;57m▀[0m[38;2;255;162;57m[48;2;255;162;57m▀[0m[38;2;199;121;35m[48;2;70;70;70m▀[0m[38;2;70;70;70m[48;2;70;70;70m▀[0m[38;2;70;70;70m[48;2;70;70;70m▀[0m[38;2;70;70;70m[48;2;70;70;70m▀[0m[38;2;70;70;70m[48;2;199;121;35m▀[0m[38;2;70;70;70m[48;2;255;162;57m▀[0m[38;2;199;121;35m[48;2;255;162;57m▀[0m[38;2;255;162;57m[48;2;255;162;57m▀[0m[38;2;255;162;57m[48;2;255;162;57m▀[0m[38;2;199;121;35m[48;2;255;162;57m▀[0m[38;2;199;121;35m[48;2;255;162;57m▀[0m[38;2;199;121;35m[48;2;255;162;57m▀[0m[38;2;49;49;57m[48;2;49;49;57m▀[0m[38;2;152;158;163m[48;2;152;158;163m▀[0m[38;2;197;201;203m[48;2;152;158;163m▀[0m[38;2;49;49;57m[48;2;49;49;57m▀[0m[38;2;98;98;98m[48;2;98;98;98m▀[0m[38;2;98;98;98m[48;2;98;98;98m▀[0m[38;2;98;98;98m[48;2;98;98;98m▀[0m[38;2;98;98;98m[48;2;98;98;98m▀[0m[38;2;98;98;98m[48;2;98;98;98m▀[0m[38;2;98;98;98m[48;2;70;70;70m▀[0m[38;2;70;70;70m[48;2;70;70;70m▀[0m[38;2;24;24;32m[48;2;24;24;32m▀[0m[38;2;152;158;163m[48;2;197;201;203m▀[0m[38;2;70;70;70m[48;2;197;201;203m▀[0m[38;2;70;70;70m[48;2;152;158;163m▀[0m[38;2;197;201;203m[48;2;70;70;70m▀[0m[38;2;197;201;203m[48;2;70;70;70m▀[0m[38;2;197;201;203m[48;2;197;201;203m▀[0m[38;2;197;201;203m[48;2;197;201;203m▀[0m[38;2;197;201;203m[48;2;152;158;163m▀[0m[38;2;197;201;203m[48;2;152;158;163m▀[0m[38;2;152;158;163m[48;2;152;158;163m▀[0m[38;2;152;158;163m[48;2;152;158;163m▀[0m[38;2;152;158;163m[48;2;152;158;163m▀[0m[38;2;152;158;163m[48;2;49;49;57m▀[0m[38;2;49;49;57m▀       [38;2;177;92;16m[48;2;177;92;16m▀[0m[38;2;255;162;57m[48;2;255;162;57m▀[0m[38;2;255;162;57m[48;2;255;162;57m▀[0m[38;2;255;162;57m[48;2;255;162;57m▀[0m[38;2;255;162;57m[48;2;255;162;57m▀[0m[38;2;255;162;57m[48;2;255;162;57m▀[0m[38;2;255;162;57m[48;2;255;162;57m▀[0m[38;2;255;162;57m[48;2;255;162;57m▀[0m[38;2;255;162;57m[48;2;199;121;35m▀[0m[38;2;199;121;35m[48;2;255;162;57m▀[0m[38;2;255;162;57m[48;2;255;162;57m▀[0m[38;2;255;162;57m[48;2;255;162;57m▀[0m[38;2;255;162;57m[48;2;199;121;35m▀[0m[38;2;255;162;57m[48;2;255;162;57m▀[0m[38;2;255;234;213m[48;2;255;162;57m▀[0m[38;2;255;162;57m[48;2;255;162;57m▀[0m[38;2;255;162;57m[48;2;255;162;57m▀[0m[38;2;177;92;16m[48;2;177;92;16m▀[0m               
          [38;2;177;92;16m[48;2;177;92;16m▀[0m[38;2;255;162;57m[48;2;255;162;57m▀[0m[38;2;255;162;57m[48;2;255;162;57m▀[0m[38;2;199;121;35m[48;2;199;121;35m▀[0m[38;2;70;70;70m[48;2;199;121;35m▀[0m[38;2;70;70;70m[48;2;255;162;57m▀[0m[38;2;199;121;35m[48;2;255;162;57m▀[0m[38;2;255;162;57m[48;2;255;162;57m▀[0m[38;2;255;162;57m[48;2;255;162;57m▀[0m[38;2;255;162;57m[48;2;255;162;57m▀[0m[38;2;255;162;57m[48;2;255;162;57m▀[0m[38;2;255;162;57m[48;2;255;162;57m▀[0m[38;2;255;162;57m[48;2;255;162;57m▀[0m[38;2;255;162;57m[48;2;177;92;16m▀[0m[38;2;255;162;57m[48;2;177;92;16m▀[0m[38;2;255;162;57m[48;2;177;92;16m▀[0m[38;2;177;92;16m▀[38;2;49;49;57m[48;2;49;49;57m▀[0m[38;2;152;158;163m[48;2;152;158;163m▀[0m[38;2;49;49;57m[48;2;152;158;163m▀[0m[38;2;98;98;98m[48;2;24;24;32m▀[0m[38;2;98;98;98m[48;2;98;98;98m▀[0m[38;2;98;98;98m[48;2;98;98;98m▀[0m[38;2;98;98;98m[48;2;70;70;70m▀[0m[38;2;70;70;70m[48;2;70;70;70m▀[0m[38;2;70;70;70m[48;2;24;24;32m▀[0m[38;2;24;24;32m[48;2;197;201;203m▀[0m[38;2;197;201;203m[48;2;197;201;203m▀[0m[38;2;197;201;203m[48;2;197;201;203m▀[0m[38;2;197;201;203m[48;2;197;201;203m▀[0m[38;2;197;201;203m[48;2;197;201;203m▀[0m[38;2;197;201;203m[48;2;152;158;163m▀[0m[38;2;152;158;163m[48;2;152;158;163m▀[0m[38;2;70;70;70m[48;2;152;158;163m▀[0m[38;2;152;158;163m[48;2;70;70;70m▀[0m[38;2;152;158;163m[48;2;152;158;163m▀[0m[38;2;152;158;163m[48;2;152;158;163m▀[0m[38;2;152;158;163m[48;2;152;158;163m▀[0m[38;2;152;158;163m[48;2;49;49;57m▀[0m[38;2;49;49;57m▀          [38;2;177;92;16m[48;2;177;92;16m▀[0m[38;2;255;162;57m[48;2;255;162;57m▀[0m[38;2;255;162;57m[48;2;255;162;57m▀[0m[38;2;255;162;57m[48;2;255;162;57m▀[0m[38;2;255;162;57m[48;2;199;121;35m▀[0m[38;2;255;162;57m[48;2;199;121;35m▀[0m[38;2;199;121;35m[48;2;255;162;57m▀[0m[38;2;255;162;57m[48;2;255;162;57m▀[0m[38;2;255;162;57m[48;2;255;162;57m▀[0m[38;2;255;162;57m[48;2;255;162;57m▀[0m[38;2;199;121;35m[48;2;70;70;70m▀[0m[38;2;70;70;70m[48;2;70;70;70m▀[0m[38;2;255;162;57m[48;2;199;121;35m▀[0m[38;2;255;162;57m[48;2;255;162;57m▀[0m[38;2;255;162;57m[48;2;255;162;57m▀[0m[38;2;255;162;57m[48;2;255;162;57m▀[0m[38;2;177;92;16m[48;2;255;162;57m▀[0m[38;2;177;92;16m▄              
         [38;2;177;92;16m▄[38;2;177;92;16m[48;2;255;162;57m▀[0m[38;2;255;162;57m[48;2;255;162;57m▀[0m[38;2;255;162;57m[48;2;255;162;57m▀[0m[38;2;255;162;57m[48;2;255;162;57m▀[0m[38;2;255;162;57m[48;2;255;162;57m▀[0m[38;2;255;162;57m[48;2;255;162;57m▀[0m[38;2;255;162;57m[48;2;255;162;57m▀[0m[38;2;255;162;57m[48;2;255;162;57m▀[0m[38;2;255;162;57m[48;2;177;92;16m▀[0m[38;2;255;162;57m[48;2;177;92;16m▀[0m[38;2;255;162;57m[48;2;177;92;16m▀[0m[38;2;177;92;16m▀[38;2;177;92;16m▀     [38;2;49;49;57m[48;2;49;49;57m▀[0m[38;2;152;158;163m[48;2;152;158;163m▀[0m[38;2;24;24;32m[48;2;24;24;32m▀[0m[38;2;70;70;70m[48;2;70;70;70m▀[0m[38;2;98;98;98m[48;2;70;70;70m▀[0m[38;2;70;70;70m[48;2;70;70;70m▀[0m[38;2;70;70;70m[48;2;24;24;32m▀[0m[38;2;24;24;32m[48;2;197;201;203m▀[0m[38;2;197;201;203m[48;2;197;201;203m▀[0m[38;2;197;201;203m[48;2;152;158;163m▀[0m[38;2;197;201;203m[48;2;152;158;163m▀[0m[38;2;152;158;163m[48;2;152;158;163m▀[0m[38;2;152;158;163m[48;2;152;158;163m▀[0m[38;2;152;158;163m[48;2;152;158;163m▀[0m[38;2;152;158;163m[48;2;152;158;163m▀[0m[38;2;152;158;163m[48;2;152;158;163m▀[0m[38;2;70;70;70m[48;2;24;24;32m▀[0m[38;2;152;158;163m[48;2;24;24;32m▀[0m[38;2;49;49;57m▀[38;2;49;49;57m▀            [38;2;177;92;16m[48;2;177;92;16m▀[0m[38;2;199;121;35m[48;2;255;162;57m▀[0m[38;2;199;121;35m[48;2;255;162;57m▀[0m[38;2;199;121;35m[48;2;255;162;57m▀[0m[38;2;255;162;57m[48;2;255;162;57m▀[0m[38;2;255;162;57m[48;2;255;162;57m▀[0m[38;2;255;162;57m[48;2;255;162;57m▀[0m[38;2;255;162;57m[48;2;199;121;35m▀[0m[38;2;255;162;57m[48;2;70;70;70m▀[0m[38;2;70;70;70m[48;2;70;70;70m▀[0m[38;2;70;70;70m[48;2;70;70;70m▀[0m[38;2;70;70;70m[48;2;70;70;70m▀[0m[38;2;70;70;70m[48;2;70;70;70m▀[0m[38;2;255;162;57m[48;2;199;121;35m▀[0m[38;2;255;162;57m[48;2;255;162;57m▀[0m[38;2;255;162;57m[48;2;255;162;57m▀[0m[38;2;255;162;57m[48;2;255;162;57m▀[0m[38;2;177;92;16m[48;2;255;162;57m▀[0m[38;2;177;92;16m▄             
         [38;2;177;92;16m[48;2;177;92;16m▀[0m[38;2;255;162;57m[48;2;255;162;57m▀[0m[38;2;255;162;57m[48;2;255;162;57m▀[0m[38;2;255;234;213m[48;2;255;162;57m▀[0m[38;2;255;162;57m[48;2;177;92;16m▀[0m[38;2;255;162;57m[48;2;177;92;16m▀[0m[38;2;255;162;57m[48;2;177;92;16m▀[0m[38;2;177;92;16m▀[38;2;177;92;16m▀           [38;2;49;49;57m▀[38;2;24;24;32m[48;2;49;49;57m▀[0m[38;2;70;70;70m[48;2;24;24;32m▀[0m[38;2;70;70;70m[48;2;70;70;70m▀[0m[38;2;24;24;32m[48;2;24;24;32m▀[0m[38;2;197;201;203m[48;2;152;158;163m▀[0m[38;2;152;158;163m[48;2;152;158;163m▀[0m[38;2;152;158;163m[48;2;24;24;32m▀[0m[38;2;152;158;163m[48;2;24;24;32m▀[0m[38;2;152;158;163m[48;2;24;24;32m▀[0m[38;2;152;158;163m[48;2;24;24;32m▀[0m[38;2;24;24;32m▀[38;2;24;24;32m▀[38;2;24;24;32m▀[38;2;24;24;32m▀                 [38;2;177;92;16m▀[38;2;177;92;16m▀[38;2;255;162;57m[48;2;177;92;16m▀[0m[38;2;255;162;57m[48;2;177;92;16m▀[0m[38;2;255;162;57m[48;2;255;162;57m▀[0m[38;2;255;162;57m[48;2;255;162;57m▀[0m[38;2;255;162;57m[48;2;255;162;57m▀[0m[38;2;255;162;57m[48;2;255;162;57m▀[0m[38;2;199;121;35m[48;2;255;162;57m▀[0m[38;2;70;70;70m[48;2;255;162;57m▀[0m[38;2;70;70;70m[48;2;199;121;35m▀[0m[38;2;70;70;70m[48;2;70;70;70m▀[0m[38;2;70;70;70m[48;2;70;70;70m▀[0m[38;2;255;162;57m[48;2;199;121;35m▀[0m[38;2;255;162;57m[48;2;255;162;57m▀[0m[38;2;255;162;57m[48;2;255;162;57m▀[0m[38;2;255;162;57m[48;2;255;162;57m▀[0m[38;2;177;92;16m[48;2;177;92;16m▀[0m             
        [38;2;177;92;16m[48;2;177;92;16m▀[0m[38;2;255;162;57m[48;2;177;92;16m▀[0m[38;2;255;162;57m[48;2;177;92;16m▀[0m[38;2;177;92;16m▀[38;2;177;92;16m▀                  [38;2;24;24;32m▀[38;2;70;70;70m[48;2;24;24;32m▀[0m[38;2;24;24;32m▀[38;2;24;24;32m▀[38;2;24;24;32m▀                             [38;2;177;92;16m▀[38;2;177;92;16m▀[38;2;255;162;57m[48;2;177;92;16m▀[0m[38;2;255;162;57m[48;2;177;92;16m▀[0m[38;2;255;162;57m[48;2;255;162;57m▀[0m[38;2;255;234;213m[48;2;255;162;57m▀[0m[38;2;255;162;57m[48;2;255;162;57m▀[0m[38;2;255;162;57m[48;2;255;162;57m▀[0m[38;2;199;121;35m[48;2;255;162;57m▀[0m[38;2;199;121;35m[48;2;255;162;57m▀[0m[38;2;255;162;57m[48;2;255;162;57m▀[0m[38;2;255;162;57m[48;2;255;162;57m▀[0m[38;2;255;162;57m[48;2;255;162;57m▀[0m[38;2;255;162;57m[48;2;255;162;57m▀[0m[38;2;177;92;16m[48;2;177;92;16m▀[0m            
                                                                     [38;2;177;92;16m▀[38;2;177;92;16m▀[38;2;255;162;57m[48;2;177;92;16m▀[0m[38;2;255;162;57m[48;2;177;92;16m▀[0m[38;2;255;162;57m[48;2;255;162;57m▀[0m[38;2;255;162;57m[48;2;255;162;57m▀[0m[38;2;255;162;57m[48;2;255;234;213m▀[0m[38;2;255;162;57m[48;2;255;162;57m▀[0m[38;2;255;162;57m[48;2;255;162;57m▀[0m[38;2;255;162;57m[48;2;255;162;57m▀[0m[38;2;255;162;57m[48;2;255;162;57m▀[0m[38;2;177;92;16m[48;2;177;92;16m▀[0m           
                                                                         [38;2;177;92;16m▀[38;2;177;92;16m▀[38;2;255;162;57m[48;2;177;92;16m▀[0m[38;2;255;162;57m[48;2;177;92;16m▀[0m[38;2;255;162;57m[48;2;255;162;57m▀[0m[38;2;255;162;57m[48;2;255;162;57m▀[0m[38;2;255;162;57m[48;2;255;162;57m▀[0m[38;2;177;92;16m[48;2;255;162;57m▀[0m[38;2;177;92;16m▄          
                                                                             [38;2;177;92;16m▀[38;2;177;92;16m▀[38;2;255;162;57m[48;2;177;92;16m▀[0m[38;2;255;162;57m[48;2;177;92;16m▀[0m[38;2;177;92;16m[48;2;255;162;57m▀[0m[38;2;177;92;16m▄         
                                                                                 [38;2;177;92;16m▀[38;2;177;92;16m▀         
[0m