                        [38;2;79;83;98m▄[38;2;79;83;98m▄  [38;2;79;83;98m▄[38;2;79;83;98m[48;2;187;192;192m▀[0m[38;2;79;83;98m▄           [38;2;79;83;98m▄     [38;2;79;83;98m▄[38;2;79;83;98m▄      
                        [38;2;79;83;98m[48;2;79;83;98m▀[0m[38;2;187;192;192m[48;2;187;192;192m▀[0m[38;2;79;83;98m[48;2;187;192;192m▀[0m[38;2;79;83;98m▄[38;2;79;83;98m[48;2;126;131;141m▀[0m[38;2;187;192;192m[48;2;187;192;192m▀[0m[38;2;79;83;98m[48;2;79;83;98m▀[0m          [38;2;79;83;98m[48;2;79;83;98m▀[0m[38;2;187;192;192m[48;2;187;192;192m▀[0m[38;2;79;83;98m[48;2;126;131;141m▀[0m[38;2;79;83;98m▄[38;2;79;83;98m▄[38;2;79;83;98m[48;2;187;192;192m▀[0m[38;2;79;83;98m[48;2;187;192;192m▀[0m[38;2;187;192;192m[48;2;187;192;192m▀[0m[38;2;187;192;192m[48;2;79;83;98m▀[0m[38;2;79;83;98m▀     
                         [38;2;79;83;98m[48;2;79;83;98m▀[0m[38;2;187;192;192m[48;2;187;192;192m▀[0m[38;2;187;192;192m[48;2;187;192;192m▀[0m[38;2;126;131;141m[48;2;187;192;192m▀[0m[38;2;187;192;192m[48;2;187;192;192m▀[0m[38;2;79;83;98m[48;2;79;83;98m▀[0m         [38;2;79;83;98m[48;2;79;83;98m▀[0m[38;2;187;192;192m[48;2;187;192;192m▀[0m[38;2;187;192;192m[48;2;187;192;192m▀[0m[38;2;126;131;141m[48;2;187;192;192m▀[0m[38;2;187;192;192m[48;2;187;192;192m▀[0m[38;2;187;192;192m[48;2;187;192;192m▀[0m[38;2;187;192;192m[48;2;187;192;192m▀[0m[38;2;187;192;192m[48;2;79;83;98m▀[0m[38;2;79;83;98m[48;2;79;83;98m▀[0m[38;2;79;83;98m▄[38;2;79;83;98m▄     
                       [38;2;79;83;98m▄[38;2;79;83;98m[48;2;187;192;192m▀[0m[38;2;79;83;98m[48;2;187;192;192m▀[0m[38;2;187;192;192m[48;2;187;192;192m▀[0m[38;2;187;192;192m[48;2;187;192;192m▀[0m[38;2;187;192;192m[48;2;187;192;192m▀[0m[38;2;187;192;192m[48;2;187;192;192m▀[0m[38;2;187;192;192m[48;2;187;192;192m▀[0m[38;2;79;83;98m[48;2;79;83;98m▀[0m  [38;2;78;80;96m▄[38;2;78;80;96m▄[38;2;78;80;96m▄[38;2;78;80;96m▄[38;2;79;83;98m▄[38;2;79;83;98m[48;2;187;192;192m▀[0m[38;2;187;192;192m[48;2;187;192;192m▀[0m[38;2;187;192;192m[48;2;187;192;192m▀[0m[38;2;187;192;192m[48;2;187;192;192m▀[0m[38;2;187;192;192m[48;2;187;192;192m▀[0m[38;2;187;192;192m[48;2;187;192;192m▀[0m[38;2;187;192;192m[48;2;187;192;192m▀[0m[38;2;126;131;141m[48;2;187;192;192m▀[0m[38;2;187;192;192m[48;2;187;192;192m▀[0m[38;2;187;192;192m[48;2;187;192;192m▀[0m[38;2;187;192;192m[48;2;16;16;16m▀[0m[38;2;187;192;192m[48;2;16;16;16m▀[0m[38;2;16;16;16m▀    
                        [38;2;79;83;98m▀[38;2;187;192;192m[48;2;79;83;98m▀[0m[38;2;187;192;192m[48;2;187;192;192m▀[0m[38;2;187;192;192m[48;2;187;192;192m▀[0m[38;2;187;192;192m[48;2;187;192;192m▀[0m[38;2;187;192;192m[48;2;187;192;192m▀[0m[38;2;187;192;192m[48;2;187;192;192m▀[0m[38;2;187;192;192m[48;2;187;192;192m▀[0m[38;2;79;83;98m[48;2;79;83;98m▀[0m[38;2;78;80;96m[48;2;187;187;192m▀[0m[38;2;187;187;192m[48;2;187;187;192m▀[0m[38;2;187;187;192m[48;2;79;83;98m▀[0m[38;2;79;83;98m[48;2;126;131;141m▀[0m[38;2;79;83;98m[48;2;187;192;192m▀[0m[38;2;187;192;192m[48;2;187;192;192m▀[0m[38;2;187;192;192m[48;2;187;192;192m▀[0m[38;2;187;192;192m[48;2;187;192;192m▀[0m[38;2;187;192;192m[48;2;187;192;192m▀[0m[38;2;187;192;192m[48;2;187;192;192m▀[0m[38;2;187;192;192m[48;2;187;192;192m▀[0m[38;2;187;192;192m[48;2;187;192;192m▀[0m[38;2;187;192;192m[48;2;16;16;16m▀[0m[38;2;187;192;192m[48;2;16;16;16m▀[0m[38;2;16;16;16m▀[38;2;16;16;16m▀       
                          [38;2;79;83;98m▀[38;2;187;192;192m[48;2;79;83;98m▀[0m[38;2;187;192;192m[48;2;187;192;192m▀[0m[38;2;187;192;192m[48;2;187;192;192m▀[0m[38;2;187;192;192m[48;2;187;192;192m▀[0m[38;2;187;192;192m[48;2;187;192;192m▀[0m[38;2;187;192;192m[48;2;187;192;192m▀[0m[38;2;79;83;98m[48;2;187;192;192m▀[0m[38;2;79;83;98m[48;2;187;192;192m▀[0m[38;2;187;192;192m[48;2;187;192;192m▀[0m[38;2;187;192;192m[48;2;187;192;192m▀[0m[38;2;187;192;192m[48;2;187;192;192m▀[0m[38;2;187;192;192m[48;2;187;192;192m▀[0m[38;2;187;192;192m[48;2;187;192;192m▀[0m[38;2;187;192;192m[48;2;187;192;192m▀[0m[38;2;187;192;192m[48;2;187;192;192m▀[0m[38;2;187;192;192m[48;2;187;192;192m▀[0m[38;2;187;192;192m[48;2;16;16;16m▀[0m[38;2;16;16;16m▀           
                          [38;2;79;83;98m▄[38;2;79;83;98m[48;2;126;131;141m▀[0m[38;2;126;131;141m[48;2;38;38;38m▀[0m[38;2;38;38;38m[48;2;68;189;255m▀[0m[38;2;38;38;38m[48;2;68;189;255m▀[0m[38;2;187;192;192m[48;2;38;38;38m▀[0m[38;2;187;192;192m[48;2;187;192;192m▀[0m[38;2;187;192;192m[48;2;187;192;192m▀[0m[38;2;187;192;192m[48;2;79;83;98m▀[0m[38;2;79;83;98m[48;2;38;38;38m▀[0m[38;2;38;38;38m[48;2;68;189;255m▀[0m[38;2;38;38;38m[48;2;68;189;255m▀[0m[38;2;38;38;38m[48;2;36;135;208m▀[0m[38;2;79;83;98m[48;2;38;38;38m▀[0m[38;2;187;192;192m[48;2;79;83;98m▀[0m[38;2;187;192;192m[48;2;187;192;192m▀[0m[38;2;79;83;98m[48;2;187;192;192m▀[0m[38;2;126;126;141m[48;2;79;83;98m▀[0m[38;2;16;16;16m[48;2;16;16;16m▀[0m           
                          [38;2;79;83;98m[48;2;79;83;98m▀[0m[38;2;38;38;38m[48;2;38;38;38m▀[0m[38;2;68;189;255m[48;2;68;189;255m▀[0m[38;2;36;135;208m[48;2;38;38;38m▀[0m[38;2;38;38;38m[48;2;38;38;38m▀[0m[38;2;36;135;208m[48;2;38;38;38m▀[0m[38;2;79;83;98m[48;2;131;131;141m▀[0m[38;2;79;83;98m[48;2;131;131;141m▀[0m[38;2;38;38;38m[48;2;38;38;38m▀[0m[38;2;68;189;255m[48;2;38;38;38m▀[0m[38;2;38;38;38m[48;2;38;38;38m▀[0m[38;2;36;135;208m[48;2;38;38;38m▀[0m[38;2;68;189;255m[48;2;68;189;255m▀[0m[38;2;36;135;208m[48;2;68;189;255m▀[0m[38;2;38;38;38m[48;2;38;38;38m▀[0m[38;2;187;192;192m[48;2;187;192;192m▀[0m[38;2;187;192;192m[48;2;187;192;192m▀[0m[38;2;187;192;192m[48;2;187;192;192m▀[0m[38;2;79;83;98m[48;2;126;131;141m▀[0m[38;2;16;16;16m[48;2;16;16;16m▀[0m          
                          [38;2;38;38;38m[48;2;79;83;98m▀[0m[38;2;38;38;38m[48;2;38;38;38m▀[0m[38;2;68;189;255m[48;2;68;189;255m▀[0m[38;2;38;38;38m[48;2;33;87;126m▀[0m[38;2;38;38;38m[48;2;131;131;141m▀[0m[38;2;131;131;141m[48;2;189;189;192m▀[0m[38;2;189;189;192m[48;2;189;189;192m▀[0m[38;2;189;189;192m[48;2;189;189;192m▀[0m[38;2;83;83;98m[48;2;189;189;192m▀[0m[38;2;38;38;38m[48;2;38;38;38m▀[0m[38;2;38;38;38m[48;2;38;38;38m▀[0m[38;2;38;38;38m[48;2;36;135;208m▀[0m[38;2;68;189;255m[48;2;68;189;255m▀[0m[38;2;68;189;255m[48;2;36;135;208m▀[0m[38;2;38;38;38m[48;2;38;38;38m▀[0m[38;2;38;38;38m[48;2;187;192;192m▀[0m[38;2;79;83;98m[48;2;187;192;192m▀[0m[38;2;187;192;192m[48;2;79;83;98m▀[0m[38;2;126;131;141m[48;2;126;126;141m▀[0m[38;2;16;16;16m[48;2;16;16;16m▀[0m          
                [38;2;78;80;96m▄[38;2;78;80;96m▄[38;2;78;80;96m▄[38;2;78;80;96m▄[38;2;78;80;96m▄[38;2;78;80;96m▄[38;2;16;16;16m▄[38;2;16;16;16m▄  [38;2;79;83;98m▀[38;2;187;192;192m[48;2;79;83;98m▀[0m[38;2;16;16;16m[48;2;187;192;192m▀[0m[38;2;68;189;255m[48;2;16;16;16m▀[0m[38;2;16;16;16m[48;2;126;131;141m▀[0m[38;2;83;83;98m[48;2;83;83;98m▀[0m[38;2;83;83;98m[48;2;131;131;141m▀[0m[38;2;83;83;98m[48;2;131;131;141m▀[0m[38;2;83;83;98m[48;2;83;83;98m▀[0m[38;2;16;16;16m[48;2;126;131;141m▀[0m[38;2;68;189;255m[48;2;16;16;16m▀[0m[38;2;68;189;255m[48;2;16;16;16m▀[0m[38;2;36;135;208m[48;2;16;16;16m▀[0m[38;2;16;16;16m[48;2;79;83;98m▀[0m[38;2;79;83;98m[48;2;187;192;192m▀[0m[38;2;187;192;192m[48;2;187;192;192m▀[0m[38;2;187;192;192m[48;2;187;192;192m▀[0m[38;2;187;192;192m[48;2;126;131;141m▀[0m[38;2;126;126;141m[48;2;126;131;141m▀[0m[38;2;16;16;16m[48;2;16;16;16m▀[0m          
             [38;2;78;80;96m▄[38;2;78;80;96m[48;2;187;187;192m▀[0m[38;2;78;80;96m[48;2;187;187;192m▀[0m[38;2;187;187;192m[48;2;187;187;192m▀[0m[38;2;187;187;192m[48;2;187;187;192m▀[0m[38;2;187;187;192m[48;2;126;126;141m▀[0m[38;2;187;187;192m[48;2;126;126;141m▀[0m[38;2;187;187;192m[48;2;126;126;141m▀[0m[38;2;126;126;141m[48;2;126;126;141m▀[0m[38;2;126;126;141m[48;2;126;126;141m▀[0m[38;2;126;126;141m[48;2;126;126;141m▀[0m[38;2;16;16;16m[48;2;126;126;141m▀[0m[38;2;16;16;16m[48;2;126;126;141m▀[0m[38;2;79;83;98m▄[38;2;79;83;98m[48;2;187;192;192m▀[0m[38;2;79;83;98m[48;2;187;192;192m▀[0m[38;2;79;83;98m[48;2;79;83;98m▀[0m[38;2;79;83;98m[48;2;187;192;192m▀[0m[38;2;79;83;98m[48;2;187;192;192m▀[0m[38;2;79;83;98m[48;2;187;192;192m▀[0m[38;2;79;83;98m[48;2;187;192;192m▀[0m[38;2;79;83;98m[48;2;187;192;192m▀[0m[38;2;79;83;98m[48;2;79;83;98m▀[0m[38;2;79;83;98m[48;2;187;192;192m▀[0m[38;2;79;83;98m[48;2;187;192;192m▀[0m[38;2;79;83;98m[48;2;187;192;192m▀[0m[38;2;79;83;98m[48;2;187;192;192m▀[0m[38;2;79;83;98m[48;2;187;192;192m▀[0m[38;2;79;83;98m[48;2;187;192;192m▀[0m[38;2;126;131;141m[48;2;79;83;98m▀[0m[38;2;126;131;141m[48;2;79;83;98m▀[0m[38;2;16;16;16m[48;2;16;16;16m▀[0m           
            [38;2;78;80;96m[48;2;78;80;96m▀[0m[38;2;187;187;192m[48;2;187;187;192m▀[0m[38;2;187;187;192m[48;2;78;80;96m▀[0m[38;2;187;187;192m[48;2;78;80;96m▀[0m[38;2;78;80;96m[48;2;38;38;38m▀[0m[38;2;78;80;96m[48;2;38;38;38m▀[0m[38;2;38;38;38m[48;2;16;16;16m▀[0m[38;2;38;38;38m[48;2;16;16;16m▀[0m[38;2;38;38;38m[48;2;16;16;16m▀[0m[38;2;38;38;38m[48;2;38;38;38m▀[0m[38;2;38;38;38m[48;2;38;38;38m▀[0m[38;2;78;80;96m[48;2;16;16;16m▀[0m[38;2;78;80;96m[48;2;38;38;38m▀[0m[38;2;126;126;141m[48;2;78;80;96m▀[0m[38;2;126;126;141m[48;2;126;126;141m▀[0m[38;2;79;83;98m[48;2;79;83;98m▀[0m[38;2;126;131;141m[48;2;126;131;141m▀[0m[38;2;126;131;141m[48;2;126;131;141m▀[0m[38;2;79;83;98m[48;2;126;131;141m▀[0m[38;2;126;131;141m[48;2;79;83;98m▀[0m[38;2;126;131;141m[48;2;79;83;98m▀[0m[38;2;126;131;141m[48;2;79;83;98m▀[0m[38;2;126;131;141m[48;2;79;83;98m▀[0m[38;2;79;83;98m[48;2;126;131;141m▀[0m[38;2;126;131;141m[48;2;126;131;141m▀[0m[38;2;126;131;141m[48;2;126;131;141m▀[0m[38;2;126;131;141m[48;2;126;131;141m▀[0m[38;2;126;131;141m[48;2;126;131;141m▀[0m[38;2;126;131;141m[48;2;126;131;141m▀[0m[38;2;126;131;141m[48;2;126;131;141m▀[0m[38;2;187;192;192m[48;2;126;131;141m▀[0m[38;2;187;192;192m[48;2;126;131;141m▀[0m[38;2;126;131;141m[48;2;16;16;16m▀[0m[38;2;16;16;16m▀          
         [38;2;33;87;126m▄[38;2;33;87;126m▄[38;2;33;87;126m[48;2;68;189;255m▀[0m[38;2;33;87;126m[48;2;68;189;255m▀[0m[38;2;33;87;126m[48;2;68;189;255m▀[0m[38;2;33;87;126m[48;2;68;189;255m▀[0m[38;2;33;87;126m[48;2;68;189;255m▀[0m[38;2;33;87;126m[48;2;68;189;255m▀[0m[38;2;33;87;126m[48;2;68;189;255m▀[0m[38;2;38;38;38m[48;2;33;87;126m▀[0m[38;2;38;38;38m[48;2;33;87;126m▀[0m[38;2;16;16;16m[48;2;78;80;96m▀[0m[38;2;16;16;16m[48;2;78;80;96m▀[0m[38;2;16;16;16m[48;2;78;80;96m▀[0m[38;2;16;16;16m[48;2;78;80;96m▀[0m[38;2;38;38;38m[48;2;16;16;16m▀[0m[38;2;38;38;38m[48;2;78;80;96m▀[0m[38;2;78;80;96m[48;2;126;131;141m▀[0m[38;2;126;131;141m[48;2;187;192;192m▀[0m[38;2;126;131;141m[48;2;187;192;192m▀[0m[38;2;187;192;192m[48;2;187;192;192m▀[0m[38;2;187;192;192m[48;2;187;192;192m▀[0m[38;2;187;192;192m[48;2;187;192;192m▀[0m[38;2;187;192;192m[48;2;187;192;192m▀[0m[38;2;187;192;192m[48;2;187;192;192m▀[0m[38;2;187;192;192m[48;2;187;192;192m▀[0m[38;2;187;192;192m[48;2;126;126;141m▀[0m[38;2;187;192;192m[48;2;187;192;192m▀[0m[38;2;126;131;141m[48;2;187;192;192m▀[0m[38;2;126;131;141m[48;2;187;192;192m▀[0m[38;2;126;131;141m[48;2;187;192;192m▀[0m[38;2;126;131;141m[48;2;126;131;141m▀[0m[38;2;126;131;141m[48;2;126;131;141m▀[0m[38;2;126;131;141m[48;2;38;38;38m▀[0m[38;2;79;83;98m[48;2;78;80;96m▀[0m[38;2;16;16;16m[48;2;187;187;192m▀[0m[38;2;16;16;16m[48;2;187;187;192m▀[0m[38;2;16;16;16m▄         
      [38;2;33;87;126m▄[38;2;33;87;126m[48;2;68;189;255m▀[0m[38;2;33;87;126m[48;2;68;189;255m▀[0m[38;2;68;189;255m[48;2;68;189;255m▀[0m[38;2;68;189;255m[48;2;68;189;255m▀[0m[38;2;68;189;255m[48;2;68;189;255m▀[0m[38;2;68;189;255m[48;2;68;189;255m▀[0m[38;2;68;189;255m[48;2;68;189;255m▀[0m[38;2;68;189;255m[48;2;68;189;255m▀[0m[38;2;68;189;255m[48;2;68;189;255m▀[0m[38;2;68;189;255m[48;2;68;189;255m▀[0m[38;2;68;189;255m[48;2;68;189;255m▀[0m[38;2;68;189;255m[48;2;68;189;255m▀[0m[38;2;68;189;255m[48;2;68;189;255m▀[0m[38;2;33;87;126m[48;2;68;189;255m▀[0m[38;2;33;87;126m[48;2;68;189;255m▀[0m[38;2;33;87;126m▄ [38;2;78;80;96m▄[38;2;78;80;96m[48;2;187;192;192m▀[0m[38;2;187;192;192m[48;2;126;126;141m▀[0m[38;2;126;126;141m[48;2;126;126;141m▀[0m[38;2;187;192;192m[48;2;187;192;192m▀[0m[38;2;187;192;192m[48;2;187;192;192m▀[0m[38;2;187;192;192m[48;2;187;192;192m▀[0m[38;2;187;192;192m[48;2;187;192;192m▀[0m[38;2;187;192;192m[48;2;187;192;192m▀[0m[38;2;187;192;192m[48;2;126;126;141m▀[0m[38;2;126;126;141m[48;2;187;187;192m▀[0m[38;2;187;187;192m[48;2;187;187;192m▀[0m[38;2;126;126;141m[48;2;126;126;141m▀[0m[38;2;187;192;192m[48;2;187;192;192m▀[0m[38;2;187;192;192m[48;2;187;192;192m▀[0m[38;2;187;192;192m[48;2;187;192;192m▀[0m[38;2;187;192;192m[48;2;187;192;192m▀[0m[38;2;38;38;38m[48;2;16;16;16m▀[0m[38;2;38;38;38m[48;2;38;38;38m▀[0m[38;2;78;80;96m[48;2;78;80;96m▀[0m[38;2;187;187;192m[48;2;187;187;192m▀[0m[38;2;187;187;192m[48;2;187;187;192m▀[0m[38;2;187;187;192m[48;2;187;187;192m▀[0m[38;2;16;16;16m[48;2;187;187;192m▀[0m[38;2;16;16;16m[48;2;16;16;16m▀[0m[38;2;16;16;16m[48;2;38;38;38m▀[0m[38;2;16;16;16m[48;2;38;38;38m▀[0m[38;2;16;16;16m▄[38;2;16;16;16m▄   
    [38;2;33;87;126m▄[38;2;33;87;126m[48;2;68;189;255m▀[0m[38;2;68;189;255m[48;2;68;189;255m▀[0m[38;2;68;189;255m[48;2;68;189;255m▀[0m[38;2;68;189;255m[48;2;68;189;255m▀[0m[38;2;237;248;254m[48;2;68;189;255m▀[0m[38;2;68;189;255m[48;2;68;189;255m▀[0m[38;2;68;189;255m[48;2;68;189;255m▀[0m[38;2;68;189;255m[48;2;68;189;255m▀[0m[38;2;68;189;255m[48;2;68;189;255m▀[0m[38;2;68;189;255m[48;2;68;189;255m▀[0m[38;2;68;189;255m[48;2;68;189;255m▀[0m[38;2;68;189;255m[48;2;237;248;254m▀[0m[38;2;68;189;255m[48;2;68;189;255m▀[0m[38;2;237;248;254m[48;2;68;189;255m▀[0m[38;2;68;189;255m[48;2;68;189;255m▀[0m[38;2;68;189;255m[48;2;68;189;255m▀[0m[38;2;68;189;255m[48;2;68;189;255m▀[0m[38;2;68;189;255m[48;2;68;189;255m▀[0m[38;2;33;87;126m[48;2;78;80;96m▀[0m[38;2;78;80;96m[48;2;126;126;141m▀[0m[38;2;126;126;141m[48;2;187;187;192m▀[0m[38;2;187;187;192m[48;2;187;187;192m▀[0m[38;2;126;126;141m[48;2;187;187;192m▀[0m[38;2;187;192;192m[48;2;126;126;141m▀[0m[38;2;187;192;192m[48;2;187;192;192m▀[0m[38;2;187;192;192m[48;2;187;192;192m▀[0m[38;2;187;192;192m[48;2;126;126;141m▀[0m[38;2;126;126;141m[48;2;187;187;192m▀[0m[38;2;187;187;192m[48;2;187;187;192m▀[0m[38;2;187;187;192m[48;2;187;187;192m▀[0m[38;2;187;187;192m[48;2;187;187;192m▀[0m[38;2;126;126;141m[48;2;187;187;192m▀[0m[38;2;187;192;192m[48;2;126;126;141m▀[0m[38;2;187;192;192m[48;2;187;192;192m▀[0m[38;2;187;192;192m[48;2;187;192;192m▀[0m[38;2;126;126;141m[48;2;126;126;141m▀[0m[38;2;187;187;192m[48;2;187;187;192m▀[0m[38;2;16;16;16m[48;2;187;187;192m▀[0m[38;2;78;80;96m[48;2;78;80;96m▀[0m[38;2;187;187;192m[48;2;187;187;192m▀[0m[38;2;187;187;192m[48;2;187;187;192m▀[0m[38;2;187;187;192m[48;2;187;187;192m▀[0m[38;2;187;187;192m[48;2;187;187;192m▀[0m[38;2;187;187;192m[48;2;187;187;192m▀[0m[38;2;16;16;16m[48;2;16;16;16m▀[0m[38;2;38;38;38m[48;2;38;38;38m▀[0m[38;2;33;87;126m[48;2;36;135;208m▀[0m[38;2;36;135;208m[48;2;38;38;38m▀[0m[38;2;16;16;16m[48;2;38;38;38m▀[0m[38;2;16;16;16m▄ 
  [38;2;33;87;126m▄[38;2;33;87;126m▄[38;2;33;87;126m[48;2;68;189;255m▀[0m[38;2;33;87;126m[48;2;68;189;255m▀[0m[38;2;33;87;126m[48;2;68;189;255m▀[0m[38;2;68;189;255m[48;2;33;87;126m▀[0m[38;2;68;189;255m[48;2;33;87;126m▀[0m[38;2;68;189;255m[48;2;33;87;126m▀[0m[38;2;68;189;255m[48;2;68;189;255m▀[0m[38;2;68;189;255m[48;2;68;189;255m▀[0m[38;2;68;189;255m[48;2;68;189;255m▀[0m[38;2;68;189;255m[48;2;68;189;255m▀[0m[38;2;68;189;255m[48;2;68;189;255m▀[0m[38;2;68;189;255m[48;2;68;189;255m▀[0m[38;2;68;189;255m[48;2;68;189;255m▀[0m[38;2;68;189;255m[48;2;68;189;255m▀[0m[38;2;68;189;255m[48;2;68;189;255m▀[0m[38;2;68;189;255m[48;2;68;189;255m▀[0m[38;2;68;189;255m[48;2;68;189;255m▀[0m[38;2;68;189;255m[48;2;68;189;255m▀[0m[38;2;68;189;255m[48;2;68;189;255m▀[0m[38;2;78;80;96m[48;2;78;80;96m▀[0m[38;2;187;187;192m[48;2;187;187;192m▀[0m[38;2;187;187;192m[48;2;187;187;192m▀[0m[38;2;187;187;192m[48;2;187;187;192m▀[0m[38;2;187;187;192m[48;2;187;187;192m▀[0m[38;2;126;126;141m[48;2;126;126;141m▀[0m[38;2;187;192;192m[48;2;187;192;192m▀[0m[38;2;126;126;141m[48;2;126;126;141m▀[0m[38;2;187;187;192m[48;2;187;187;192m▀[0m[38;2;187;187;192m[48;2;187;187;192m▀[0m[38;2;187;187;192m[48;2;187;187;192m▀[0m[38;2;187;187;192m[48;2;187;187;192m▀[0m[38;2;187;187;192m[48;2;187;187;192m▀[0m[38;2;187;187;192m[48;2;187;187;192m▀[0m[38;2;126;126;141m[48;2;126;126;141m▀[0m[38;2;187;192;192m[48;2;187;192;192m▀[0m[38;2;126;126;141m[48;2;126;126;141m▀[0m[38;2;187;187;192m[48;2;187;187;192m▀[0m[38;2;187;187;192m[48;2;187;187;192m▀[0m[38;2;187;187;192m[48;2;187;187;192m▀[0m[38;2;78;80;96m[48;2;187;187;192m▀[0m[38;2;187;187;192m[48;2;78;80;96m▀[0m[38;2;187;187;192m[48;2;187;187;192m▀[0m[38;2;187;187;192m[48;2;187;187;192m▀[0m[38;2;187;187;192m[48;2;187;187;192m▀[0m[38;2;187;187;192m[48;2;187;187;192m▀[0m[38;2;187;187;192m[48;2;187;187;192m▀[0m[38;2;16;16;16m[48;2;16;16;16m▀[0m[38;2;16;16;16m▀[38;2;38;38;38m[48;2;16;16;16m▀[0m[38;2;38;38;38m[48;2;38;38;38m▀[0m[38;2;16;16;16m[48;2;38;38;38m▀[0m[38;2;16;16;16m▄
[38;2;33;87;126m▄[38;2;33;87;126m[48;2;68;189;255m▀[0m[38;2;68;189;255m[48;2;33;87;126m▀[0m[38;2;68;189;255m[48;2;33;87;126m▀[0m[38;2;33;87;126m[48;2;36;135;208m▀[0m[38;2;33;87;126m[48;2;36;135;208m▀[0m[38;2;33;87;126m[48;2;36;135;208m▀[0m[38;2;68;189;255m[48;2;33;87;126m▀[0m[38;2;68;189;255m[48;2;33;87;126m▀[0m[38;2;33;87;126m[48;2;68;189;255m▀[0m[38;2;33;87;126m[48;2;33;87;126m▀[0m[38;2;33;87;126m[48;2;36;135;208m▀[0m[38;2;68;189;255m[48;2;16;16;16m▀[0m[38;2;68;189;255m[48;2;68;189;255m▀[0m[38;2;68;189;255m[48;2;68;189;255m▀[0m[38;2;68;189;255m[48;2;68;189;255m▀[0m[38;2;68;189;255m[48;2;68;189;255m▀[0m[38;2;68;189;255m[48;2;68;189;255m▀[0m[38;2;68;189;255m[48;2;237;248;254m▀[0m[38;2;68;189;255m[48;2;68;189;255m▀[0m[38;2;68;189;255m[48;2;68;189;255m▀[0m[38;2;68;189;255m[48;2;68;189;255m▀[0m[38;2;78;80;96m[48;2;78;80;96m▀[0m[38;2;187;187;192m[48;2;187;187;192m▀[0m[38;2;187;187;192m[48;2;187;187;192m▀[0m[38;2;187;187;192m[48;2;187;187;192m▀[0m[38;2;187;187;192m[48;2;187;187;192m▀[0m[38;2;187;187;192m[48;2;187;187;192m▀[0m[38;2;187;187;192m[48;2;187;187;192m▀[0m[38;2;126;126;141m[48;2;187;187;192m▀[0m[38;2;187;187;192m[48;2;187;187;192m▀[0m[38;2;187;187;192m[48;2;187;187;192m▀[0m[38;2;187;187;192m[48;2;187;187;192m▀[0m[38;2;187;187;192m[48;2;187;187;192m▀[0m[38;2;187;187;192m[48;2;187;187;192m▀[0m[38;2;187;187;192m[48;2;187;187;192m▀[0m[38;2;187;187;192m[48;2;187;187;192m▀[0m[38;2;187;187;192m[48;2;187;187;192m▀[0m[38;2;126;126;141m[48;2;187;187;192m▀[0m[38;2;187;187;192m[48;2;187;187;192m▀[0m[38;2;187;187;192m[48;2;187;187;192m▀[0m[38;2;187;187;192m[48;2;187;187;192m▀[0m[38;2;187;187;192m[48;2;187;187;192m▀[0m[38;2;187;187;192m[48;2;187;187;192m▀[0m[38;2;78;80;96m[48;2;78;80;96m▀[0m[38;2;187;187;192m[48;2;126;126;141m▀[0m[38;2;187;187;192m[48;2;187;187;192m▀[0m[38;2;187;187;192m[48;2;187;187;192m▀[0m[38;2;187;187;192m[48;2;187;187;192m▀[0m[38;2;187;187;192m[48;2;187;187;192m▀[0m[38;2;187;187;192m[48;2;187;187;192m▀[0m[38;2;16;16;16m[48;2;16;16;16m▀[0m[38;2;16;16;16m[48;2;38;38;38m▀[0m[38;2;36;135;208m[48;2;38;38;38m▀[0m[38;2;33;87;126m[48;2;36;135;208m▀[0m[38;2;16;16;16m[48;2;16;16;16m▀[0m
[38;2;33;87;126m▀[38;2;68;189;255m[48;2;33;87;126m▀[0m[38;2;33;87;126m[48;2;36;135;208m▀[0m[38;2;36;135;208m[48;2;36;135;208m▀[0m[38;2;36;135;208m[48;2;79;83;98m▀[0m[38;2;79;83;98m[48;2;126;131;141m▀[0m[38;2;187;192;192m[48;2;187;192;192m▀[0m[38;2;126;131;141m[48;2;126;131;141m▀[0m[38;2;33;87;126m[48;2;187;192;192m▀[0m[38;2;68;189;255m[48;2;33;87;126m▀[0m[38;2;33;87;126m[48;2;68;189;255m▀[0m[38;2;36;135;208m[48;2;33;87;126m▀[0m[38;2;33;87;126m[48;2;36;135;208m▀[0m[38;2;36;135;208m[48;2;16;16;16m▀[0m[38;2;68;189;255m[48;2;68;189;255m▀[0m[38;2;68;189;255m[48;2;68;189;255m▀[0m[38;2;68;189;255m[48;2;68;189;255m▀[0m[38;2;68;189;255m[48;2;68;189;255m▀[0m[38;2;68;189;255m[48;2;68;189;255m▀[0m[38;2;68;189;255m[48;2;68;189;255m▀[0m[38;2;68;189;255m[48;2;68;189;255m▀[0m[38;2;68;189;255m[48;2;68;189;255m▀[0m[38;2;78;80;96m[48;2;78;80;96m▀[0m[38;2;187;187;192m[48;2;187;187;192m▀[0m[38;2;187;187;192m[48;2;187;187;192m▀[0m[38;2;187;187;192m[48;2;187;187;192m▀[0m[38;2;187;187;192m[48;2;187;187;192m▀[0m[38;2;187;187;192m[48;2;187;187;192m▀[0m[38;2;187;187;192m[48;2;187;187;192m▀[0m[38;2;187;187;192m[48;2;187;187;192m▀[0m[38;2;187;187;192m[48;2;187;187;192m▀[0m[38;2;187;187;192m[48;2;187;187;192m▀[0m[38;2;187;187;192m[48;2;187;187;192m▀[0m[38;2;187;187;192m[48;2;187;187;192m▀[0m[38;2;187;187;192m[48;2;187;187;192m▀[0m[38;2;187;187;192m[48;2;187;187;192m▀[0m[38;2;187;187;192m[48;2;187;187;192m▀[0m[38;2;187;187;192m[48;2;187;187;192m▀[0m[38;2;187;187;192m[48;2;187;187;192m▀[0m[38;2;187;187;192m[48;2;187;187;192m▀[0m[38;2;187;187;192m[48;2;187;187;192m▀[0m[38;2;187;187;192m[48;2;187;187;192m▀[0m[38;2;187;187;192m[48;2;187;187;192m▀[0m[38;2;187;187;192m[48;2;187;187;192m▀[0m[38;2;78;80;96m[48;2;187;187;192m▀[0m[38;2;126;126;141m[48;2;78;80;96m▀[0m[38;2;187;187;192m[48;2;126;126;141m▀[0m[38;2;187;187;192m[48;2;187;187;192m▀[0m[38;2;187;187;192m[48;2;187;187;192m▀[0m[38;2;187;187;192m[48;2;187;187;192m▀[0m[38;2;187;187;192m[48;2;187;187;192m▀[0m[38;2;16;16;16m[48;2;187;187;192m▀[0m[38;2;38;38;38m[48;2;16;16;16m▀[0m[38;2;38;38;38m[48;2;38;38;38m▀[0m[38;2;16;16;16m[48;2;16;16;16m▀[0m 
 [38;2;33;87;126m▄[38;2;33;87;126m[48;2;36;135;208m▀[0m[38;2;36;135;208m[48;2;36;135;208m▀[0m[38;2;79;83;98m[48;2;79;83;98m▀[0m[38;2;187;192;192m[48;2;187;192;192m▀[0m[38;2;126;131;141m[48;2;126;131;141m▀[0m[38;2;187;192;192m[48;2;187;192;192m▀[0m[38;2;126;131;141m[48;2;126;131;141m▀[0m[38;2;33;87;126m[48;2;33;87;126m▀[0m[38;2;68;189;255m[48;2;68;189;255m▀[0m[38;2;33;87;126m[48;2;33;87;126m▀[0m[38;2;36;135;208m[48;2;36;135;208m▀[0m[38;2;16;16;16m[48;2;16;16;16m▀[0m[38;2;68;189;255m[48;2;68;189;255m▀[0m[38;2;68;189;255m[48;2;68;189;255m▀[0m[38;2;68;189;255m[48;2;68;189;255m▀[0m[38;2;68;189;255m[48;2;68;189;255m▀[0m[38;2;68;189;255m[48;2;68;189;255m▀[0m[38;2;68;189;255m[48;2;68;189;255m▀[0m[38;2;68;189;255m[48;2;68;189;255m▀[0m[38;2;68;189;255m[48;2;68;189;255m▀[0m[38;2;16;16;16m[48;2;16;16;16m▀[0m[38;2;187;187;192m[48;2;187;187;192m▀[0m[38;2;187;187;192m[48;2;187;187;192m▀[0m[38;2;187;187;192m[48;2;187;187;192m▀[0m[38;2;187;187;192m[48;2;126;126;141m▀[0m[38;2;126;126;141m[48;2;126;126;141m▀[0m[38;2;126;126;141m[48;2;68;189;255m▀[0m[38;2;126;126;141m[48;2;68;189;255m▀[0m[38;2;126;126;141m[48;2;126;126;141m▀[0m[38;2;187;187;192m[48;2;126;126;141m▀[0m[38;2;187;187;192m[48;2;187;187;192m▀[0m[38;2;187;187;192m[48;2;187;187;192m▀[0m[38;2;187;187;192m[48;2;187;187;192m▀[0m[38;2;187;187;192m[48;2;187;187;192m▀[0m[38;2;187;187;192m[48;2;187;187;192m▀[0m[38;2;187;187;192m[48;2;187;187;192m▀[0m[38;2;187;187;192m[48;2;187;187;192m▀[0m[38;2;187;187;192m[48;2;187;187;192m▀[0m[38;2;187;187;192m[48;2;187;187;192m▀[0m[38;2;187;187;192m[48;2;187;187;192m▀[0m[38;2;187;187;192m[48;2;187;187;192m▀[0m[38;2;187;187;192m[48;2;187;187;192m▀[0m[38;2;187;187;192m[48;2;126;126;141m▀[0m[38;2;16;16;16m[48;2;16;16;16m▀[0m[38;2;126;126;141m[48;2;126;126;141m▀[0m[38;2;126;126;141m[48;2;126;126;141m▀[0m[38;2;187;187;192m[48;2;126;126;141m▀[0m[38;2;187;187;192m[48;2;126;126;141m▀[0m[38;2;187;187;192m[48;2;187;187;192m▀[0m[38;2;187;187;192m[48;2;187;187;192m▀[0m[38;2;16;16;16m[48;2;16;16;16m▀[0m[38;2;16;16;16m▀  
[38;2;33;87;126m[48;2;33;87;126m▀[0m[38;2;68;189;255m[48;2;68;189;255m▀[0m[38;2;33;87;126m[48;2;33;87;126m▀[0m[38;2;36;135;208m[48;2;33;87;126m▀[0m[38;2;79;83;98m[48;2;36;135;208m▀[0m[38;2;126;131;141m[48;2;79;83;98m▀[0m[38;2;187;192;192m[48;2;187;192;192m▀[0m[38;2;126;131;141m[48;2;33;87;126m▀[0m[38;2;33;87;126m[48;2;33;87;126m▀[0m[38;2;68;189;255m[48;2;68;189;255m▀[0m[38;2;33;87;126m[48;2;33;87;126m▀[0m[38;2;36;135;208m[48;2;36;135;208m▀[0m[38;2;33;87;126m[48;2;16;16;16m▀[0m[38;2;36;135;208m[48;2;68;189;255m▀[0m[38;2;68;189;255m[48;2;68;189;255m▀[0m[38;2;68;189;255m[48;2;68;189;255m▀[0m[38;2;237;248;254m[48;2;68;189;255m▀[0m[38;2;68;189;255m[48;2;68;189;255m▀[0m[38;2;68;189;255m[48;2;68;189;255m▀[0m[38;2;68;189;255m[48;2;68;189;255m▀[0m[38;2;68;189;255m[48;2;68;189;255m▀[0m[38;2;68;189;255m[48;2;68;189;255m▀[0m[38;2;16;16;16m[48;2;36;135;208m▀[0m[38;2;187;187;192m[48;2;16;16;16m▀[0m[38;2;187;187;192m[48;2;187;187;192m▀[0m[38;2;187;187;192m[48;2;187;187;192m▀[0m[38;2;126;126;141m[48;2;126;126;141m▀[0m[38;2;68;189;255m[48;2;68;189;255m▀[0m[38;2;68;189;255m[48;2;68;189;255m▀[0m[38;2;237;248;254m[48;2;68;189;255m▀[0m[38;2;68;189;255m[48;2;68;189;255m▀[0m[38;2;126;126;141m[48;2;126;126;141m▀[0m[38;2;187;187;192m[48;2;187;187;192m▀[0m[38;2;187;187;192m[48;2;187;187;192m▀[0m[38;2;187;187;192m[48;2;187;187;192m▀[0m[38;2;187;187;192m[48;2;187;187;192m▀[0m[38;2;187;187;192m[48;2;187;187;192m▀[0m[38;2;187;187;192m[48;2;187;187;192m▀[0m[38;2;187;187;192m[48;2;187;187;192m▀[0m[38;2;187;187;192m[48;2;187;187;192m▀[0m[38;2;187;187;192m[48;2;187;187;192m▀[0m[38;2;187;187;192m[48;2;187;187;192m▀[0m[38;2;187;187;192m[48;2;126;126;141m▀[0m[38;2;126;126;141m[48;2;126;126;141m▀[0m[38;2;126;126;141m[48;2;126;126;141m▀[0m[38;2;126;126;141m[48;2;126;126;141m▀[0m[38;2;16;16;16m[48;2;16;16;16m▀[0m[38;2;126;126;141m[48;2;126;126;141m▀[0m[38;2;126;126;141m[48;2;126;126;141m▀[0m[38;2;126;126;141m[48;2;126;126;141m▀[0m[38;2;126;126;141m[48;2;126;126;141m▀[0m[38;2;126;126;141m[48;2;126;126;141m▀[0m[38;2;16;16;16m[48;2;16;16;16m▀[0m   
 [38;2;16;16;16m▀[38;2;68;189;255m[48;2;16;16;16m▀[0m[38;2;68;189;255m[48;2;16;16;16m▀[0m[38;2;33;87;126m[48;2;68;189;255m▀[0m[38;2;33;87;126m[48;2;68;189;255m▀[0m[38;2;33;87;126m[48;2;68;189;255m▀[0m[38;2;68;189;255m[48;2;16;16;16m▀[0m[38;2;68;189;255m[48;2;16;16;16m▀[0m[38;2;33;87;126m[48;2;16;16;16m▀[0m[38;2;16;16;16m[48;2;68;189;255m▀[0m[38;2;16;16;16m[48;2;68;189;255m▀[0m[38;2;68;189;255m[48;2;68;189;255m▀[0m[38;2;68;189;255m[48;2;68;189;255m▀[0m[38;2;68;189;255m[48;2;68;189;255m▀[0m[38;2;68;189;255m[48;2;68;189;255m▀[0m[38;2;68;189;255m[48;2;68;189;255m▀[0m[38;2;237;248;254m[48;2;68;189;255m▀[0m[38;2;68;189;255m[48;2;68;189;255m▀[0m[38;2;68;189;255m[48;2;68;189;255m▀[0m[38;2;237;248;254m[48;2;68;189;255m▀[0m[38;2;68;189;255m[48;2;36;135;208m▀[0m[38;2;36;135;208m[48;2;36;135;208m▀[0m[38;2;16;16;16m[48;2;36;135;208m▀[0m[38;2;126;126;141m[48;2;16;16;16m▀[0m[38;2;187;187;192m[48;2;126;126;141m▀[0m[38;2;126;126;141m[48;2;187;187;192m▀[0m[38;2;126;126;141m[48;2;126;126;141m▀[0m[38;2;237;248;254m[48;2;126;126;141m▀[0m[38;2;68;189;255m[48;2;126;126;141m▀[0m[38;2;126;126;141m[48;2;126;126;141m▀[0m[38;2;126;126;141m[48;2;187;187;192m▀[0m[38;2;187;187;192m[48;2;187;187;192m▀[0m[38;2;187;187;192m[48;2;187;187;192m▀[0m[38;2;187;187;192m[48;2;187;187;192m▀[0m[38;2;187;187;192m[48;2;187;187;192m▀[0m[38;2;187;187;192m[48;2;187;187;192m▀[0m[38;2;187;187;192m[48;2;187;187;192m▀[0m[38;2;187;187;192m[48;2;187;187;192m▀[0m[38;2;187;187;192m[48;2;126;126;141m▀[0m[38;2;187;187;192m[48;2;78;80;96m▀[0m[38;2;126;126;141m[48;2;78;80;96m▀[0m[38;2;78;80;96m[48;2;126;126;141m▀[0m[38;2;78;80;96m[48;2;126;126;141m▀[0m[38;2;78;80;96m[48;2;126;126;141m▀[0m[38;2;78;80;96m[48;2;126;126;141m▀[0m[38;2;38;38;38m[48;2;16;16;16m▀[0m[38;2;16;16;16m▀[38;2;126;126;141m[48;2;16;16;16m▀[0m[38;2;126;126;141m[48;2;126;126;141m▀[0m[38;2;126;126;141m[48;2;126;126;141m▀[0m[38;2;16;16;16m[48;2;16;16;16m▀[0m    
    [38;2;16;16;16m[48;2;16;16;16m▀[0m[38;2;16;16;16m[48;2;36;135;208m▀[0m[38;2;16;16;16m[48;2;36;135;208m▀[0m[38;2;36;135;208m[48;2;36;135;208m▀[0m[38;2;36;135;208m[48;2;36;135;208m▀[0m[38;2;68;189;255m[48;2;36;135;208m▀[0m[38;2;68;189;255m[48;2;36;135;208m▀[0m[38;2;68;189;255m[48;2;68;189;255m▀[0m[38;2;68;189;255m[48;2;68;189;255m▀[0m[38;2;237;248;254m[48;2;68;189;255m▀[0m[38;2;68;189;255m[48;2;68;189;255m▀[0m[38;2;68;189;255m[48;2;68;189;255m▀[0m[38;2;68;189;255m[48;2;36;135;208m▀[0m[38;2;68;189;255m[48;2;36;135;208m▀[0m[38;2;68;189;255m[48;2;36;135;208m▀[0m[38;2;36;135;208m[48;2;36;135;208m▀[0m[38;2;36;135;208m[48;2;36;135;208m▀[0m[38;2;36;135;208m[48;2;36;135;208m▀[0m[38;2;36;135;208m[48;2;36;135;208m▀[0m[38;2;36;135;208m[48;2;16;16;16m▀[0m[38;2;78;80;96m[48;2;78;80;96m▀[0m[38;2;16;16;16m[48;2;126;126;141m▀[0m[38;2;126;126;141m[48;2;16;16;16m▀[0m[38;2;126;126;141m[48;2;126;126;141m▀[0m[38;2;187;187;192m[48;2;126;126;141m▀[0m[38;2;187;187;192m[48;2;126;126;141m▀[0m[38;2;187;187;192m[48;2;126;126;141m▀[0m[38;2;187;187;192m[48;2;126;126;141m▀[0m[38;2;187;187;192m[48;2;126;126;141m▀[0m[38;2;187;187;192m[48;2;126;126;141m▀[0m[38;2;187;187;192m[48;2;126;126;141m▀[0m[38;2;187;187;192m[48;2;126;126;141m▀[0m[38;2;126;126;141m[48;2;126;126;141m▀[0m[38;2;126;126;141m[48;2;126;126;141m▀[0m[38;2;126;126;141m[48;2;78;80;96m▀[0m[38;2;78;80;96m[48;2;126;126;141m▀[0m[38;2;126;126;141m[48;2;126;126;141m▀[0m[38;2;126;126;141m[48;2;126;126;141m▀[0m[38;2;126;126;141m[48;2;126;126;141m▀[0m[38;2;126;126;141m[48;2;126;126;141m▀[0m[38;2;126;126;141m[48;2;126;126;141m▀[0m[38;2;126;126;141m[48;2;126;126;141m▀[0m[38;2;16;16;16m[48;2;16;16;16m▀[0m  [38;2;16;16;16m▀[38;2;16;16;16m▀     
     [38;2;16;16;16m▀[38;2;36;135;208m[48;2;16;16;16m▀[0m[38;2;237;248;254m[48;2;36;135;208m▀[0m[38;2;36;135;208m[48;2;36;135;208m▀[0m[38;2;36;135;208m[48;2;36;135;208m▀[0m[38;2;36;135;208m[48;2;36;135;208m▀[0m[38;2;36;135;208m[48;2;36;135;208m▀[0m[38;2;36;135;208m[48;2;36;135;208m▀[0m[38;2;36;135;208m[48;2;36;135;208m▀[0m[38;2;36;135;208m[48;2;36;135;208m▀[0m[38;2;36;135;208m[48;2;36;135;208m▀[0m[38;2;36;135;208m[48;2;36;135;208m▀[0m[38;2;36;135;208m[48;2;36;135;208m▀[0m[38;2;83;83;98m[48;2;83;83;98m▀[0m[38;2;83;83;98m[48;2;189;189;192m▀[0m[38;2;36;135;208m[48;2;83;83;98m▀[0m[38;2;36;135;208m[48;2;83;83;98m▀[0m[38;2;16;16;16m▀ [38;2;78;80;96m▀[38;2;126;126;141m[48;2;78;80;96m▀[0m[38;2;126;126;141m[48;2;126;126;141m▀[0m[38;2;16;16;16m[48;2;126;126;141m▀[0m[38;2;16;16;16m[48;2;126;126;141m▀[0m[38;2;126;126;141m[48;2;16;16;16m▀[0m[38;2;126;126;141m[48;2;16;16;16m▀[0m[38;2;126;126;141m[48;2;16;16;16m▀[0m[38;2;126;126;141m[48;2;126;126;141m▀[0m[38;2;126;126;141m[48;2;126;126;141m▀[0m[38;2;126;126;141m[48;2;126;126;141m▀[0m[38;2;126;126;141m[48;2;126;126;141m▀[0m[38;2;126;126;141m[48;2;126;126;141m▀[0m[38;2;78;80;96m[48;2;78;80;96m▀[0m[38;2;126;126;141m[48;2;126;126;141m▀[0m[38;2;126;126;141m[48;2;126;126;141m▀[0m[38;2;126;126;141m[48;2;126;126;141m▀[0m[38;2;126;126;141m[48;2;187;187;192m▀[0m[38;2;187;187;192m[48;2;187;187;192m▀[0m[38;2;187;187;192m[48;2;187;187;192m▀[0m[38;2;187;187;192m[48;2;187;187;192m▀[0m[38;2;16;16;16m[48;2;16;16;16m▀[0m          
       [38;2;16;16;16m▀[38;2;16;16;16m▀[38;2;36;135;208m[48;2;16;16;16m▀[0m[38;2;36;135;208m[48;2;16;16;16m▀[0m[38;2;36;135;208m[48;2;36;135;208m▀[0m[38;2;36;135;208m[48;2;36;135;208m▀[0m[38;2;36;135;208m[48;2;36;135;208m▀[0m[38;2;36;135;208m[48;2;36;135;208m▀[0m[38;2;237;248;254m[48;2;36;135;208m▀[0m[38;2;36;135;208m[48;2;36;135;208m▀[0m[38;2;36;135;208m[48;2;16;16;16m▀[0m[38;2;83;83;98m[48;2;16;16;16m▀[0m[38;2;131;131;141m[48;2;131;131;141m▀[0m[38;2;83;83;98m[48;2;83;83;98m▀[0m[38;2;189;189;192m[48;2;131;131;141m▀[0m[38;2;83;83;98m[48;2;189;189;192m▀[0m[38;2;83;83;98m▄[38;2;83;83;98m▄[38;2;83;83;98m▄[38;2;78;80;96m[48;2;131;131;141m▀[0m[38;2;78;80;96m[48;2;131;131;141m▀[0m[38;2;126;126;141m[48;2;78;80;96m▀[0m[38;2;126;126;141m[48;2;78;80;96m▀[0m[38;2;126;126;141m[48;2;78;80;96m▀[0m[38;2;126;126;141m[48;2;78;80;96m▀[0m[38;2;16;16;16m[48;2;131;131;141m▀[0m[38;2;16;16;16m[48;2;83;83;98m▀[0m[38;2;16;16;16m▀[38;2;16;16;16m▀[38;2;16;16;16m▀[38;2;16;16;16m▀[38;2;78;80;96m[48;2;16;16;16m▀[0m[38;2;126;126;141m[48;2;16;16;16m▀[0m[38;2;187;187;192m[48;2;187;187;192m▀[0m[38;2;187;187;192m[48;2;16;16;16m▀[0m[38;2;16;16;16m[48;2;189;189;192m▀[0m[38;2;187;187;192m[48;2;16;16;16m▀[0m[38;2;16;16;16m[48;2;131;131;141m▀[0m[38;2;83;83;98m▄[38;2;83;83;98m[48;2;189;189;192m▀[0m[38;2;83;83;98m[48;2;16;16;16m▀[0m        
           [38;2;16;16;16m▀[38;2;16;16;16m▀[38;2;16;16;16m▀[38;2;16;16;16m▀[38;2;16;16;16m▀[38;2;16;16;16m▀  [38;2;16;16;16m▀[38;2;131;131;141m[48;2;16;16;16m▀[0m[38;2;131;131;141m[48;2;16;16;16m▀[0m[38;2;131;131;141m[48;2;131;131;141m▀[0m[38;2;189;189;192m[48;2;131;131;141m▀[0m[38;2;189;189;192m[48;2;131;131;141m▀[0m[38;2;131;131;141m[48;2;131;131;141m▀[0m[38;2;83;83;98m[48;2;131;131;141m▀[0m[38;2;131;131;141m[48;2;83;83;98m▀[0m[38;2;131;131;141m[48;2;131;131;141m▀[0m[38;2;131;131;141m[48;2;131;131;141m▀[0m[38;2;131;131;141m[48;2;131;131;141m▀[0m[38;2;131;131;141m[48;2;16;16;16m▀[0m[38;2;131;131;141m[48;2;16;16;16m▀[0m[38;2;131;131;141m[48;2;16;16;16m▀[0m[38;2;16;16;16m▀     [38;2;16;16;16m[48;2;16;16;16m▀[0m[38;2;83;83;98m[48;2;83;83;98m▀[0m[38;2;131;131;141m[48;2;131;131;141m▀[0m[38;2;189;189;192m[48;2;131;131;141m▀[0m[38;2;16;16;16m[48;2;189;189;192m▀[0m[38;2;189;189;192m[48;2;131;131;141m▀[0m[38;2;131;131;141m[48;2;131;131;141m▀[0m[38;2;16;16;16m[48;2;16;16;16m▀[0m        
                      [38;2;16;16;16m▀[38;2;16;16;16m▀[38;2;16;16;16m▀[38;2;16;16;16m▀[38;2;16;16;16m▀[38;2;16;16;16m▀[38;2;16;16;16m▀[38;2;16;16;16m▀[38;2;16;16;16m▀         [38;2;16;16;16m▀[38;2;131;131;141m[48;2;16;16;16m▀[0m[38;2;131;131;141m[48;2;16;16;16m▀[0m[38;2;131;131;141m[48;2;16;16;16m▀[0m[38;2;131;131;141m[48;2;16;16;16m▀[0m[38;2;131;131;141m[48;2;16;16;16m▀[0m[38;2;131;131;141m[48;2;16;16;16m▀[0m[38;2;16;16;16m▀        
[0m