         [38;2;60;30;38m▄[38;2;86;41;52m▄[38;2;60;30;38m[48;2;119;56;66m▀[0m[38;2;60;30;38m[48;2;119;56;66m▀[0m[38;2;60;30;38m[48;2;119;56;66m▀[0m[38;2;60;30;38m[48;2;119;56;66m▀[0m[38;2;60;30;38m[48;2;119;56;66m▀[0m[38;2;86;41;52m▄[38;2;60;30;38m▄                                
       [38;2;60;30;38m▄[38;2;60;30;38m[48;2;119;56;66m▀[0m[38;2;119;56;66m[48;2;119;56;66m▀[0m[38;2;119;56;66m[48;2;119;56;66m▀[0m[38;2;119;56;66m[48;2;119;56;66m▀[0m[38;2;119;56;66m[48;2;119;56;66m▀[0m[38;2;119;56;66m[48;2;119;56;66m▀[0m[38;2;119;56;66m[48;2;119;56;66m▀[0m[38;2;119;56;66m[48;2;119;56;66m▀[0m[38;2;119;56;66m[48;2;119;56;66m▀[0m[38;2;119;56;66m[48;2;86;41;52m▀[0m[38;2;60;30;38m[48;2;119;56;66m▀[0m[38;2;60;30;38m▄                              
      [38;2;60;30;38m▄[38;2;60;30;38m[48;2;86;41;52m▀[0m[38;2;119;56;66m[48;2;119;56;66m▀[0m[38;2;119;56;66m[48;2;119;56;66m▀[0m[38;2;119;56;66m[48;2;119;56;66m▀[0m[38;2;119;56;66m[48;2;119;56;66m▀[0m[38;2;119;56;66m[48;2;119;56;66m▀[0m[38;2;119;56;66m[48;2;119;56;66m▀[0m[38;2;119;56;66m[48;2;119;56;66m▀[0m[38;2;119;56;66m[48;2;86;41;52m▀[0m[38;2;86;41;52m[48;2;255;205;55m▀[0m[38;2;170;126;36m[48;2;170;126;36m▀[0m[38;2;119;56;66m[48;2;119;56;66m▀[0m[38;2;60;30;38m[48;2;119;56;66m▀[0m[38;2;60;30;38m▄                             
      [38;2;60;30;38m[48;2;60;30;38m▀[0m[38;2;86;41;52m[48;2;253;253;253m▀[0m[38;2;119;56;66m[48;2;86;41;52m▀[0m[38;2;119;56;66m[48;2;186;95;67m▀[0m[38;2;119;56;66m[48;2;186;95;67m▀[0m[38;2;119;56;66m[48;2;86;41;52m▀[0m[38;2;119;56;66m[48;2;86;41;52m▀[0m[38;2;86;41;52m[48;2;115;187;191m▀[0m[38;2;86;41;52m[48;2;119;56;66m▀[0m[38;2;140;137;140m[48;2;115;187;191m▀[0m[38;2;253;253;253m[48;2;253;253;253m▀[0m[38;2;86;41;52m[48;2;86;41;52m▀[0m[38;2;119;56;66m[48;2;119;56;66m▀[0m[38;2;119;56;66m[48;2;119;56;66m▀[0m[38;2;60;30;38m[48;2;60;30;38m▀[0m                             
 [38;2;186;95;67m▄[38;2;186;95;67m[48;2;245;146;59m▀[0m[38;2;120;51;38m[48;2;245;146;59m▀[0m[38;2;120;51;38m▄[38;2;120;51;38m▄[38;2;60;30;38m[48;2;120;51;38m▀[0m[38;2;115;187;191m[48;2;186;95;67m▀[0m[38;2;186;95;67m[48;2;245;146;59m▀[0m[38;2;245;146;59m[48;2;245;146;59m▀[0m[38;2;245;146;59m[48;2;245;146;59m▀[0m[38;2;186;95;67m[48;2;245;146;59m▀[0m[38;2;140;137;140m[48;2;186;95;67m▀[0m[38;2;115;187;191m[48;2;140;137;140m▀[0m[38;2;15;15;15m[48;2;115;187;191m▀[0m[38;2;115;187;191m[48;2;253;253;253m▀[0m[38;2;253;253;253m[48;2;170;126;36m▀[0m[38;2;119;56;66m[48;2;119;56;66m▀[0m[38;2;119;56;66m[48;2;119;56;66m▀[0m[38;2;119;56;66m[48;2;119;56;66m▀[0m[38;2;60;30;38m[48;2;60;30;38m▀[0m                             
[38;2;120;51;38m▄[38;2;186;95;67m[48;2;245;146;59m▀[0m[38;2;245;146;59m[48;2;245;146;59m▀[0m[38;2;186;95;67m[48;2;186;95;67m▀[0m[38;2;245;146;59m[48;2;245;146;59m▀[0m[38;2;245;146;59m[48;2;245;146;59m▀[0m[38;2;245;146;59m[48;2;245;146;59m▀[0m[38;2;245;146;59m[48;2;245;146;59m▀[0m[38;2;245;146;59m[48;2;245;146;59m▀[0m[38;2;245;146;59m[48;2;245;146;59m▀[0m[38;2;245;146;59m[48;2;186;95;67m▀[0m[38;2;245;146;59m[48;2;186;95;67m▀[0m[38;2;245;146;59m[48;2;186;95;67m▀[0m[38;2;186;95;67m[48;2;120;51;38m▀[0m[38;2;120;51;38m[48;2;120;51;38m▀[0m[38;2;170;126;36m[48;2;170;126;36m▀[0m[38;2;119;56;66m[48;2;119;56;66m▀[0m[38;2;119;56;66m[48;2;119;56;66m▀[0m[38;2;119;56;66m[48;2;119;56;66m▀[0m[38;2;119;56;66m[48;2;119;56;66m▀[0m[38;2;60;30;38m[48;2;60;30;38m▀[0m                             
[38;2;120;51;38m[48;2;120;51;38m▀[0m[38;2;245;146;59m[48;2;245;146;59m▀[0m[38;2;245;146;59m[48;2;245;146;59m▀[0m[38;2;245;146;59m[48;2;186;95;67m▀[0m[38;2;245;146;59m[48;2;15;15;15m▀[0m[38;2;15;15;15m▀[38;2;15;15;15m▀[38;2;120;51;38m[48;2;15;15;15m▀[0m[38;2;120;51;38m[48;2;15;15;15m▀[0m[38;2;120;51;38m[48;2;15;15;15m▀[0m[38;2;120;51;38m[48;2;15;15;15m▀[0m[38;2;15;15;15m[48;2;170;126;36m▀[0m[38;2;15;15;15m[48;2;170;126;36m▀[0m[38;2;170;126;36m[48;2;170;126;36m▀[0m[38;2;170;126;36m[48;2;170;126;36m▀[0m[38;2;119;56;66m[48;2;119;56;66m▀[0m[38;2;119;56;66m[48;2;255;205;55m▀[0m[38;2;119;56;66m[48;2;119;56;66m▀[0m[38;2;119;56;66m[48;2;119;56;66m▀[0m[38;2;119;56;66m[48;2;86;41;52m▀[0m[38;2;60;30;38m[48;2;60;30;38m▀[0m                             
[38;2;120;51;38m▀[38;2;245;146;59m[48;2;15;15;15m▀[0m[38;2;245;146;59m[48;2;15;15;15m▀[0m[38;2;15;15;15m▀   [38;2;98;74;32m[48;2;98;74;32m▀[0m[38;2;170;126;36m[48;2;255;205;55m▀[0m[38;2;170;126;36m[48;2;170;126;36m▀[0m[38;2;170;126;36m[48;2;170;126;36m▀[0m[38;2;170;126;36m[48;2;170;126;36m▀[0m[38;2;170;126;36m[48;2;255;205;55m▀[0m[38;2;170;126;36m[48;2;255;205;55m▀[0m[38;2;119;56;66m[48;2;255;205;55m▀[0m[38;2;255;205;55m[48;2;255;205;55m▀[0m[38;2;170;126;36m[48;2;119;56;66m▀[0m[38;2;119;56;66m[48;2;119;56;66m▀[0m[38;2;119;56;66m[48;2;119;56;66m▀[0m[38;2;86;41;52m[48;2;86;41;52m▀[0m[38;2;60;30;38m[48;2;60;30;38m▀[0m                             
       [38;2;98;74;32m[48;2;98;74;32m▀[0m[38;2;255;205;55m[48;2;255;205;55m▀[0m[38;2;255;205;55m[48;2;255;205;55m▀[0m[38;2;255;205;55m[48;2;255;205;55m▀[0m[38;2;255;205;55m[48;2;255;205;55m▀[0m[38;2;255;205;55m[48;2;255;205;55m▀[0m[38;2;255;205;55m[48;2;255;205;55m▀[0m[38;2;255;205;55m[48;2;170;126;36m▀[0m[38;2;170;126;36m[48;2;119;56;66m▀[0m[38;2;119;56;66m[48;2;255;205;55m▀[0m[38;2;119;56;66m[48;2;119;56;66m▀[0m[38;2;86;41;52m[48;2;86;41;52m▀[0m[38;2;86;41;52m[48;2;86;41;52m▀[0m[38;2;60;30;38m[48;2;86;41;52m▀[0m[38;2;15;15;15m▄                            
       [38;2;98;74;32m[48;2;98;74;32m▀[0m[38;2;255;205;55m[48;2;255;205;55m▀[0m[38;2;255;205;55m[48;2;255;205;55m▀[0m[38;2;255;205;55m[48;2;255;205;55m▀[0m[38;2;255;205;55m[48;2;255;205;55m▀[0m[38;2;255;205;55m[48;2;255;205;55m▀[0m[38;2;255;205;55m[48;2;170;126;36m▀[0m[38;2;119;56;66m[48;2;119;56;66m▀[0m[38;2;255;205;55m[48;2;255;205;55m▀[0m[38;2;170;126;36m[48;2;86;41;52m▀[0m[38;2;86;41;52m[48;2;86;41;52m▀[0m[38;2;86;41;52m[48;2;86;41;52m▀[0m[38;2;86;41;52m[48;2;86;41;52m▀[0m[38;2;86;41;52m[48;2;86;41;52m▀[0m[38;2;15;15;15m[48;2;60;30;38m▀[0m                            
      [38;2;98;74;32m[48;2;98;74;32m▀[0m[38;2;255;205;55m[48;2;255;205;55m▀[0m[38;2;255;205;55m[48;2;255;205;55m▀[0m[38;2;255;205;55m[48;2;255;205;55m▀[0m[38;2;255;205;55m[48;2;255;205;55m▀[0m[38;2;255;205;55m[48;2;255;205;55m▀[0m[38;2;255;205;55m[48;2;255;205;55m▀[0m[38;2;119;56;66m[48;2;255;205;55m▀[0m[38;2;255;205;55m[48;2;255;205;55m▀[0m[38;2;170;126;36m[48;2;86;41;52m▀[0m[38;2;86;41;52m[48;2;86;41;52m▀[0m[38;2;86;41;52m[48;2;86;41;52m▀[0m[38;2;86;41;52m[48;2;86;41;52m▀[0m[38;2;86;41;52m[48;2;86;41;52m▀[0m[38;2;86;41;52m[48;2;86;41;52m▀[0m[38;2;86;41;52m[48;2;60;30;38m▀[0m[38;2;15;15;15m[48;2;60;30;38m▀[0m[38;2;15;15;15m▄[38;2;15;15;15m▄                         
    [38;2;60;30;38m▄[38;2;60;30;38m[48;2;119;56;66m▀[0m[38;2;98;74;32m[48;2;98;74;32m▀[0m[38;2;255;205;55m[48;2;255;205;55m▀[0m[38;2;255;205;55m[48;2;255;205;55m▀[0m[38;2;255;205;55m[48;2;255;205;55m▀[0m[38;2;255;205;55m[48;2;255;205;55m▀[0m[38;2;255;205;55m[48;2;255;205;55m▀[0m[38;2;255;205;55m[48;2;255;205;55m▀[0m[38;2;255;205;55m[48;2;255;205;55m▀[0m[38;2;170;126;36m[48;2;119;56;66m▀[0m[38;2;86;41;52m[48;2;255;205;55m▀[0m[38;2;255;205;55m[48;2;170;126;36m▀[0m[38;2;86;41;52m[48;2;86;41;52m▀[0m[38;2;86;41;52m[48;2;60;30;38m▀[0m[38;2;60;30;38m[48;2;119;56;66m▀[0m[38;2;60;30;38m[48;2;119;56;66m▀[0m[38;2;119;56;66m[48;2;119;56;66m▀[0m[38;2;119;56;66m[48;2;119;56;66m▀[0m[38;2;119;56;66m[48;2;119;56;66m▀[0m[38;2;119;56;66m[48;2;119;56;66m▀[0m[38;2;15;15;15m[48;2;119;56;66m▀[0m[38;2;15;15;15m[48;2;119;56;66m▀[0m[38;2;15;15;15m[48;2;119;56;66m▀[0m[38;2;15;15;15m▄[38;2;15;15;15m▄                    
  [38;2;60;30;38m▄[38;2;60;30;38m[48;2;119;56;66m▀[0m[38;2;119;56;66m[48;2;119;56;66m▀[0m[38;2;98;74;32m[48;2;98;74;32m▀[0m[38;2;255;205;55m[48;2;255;205;55m▀[0m[38;2;255;205;55m[48;2;255;205;55m▀[0m[38;2;255;205;55m[48;2;255;205;55m▀[0m[38;2;255;205;55m[48;2;255;205;55m▀[0m[38;2;255;205;55m[48;2;255;205;55m▀[0m[38;2;255;205;55m[48;2;255;205;55m▀[0m[38;2;255;205;55m[48;2;255;205;55m▀[0m[38;2;170;126;36m[48;2;119;56;66m▀[0m[38;2;119;56;66m[48;2;255;205;55m▀[0m[38;2;255;205;55m[48;2;170;126;36m▀[0m[38;2;86;41;52m[48;2;86;41;52m▀[0m[38;2;60;30;38m[48;2;60;30;38m▀[0m[38;2;119;56;66m[48;2;119;56;66m▀[0m[38;2;119;56;66m[48;2;119;56;66m▀[0m[38;2;119;56;66m[48;2;119;56;66m▀[0m[38;2;119;56;66m[48;2;119;56;66m▀[0m[38;2;119;56;66m[48;2;119;56;66m▀[0m[38;2;119;56;66m[48;2;119;56;66m▀[0m[38;2;119;56;66m[48;2;119;56;66m▀[0m[38;2;119;56;66m[48;2;119;56;66m▀[0m[38;2;119;56;66m[48;2;119;56;66m▀[0m[38;2;119;56;66m[48;2;119;56;66m▀[0m[38;2;119;56;66m[48;2;119;56;66m▀[0m[38;2;119;56;66m[48;2;119;56;66m▀[0m[38;2;15;15;15m[48;2;119;56;66m▀[0m[38;2;15;15;15m▄                  
 [38;2;60;30;38m▄[38;2;60;30;38m[48;2;119;56;66m▀[0m[38;2;119;56;66m[48;2;119;56;66m▀[0m[38;2;119;56;66m[48;2;98;74;32m▀[0m[38;2;98;74;32m[48;2;255;205;55m▀[0m[38;2;255;205;55m[48;2;255;205;55m▀[0m[38;2;255;205;55m[48;2;255;205;55m▀[0m[38;2;255;205;55m[48;2;255;205;55m▀[0m[38;2;255;205;55m[48;2;255;205;55m▀[0m[38;2;255;205;55m[48;2;255;205;55m▀[0m[38;2;255;205;55m[48;2;255;205;55m▀[0m[38;2;255;205;55m[48;2;255;205;55m▀[0m[38;2;255;205;55m[48;2;255;205;55m▀[0m[38;2;255;205;55m[48;2;170;126;36m▀[0m[38;2;119;56;66m[48;2;119;56;66m▀[0m[38;2;60;30;38m[48;2;60;30;38m▀[0m[38;2;119;56;66m[48;2;119;56;66m▀[0m[38;2;119;56;66m[48;2;119;56;66m▀[0m[38;2;119;56;66m[48;2;119;56;66m▀[0m[38;2;119;56;66m[48;2;119;56;66m▀[0m[38;2;119;56;66m[48;2;119;56;66m▀[0m[38;2;119;56;66m[48;2;119;56;66m▀[0m[38;2;119;56;66m[48;2;119;56;66m▀[0m[38;2;119;56;66m[48;2;119;56;66m▀[0m[38;2;119;56;66m[48;2;119;56;66m▀[0m[38;2;119;56;66m[48;2;119;56;66m▀[0m[38;2;119;56;66m[48;2;119;56;66m▀[0m[38;2;119;56;66m[48;2;119;56;66m▀[0m[38;2;119;56;66m[48;2;170;126;36m▀[0m[38;2;119;56;66m[48;2;255;205;55m▀[0m[38;2;119;56;66m[48;2;255;205;55m▀[0m[38;2;15;15;15m[48;2;170;126;36m▀[0m[38;2;98;74;32m▄                
 [38;2;60;30;38m[48;2;60;30;38m▀[0m[38;2;119;56;66m[48;2;119;56;66m▀[0m[38;2;119;56;66m[48;2;86;41;52m▀[0m[38;2;98;74;32m[48;2;98;74;32m▀[0m[38;2;255;205;55m[48;2;255;205;55m▀[0m[38;2;255;205;55m[48;2;255;205;55m▀[0m[38;2;255;205;55m[48;2;255;205;55m▀[0m[38;2;255;205;55m[48;2;255;205;55m▀[0m[38;2;255;205;55m[48;2;255;205;55m▀[0m[38;2;255;205;55m[48;2;255;205;55m▀[0m[38;2;255;205;55m[48;2;255;205;55m▀[0m[38;2;255;205;55m[48;2;255;205;55m▀[0m[38;2;255;205;55m[48;2;170;126;36m▀[0m[38;2;119;56;66m[48;2;119;56;66m▀[0m[38;2;86;41;52m[48;2;86;41;52m▀[0m[38;2;119;56;66m[48;2;119;56;66m▀[0m[38;2;119;56;66m[48;2;119;56;66m▀[0m[38;2;119;56;66m[48;2;119;56;66m▀[0m[38;2;119;56;66m[48;2;119;56;66m▀[0m[38;2;119;56;66m[48;2;119;56;66m▀[0m[38;2;119;56;66m[48;2;119;56;66m▀[0m[38;2;119;56;66m[48;2;119;56;66m▀[0m[38;2;119;56;66m[48;2;119;56;66m▀[0m[38;2;119;56;66m[48;2;119;56;66m▀[0m[38;2;119;56;66m[48;2;170;126;36m▀[0m[38;2;119;56;66m[48;2;255;205;55m▀[0m[38;2;170;126;36m[48;2;255;205;55m▀[0m[38;2;255;205;55m[48;2;255;205;55m▀[0m[38;2;255;205;55m[48;2;255;205;55m▀[0m[38;2;255;205;55m[48;2;255;205;55m▀[0m[38;2;255;205;55m[48;2;255;205;55m▀[0m[38;2;255;205;55m[48;2;255;205;55m▀[0m[38;2;98;74;32m[48;2;255;205;55m▀[0m[38;2;98;74;32m▄               
 [38;2;60;30;38m[48;2;60;30;38m▀[0m[38;2;119;56;66m[48;2;86;41;52m▀[0m[38;2;98;74;32m[48;2;98;74;32m▀[0m[38;2;255;205;55m[48;2;255;205;55m▀[0m[38;2;255;205;55m[48;2;255;205;55m▀[0m[38;2;255;205;55m[48;2;255;205;55m▀[0m[38;2;255;205;55m[48;2;255;205;55m▀[0m[38;2;255;205;55m[48;2;255;205;55m▀[0m[38;2;255;205;55m[48;2;255;205;55m▀[0m[38;2;255;205;55m[48;2;255;205;55m▀[0m[38;2;255;205;55m[48;2;255;205;55m▀[0m[38;2;255;205;55m[48;2;170;126;36m▀[0m[38;2;119;56;66m[48;2;119;56;66m▀[0m[38;2;119;56;66m[48;2;119;56;66m▀[0m[38;2;86;41;52m[48;2;86;41;52m▀[0m[38;2;119;56;66m[48;2;119;56;66m▀[0m[38;2;119;56;66m[48;2;119;56;66m▀[0m[38;2;119;56;66m[48;2;119;56;66m▀[0m[38;2;119;56;66m[48;2;119;56;66m▀[0m[38;2;119;56;66m[48;2;119;56;66m▀[0m[38;2;119;56;66m[48;2;119;56;66m▀[0m[38;2;119;56;66m[48;2;170;126;36m▀[0m[38;2;170;126;36m[48;2;255;205;55m▀[0m[38;2;255;205;55m[48;2;255;205;55m▀[0m[38;2;255;205;55m[48;2;255;205;55m▀[0m[38;2;255;205;55m[48;2;255;205;55m▀[0m[38;2;255;205;55m[48;2;255;205;55m▀[0m[38;2;255;205;55m[48;2;255;205;55m▀[0m[38;2;255;205;55m[48;2;255;205;55m▀[0m[38;2;255;205;55m[48;2;255;205;55m▀[0m[38;2;255;205;55m[48;2;255;205;55m▀[0m[38;2;255;205;55m[48;2;255;205;55m▀[0m[38;2;255;205;55m[48;2;255;205;55m▀[0m[38;2;255;205;55m[48;2;255;205;55m▀[0m[38;2;98;74;32m[48;2;98;74;32m▀[0m              
 [38;2;60;30;38m[48;2;60;30;38m▀[0m[38;2;86;41;52m[48;2;86;41;52m▀[0m[38;2;98;74;32m[48;2;98;74;32m▀[0m[38;2;255;205;55m[48;2;170;126;36m▀[0m[38;2;255;205;55m[48;2;255;205;55m▀[0m[38;2;255;205;55m[48;2;255;205;55m▀[0m[38;2;255;205;55m[48;2;255;205;55m▀[0m[38;2;255;205;55m[48;2;255;205;55m▀[0m[38;2;255;205;55m[48;2;255;205;55m▀[0m[38;2;255;205;55m[48;2;255;205;55m▀[0m[38;2;255;205;55m[48;2;170;126;36m▀[0m[38;2;119;56;66m[48;2;86;41;52m▀[0m[38;2;119;56;66m[48;2;86;41;52m▀[0m[38;2;86;41;52m[48;2;86;41;52m▀[0m[38;2;86;41;52m[48;2;86;41;52m▀[0m[38;2;60;30;38m[48;2;60;30;38m▀[0m[38;2;119;56;66m[48;2;119;56;66m▀[0m[38;2;119;56;66m[48;2;119;56;66m▀[0m[38;2;119;56;66m[48;2;119;56;66m▀[0m[38;2;119;56;66m[48;2;119;56;66m▀[0m[38;2;170;126;36m[48;2;255;205;55m▀[0m[38;2;255;205;55m[48;2;255;205;55m▀[0m[38;2;255;205;55m[48;2;255;205;55m▀[0m[38;2;255;205;55m[48;2;255;205;55m▀[0m[38;2;255;205;55m[48;2;255;205;55m▀[0m[38;2;255;205;55m[48;2;255;205;55m▀[0m[38;2;255;205;55m[48;2;255;205;55m▀[0m[38;2;255;205;55m[48;2;255;205;55m▀[0m[38;2;255;205;55m[48;2;255;205;55m▀[0m[38;2;255;205;55m[48;2;255;205;55m▀[0m[38;2;255;205;55m[48;2;255;205;55m▀[0m[38;2;255;205;55m[48;2;255;205;55m▀[0m[38;2;255;205;55m[48;2;255;205;55m▀[0m[38;2;255;205;55m[48;2;170;126;36m▀[0m[38;2;170;126;36m[48;2;170;126;36m▀[0m[38;2;98;74;32m[48;2;170;126;36m▀[0m[38;2;15;15;15m▄   [38;2;60;30;38m▄ [38;2;60;30;38m▄      
  [38;2;60;30;38m[48;2;60;30;38m▀[0m[38;2;98;74;32m[48;2;98;74;32m▀[0m[38;2;170;126;36m[48;2;170;126;36m▀[0m[38;2;170;126;36m[48;2;170;126;36m▀[0m[38;2;170;126;36m[48;2;170;126;36m▀[0m[38;2;255;205;55m[48;2;170;126;36m▀[0m[38;2;255;205;55m[48;2;170;126;36m▀[0m[38;2;255;205;55m[48;2;170;126;36m▀[0m[38;2;255;205;55m[48;2;170;126;36m▀[0m[38;2;86;41;52m[48;2;86;41;52m▀[0m[38;2;86;41;52m[48;2;86;41;52m▀[0m[38;2;86;41;52m[48;2;86;41;52m▀[0m[38;2;86;41;52m[48;2;86;41;52m▀[0m[38;2;86;41;52m[48;2;60;30;38m▀[0m[38;2;60;30;38m[48;2;90;91;92m▀[0m[38;2;86;41;52m[48;2;15;15;15m▀[0m[38;2;119;56;66m[48;2;86;41;52m▀[0m[38;2;119;56;66m[48;2;119;56;66m▀[0m[38;2;170;126;36m[48;2;255;205;55m▀[0m[38;2;255;205;55m[48;2;255;205;55m▀[0m[38;2;255;205;55m[48;2;255;205;55m▀[0m[38;2;255;205;55m[48;2;255;205;55m▀[0m[38;2;255;205;55m[48;2;255;205;55m▀[0m[38;2;255;205;55m[48;2;255;205;55m▀[0m[38;2;255;205;55m[48;2;255;205;55m▀[0m[38;2;255;205;55m[48;2;255;205;55m▀[0m[38;2;255;205;55m[48;2;255;205;55m▀[0m[38;2;255;205;55m[48;2;255;205;55m▀[0m[38;2;255;205;55m[48;2;255;205;55m▀[0m[38;2;255;205;55m[48;2;255;205;55m▀[0m[38;2;255;205;55m[48;2;170;126;36m▀[0m[38;2;170;126;36m[48;2;255;205;55m▀[0m[38;2;170;126;36m[48;2;170;126;36m▀[0m[38;2;170;126;36m[48;2;170;126;36m▀[0m[38;2;170;126;36m[48;2;170;126;36m▀[0m[38;2;170;126;36m[48;2;170;126;36m▀[0m[38;2;15;15;15m[48;2;170;126;36m▀[0m[38;2;60;30;38m[48;2;98;74;32m▀[0m[38;2;60;30;38m[48;2;86;41;52m▀[0m[38;2;86;41;52m[48;2;86;41;52m▀[0m[38;2;60;30;38m[48;2;60;30;38m▀[0m[38;2;86;41;52m[48;2;86;41;52m▀[0m[38;2;60;30;38m[48;2;86;41;52m▀[0m[38;2;60;30;38m▄[38;2;60;30;38m▄   
   [38;2;60;30;38m[48;2;60;30;38m▀[0m[38;2;170;126;36m[48;2;86;41;52m▀[0m[38;2;170;126;36m[48;2;170;126;36m▀[0m[38;2;170;126;36m[48;2;170;126;36m▀[0m[38;2;170;126;36m[48;2;170;126;36m▀[0m[38;2;170;126;36m[48;2;170;126;36m▀[0m[38;2;170;126;36m[48;2;86;41;52m▀[0m[38;2;86;41;52m[48;2;86;41;52m▀[0m[38;2;86;41;52m[48;2;86;41;52m▀[0m[38;2;86;41;52m[48;2;86;41;52m▀[0m[38;2;86;41;52m[48;2;86;41;52m▀[0m[38;2;86;41;52m[48;2;60;30;38m▀[0m[38;2;60;30;38m[48;2;90;91;92m▀[0m[38;2;90;91;92m[48;2;90;91;92m▀[0m[38;2;15;15;15m[48;2;90;91;92m▀[0m[38;2;86;41;52m[48;2;15;15;15m▀[0m[38;2;170;126;36m[48;2;170;126;36m▀[0m[38;2;255;205;55m[48;2;170;126;36m▀[0m[38;2;255;205;55m[48;2;170;126;36m▀[0m[38;2;255;205;55m[48;2;255;205;55m▀[0m[38;2;255;205;55m[48;2;255;205;55m▀[0m[38;2;255;205;55m[48;2;255;205;55m▀[0m[38;2;255;205;55m[48;2;255;205;55m▀[0m[38;2;255;205;55m[48;2;255;205;55m▀[0m[38;2;255;205;55m[48;2;170;126;36m▀[0m[38;2;255;205;55m[48;2;170;126;36m▀[0m[38;2;255;205;55m[48;2;170;126;36m▀[0m[38;2;170;126;36m[48;2;170;126;36m▀[0m[38;2;170;126;36m[48;2;255;205;55m▀[0m[38;2;255;205;55m[48;2;170;126;36m▀[0m[38;2;170;126;36m[48;2;255;205;55m▀[0m[38;2;255;205;55m[48;2;170;126;36m▀[0m[38;2;170;126;36m[48;2;170;126;36m▀[0m[38;2;98;74;32m[48;2;170;126;36m▀[0m[38;2;86;41;52m[48;2;170;126;36m▀[0m[38;2;86;41;52m[48;2;98;74;32m▀[0m[38;2;86;41;52m[48;2;86;41;52m▀[0m[38;2;86;41;52m[48;2;86;41;52m▀[0m[38;2;86;41;52m[48;2;86;41;52m▀[0m[38;2;86;41;52m[48;2;86;41;52m▀[0m[38;2;86;41;52m[48;2;86;41;52m▀[0m[38;2;60;30;38m[48;2;86;41;52m▀[0m[38;2;86;41;52m[48;2;86;41;52m▀[0m[38;2;86;41;52m[48;2;86;41;52m▀[0m[38;2;60;30;38m[48;2;86;41;52m▀[0m[38;2;15;15;15m[48;2;86;41;52m▀[0m[38;2;15;15;15m▄
    [38;2;15;15;15m▀[38;2;86;41;52m[48;2;15;15;15m▀[0m[38;2;170;126;36m[48;2;86;41;52m▀[0m[38;2;170;126;36m[48;2;86;41;52m▀[0m[38;2;86;41;52m[48;2;86;41;52m▀[0m[38;2;86;41;52m[48;2;86;41;52m▀[0m[38;2;86;41;52m[48;2;86;41;52m▀[0m[38;2;86;41;52m[48;2;86;41;52m▀[0m[38;2;86;41;52m[48;2;86;41;52m▀[0m[38;2;86;41;52m[48;2;60;30;38m▀[0m[38;2;60;30;38m[48;2;90;91;92m▀[0m[38;2;90;91;92m[48;2;90;91;92m▀[0m[38;2;90;91;92m[48;2;90;91;92m▀[0m[38;2;90;91;92m[48;2;90;91;92m▀[0m[38;2;90;91;92m[48;2;90;91;92m▀[0m[38;2;15;15;15m[48;2;90;91;92m▀[0m[38;2;170;126;36m[48;2;15;15;15m▀[0m[38;2;170;126;36m[48;2;170;126;36m▀[0m[38;2;170;126;36m[48;2;170;126;36m▀[0m[38;2;170;126;36m[48;2;170;126;36m▀[0m[38;2;170;126;36m[48;2;170;126;36m▀[0m[38;2;170;126;36m[48;2;170;126;36m▀[0m[38;2;170;126;36m[48;2;170;126;36m▀[0m[38;2;170;126;36m[48;2;170;126;36m▀[0m[38;2;170;126;36m[48;2;170;126;36m▀[0m[38;2;170;126;36m[48;2;170;126;36m▀[0m[38;2;170;126;36m[48;2;170;126;36m▀[0m[38;2;170;126;36m[48;2;170;126;36m▀[0m[38;2;170;126;36m[48;2;170;126;36m▀[0m[38;2;170;126;36m[48;2;170;126;36m▀[0m[38;2;170;126;36m[48;2;170;126;36m▀[0m[38;2;170;126;36m[48;2;170;126;36m▀[0m[38;2;170;126;36m[48;2;170;126;36m▀[0m[38;2;170;126;36m[48;2;170;126;36m▀[0m[38;2;170;126;36m[48;2;98;74;32m▀[0m[38;2;170;126;36m[48;2;15;15;15m▀[0m[38;2;98;74;32m[48;2;15;15;15m▀[0m[38;2;86;41;52m[48;2;15;15;15m▀[0m[38;2;86;41;52m[48;2;15;15;15m▀[0m[38;2;60;30;38m▀[38;2;15;15;15m▀[38;2;15;15;15m▀[38;2;15;15;15m▀[38;2;15;15;15m▀[38;2;15;15;15m▀ 
      [38;2;15;15;15m▀[38;2;86;41;52m[48;2;15;15;15m▀[0m[38;2;86;41;52m[48;2;60;30;38m▀[0m[38;2;86;41;52m[48;2;86;41;52m▀[0m[38;2;86;41;52m[48;2;86;41;52m▀[0m[38;2;86;41;52m[48;2;60;30;38m▀[0m[38;2;60;30;38m[48;2;90;91;92m▀[0m[38;2;90;91;92m[48;2;90;91;92m▀[0m[38;2;90;91;92m[48;2;90;91;92m▀[0m[38;2;90;91;92m[48;2;90;91;92m▀[0m[38;2;90;91;92m[48;2;90;91;92m▀[0m[38;2;90;91;92m[48;2;90;91;92m▀[0m[38;2;90;91;92m[48;2;90;91;92m▀[0m[38;2;90;91;92m[48;2;90;91;92m▀[0m[38;2;90;91;92m[48;2;90;91;92m▀[0m[38;2;15;15;15m[48;2;90;91;92m▀[0m[38;2;98;74;32m[48;2;90;91;92m▀[0m[38;2;170;126;36m[48;2;15;15;15m▀[0m[38;2;170;126;36m[48;2;15;15;15m▀[0m[38;2;170;126;36m[48;2;98;74;32m▀[0m[38;2;170;126;36m[48;2;170;126;36m▀[0m[38;2;170;126;36m[48;2;170;126;36m▀[0m[38;2;170;126;36m[48;2;170;126;36m▀[0m[38;2;170;126;36m[48;2;170;126;36m▀[0m[38;2;170;126;36m[48;2;170;126;36m▀[0m[38;2;170;126;36m[48;2;170;126;36m▀[0m[38;2;170;126;36m[48;2;170;126;36m▀[0m[38;2;170;126;36m[48;2;98;74;32m▀[0m[38;2;170;126;36m[48;2;15;15;15m▀[0m[38;2;170;126;36m[48;2;15;15;15m▀[0m[38;2;15;15;15m[48;2;60;30;38m▀[0m[38;2;15;15;15m[48;2;60;30;38m▀[0m[38;2;60;30;38m▄           
         [38;2;15;15;15m▀[38;2;15;15;15m▀[38;2;90;91;92m[48;2;15;15;15m▀[0m[38;2;90;91;92m[48;2;60;30;38m▀[0m[38;2;90;91;92m[48;2;90;91;92m▀[0m[38;2;90;91;92m[48;2;90;91;92m▀[0m[38;2;86;41;52m[48;2;90;91;92m▀[0m[38;2;90;91;92m[48;2;86;41;52m▀[0m[38;2;90;91;92m[48;2;86;41;52m▀[0m[38;2;90;91;92m[48;2;90;91;92m▀[0m[38;2;90;91;92m[48;2;90;91;92m▀[0m[38;2;90;91;92m[48;2;90;91;92m▀[0m[38;2;90;91;92m[48;2;90;91;92m▀[0m[38;2;90;91;92m[48;2;90;91;92m▀[0m[38;2;90;91;92m[48;2;90;91;92m▀[0m[38;2;90;91;92m[48;2;90;91;92m▀[0m[38;2;86;41;52m[48;2;90;91;92m▀[0m[38;2;15;15;15m[48;2;90;91;92m▀[0m[38;2;15;15;15m[48;2;60;30;38m▀[0m[38;2;15;15;15m▀[38;2;15;15;15m▀[38;2;15;15;15m[48;2;60;30;38m▀[0m[38;2;15;15;15m[48;2;60;30;38m▀[0m[38;2;15;15;15m[48;2;60;30;38m▀[0m[38;2;86;41;52m[48;2;60;30;38m▀[0m[38;2;86;41;52m[48;2;60;30;38m▀[0m[38;2;86;41;52m[48;2;86;41;52m▀[0m[38;2;86;41;52m[48;2;86;41;52m▀[0m[38;2;86;41;52m[48;2;86;41;52m▀[0m[38;2;86;41;52m[48;2;86;41;52m▀[0m[38;2;60;30;38m[48;2;86;41;52m▀[0m[38;2;60;30;38m[48;2;86;41;52m▀[0m[38;2;60;30;38m[48;2;86;41;52m▀[0m[38;2;60;30;38m▄[38;2;60;30;38m▄[38;2;60;30;38m▄     
             [38;2;15;15;15m[48;2;120;51;38m▀[0m[38;2;90;91;92m[48;2;60;30;38m▀[0m[38;2;90;91;92m[48;2;60;30;38m▀[0m[38;2;90;91;92m[48;2;60;30;38m▀[0m[38;2;86;41;52m[48;2;60;30;38m▀[0m[38;2;15;15;15m▀[38;2;60;30;38m▀[38;2;90;91;92m[48;2;60;30;38m▀[0m[38;2;90;91;92m[48;2;90;91;92m▀[0m[38;2;90;91;92m[48;2;90;91;92m▀[0m[38;2;90;91;92m[48;2;90;91;92m▀[0m[38;2;90;91;92m[48;2;15;15;15m▀[0m[38;2;15;15;15m[48;2;120;51;38m▀[0m[38;2;60;30;38m▀        [38;2;60;30;38m▀[38;2;60;30;38m▀[38;2;60;30;38m▀[38;2;60;30;38m▀[38;2;60;30;38m▀[38;2;86;41;52m[48;2;60;30;38m▀[0m[38;2;86;41;52m[48;2;60;30;38m▀[0m[38;2;86;41;52m[48;2;60;30;38m▀[0m[38;2;86;41;52m[48;2;60;30;38m▀[0m[38;2;86;41;52m[48;2;60;30;38m▀[0m[38;2;60;30;38m[48;2;60;30;38m▀[0m    
        [38;2;120;51;38m▄[38;2;120;51;38m▄[38;2;120;51;38m[48;2;186;95;67m▀[0m[38;2;120;51;38m[48;2;245;146;59m▀[0m[38;2;120;51;38m[48;2;245;146;59m▀[0m[38;2;186;95;67m[48;2;186;95;67m▀[0m[38;2;186;95;67m[48;2;245;146;59m▀[0m[38;2;186;95;67m[48;2;186;95;67m▀[0m[38;2;186;95;67m[48;2;186;95;67m▀[0m[38;2;186;95;67m[48;2;15;15;15m▀[0m[38;2;120;51;38m[48;2;15;15;15m▀[0m[38;2;120;51;38m▄[38;2;15;15;15m[48;2;186;95;67m▀[0m[38;2;15;15;15m[48;2;186;95;67m▀[0m[38;2;15;15;15m[48;2;186;95;67m▀[0m[38;2;15;15;15m[48;2;186;95;67m▀[0m[38;2;186;95;67m[48;2;186;95;67m▀[0m[38;2;186;95;67m[48;2;186;95;67m▀[0m[38;2;120;51;38m[48;2;120;51;38m▀[0m                       
       [38;2;120;51;38m[48;2;120;51;38m▀[0m[38;2;186;95;67m[48;2;15;15;15m▀[0m[38;2;15;15;15m[48;2;245;146;59m▀[0m[38;2;245;146;59m[48;2;245;146;59m▀[0m[38;2;245;146;59m[48;2;120;51;38m▀[0m[38;2;120;51;38m[48;2;245;146;59m▀[0m[38;2;245;146;59m[48;2;245;146;59m▀[0m[38;2;245;146;59m[48;2;120;51;38m▀[0m[38;2;186;95;67m[48;2;15;15;15m▀[0m[38;2;15;15;15m[48;2;245;146;59m▀[0m[38;2;186;95;67m[48;2;245;146;59m▀[0m[38;2;186;95;67m[48;2;120;51;38m▀[0m[38;2;186;95;67m[48;2;245;146;59m▀[0m[38;2;245;146;59m[48;2;245;146;59m▀[0m[38;2;186;95;67m[48;2;120;51;38m▀[0m[38;2;186;95;67m[48;2;245;146;59m▀[0m[38;2;245;146;59m[48;2;245;146;59m▀[0m[38;2;186;95;67m[48;2;15;15;15m▀[0m[38;2;15;15;15m▀                        
        [38;2;15;15;15m▀[38;2;245;146;59m[48;2;15;15;15m▀[0m[38;2;120;51;38m▀[38;2;15;15;15m▀[38;2;245;146;59m[48;2;15;15;15m▀[0m[38;2;120;51;38m▀ [38;2;15;15;15m[48;2;15;15;15m▀[0m[38;2;245;146;59m[48;2;15;15;15m▀[0m[38;2;15;15;15m▀[38;2;120;51;38m[48;2;15;15;15m▀[0m[38;2;245;146;59m[48;2;245;146;59m▀[0m[38;2;186;95;67m[48;2;15;15;15m▀[0m[38;2;120;51;38m[48;2;15;15;15m▀[0m[38;2;245;146;59m[48;2;245;146;59m▀[0m[38;2;120;51;38m[48;2;15;15;15m▀[0m                          
                  [38;2;15;15;15m▀[38;2;15;15;15m▀  [38;2;15;15;15m▀                           
[0m