               [38;2;79;79;13m▄[38;2;8;8;8m▄   [38;2;79;79;13m▄[38;2;79;79;13m▄[38;2;79;79;13m[48;2;163;157;36m▀[0m[38;2;79;79;13m[48;2;163;157;36m▀[0m[38;2;79;79;13m[48;2;163;157;36m▀[0m[38;2;79;79;13m[48;2;163;157;36m▀[0m[38;2;79;79;13m▄[38;2;79;79;13m▄      [38;2;79;79;13m▄[38;2;79;79;13m▄[38;2;79;79;13m▄[38;2;79;79;13m▄[38;2;79;79;13m▄            
              [38;2;79;79;13m[48;2;79;79;13m▀[0m[38;2;163;157;36m[48;2;233;234;237m▀[0m[38;2;8;8;8m[48;2;8;8;8m▀[0m  [38;2;79;79;13m[48;2;79;79;13m▀[0m[38;2;163;157;36m[48;2;163;157;36m▀[0m[38;2;163;157;36m[48;2;163;157;36m▀[0m[38;2;163;157;36m[48;2;120;115;32m▀[0m[38;2;163;157;36m[48;2;8;8;8m▀[0m[38;2;8;8;8m[48;2;163;157;36m▀[0m[38;2;8;8;8m[48;2;8;8;8m▀[0m[38;2;163;157;36m[48;2;163;157;36m▀[0m[38;2;163;157;36m[48;2;163;157;36m▀[0m[38;2;79;79;13m[48;2;79;79;13m▀[0m   [38;2;79;79;13m▄[38;2;79;79;13m[48;2;199;187;54m▀[0m[38;2;199;187;54m[48;2;120;115;32m▀[0m[38;2;199;187;54m[48;2;163;157;36m▀[0m[38;2;163;157;36m[48;2;163;157;36m▀[0m[38;2;163;157;36m[48;2;163;157;36m▀[0m[38;2;163;157;36m[48;2;163;157;36m▀[0m[38;2;79;79;13m[48;2;163;157;36m▀[0m[38;2;79;79;13m[48;2;163;157;36m▀[0m[38;2;79;79;13m▄         
             [38;2;79;79;13m▄[38;2;79;79;13m[48;2;233;234;237m▀[0m[38;2;163;157;36m[48;2;169;174;180m▀[0m[38;2;8;8;8m[48;2;8;8;8m▀[0m [38;2;79;79;13m[48;2;79;79;13m▀[0m[38;2;163;157;36m[48;2;163;157;36m▀[0m[38;2;163;157;36m[48;2;120;115;32m▀[0m[38;2;120;115;32m[48;2;163;157;36m▀[0m[38;2;8;8;8m[48;2;8;8;8m▀[0m[38;2;163;157;36m[48;2;233;234;237m▀[0m[38;2;8;8;8m[48;2;8;8;8m▀[0m[38;2;163;157;36m[48;2;163;157;36m▀[0m[38;2;120;115;32m[48;2;163;157;36m▀[0m[38;2;163;157;36m[48;2;120;115;32m▀[0m[38;2;163;157;36m[48;2;163;157;36m▀[0m[38;2;79;79;13m[48;2;79;79;13m▀[0m [38;2;79;79;13m▄[38;2;79;79;13m[48;2;163;157;36m▀[0m[38;2;199;187;54m[48;2;120;115;32m▀[0m[38;2;120;115;32m[48;2;163;157;36m▀[0m[38;2;163;157;36m[48;2;169;174;180m▀[0m[38;2;169;174;180m[48;2;233;234;237m▀[0m[38;2;233;234;237m[48;2;163;157;36m▀[0m[38;2;233;234;237m[48;2;163;157;36m▀[0m[38;2;169;174;180m[48;2;233;234;237m▀[0m[38;2;163;157;36m[48;2;169;174;180m▀[0m[38;2;163;157;36m[48;2;163;157;36m▀[0m[38;2;79;79;13m[48;2;79;79;13m▀[0m        
             [38;2;79;79;13m[48;2;79;79;13m▀[0m[38;2;163;157;36m[48;2;163;157;36m▀[0m[38;2;8;8;8m[48;2;8;8;8m▀[0m  [38;2;79;79;13m[48;2;79;79;13m▀[0m[38;2;163;157;36m[48;2;163;157;36m▀[0m[38;2;120;115;32m[48;2;8;8;8m▀[0m[38;2;8;8;8m[48;2;233;234;237m▀[0m[38;2;163;157;36m[48;2;169;174;180m▀[0m[38;2;8;8;8m[48;2;8;8;8m▀[0m[38;2;163;157;36m[48;2;163;157;36m▀[0m[38;2;163;157;36m[48;2;163;157;36m▀[0m[38;2;163;157;36m[48;2;163;157;36m▀[0m[38;2;120;115;32m[48;2;120;115;32m▀[0m[38;2;163;157;36m[48;2;163;157;36m▀[0m[38;2;79;79;13m[48;2;79;79;13m▀[0m [38;2;79;79;13m[48;2;79;79;13m▀[0m[38;2;163;157;36m[48;2;163;157;36m▀[0m[38;2;120;115;32m[48;2;120;115;32m▀[0m[38;2;163;157;36m[48;2;163;157;36m▀[0m[38;2;233;234;237m[48;2;233;234;237m▀[0m[38;2;163;157;36m[48;2;163;157;36m▀[0m[38;2;163;157;36m[48;2;169;174;180m▀[0m[38;2;233;234;237m[48;2;169;174;180m▀[0m[38;2;163;157;36m[48;2;163;157;36m▀[0m[38;2;233;234;237m[48;2;233;234;237m▀[0m[38;2;163;157;36m[48;2;163;157;36m▀[0m[38;2;79;79;13m[48;2;79;79;13m▀[0m        
            [38;2;79;79;13m[48;2;79;79;13m▀[0m[38;2;163;157;36m[48;2;163;157;36m▀[0m[38;2;163;157;36m[48;2;163;157;36m▀[0m[38;2;8;8;8m[48;2;8;8;8m▀[0m [38;2;120;115;32m▄[38;2;120;115;32m▄[38;2;163;157;36m[48;2;8;8;8m▀[0m[38;2;8;8;8m[48;2;163;157;36m▀[0m[38;2;163;157;36m[48;2;163;157;36m▀[0m[38;2;8;8;8m[48;2;8;8;8m▀[0m[38;2;79;79;13m[48;2;163;157;36m▀[0m[38;2;79;79;13m[48;2;163;157;36m▀[0m[38;2;163;157;36m[48;2;8;8;8m▀[0m[38;2;120;115;32m[48;2;8;8;8m▀[0m[38;2;163;157;36m[48;2;163;157;36m▀[0m[38;2;79;79;13m[48;2;79;79;13m▀[0m  [38;2;79;79;13m[48;2;79;79;13m▀[0m[38;2;163;157;36m[48;2;163;157;36m▀[0m[38;2;120;115;32m[48;2;120;115;32m▀[0m[38;2;163;157;36m[48;2;163;157;36m▀[0m[38;2;233;234;237m[48;2;169;174;180m▀[0m[38;2;163;157;36m[48;2;233;234;237m▀[0m[38;2;233;234;237m[48;2;163;157;36m▀[0m[38;2;163;157;36m[48;2;163;157;36m▀[0m[38;2;163;157;36m[48;2;233;234;237m▀[0m[38;2;233;234;237m[48;2;169;174;180m▀[0m[38;2;163;157;36m[48;2;163;157;36m▀[0m[38;2;79;79;13m[48;2;79;79;13m▀[0m        
           [38;2;79;79;13m▄[38;2;79;79;13m[48;2;163;157;36m▀[0m[38;2;163;157;36m[48;2;163;157;36m▀[0m[38;2;8;8;8m[48;2;8;8;8m▀[0m[38;2;79;79;13m▄[38;2;120;115;32m[48;2;199;187;54m▀[0m[38;2;199;187;54m[48;2;199;187;54m▀[0m[38;2;8;8;8m[48;2;8;8;8m▀[0m[38;2;163;157;36m[48;2;163;157;36m▀[0m[38;2;163;157;36m[48;2;163;157;36m▀[0m[38;2;8;8;8m[48;2;8;8;8m▀[0m[38;2;199;187;54m[48;2;199;187;54m▀[0m[38;2;120;115;32m[48;2;199;187;54m▀[0m[38;2;163;157;36m[48;2;120;115;32m▀[0m[38;2;163;157;36m[48;2;163;157;36m▀[0m[38;2;163;157;36m[48;2;163;157;36m▀[0m[38;2;8;8;8m[48;2;163;157;36m▀[0m[38;2;8;8;8m▄  [38;2;79;79;13m▀[38;2;163;157;36m[48;2;79;79;13m▀[0m[38;2;120;115;32m[48;2;163;157;36m▀[0m[38;2;163;157;36m[48;2;120;115;32m▀[0m[38;2;163;157;36m[48;2;163;157;36m▀[0m[38;2;169;174;180m[48;2;163;157;36m▀[0m[38;2;233;234;237m[48;2;163;157;36m▀[0m[38;2;233;234;237m[48;2;163;157;36m▀[0m[38;2;169;174;180m[48;2;163;157;36m▀[0m[38;2;163;157;36m[48;2;79;79;13m▀[0m[38;2;79;79;13m[48;2;8;8;8m▀[0m         
           [38;2;79;79;13m▀[38;2;163;157;36m[48;2;79;79;13m▀[0m[38;2;163;157;36m[48;2;163;157;36m▀[0m[38;2;163;157;36m[48;2;79;79;13m▀[0m[38;2;79;79;13m[48;2;199;187;54m▀[0m[38;2;199;187;54m[48;2;199;187;54m▀[0m[38;2;79;79;13m[48;2;79;79;13m▀[0m[38;2;163;157;36m[48;2;163;157;36m▀[0m[38;2;163;157;36m[48;2;163;157;36m▀[0m[38;2;8;8;8m[48;2;8;8;8m▀[0m[38;2;199;187;54m[48;2;199;187;54m▀[0m[38;2;199;187;54m[48;2;199;187;54m▀[0m[38;2;199;187;54m[48;2;199;187;54m▀[0m[38;2;120;115;32m[48;2;163;157;36m▀[0m[38;2;163;157;36m[48;2;120;115;32m▀[0m[38;2;163;157;36m[48;2;163;157;36m▀[0m[38;2;163;157;36m[48;2;163;157;36m▀[0m[38;2;8;8;8m[48;2;163;157;36m▀[0m[38;2;132;75;30m[48;2;8;8;8m▀[0m[38;2;132;75;30m[48;2;203;108;39m▀[0m[38;2;132;75;30m[48;2;203;108;39m▀[0m[38;2;79;79;13m[48;2;79;79;13m▀[0m[38;2;163;157;36m[48;2;163;157;36m▀[0m[38;2;120;115;32m[48;2;120;115;32m▀[0m[38;2;163;157;36m[48;2;163;157;36m▀[0m[38;2;163;157;36m[48;2;163;157;36m▀[0m[38;2;163;157;36m[48;2;163;157;36m▀[0m[38;2;163;157;36m[48;2;163;157;36m▀[0m[38;2;79;79;13m[48;2;79;79;13m▀[0m[38;2;120;115;32m[48;2;120;115;32m▀[0m[38;2;8;8;8m[48;2;8;8;8m▀[0m[38;2;132;75;30m▄[38;2;132;75;30m▄[38;2;132;75;30m▄[38;2;132;75;30m▄[38;2;132;75;30m▄    
             [38;2;79;79;13m▀[38;2;79;79;13m[48;2;79;79;13m▀[0m[38;2;199;187;54m[48;2;199;187;54m▀[0m[38;2;199;187;54m[48;2;199;187;54m▀[0m[38;2;199;187;54m[48;2;199;187;54m▀[0m[38;2;79;79;13m[48;2;199;187;54m▀[0m[38;2;163;157;36m[48;2;79;79;13m▀[0m[38;2;79;79;13m[48;2;163;157;36m▀[0m[38;2;199;187;54m[48;2;79;79;13m▀[0m[38;2;199;187;54m[48;2;199;187;54m▀[0m[38;2;163;157;36m[48;2;163;157;36m▀[0m[38;2;163;157;36m[48;2;120;115;32m▀[0m[38;2;120;115;32m[48;2;120;115;32m▀[0m[38;2;120;115;32m[48;2;87;86;82m▀[0m[38;2;163;157;36m[48;2;120;115;32m▀[0m[38;2;163;157;36m[48;2;163;157;36m▀[0m[38;2;8;8;8m[48;2;8;8;8m▀[0m[38;2;203;108;39m[48;2;132;75;30m▀[0m[38;2;132;75;30m▀[38;2;79;79;13m[48;2;79;79;13m▀[0m[38;2;163;157;36m[48;2;163;157;36m▀[0m[38;2;120;115;32m[48;2;120;115;32m▀[0m[38;2;163;157;36m[48;2;163;157;36m▀[0m[38;2;163;157;36m[48;2;163;157;36m▀[0m[38;2;163;157;36m[48;2;163;157;36m▀[0m[38;2;163;157;36m[48;2;163;157;36m▀[0m[38;2;163;157;36m[48;2;163;157;36m▀[0m[38;2;79;79;13m[48;2;79;79;13m▀[0m[38;2;120;115;32m[48;2;120;115;32m▀[0m[38;2;8;8;8m[48;2;8;8;8m▀[0m[38;2;236;142;28m[48;2;236;142;28m▀[0m[38;2;236;142;28m[48;2;236;142;28m▀[0m[38;2;236;142;28m[48;2;236;142;28m▀[0m[38;2;236;142;28m[48;2;132;75;30m▀[0m[38;2;132;75;30m▀   
             [38;2;79;79;13m[48;2;79;79;13m▀[0m[38;2;163;157;36m[48;2;120;115;32m▀[0m[38;2;163;157;36m[48;2;163;157;36m▀[0m[38;2;199;187;54m[48;2;163;157;36m▀[0m[38;2;199;187;54m[48;2;199;187;54m▀[0m[38;2;199;187;54m[48;2;199;187;54m▀[0m[38;2;199;187;54m[48;2;199;187;54m▀[0m[38;2;79;79;13m[48;2;199;187;54m▀[0m[38;2;199;187;54m[48;2;120;115;32m▀[0m[38;2;163;157;36m[48;2;203;108;39m▀[0m[38;2;120;115;32m[48;2;236;142;28m▀[0m[38;2;236;142;28m[48;2;236;142;28m▀[0m[38;2;120;115;32m[48;2;120;115;32m▀[0m[38;2;87;86;82m[48;2;87;86;82m▀[0m[38;2;87;86;82m[48;2;87;86;82m▀[0m[38;2;120;115;32m[48;2;87;86;82m▀[0m[38;2;163;157;36m[48;2;120;115;32m▀[0m[38;2;8;8;8m[48;2;8;8;8m▀[0m [38;2;79;79;13m▀[38;2;163;157;36m[48;2;79;79;13m▀[0m[38;2;120;115;32m[48;2;163;157;36m▀[0m[38;2;163;157;36m[48;2;120;115;32m▀[0m[38;2;163;157;36m[48;2;163;157;36m▀[0m[38;2;163;157;36m[48;2;163;157;36m▀[0m[38;2;163;157;36m[48;2;163;157;36m▀[0m[38;2;163;157;36m[48;2;163;157;36m▀[0m[38;2;79;79;13m[48;2;79;79;13m▀[0m[38;2;120;115;32m[48;2;120;115;32m▀[0m[38;2;8;8;8m[48;2;8;8;8m▀[0m[38;2;236;142;28m[48;2;236;142;28m▀[0m[38;2;236;142;28m[48;2;132;75;30m▀[0m[38;2;132;75;30m▀     
             [38;2;79;79;13m[48;2;79;79;13m▀[0m[38;2;236;142;28m[48;2;236;142;28m▀[0m[38;2;120;115;32m[48;2;236;142;28m▀[0m[38;2;163;157;36m[48;2;120;115;32m▀[0m[38;2;163;157;36m[48;2;163;157;36m▀[0m[38;2;163;157;36m[48;2;163;157;36m▀[0m[38;2;163;157;36m[48;2;120;115;32m▀[0m[38;2;120;115;32m[48;2;236;142;28m▀[0m[38;2;236;142;28m[48;2;236;142;28m▀[0m[38;2;236;142;28m[48;2;236;142;28m▀[0m[38;2;236;142;28m[48;2;236;142;28m▀[0m[38;2;236;142;28m[48;2;203;108;39m▀[0m[38;2;120;115;32m[48;2;120;115;32m▀[0m[38;2;87;86;82m[48;2;87;86;82m▀[0m[38;2;87;86;82m[48;2;87;86;82m▀[0m[38;2;87;86;82m[48;2;87;86;82m▀[0m[38;2;120;115;32m[48;2;59;57;52m▀[0m[38;2;8;8;8m[48;2;120;115;32m▀[0m[38;2;132;75;30m[48;2;8;8;8m▀[0m[38;2;132;75;30m[48;2;203;108;39m▀[0m[38;2;79;79;13m[48;2;79;79;13m▀[0m[38;2;163;157;36m[48;2;163;157;36m▀[0m[38;2;120;115;32m[48;2;120;115;32m▀[0m[38;2;163;157;36m[48;2;163;157;36m▀[0m[38;2;163;157;36m[48;2;163;157;36m▀[0m[38;2;163;157;36m[48;2;163;157;36m▀[0m[38;2;163;157;36m[48;2;163;157;36m▀[0m[38;2;163;157;36m[48;2;163;157;36m▀[0m[38;2;79;79;13m[48;2;79;79;13m▀[0m[38;2;120;115;32m[48;2;120;115;32m▀[0m[38;2;8;8;8m[48;2;8;8;8m▀[0m[38;2;132;75;30m▄[38;2;132;75;30m▄[38;2;132;75;30m▄[38;2;132;75;30m▄[38;2;132;75;30m▄  
              [38;2;79;79;13m[48;2;79;79;13m▀[0m[38;2;120;115;32m[48;2;163;157;36m▀[0m[38;2;163;157;36m[48;2;163;157;36m▀[0m[38;2;163;157;36m[48;2;163;157;36m▀[0m[38;2;163;157;36m[48;2;120;115;32m▀[0m[38;2;163;157;36m[48;2;163;157;36m▀[0m[38;2;120;115;32m[48;2;163;157;36m▀[0m[38;2;120;115;32m[48;2;163;157;36m▀[0m[38;2;120;115;32m[48;2;163;157;36m▀[0m[38;2;120;115;32m[48;2;163;157;36m▀[0m[38;2;120;115;32m[48;2;120;115;32m▀[0m[38;2;87;86;82m[48;2;87;86;82m▀[0m[38;2;87;86;82m[48;2;87;86;82m▀[0m[38;2;87;86;82m[48;2;87;86;82m▀[0m[38;2;59;57;52m[48;2;59;57;52m▀[0m[38;2;87;86;82m[48;2;87;86;82m▀[0m[38;2;120;115;32m[48;2;120;115;32m▀[0m[38;2;8;8;8m[48;2;8;8;8m▀[0m[38;2;203;108;39m[48;2;132;75;30m▀[0m[38;2;79;79;13m[48;2;79;79;13m▀[0m[38;2;163;157;36m[48;2;163;157;36m▀[0m[38;2;120;115;32m[48;2;120;115;32m▀[0m[38;2;163;157;36m[48;2;163;157;36m▀[0m[38;2;163;157;36m[48;2;163;157;36m▀[0m[38;2;163;157;36m[48;2;163;157;36m▀[0m[38;2;163;157;36m[48;2;163;157;36m▀[0m[38;2;163;157;36m[48;2;163;157;36m▀[0m[38;2;79;79;13m[48;2;79;79;13m▀[0m[38;2;120;115;32m[48;2;120;115;32m▀[0m[38;2;8;8;8m[48;2;8;8;8m▀[0m[38;2;236;142;28m[48;2;236;142;28m▀[0m[38;2;236;142;28m[48;2;236;142;28m▀[0m[38;2;236;142;28m[48;2;236;142;28m▀[0m[38;2;236;142;28m[48;2;236;142;28m▀[0m[38;2;236;142;28m[48;2;132;75;30m▀[0m[38;2;132;75;30m▀ 
               [38;2;79;79;13m[48;2;79;79;13m▀[0m[38;2;163;157;36m[48;2;163;157;36m▀[0m[38;2;120;115;32m[48;2;120;115;32m▀[0m[38;2;87;86;82m[48;2;87;86;82m▀[0m[38;2;120;115;32m[48;2;87;86;82m▀[0m[38;2;163;157;36m[48;2;120;115;32m▀[0m[38;2;163;157;36m[48;2;163;157;36m▀[0m[38;2;163;157;36m[48;2;120;115;32m▀[0m[38;2;120;115;32m[48;2;87;86;82m▀[0m[38;2;87;86;82m[48;2;87;86;82m▀[0m[38;2;87;86;82m[48;2;87;86;82m▀[0m[38;2;87;86;82m[48;2;59;57;52m▀[0m[38;2;59;57;52m[48;2;87;86;82m▀[0m[38;2;87;86;82m[48;2;87;86;82m▀[0m[38;2;87;86;82m[48;2;87;86;82m▀[0m[38;2;120;115;32m[48;2;120;115;32m▀[0m[38;2;8;8;8m[48;2;79;79;13m▀[0m[38;2;8;8;8m▄ [38;2;79;79;13m[48;2;79;79;13m▀[0m[38;2;163;157;36m[48;2;163;157;36m▀[0m[38;2;120;115;32m[48;2;120;115;32m▀[0m[38;2;163;157;36m[48;2;163;157;36m▀[0m[38;2;163;157;36m[48;2;163;157;36m▀[0m[38;2;163;157;36m[48;2;163;157;36m▀[0m[38;2;163;157;36m[48;2;163;157;36m▀[0m[38;2;163;157;36m[48;2;163;157;36m▀[0m[38;2;79;79;13m[48;2;79;79;13m▀[0m[38;2;120;115;32m[48;2;120;115;32m▀[0m[38;2;8;8;8m[48;2;8;8;8m▀[0m[38;2;236;142;28m[48;2;236;142;28m▀[0m[38;2;236;142;28m[48;2;132;75;30m▀[0m[38;2;132;75;30m▀   
                [38;2;79;79;13m[48;2;79;79;13m▀[0m[38;2;87;86;82m[48;2;79;79;13m▀[0m[38;2;87;86;82m[48;2;59;57;52m▀[0m[38;2;87;86;82m[48;2;87;86;82m▀[0m[38;2;87;86;82m[48;2;87;86;82m▀[0m[38;2;120;115;32m[48;2;87;86;82m▀[0m[38;2;87;86;82m[48;2;59;57;52m▀[0m[38;2;87;86;82m[48;2;59;57;52m▀[0m[38;2;59;57;52m[48;2;87;86;82m▀[0m[38;2;59;57;52m[48;2;87;86;82m▀[0m[38;2;87;86;82m[48;2;59;57;52m▀[0m[38;2;87;86;82m[48;2;79;79;13m▀[0m[38;2;87;86;82m[48;2;79;79;13m▀[0m[38;2;79;79;13m[48;2;199;187;54m▀[0m[38;2;79;79;13m[48;2;199;187;54m▀[0m[38;2;199;187;54m[48;2;199;187;54m▀[0m[38;2;199;187;54m[48;2;36;36;36m▀[0m[38;2;36;36;36m[48;2;87;86;82m▀[0m[38;2;36;36;36m[48;2;87;86;82m▀[0m[38;2;163;157;36m[48;2;8;8;8m▀[0m[38;2;120;115;32m[48;2;120;115;32m▀[0m[38;2;163;157;36m[48;2;163;157;36m▀[0m[38;2;163;157;36m[48;2;163;157;36m▀[0m[38;2;163;157;36m[48;2;163;157;36m▀[0m[38;2;163;157;36m[48;2;163;157;36m▀[0m[38;2;163;157;36m[48;2;163;157;36m▀[0m[38;2;79;79;13m[48;2;79;79;13m▀[0m[38;2;120;115;32m[48;2;120;115;32m▀[0m[38;2;8;8;8m[48;2;8;8;8m▀[0m[38;2;132;75;30m[48;2;132;75;30m▀[0m[38;2;132;75;30m▄[38;2;132;75;30m▄[38;2;132;75;30m▄[38;2;132;75;30m▄ 
              [38;2;36;36;36m▄[38;2;36;36;36m[48;2;87;86;82m▀[0m[38;2;79;79;13m[48;2;79;79;13m▀[0m[38;2;199;187;54m[48;2;199;187;54m▀[0m[38;2;199;187;54m[48;2;199;187;54m▀[0m[38;2;79;79;13m[48;2;199;187;54m▀[0m[38;2;79;79;13m[48;2;199;187;54m▀[0m[38;2;79;79;13m[48;2;163;157;36m▀[0m[38;2;79;79;13m[48;2;199;187;54m▀[0m[38;2;79;79;13m[48;2;199;187;54m▀[0m[38;2;79;79;13m[48;2;199;187;54m▀[0m[38;2;79;79;13m[48;2;199;187;54m▀[0m[38;2;199;187;54m[48;2;199;187;54m▀[0m[38;2;199;187;54m[48;2;199;187;54m▀[0m[38;2;199;187;54m[48;2;199;187;54m▀[0m[38;2;199;187;54m[48;2;199;187;54m▀[0m[38;2;199;187;54m[48;2;199;187;54m▀[0m[38;2;199;187;54m[48;2;199;187;54m▀[0m[38;2;36;36;36m[48;2;199;187;54m▀[0m[38;2;87;86;82m[48;2;8;8;8m▀[0m[38;2;87;86;82m[48;2;87;86;82m▀[0m[38;2;87;86;82m[48;2;87;86;82m▀[0m[38;2;8;8;8m[48;2;87;86;82m▀[0m[38;2;163;157;36m[48;2;8;8;8m▀[0m[38;2;163;157;36m[48;2;163;157;36m▀[0m[38;2;163;157;36m[48;2;163;157;36m▀[0m[38;2;163;157;36m[48;2;163;157;36m▀[0m[38;2;163;157;36m[48;2;163;157;36m▀[0m[38;2;163;157;36m[48;2;163;157;36m▀[0m[38;2;79;79;13m[48;2;79;79;13m▀[0m[38;2;120;115;32m[48;2;120;115;32m▀[0m[38;2;8;8;8m[48;2;8;8;8m▀[0m[38;2;236;142;28m[48;2;236;142;28m▀[0m[38;2;236;142;28m[48;2;236;142;28m▀[0m[38;2;236;142;28m[48;2;236;142;28m▀[0m[38;2;236;142;28m[48;2;132;75;30m▀[0m[38;2;132;75;30m▀
            [38;2;36;36;36m▄[38;2;36;36;36m[48;2;87;86;82m▀[0m[38;2;87;86;82m[48;2;87;86;82m▀[0m[38;2;79;79;13m[48;2;79;79;13m▀[0m[38;2;199;187;54m[48;2;199;187;54m▀[0m[38;2;199;187;54m[48;2;199;187;54m▀[0m[38;2;199;187;54m[48;2;199;187;54m▀[0m[38;2;199;187;54m[48;2;199;187;54m▀[0m[38;2;199;187;54m[48;2;163;157;36m▀[0m[38;2;163;157;36m[48;2;199;187;54m▀[0m[38;2;199;187;54m[48;2;199;187;54m▀[0m[38;2;199;187;54m[48;2;199;187;54m▀[0m[38;2;199;187;54m[48;2;199;187;54m▀[0m[38;2;199;187;54m[48;2;199;187;54m▀[0m[38;2;199;187;54m[48;2;199;187;54m▀[0m[38;2;199;187;54m[48;2;199;187;54m▀[0m[38;2;199;187;54m[48;2;199;187;54m▀[0m[38;2;199;187;54m[48;2;199;187;54m▀[0m[38;2;199;187;54m[48;2;120;115;32m▀[0m[38;2;199;187;54m[48;2;120;115;32m▀[0m[38;2;120;115;32m[48;2;163;157;36m▀[0m[38;2;8;8;8m[48;2;163;157;36m▀[0m[38;2;87;86;82m[48;2;8;8;8m▀[0m[38;2;87;86;82m[48;2;59;57;52m▀[0m[38;2;59;57;52m[48;2;59;57;52m▀[0m[38;2;8;8;8m[48;2;59;57;52m▀[0m[38;2;163;157;36m[48;2;8;8;8m▀[0m[38;2;163;157;36m[48;2;163;157;36m▀[0m[38;2;163;157;36m[48;2;163;157;36m▀[0m[38;2;163;157;36m[48;2;163;157;36m▀[0m[38;2;163;157;36m[48;2;163;157;36m▀[0m[38;2;79;79;13m[48;2;79;79;13m▀[0m[38;2;120;115;32m[48;2;120;115;32m▀[0m[38;2;8;8;8m[48;2;8;8;8m▀[0m[38;2;236;142;28m[48;2;236;142;28m▀[0m[38;2;236;142;28m[48;2;132;75;30m▀[0m[38;2;132;75;30m▀  
           [38;2;36;36;36m▄[38;2;36;36;36m[48;2;59;57;52m▀[0m[38;2;87;86;82m[48;2;87;86;82m▀[0m[38;2;87;86;82m[48;2;87;86;82m▀[0m[38;2;8;8;8m[48;2;8;8;8m▀[0m[38;2;120;115;32m[48;2;163;157;36m▀[0m[38;2;199;187;54m[48;2;120;115;32m▀[0m[38;2;199;187;54m[48;2;120;115;32m▀[0m[38;2;199;187;54m[48;2;199;187;54m▀[0m[38;2;163;157;36m[48;2;199;187;54m▀[0m[38;2;199;187;54m[48;2;199;187;54m▀[0m[38;2;199;187;54m[48;2;199;187;54m▀[0m[38;2;199;187;54m[48;2;163;157;36m▀[0m[38;2;199;187;54m[48;2;120;115;32m▀[0m[38;2;199;187;54m[48;2;120;115;32m▀[0m[38;2;199;187;54m[48;2;120;115;32m▀[0m[38;2;120;115;32m[48;2;163;157;36m▀[0m[38;2;120;115;32m[48;2;163;157;36m▀[0m[38;2;120;115;32m[48;2;163;157;36m▀[0m[38;2;163;157;36m[48;2;163;157;36m▀[0m[38;2;163;157;36m[48;2;163;157;36m▀[0m[38;2;163;157;36m[48;2;163;157;36m▀[0m[38;2;163;157;36m[48;2;163;157;36m▀[0m[38;2;79;79;13m[48;2;79;79;13m▀[0m[38;2;8;8;8m▀[38;2;59;57;52m[48;2;8;8;8m▀[0m[38;2;59;57;52m[48;2;59;57;52m▀[0m[38;2;8;8;8m[48;2;59;57;52m▀[0m[38;2;163;157;36m[48;2;8;8;8m▀[0m[38;2;163;157;36m[48;2;163;157;36m▀[0m[38;2;163;157;36m[48;2;163;157;36m▀[0m[38;2;163;157;36m[48;2;163;157;36m▀[0m[38;2;163;157;36m[48;2;163;157;36m▀[0m[38;2;79;79;13m[48;2;79;79;13m▀[0m[38;2;120;115;32m[48;2;120;115;32m▀[0m[38;2;8;8;8m[48;2;8;8;8m▀[0m    
          [38;2;36;36;36m▄[38;2;36;36;36m[48;2;59;57;52m▀[0m[38;2;59;57;52m[48;2;59;57;52m▀[0m[38;2;59;57;52m[48;2;59;57;52m▀[0m[38;2;8;8;8m[48;2;8;8;8m▀[0m [38;2;8;8;8m[48;2;8;8;8m▀[0m[38;2;163;157;36m[48;2;163;157;36m▀[0m[38;2;163;157;36m[48;2;163;157;36m▀[0m[38;2;120;115;32m[48;2;163;157;36m▀[0m[38;2;120;115;32m[48;2;120;115;32m▀[0m[38;2;120;115;32m[48;2;163;157;36m▀[0m[38;2;120;115;32m[48;2;163;157;36m▀[0m[38;2;163;157;36m[48;2;163;157;36m▀[0m[38;2;163;157;36m[48;2;163;157;36m▀[0m[38;2;163;157;36m[48;2;163;157;36m▀[0m[38;2;163;157;36m[48;2;163;157;36m▀[0m[38;2;163;157;36m[48;2;233;234;237m▀[0m[38;2;163;157;36m[48;2;233;234;237m▀[0m[38;2;163;157;36m[48;2;163;157;36m▀[0m[38;2;163;157;36m[48;2;163;157;36m▀[0m[38;2;163;157;36m[48;2;163;157;36m▀[0m[38;2;163;157;36m[48;2;163;157;36m▀[0m[38;2;163;157;36m[48;2;79;79;13m▀[0m[38;2;79;79;13m▀ [38;2;79;79;13m[48;2;79;79;13m▀[0m[38;2;8;8;8m[48;2;120;115;32m▀[0m[38;2;59;57;52m[48;2;8;8;8m▀[0m[38;2;8;8;8m[48;2;8;8;8m▀[0m[38;2;163;157;36m[48;2;163;157;36m▀[0m[38;2;163;157;36m[48;2;163;157;36m▀[0m[38;2;163;157;36m[48;2;163;157;36m▀[0m[38;2;163;157;36m[48;2;163;157;36m▀[0m[38;2;79;79;13m[48;2;79;79;13m▀[0m[38;2;120;115;32m[48;2;120;115;32m▀[0m[38;2;8;8;8m[48;2;8;8;8m▀[0m    
         [38;2;79;79;13m▄[38;2;36;36;36m[48;2;79;79;13m▀[0m[38;2;59;57;52m[48;2;59;57;52m▀[0m[38;2;59;57;52m[48;2;8;8;8m▀[0m[38;2;8;8;8m▀   [38;2;8;8;8m▀[38;2;169;174;180m[48;2;8;8;8m▀[0m[38;2;163;157;36m[48;2;233;234;237m▀[0m[38;2;163;157;36m[48;2;233;234;237m▀[0m[38;2;120;115;32m[48;2;120;115;32m▀[0m[38;2;163;157;36m[48;2;163;157;36m▀[0m[38;2;163;157;36m[48;2;163;157;36m▀[0m[38;2;163;157;36m[48;2;169;174;180m▀[0m[38;2;169;174;180m[48;2;233;234;237m▀[0m[38;2;233;234;237m[48;2;233;234;237m▀[0m[38;2;233;234;237m[48;2;233;234;237m▀[0m[38;2;169;174;180m[48;2;163;157;36m▀[0m[38;2;163;157;36m[48;2;163;157;36m▀[0m[38;2;163;157;36m[48;2;163;157;36m▀[0m[38;2;163;157;36m[48;2;163;157;36m▀[0m[38;2;163;157;36m[48;2;169;174;180m▀[0m[38;2;79;79;13m[48;2;169;174;180m▀[0m[38;2;36;36;36m▄  [38;2;8;8;8m[48;2;8;8;8m▀[0m[38;2;163;157;36m[48;2;163;157;36m▀[0m[38;2;163;157;36m[48;2;163;157;36m▀[0m[38;2;79;79;13m[48;2;79;79;13m▀[0m[38;2;163;157;36m[48;2;163;157;36m▀[0m[38;2;163;157;36m[48;2;163;157;36m▀[0m[38;2;163;157;36m[48;2;163;157;36m▀[0m[38;2;79;79;13m[48;2;8;8;8m▀[0m[38;2;8;8;8m▀     
     [38;2;132;75;30m▄[38;2;132;75;30m▄[38;2;79;79;13m▄[38;2;79;79;13m[48;2;199;187;54m▀[0m[38;2;199;187;54m[48;2;199;187;54m▀[0m[38;2;199;187;54m[48;2;199;187;54m▀[0m[38;2;8;8;8m[48;2;8;8;8m▀[0m       [38;2;8;8;8m▀[38;2;233;234;237m[48;2;8;8;8m▀[0m[38;2;233;234;237m[48;2;233;234;237m▀[0m[38;2;120;115;32m[48;2;233;234;237m▀[0m[38;2;163;157;36m[48;2;169;174;180m▀[0m[38;2;233;234;237m[48;2;169;174;180m▀[0m[38;2;233;234;237m[48;2;233;234;237m▀[0m[38;2;169;174;180m[48;2;233;234;237m▀[0m[38;2;163;157;36m[48;2;233;234;237m▀[0m[38;2;163;157;36m[48;2;233;234;237m▀[0m[38;2;233;234;237m[48;2;169;174;180m▀[0m[38;2;233;234;237m[48;2;87;86;82m▀[0m[38;2;169;174;180m[48;2;87;86;82m▀[0m[38;2;87;86;82m[48;2;87;86;82m▀[0m[38;2;59;57;52m[48;2;59;57;52m▀[0m[38;2;59;57;52m[48;2;59;57;52m▀[0m[38;2;36;36;36m[48;2;59;57;52m▀[0m[38;2;36;36;36m▄[38;2;8;8;8m[48;2;8;8;8m▀[0m[38;2;163;157;36m[48;2;163;157;36m▀[0m[38;2;163;157;36m[48;2;163;157;36m▀[0m[38;2;163;157;36m[48;2;163;157;36m▀[0m[38;2;79;79;13m[48;2;132;75;30m▀[0m[38;2;163;157;36m[48;2;8;8;8m▀[0m[38;2;8;8;8m[48;2;8;8;8m▀[0m       
 [38;2;132;75;30m▄[38;2;132;75;30m▄[38;2;132;75;30m[48;2;236;142;28m▀[0m[38;2;132;75;30m[48;2;236;142;28m▀[0m[38;2;236;142;28m[48;2;79;79;13m▀[0m[38;2;79;79;13m[48;2;199;187;54m▀[0m[38;2;199;187;54m[48;2;199;187;54m▀[0m[38;2;199;187;54m[48;2;199;187;54m▀[0m[38;2;199;187;54m[48;2;199;187;54m▀[0m[38;2;199;187;54m[48;2;163;157;36m▀[0m[38;2;8;8;8m[48;2;8;8;8m▀[0m        [38;2;8;8;8m[48;2;8;8;8m▀[0m[38;2;169;174;180m[48;2;233;234;237m▀[0m[38;2;233;234;237m[48;2;233;234;237m▀[0m[38;2;233;234;237m[48;2;169;174;180m▀[0m[38;2;233;234;237m[48;2;233;234;237m▀[0m[38;2;233;234;237m[48;2;233;234;237m▀[0m[38;2;169;174;180m[48;2;233;234;237m▀[0m[38;2;87;86;82m[48;2;169;174;180m▀[0m[38;2;87;86;82m[48;2;87;86;82m▀[0m[38;2;87;86;82m[48;2;87;86;82m▀[0m[38;2;87;86;82m[48;2;87;86;82m▀[0m[38;2;87;86;82m[48;2;87;86;82m▀[0m[38;2;87;86;82m[48;2;87;86;82m▀[0m[38;2;59;57;52m[48;2;59;57;52m▀[0m[38;2;59;57;52m[48;2;59;57;52m▀[0m[38;2;59;57;52m[48;2;59;57;52m▀[0m[38;2;36;36;36m[48;2;59;57;52m▀[0m[38;2;8;8;8m[48;2;8;8;8m▀[0m[38;2;163;157;36m[48;2;163;157;36m▀[0m[38;2;163;157;36m[48;2;163;157;36m▀[0m[38;2;163;157;36m[48;2;163;157;36m▀[0m[38;2;236;142;28m[48;2;236;142;28m▀[0m[38;2;8;8;8m[48;2;236;142;28m▀[0m[38;2;8;8;8m▄       
[38;2;132;75;30m▀[38;2;236;142;28m[48;2;132;75;30m▀[0m[38;2;236;142;28m[48;2;132;75;30m▀[0m[38;2;236;142;28m[48;2;132;75;30m▀[0m[38;2;79;79;13m[48;2;79;79;13m▀[0m[38;2;163;157;36m[48;2;199;187;54m▀[0m[38;2;199;187;54m[48;2;199;187;54m▀[0m[38;2;199;187;54m[48;2;199;187;54m▀[0m[38;2;199;187;54m[48;2;199;187;54m▀[0m[38;2;199;187;54m[48;2;199;187;54m▀[0m[38;2;8;8;8m[48;2;8;8;8m▀[0m       [38;2;36;36;36m▄[38;2;36;36;36m[48;2;87;86;82m▀[0m[38;2;8;8;8m[48;2;8;8;8m▀[0m[38;2;233;234;237m[48;2;87;86;82m▀[0m[38;2;169;174;180m[48;2;87;86;82m▀[0m[38;2;87;86;82m[48;2;87;86;82m▀[0m[38;2;87;86;82m[48;2;87;86;82m▀[0m[38;2;169;174;180m[48;2;87;86;82m▀[0m[38;2;233;234;237m[48;2;87;86;82m▀[0m[38;2;233;234;237m[48;2;87;86;82m▀[0m[38;2;169;174;180m[48;2;87;86;82m▀[0m[38;2;87;86;82m[48;2;87;86;82m▀[0m[38;2;87;86;82m[48;2;87;86;82m▀[0m[38;2;87;86;82m[48;2;87;86;82m▀[0m[38;2;87;86;82m[48;2;36;36;36m▀[0m[38;2;36;36;36m[48;2;87;86;82m▀[0m[38;2;59;57;52m[48;2;36;36;36m▀[0m[38;2;59;57;52m[48;2;59;57;52m▀[0m[38;2;59;57;52m[48;2;59;57;52m▀[0m[38;2;8;8;8m[48;2;59;57;52m▀[0m[38;2;120;115;32m[48;2;8;8;8m▀[0m[38;2;163;157;36m[48;2;163;157;36m▀[0m[38;2;163;157;36m[48;2;163;157;36m▀[0m[38;2;236;142;28m[48;2;132;75;30m▀[0m[38;2;236;142;28m[48;2;132;75;30m▀[0m[38;2;236;142;28m[48;2;236;142;28m▀[0m[38;2;8;8;8m[48;2;236;142;28m▀[0m[38;2;8;8;8m▄     
   [38;2;8;8;8m[48;2;8;8;8m▀[0m[38;2;163;157;36m[48;2;163;157;36m▀[0m[38;2;163;157;36m[48;2;163;157;36m▀[0m[38;2;199;187;54m[48;2;163;157;36m▀[0m[38;2;199;187;54m[48;2;163;157;36m▀[0m[38;2;163;157;36m[48;2;163;157;36m▀[0m[38;2;163;157;36m[48;2;8;8;8m▀[0m[38;2;8;8;8m▀     [38;2;36;36;36m▄[38;2;36;36;36m[48;2;87;86;82m▀[0m[38;2;87;86;82m[48;2;87;86;82m▀[0m[38;2;87;86;82m[48;2;36;36;36m▀[0m[38;2;8;8;8m▀[38;2;87;86;82m[48;2;8;8;8m▀[0m[38;2;87;86;82m[48;2;87;86;82m▀[0m[38;2;87;86;82m[48;2;87;86;82m▀[0m[38;2;87;86;82m[48;2;87;86;82m▀[0m[38;2;87;86;82m[48;2;87;86;82m▀[0m[38;2;87;86;82m[48;2;87;86;82m▀[0m[38;2;87;86;82m[48;2;87;86;82m▀[0m[38;2;87;86;82m[48;2;87;86;82m▀[0m[38;2;87;86;82m[48;2;87;86;82m▀[0m[38;2;87;86;82m[48;2;87;86;82m▀[0m[38;2;87;86;82m[48;2;87;86;82m▀[0m[38;2;36;36;36m[48;2;36;36;36m▀[0m[38;2;87;86;82m[48;2;87;86;82m▀[0m[38;2;36;36;36m[48;2;87;86;82m▀[0m[38;2;59;57;52m[48;2;8;8;8m▀[0m[38;2;59;57;52m[48;2;59;57;52m▀[0m[38;2;59;57;52m[48;2;79;79;13m▀[0m[38;2;8;8;8m[48;2;8;8;8m▀[0m[38;2;120;115;32m[48;2;120;115;32m▀[0m[38;2;120;115;32m[48;2;120;115;32m▀[0m[38;2;120;115;32m[48;2;120;115;32m▀[0m[38;2;120;115;32m[48;2;120;115;32m▀[0m[38;2;8;8;8m[48;2;120;115;32m▀[0m[38;2;8;8;8m[48;2;8;8;8m▀[0m[38;2;8;8;8m▀     
   [38;2;8;8;8m[48;2;79;79;13m▀[0m[38;2;163;157;36m[48;2;8;8;8m▀[0m[38;2;163;157;36m[48;2;79;79;13m▀[0m[38;2;163;157;36m[48;2;163;157;36m▀[0m[38;2;163;157;36m[48;2;163;157;36m▀[0m[38;2;163;157;36m[48;2;163;157;36m▀[0m[38;2;8;8;8m[48;2;8;8;8m▀[0m    [38;2;36;36;36m▄[38;2;36;36;36m[48;2;59;57;52m▀[0m[38;2;87;86;82m[48;2;87;86;82m▀[0m[38;2;87;86;82m[48;2;87;86;82m▀[0m[38;2;87;86;82m[48;2;8;8;8m▀[0m[38;2;36;36;36m▀ [38;2;8;8;8m▀[38;2;59;57;52m[48;2;8;8;8m▀[0m[38;2;87;86;82m[48;2;87;86;82m▀[0m[38;2;87;86;82m[48;2;87;86;82m▀[0m[38;2;87;86;82m[48;2;79;79;13m▀[0m[38;2;87;86;82m[48;2;87;86;82m▀[0m[38;2;87;86;82m[48;2;87;86;82m▀[0m[38;2;87;86;82m[48;2;87;86;82m▀[0m[38;2;87;86;82m[48;2;87;86;82m▀[0m[38;2;87;86;82m[48;2;87;86;82m▀[0m[38;2;87;86;82m[48;2;87;86;82m▀[0m[38;2;36;36;36m[48;2;8;8;8m▀[0m[38;2;87;86;82m[48;2;87;86;82m▀[0m[38;2;87;86;82m[48;2;87;86;82m▀[0m[38;2;8;8;8m[48;2;8;8;8m▀[0m[38;2;79;79;13m[48;2;120;115;32m▀[0m[38;2;120;115;32m[48;2;120;115;32m▀[0m[38;2;8;8;8m[48;2;120;115;32m▀[0m[38;2;120;115;32m[48;2;8;8;8m▀[0m[38;2;120;115;32m[48;2;79;79;13m▀[0m[38;2;120;115;32m[48;2;79;79;13m▀[0m[38;2;120;115;32m[48;2;120;115;32m▀[0m[38;2;120;115;32m[48;2;79;79;13m▀[0m[38;2;8;8;8m[48;2;8;8;8m▀[0m      
  [38;2;8;8;8m[48;2;8;8;8m▀[0m[38;2;169;174;180m[48;2;169;174;180m▀[0m[38;2;233;234;237m[48;2;8;8;8m▀[0m[38;2;79;79;13m[48;2;233;234;237m▀[0m[38;2;8;8;8m[48;2;169;174;180m▀[0m[38;2;8;8;8m[48;2;79;79;13m▀[0m[38;2;8;8;8m▀    [38;2;36;36;36m▄[38;2;36;36;36m[48;2;59;57;52m▀[0m[38;2;59;57;52m[48;2;59;57;52m▀[0m[38;2;59;57;52m[48;2;8;8;8m▀[0m[38;2;8;8;8m▀    [38;2;8;8;8m▀[38;2;59;57;52m[48;2;8;8;8m▀[0m[38;2;79;79;13m[48;2;120;115;32m▀[0m[38;2;120;115;32m[48;2;120;115;32m▀[0m[38;2;79;79;13m[48;2;120;115;32m▀[0m[38;2;59;57;52m[48;2;79;79;13m▀[0m[38;2;87;86;82m[48;2;79;79;13m▀[0m[38;2;87;86;82m[48;2;79;79;13m▀[0m[38;2;59;57;52m[48;2;79;79;13m▀[0m[38;2;79;79;13m[48;2;120;115;32m▀[0m[38;2;8;8;8m[48;2;120;115;32m▀[0m[38;2;87;86;82m[48;2;8;8;8m▀[0m[38;2;87;86;82m[48;2;87;86;82m▀[0m[38;2;59;57;52m[48;2;59;57;52m▀[0m[38;2;8;8;8m[48;2;8;8;8m▀[0m[38;2;120;115;32m[48;2;120;115;32m▀[0m[38;2;120;115;32m[48;2;120;115;32m▀[0m[38;2;8;8;8m[48;2;8;8;8m▀[0m[38;2;233;234;237m[48;2;233;234;237m▀[0m[38;2;169;174;180m[48;2;8;8;8m▀[0m[38;2;79;79;13m[48;2;169;174;180m▀[0m[38;2;169;174;180m[48;2;79;79;13m▀[0m[38;2;79;79;13m▀      
   [38;2;8;8;8m▀[38;2;8;8;8m▀[38;2;233;234;237m[48;2;8;8;8m▀[0m[38;2;79;79;13m[48;2;79;79;13m▀[0m     [38;2;36;36;36m▄[38;2;36;36;36m[48;2;59;57;52m▀[0m[38;2;59;57;52m[48;2;8;8;8m▀[0m[38;2;8;8;8m▀        [38;2;8;8;8m▀[38;2;120;115;32m[48;2;8;8;8m▀[0m[38;2;120;115;32m[48;2;120;115;32m▀[0m[38;2;120;115;32m[48;2;79;79;13m▀[0m[38;2;120;115;32m[48;2;79;79;13m▀[0m[38;2;120;115;32m[48;2;120;115;32m▀[0m[38;2;120;115;32m[48;2;120;115;32m▀[0m[38;2;120;115;32m[48;2;120;115;32m▀[0m[38;2;120;115;32m[48;2;120;115;32m▀[0m[38;2;8;8;8m[48;2;8;8;8m▀[0m[38;2;59;57;52m[48;2;59;57;52m▀[0m[38;2;59;57;52m[48;2;59;57;52m▀[0m[38;2;8;8;8m[48;2;8;8;8m▀[0m[38;2;120;115;32m[48;2;79;79;13m▀[0m[38;2;79;79;13m[48;2;120;115;32m▀[0m[38;2;120;115;32m[48;2;120;115;32m▀[0m[38;2;8;8;8m[48;2;8;8;8m▀[0m [38;2;79;79;13m▀        
           [38;2;79;79;13m▄[38;2;79;79;13m[48;2;163;157;36m▀[0m[38;2;8;8;8m[48;2;79;79;13m▀[0m            [38;2;8;8;8m▀[38;2;79;79;13m[48;2;8;8;8m▀[0m[38;2;120;115;32m[48;2;120;115;32m▀[0m[38;2;79;79;13m[48;2;120;115;32m▀[0m[38;2;79;79;13m[48;2;120;115;32m▀[0m[38;2;120;115;32m[48;2;79;79;13m▀[0m[38;2;120;115;32m[48;2;79;79;13m▀[0m[38;2;120;115;32m[48;2;79;79;13m▀[0m[38;2;8;8;8m[48;2;8;8;8m▀[0m[38;2;59;57;52m[48;2;59;57;52m▀[0m[38;2;8;8;8m[48;2;8;8;8m▀[0m[38;2;120;115;32m[48;2;120;115;32m▀[0m[38;2;120;115;32m[48;2;120;115;32m▀[0m[38;2;120;115;32m[48;2;8;8;8m▀[0m[38;2;8;8;8m▀          
           [38;2;79;79;13m[48;2;79;79;13m▀[0m[38;2;163;157;36m[48;2;163;157;36m▀[0m[38;2;163;157;36m[48;2;163;157;36m▀[0m[38;2;79;79;13m[48;2;163;157;36m▀[0m[38;2;79;79;13m▄  [38;2;132;75;30m▄[38;2;132;75;30m▄        [38;2;8;8;8m▀[38;2;8;8;8m▀[38;2;120;115;32m[48;2;8;8;8m▀[0m[38;2;120;115;32m[48;2;8;8;8m▀[0m[38;2;120;115;32m[48;2;120;115;32m▀[0m[38;2;120;115;32m[48;2;120;115;32m▀[0m[38;2;120;115;32m[48;2;8;8;8m▀[0m[38;2;8;8;8m[48;2;163;157;36m▀[0m[38;2;8;8;8m[48;2;163;157;36m▀[0m[38;2;120;115;32m[48;2;8;8;8m▀[0m[38;2;120;115;32m[48;2;8;8;8m▀[0m[38;2;8;8;8m▀ [38;2;132;75;30m▄         
           [38;2;79;79;13m▀[38;2;163;157;36m[48;2;79;79;13m▀[0m[38;2;163;157;36m[48;2;163;157;36m▀[0m[38;2;163;157;36m[48;2;163;157;36m▀[0m[38;2;79;79;13m[48;2;163;157;36m▀[0m[38;2;132;75;30m[48;2;79;79;13m▀[0m[38;2;132;75;30m[48;2;203;108;39m▀[0m[38;2;203;108;39m[48;2;132;75;30m▀[0m[38;2;132;75;30m▀            [38;2;8;8;8m▀[38;2;8;8;8m▀[38;2;8;8;8m▀[38;2;163;157;36m[48;2;8;8;8m▀[0m[38;2;163;157;36m[48;2;163;157;36m▀[0m[38;2;163;157;36m[48;2;163;157;36m▀[0m[38;2;163;157;36m[48;2;163;157;36m▀[0m[38;2;8;8;8m[48;2;120;115;32m▀[0m[38;2;132;75;30m[48;2;79;79;13m▀[0m[38;2;203;108;39m[48;2;203;108;39m▀[0m[38;2;132;75;30m[48;2;132;75;30m▀[0m        
            [38;2;79;79;13m[48;2;79;79;13m▀[0m[38;2;163;157;36m[48;2;163;157;36m▀[0m[38;2;163;157;36m[48;2;163;157;36m▀[0m[38;2;163;157;36m[48;2;163;157;36m▀[0m[38;2;79;79;13m[48;2;120;115;32m▀[0m[38;2;203;108;39m[48;2;8;8;8m▀[0m[38;2;132;75;30m▀ [38;2;132;75;30m▄[38;2;132;75;30m▄             [38;2;8;8;8m▀[38;2;163;157;36m[48;2;8;8;8m▀[0m[38;2;163;157;36m[48;2;163;157;36m▀[0m[38;2;163;157;36m[48;2;163;157;36m▀[0m[38;2;163;157;36m[48;2;163;157;36m▀[0m[38;2;120;115;32m[48;2;163;157;36m▀[0m[38;2;79;79;13m[48;2;120;115;32m▀[0m[38;2;132;75;30m[48;2;79;79;13m▀[0m[38;2;132;75;30m▄[38;2;132;75;30m[48;2;203;108;39m▀[0m[38;2;132;75;30m▄     
            [38;2;79;79;13m[48;2;79;79;13m▀[0m[38;2;163;157;36m[48;2;163;157;36m▀[0m[38;2;163;157;36m[48;2;163;157;36m▀[0m[38;2;163;157;36m[48;2;163;157;36m▀[0m[38;2;120;115;32m[48;2;120;115;32m▀[0m[38;2;8;8;8m[48;2;120;115;32m▀[0m[38;2;132;75;30m[48;2;8;8;8m▀[0m[38;2;132;75;30m[48;2;203;108;39m▀[0m[38;2;203;108;39m[48;2;132;75;30m▀[0m[38;2;132;75;30m▀              [38;2;8;8;8m▀[38;2;163;157;36m[48;2;8;8;8m▀[0m[38;2;163;157;36m[48;2;163;157;36m▀[0m[38;2;163;157;36m[48;2;163;157;36m▀[0m[38;2;163;157;36m[48;2;163;157;36m▀[0m[38;2;163;157;36m[48;2;163;157;36m▀[0m[38;2;120;115;32m[48;2;120;115;32m▀[0m[38;2;8;8;8m[48;2;8;8;8m▀[0m[38;2;203;108;39m[48;2;203;108;39m▀[0m[38;2;132;75;30m[48;2;132;75;30m▀[0m     
            [38;2;79;79;13m▀[38;2;163;157;36m[48;2;79;79;13m▀[0m[38;2;163;157;36m[48;2;163;157;36m▀[0m[38;2;163;157;36m[48;2;163;157;36m▀[0m[38;2;120;115;32m[48;2;120;115;32m▀[0m[38;2;120;115;32m[48;2;120;115;32m▀[0m[38;2;8;8;8m[48;2;120;115;32m▀[0m[38;2;203;108;39m[48;2;8;8;8m▀[0m[38;2;132;75;30m▀                [38;2;8;8;8m▀[38;2;163;157;36m[48;2;8;8;8m▀[0m[38;2;163;157;36m[48;2;163;157;36m▀[0m[38;2;163;157;36m[48;2;163;157;36m▀[0m[38;2;163;157;36m[48;2;163;157;36m▀[0m[38;2;163;157;36m[48;2;163;157;36m▀[0m[38;2;120;115;32m[48;2;120;115;32m▀[0m[38;2;8;8;8m[48;2;8;8;8m▀[0m      
             [38;2;79;79;13m[48;2;79;79;13m▀[0m[38;2;163;157;36m[48;2;163;157;36m▀[0m[38;2;120;115;32m[48;2;120;115;32m▀[0m[38;2;120;115;32m[48;2;120;115;32m▀[0m[38;2;120;115;32m[48;2;120;115;32m▀[0m[38;2;120;115;32m[48;2;79;79;13m▀[0m[38;2;8;8;8m▀                  [38;2;8;8;8m▀[38;2;120;115;32m[48;2;8;8;8m▀[0m[38;2;163;157;36m[48;2;120;115;32m▀[0m[38;2;163;157;36m[48;2;163;157;36m▀[0m[38;2;163;157;36m[48;2;163;157;36m▀[0m[38;2;120;115;32m[48;2;120;115;32m▀[0m[38;2;120;115;32m[48;2;120;115;32m▀[0m[38;2;8;8;8m[48;2;8;8;8m▀[0m     
             [38;2;79;79;13m[48;2;79;79;13m▀[0m[38;2;120;115;32m[48;2;120;115;32m▀[0m[38;2;120;115;32m[48;2;120;115;32m▀[0m[38;2;120;115;32m[48;2;120;115;32m▀[0m[38;2;120;115;32m[48;2;79;79;13m▀[0m[38;2;8;8;8m▀                    [38;2;8;8;8m▀[38;2;120;115;32m[48;2;8;8;8m▀[0m[38;2;120;115;32m[48;2;120;115;32m▀[0m[38;2;120;115;32m[48;2;120;115;32m▀[0m[38;2;120;115;32m[48;2;120;115;32m▀[0m[38;2;120;115;32m[48;2;120;115;32m▀[0m[38;2;8;8;8m[48;2;120;115;32m▀[0m[38;2;8;8;8m▄    
           [38;2;163;157;36m▄[38;2;163;157;36m[48;2;233;234;237m▀[0m[38;2;233;234;237m[48;2;233;234;237m▀[0m[38;2;120;115;32m[48;2;169;174;180m▀[0m[38;2;120;115;32m[48;2;120;115;32m▀[0m[38;2;120;115;32m[48;2;8;8;8m▀[0m[38;2;8;8;8m▀                      [38;2;8;8;8m▀[38;2;120;115;32m[48;2;8;8;8m▀[0m[38;2;120;115;32m[48;2;163;157;36m▀[0m[38;2;120;115;32m[48;2;120;115;32m▀[0m[38;2;120;115;32m[48;2;120;115;32m▀[0m[38;2;120;115;32m[48;2;120;115;32m▀[0m[38;2;8;8;8m[48;2;8;8;8m▀[0m    
           [38;2;163;157;36m▀[38;2;8;8;8m▀[38;2;8;8;8m▀[38;2;8;8;8m▀[38;2;8;8;8m▀                        [38;2;163;157;36m▄[38;2;8;8;8m[48;2;233;234;237m▀[0m[38;2;233;234;237m[48;2;233;234;237m▀[0m[38;2;163;157;36m[48;2;169;174;180m▀[0m[38;2;120;115;32m[48;2;8;8;8m▀[0m[38;2;120;115;32m[48;2;8;8;8m▀[0m[38;2;8;8;8m▀    
                                        [38;2;8;8;8m▀[38;2;8;8;8m▀[38;2;8;8;8m▀[38;2;8;8;8m▀       
[0m