                             [38;2;114;112;112m▄[38;2;114;112;112m[48;2;255;250;32m▀[0m[38;2;40;39;39m▄                         [38;2;114;112;112m▄                        
                            [38;2;114;112;112m[48;2;114;112;112m▀[0m[38;2;255;250;32m[48;2;255;250;32m▀[0m[38;2;90;86;86m[48;2;90;86;86m▀[0m[38;2;40;39;39m[48;2;90;86;86m▀[0m[38;2;40;39;39m▄   [38;2;40;39;39m▄[38;2;40;39;39m▄[38;2;40;39;39m▄        [38;2;40;39;39m▄[38;2;40;39;39m▄[38;2;40;39;39m▄     [38;2;40;39;39m▄[38;2;40;39;39m[48;2;90;86;86m▀[0m[38;2;255;250;32m[48;2;90;86;86m▀[0m[38;2;114;112;112m[48;2;255;250;32m▀[0m[38;2;114;112;112m▄                      
                           [38;2;114;112;112m[48;2;114;112;112m▀[0m[38;2;255;250;32m[48;2;255;250;32m▀[0m[38;2;90;86;86m[48;2;90;86;86m▀[0m[38;2;90;86;86m[48;2;90;86;86m▀[0m[38;2;90;86;86m[48;2;40;39;39m▀[0m[38;2;40;39;39m▀ [38;2;40;39;39m▄[38;2;40;39;39m[48;2;90;86;86m▀[0m[38;2;90;86;86m[48;2;90;86;86m▀[0m[38;2;90;86;86m[48;2;90;86;86m▀[0m[38;2;40;39;39m[48;2;40;39;39m▀[0m        [38;2;40;39;39m[48;2;40;39;39m▀[0m[38;2;90;86;86m[48;2;90;86;86m▀[0m[38;2;90;86;86m[48;2;90;86;86m▀[0m[38;2;40;39;39m[48;2;90;86;86m▀[0m[38;2;40;39;39m[48;2;90;86;86m▀[0m[38;2;40;39;39m▄ [38;2;40;39;39m▀[38;2;90;86;86m[48;2;40;39;39m▀[0m[38;2;90;86;86m[48;2;90;86;86m▀[0m[38;2;90;86;86m[48;2;90;86;86m▀[0m[38;2;90;86;86m[48;2;90;86;86m▀[0m[38;2;255;250;32m[48;2;255;250;32m▀[0m[38;2;114;112;112m[48;2;114;112;112m▀[0m                     
                          [38;2;114;112;112m▄[38;2;114;112;112m[48;2;255;250;32m▀[0m[38;2;255;250;32m[48;2;90;86;86m▀[0m[38;2;90;86;86m[48;2;90;86;86m▀[0m[38;2;90;86;86m[48;2;40;39;39m▀[0m[38;2;40;39;39m▀ [38;2;40;39;39m▄[38;2;40;39;39m[48;2;90;86;86m▀[0m[38;2;90;86;86m[48;2;90;86;86m▀[0m[38;2;90;86;86m[48;2;90;86;86m▀[0m[38;2;90;86;86m[48;2;90;86;86m▀[0m[38;2;40;39;39m[48;2;40;39;39m▀[0m        [38;2;40;39;39m[48;2;40;39;39m▀[0m[38;2;90;86;86m[48;2;90;86;86m▀[0m[38;2;90;86;86m[48;2;90;86;86m▀[0m[38;2;90;86;86m[48;2;90;86;86m▀[0m[38;2;90;86;86m[48;2;90;86;86m▀[0m[38;2;40;39;39m[48;2;90;86;86m▀[0m[38;2;40;39;39m▄ [38;2;40;39;39m▀[38;2;90;86;86m[48;2;40;39;39m▀[0m[38;2;90;86;86m[48;2;90;86;86m▀[0m[38;2;90;86;86m[48;2;90;86;86m▀[0m[38;2;90;86;86m[48;2;90;86;86m▀[0m[38;2;255;250;32m[48;2;255;250;32m▀[0m[38;2;114;112;112m[48;2;114;112;112m▀[0m                    
                          [38;2;114;112;112m[48;2;114;112;112m▀[0m[38;2;255;250;32m[48;2;255;250;32m▀[0m[38;2;90;86;86m[48;2;90;86;86m▀[0m[38;2;90;86;86m[48;2;90;86;86m▀[0m[38;2;40;39;39m[48;2;40;39;39m▀[0m  [38;2;40;39;39m[48;2;40;39;39m▀[0m[38;2;90;86;86m[48;2;90;86;86m▀[0m[38;2;90;86;86m[48;2;90;86;86m▀[0m[38;2;90;86;86m[48;2;90;86;86m▀[0m[38;2;90;86;86m[48;2;40;39;39m▀[0m[38;2;40;39;39m▀   [38;2;120;118;117m▄     [38;2;40;39;39m[48;2;40;39;39m▀[0m[38;2;90;86;86m[48;2;90;86;86m▀[0m[38;2;90;86;86m[48;2;90;86;86m▀[0m[38;2;90;86;86m[48;2;90;86;86m▀[0m[38;2;90;86;86m[48;2;90;86;86m▀[0m[38;2;40;39;39m[48;2;40;39;39m▀[0m  [38;2;40;39;39m[48;2;40;39;39m▀[0m[38;2;90;86;86m[48;2;90;86;86m▀[0m[38;2;90;86;86m[48;2;90;86;86m▀[0m[38;2;90;86;86m[48;2;90;86;86m▀[0m[38;2;255;250;32m[48;2;255;250;32m▀[0m[38;2;114;112;112m[48;2;114;112;112m▀[0m                    
                          [38;2;114;112;112m[48;2;114;112;112m▀[0m[38;2;255;250;32m[48;2;255;250;32m▀[0m[38;2;90;86;86m[48;2;90;86;86m▀[0m[38;2;90;86;86m[48;2;90;86;86m▀[0m[38;2;40;39;39m[48;2;90;86;86m▀[0m[38;2;40;39;39m▄ [38;2;40;39;39m▀[38;2;90;86;86m[48;2;40;39;39m▀[0m[38;2;90;86;86m[48;2;90;86;86m▀[0m[38;2;90;86;86m[48;2;90;86;86m▀[0m[38;2;40;39;39m[48;2;40;39;39m▀[0m[38;2;16;16;16m▄  [38;2;120;118;117m[48;2;120;118;117m▀[0m[38;2;255;255;255m[48;2;255;255;255m▀[0m[38;2;16;16;16m[48;2;16;16;16m▀[0m [38;2;120;118;117m▄[38;2;120;118;117m[48;2;255;255;255m▀[0m[38;2;16;16;16m▄[38;2;40;39;39m[48;2;40;39;39m▀[0m[38;2;90;86;86m[48;2;90;86;86m▀[0m[38;2;90;86;86m[48;2;90;86;86m▀[0m[38;2;90;86;86m[48;2;90;86;86m▀[0m[38;2;40;39;39m[48;2;40;39;39m▀[0m   [38;2;40;39;39m[48;2;40;39;39m▀[0m[38;2;90;86;86m[48;2;90;86;86m▀[0m[38;2;90;86;86m[48;2;90;86;86m▀[0m[38;2;90;86;86m[48;2;90;86;86m▀[0m[38;2;255;250;32m[48;2;255;250;32m▀[0m[38;2;114;112;112m[48;2;114;112;112m▀[0m                    
                           [38;2;114;112;112m[48;2;16;16;16m▀[0m[38;2;255;250;32m[48;2;255;250;32m▀[0m[38;2;90;86;86m[48;2;90;86;86m▀[0m[38;2;90;86;86m[48;2;90;86;86m▀[0m[38;2;90;86;86m[48;2;60;56;56m▀[0m[38;2;40;39;39m[48;2;60;56;56m▀[0m[38;2;40;39;39m▄ [38;2;40;39;39m[48;2;40;39;39m▀[0m[38;2;90;86;86m[48;2;40;39;39m▀[0m[38;2;120;118;117m▀[38;2;255;255;255m[48;2;120;118;117m▀[0m[38;2;16;16;16m[48;2;255;255;255m▀[0m[38;2;16;16;16m▄[38;2;120;118;117m[48;2;120;118;117m▀[0m[38;2;255;255;255m[48;2;255;255;255m▀[0m[38;2;16;16;16m[48;2;255;255;255m▀[0m[38;2;120;118;117m▄[38;2;120;118;117m[48;2;255;255;255m▀[0m[38;2;255;255;255m[48;2;255;255;255m▀[0m[38;2;16;16;16m[48;2;16;16;16m▀[0m[38;2;40;39;39m[48;2;40;39;39m▀[0m[38;2;90;86;86m[48;2;40;39;39m▀[0m[38;2;40;39;39m▀[38;2;40;39;39m▀  [38;2;40;39;39m▄[38;2;40;39;39m[48;2;90;86;86m▀[0m[38;2;90;86;86m[48;2;90;86;86m▀[0m[38;2;90;86;86m[48;2;90;86;86m▀[0m[38;2;90;86;86m[48;2;90;86;86m▀[0m[38;2;90;86;86m[48;2;255;250;32m▀[0m[38;2;255;250;32m[48;2;114;112;112m▀[0m[38;2;114;112;112m▀                    
                            [38;2;16;16;16m▀[38;2;255;250;32m[48;2;16;16;16m▀[0m[38;2;60;56;56m[48;2;186;137;20m▀[0m[38;2;60;56;56m[48;2;60;56;56m▀[0m[38;2;60;56;56m[48;2;60;56;56m▀[0m[38;2;60;56;56m[48;2;60;56;56m▀[0m[38;2;40;39;39m[48;2;60;56;56m▀[0m[38;2;60;56;56m[48;2;60;56;56m▀[0m[38;2;60;56;56m[48;2;60;56;56m▀[0m[38;2;40;39;39m[48;2;60;56;56m▀[0m[38;2;120;118;117m[48;2;60;56;56m▀[0m[38;2;255;255;255m[48;2;120;118;117m▀[0m[38;2;179;179;179m[48;2;255;255;255m▀[0m[38;2;120;118;117m[48;2;179;179;179m▀[0m[38;2;255;255;255m[48;2;255;255;255m▀[0m[38;2;255;255;255m[48;2;179;179;179m▀[0m[38;2;120;118;117m[48;2;179;179;179m▀[0m[38;2;255;255;255m[48;2;255;255;255m▀[0m[38;2;16;16;16m[48;2;16;16;16m▀[0m[38;2;16;16;16m▄[38;2;40;39;39m[48;2;60;56;56m▀[0m[38;2;60;56;56m[48;2;60;56;56m▀[0m[38;2;40;39;39m[48;2;60;56;56m▀[0m[38;2;40;39;39m[48;2;60;56;56m▀[0m[38;2;40;39;39m[48;2;60;56;56m▀[0m[38;2;40;39;39m[48;2;60;56;56m▀[0m[38;2;60;56;56m[48;2;60;56;56m▀[0m[38;2;90;86;86m[48;2;60;56;56m▀[0m[38;2;90;86;86m[48;2;90;86;86m▀[0m[38;2;90;86;86m[48;2;90;86;86m▀[0m[38;2;90;86;86m[48;2;255;250;32m▀[0m[38;2;255;250;32m[48;2;114;112;112m▀[0m[38;2;114;112;112m[48;2;114;112;112m▀[0m[38;2;114;112;112m[48;2;189;188;187m▀[0m[38;2;114;112;112m[48;2;189;188;187m▀[0m[38;2;114;112;112m[48;2;189;188;187m▀[0m[38;2;114;112;112m[48;2;189;188;187m▀[0m[38;2;114;112;112m[48;2;189;188;187m▀[0m[38;2;114;112;112m[48;2;189;188;187m▀[0m[38;2;114;112;112m[48;2;0;0;0m▀[0m[38;2;114;112;112m[48;2;159;158;158m▀[0m[38;2;0;0;0m▄            
                              [38;2;16;16;16m▀[38;2;186;137;20m[48;2;16;16;16m▀[0m[38;2;186;137;20m[48;2;16;16;16m▀[0m[38;2;60;56;56m[48;2;186;137;20m▀[0m[38;2;60;56;56m[48;2;186;137;20m▀[0m[38;2;60;56;56m[48;2;186;137;20m▀[0m[38;2;60;56;56m[48;2;186;137;20m▀[0m[38;2;60;56;56m[48;2;186;137;20m▀[0m[38;2;60;56;56m[48;2;16;16;16m▀[0m[38;2;16;16;16m[48;2;16;16;16m▀[0m[38;2;179;179;179m[48;2;114;112;112m▀[0m[38;2;179;179;179m[48;2;189;188;187m▀[0m[38;2;114;112;112m[48;2;236;236;236m▀[0m[38;2;114;112;112m[48;2;236;236;236m▀[0m[38;2;114;112;112m[48;2;236;236;236m▀[0m[38;2;179;179;179m[48;2;114;112;112m▀[0m[38;2;16;16;16m[48;2;114;112;112m▀[0m[38;2;60;56;56m[48;2;16;16;16m▀[0m[38;2;60;56;56m[48;2;16;16;16m▀[0m[38;2;60;56;56m[48;2;186;137;20m▀[0m[38;2;60;56;56m[48;2;186;137;20m▀[0m[38;2;60;56;56m[48;2;60;56;56m▀[0m[38;2;60;56;56m[48;2;60;56;56m▀[0m[38;2;60;56;56m[48;2;60;56;56m▀[0m[38;2;60;56;56m[48;2;60;56;56m▀[0m[38;2;60;56;56m[48;2;186;137;20m▀[0m[38;2;60;56;56m[48;2;186;137;20m▀[0m[38;2;255;250;32m[48;2;16;16;16m▀[0m[38;2;114;112;112m[48;2;114;112;112m▀[0m[38;2;114;112;112m[48;2;189;188;187m▀[0m[38;2;189;188;187m[48;2;189;188;187m▀[0m[38;2;189;188;187m[48;2;189;188;187m▀[0m[38;2;189;188;187m[48;2;189;188;187m▀[0m[38;2;189;188;187m[48;2;189;188;187m▀[0m[38;2;189;188;187m[48;2;189;188;187m▀[0m[38;2;189;188;187m[48;2;189;188;187m▀[0m[38;2;0;0;0m[48;2;189;188;187m▀[0m[38;2;159;158;158m[48;2;0;0;0m▀[0m[38;2;159;158;158m[48;2;0;0;0m▀[0m[38;2;0;0;0m[48;2;0;0;0m▀[0m  [38;2;114;112;112m▄[38;2;114;112;112m▄[38;2;114;112;112m[48;2;189;188;187m▀[0m[38;2;114;112;112m[48;2;189;188;187m▀[0m[38;2;114;112;112m[48;2;189;188;187m▀[0m[38;2;114;112;112m▄[38;2;114;112;112m▄   
                                 [38;2;16;16;16m▀[38;2;16;16;16m▀[38;2;16;16;16m▀[38;2;16;16;16m▀[38;2;16;16;16m[48;2;60;56;56m▀[0m[38;2;114;112;112m▄[38;2;114;112;112m[48;2;236;236;236m▀[0m[38;2;189;188;187m[48;2;189;188;187m▀[0m[38;2;236;236;236m[48;2;236;236;236m▀[0m[38;2;236;236;236m[48;2;236;236;236m▀[0m[38;2;236;236;236m[48;2;236;236;236m▀[0m[38;2;236;236;236m[48;2;189;188;187m▀[0m[38;2;189;188;187m[48;2;236;236;236m▀[0m[38;2;236;236;236m[48;2;236;236;236m▀[0m[38;2;60;56;56m[48;2;60;56;56m▀[0m[38;2;189;188;187m[48;2;16;16;16m▀[0m[38;2;16;16;16m[48;2;189;188;187m▀[0m[38;2;16;16;16m[48;2;60;56;56m▀[0m[38;2;16;16;16m[48;2;189;188;187m▀[0m[38;2;186;137;20m[48;2;16;16;16m▀[0m[38;2;186;137;20m[48;2;16;16;16m▀[0m[38;2;186;137;20m[48;2;16;16;16m▀[0m[38;2;16;16;16m[48;2;189;188;187m▀[0m[38;2;16;16;16m[48;2;189;188;187m▀[0m[38;2;189;188;187m[48;2;189;188;187m▀[0m[38;2;189;188;187m[48;2;189;188;187m▀[0m[38;2;189;188;187m[48;2;189;188;187m▀[0m[38;2;189;188;187m[48;2;189;188;187m▀[0m[38;2;189;188;187m[48;2;189;188;187m▀[0m[38;2;189;188;187m[48;2;189;188;187m▀[0m[38;2;189;188;187m[48;2;189;188;187m▀[0m[38;2;189;188;187m[48;2;189;188;187m▀[0m[38;2;189;188;187m[48;2;189;188;187m▀[0m[38;2;189;188;187m[48;2;189;188;187m▀[0m[38;2;189;188;187m[48;2;189;188;187m▀[0m[38;2;189;188;187m[48;2;189;188;187m▀[0m[38;2;189;188;187m[48;2;189;188;187m▀[0m[38;2;114;112;112m[48;2;189;188;187m▀[0m[38;2;114;112;112m[48;2;189;188;187m▀[0m[38;2;189;188;187m[48;2;189;188;187m▀[0m[38;2;189;188;187m[48;2;189;188;187m▀[0m[38;2;189;188;187m[48;2;189;188;187m▀[0m[38;2;189;188;187m[48;2;189;188;187m▀[0m[38;2;189;188;187m[48;2;189;188;187m▀[0m[38;2;189;188;187m[48;2;114;112;112m▀[0m[38;2;189;188;187m[48;2;114;112;112m▀[0m[38;2;0;0;0m[48;2;0;0;0m▀[0m  
                                  [38;2;60;56;56m[48;2;60;56;56m▀[0m [38;2;60;56;56m▄[38;2;60;56;56m[48;2;255;148;206m▀[0m[38;2;189;188;187m[48;2;60;56;56m▀[0m[38;2;189;188;187m[48;2;236;236;236m▀[0m[38;2;236;236;236m[48;2;189;188;187m▀[0m[38;2;189;188;187m[48;2;189;188;187m▀[0m[38;2;189;188;187m[48;2;189;188;187m▀[0m[38;2;189;188;187m[48;2;189;188;187m▀[0m[38;2;236;236;236m[48;2;189;188;187m▀[0m[38;2;189;188;187m[48;2;60;56;56m▀[0m[38;2;189;188;187m[48;2;60;56;56m▀[0m[38;2;60;56;56m[48;2;189;188;187m▀[0m[38;2;189;188;187m[48;2;189;188;187m▀[0m[38;2;16;16;16m[48;2;60;56;56m▀[0m[38;2;60;56;56m[48;2;16;16;16m▀[0m[38;2;189;188;187m[48;2;189;188;187m▀[0m[38;2;189;188;187m[48;2;189;188;187m▀[0m[38;2;189;188;187m[48;2;189;188;187m▀[0m[38;2;189;188;187m[48;2;114;112;112m▀[0m[38;2;189;188;187m[48;2;114;112;112m▀[0m[38;2;114;112;112m[48;2;159;158;158m▀[0m[38;2;114;112;112m[48;2;159;158;158m▀[0m[38;2;114;112;112m[48;2;159;158;158m▀[0m[38;2;114;112;112m[48;2;159;158;158m▀[0m[38;2;114;112;112m[48;2;159;158;158m▀[0m[38;2;114;112;112m[48;2;159;158;158m▀[0m[38;2;114;112;112m[48;2;159;158;158m▀[0m[38;2;114;112;112m[48;2;159;158;158m▀[0m[38;2;114;112;112m[48;2;159;158;158m▀[0m[38;2;189;188;187m[48;2;114;112;112m▀[0m[38;2;189;188;187m[48;2;114;112;112m▀[0m[38;2;189;188;187m[48;2;189;188;187m▀[0m[38;2;189;188;187m[48;2;189;188;187m▀[0m[38;2;189;188;187m[48;2;189;188;187m▀[0m[38;2;189;188;187m[48;2;189;188;187m▀[0m[38;2;189;188;187m[48;2;189;188;187m▀[0m[38;2;189;188;187m[48;2;189;188;187m▀[0m[38;2;189;188;187m[48;2;189;188;187m▀[0m[38;2;189;188;187m[48;2;114;112;112m▀[0m[38;2;114;112;112m[48;2;159;158;158m▀[0m[38;2;114;112;112m[48;2;159;158;158m▀[0m[38;2;159;158;158m[48;2;159;158;158m▀[0m[38;2;159;158;158m[48;2;159;158;158m▀[0m[38;2;0;0;0m[48;2;0;0;0m▀[0m  
                                  [38;2;60;56;56m▀[38;2;60;56;56m▄[38;2;60;56;56m[48;2;60;56;56m▀[0m[38;2;255;148;206m[48;2;255;148;206m▀[0m[38;2;255;255;255m[48;2;255;255;255m▀[0m[38;2;60;56;56m[48;2;60;56;56m▀[0m[38;2;236;236;236m[48;2;236;236;236m▀[0m[38;2;236;236;236m[48;2;236;236;236m▀[0m[38;2;236;236;236m[48;2;236;236;236m▀[0m[38;2;236;236;236m[48;2;60;56;56m▀[0m[38;2;60;56;56m[48;2;255;148;206m▀[0m[38;2;255;255;255m[48;2;255;255;255m▀[0m[38;2;255;148;206m[48;2;255;148;206m▀[0m[38;2;60;56;56m[48;2;60;56;56m▀[0m[38;2;189;188;187m[48;2;60;56;56m▀[0m[38;2;60;56;56m[48;2;53;51;50m▀[0m[38;2;16;16;16m[48;2;189;188;187m▀[0m[38;2;189;188;187m[48;2;16;16;16m▀[0m[38;2;114;112;112m[48;2;159;158;158m▀[0m[38;2;114;112;112m[48;2;159;158;158m▀[0m[38;2;159;158;158m[48;2;159;158;158m▀[0m[38;2;159;158;158m[48;2;159;158;158m▀[0m[38;2;159;158;158m[48;2;159;158;158m▀[0m[38;2;159;158;158m[48;2;0;0;0m▀[0m[38;2;159;158;158m[48;2;0;0;0m▀[0m[38;2;159;158;158m[48;2;0;0;0m▀[0m[38;2;159;158;158m[48;2;0;0;0m▀[0m[38;2;159;158;158m[48;2;0;0;0m▀[0m[38;2;159;158;158m[48;2;0;0;0m▀[0m[38;2;159;158;158m[48;2;0;0;0m▀[0m[38;2;159;158;158m[48;2;159;158;158m▀[0m[38;2;159;158;158m[48;2;159;158;158m▀[0m[38;2;159;158;158m[48;2;159;158;158m▀[0m[38;2;114;112;112m[48;2;114;112;112m▀[0m[38;2;189;188;187m[48;2;189;188;187m▀[0m[38;2;189;188;187m[48;2;189;188;187m▀[0m[38;2;189;188;187m[48;2;189;188;187m▀[0m[38;2;189;188;187m[48;2;189;188;187m▀[0m[38;2;189;188;187m[48;2;236;236;236m▀[0m[38;2;189;188;187m[48;2;236;236;236m▀[0m[38;2;236;236;236m[48;2;236;236;236m▀[0m[38;2;114;112;112m[48;2;0;0;0m▀[0m[38;2;159;158;158m[48;2;0;0;0m▀[0m[38;2;159;158;158m[48;2;0;0;0m▀[0m[38;2;159;158;158m[48;2;0;0;0m▀[0m[38;2;0;0;0m[48;2;0;0;0m▀[0m[38;2;0;0;0m▄ 
                                    [38;2;60;56;56m[48;2;60;56;56m▀[0m[38;2;255;255;255m[48;2;255;148;206m▀[0m[38;2;255;255;255m[48;2;255;255;255m▀[0m[38;2;60;56;56m[48;2;60;56;56m▀[0m[38;2;236;236;236m[48;2;236;236;236m▀[0m[38;2;236;236;236m[48;2;60;56;56m▀[0m[38;2;236;236;236m[48;2;236;236;236m▀[0m[38;2;60;56;56m[48;2;60;56;56m▀[0m[38;2;255;255;255m[48;2;255;148;206m▀[0m[38;2;255;255;255m[48;2;255;255;255m▀[0m[38;2;255;255;255m[48;2;255;148;206m▀[0m[38;2;60;56;56m[48;2;60;56;56m▀[0m[38;2;189;188;187m[48;2;189;188;187m▀[0m[38;2;53;51;50m[48;2;53;51;50m▀[0m[38;2;189;188;187m[48;2;189;188;187m▀[0m[38;2;16;16;16m[48;2;16;16;16m▀[0m[38;2;159;158;158m[48;2;159;158;158m▀[0m[38;2;159;158;158m[48;2;159;158;158m▀[0m[38;2;159;158;158m[48;2;0;0;0m▀[0m[38;2;0;0;0m▀[38;2;0;0;0m▀       [38;2;0;0;0m▀[38;2;0;0;0m▀[38;2;159;158;158m[48;2;0;0;0m▀[0m[38;2;114;112;112m[48;2;189;188;187m▀[0m[38;2;189;188;187m[48;2;236;236;236m▀[0m[38;2;189;188;187m[48;2;236;236;236m▀[0m[38;2;236;236;236m[48;2;236;236;236m▀[0m[38;2;236;236;236m[48;2;236;236;236m▀[0m[38;2;236;236;236m[48;2;236;236;236m▀[0m[38;2;236;236;236m[48;2;236;236;236m▀[0m[38;2;236;236;236m[48;2;236;236;236m▀[0m[38;2;236;236;236m[48;2;236;236;236m▀[0m[38;2;236;236;236m[48;2;236;236;236m▀[0m[38;2;236;236;236m[48;2;236;236;236m▀[0m[38;2;236;236;236m[48;2;236;236;236m▀[0m[38;2;236;236;236m[48;2;236;236;236m▀[0m[38;2;236;236;236m[48;2;236;236;236m▀[0m[38;2;0;0;0m[48;2;0;0;0m▀[0m
                                     [38;2;60;56;56m▀[38;2;60;56;56m[48;2;16;16;16m▀[0m[38;2;189;188;187m[48;2;189;188;187m▀[0m[38;2;236;236;236m[48;2;189;188;187m▀[0m[38;2;236;236;236m[48;2;60;56;56m▀[0m[38;2;236;236;236m[48;2;236;236;236m▀[0m[38;2;60;56;56m[48;2;236;236;236m▀[0m[38;2;255;148;206m[48;2;60;56;56m▀[0m[38;2;255;255;255m[48;2;60;56;56m▀[0m[38;2;60;56;56m[48;2;189;188;187m▀[0m[38;2;189;188;187m[48;2;53;51;50m▀[0m[38;2;53;51;50m[48;2;16;16;16m▀[0m[38;2;189;188;187m[48;2;16;16;16m▀[0m[38;2;16;16;16m▀ [38;2;0;0;0m▀[38;2;0;0;0m▀           [38;2;0;0;0m[48;2;0;0;0m▀[0m[38;2;236;236;236m[48;2;114;112;112m▀[0m[38;2;236;236;236m[48;2;236;236;236m▀[0m[38;2;236;236;236m[48;2;236;236;236m▀[0m[38;2;236;236;236m[48;2;236;236;236m▀[0m[38;2;236;236;236m[48;2;236;236;236m▀[0m[38;2;236;236;236m[48;2;236;236;236m▀[0m[38;2;236;236;236m[48;2;236;236;236m▀[0m[38;2;236;236;236m[48;2;0;0;0m▀[0m[38;2;236;236;236m[48;2;114;112;112m▀[0m[38;2;236;236;236m[48;2;114;112;112m▀[0m[38;2;236;236;236m[48;2;114;112;112m▀[0m[38;2;236;236;236m[48;2;114;112;112m▀[0m[38;2;236;236;236m[48;2;114;112;112m▀[0m[38;2;236;236;236m[48;2;114;112;112m▀[0m[38;2;114;112;112m[48;2;159;158;158m▀[0m[38;2;0;0;0m[48;2;0;0;0m▀[0m
                                       [38;2;16;16;16m▀[38;2;16;16;16m▀[38;2;189;188;187m[48;2;16;16;16m▀[0m[38;2;189;188;187m[48;2;16;16;16m▀[0m[38;2;189;188;187m[48;2;16;16;16m▀[0m[38;2;189;188;187m[48;2;16;16;16m▀[0m[38;2;189;188;187m[48;2;16;16;16m▀[0m[38;2;16;16;16m▀[38;2;16;16;16m▀                 [38;2;0;0;0m[48;2;0;0;0m▀[0m[38;2;159;158;158m[48;2;159;158;158m▀[0m[38;2;114;112;112m[48;2;159;158;158m▀[0m[38;2;114;112;112m[48;2;159;158;158m▀[0m[38;2;114;112;112m[48;2;159;158;158m▀[0m[38;2;236;236;236m[48;2;114;112;112m▀[0m[38;2;236;236;236m[48;2;114;112;112m▀[0m[38;2;114;112;112m[48;2;159;158;158m▀[0m[38;2;0;0;0m[48;2;0;0;0m▀[0m[38;2;159;158;158m[48;2;159;158;158m▀[0m[38;2;159;158;158m[48;2;159;158;158m▀[0m[38;2;159;158;158m[48;2;159;158;158m▀[0m[38;2;159;158;158m[48;2;159;158;158m▀[0m[38;2;159;158;158m[48;2;159;158;158m▀[0m[38;2;114;112;112m[48;2;114;112;112m▀[0m[38;2;159;158;158m[48;2;159;158;158m▀[0m[38;2;0;0;0m[48;2;0;0;0m▀[0m
                                  [38;2;114;112;112m▄[38;2;114;112;112m[48;2;236;236;236m▀[0m[38;2;114;112;112m[48;2;236;236;236m▀[0m[38;2;114;112;112m[48;2;236;236;236m▀[0m[38;2;114;112;112m▄ [38;2;114;112;112m▄[38;2;16;16;16m▄[38;2;16;16;16m[48;2;184;128;67m▀[0m[38;2;139;79;14m[48;2;249;245;57m▀[0m[38;2;139;79;14m[48;2;139;79;14m▀[0m[38;2;53;51;50m[48;2;53;51;50m▀[0m[38;2;139;79;14m[48;2;184;128;67m▀[0m[38;2;139;79;14m[48;2;249;245;57m▀[0m[38;2;139;79;14m▄ [38;2;114;112;112m▄[38;2;114;112;112m▄[38;2;114;112;112m▄            [38;2;0;0;0m[48;2;0;0;0m▀[0m[38;2;159;158;158m[48;2;0;0;0m▀[0m[38;2;159;158;158m[48;2;159;158;158m▀[0m[38;2;159;158;158m[48;2;159;158;158m▀[0m[38;2;159;158;158m[48;2;159;158;158m▀[0m[38;2;159;158;158m[48;2;159;158;158m▀[0m[38;2;114;112;112m[48;2;114;112;112m▀[0m[38;2;159;158;158m[48;2;0;0;0m▀[0m[38;2;0;0;0m[48;2;0;0;0m▀[0m[38;2;159;158;158m[48;2;0;0;0m▀[0m[38;2;159;158;158m[48;2;0;0;0m▀[0m[38;2;159;158;158m[48;2;0;0;0m▀[0m[38;2;159;158;158m[48;2;0;0;0m▀[0m[38;2;159;158;158m[48;2;0;0;0m▀[0m[38;2;114;112;112m[48;2;0;0;0m▀[0m[38;2;0;0;0m▀ 
                                 [38;2;114;112;112m[48;2;114;112;112m▀[0m[38;2;114;112;112m[48;2;236;236;236m▀[0m[38;2;236;236;236m[48;2;114;112;112m▀[0m[38;2;236;236;236m[48;2;189;188;187m▀[0m[38;2;236;236;236m[48;2;189;188;187m▀[0m[38;2;236;236;236m[48;2;236;236;236m▀[0m[38;2;16;16;16m[48;2;16;16;16m▀[0m[38;2;114;112;112m[48;2;189;188;187m▀[0m[38;2;184;128;67m[48;2;249;245;57m▀[0m[38;2;249;245;57m[48;2;139;79;14m▀[0m[38;2;139;79;14m[48;2;53;51;50m▀[0m[38;2;53;51;50m[48;2;21;169;214m▀[0m[38;2;53;51;50m[48;2;21;169;214m▀[0m[38;2;53;51;50m[48;2;249;127;116m▀[0m[38;2;184;128;67m[48;2;53;51;50m▀[0m[38;2;249;245;57m[48;2;184;128;67m▀[0m[38;2;139;79;14m[48;2;249;245;57m▀[0m[38;2;236;236;236m[48;2;139;79;14m▀[0m[38;2;236;236;236m[48;2;189;188;187m▀[0m[38;2;236;236;236m[48;2;189;188;187m▀[0m[38;2;114;112;112m[48;2;236;236;236m▀[0m[38;2;114;112;112m▄            [38;2;0;0;0m▀[38;2;0;0;0m▀[38;2;159;158;158m[48;2;0;0;0m▀[0m[38;2;159;158;158m[48;2;0;0;0m▀[0m[38;2;0;0;0m▀          
                           [38;2;114;112;112m▄[38;2;114;112;112m[48;2;189;188;187m▀[0m[38;2;114;112;112m[48;2;189;188;187m▀[0m[38;2;114;112;112m▄[38;2;114;112;112m▄[38;2;114;112;112m[48;2;189;188;187m▀[0m[38;2;114;112;112m[48;2;189;188;187m▀[0m[38;2;236;236;236m[48;2;16;16;16m▀[0m[38;2;189;188;187m[48;2;189;188;187m▀[0m[38;2;114;112;112m[48;2;114;112;112m▀[0m[38;2;189;188;187m[48;2;189;188;187m▀[0m[38;2;189;188;187m[48;2;16;16;16m▀[0m[38;2;16;16;16m[48;2;114;112;112m▀[0m[38;2;189;188;187m[48;2;189;188;187m▀[0m[38;2;249;245;57m[48;2;249;245;57m▀[0m[38;2;139;79;14m[48;2;139;79;14m▀[0m[38;2;53;51;50m[48;2;53;51;50m▀[0m[38;2;21;169;214m[48;2;21;169;214m▀[0m[38;2;249;127;116m[48;2;249;127;116m▀[0m[38;2;249;127;116m[48;2;249;127;116m▀[0m[38;2;53;51;50m[48;2;53;51;50m▀[0m[38;2;184;128;67m[48;2;184;128;67m▀[0m[38;2;249;245;57m[48;2;249;245;57m▀[0m[38;2;139;79;14m[48;2;139;79;14m▀[0m[38;2;189;188;187m[48;2;189;188;187m▀[0m[38;2;189;188;187m[48;2;189;188;187m▀[0m[38;2;189;188;187m[48;2;189;188;187m▀[0m[38;2;114;112;112m[48;2;114;112;112m▀[0m[38;2;114;112;112m▄ [38;2;114;112;112m▄[38;2;114;112;112m▄                       
                      [38;2;114;112;112m▄[38;2;114;112;112m▄[38;2;114;112;112m▄[38;2;114;112;112m[48;2;236;236;236m▀[0m[38;2;114;112;112m[48;2;236;236;236m▀[0m[38;2;236;236;236m[48;2;236;236;236m▀[0m[38;2;236;236;236m[48;2;236;236;236m▀[0m[38;2;189;188;187m[48;2;236;236;236m▀[0m[38;2;189;188;187m[48;2;189;188;187m▀[0m[38;2;114;112;112m[48;2;16;16;16m▀[0m[38;2;16;16;16m▀[38;2;16;16;16m▀ [38;2;16;16;16m▀[38;2;16;16;16m▀[38;2;16;16;16m▀ [38;2;16;16;16m▀[38;2;189;188;187m[48;2;16;16;16m▀[0m[38;2;184;128;67m[48;2;189;188;187m▀[0m[38;2;249;245;57m[48;2;184;128;67m▀[0m[38;2;139;79;14m[48;2;249;245;57m▀[0m[38;2;53;51;50m[48;2;139;79;14m▀[0m[38;2;249;127;116m[48;2;53;51;50m▀[0m[38;2;53;51;50m[48;2;184;128;67m▀[0m[38;2;184;128;67m[48;2;249;245;57m▀[0m[38;2;249;245;57m[48;2;16;16;16m▀[0m[38;2;139;79;14m▀[38;2;189;188;187m[48;2;16;16;16m▀[0m[38;2;189;188;187m[48;2;16;16;16m▀[0m[38;2;189;188;187m[48;2;16;16;16m▀[0m[38;2;16;16;16m▀[38;2;189;188;187m[48;2;16;16;16m▀[0m[38;2;189;188;187m[48;2;114;112;112m▀[0m[38;2;114;112;112m[48;2;189;188;187m▀[0m[38;2;189;188;187m[48;2;189;188;187m▀[0m[38;2;189;188;187m[48;2;189;188;187m▀[0m[38;2;114;112;112m[48;2;236;236;236m▀[0m[38;2;114;112;112m[48;2;236;236;236m▀[0m[38;2;114;112;112m▄                    
                     [38;2;114;112;112m▀[38;2;236;236;236m[48;2;16;16;16m▀[0m[38;2;236;236;236m[48;2;16;16;16m▀[0m[38;2;236;236;236m[48;2;189;188;187m▀[0m[38;2;189;188;187m[48;2;236;236;236m▀[0m[38;2;236;236;236m[48;2;236;236;236m▀[0m[38;2;236;236;236m[48;2;16;16;16m▀[0m[38;2;236;236;236m[48;2;16;16;16m▀[0m[38;2;236;236;236m[48;2;16;16;16m▀[0m[38;2;16;16;16m▀          [38;2;16;16;16m[48;2;40;39;39m▀[0m[38;2;16;16;16m[48;2;189;188;187m▀[0m[38;2;139;79;14m[48;2;40;39;39m▀[0m[38;2;16;16;16m[48;2;90;86;86m▀[0m[38;2;16;16;16m[48;2;90;86;86m▀[0m[38;2;16;16;16m[48;2;40;39;39m▀[0m[38;2;16;16;16m▀       [38;2;16;16;16m▀[38;2;189;188;187m[48;2;16;16;16m▀[0m[38;2;189;188;187m[48;2;189;188;187m▀[0m[38;2;189;188;187m[48;2;189;188;187m▀[0m[38;2;236;236;236m[48;2;189;188;187m▀[0m[38;2;236;236;236m[48;2;236;236;236m▀[0m[38;2;236;236;236m[48;2;236;236;236m▀[0m[38;2;114;112;112m[48;2;236;236;236m▀[0m[38;2;114;112;112m[48;2;236;236;236m▀[0m[38;2;114;112;112m▄                 
                        [38;2;16;16;16m▀[38;2;16;16;16m▀[38;2;16;16;16m▀       [38;2;40;39;39m▄[38;2;40;39;39m▄[38;2;16;16;16m▄[38;2;16;16;16m▄[38;2;16;16;16m▄[38;2;16;16;16m▄[38;2;40;39;39m[48;2;16;16;16m▀[0m[38;2;40;39;39m[48;2;40;39;39m▀[0m[38;2;189;188;187m[48;2;189;188;187m▀[0m[38;2;40;39;39m[48;2;189;188;187m▀[0m[38;2;90;86;86m[48;2;40;39;39m▀[0m[38;2;90;86;86m[48;2;90;86;86m▀[0m[38;2;40;39;39m[48;2;90;86;86m▀[0m[38;2;40;39;39m▄         [38;2;16;16;16m▀[38;2;16;16;16m▀[38;2;189;188;187m[48;2;16;16;16m▀[0m[38;2;189;188;187m[48;2;16;16;16m▀[0m[38;2;236;236;236m[48;2;16;16;16m▀[0m[38;2;236;236;236m[48;2;189;188;187m▀[0m[38;2;236;236;236m[48;2;236;236;236m▀[0m[38;2;236;236;236m[48;2;236;236;236m▀[0m[38;2;114;112;112m[48;2;236;236;236m▀[0m[38;2;114;112;112m[48;2;189;188;187m▀[0m[38;2;114;112;112m[48;2;236;236;236m▀[0m[38;2;114;112;112m▄             
                               [38;2;40;39;39m▄[38;2;40;39;39m[48;2;90;86;86m▀[0m[38;2;40;39;39m[48;2;255;250;32m▀[0m[38;2;90;86;86m[48;2;255;250;32m▀[0m[38;2;90;86;86m[48;2;90;86;86m▀[0m[38;2;90;86;86m[48;2;90;86;86m▀[0m[38;2;90;86;86m[48;2;90;86;86m▀[0m[38;2;90;86;86m[48;2;90;86;86m▀[0m[38;2;90;86;86m[48;2;90;86;86m▀[0m[38;2;90;86;86m[48;2;90;86;86m▀[0m[38;2;16;16;16m[48;2;90;86;86m▀[0m[38;2;16;16;16m[48;2;90;86;86m▀[0m[38;2;16;16;16m[48;2;16;16;16m▀[0m[38;2;16;16;16m[48;2;189;188;187m▀[0m[38;2;16;16;16m[48;2;189;188;187m▀[0m[38;2;16;16;16m[48;2;189;188;187m▀[0m[38;2;40;39;39m[48;2;16;16;16m▀[0m[38;2;16;16;16m▄[38;2;16;16;16m▄[38;2;16;16;16m▄[38;2;16;16;16m▄[38;2;40;39;39m▄         [38;2;16;16;16m▀[38;2;16;16;16m▀[38;2;16;16;16m▀[38;2;16;16;16m▀[38;2;16;16;16m▀[38;2;16;16;16m▀              
                             [38;2;40;39;39m▄[38;2;40;39;39m[48;2;186;137;20m▀[0m[38;2;255;250;32m[48;2;186;137;20m▀[0m[38;2;186;137;20m[48;2;90;86;86m▀[0m[38;2;90;86;86m[48;2;90;86;86m▀[0m[38;2;186;137;20m[48;2;90;86;86m▀[0m[38;2;255;250;32m[48;2;186;137;20m▀[0m[38;2;255;250;32m[48;2;255;250;32m▀[0m[38;2;255;250;32m[48;2;255;250;32m▀[0m[38;2;255;250;32m[48;2;255;250;32m▀[0m[38;2;255;250;32m[48;2;186;137;20m▀[0m[38;2;255;250;32m[48;2;90;86;86m▀[0m[38;2;255;250;32m[48;2;90;86;86m▀[0m[38;2;90;86;86m[48;2;90;86;86m▀[0m[38;2;40;39;39m[48;2;90;86;86m▀[0m[38;2;189;188;187m[48;2;16;16;16m▀[0m[38;2;189;188;187m[48;2;189;188;187m▀[0m[38;2;189;188;187m[48;2;189;188;187m▀[0m[38;2;16;16;16m[48;2;60;56;56m▀[0m[38;2;90;86;86m[48;2;16;16;16m▀[0m[38;2;90;86;86m[48;2;90;86;86m▀[0m[38;2;90;86;86m[48;2;186;137;20m▀[0m[38;2;60;56;56m[48;2;255;250;32m▀[0m[38;2;60;56;56m[48;2;60;56;56m▀[0m[38;2;40;39;39m[48;2;60;56;56m▀[0m[38;2;16;16;16m▄                           
      [38;2;0;0;0m▄[38;2;0;0;0m▄  [38;2;114;112;112m▄[38;2;114;112;112m▄[38;2;114;112;112m[48;2;236;236;236m▀[0m[38;2;114;112;112m[48;2;236;236;236m▀[0m[38;2;114;112;112m▄[38;2;114;112;112m▄[38;2;114;112;112m▄          [38;2;40;39;39m▄[38;2;40;39;39m[48;2;90;86;86m▀[0m[38;2;90;86;86m[48;2;90;86;86m▀[0m[38;2;90;86;86m[48;2;90;86;86m▀[0m[38;2;90;86;86m[48;2;90;86;86m▀[0m[38;2;90;86;86m[48;2;90;86;86m▀[0m[38;2;90;86;86m[48;2;90;86;86m▀[0m[38;2;90;86;86m[48;2;90;86;86m▀[0m[38;2;90;86;86m[48;2;90;86;86m▀[0m[38;2;90;86;86m[48;2;90;86;86m▀[0m[38;2;90;86;86m[48;2;90;86;86m▀[0m[38;2;90;86;86m[48;2;90;86;86m▀[0m[38;2;90;86;86m[48;2;90;86;86m▀[0m[38;2;90;86;86m[48;2;90;86;86m▀[0m[38;2;90;86;86m[48;2;90;86;86m▀[0m[38;2;90;86;86m[48;2;90;86;86m▀[0m[38;2;90;86;86m[48;2;90;86;86m▀[0m[38;2;16;16;16m[48;2;16;16;16m▀[0m[38;2;189;188;187m[48;2;189;188;187m▀[0m[38;2;16;16;16m[48;2;16;16;16m▀[0m[38;2;60;56;56m[48;2;189;188;187m▀[0m[38;2;16;16;16m[48;2;16;16;16m▀[0m[38;2;90;86;86m[48;2;90;86;86m▀[0m[38;2;90;86;86m[48;2;90;86;86m▀[0m[38;2;186;137;20m[48;2;90;86;86m▀[0m[38;2;255;250;32m[48;2;90;86;86m▀[0m[38;2;186;137;20m[48;2;186;137;20m▀[0m[38;2;186;137;20m[48;2;186;137;20m▀[0m[38;2;16;16;16m[48;2;186;137;20m▀[0m[38;2;16;16;16m▄                         
    [38;2;114;112;112m▄[38;2;114;112;112m[48;2;236;236;236m▀[0m[38;2;236;236;236m[48;2;236;236;236m▀[0m[38;2;236;236;236m[48;2;236;236;236m▀[0m[38;2;0;0;0m[48;2;236;236;236m▀[0m[38;2;0;0;0m[48;2;236;236;236m▀[0m[38;2;236;236;236m[48;2;236;236;236m▀[0m[38;2;236;236;236m[48;2;236;236;236m▀[0m[38;2;236;236;236m[48;2;236;236;236m▀[0m[38;2;236;236;236m[48;2;236;236;236m▀[0m[38;2;236;236;236m[48;2;236;236;236m▀[0m[38;2;236;236;236m[48;2;236;236;236m▀[0m[38;2;236;236;236m[48;2;114;112;112m▀[0m[38;2;114;112;112m[48;2;0;0;0m▀[0m        [38;2;16;16;16m▄[38;2;16;16;16m[48;2;90;86;86m▀[0m[38;2;90;86;86m[48;2;90;86;86m▀[0m[38;2;90;86;86m[48;2;255;250;32m▀[0m[38;2;255;250;32m[48;2;186;137;20m▀[0m[38;2;90;86;86m[48;2;255;250;32m▀[0m[38;2;90;86;86m[48;2;90;86;86m▀[0m[38;2;90;86;86m[48;2;90;86;86m▀[0m[38;2;90;86;86m[48;2;90;86;86m▀[0m[38;2;90;86;86m[48;2;90;86;86m▀[0m[38;2;90;86;86m[48;2;90;86;86m▀[0m[38;2;90;86;86m[48;2;90;86;86m▀[0m[38;2;90;86;86m[48;2;90;86;86m▀[0m[38;2;90;86;86m[48;2;90;86;86m▀[0m[38;2;90;86;86m[48;2;90;86;86m▀[0m[38;2;90;86;86m[48;2;90;86;86m▀[0m[38;2;90;86;86m[48;2;255;250;32m▀[0m[38;2;90;86;86m[48;2;90;86;86m▀[0m[38;2;16;16;16m[48;2;16;16;16m▀[0m[38;2;189;188;187m[48;2;189;188;187m▀[0m[38;2;16;16;16m[48;2;16;16;16m▀[0m[38;2;189;188;187m[48;2;189;188;187m▀[0m[38;2;16;16;16m[48;2;16;16;16m▀[0m[38;2;90;86;86m[48;2;90;86;86m▀[0m[38;2;90;86;86m[48;2;186;137;20m▀[0m[38;2;90;86;86m[48;2;255;250;32m▀[0m[38;2;90;86;86m[48;2;90;86;86m▀[0m[38;2;60;56;56m[48;2;90;86;86m▀[0m[38;2;60;56;56m[48;2;60;56;56m▀[0m[38;2;60;56;56m[48;2;60;56;56m▀[0m[38;2;16;16;16m[48;2;60;56;56m▀[0m[38;2;16;16;16m▄                        
  [38;2;114;112;112m▄[38;2;114;112;112m[48;2;236;236;236m▀[0m[38;2;236;236;236m[48;2;236;236;236m▀[0m[38;2;236;236;236m[48;2;236;236;236m▀[0m[38;2;236;236;236m[48;2;236;236;236m▀[0m[38;2;236;236;236m[48;2;236;236;236m▀[0m[38;2;236;236;236m[48;2;236;236;236m▀[0m[38;2;236;236;236m[48;2;236;236;236m▀[0m[38;2;236;236;236m[48;2;236;236;236m▀[0m[38;2;236;236;236m[48;2;236;236;236m▀[0m[38;2;236;236;236m[48;2;236;236;236m▀[0m[38;2;236;236;236m[48;2;236;236;236m▀[0m[38;2;236;236;236m[48;2;114;112;112m▀[0m[38;2;114;112;112m[48;2;159;158;158m▀[0m[38;2;159;158;158m[48;2;159;158;158m▀[0m[38;2;0;0;0m[48;2;0;0;0m▀[0m       [38;2;16;16;16m▄[38;2;16;16;16m[48;2;186;137;20m▀[0m[38;2;186;137;20m[48;2;186;137;20m▀[0m[38;2;255;250;32m[48;2;186;137;20m▀[0m[38;2;186;137;20m[48;2;90;86;86m▀[0m[38;2;90;86;86m[48;2;90;86;86m▀[0m[38;2;186;137;20m[48;2;90;86;86m▀[0m[38;2;255;250;32m[48;2;186;137;20m▀[0m[38;2;255;250;32m[48;2;255;250;32m▀[0m[38;2;90;86;86m[48;2;255;250;32m▀[0m[38;2;90;86;86m[48;2;255;250;32m▀[0m[38;2;90;86;86m[48;2;255;250;32m▀[0m[38;2;90;86;86m[48;2;255;250;32m▀[0m[38;2;90;86;86m[48;2;255;250;32m▀[0m[38;2;90;86;86m[48;2;255;250;32m▀[0m[38;2;255;250;32m[48;2;255;250;32m▀[0m[38;2;255;250;32m[48;2;186;137;20m▀[0m[38;2;186;137;20m[48;2;90;86;86m▀[0m[38;2;90;86;86m[48;2;90;86;86m▀[0m[38;2;16;16;16m[48;2;90;86;86m▀[0m[38;2;40;39;39m[48;2;16;16;16m▀[0m[38;2;189;188;187m[48;2;189;188;187m▀[0m[38;2;189;188;187m[48;2;189;188;187m▀[0m[38;2;16;16;16m[48;2;189;188;187m▀[0m[38;2;90;86;86m[48;2;16;16;16m▀[0m[38;2;90;86;86m[48;2;90;86;86m▀[0m[38;2;186;137;20m[48;2;90;86;86m▀[0m[38;2;255;250;32m[48;2;186;137;20m▀[0m[38;2;90;86;86m[48;2;255;250;32m▀[0m[38;2;60;56;56m[48;2;255;250;32m▀[0m[38;2;60;56;56m[48;2;60;56;56m▀[0m[38;2;60;56;56m[48;2;60;56;56m▀[0m[38;2;16;16;16m[48;2;60;56;56m▀[0m[38;2;16;16;16m▄                       
  [38;2;0;0;0m[48;2;114;112;112m▀[0m[38;2;0;0;0m[48;2;159;158;158m▀[0m[38;2;236;236;236m[48;2;0;0;0m▀[0m[38;2;236;236;236m[48;2;0;0;0m▀[0m[38;2;236;236;236m[48;2;236;236;236m▀[0m[38;2;236;236;236m[48;2;236;236;236m▀[0m[38;2;236;236;236m[48;2;236;236;236m▀[0m[38;2;236;236;236m[48;2;236;236;236m▀[0m[38;2;236;236;236m[48;2;189;188;187m▀[0m[38;2;236;236;236m[48;2;189;188;187m▀[0m[38;2;189;188;187m[48;2;189;188;187m▀[0m[38;2;114;112;112m[48;2;114;112;112m▀[0m[38;2;159;158;158m[48;2;159;158;158m▀[0m[38;2;159;158;158m[48;2;159;158;158m▀[0m[38;2;159;158;158m[48;2;159;158;158m▀[0m[38;2;0;0;0m[48;2;0;0;0m▀[0m       [38;2;16;16;16m[48;2;16;16;16m▀[0m[38;2;186;137;20m[48;2;60;56;56m▀[0m[38;2;186;137;20m[48;2;90;86;86m▀[0m[38;2;90;86;86m[48;2;90;86;86m▀[0m[38;2;90;86;86m[48;2;90;86;86m▀[0m[38;2;90;86;86m[48;2;90;86;86m▀[0m[38;2;90;86;86m[48;2;90;86;86m▀[0m[38;2;90;86;86m[48;2;90;86;86m▀[0m[38;2;186;137;20m[48;2;90;86;86m▀[0m[38;2;255;250;32m[48;2;90;86;86m▀[0m[38;2;255;250;32m[48;2;186;137;20m▀[0m[38;2;255;250;32m[48;2;186;137;20m▀[0m[38;2;255;250;32m[48;2;186;137;20m▀[0m[38;2;255;250;32m[48;2;90;86;86m▀[0m[38;2;186;137;20m[48;2;90;86;86m▀[0m[38;2;90;86;86m[48;2;90;86;86m▀[0m[38;2;90;86;86m[48;2;90;86;86m▀[0m[38;2;90;86;86m[48;2;90;86;86m▀[0m[38;2;90;86;86m[48;2;90;86;86m▀[0m[38;2;90;86;86m[48;2;90;86;86m▀[0m[38;2;16;16;16m[48;2;16;16;16m▀[0m[38;2;189;188;187m[48;2;40;39;39m▀[0m[38;2;189;188;187m[48;2;189;188;187m▀[0m[38;2;189;188;187m[48;2;189;188;187m▀[0m[38;2;16;16;16m[48;2;16;16;16m▀[0m[38;2;90;86;86m[48;2;90;86;86m▀[0m[38;2;90;86;86m[48;2;90;86;86m▀[0m[38;2;90;86;86m[48;2;90;86;86m▀[0m[38;2;186;137;20m[48;2;90;86;86m▀[0m[38;2;255;250;32m[48;2;186;137;20m▀[0m[38;2;186;137;20m[48;2;186;137;20m▀[0m[38;2;186;137;20m[48;2;186;137;20m▀[0m[38;2;186;137;20m[48;2;186;137;20m▀[0m[38;2;16;16;16m[48;2;16;16;16m▀[0m                       
  [38;2;114;112;112m▀[38;2;159;158;158m[48;2;114;112;112m▀[0m[38;2;159;158;158m[48;2;159;158;158m▀[0m[38;2;0;0;0m[48;2;0;0;0m▀[0m[38;2;236;236;236m[48;2;189;188;187m▀[0m[38;2;236;236;236m[48;2;189;188;187m▀[0m[38;2;189;188;187m[48;2;189;188;187m▀[0m[38;2;189;188;187m[48;2;189;188;187m▀[0m[38;2;189;188;187m[48;2;189;188;187m▀[0m[38;2;189;188;187m[48;2;189;188;187m▀[0m[38;2;189;188;187m[48;2;189;188;187m▀[0m[38;2;114;112;112m[48;2;114;112;112m▀[0m[38;2;159;158;158m[48;2;159;158;158m▀[0m[38;2;159;158;158m[48;2;0;0;0m▀[0m[38;2;0;0;0m▀       [38;2;16;16;16m▄[38;2;16;16;16m[48;2;60;56;56m▀[0m[38;2;60;56;56m[48;2;60;56;56m▀[0m[38;2;90;86;86m[48;2;60;56;56m▀[0m[38;2;90;86;86m[48;2;90;86;86m▀[0m[38;2;90;86;86m[48;2;114;112;112m▀[0m[38;2;90;86;86m[48;2;114;112;112m▀[0m[38;2;90;86;86m[48;2;90;86;86m▀[0m[38;2;90;86;86m[48;2;90;86;86m▀[0m[38;2;90;86;86m[48;2;90;86;86m▀[0m[38;2;90;86;86m[48;2;90;86;86m▀[0m[38;2;90;86;86m[48;2;90;86;86m▀[0m[38;2;90;86;86m[48;2;90;86;86m▀[0m[38;2;90;86;86m[48;2;90;86;86m▀[0m[38;2;90;86;86m[48;2;90;86;86m▀[0m[38;2;90;86;86m[48;2;90;86;86m▀[0m[38;2;90;86;86m[48;2;90;86;86m▀[0m[38;2;90;86;86m[48;2;90;86;86m▀[0m[38;2;90;86;86m[48;2;90;86;86m▀[0m[38;2;90;86;86m[48;2;90;86;86m▀[0m[38;2;90;86;86m[48;2;60;56;56m▀[0m[38;2;16;16;16m[48;2;16;16;16m▀[0m[38;2;40;39;39m[48;2;40;39;39m▀[0m[38;2;189;188;187m[48;2;40;39;39m▀[0m[38;2;189;188;187m[48;2;189;188;187m▀[0m[38;2;16;16;16m[48;2;16;16;16m▀[0m[38;2;90;86;86m[48;2;90;86;86m▀[0m[38;2;90;86;86m[48;2;90;86;86m▀[0m[38;2;90;86;86m[48;2;90;86;86m▀[0m[38;2;90;86;86m[48;2;90;86;86m▀[0m[38;2;60;56;56m[48;2;60;56;56m▀[0m[38;2;60;56;56m[48;2;60;56;56m▀[0m[38;2;186;137;20m[48;2;60;56;56m▀[0m[38;2;186;137;20m[48;2;60;56;56m▀[0m[38;2;60;56;56m[48;2;60;56;56m▀[0m[38;2;16;16;16m[48;2;16;16;16m▀[0m                      
[38;2;0;0;0m▄[38;2;114;112;112m▄[38;2;114;112;112m▄[38;2;114;112;112m[48;2;189;188;187m▀[0m[38;2;114;112;112m[48;2;189;188;187m▀[0m[38;2;0;0;0m[48;2;189;188;187m▀[0m[38;2;189;188;187m[48;2;189;188;187m▀[0m[38;2;189;188;187m[48;2;189;188;187m▀[0m[38;2;189;188;187m[48;2;189;188;187m▀[0m[38;2;189;188;187m[48;2;189;188;187m▀[0m[38;2;189;188;187m[48;2;189;188;187m▀[0m[38;2;189;188;187m[48;2;189;188;187m▀[0m[38;2;189;188;187m[48;2;189;188;187m▀[0m[38;2;189;188;187m[48;2;189;188;187m▀[0m[38;2;0;0;0m[48;2;189;188;187m▀[0m[38;2;0;0;0m▄[38;2;0;0;0m▄       [38;2;16;16;16m[48;2;16;16;16m▀[0m[38;2;53;51;50m[48;2;114;112;112m▀[0m[38;2;53;51;50m[48;2;114;112;112m▀[0m[38;2;53;51;50m[48;2;114;112;112m▀[0m[38;2;114;112;112m[48;2;189;188;187m▀[0m[38;2;189;188;187m[48;2;189;188;187m▀[0m[38;2;189;188;187m[48;2;189;188;187m▀[0m[38;2;114;112;112m[48;2;189;188;187m▀[0m[38;2;114;112;112m[48;2;189;188;187m▀[0m[38;2;53;51;50m[48;2;114;112;112m▀[0m[38;2;53;51;50m[48;2;0;0;0m▀[0m[38;2;53;51;50m[48;2;53;51;50m▀[0m[38;2;90;86;86m[48;2;53;51;50m▀[0m[38;2;90;86;86m[48;2;53;51;50m▀[0m[38;2;90;86;86m[48;2;53;51;50m▀[0m[38;2;90;86;86m[48;2;53;51;50m▀[0m[38;2;90;86;86m[48;2;53;51;50m▀[0m[38;2;90;86;86m[48;2;53;51;50m▀[0m[38;2;90;86;86m[48;2;53;51;50m▀[0m[38;2;60;56;56m[48;2;53;51;50m▀[0m[38;2;60;56;56m[48;2;53;51;50m▀[0m[38;2;16;16;16m[48;2;16;16;16m▀[0m[38;2;16;16;16m[48;2;16;16;16m▀[0m[38;2;40;39;39m[48;2;16;16;16m▀[0m[38;2;189;188;187m[48;2;114;112;112m▀[0m[38;2;16;16;16m[48;2;16;16;16m▀[0m[38;2;90;86;86m[48;2;53;51;50m▀[0m[38;2;90;86;86m[48;2;53;51;50m▀[0m[38;2;90;86;86m[48;2;53;51;50m▀[0m[38;2;60;56;56m[48;2;53;51;50m▀[0m[38;2;60;56;56m[48;2;60;56;56m▀[0m[38;2;60;56;56m[48;2;60;56;56m▀[0m[38;2;60;56;56m[48;2;60;56;56m▀[0m[38;2;60;56;56m[48;2;60;56;56m▀[0m[38;2;60;56;56m[48;2;60;56;56m▀[0m[38;2;16;16;16m[48;2;16;16;16m▀[0m                      
[38;2;0;0;0m[48;2;0;0;0m▀[0m[38;2;189;188;187m[48;2;189;188;187m▀[0m[38;2;189;188;187m[48;2;189;188;187m▀[0m[38;2;189;188;187m[48;2;189;188;187m▀[0m[38;2;189;188;187m[48;2;189;188;187m▀[0m[38;2;189;188;187m[48;2;189;188;187m▀[0m[38;2;189;188;187m[48;2;189;188;187m▀[0m[38;2;189;188;187m[48;2;189;188;187m▀[0m[38;2;189;188;187m[48;2;189;188;187m▀[0m[38;2;189;188;187m[48;2;189;188;187m▀[0m[38;2;189;188;187m[48;2;189;188;187m▀[0m[38;2;189;188;187m[48;2;189;188;187m▀[0m[38;2;189;188;187m[48;2;189;188;187m▀[0m[38;2;189;188;187m[48;2;189;188;187m▀[0m[38;2;189;188;187m[48;2;189;188;187m▀[0m[38;2;189;188;187m[48;2;189;188;187m▀[0m[38;2;189;188;187m[48;2;189;188;187m▀[0m[38;2;0;0;0m[48;2;189;188;187m▀[0m[38;2;0;0;0m[48;2;189;188;187m▀[0m[38;2;0;0;0m[48;2;189;188;187m▀[0m[38;2;0;0;0m[48;2;189;188;187m▀[0m[38;2;114;112;112m[48;2;189;188;187m▀[0m[38;2;114;112;112m[48;2;189;188;187m▀[0m[38;2;114;112;112m[48;2;189;188;187m▀[0m[38;2;114;112;112m[48;2;189;188;187m▀[0m[38;2;189;188;187m[48;2;189;188;187m▀[0m[38;2;189;188;187m[48;2;189;188;187m▀[0m[38;2;189;188;187m[48;2;189;188;187m▀[0m[38;2;189;188;187m[48;2;189;188;187m▀[0m[38;2;189;188;187m[48;2;189;188;187m▀[0m[38;2;189;188;187m[48;2;189;188;187m▀[0m[38;2;189;188;187m[48;2;189;188;187m▀[0m[38;2;189;188;187m[48;2;189;188;187m▀[0m[38;2;189;188;187m[48;2;114;112;112m▀[0m[38;2;114;112;112m[48;2;159;158;158m▀[0m[38;2;0;0;0m[48;2;0;0;0m▀[0m[38;2;53;51;50m[48;2;236;236;236m▀[0m[38;2;53;51;50m[48;2;236;236;236m▀[0m[38;2;53;51;50m[48;2;236;236;236m▀[0m[38;2;53;51;50m[48;2;236;236;236m▀[0m[38;2;53;51;50m[48;2;236;236;236m▀[0m[38;2;53;51;50m[48;2;236;236;236m▀[0m[38;2;53;51;50m[48;2;189;188;187m▀[0m[38;2;53;51;50m[48;2;159;158;158m▀[0m[38;2;53;51;50m[48;2;189;188;187m▀[0m[38;2;16;16;16m[48;2;16;16;16m▀[0m[38;2;159;158;158m[48;2;16;16;16m▀[0m[38;2;16;16;16m[48;2;189;188;187m▀[0m[38;2;189;188;187m[48;2;189;188;187m▀[0m[38;2;16;16;16m[48;2;16;16;16m▀[0m[38;2;53;51;50m[48;2;159;158;158m▀[0m[38;2;53;51;50m[48;2;189;188;187m▀[0m[38;2;53;51;50m[48;2;189;188;187m▀[0m[38;2;53;51;50m[48;2;189;188;187m▀[0m[38;2;53;51;50m[48;2;53;51;50m▀[0m[38;2;53;51;50m[48;2;53;51;50m▀[0m[38;2;53;51;50m[48;2;53;51;50m▀[0m[38;2;53;51;50m[48;2;53;51;50m▀[0m[38;2;53;51;50m[48;2;53;51;50m▀[0m[38;2;16;16;16m[48;2;16;16;16m▀[0m                      
[38;2;0;0;0m[48;2;0;0;0m▀[0m[38;2;189;188;187m[48;2;0;0;0m▀[0m[38;2;189;188;187m[48;2;0;0;0m▀[0m[38;2;189;188;187m[48;2;0;0;0m▀[0m[38;2;189;188;187m[48;2;0;0;0m▀[0m[38;2;0;0;0m[48;2;159;158;158m▀[0m[38;2;0;0;0m[48;2;159;158;158m▀[0m[38;2;0;0;0m[48;2;114;112;112m▀[0m[38;2;114;112;112m[48;2;159;158;158m▀[0m[38;2;189;188;187m[48;2;114;112;112m▀[0m[38;2;189;188;187m[48;2;189;188;187m▀[0m[38;2;189;188;187m[48;2;189;188;187m▀[0m[38;2;189;188;187m[48;2;189;188;187m▀[0m[38;2;189;188;187m[48;2;189;188;187m▀[0m[38;2;189;188;187m[48;2;189;188;187m▀[0m[38;2;189;188;187m[48;2;189;188;187m▀[0m[38;2;189;188;187m[48;2;189;188;187m▀[0m[38;2;189;188;187m[48;2;189;188;187m▀[0m[38;2;189;188;187m[48;2;189;188;187m▀[0m[38;2;189;188;187m[48;2;189;188;187m▀[0m[38;2;189;188;187m[48;2;189;188;187m▀[0m[38;2;189;188;187m[48;2;189;188;187m▀[0m[38;2;189;188;187m[48;2;189;188;187m▀[0m[38;2;189;188;187m[48;2;189;188;187m▀[0m[38;2;189;188;187m[48;2;189;188;187m▀[0m[38;2;189;188;187m[48;2;189;188;187m▀[0m[38;2;189;188;187m[48;2;189;188;187m▀[0m[38;2;189;188;187m[48;2;189;188;187m▀[0m[38;2;189;188;187m[48;2;189;188;187m▀[0m[38;2;189;188;187m[48;2;189;188;187m▀[0m[38;2;189;188;187m[48;2;189;188;187m▀[0m[38;2;189;188;187m[48;2;189;188;187m▀[0m[38;2;189;188;187m[48;2;189;188;187m▀[0m[38;2;114;112;112m[48;2;189;188;187m▀[0m[38;2;159;158;158m[48;2;114;112;112m▀[0m[38;2;159;158;158m[48;2;159;158;158m▀[0m[38;2;0;0;0m[48;2;0;0;0m▀[0m[38;2;236;236;236m[48;2;236;236;236m▀[0m[38;2;236;236;236m[48;2;159;158;158m▀[0m[38;2;236;236;236m[48;2;159;158;158m▀[0m[38;2;236;236;236m[48;2;159;158;158m▀[0m[38;2;159;158;158m[48;2;189;188;187m▀[0m[38;2;159;158;158m[48;2;189;188;187m▀[0m[38;2;189;188;187m[48;2;16;16;16m▀[0m[38;2;16;16;16m[48;2;159;158;158m▀[0m[38;2;159;158;158m[48;2;114;112;112m▀[0m[38;2;16;16;16m[48;2;16;16;16m▀[0m[38;2;189;188;187m[48;2;189;188;187m▀[0m[38;2;189;188;187m[48;2;189;188;187m▀[0m[38;2;16;16;16m[48;2;189;188;187m▀[0m[38;2;189;188;187m[48;2;16;16;16m▀[0m[38;2;159;158;158m[48;2;189;188;187m▀[0m[38;2;189;188;187m[48;2;159;158;158m▀[0m[38;2;189;188;187m[48;2;189;188;187m▀[0m[38;2;189;188;187m[48;2;189;188;187m▀[0m[38;2;189;188;187m[48;2;189;188;187m▀[0m[38;2;189;188;187m[48;2;159;158;158m▀[0m[38;2;189;188;187m[48;2;159;158;158m▀[0m[38;2;159;158;158m[48;2;189;188;187m▀[0m[38;2;16;16;16m[48;2;16;16;16m▀[0m                      
[38;2;0;0;0m▀[38;2;159;158;158m[48;2;0;0;0m▀[0m[38;2;159;158;158m[48;2;159;158;158m▀[0m[38;2;159;158;158m[48;2;159;158;158m▀[0m[38;2;159;158;158m[48;2;159;158;158m▀[0m[38;2;159;158;158m[48;2;159;158;158m▀[0m[38;2;159;158;158m[48;2;159;158;158m▀[0m[38;2;114;112;112m[48;2;114;112;112m▀[0m[38;2;159;158;158m[48;2;159;158;158m▀[0m[38;2;159;158;158m[48;2;114;112;112m▀[0m[38;2;114;112;112m[48;2;189;188;187m▀[0m[38;2;189;188;187m[48;2;189;188;187m▀[0m[38;2;189;188;187m[48;2;189;188;187m▀[0m[38;2;189;188;187m[48;2;189;188;187m▀[0m[38;2;189;188;187m[48;2;189;188;187m▀[0m[38;2;189;188;187m[48;2;189;188;187m▀[0m[38;2;189;188;187m[48;2;189;188;187m▀[0m[38;2;189;188;187m[48;2;189;188;187m▀[0m[38;2;189;188;187m[48;2;189;188;187m▀[0m[38;2;189;188;187m[48;2;114;112;112m▀[0m[38;2;189;188;187m[48;2;114;112;112m▀[0m[38;2;189;188;187m[48;2;114;112;112m▀[0m[38;2;189;188;187m[48;2;114;112;112m▀[0m[38;2;189;188;187m[48;2;114;112;112m▀[0m[38;2;114;112;112m[48;2;159;158;158m▀[0m[38;2;114;112;112m[48;2;159;158;158m▀[0m[38;2;189;188;187m[48;2;114;112;112m▀[0m[38;2;189;188;187m[48;2;189;188;187m▀[0m[38;2;189;188;187m[48;2;189;188;187m▀[0m[38;2;189;188;187m[48;2;189;188;187m▀[0m[38;2;189;188;187m[48;2;189;188;187m▀[0m[38;2;189;188;187m[48;2;189;188;187m▀[0m[38;2;189;188;187m[48;2;189;188;187m▀[0m[38;2;189;188;187m[48;2;114;112;112m▀[0m[38;2;189;188;187m[48;2;114;112;112m▀[0m[38;2;0;0;0m[48;2;159;158;158m▀[0m[38;2;159;158;158m[48;2;0;0;0m▀[0m[38;2;159;158;158m[48;2;236;236;236m▀[0m[38;2;236;236;236m[48;2;236;236;236m▀[0m[38;2;236;236;236m[48;2;189;188;187m▀[0m[38;2;189;188;187m[48;2;16;16;16m▀[0m[38;2;189;188;187m[48;2;16;16;16m▀[0m[38;2;16;16;16m▀[38;2;16;16;16m▀[38;2;159;158;158m[48;2;16;16;16m▀[0m[38;2;159;158;158m[48;2;159;158;158m▀[0m[38;2;114;112;112m[48;2;159;158;158m▀[0m[38;2;16;16;16m[48;2;159;158;158m▀[0m[38;2;189;188;187m[48;2;16;16;16m▀[0m[38;2;189;188;187m[48;2;16;16;16m▀[0m[38;2;16;16;16m[48;2;114;112;112m▀[0m[38;2;189;188;187m[48;2;16;16;16m▀[0m[38;2;189;188;187m[48;2;189;188;187m▀[0m[38;2;159;158;158m[48;2;189;188;187m▀[0m[38;2;159;158;158m[48;2;189;188;187m▀[0m[38;2;159;158;158m[48;2;189;188;187m▀[0m[38;2;189;188;187m[48;2;189;188;187m▀[0m[38;2;189;188;187m[48;2;16;16;16m▀[0m[38;2;16;16;16m[48;2;16;16;16m▀[0m                       
 [38;2;0;0;0m▀[38;2;159;158;158m[48;2;0;0;0m▀[0m[38;2;159;158;158m[48;2;0;0;0m▀[0m[38;2;159;158;158m[48;2;0;0;0m▀[0m[38;2;0;0;0m▀[38;2;0;0;0m▀[38;2;0;0;0m▀[38;2;114;112;112m[48;2;0;0;0m▀[0m[38;2;189;188;187m[48;2;114;112;112m▀[0m[38;2;189;188;187m[48;2;114;112;112m▀[0m[38;2;189;188;187m[48;2;114;112;112m▀[0m[38;2;189;188;187m[48;2;189;188;187m▀[0m[38;2;189;188;187m[48;2;189;188;187m▀[0m[38;2;189;188;187m[48;2;189;188;187m▀[0m[38;2;189;188;187m[48;2;189;188;187m▀[0m[38;2;189;188;187m[48;2;189;188;187m▀[0m[38;2;189;188;187m[48;2;0;0;0m▀[0m[38;2;0;0;0m[48;2;159;158;158m▀[0m[38;2;159;158;158m[48;2;114;112;112m▀[0m[38;2;159;158;158m[48;2;159;158;158m▀[0m[38;2;159;158;158m[48;2;159;158;158m▀[0m[38;2;159;158;158m[48;2;159;158;158m▀[0m[38;2;159;158;158m[48;2;159;158;158m▀[0m[38;2;159;158;158m[48;2;159;158;158m▀[0m[38;2;159;158;158m[48;2;159;158;158m▀[0m[38;2;114;112;112m[48;2;114;112;112m▀[0m[38;2;189;188;187m[48;2;189;188;187m▀[0m[38;2;189;188;187m[48;2;114;112;112m▀[0m[38;2;189;188;187m[48;2;114;112;112m▀[0m[38;2;189;188;187m[48;2;114;112;112m▀[0m[38;2;114;112;112m[48;2;159;158;158m▀[0m[38;2;114;112;112m[48;2;159;158;158m▀[0m[38;2;159;158;158m[48;2;159;158;158m▀[0m[38;2;159;158;158m[48;2;159;158;158m▀[0m[38;2;159;158;158m[48;2;159;158;158m▀[0m[38;2;0;0;0m[48;2;0;0;0m▀[0m[38;2;16;16;16m[48;2;189;188;187m▀[0m[38;2;16;16;16m[48;2;16;16;16m▀[0m[38;2;16;16;16m▀     [38;2;16;16;16m▀[38;2;16;16;16m▀[38;2;16;16;16m▀ [38;2;16;16;16m[48;2;16;16;16m▀[0m[38;2;189;188;187m[48;2;189;188;187m▀[0m[38;2;189;188;187m[48;2;189;188;187m▀[0m[38;2;16;16;16m[48;2;189;188;187m▀[0m[38;2;189;188;187m[48;2;16;16;16m▀[0m[38;2;189;188;187m[48;2;16;16;16m▀[0m[38;2;189;188;187m[48;2;16;16;16m▀[0m[38;2;16;16;16m▀[38;2;189;188;187m[48;2;16;16;16m▀[0m[38;2;16;16;16m▀                       
        [38;2;0;0;0m[48;2;0;0;0m▀[0m[38;2;159;158;158m[48;2;159;158;158m▀[0m[38;2;159;158;158m[48;2;159;158;158m▀[0m[38;2;159;158;158m[48;2;159;158;158m▀[0m[38;2;114;112;112m[48;2;159;158;158m▀[0m[38;2;114;112;112m[48;2;159;158;158m▀[0m[38;2;114;112;112m[48;2;159;158;158m▀[0m[38;2;114;112;112m[48;2;159;158;158m▀[0m[38;2;0;0;0m[48;2;0;0;0m▀[0m[38;2;159;158;158m[48;2;159;158;158m▀[0m[38;2;159;158;158m[48;2;159;158;158m▀[0m[38;2;114;112;112m[48;2;0;0;0m▀[0m[38;2;159;158;158m[48;2;0;0;0m▀[0m[38;2;159;158;158m[48;2;0;0;0m▀[0m[38;2;159;158;158m[48;2;0;0;0m▀[0m[38;2;159;158;158m[48;2;0;0;0m▀[0m[38;2;0;0;0m▀[38;2;0;0;0m▀[38;2;0;0;0m▀[38;2;0;0;0m[48;2;0;0;0m▀[0m[38;2;159;158;158m[48;2;159;158;158m▀[0m[38;2;159;158;158m[48;2;159;158;158m▀[0m[38;2;159;158;158m[48;2;159;158;158m▀[0m[38;2;159;158;158m[48;2;159;158;158m▀[0m[38;2;159;158;158m[48;2;159;158;158m▀[0m[38;2;159;158;158m[48;2;159;158;158m▀[0m[38;2;159;158;158m[48;2;0;0;0m▀[0m[38;2;159;158;158m[48;2;0;0;0m▀[0m[38;2;0;0;0m[48;2;16;16;16m▀[0m[38;2;189;188;187m[48;2;16;16;16m▀[0m[38;2;189;188;187m[48;2;16;16;16m▀[0m[38;2;16;16;16m▀          [38;2;16;16;16m▀[38;2;16;16;16m[48;2;16;16;16m▀[0m[38;2;114;112;112m[48;2;189;188;187m▀[0m[38;2;189;188;187m[48;2;189;188;187m▀[0m[38;2;16;16;16m[48;2;16;16;16m▀[0m                           
        [38;2;0;0;0m[48;2;0;0;0m▀[0m[38;2;159;158;158m[48;2;159;158;158m▀[0m[38;2;159;158;158m[48;2;159;158;158m▀[0m[38;2;159;158;158m[48;2;159;158;158m▀[0m[38;2;159;158;158m[48;2;159;158;158m▀[0m[38;2;159;158;158m[48;2;159;158;158m▀[0m[38;2;159;158;158m[48;2;159;158;158m▀[0m[38;2;159;158;158m[48;2;159;158;158m▀[0m[38;2;0;0;0m[48;2;0;0;0m▀[0m[38;2;159;158;158m[48;2;0;0;0m▀[0m[38;2;0;0;0m▀        [38;2;0;0;0m▀[38;2;159;158;158m[48;2;0;0;0m▀[0m[38;2;159;158;158m[48;2;0;0;0m▀[0m[38;2;159;158;158m[48;2;0;0;0m▀[0m[38;2;0;0;0m▀[38;2;0;0;0m[48;2;16;16;16m▀[0m[38;2;0;0;0m[48;2;189;188;187m▀[0m[38;2;189;188;187m[48;2;189;188;187m▀[0m[38;2;189;188;187m[48;2;16;16;16m▀[0m[38;2;16;16;16m▀              [38;2;16;16;16m▀[38;2;189;188;187m[48;2;16;16;16m▀[0m[38;2;189;188;187m[48;2;189;188;187m▀[0m[38;2;16;16;16m[48;2;189;188;187m▀[0m[38;2;16;16;16m▄                          
         [38;2;0;0;0m▀[38;2;0;0;0m▀[38;2;0;0;0m▀[38;2;159;158;158m[48;2;0;0;0m▀[0m[38;2;159;158;158m[48;2;0;0;0m▀[0m[38;2;159;158;158m[48;2;0;0;0m▀[0m[38;2;159;158;158m[48;2;0;0;0m▀[0m[38;2;0;0;0m▀              [38;2;16;16;16m▄[38;2;16;16;16m[48;2;236;236;236m▀[0m[38;2;189;188;187m[48;2;189;188;187m▀[0m[38;2;189;188;187m[48;2;16;16;16m▀[0m[38;2;16;16;16m▀                [38;2;16;16;16m▀[38;2;189;188;187m[48;2;16;16;16m▀[0m[38;2;189;188;187m[48;2;189;188;187m▀[0m[38;2;16;16;16m[48;2;16;16;16m▀[0m                          
                               [38;2;16;16;16m[48;2;16;16;16m▀[0m[38;2;236;236;236m[48;2;236;236;236m▀[0m[38;2;189;188;187m[48;2;16;16;16m▀[0m[38;2;16;16;16m▀                  [38;2;16;16;16m▀[38;2;189;188;187m[48;2;16;16;16m▀[0m[38;2;16;16;16m▀                          
                               [38;2;114;112;112m▀[38;2;236;236;236m[48;2;16;16;16m▀[0m[38;2;16;16;16m▀                                                
[0m