                             [38;2;125;120;121m▄[38;2;125;120;121m[48;2;250;249;249m▀[0m[38;2;125;120;121m[48;2;250;249;249m▀[0m[38;2;125;120;121m[48;2;250;249;249m▀[0m[38;2;125;120;121m▄             
                            [38;2;125;120;121m[48;2;125;120;121m▀[0m[38;2;250;249;249m[48;2;250;249;249m▀[0m[38;2;250;249;249m[48;2;250;249;249m▀[0m[38;2;250;249;249m[48;2;250;249;249m▀[0m[38;2;250;249;249m[48;2;250;249;249m▀[0m[38;2;250;249;249m[48;2;250;249;249m▀[0m[38;2;125;120;121m[48;2;250;249;249m▀[0m[38;2;125;120;121m▄           
 [38;2;146;95;35m▄[38;2;146;95;35m[48;2;255;237;151m▀[0m[38;2;146;95;35m[48;2;255;237;151m▀[0m[38;2;146;95;35m[48;2;255;237;151m▀[0m[38;2;146;95;35m▄[38;2;146;95;35m▄                    [38;2;125;120;121m[48;2;125;120;121m▀[0m[38;2;250;249;249m[48;2;250;249;249m▀[0m[38;2;250;249;249m[48;2;250;249;249m▀[0m[38;2;250;249;249m[48;2;182;180;193m▀[0m[38;2;182;180;193m[48;2;80;106;203m▀[0m[38;2;250;249;249m[48;2;182;180;193m▀[0m[38;2;250;249;249m[48;2;250;249;249m▀[0m[38;2;250;249;249m[48;2;250;249;249m▀[0m[38;2;125;120;121m[48;2;250;249;249m▀[0m[38;2;125;120;121m▄          
[38;2;146;95;35m[48;2;146;95;35m▀[0m[38;2;255;237;151m[48;2;255;237;151m▀[0m[38;2;255;237;151m[48;2;255;237;151m▀[0m[38;2;255;237;151m[48;2;255;237;151m▀[0m[38;2;255;237;151m[48;2;255;237;151m▀[0m[38;2;255;237;151m[48;2;255;237;151m▀[0m[38;2;251;222;135m[48;2;251;222;135m▀[0m[38;2;0;0;0m[48;2;251;222;135m▀[0m[38;2;0;0;0m▄                  [38;2;125;120;121m[48;2;125;120;121m▀[0m[38;2;250;249;249m[48;2;250;249;249m▀[0m[38;2;182;180;193m[48;2;182;180;193m▀[0m[38;2;80;106;203m[48;2;80;106;203m▀[0m[38;2;80;106;203m[48;2;80;106;203m▀[0m[38;2;80;106;203m[48;2;80;106;203m▀[0m[38;2;182;180;193m[48;2;182;180;193m▀[0m[38;2;250;249;249m[48;2;250;249;249m▀[0m[38;2;250;249;249m[48;2;250;249;249m▀[0m[38;2;125;120;121m[48;2;125;120;121m▀[0m          
[38;2;146;95;35m[48;2;146;95;35m▀[0m[38;2;255;237;151m[48;2;255;237;151m▀[0m[38;2;255;237;151m[48;2;182;180;193m▀[0m[38;2;182;180;193m[48;2;80;106;203m▀[0m[38;2;255;237;151m[48;2;182;180;193m▀[0m[38;2;255;237;151m[48;2;255;237;151m▀[0m[38;2;251;222;135m[48;2;251;222;135m▀[0m[38;2;230;178;114m[48;2;230;178;114m▀[0m[38;2;251;222;135m[48;2;251;222;135m▀[0m[38;2;0;0;0m[48;2;0;0;0m▀[0m                 [38;2;125;120;121m[48;2;125;120;121m▀[0m[38;2;250;249;249m[48;2;250;249;249m▀[0m[38;2;80;106;203m[48;2;80;106;203m▀[0m[38;2;182;180;193m[48;2;182;180;193m▀[0m[38;2;182;180;193m[48;2;80;106;203m▀[0m[38;2;182;180;193m[48;2;182;180;193m▀[0m[38;2;80;106;203m[48;2;80;106;203m▀[0m[38;2;182;180;193m[48;2;182;180;193m▀[0m[38;2;250;249;249m[48;2;250;249;249m▀[0m[38;2;125;120;121m[48;2;125;120;121m▀[0m          
[38;2;146;95;35m[48;2;146;95;35m▀[0m[38;2;255;237;151m[48;2;255;237;151m▀[0m[38;2;182;180;193m[48;2;80;106;203m▀[0m[38;2;80;106;203m[48;2;182;180;193m▀[0m[38;2;80;106;203m[48;2;182;180;193m▀[0m[38;2;182;180;193m[48;2;80;106;203m▀[0m[38;2;251;222;135m[48;2;251;222;135m▀[0m[38;2;251;222;135m[48;2;251;222;135m▀[0m[38;2;230;178;114m[48;2;230;178;114m▀[0m[38;2;251;222;135m[48;2;251;222;135m▀[0m[38;2;0;0;0m[48;2;0;0;0m▀[0m                [38;2;125;120;121m[48;2;125;120;121m▀[0m[38;2;250;249;249m[48;2;250;249;249m▀[0m[38;2;80;106;203m[48;2;182;180;193m▀[0m[38;2;182;180;193m[48;2;80;106;203m▀[0m[38;2;182;180;193m[48;2;80;106;203m▀[0m[38;2;182;180;193m[48;2;80;106;203m▀[0m[38;2;80;106;203m[48;2;182;180;193m▀[0m[38;2;182;180;193m[48;2;250;249;249m▀[0m[38;2;250;249;249m[48;2;250;249;249m▀[0m[38;2;125;120;121m[48;2;125;120;121m▀[0m          
[38;2;146;95;35m[48;2;146;95;35m▀[0m[38;2;255;237;151m[48;2;251;222;135m▀[0m[38;2;80;106;203m[48;2;182;180;193m▀[0m[38;2;182;180;193m[48;2;80;106;203m▀[0m[38;2;80;106;203m[48;2;182;180;193m▀[0m[38;2;182;180;193m[48;2;182;180;193m▀[0m[38;2;80;106;203m[48;2;80;106;203m▀[0m[38;2;251;222;135m[48;2;251;222;135m▀[0m[38;2;251;222;135m[48;2;251;222;135m▀[0m[38;2;0;0;0m[48;2;0;0;0m▀[0m                  [38;2;125;120;121m[48;2;125;120;121m▀[0m[38;2;250;249;249m[48;2;250;249;249m▀[0m[38;2;182;180;193m[48;2;182;180;193m▀[0m[38;2;80;106;203m[48;2;182;180;193m▀[0m[38;2;182;180;193m[48;2;182;180;193m▀[0m[38;2;250;249;249m[48;2;250;249;249m▀[0m[38;2;250;249;249m[48;2;250;249;249m▀[0m[38;2;250;249;249m[48;2;250;249;249m▀[0m[38;2;0;0;0m[48;2;0;0;0m▀[0m          
 [38;2;146;95;35m[48;2;146;95;35m▀[0m[38;2;251;222;135m[48;2;251;222;135m▀[0m[38;2;182;180;193m[48;2;251;222;135m▀[0m[38;2;80;106;203m[48;2;182;180;193m▀[0m[38;2;80;106;203m[48;2;80;106;203m▀[0m[38;2;182;180;193m[48;2;182;180;193m▀[0m[38;2;251;222;135m[48;2;251;222;135m▀[0m[38;2;251;222;135m[48;2;251;222;135m▀[0m[38;2;251;222;135m[48;2;251;222;135m▀[0m[38;2;0;0;0m[48;2;0;0;0m▀[0m                 [38;2;125;120;121m[48;2;125;120;121m▀[0m[38;2;250;249;249m[48;2;250;249;249m▀[0m[38;2;250;249;249m[48;2;250;249;249m▀[0m[38;2;182;180;193m[48;2;250;249;249m▀[0m[38;2;250;249;249m[48;2;250;249;249m▀[0m[38;2;250;249;249m[48;2;250;249;249m▀[0m[38;2;250;249;249m[48;2;250;249;249m▀[0m[38;2;250;249;249m[48;2;250;249;249m▀[0m[38;2;0;0;0m[48;2;0;0;0m▀[0m          
  [38;2;146;95;35m▀[38;2;251;222;135m[48;2;146;95;35m▀[0m[38;2;251;222;135m[48;2;251;222;135m▀[0m[38;2;182;180;193m[48;2;251;222;135m▀[0m[38;2;251;222;135m[48;2;251;222;135m▀[0m[38;2;251;222;135m[48;2;251;222;135m▀[0m[38;2;251;222;135m[48;2;251;222;135m▀[0m[38;2;251;222;135m[48;2;251;222;135m▀[0m[38;2;251;222;135m[48;2;251;222;135m▀[0m[38;2;0;0;0m[48;2;0;0;0m▀[0m               [38;2;125;120;121m▄[38;2;125;120;121m[48;2;250;249;249m▀[0m[38;2;250;249;249m[48;2;250;249;249m▀[0m[38;2;250;249;249m[48;2;250;249;249m▀[0m[38;2;250;249;249m[48;2;250;249;249m▀[0m[38;2;250;249;249m[48;2;250;249;249m▀[0m[38;2;250;249;249m[48;2;250;249;249m▀[0m[38;2;250;249;249m[48;2;250;249;249m▀[0m[38;2;0;0;0m[48;2;0;0;0m▀[0m           
   [38;2;146;95;35m▀[38;2;251;222;135m[48;2;0;0;0m▀[0m[38;2;251;222;135m[48;2;251;222;135m▀[0m[38;2;251;222;135m[48;2;251;222;135m▀[0m[38;2;251;222;135m[48;2;251;222;135m▀[0m[38;2;251;222;135m[48;2;251;222;135m▀[0m[38;2;251;222;135m[48;2;251;222;135m▀[0m[38;2;251;222;135m[48;2;251;222;135m▀[0m[38;2;0;0;0m[48;2;251;222;135m▀[0m[38;2;0;0;0m▄              [38;2;125;120;121m[48;2;0;0;0m▀[0m[38;2;250;249;249m[48;2;250;249;249m▀[0m[38;2;250;249;249m[48;2;250;249;249m▀[0m[38;2;250;249;249m[48;2;250;249;249m▀[0m[38;2;250;249;249m[48;2;250;249;249m▀[0m[38;2;250;249;249m[48;2;250;249;249m▀[0m[38;2;250;249;249m[48;2;250;249;249m▀[0m[38;2;250;249;249m[48;2;0;0;0m▀[0m[38;2;0;0;0m▀           
     [38;2;0;0;0m▀[38;2;251;222;135m[48;2;0;0;0m▀[0m[38;2;251;222;135m[48;2;251;222;135m▀[0m[38;2;251;222;135m[48;2;251;222;135m▀[0m[38;2;251;222;135m[48;2;251;222;135m▀[0m[38;2;251;222;135m[48;2;230;178;114m▀[0m[38;2;230;178;114m[48;2;230;178;114m▀[0m[38;2;230;178;114m[48;2;230;178;114m▀[0m[38;2;0;0;0m[48;2;0;0;0m▀[0m  [38;2;125;120;121m▄[38;2;125;120;121m▄        [38;2;0;0;0m▄[38;2;0;0;0m[48;2;208;200;206m▀[0m[38;2;208;200;206m[48;2;208;200;206m▀[0m[38;2;250;249;249m[48;2;208;200;206m▀[0m[38;2;250;249;249m[48;2;250;249;249m▀[0m[38;2;250;249;249m[48;2;250;249;249m▀[0m[38;2;250;249;249m[48;2;208;200;206m▀[0m[38;2;250;249;249m[48;2;0;0;0m▀[0m[38;2;0;0;0m▀            
       [38;2;0;0;0m▀[38;2;230;178;114m[48;2;0;0;0m▀[0m[38;2;230;178;114m[48;2;230;178;114m▀[0m[38;2;230;178;114m[48;2;230;178;114m▀[0m[38;2;230;178;114m[48;2;230;178;114m▀[0m[38;2;230;178;114m[48;2;0;0;0m▀[0m[38;2;230;178;114m[48;2;0;0;0m▀[0m[38;2;0;0;0m[48;2;250;249;249m▀[0m[38;2;125;120;121m[48;2;250;249;249m▀[0m[38;2;250;249;249m[48;2;250;249;249m▀[0m[38;2;250;249;249m[48;2;125;120;121m▀[0m[38;2;125;120;121m[48;2;250;249;249m▀[0m[38;2;125;120;121m[48;2;250;249;249m▀[0m[38;2;125;120;121m▄[38;2;0;0;0m[48;2;250;249;249m▀[0m[38;2;0;0;0m[48;2;255;237;151m▀[0m[38;2;0;0;0m▄ [38;2;0;0;0m▄[38;2;0;0;0m[48;2;208;200;206m▀[0m[38;2;208;200;206m[48;2;208;200;206m▀[0m[38;2;208;200;206m[48;2;208;200;206m▀[0m[38;2;208;200;206m[48;2;208;200;206m▀[0m[38;2;208;200;206m[48;2;208;200;206m▀[0m[38;2;208;200;206m[48;2;208;200;206m▀[0m[38;2;208;200;206m[48;2;0;0;0m▀[0m[38;2;0;0;0m▀             
    [38;2;125;120;121m▄[38;2;125;120;121m▄[38;2;125;120;121m▄[38;2;125;120;121m▄[38;2;125;120;121m▄[38;2;0;0;0m[48;2;208;200;206m▀[0m[38;2;0;0;0m[48;2;250;249;249m▀[0m[38;2;0;0;0m[48;2;250;249;249m▀[0m[38;2;250;249;249m[48;2;250;249;249m▀[0m[38;2;250;249;249m[48;2;250;249;249m▀[0m[38;2;250;249;249m[48;2;250;249;249m▀[0m[38;2;250;249;249m[48;2;125;120;121m▀[0m[38;2;125;120;121m[48;2;250;249;249m▀[0m[38;2;250;249;249m[48;2;250;249;249m▀[0m[38;2;250;249;249m[48;2;250;249;249m▀[0m[38;2;125;120;121m[48;2;125;120;121m▀[0m[38;2;250;249;249m[48;2;250;249;249m▀[0m[38;2;250;249;249m[48;2;250;249;249m▀[0m[38;2;255;237;151m[48;2;255;237;151m▀[0m[38;2;255;237;151m[48;2;255;237;151m▀[0m[38;2;0;0;0m[48;2;146;95;35m▀[0m[38;2;208;200;206m[48;2;208;200;206m▀[0m[38;2;208;200;206m[48;2;208;200;206m▀[0m[38;2;208;200;206m[48;2;208;200;206m▀[0m[38;2;208;200;206m[48;2;208;200;206m▀[0m[38;2;208;200;206m[48;2;208;200;206m▀[0m[38;2;208;200;206m[48;2;208;200;206m▀[0m[38;2;0;0;0m[48;2;0;0;0m▀[0m               
    [38;2;0;0;0m▀[38;2;250;249;249m[48;2;0;0;0m▀[0m[38;2;250;249;249m[48;2;250;249;249m▀[0m[38;2;250;249;249m[48;2;250;249;249m▀[0m[38;2;250;249;249m[48;2;250;249;249m▀[0m[38;2;250;249;249m[48;2;250;249;249m▀[0m[38;2;250;249;249m[48;2;250;249;249m▀[0m[38;2;250;249;249m[48;2;250;249;249m▀[0m[38;2;250;249;249m[48;2;250;249;249m▀[0m[38;2;250;249;249m[48;2;125;120;121m▀[0m[38;2;125;120;121m[48;2;250;249;249m▀[0m[38;2;250;249;249m[48;2;250;249;249m▀[0m[38;2;250;249;249m[48;2;250;249;249m▀[0m[38;2;250;249;249m[48;2;250;249;249m▀[0m[38;2;125;120;121m[48;2;125;120;121m▀[0m[38;2;250;249;249m[48;2;250;249;249m▀[0m[38;2;250;249;249m[48;2;250;249;249m▀[0m[38;2;250;249;249m[48;2;255;237;151m▀[0m[38;2;255;237;151m[48;2;255;237;151m▀[0m[38;2;255;237;151m[48;2;255;237;151m▀[0m[38;2;146;95;35m[48;2;146;95;35m▀[0m[38;2;208;200;206m[48;2;208;200;206m▀[0m[38;2;208;200;206m[48;2;208;200;206m▀[0m[38;2;208;200;206m[48;2;208;200;206m▀[0m[38;2;208;200;206m[48;2;208;200;206m▀[0m[38;2;208;200;206m[48;2;208;200;206m▀[0m[38;2;0;0;0m[48;2;0;0;0m▀[0m                
      [38;2;0;0;0m▀[38;2;0;0;0m▀[38;2;0;0;0m▀[38;2;250;249;249m[48;2;0;0;0m▀[0m[38;2;250;249;249m[48;2;0;0;0m▀[0m[38;2;208;200;206m[48;2;125;120;121m▀[0m[38;2;125;120;121m[48;2;250;249;249m▀[0m[38;2;250;249;249m[48;2;250;249;249m▀[0m[38;2;250;249;249m[48;2;250;249;249m▀[0m[38;2;250;249;249m[48;2;250;249;249m▀[0m[38;2;250;249;249m[48;2;255;237;151m▀[0m[38;2;255;237;151m[48;2;146;95;35m▀[0m[38;2;208;200;206m[48;2;250;249;249m▀[0m[38;2;250;249;249m[48;2;250;249;249m▀[0m[38;2;250;249;249m[48;2;250;249;249m▀[0m[38;2;255;237;151m[48;2;255;237;151m▀[0m[38;2;255;237;151m[48;2;255;237;151m▀[0m[38;2;255;237;151m[48;2;146;95;35m▀[0m[38;2;146;95;35m[48;2;250;249;249m▀[0m[38;2;208;200;206m[48;2;250;249;249m▀[0m[38;2;208;200;206m[48;2;208;200;206m▀[0m[38;2;208;200;206m[48;2;208;200;206m▀[0m[38;2;208;200;206m[48;2;208;200;206m▀[0m[38;2;0;0;0m[48;2;0;0;0m▀[0m                 
  [38;2;125;120;121m[48;2;0;0;0m▀[0m[38;2;125;120;121m[48;2;250;249;249m▀[0m[38;2;125;120;121m▄[38;2;125;120;121m▄[38;2;125;120;121m▄[38;2;125;120;121m▄[38;2;125;120;121m[48;2;250;249;249m▀[0m[38;2;125;120;121m[48;2;250;249;249m▀[0m[38;2;250;249;249m[48;2;250;249;249m▀[0m[38;2;250;249;249m[48;2;250;249;249m▀[0m[38;2;250;249;249m[48;2;250;249;249m▀[0m[38;2;250;249;249m[48;2;250;249;249m▀[0m[38;2;250;249;249m[48;2;251;222;135m▀[0m[38;2;255;237;151m[48;2;0;0;0m▀[0m[38;2;0;0;0m[48;2;0;0;0m▀[0m[38;2;146;95;35m[48;2;250;249;249m▀[0m[38;2;250;249;249m[48;2;250;249;249m▀[0m[38;2;250;249;249m[48;2;255;237;151m▀[0m[38;2;255;237;151m[48;2;255;237;151m▀[0m[38;2;255;237;151m[48;2;251;222;135m▀[0m[38;2;251;222;135m[48;2;146;95;35m▀[0m[38;2;146;95;35m[48;2;250;249;249m▀[0m[38;2;250;249;249m[48;2;250;249;249m▀[0m[38;2;250;249;249m[48;2;250;249;249m▀[0m[38;2;250;249;249m[48;2;250;249;249m▀[0m[38;2;208;200;206m[48;2;250;249;249m▀[0m[38;2;208;200;206m[48;2;208;200;206m▀[0m[38;2;0;0;0m[48;2;0;0;0m▀[0m                 
   [38;2;0;0;0m▀[38;2;250;249;249m[48;2;0;0;0m▀[0m[38;2;250;249;249m[48;2;0;0;0m▀[0m[38;2;250;249;249m[48;2;250;249;249m▀[0m[38;2;250;249;249m[48;2;250;249;249m▀[0m[38;2;250;249;249m[48;2;250;249;249m▀[0m[38;2;250;249;249m[48;2;250;249;249m▀[0m[38;2;250;249;249m[48;2;234;212;189m▀[0m[38;2;250;249;249m[48;2;0;0;0m▀[0m[38;2;251;222;135m[48;2;0;0;0m▀[0m[38;2;251;222;135m[48;2;0;0;0m▀[0m[38;2;0;0;0m[48;2;230;178;114m▀[0m[38;2;230;178;114m[48;2;0;0;0m▀[0m[38;2;0;0;0m[48;2;250;249;249m▀[0m[38;2;250;249;249m[48;2;255;237;151m▀[0m[38;2;255;237;151m[48;2;255;237;151m▀[0m[38;2;255;237;151m[48;2;251;222;135m▀[0m[38;2;251;222;135m[48;2;146;95;35m▀[0m[38;2;146;95;35m[48;2;250;249;249m▀[0m[38;2;250;249;249m[48;2;250;249;249m▀[0m[38;2;250;249;249m[48;2;250;249;249m▀[0m[38;2;250;249;249m[48;2;250;249;249m▀[0m[38;2;250;249;249m[48;2;250;249;249m▀[0m[38;2;250;249;249m[48;2;250;249;249m▀[0m[38;2;250;249;249m[48;2;250;249;249m▀[0m[38;2;208;200;206m[48;2;208;200;206m▀[0m[38;2;0;0;0m[48;2;0;0;0m▀[0m                 
      [38;2;0;0;0m▀[38;2;0;0;0m▀[38;2;0;0;0m▀[38;2;0;0;0m[48;2;125;120;121m▀[0m[38;2;0;0;0m[48;2;208;200;206m▀[0m[38;2;208;200;206m[48;2;208;200;206m▀[0m[38;2;230;178;114m[48;2;0;0;0m▀[0m[38;2;230;178;114m[48;2;146;95;35m▀[0m[38;2;146;95;35m[48;2;255;237;151m▀[0m[38;2;250;249;249m[48;2;251;222;135m▀[0m[38;2;255;237;151m[48;2;251;222;135m▀[0m[38;2;251;222;135m[48;2;251;222;135m▀[0m[38;2;251;222;135m[48;2;146;95;35m▀[0m[38;2;146;95;35m[48;2;250;249;249m▀[0m[38;2;250;249;249m[48;2;158;109;65m▀[0m[38;2;250;249;249m[48;2;244;193;67m▀[0m[38;2;250;249;249m[48;2;244;193;67m▀[0m[38;2;250;249;249m[48;2;244;193;67m▀[0m[38;2;244;193;67m[48;2;158;109;65m▀[0m[38;2;158;109;65m[48;2;250;249;249m▀[0m[38;2;250;249;249m[48;2;250;249;249m▀[0m[38;2;208;200;206m[48;2;208;200;206m▀[0m[38;2;0;0;0m[48;2;0;0;0m▀[0m                  
      [38;2;125;120;121m▄[38;2;125;120;121m▄[38;2;125;120;121m▄[38;2;125;120;121m▄[38;2;125;120;121m[48;2;146;95;35m▀[0m[38;2;208;200;206m[48;2;146;95;35m▀[0m[38;2;146;95;35m[48;2;251;222;135m▀[0m[38;2;251;222;135m[48;2;251;222;135m▀[0m[38;2;251;222;135m[48;2;251;222;135m▀[0m[38;2;251;222;135m[48;2;146;95;35m▀[0m[38;2;251;222;135m[48;2;146;95;35m▀[0m[38;2;146;95;35m[48;2;251;222;135m▀[0m[38;2;251;222;135m[48;2;0;0;0m▀[0m[38;2;250;249;249m[48;2;250;249;249m▀[0m[38;2;250;249;249m[48;2;250;249;249m▀[0m[38;2;158;109;65m[48;2;250;249;249m▀[0m[38;2;158;109;65m[48;2;250;249;249m▀[0m[38;2;250;249;249m[48;2;250;249;249m▀[0m[38;2;250;249;249m[48;2;250;249;249m▀[0m[38;2;250;249;249m[48;2;208;200;206m▀[0m[38;2;208;200;206m[48;2;0;0;0m▀[0m[38;2;0;0;0m[48;2;251;222;135m▀[0m[38;2;0;0;0m▄                  
   [38;2;125;120;121m▄[38;2;125;120;121m[48;2;250;249;249m▀[0m[38;2;125;120;121m[48;2;250;249;249m▀[0m[38;2;250;249;249m[48;2;250;249;249m▀[0m[38;2;250;249;249m[48;2;146;95;35m▀[0m[38;2;146;95;35m[48;2;251;222;135m▀[0m[38;2;146;95;35m[48;2;251;222;135m▀[0m[38;2;251;222;135m[48;2;251;222;135m▀[0m[38;2;251;222;135m[48;2;0;0;0m▀[0m[38;2;251;222;135m[48;2;0;0;0m▀[0m[38;2;0;0;0m[48;2;208;200;206m▀[0m[38;2;0;0;0m[48;2;208;200;206m▀[0m[38;2;0;0;0m[48;2;208;200;206m▀[0m[38;2;251;222;135m[48;2;146;95;35m▀[0m[38;2;251;222;135m[48;2;146;95;35m▀[0m[38;2;251;222;135m[48;2;146;95;35m▀[0m[38;2;251;222;135m[48;2;146;95;35m▀[0m[38;2;250;249;249m[48;2;146;95;35m▀[0m[38;2;250;249;249m[48;2;125;120;121m▀[0m[38;2;250;249;249m[48;2;0;0;0m▀[0m[38;2;208;200;206m[48;2;0;0;0m▀[0m[38;2;0;0;0m[48;2;208;200;206m▀[0m[38;2;0;0;0m[48;2;250;249;249m▀[0m[38;2;250;249;249m[48;2;250;249;249m▀[0m[38;2;234;212;189m[48;2;234;212;189m▀[0m[38;2;251;222;135m[48;2;251;222;135m▀[0m[38;2;0;0;0m[48;2;0;0;0m▀[0m                 
   [38;2;0;0;0m▀[38;2;0;0;0m▀[38;2;0;0;0m▀[38;2;0;0;0m▀[38;2;0;0;0m▀[38;2;250;249;249m[48;2;0;0;0m▀[0m[38;2;250;249;249m[48;2;0;0;0m▀[0m[38;2;250;249;249m[48;2;0;0;0m▀[0m[38;2;250;249;249m[48;2;255;237;151m▀[0m[38;2;250;249;249m[48;2;255;237;151m▀[0m[38;2;250;249;249m[48;2;255;237;151m▀[0m[38;2;208;200;206m[48;2;234;212;189m▀[0m[38;2;208;200;206m[48;2;208;200;206m▀[0m[38;2;208;200;206m[48;2;208;200;206m▀[0m[38;2;208;200;206m[48;2;208;200;206m▀[0m[38;2;208;200;206m[48;2;208;200;206m▀[0m[38;2;208;200;206m[48;2;208;200;206m▀[0m[38;2;208;200;206m[48;2;125;120;121m▀[0m[38;2;208;200;206m[48;2;250;249;249m▀[0m[38;2;208;200;206m[48;2;146;95;35m▀[0m[38;2;250;249;249m[48;2;146;95;35m▀[0m[38;2;250;249;249m[48;2;250;249;249m▀[0m[38;2;250;249;249m[48;2;234;212;189m▀[0m[38;2;250;249;249m[48;2;251;222;135m▀[0m[38;2;251;222;135m[48;2;251;222;135m▀[0m[38;2;251;222;135m[48;2;251;222;135m▀[0m[38;2;0;0;0m[48;2;0;0;0m▀[0m                 
           [38;2;0;0;0m▀[38;2;0;0;0m▀[38;2;251;222;135m[48;2;0;0;0m▀[0m[38;2;251;222;135m[48;2;0;0;0m▀[0m[38;2;251;222;135m[48;2;251;222;135m▀[0m[38;2;251;222;135m[48;2;146;95;35m▀[0m[38;2;146;95;35m[48;2;208;200;206m▀[0m[38;2;208;200;206m[48;2;146;95;35m▀[0m[38;2;125;120;121m[48;2;255;237;151m▀[0m[38;2;250;249;249m[48;2;255;237;151m▀[0m[38;2;250;249;249m[48;2;251;222;135m▀[0m[38;2;146;95;35m[48;2;146;95;35m▀[0m[38;2;255;237;151m[48;2;255;237;151m▀[0m[38;2;146;95;35m[48;2;255;237;151m▀[0m[38;2;251;222;135m[48;2;0;0;0m▀[0m[38;2;251;222;135m[48;2;0;0;0m▀[0m[38;2;251;222;135m[48;2;0;0;0m▀[0m[38;2;0;0;0m▀                  
         [38;2;125;120;121m▄[38;2;125;120;121m[48;2;250;249;249m▀[0m[38;2;125;120;121m[48;2;250;249;249m▀[0m[38;2;146;95;35m[48;2;251;222;135m▀[0m[38;2;251;222;135m[48;2;251;222;135m▀[0m[38;2;251;222;135m[48;2;146;95;35m▀[0m[38;2;146;95;35m[48;2;251;222;135m▀[0m[38;2;251;222;135m[48;2;251;222;135m▀[0m[38;2;146;95;35m[48;2;251;222;135m▀[0m[38;2;255;237;151m[48;2;0;0;0m▀[0m[38;2;255;237;151m[48;2;0;0;0m▀[0m[38;2;251;222;135m[48;2;0;0;0m▀[0m[38;2;251;222;135m[48;2;0;0;0m▀[0m[38;2;0;0;0m[48;2;208;200;206m▀[0m[38;2;251;222;135m[48;2;146;95;35m▀[0m[38;2;251;222;135m[48;2;251;222;135m▀[0m[38;2;0;0;0m[48;2;251;222;135m▀[0m[38;2;0;0;0m▄                    
          [38;2;0;0;0m▀[38;2;250;249;249m[48;2;0;0;0m▀[0m[38;2;250;249;249m[48;2;0;0;0m▀[0m[38;2;0;0;0m▀[38;2;0;0;0m▀[38;2;0;0;0m▀[38;2;0;0;0m[48;2;0;0;0m▀[0m[38;2;146;95;35m[48;2;230;178;114m▀[0m[38;2;230;178;114m[48;2;234;212;189m▀[0m[38;2;208;200;206m[48;2;208;200;206m▀[0m[38;2;208;200;206m[48;2;208;200;206m▀[0m[38;2;208;200;206m[48;2;208;200;206m▀[0m[38;2;208;200;206m[48;2;250;249;249m▀[0m[38;2;0;0;0m[48;2;0;0;0m▀[0m[38;2;251;222;135m[48;2;146;95;35m▀[0m[38;2;251;222;135m[48;2;146;95;35m▀[0m[38;2;146;95;35m▀                    
               [38;2;0;0;0m[48;2;146;95;35m▀[0m[38;2;230;178;114m[48;2;251;222;135m▀[0m[38;2;230;178;114m[48;2;251;222;135m▀[0m[38;2;234;212;189m[48;2;250;249;249m▀[0m[38;2;250;249;249m[48;2;250;249;249m▀[0m[38;2;250;249;249m[48;2;250;249;249m▀[0m[38;2;250;249;249m[48;2;250;249;249m▀[0m[38;2;250;249;249m[48;2;250;249;249m▀[0m[38;2;0;0;0m[48;2;0;0;0m▀[0m                       
            [38;2;146;95;35m▄[38;2;146;95;35m▄[38;2;146;95;35m[48;2;251;222;135m▀[0m[38;2;251;222;135m[48;2;251;222;135m▀[0m[38;2;251;222;135m[48;2;251;222;135m▀[0m[38;2;251;222;135m[48;2;251;222;135m▀[0m[38;2;250;249;249m[48;2;250;249;249m▀[0m[38;2;250;249;249m[48;2;250;249;249m▀[0m[38;2;250;249;249m[48;2;250;249;249m▀[0m[38;2;250;249;249m[48;2;250;249;249m▀[0m[38;2;250;249;249m[48;2;250;249;249m▀[0m[38;2;0;0;0m[48;2;0;0;0m▀[0m                       
           [38;2;146;95;35m▀[38;2;251;222;135m[48;2;0;0;0m▀[0m[38;2;251;222;135m[48;2;0;0;0m▀[0m[38;2;146;95;35m[48;2;0;0;0m▀[0m[38;2;251;222;135m[48;2;251;222;135m▀[0m[38;2;251;222;135m[48;2;251;222;135m▀[0m[38;2;234;212;189m[48;2;250;249;249m▀[0m[38;2;250;249;249m[48;2;125;120;121m▀[0m[38;2;250;249;249m[48;2;250;249;249m▀[0m[38;2;250;249;249m[48;2;250;249;249m▀[0m[38;2;250;249;249m[48;2;125;120;121m▀[0m[38;2;250;249;249m[48;2;250;249;249m▀[0m[38;2;250;249;249m[48;2;250;249;249m▀[0m[38;2;0;0;0m[48;2;0;0;0m▀[0m[38;2;0;0;0m[48;2;230;178;114m▀[0m[38;2;0;0;0m[48;2;230;178;114m▀[0m[38;2;0;0;0m▄[38;2;0;0;0m▄[38;2;0;0;0m▄[38;2;0;0;0m▄[38;2;0;0;0m▄[38;2;0;0;0m▄[38;2;0;0;0m▄[38;2;125;120;121m▄            
             [38;2;0;0;0m[48;2;0;0;0m▀[0m[38;2;251;222;135m[48;2;250;249;249m▀[0m[38;2;0;0;0m[48;2;251;222;135m▀[0m[38;2;0;0;0m[48;2;208;200;206m▀[0m[38;2;250;249;249m[48;2;0;0;0m▀[0m[38;2;0;0;0m[48;2;255;237;151m▀[0m[38;2;0;0;0m[48;2;255;237;151m▀[0m[38;2;250;249;249m[48;2;0;0;0m▀[0m[38;2;250;249;249m[48;2;250;249;249m▀[0m[38;2;125;120;121m[48;2;0;0;0m▀[0m[38;2;250;249;249m[48;2;0;0;0m▀[0m[38;2;0;0;0m[48;2;0;0;0m▀[0m[38;2;230;178;114m[48;2;0;0;0m▀[0m[38;2;230;178;114m[48;2;230;178;114m▀[0m[38;2;230;178;114m[48;2;230;178;114m▀[0m[38;2;230;178;114m[48;2;230;178;114m▀[0m[38;2;230;178;114m[48;2;230;178;114m▀[0m[38;2;230;178;114m[48;2;230;178;114m▀[0m[38;2;208;200;206m[48;2;230;178;114m▀[0m[38;2;208;200;206m[48;2;208;200;206m▀[0m[38;2;208;200;206m[48;2;208;200;206m▀[0m[38;2;208;200;206m[48;2;208;200;206m▀[0m[38;2;0;0;0m[48;2;208;200;206m▀[0m[38;2;0;0;0m[48;2;208;200;206m▀[0m[38;2;0;0;0m[48;2;208;200;206m▀[0m[38;2;0;0;0m▄[38;2;125;120;121m▄       
              [38;2;125;120;121m[48;2;125;120;121m▀[0m[38;2;250;249;249m[48;2;250;249;249m▀[0m[38;2;208;200;206m[48;2;250;249;249m▀[0m[38;2;208;200;206m[48;2;250;249;249m▀[0m[38;2;255;237;151m[48;2;255;237;151m▀[0m[38;2;255;237;151m[48;2;255;237;151m▀[0m[38;2;255;237;151m[48;2;255;237;151m▀[0m[38;2;0;0;0m[48;2;0;0;0m▀[0m [38;2;0;0;0m▀[38;2;230;178;114m[48;2;0;0;0m▀[0m[38;2;230;178;114m[48;2;230;178;114m▀[0m[38;2;0;0;0m[48;2;230;178;114m▀[0m[38;2;0;0;0m[48;2;230;178;114m▀[0m[38;2;230;178;114m[48;2;0;0;0m▀[0m[38;2;230;178;114m[48;2;0;0;0m▀[0m[38;2;230;178;114m[48;2;0;0;0m▀[0m[38;2;230;178;114m[48;2;208;200;206m▀[0m[38;2;208;200;206m[48;2;208;200;206m▀[0m[38;2;208;200;206m[48;2;208;200;206m▀[0m[38;2;208;200;206m[48;2;208;200;206m▀[0m[38;2;208;200;206m[48;2;208;200;206m▀[0m[38;2;208;200;206m[48;2;208;200;206m▀[0m[38;2;208;200;206m[48;2;208;200;206m▀[0m[38;2;208;200;206m[48;2;208;200;206m▀[0m[38;2;208;200;206m[48;2;208;200;206m▀[0m[38;2;0;0;0m[48;2;208;200;206m▀[0m[38;2;0;0;0m▄     
              [38;2;125;120;121m[48;2;125;120;121m▀[0m[38;2;250;249;249m[48;2;250;249;249m▀[0m[38;2;250;249;249m[48;2;250;249;249m▀[0m[38;2;146;95;35m[48;2;146;95;35m▀[0m[38;2;255;237;151m[48;2;251;222;135m▀[0m[38;2;255;237;151m[48;2;255;237;151m▀[0m[38;2;255;237;151m[48;2;0;0;0m▀[0m[38;2;0;0;0m▀  [38;2;0;0;0m▀[38;2;230;178;114m[48;2;0;0;0m▀[0m[38;2;230;178;114m[48;2;230;178;114m▀[0m[38;2;230;178;114m[48;2;230;178;114m▀[0m[38;2;230;178;114m[48;2;230;178;114m▀[0m[38;2;0;0;0m[48;2;230;178;114m▀[0m[38;2;0;0;0m▄[38;2;0;0;0m▀[38;2;0;0;0m▀[38;2;208;200;206m[48;2;0;0;0m▀[0m[38;2;208;200;206m[48;2;208;200;206m▀[0m[38;2;208;200;206m[48;2;208;200;206m▀[0m[38;2;208;200;206m[48;2;208;200;206m▀[0m[38;2;208;200;206m[48;2;208;200;206m▀[0m[38;2;208;200;206m[48;2;208;200;206m▀[0m[38;2;208;200;206m[48;2;208;200;206m▀[0m[38;2;208;200;206m[48;2;208;200;206m▀[0m[38;2;208;200;206m[48;2;208;200;206m▀[0m[38;2;0;0;0m[48;2;208;200;206m▀[0m[38;2;0;0;0m▄   
               [38;2;125;120;121m[48;2;125;120;121m▀[0m[38;2;250;249;249m[48;2;250;249;249m▀[0m[38;2;146;95;35m[48;2;146;95;35m▀[0m[38;2;251;222;135m[48;2;251;222;135m▀[0m[38;2;251;222;135m[48;2;251;222;135m▀[0m[38;2;0;0;0m[48;2;0;0;0m▀[0m    [38;2;0;0;0m▀[38;2;230;178;114m[48;2;0;0;0m▀[0m[38;2;208;200;206m[48;2;208;200;206m▀[0m[38;2;230;178;114m[48;2;208;200;206m▀[0m[38;2;230;178;114m[48;2;208;200;206m▀[0m[38;2;208;200;206m[48;2;208;200;206m▀[0m[38;2;0;0;0m[48;2;208;200;206m▀[0m[38;2;0;0;0m▄ [38;2;125;120;121m▀[38;2;208;200;206m[48;2;125;120;121m▀[0m[38;2;208;200;206m[48;2;250;249;249m▀[0m[38;2;250;249;249m[48;2;250;249;249m▀[0m[38;2;250;249;249m[48;2;250;249;249m▀[0m[38;2;250;249;249m[48;2;250;249;249m▀[0m[38;2;250;249;249m[48;2;250;249;249m▀[0m[38;2;208;200;206m[48;2;250;249;249m▀[0m[38;2;208;200;206m[48;2;250;249;249m▀[0m[38;2;208;200;206m[48;2;208;200;206m▀[0m[38;2;0;0;0m[48;2;125;120;121m▀[0m  
                [38;2;0;0;0m[48;2;0;0;0m▀[0m[38;2;208;200;206m[48;2;208;200;206m▀[0m[38;2;251;222;135m[48;2;251;222;135m▀[0m[38;2;251;222;135m[48;2;251;222;135m▀[0m[38;2;0;0;0m[48;2;0;0;0m▀[0m     [38;2;0;0;0m[48;2;0;0;0m▀[0m[38;2;208;200;206m[48;2;208;200;206m▀[0m[38;2;208;200;206m[48;2;250;249;249m▀[0m[38;2;250;249;249m[48;2;250;249;249m▀[0m[38;2;250;249;249m[48;2;250;249;249m▀[0m[38;2;250;249;249m[48;2;250;249;249m▀[0m[38;2;208;200;206m[48;2;250;249;249m▀[0m[38;2;0;0;0m[48;2;0;0;0m▀[0m [38;2;125;120;121m▀[38;2;250;249;249m[48;2;125;120;121m▀[0m[38;2;250;249;249m[48;2;250;249;249m▀[0m[38;2;250;249;249m[48;2;250;249;249m▀[0m[38;2;250;249;249m[48;2;250;249;249m▀[0m[38;2;250;249;249m[48;2;250;249;249m▀[0m[38;2;250;249;249m[48;2;250;249;249m▀[0m[38;2;250;249;249m[48;2;250;249;249m▀[0m[38;2;250;249;249m[48;2;250;249;249m▀[0m[38;2;208;200;206m[48;2;250;249;249m▀[0m[38;2;0;0;0m[48;2;0;0;0m▀[0m 
                 [38;2;0;0;0m[48;2;0;0;0m▀[0m[38;2;251;222;135m[48;2;251;222;135m▀[0m[38;2;0;0;0m[48;2;0;0;0m▀[0m      [38;2;0;0;0m[48;2;0;0;0m▀[0m[38;2;250;249;249m[48;2;250;249;249m▀[0m[38;2;250;249;249m[48;2;250;249;249m▀[0m[38;2;250;249;249m[48;2;250;249;249m▀[0m[38;2;250;249;249m[48;2;250;249;249m▀[0m[38;2;250;249;249m[48;2;250;249;249m▀[0m[38;2;250;249;249m[48;2;250;249;249m▀[0m[38;2;250;249;249m[48;2;250;249;249m▀[0m[38;2;0;0;0m[48;2;0;0;0m▀[0m [38;2;125;120;121m[48;2;125;120;121m▀[0m[38;2;250;249;249m[48;2;250;249;249m▀[0m[38;2;250;249;249m[48;2;250;249;249m▀[0m[38;2;250;249;249m[48;2;250;249;249m▀[0m[38;2;250;249;249m[48;2;250;249;249m▀[0m[38;2;250;249;249m[48;2;250;249;249m▀[0m[38;2;250;249;249m[48;2;250;249;249m▀[0m[38;2;250;249;249m[48;2;250;249;249m▀[0m[38;2;250;249;249m[48;2;250;249;249m▀[0m[38;2;250;249;249m[48;2;250;249;249m▀[0m[38;2;0;0;0m[48;2;0;0;0m▀[0m
                  [38;2;0;0;0m▀       [38;2;125;120;121m[48;2;125;120;121m▀[0m[38;2;250;249;249m[48;2;250;249;249m▀[0m[38;2;250;249;249m[48;2;250;249;249m▀[0m[38;2;250;249;249m[48;2;250;249;249m▀[0m[38;2;250;249;249m[48;2;250;249;249m▀[0m[38;2;250;249;249m[48;2;250;249;249m▀[0m[38;2;250;249;249m[48;2;250;249;249m▀[0m[38;2;250;249;249m[48;2;250;249;249m▀[0m[38;2;250;249;249m[48;2;250;249;249m▀[0m[38;2;125;120;121m[48;2;125;120;121m▀[0m[38;2;208;200;206m[48;2;208;200;206m▀[0m[38;2;250;249;249m[48;2;250;249;249m▀[0m[38;2;250;249;249m[48;2;250;249;249m▀[0m[38;2;250;249;249m[48;2;250;249;249m▀[0m[38;2;250;249;249m[48;2;250;249;249m▀[0m[38;2;250;249;249m[48;2;250;249;249m▀[0m[38;2;250;249;249m[48;2;250;249;249m▀[0m[38;2;250;249;249m[48;2;250;249;249m▀[0m[38;2;250;249;249m[48;2;250;249;249m▀[0m[38;2;250;249;249m[48;2;250;249;249m▀[0m[38;2;0;0;0m[48;2;0;0;0m▀[0m
                     [38;2;125;120;121m▄[38;2;125;120;121m[48;2;208;200;206m▀[0m[38;2;125;120;121m[48;2;250;249;249m▀[0m[38;2;125;120;121m[48;2;250;249;249m▀[0m[38;2;125;120;121m[48;2;250;249;249m▀[0m[38;2;125;120;121m[48;2;250;249;249m▀[0m[38;2;250;249;249m[48;2;125;120;121m▀[0m[38;2;250;249;249m[48;2;250;249;249m▀[0m[38;2;250;249;249m[48;2;250;249;249m▀[0m[38;2;250;249;249m[48;2;250;249;249m▀[0m[38;2;250;249;249m[48;2;250;249;249m▀[0m[38;2;250;249;249m[48;2;250;249;249m▀[0m[38;2;250;249;249m[48;2;250;249;249m▀[0m[38;2;250;249;249m[48;2;250;249;249m▀[0m[38;2;125;120;121m[48;2;125;120;121m▀[0m[38;2;208;200;206m[48;2;250;249;249m▀[0m[38;2;250;249;249m[48;2;250;249;249m▀[0m[38;2;250;249;249m[48;2;250;249;249m▀[0m[38;2;250;249;249m[48;2;250;249;249m▀[0m[38;2;250;249;249m[48;2;250;249;249m▀[0m[38;2;250;249;249m[48;2;250;249;249m▀[0m[38;2;250;249;249m[48;2;250;249;249m▀[0m[38;2;250;249;249m[48;2;250;249;249m▀[0m[38;2;250;249;249m[48;2;250;249;249m▀[0m[38;2;0;0;0m[48;2;0;0;0m▀[0m 
                   [38;2;125;120;121m▄[38;2;125;120;121m[48;2;250;249;249m▀[0m[38;2;250;249;249m[48;2;250;249;249m▀[0m[38;2;250;249;249m[48;2;250;249;249m▀[0m[38;2;250;249;249m[48;2;250;249;249m▀[0m[38;2;250;249;249m[48;2;250;249;249m▀[0m[38;2;250;249;249m[48;2;250;249;249m▀[0m[38;2;250;249;249m[48;2;250;249;249m▀[0m[38;2;208;200;206m[48;2;250;249;249m▀[0m[38;2;208;200;206m[48;2;125;120;121m▀[0m[38;2;250;249;249m[48;2;250;249;249m▀[0m[38;2;250;249;249m[48;2;250;249;249m▀[0m[38;2;250;249;249m[48;2;250;249;249m▀[0m[38;2;250;249;249m[48;2;250;249;249m▀[0m[38;2;250;249;249m[48;2;250;249;249m▀[0m[38;2;250;249;249m[48;2;250;249;249m▀[0m[38;2;125;120;121m[48;2;125;120;121m▀[0m[38;2;250;249;249m[48;2;250;249;249m▀[0m[38;2;250;249;249m[48;2;250;249;249m▀[0m[38;2;250;249;249m[48;2;250;249;249m▀[0m[38;2;250;249;249m[48;2;250;249;249m▀[0m[38;2;250;249;249m[48;2;250;249;249m▀[0m[38;2;250;249;249m[48;2;250;249;249m▀[0m[38;2;250;249;249m[48;2;250;249;249m▀[0m[38;2;250;249;249m[48;2;250;249;249m▀[0m[38;2;125;120;121m[48;2;0;0;0m▀[0m  
                  [38;2;125;120;121m▄[38;2;125;120;121m[48;2;250;249;249m▀[0m[38;2;250;249;249m[48;2;250;249;249m▀[0m[38;2;250;249;249m[48;2;250;249;249m▀[0m[38;2;250;249;249m[48;2;250;249;249m▀[0m[38;2;250;249;249m[48;2;250;249;249m▀[0m[38;2;250;249;249m[48;2;250;249;249m▀[0m[38;2;250;249;249m[48;2;250;249;249m▀[0m[38;2;250;249;249m[48;2;250;249;249m▀[0m[38;2;250;249;249m[48;2;250;249;249m▀[0m[38;2;125;120;121m[48;2;125;120;121m▀[0m[38;2;250;249;249m[48;2;250;249;249m▀[0m[38;2;250;249;249m[48;2;250;249;249m▀[0m[38;2;250;249;249m[48;2;250;249;249m▀[0m[38;2;250;249;249m[48;2;250;249;249m▀[0m[38;2;250;249;249m[48;2;250;249;249m▀[0m[38;2;250;249;249m[48;2;250;249;249m▀[0m[38;2;125;120;121m[48;2;125;120;121m▀[0m[38;2;250;249;249m[48;2;250;249;249m▀[0m[38;2;250;249;249m[48;2;250;249;249m▀[0m[38;2;250;249;249m[48;2;250;249;249m▀[0m[38;2;250;249;249m[48;2;250;249;249m▀[0m[38;2;250;249;249m[48;2;250;249;249m▀[0m[38;2;250;249;249m[48;2;250;249;249m▀[0m[38;2;250;249;249m[48;2;0;0;0m▀[0m[38;2;0;0;0m▀   
                  [38;2;125;120;121m[48;2;125;120;121m▀[0m[38;2;250;249;249m[48;2;250;249;249m▀[0m[38;2;250;249;249m[48;2;250;249;249m▀[0m[38;2;250;249;249m[48;2;250;249;249m▀[0m[38;2;250;249;249m[48;2;250;249;249m▀[0m[38;2;250;249;249m[48;2;250;249;249m▀[0m[38;2;250;249;249m[48;2;250;249;249m▀[0m[38;2;250;249;249m[48;2;250;249;249m▀[0m[38;2;250;249;249m[48;2;250;249;249m▀[0m[38;2;250;249;249m[48;2;125;120;121m▀[0m[38;2;125;120;121m[48;2;250;249;249m▀[0m[38;2;250;249;249m[48;2;250;249;249m▀[0m[38;2;250;249;249m[48;2;250;249;249m▀[0m[38;2;250;249;249m[48;2;250;249;249m▀[0m[38;2;250;249;249m[48;2;250;249;249m▀[0m[38;2;250;249;249m[48;2;250;249;249m▀[0m[38;2;125;120;121m[48;2;125;120;121m▀[0m[38;2;250;249;249m[48;2;250;249;249m▀[0m[38;2;250;249;249m[48;2;250;249;249m▀[0m[38;2;250;249;249m[48;2;250;249;249m▀[0m[38;2;250;249;249m[48;2;250;249;249m▀[0m[38;2;250;249;249m[48;2;125;120;121m▀[0m[38;2;250;249;249m[48;2;0;0;0m▀[0m[38;2;0;0;0m▀     
                  [38;2;125;120;121m▀[38;2;250;249;249m[48;2;125;120;121m▀[0m[38;2;250;249;249m[48;2;250;249;249m▀[0m[38;2;250;249;249m[48;2;250;249;249m▀[0m[38;2;250;249;249m[48;2;250;249;249m▀[0m[38;2;250;249;249m[48;2;250;249;249m▀[0m[38;2;250;249;249m[48;2;250;249;249m▀[0m[38;2;208;200;206m[48;2;250;249;249m▀[0m[38;2;125;120;121m[48;2;250;249;249m▀[0m[38;2;250;249;249m[48;2;250;249;249m▀[0m[38;2;250;249;249m[48;2;250;249;249m▀[0m[38;2;250;249;249m[48;2;250;249;249m▀[0m[38;2;250;249;249m[48;2;250;249;249m▀[0m[38;2;250;249;249m[48;2;250;249;249m▀[0m[38;2;250;249;249m[48;2;250;249;249m▀[0m[38;2;125;120;121m[48;2;125;120;121m▀[0m[38;2;208;200;206m[48;2;250;249;249m▀[0m[38;2;250;249;249m[48;2;250;249;249m▀[0m[38;2;250;249;249m[48;2;125;120;121m▀[0m[38;2;125;120;121m▀[38;2;125;120;121m▀        
                   [38;2;0;0;0m▀[38;2;250;249;249m[48;2;0;0;0m▀[0m[38;2;250;249;249m[48;2;250;249;249m▀[0m[38;2;250;249;249m[48;2;250;249;249m▀[0m[38;2;250;249;249m[48;2;250;249;249m▀[0m[38;2;250;249;249m[48;2;250;249;249m▀[0m[38;2;250;249;249m[48;2;250;249;249m▀[0m[38;2;250;249;249m[48;2;250;249;249m▀[0m[38;2;250;249;249m[48;2;250;249;249m▀[0m[38;2;250;249;249m[48;2;250;249;249m▀[0m[38;2;250;249;249m[48;2;250;249;249m▀[0m[38;2;250;249;249m[48;2;250;249;249m▀[0m[38;2;250;249;249m[48;2;0;0;0m▀[0m[38;2;0;0;0m[48;2;0;0;0m▀[0m[38;2;250;249;249m[48;2;250;249;249m▀[0m[38;2;250;249;249m[48;2;250;249;249m▀[0m[38;2;125;120;121m[48;2;125;120;121m▀[0m           
                     [38;2;0;0;0m▀[38;2;125;120;121m▀[38;2;250;249;249m[48;2;0;0;0m▀[0m[38;2;250;249;249m[48;2;0;0;0m▀[0m[38;2;250;249;249m[48;2;0;0;0m▀[0m[38;2;250;249;249m[48;2;0;0;0m▀[0m[38;2;250;249;249m[48;2;0;0;0m▀[0m[38;2;250;249;249m[48;2;0;0;0m▀[0m[38;2;125;120;121m▀[38;2;0;0;0m▀ [38;2;0;0;0m▀[38;2;208;200;206m[48;2;0;0;0m▀[0m[38;2;250;249;249m[48;2;208;200;206m▀[0m[38;2;125;120;121m[48;2;250;249;249m▀[0m[38;2;125;120;121m▄          
                                  [38;2;0;0;0m▀[38;2;0;0;0m▀[38;2;125;120;121m▀          
[0m