         [38;2;61;94;159m▄[38;2;61;94;159m▀[38;2;61;94;159m▀[38;2;61;94;159m▄[38;2;61;94;159m▄                         [38;2;61;94;159m▄[38;2;61;94;159m▄[38;2;61;94;159m▄[38;2;61;94;159m▄      
          [38;2;61;94;159m▀[38;2;61;94;159m▄ [38;2;140;222;255m▄[38;2;61;94;159m▀[38;2;61;94;159m▄                    [38;2;61;94;159m▄[38;2;61;94;159m[48;2;140;222;255m▀[0m[38;2;61;94;159m▀[38;2;140;222;255m▄  [38;2;61;94;159m▄[38;2;61;94;159m▀     
           [38;2;61;94;159m▀[38;2;140;222;255m[48;2;61;94;159m▀[0m[38;2;140;222;255m▄[38;2;140;222;255m[48;2;227;243;246m▀[0m[38;2;140;222;255m[48;2;140;222;255m▀[0m[38;2;61;94;159m[48;2;61;94;159m▀[0m                 [38;2;61;94;159m▄[38;2;61;94;159m[48;2;140;222;255m▀[0m[38;2;140;222;255m[48;2;227;243;246m▀[0m[38;2;227;243;246m[48;2;140;222;255m▀[0m[38;2;140;222;255m[48;2;140;222;255m▀[0m[38;2;140;222;255m▄[38;2;140;222;255m[48;2;16;16;16m▀[0m[38;2;16;16;16m▀       
            [38;2;61;94;159m[48;2;61;94;159m▀[0m[38;2;140;222;255m[48;2;140;222;255m▀[0m[38;2;227;243;246m[48;2;227;243;246m▀[0m[38;2;140;222;255m[48;2;140;222;255m▀[0m[38;2;140;222;255m[48;2;140;222;255m▀[0m[38;2;61;94;159m[48;2;61;94;159m▀[0m               [38;2;61;94;159m▄[38;2;61;94;159m[48;2;140;222;255m▀[0m[38;2;227;243;246m[48;2;227;243;246m▀[0m[38;2;140;222;255m[48;2;140;222;255m▀[0m[38;2;140;222;255m[48;2;140;222;255m▀[0m[38;2;140;222;255m[48;2;140;222;255m▀[0m[38;2;16;16;16m[48;2;16;16;16m▀[0m         
            [38;2;61;94;159m[48;2;61;94;159m▀[0m[38;2;140;222;255m[48;2;140;222;255m▀[0m[38;2;140;222;255m[48;2;140;222;255m▀[0m[38;2;140;222;255m[48;2;140;222;255m▀[0m[38;2;140;222;255m[48;2;140;222;255m▀[0m[38;2;61;94;159m[48;2;61;94;159m▀[0m               [38;2;61;94;159m[48;2;61;94;159m▀[0m[38;2;140;222;255m[48;2;140;222;255m▀[0m[38;2;140;222;255m[48;2;140;222;255m▀[0m[38;2;140;222;255m[48;2;140;222;255m▀[0m[38;2;140;222;255m[48;2;140;222;255m▀[0m[38;2;16;16;16m[48;2;16;16;16m▀[0m          
           [38;2;61;94;159m▄[38;2;61;94;159m[48;2;140;222;255m▀[0m[38;2;140;222;255m[48;2;140;222;255m▀[0m[38;2;140;222;255m[48;2;140;222;255m▀[0m[38;2;140;222;255m[48;2;140;222;255m▀[0m[38;2;61;94;159m[48;2;61;94;159m▀[0m                [38;2;61;94;159m[48;2;61;94;159m▀[0m[38;2;140;222;255m[48;2;140;222;255m▀[0m[38;2;140;222;255m[48;2;140;222;255m▀[0m[38;2;140;222;255m[48;2;140;222;255m▀[0m[38;2;16;16;16m[48;2;16;16;16m▀[0m           
          [38;2;61;94;159m▄[38;2;61;94;159m[48;2;140;222;255m▀[0m[38;2;140;222;255m[48;2;140;222;255m▀[0m[38;2;140;222;255m[48;2;140;222;255m▀[0m[38;2;140;222;255m[48;2;140;222;255m▀[0m[38;2;61;94;159m[48;2;61;94;159m▀[0m  [38;2;56;42;61m▄[38;2;56;42;61m▄[38;2;56;42;61m[48;2;108;86;123m▀[0m[38;2;56;42;61m[48;2;76;57;82m▀[0m[38;2;56;42;61m[48;2;108;86;123m▀[0m[38;2;56;42;61m[48;2;108;86;123m▀[0m[38;2;56;42;61m[48;2;90;70;99m▀[0m[38;2;56;42;61m[48;2;108;86;123m▀[0m[38;2;56;42;61m[48;2;108;86;123m▀[0m[38;2;56;42;61m[48;2;108;86;123m▀[0m[38;2;56;42;61m[48;2;108;86;123m▀[0m[38;2;56;42;61m▄[38;2;56;42;61m▄[38;2;16;16;16m▄[38;2;16;16;16m▄[38;2;61;94;159m[48;2;61;94;159m▀[0m[38;2;140;222;255m[48;2;140;222;255m▀[0m[38;2;140;222;255m[48;2;140;222;255m▀[0m[38;2;140;222;255m[48;2;140;222;255m▀[0m[38;2;16;16;16m[48;2;16;16;16m▀[0m           
         [38;2;61;94;159m▄[38;2;61;94;159m[48;2;140;222;255m▀[0m[38;2;140;222;255m[48;2;140;222;255m▀[0m[38;2;140;222;255m[48;2;140;222;255m▀[0m[38;2;140;222;255m[48;2;61;94;159m▀[0m[38;2;61;94;159m[48;2;111;155;222m▀[0m[38;2;16;16;16m[48;2;111;155;222m▀[0m[38;2;16;16;16m[48;2;56;42;61m▀[0m[38;2;56;42;61m[48;2;108;86;123m▀[0m[38;2;108;86;123m[48;2;108;86;123m▀[0m[38;2;108;86;123m[48;2;108;86;123m▀[0m[38;2;108;86;123m[48;2;108;86;123m▀[0m[38;2;76;57;82m[48;2;76;57;82m▀[0m[38;2;108;86;123m[48;2;76;57;82m▀[0m[38;2;76;57;82m[48;2;108;86;123m▀[0m[38;2;108;86;123m[48;2;108;86;123m▀[0m[38;2;108;86;123m[48;2;108;86;123m▀[0m[38;2;108;86;123m[48;2;108;86;123m▀[0m[38;2;108;86;123m[48;2;108;86;123m▀[0m[38;2;108;86;123m[48;2;108;86;123m▀[0m[38;2;108;86;123m[48;2;108;86;123m▀[0m[38;2;108;86;123m[48;2;108;86;123m▀[0m[38;2;56;42;61m[48;2;108;86;123m▀[0m[38;2;56;42;61m[48;2;108;86;123m▀[0m[38;2;111;155;222m[48;2;56;42;61m▀[0m[38;2;61;94;159m[48;2;61;94;159m▀[0m[38;2;140;222;255m[48;2;140;222;255m▀[0m[38;2;140;222;255m[48;2;140;222;255m▀[0m[38;2;61;94;159m[48;2;140;222;255m▀[0m[38;2;16;16;16m[48;2;61;94;159m▀[0m[38;2;16;16;16m[48;2;140;222;255m▀[0m[38;2;16;16;16m▄[38;2;16;16;16m▄       
       [38;2;61;94;159m▄[38;2;61;94;159m[48;2;140;222;255m▀[0m[38;2;140;222;255m[48;2;227;243;246m▀[0m[38;2;140;222;255m[48;2;140;222;255m▀[0m[38;2;140;222;255m[48;2;61;94;159m▀[0m[38;2;61;94;159m[48;2;140;222;255m▀[0m[38;2;61;94;159m[48;2;140;222;255m▀[0m[38;2;61;94;159m[48;2;140;222;255m▀[0m[38;2;61;94;159m[48;2;140;222;255m▀[0m[38;2;108;86;123m[48;2;61;94;159m▀[0m[38;2;108;86;123m[48;2;108;86;123m▀[0m[38;2;108;86;123m[48;2;108;86;123m▀[0m[38;2;108;86;123m[48;2;108;86;123m▀[0m[38;2;108;86;123m[48;2;108;86;123m▀[0m[38;2;76;57;82m[48;2;90;70;99m▀[0m[38;2;90;70;99m[48;2;108;86;123m▀[0m[38;2;108;86;123m[48;2;108;86;123m▀[0m[38;2;108;86;123m[48;2;108;86;123m▀[0m[38;2;108;86;123m[48;2;108;86;123m▀[0m[38;2;108;86;123m[48;2;108;86;123m▀[0m[38;2;108;86;123m[48;2;61;94;159m▀[0m[38;2;108;86;123m[48;2;61;94;159m▀[0m[38;2;61;94;159m[48;2;140;222;255m▀[0m[38;2;61;94;159m[48;2;140;222;255m▀[0m[38;2;61;94;159m[48;2;140;222;255m▀[0m[38;2;61;94;159m[48;2;111;155;222m▀[0m[38;2;90;70;99m[48;2;61;94;159m▀[0m[38;2;56;42;61m[48;2;61;94;159m▀[0m[38;2;16;16;16m[48;2;16;16;16m▀[0m[38;2;140;222;255m[48;2;140;222;255m▀[0m[38;2;140;222;255m[48;2;140;222;255m▀[0m[38;2;140;222;255m[48;2;140;222;255m▀[0m[38;2;61;94;159m[48;2;111;155;222m▀[0m[38;2;140;222;255m[48;2;140;222;255m▀[0m[38;2;140;222;255m[48;2;140;222;255m▀[0m[38;2;16;16;16m[48;2;140;222;255m▀[0m[38;2;16;16;16m[48;2;140;222;255m▀[0m[38;2;16;16;16m▄    
      [38;2;61;94;159m[48;2;61;94;159m▀[0m[38;2;140;222;255m[48;2;140;222;255m▀[0m[38;2;227;243;246m[48;2;227;243;246m▀[0m[38;2;140;222;255m[48;2;140;222;255m▀[0m[38;2;140;222;255m[48;2;111;155;222m▀[0m[38;2;111;155;222m[48;2;76;57;82m▀[0m[38;2;61;94;159m[48;2;76;57;82m▀[0m[38;2;140;222;255m[48;2;111;155;222m▀[0m[38;2;111;155;222m[48;2;227;243;246m▀[0m[38;2;111;155;222m[48;2;227;243;246m▀[0m[38;2;140;222;255m[48;2;111;155;222m▀[0m[38;2;61;94;159m[48;2;61;94;159m▀[0m[38;2;108;86;123m[48;2;76;57;82m▀[0m[38;2;108;86;123m[48;2;76;57;82m▀[0m[38;2;108;86;123m[48;2;90;70;99m▀[0m[38;2;108;86;123m[48;2;108;86;123m▀[0m[38;2;108;86;123m[48;2;108;86;123m▀[0m[38;2;108;86;123m[48;2;108;86;123m▀[0m[38;2;108;86;123m[48;2;108;86;123m▀[0m[38;2;108;86;123m[48;2;61;94;159m▀[0m[38;2;61;94;159m[48;2;140;222;255m▀[0m[38;2;140;222;255m[48;2;140;222;255m▀[0m[38;2;140;222;255m[48;2;111;155;222m▀[0m[38;2;140;222;255m[48;2;111;155;222m▀[0m[38;2;140;222;255m[48;2;111;155;222m▀[0m[38;2;140;222;255m[48;2;140;222;255m▀[0m[38;2;140;222;255m[48;2;140;222;255m▀[0m[38;2;140;222;255m[48;2;61;94;159m▀[0m[38;2;140;222;255m[48;2;61;94;159m▀[0m[38;2;61;94;159m[48;2;90;70;99m▀[0m[38;2;16;16;16m[48;2;16;16;16m▀[0m[38;2;140;222;255m[48;2;140;222;255m▀[0m[38;2;140;222;255m[48;2;140;222;255m▀[0m[38;2;140;222;255m[48;2;140;222;255m▀[0m[38;2;111;155;222m[48;2;140;222;255m▀[0m[38;2;140;222;255m[48;2;140;222;255m▀[0m[38;2;140;222;255m[48;2;140;222;255m▀[0m[38;2;140;222;255m[48;2;111;155;222m▀[0m[38;2;140;222;255m[48;2;111;155;222m▀[0m[38;2;16;16;16m[48;2;16;16;16m▀[0m   
      [38;2;61;94;159m▀[38;2;140;222;255m[48;2;61;94;159m▀[0m[38;2;140;222;255m[48;2;140;222;255m▀[0m[38;2;140;222;255m[48;2;140;222;255m▀[0m[38;2;76;57;82m[48;2;16;16;16m▀[0m[38;2;227;243;246m[48;2;227;243;246m▀[0m[38;2;227;243;246m[48;2;227;243;246m▀[0m[38;2;76;57;82m[48;2;90;70;99m▀[0m[38;2;76;57;82m[48;2;108;86;123m▀[0m[38;2;76;57;82m[48;2;108;86;123m▀[0m[38;2;76;57;82m[48;2;108;86;123m▀[0m[38;2;90;70;99m[48;2;108;86;123m▀[0m[38;2;108;86;123m[48;2;108;86;123m▀[0m[38;2;108;86;123m[48;2;108;86;123m▀[0m[38;2;108;86;123m[48;2;108;86;123m▀[0m[38;2;108;86;123m[48;2;108;86;123m▀[0m[38;2;108;86;123m[48;2;76;57;82m▀[0m[38;2;108;86;123m[48;2;108;86;123m▀[0m[38;2;108;86;123m[48;2;108;86;123m▀[0m[38;2;61;94;159m[48;2;108;86;123m▀[0m[38;2;140;222;255m[48;2;61;94;159m▀[0m[38;2;111;155;222m[48;2;140;222;255m▀[0m[38;2;227;243;246m[48;2;111;155;222m▀[0m[38;2;227;243;246m[48;2;111;155;222m▀[0m[38;2;140;222;255m[48;2;111;155;222m▀[0m[38;2;111;155;222m[48;2;140;222;255m▀[0m[38;2;140;222;255m[48;2;111;155;222m▀[0m[38;2;140;222;255m[48;2;61;94;159m▀[0m[38;2;61;94;159m[48;2;140;222;255m▀[0m[38;2;90;70;99m[48;2;61;94;159m▀[0m[38;2;90;70;99m[48;2;90;70;99m▀[0m[38;2;16;16;16m[48;2;16;16;16m▀[0m[38;2;140;222;255m[48;2;140;222;255m▀[0m[38;2;140;222;255m[48;2;140;222;255m▀[0m[38;2;140;222;255m[48;2;140;222;255m▀[0m[38;2;111;155;222m[48;2;111;155;222m▀[0m[38;2;111;155;222m[48;2;111;155;222m▀[0m[38;2;111;155;222m[48;2;111;155;222m▀[0m[38;2;111;155;222m[48;2;16;16;16m▀[0m[38;2;16;16;16m▀   
       [38;2;16;16;16m▀[38;2;140;222;255m[48;2;16;16;16m▀[0m[38;2;140;222;255m[48;2;140;222;255m▀[0m[38;2;16;16;16m[48;2;140;222;255m▀[0m[38;2;155;166;176m[48;2;16;16;16m▀[0m[38;2;227;243;246m[48;2;155;166;176m▀[0m[38;2;227;243;246m[48;2;155;166;176m▀[0m[38;2;90;70;99m[48;2;155;166;176m▀[0m[38;2;90;70;99m[48;2;155;166;176m▀[0m[38;2;108;86;123m[48;2;155;166;176m▀[0m[38;2;108;86;123m[48;2;90;70;99m▀[0m[38;2;108;86;123m[48;2;76;57;82m▀[0m[38;2;108;86;123m[48;2;76;57;82m▀[0m[38;2;108;86;123m[48;2;76;57;82m▀[0m[38;2;108;86;123m[48;2;90;70;99m▀[0m[38;2;90;70;99m[48;2;155;166;176m▀[0m[38;2;56;42;61m[48;2;56;42;61m▀[0m[38;2;90;70;99m[48;2;90;70;99m▀[0m[38;2;61;94;159m[48;2;61;94;159m▀[0m[38;2;140;222;255m[48;2;61;94;159m▀[0m[38;2;140;222;255m[48;2;61;94;159m▀[0m[38;2;140;222;255m[48;2;61;94;159m▀[0m[38;2;140;222;255m[48;2;61;94;159m▀[0m[38;2;140;222;255m[48;2;61;94;159m▀[0m[38;2;111;155;222m[48;2;90;70;99m▀[0m[38;2;61;94;159m[48;2;90;70;99m▀[0m[38;2;61;94;159m[48;2;90;70;99m▀[0m[38;2;61;94;159m[48;2;90;70;99m▀[0m[38;2;61;94;159m[48;2;90;70;99m▀[0m[38;2;90;70;99m[48;2;90;70;99m▀[0m[38;2;16;16;16m[48;2;16;16;16m▀[0m[38;2;140;222;255m[48;2;140;222;255m▀[0m[38;2;140;222;255m[48;2;140;222;255m▀[0m[38;2;140;222;255m[48;2;140;222;255m▀[0m[38;2;111;155;222m[48;2;111;155;222m▀[0m[38;2;111;155;222m[48;2;111;155;222m▀[0m[38;2;111;155;222m[48;2;16;16;16m▀[0m[38;2;16;16;16m▀    
       [38;2;61;94;159m▄[38;2;16;16;16m[48;2;16;16;16m▀[0m[38;2;140;222;255m[48;2;140;222;255m▀[0m[38;2;140;222;255m[48;2;140;222;255m▀[0m[38;2;111;155;222m[48;2;111;155;222m▀[0m[38;2;16;16;16m[48;2;90;70;99m▀[0m[38;2;155;166;176m[48;2;16;16;16m▀[0m[38;2;155;166;176m[48;2;155;166;176m▀[0m[38;2;155;166;176m[48;2;155;166;176m▀[0m[38;2;155;166;176m[48;2;155;166;176m▀[0m[38;2;155;166;176m[48;2;155;166;176m▀[0m[38;2;155;166;176m[48;2;155;166;176m▀[0m[38;2;155;166;176m[48;2;155;166;176m▀[0m[38;2;155;166;176m[48;2;155;166;176m▀[0m[38;2;155;166;176m[48;2;155;166;176m▀[0m[38;2;155;166;176m[48;2;56;42;61m▀[0m[38;2;90;70;99m[48;2;90;70;99m▀[0m[38;2;90;70;99m[48;2;90;70;99m▀[0m[38;2;90;70;99m[48;2;90;70;99m▀[0m[38;2;90;70;99m[48;2;90;70;99m▀[0m[38;2;90;70;99m[48;2;90;70;99m▀[0m[38;2;90;70;99m[48;2;90;70;99m▀[0m[38;2;90;70;99m[48;2;90;70;99m▀[0m[38;2;90;70;99m[48;2;90;70;99m▀[0m[38;2;90;70;99m[48;2;90;70;99m▀[0m[38;2;90;70;99m[48;2;90;70;99m▀[0m[38;2;90;70;99m[48;2;90;70;99m▀[0m[38;2;90;70;99m[48;2;16;16;16m▀[0m[38;2;90;70;99m[48;2;16;16;16m▀[0m[38;2;16;16;16m[48;2;140;222;255m▀[0m[38;2;140;222;255m[48;2;140;222;255m▀[0m[38;2;140;222;255m[48;2;140;222;255m▀[0m[38;2;140;222;255m[48;2;140;222;255m▀[0m[38;2;111;155;222m[48;2;111;155;222m▀[0m[38;2;111;155;222m[48;2;16;16;16m▀[0m[38;2;16;16;16m▀      
     [38;2;61;94;159m▄[38;2;61;94;159m[48;2;140;222;255m▀[0m[38;2;16;16;16m[48;2;16;16;16m▀[0m[38;2;140;222;255m[48;2;140;222;255m▀[0m[38;2;140;222;255m[48;2;140;222;255m▀[0m[38;2;140;222;255m[48;2;111;155;222m▀[0m[38;2;16;16;16m[48;2;16;16;16m▀[0m[38;2;90;70;99m[48;2;90;70;99m▀[0m[38;2;90;70;99m[48;2;90;70;99m▀[0m[38;2;16;16;16m[48;2;90;70;99m▀[0m[38;2;16;16;16m[48;2;90;70;99m▀[0m[38;2;155;166;176m[48;2;56;42;61m▀[0m[38;2;155;166;176m[48;2;56;42;61m▀[0m[38;2;155;166;176m[48;2;56;42;61m▀[0m[38;2;155;166;176m[48;2;56;42;61m▀[0m[38;2;56;42;61m[48;2;90;70;99m▀[0m[38;2;56;42;61m[48;2;90;70;99m▀[0m[38;2;90;70;99m[48;2;90;70;99m▀[0m[38;2;90;70;99m[48;2;90;70;99m▀[0m[38;2;90;70;99m[48;2;90;70;99m▀[0m[38;2;90;70;99m[48;2;90;70;99m▀[0m[38;2;90;70;99m[48;2;90;70;99m▀[0m[38;2;90;70;99m[48;2;90;70;99m▀[0m[38;2;90;70;99m[48;2;90;70;99m▀[0m[38;2;90;70;99m[48;2;90;70;99m▀[0m[38;2;90;70;99m[48;2;90;70;99m▀[0m[38;2;90;70;99m[48;2;16;16;16m▀[0m[38;2;16;16;16m[48;2;140;222;255m▀[0m[38;2;16;16;16m[48;2;227;243;246m▀[0m[38;2;140;222;255m[48;2;227;243;246m▀[0m[38;2;227;243;246m[48;2;140;222;255m▀[0m[38;2;140;222;255m[48;2;140;222;255m▀[0m[38;2;140;222;255m[48;2;140;222;255m▀[0m[38;2;140;222;255m[48;2;61;94;159m▀[0m[38;2;111;155;222m[48;2;111;155;222m▀[0m[38;2;111;155;222m[48;2;111;155;222m▀[0m[38;2;16;16;16m[48;2;111;155;222m▀[0m[38;2;16;16;16m▄      
    [38;2;16;16;16m▄[38;2;61;94;159m[48;2;140;222;255m▀[0m[38;2;140;222;255m[48;2;111;155;222m▀[0m[38;2;16;16;16m[48;2;111;155;222m▀[0m[38;2;111;155;222m[48;2;16;16;16m▀[0m[38;2;111;155;222m[48;2;16;16;16m▀[0m[38;2;16;16;16m[48;2;93;111;217m▀[0m[38;2;90;70;99m[48;2;81;85;157m▀[0m[38;2;90;70;99m[48;2;90;70;99m▀[0m[38;2;90;70;99m[48;2;90;70;99m▀[0m[38;2;90;70;99m[48;2;90;70;99m▀[0m[38;2;90;70;99m[48;2;90;70;99m▀[0m[38;2;90;70;99m[48;2;90;70;99m▀[0m[38;2;90;70;99m[48;2;90;70;99m▀[0m[38;2;90;70;99m[48;2;93;111;217m▀[0m[38;2;90;70;99m[48;2;90;70;99m▀[0m[38;2;90;70;99m[48;2;90;70;99m▀[0m[38;2;90;70;99m[48;2;90;70;99m▀[0m[38;2;90;70;99m[48;2;90;70;99m▀[0m[38;2;90;70;99m[48;2;90;70;99m▀[0m[38;2;90;70;99m[48;2;90;70;99m▀[0m[38;2;90;70;99m[48;2;90;70;99m▀[0m[38;2;90;70;99m[48;2;90;70;99m▀[0m[38;2;90;70;99m[48;2;90;70;99m▀[0m[38;2;90;70;99m[48;2;90;70;99m▀[0m[38;2;90;70;99m[48;2;90;70;99m▀[0m[38;2;90;70;99m[48;2;90;70;99m▀[0m[38;2;16;16;16m[48;2;90;70;99m▀[0m[38;2;140;222;255m[48;2;16;16;16m▀[0m[38;2;140;222;255m[48;2;16;16;16m▀[0m[38;2;140;222;255m[48;2;16;16;16m▀[0m[38;2;140;222;255m[48;2;61;94;159m▀[0m[38;2;61;94;159m[48;2;111;155;222m▀[0m[38;2;61;94;159m[48;2;111;155;222m▀[0m[38;2;111;155;222m[48;2;111;155;222m▀[0m[38;2;111;155;222m[48;2;61;94;159m▀[0m[38;2;111;155;222m[48;2;61;94;159m▀[0m[38;2;61;94;159m[48;2;227;243;246m▀[0m[38;2;61;94;159m[48;2;227;243;246m▀[0m[38;2;61;94;159m[48;2;140;222;255m▀[0m[38;2;61;94;159m▄    
    [38;2;16;16;16m[48;2;16;16;16m▀[0m[38;2;140;222;255m[48;2;111;155;222m▀[0m[38;2;111;155;222m[48;2;111;155;222m▀[0m[38;2;16;16;16m[48;2;16;16;16m▀[0m[38;2;90;70;99m[48;2;90;70;99m▀[0m[38;2;93;111;217m[48;2;93;111;217m▀[0m[38;2;93;111;217m[48;2;93;111;217m▀[0m[38;2;93;111;217m[48;2;93;111;217m▀[0m[38;2;81;85;157m[48;2;93;111;217m▀[0m[38;2;90;70;99m[48;2;93;111;217m▀[0m[38;2;90;70;99m[48;2;93;111;217m▀[0m[38;2;90;70;99m[48;2;93;111;217m▀[0m[38;2;81;85;157m[48;2;93;111;217m▀[0m[38;2;93;111;217m[48;2;93;111;217m▀[0m[38;2;93;111;217m[48;2;93;111;217m▀[0m[38;2;93;111;217m[48;2;93;111;217m▀[0m[38;2;81;85;157m[48;2;93;111;217m▀[0m[38;2;90;70;99m[48;2;93;111;217m▀[0m[38;2;90;70;99m[48;2;93;111;217m▀[0m[38;2;90;70;99m[48;2;81;85;157m▀[0m[38;2;90;70;99m[48;2;81;85;157m▀[0m[38;2;90;70;99m[48;2;90;70;99m▀[0m[38;2;90;70;99m[48;2;90;70;99m▀[0m[38;2;90;70;99m[48;2;90;70;99m▀[0m[38;2;90;70;99m[48;2;90;70;99m▀[0m[38;2;90;70;99m[48;2;81;85;157m▀[0m[38;2;90;70;99m[48;2;93;111;217m▀[0m[38;2;81;85;157m[48;2;93;111;217m▀[0m[38;2;93;111;217m[48;2;93;111;217m▀[0m[38;2;93;111;217m[48;2;93;111;217m▀[0m[38;2;93;111;217m[48;2;93;111;217m▀[0m[38;2;16;16;16m[48;2;93;111;217m▀[0m[38;2;111;155;222m[48;2;16;16;16m▀[0m[38;2;111;155;222m[48;2;61;94;159m▀[0m[38;2;61;94;159m[48;2;140;222;255m▀[0m[38;2;140;222;255m[48;2;140;222;255m▀[0m[38;2;227;243;246m[48;2;140;222;255m▀[0m[38;2;140;222;255m[48;2;140;222;255m▀[0m[38;2;140;222;255m[48;2;61;94;159m▀[0m[38;2;140;222;255m[48;2;61;94;159m▀[0m[38;2;61;94;159m[48;2;140;222;255m▀[0m[38;2;61;94;159m[48;2;140;222;255m▀[0m[38;2;61;94;159m▄  
  [38;2;56;42;61m▄[38;2;56;42;61m[48;2;90;70;99m▀[0m[38;2;90;70;99m[48;2;90;70;99m▀[0m[38;2;16;16;16m[48;2;90;70;99m▀[0m[38;2;16;16;16m[48;2;90;70;99m▀[0m[38;2;16;16;16m[48;2;16;16;16m▀[0m[38;2;90;70;99m[48;2;90;70;99m▀[0m[38;2;93;111;217m[48;2;93;111;217m▀[0m[38;2;181;62;107m[48;2;181;62;107m▀[0m[38;2;139;88;154m[48;2;181;62;107m▀[0m[38;2;93;111;217m[48;2;139;88;154m▀[0m[38;2;93;111;217m[48;2;93;111;217m▀[0m[38;2;93;111;217m[48;2;139;88;154m▀[0m[38;2;93;111;217m[48;2;181;62;107m▀[0m[38;2;93;111;217m[48;2;181;62;107m▀[0m[38;2;93;111;217m[48;2;139;88;154m▀[0m[38;2;93;111;217m[48;2;93;111;217m▀[0m[38;2;93;111;217m[48;2;93;111;217m▀[0m[38;2;93;111;217m[48;2;93;111;217m▀[0m[38;2;93;111;217m[48;2;139;88;154m▀[0m[38;2;93;111;217m[48;2;181;62;107m▀[0m[38;2;93;111;217m[48;2;181;62;107m▀[0m[38;2;93;111;217m[48;2;181;62;107m▀[0m[38;2;93;111;217m[48;2;139;88;154m▀[0m[38;2;93;111;217m[48;2;93;111;217m▀[0m[38;2;93;111;217m[48;2;93;111;217m▀[0m[38;2;93;111;217m[48;2;93;111;217m▀[0m[38;2;93;111;217m[48;2;93;111;217m▀[0m[38;2;93;111;217m[48;2;139;88;154m▀[0m[38;2;93;111;217m[48;2;181;62;107m▀[0m[38;2;93;111;217m[48;2;181;62;107m▀[0m[38;2;93;111;217m[48;2;93;111;217m▀[0m[38;2;93;111;217m[48;2;93;111;217m▀[0m[38;2;93;111;217m[48;2;93;111;217m▀[0m[38;2;16;16;16m[48;2;16;16;16m▀[0m[38;2;140;222;255m[48;2;140;222;255m▀[0m[38;2;140;222;255m[48;2;61;94;159m▀[0m[38;2;140;222;255m[48;2;61;94;159m▀[0m[38;2;140;222;255m[48;2;111;155;222m▀[0m[38;2;61;94;159m[48;2;140;222;255m▀[0m[38;2;140;222;255m[48;2;140;222;255m▀[0m[38;2;140;222;255m[48;2;140;222;255m▀[0m[38;2;140;222;255m[48;2;140;222;255m▀[0m[38;2;140;222;255m[48;2;140;222;255m▀[0m[38;2;111;155;222m[48;2;111;155;222m▀[0m[38;2;61;94;159m[48;2;61;94;159m▀[0m 
 [38;2;16;16;16m▄[38;2;56;42;61m[48;2;90;70;99m▀[0m[38;2;90;70;99m[48;2;90;70;99m▀[0m[38;2;90;70;99m[48;2;90;70;99m▀[0m[38;2;90;70;99m[48;2;90;70;99m▀[0m[38;2;90;70;99m[48;2;90;70;99m▀[0m[38;2;16;16;16m[48;2;16;16;16m▀[0m[38;2;90;70;99m[48;2;90;70;99m▀[0m[38;2;93;111;217m[48;2;93;111;217m▀[0m[38;2;181;62;107m[48;2;139;88;154m▀[0m[38;2;181;62;107m[48;2;181;62;107m▀[0m[38;2;181;62;107m[48;2;181;62;107m▀[0m[38;2;181;62;107m[48;2;181;62;107m▀[0m[38;2;181;62;107m[48;2;181;62;107m▀[0m[38;2;181;62;107m[48;2;181;62;107m▀[0m[38;2;181;62;107m[48;2;181;62;107m▀[0m[38;2;181;62;107m[48;2;181;62;107m▀[0m[38;2;139;88;154m[48;2;181;62;107m▀[0m[38;2;93;111;217m[48;2;181;62;107m▀[0m[38;2;181;62;107m[48;2;181;62;107m▀[0m[38;2;181;62;107m[48;2;181;62;107m▀[0m[38;2;181;62;107m[48;2;181;62;107m▀[0m[38;2;181;62;107m[48;2;181;62;107m▀[0m[38;2;181;62;107m[48;2;181;62;107m▀[0m[38;2;181;62;107m[48;2;181;62;107m▀[0m[38;2;181;62;107m[48;2;181;62;107m▀[0m[38;2;139;88;154m[48;2;181;62;107m▀[0m[38;2;139;88;154m[48;2;181;62;107m▀[0m[38;2;181;62;107m[48;2;181;62;107m▀[0m[38;2;181;62;107m[48;2;181;62;107m▀[0m[38;2;181;62;107m[48;2;181;62;107m▀[0m[38;2;181;62;107m[48;2;139;88;154m▀[0m[38;2;93;111;217m[48;2;93;111;217m▀[0m[38;2;93;111;217m[48;2;93;111;217m▀[0m[38;2;93;111;217m[48;2;93;111;217m▀[0m[38;2;16;16;16m[48;2;16;16;16m▀[0m[38;2;61;94;159m[48;2;61;94;159m▀[0m[38;2;140;222;255m[48;2;140;222;255m▀[0m[38;2;140;222;255m[48;2;140;222;255m▀[0m[38;2;61;94;159m[48;2;61;94;159m▀[0m[38;2;140;222;255m[48;2;140;222;255m▀[0m[38;2;140;222;255m[48;2;140;222;255m▀[0m[38;2;140;222;255m[48;2;111;155;222m▀[0m[38;2;140;222;255m[48;2;111;155;222m▀[0m[38;2;111;155;222m[48;2;111;155;222m▀[0m[38;2;111;155;222m[48;2;111;155;222m▀[0m[38;2;16;16;16m[48;2;16;16;16m▀[0m 
[38;2;16;16;16m▄[38;2;16;16;16m[48;2;76;57;82m▀[0m[38;2;90;70;99m[48;2;90;70;99m▀[0m[38;2;90;70;99m[48;2;90;70;99m▀[0m[38;2;90;70;99m[48;2;76;57;82m▀[0m[38;2;90;70;99m[48;2;111;155;222m▀[0m[38;2;76;57;82m[48;2;140;222;255m▀[0m[38;2;16;16;16m[48;2;140;222;255m▀[0m[38;2;90;70;99m[48;2;16;16;16m▀[0m[38;2;81;85;157m[48;2;90;70;99m▀[0m[38;2;93;111;217m[48;2;93;111;217m▀[0m[38;2;181;62;107m[48;2;139;88;154m▀[0m[38;2;181;62;107m[48;2;181;62;107m▀[0m[38;2;181;62;107m[48;2;181;62;107m▀[0m[38;2;181;62;107m[48;2;181;62;107m▀[0m[38;2;181;62;107m[48;2;181;62;107m▀[0m[38;2;181;62;107m[48;2;181;62;107m▀[0m[38;2;181;62;107m[48;2;181;62;107m▀[0m[38;2;181;62;107m[48;2;181;62;107m▀[0m[38;2;181;62;107m[48;2;181;62;107m▀[0m[38;2;181;62;107m[48;2;181;62;107m▀[0m[38;2;181;62;107m[48;2;181;62;107m▀[0m[38;2;181;62;107m[48;2;181;62;107m▀[0m[38;2;181;62;107m[48;2;181;62;107m▀[0m[38;2;181;62;107m[48;2;181;62;107m▀[0m[38;2;181;62;107m[48;2;181;62;107m▀[0m[38;2;181;62;107m[48;2;181;62;107m▀[0m[38;2;181;62;107m[48;2;181;62;107m▀[0m[38;2;181;62;107m[48;2;181;62;107m▀[0m[38;2;181;62;107m[48;2;181;62;107m▀[0m[38;2;181;62;107m[48;2;181;62;107m▀[0m[38;2;181;62;107m[48;2;139;88;154m▀[0m[38;2;93;111;217m[48;2;93;111;217m▀[0m[38;2;93;111;217m[48;2;93;111;217m▀[0m[38;2;93;111;217m[48;2;93;111;217m▀[0m[38;2;93;111;217m[48;2;76;57;82m▀[0m[38;2;76;57;82m[48;2;76;57;82m▀[0m[38;2;16;16;16m[48;2;76;57;82m▀[0m[38;2;61;94;159m[48;2;16;16;16m▀[0m[38;2;61;94;159m[48;2;16;16;16m▀[0m[38;2;111;155;222m[48;2;16;16;16m▀[0m[38;2;111;155;222m[48;2;16;16;16m▀[0m[38;2;111;155;222m[48;2;16;16;16m▀[0m[38;2;111;155;222m[48;2;16;16;16m▀[0m[38;2;16;16;16m[48;2;90;70;99m▀[0m[38;2;16;16;16m[48;2;90;70;99m▀[0m[38;2;16;16;16m[48;2;16;16;16m▀[0m  
[38;2;16;16;16m[48;2;16;16;16m▀[0m[38;2;76;57;82m[48;2;76;57;82m▀[0m[38;2;76;57;82m[48;2;76;57;82m▀[0m[38;2;76;57;82m[48;2;111;155;222m▀[0m[38;2;140;222;255m[48;2;227;243;246m▀[0m[38;2;227;243;246m[48;2;140;222;255m▀[0m[38;2;140;222;255m[48;2;140;222;255m▀[0m[38;2;140;222;255m[48;2;61;94;159m▀[0m[38;2;16;16;16m[48;2;61;94;159m▀[0m[38;2;90;70;99m[48;2;16;16;16m▀[0m[38;2;81;85;157m[48;2;90;70;99m▀[0m[38;2;93;111;217m[48;2;81;85;157m▀[0m[38;2;139;88;154m[48;2;93;111;217m▀[0m[38;2;181;62;107m[48;2;139;88;154m▀[0m[38;2;181;62;107m[48;2;181;62;107m▀[0m[38;2;181;62;107m[48;2;181;62;107m▀[0m[38;2;181;62;107m[48;2;181;62;107m▀[0m[38;2;181;62;107m[48;2;181;62;107m▀[0m[38;2;181;62;107m[48;2;181;62;107m▀[0m[38;2;181;62;107m[48;2;181;62;107m▀[0m[38;2;181;62;107m[48;2;132;45;74m▀[0m[38;2;181;62;107m[48;2;181;62;107m▀[0m[38;2;181;62;107m[48;2;181;62;107m▀[0m[38;2;181;62;107m[48;2;181;62;107m▀[0m[38;2;181;62;107m[48;2;181;62;107m▀[0m[38;2;181;62;107m[48;2;181;62;107m▀[0m[38;2;181;62;107m[48;2;181;62;107m▀[0m[38;2;181;62;107m[48;2;181;62;107m▀[0m[38;2;181;62;107m[48;2;181;62;107m▀[0m[38;2;181;62;107m[48;2;139;88;154m▀[0m[38;2;139;88;154m[48;2;93;111;217m▀[0m[38;2;93;111;217m[48;2;93;111;217m▀[0m[38;2;93;111;217m[48;2;93;111;217m▀[0m[38;2;93;111;217m[48;2;81;85;157m▀[0m[38;2;93;111;217m[48;2;76;57;82m▀[0m[38;2;76;57;82m[48;2;76;57;82m▀[0m[38;2;76;57;82m[48;2;76;57;82m▀[0m[38;2;76;57;82m[48;2;16;16;16m▀[0m[38;2;90;70;99m[48;2;90;70;99m▀[0m[38;2;90;70;99m[48;2;90;70;99m▀[0m[38;2;90;70;99m[48;2;90;70;99m▀[0m[38;2;90;70;99m[48;2;90;70;99m▀[0m[38;2;90;70;99m[48;2;90;70;99m▀[0m[38;2;90;70;99m[48;2;90;70;99m▀[0m[38;2;90;70;99m[48;2;90;70;99m▀[0m[38;2;90;70;99m[48;2;90;70;99m▀[0m[38;2;90;70;99m[48;2;90;70;99m▀[0m[38;2;16;16;16m[48;2;16;16;16m▀[0m 
[38;2;16;16;16m▀[38;2;76;57;82m[48;2;16;16;16m▀[0m[38;2;76;57;82m[48;2;76;57;82m▀[0m[38;2;140;222;255m[48;2;140;222;255m▀[0m[38;2;140;222;255m[48;2;140;222;255m▀[0m[38;2;140;222;255m[48;2;61;94;159m▀[0m[38;2;61;94;159m[48;2;140;222;255m▀[0m[38;2;140;222;255m[48;2;227;243;246m▀[0m[38;2;140;222;255m[48;2;140;222;255m▀[0m[38;2;16;16;16m[48;2;140;222;255m▀[0m[38;2;76;57;82m[48;2;16;16;16m▀[0m[38;2;90;70;99m[48;2;76;57;82m▀[0m[38;2;81;85;157m[48;2;76;57;82m▀[0m[38;2;81;85;157m[48;2;81;85;157m▀[0m[38;2;81;85;157m[48;2;81;85;157m▀[0m[38;2;132;45;74m[48;2;81;85;157m▀[0m[38;2;181;62;107m[48;2;81;85;157m▀[0m[38;2;181;62;107m[48;2;132;45;74m▀[0m[38;2;181;62;107m[48;2;132;45;74m▀[0m[38;2;132;45;74m[48;2;132;45;74m▀[0m[38;2;132;45;74m[48;2;132;45;74m▀[0m[38;2;132;45;74m[48;2;132;45;74m▀[0m[38;2;181;62;107m[48;2;132;45;74m▀[0m[38;2;181;62;107m[48;2;132;45;74m▀[0m[38;2;181;62;107m[48;2;132;45;74m▀[0m[38;2;181;62;107m[48;2;81;85;157m▀[0m[38;2;132;45;74m[48;2;81;85;157m▀[0m[38;2;132;45;74m[48;2;81;85;157m▀[0m[38;2;93;111;217m[48;2;81;85;157m▀[0m[38;2;93;111;217m[48;2;81;85;157m▀[0m[38;2;81;85;157m[48;2;81;85;157m▀[0m[38;2;81;85;157m[48;2;81;85;157m▀[0m[38;2;81;85;157m[48;2;76;57;82m▀[0m[38;2;76;57;82m[48;2;76;57;82m▀[0m[38;2;76;57;82m[48;2;76;57;82m▀[0m[38;2;76;57;82m[48;2;16;16;16m▀[0m[38;2;16;16;16m▀[38;2;16;16;16m[48;2;16;16;16m▀[0m[38;2;76;57;82m[48;2;56;42;61m▀[0m[38;2;90;70;99m[48;2;90;70;99m▀[0m[38;2;90;70;99m[48;2;90;70;99m▀[0m[38;2;90;70;99m[48;2;90;70;99m▀[0m[38;2;90;70;99m[48;2;90;70;99m▀[0m[38;2;90;70;99m[48;2;90;70;99m▀[0m[38;2;90;70;99m[48;2;90;70;99m▀[0m[38;2;90;70;99m[48;2;90;70;99m▀[0m[38;2;90;70;99m[48;2;90;70;99m▀[0m[38;2;76;57;82m[48;2;76;57;82m▀[0m[38;2;16;16;16m[48;2;16;16;16m▀[0m
  [38;2;16;16;16m[48;2;16;16;16m▀[0m[38;2;111;155;222m[48;2;111;155;222m▀[0m[38;2;111;155;222m[48;2;111;155;222m▀[0m[38;2;61;94;159m[48;2;61;94;159m▀[0m[38;2;140;222;255m[48;2;111;155;222m▀[0m[38;2;140;222;255m[48;2;140;222;255m▀[0m[38;2;140;222;255m[48;2;140;222;255m▀[0m[38;2;140;222;255m[48;2;140;222;255m▀[0m[38;2;140;222;255m[48;2;140;222;255m▀[0m[38;2;16;16;16m[48;2;140;222;255m▀[0m[38;2;76;57;82m[48;2;16;16;16m▀[0m[38;2;76;57;82m[48;2;76;57;82m▀[0m[38;2;81;85;157m[48;2;76;57;82m▀[0m[38;2;81;85;157m[48;2;81;85;157m▀[0m[38;2;81;85;157m[48;2;81;85;157m▀[0m[38;2;81;85;157m[48;2;81;85;157m▀[0m[38;2;132;45;74m[48;2;81;85;157m▀[0m[38;2;132;45;74m[48;2;132;45;74m▀[0m[38;2;132;45;74m[48;2;132;45;74m▀[0m[38;2;132;45;74m[48;2;132;45;74m▀[0m[38;2;132;45;74m[48;2;81;85;157m▀[0m[38;2;81;85;157m[48;2;81;85;157m▀[0m[38;2;81;85;157m[48;2;81;85;157m▀[0m[38;2;81;85;157m[48;2;81;85;157m▀[0m[38;2;81;85;157m[48;2;81;85;157m▀[0m[38;2;81;85;157m[48;2;81;85;157m▀[0m[38;2;81;85;157m[48;2;76;57;82m▀[0m[38;2;81;85;157m[48;2;76;57;82m▀[0m[38;2;76;57;82m[48;2;76;57;82m▀[0m[38;2;76;57;82m[48;2;76;57;82m▀[0m[38;2;76;57;82m[48;2;16;16;16m▀[0m[38;2;76;57;82m[48;2;16;16;16m▀[0m[38;2;16;16;16m[48;2;140;222;255m▀[0m[38;2;16;16;16m[48;2;140;222;255m▀[0m[38;2;61;94;159m[48;2;61;94;159m▀[0m[38;2;140;222;255m[48;2;140;222;255m▀[0m[38;2;140;222;255m[48;2;227;243;246m▀[0m[38;2;56;42;61m[48;2;140;222;255m▀[0m[38;2;90;70;99m[48;2;56;42;61m▀[0m[38;2;90;70;99m[48;2;76;57;82m▀[0m[38;2;90;70;99m[48;2;90;70;99m▀[0m[38;2;90;70;99m[48;2;90;70;99m▀[0m[38;2;90;70;99m[48;2;90;70;99m▀[0m[38;2;90;70;99m[48;2;76;57;82m▀[0m[38;2;76;57;82m[48;2;76;57;82m▀[0m[38;2;76;57;82m[48;2;56;42;61m▀[0m[38;2;16;16;16m[48;2;16;16;16m▀[0m
   [38;2;16;16;16m▀[38;2;111;155;222m[48;2;16;16;16m▀[0m[38;2;111;155;222m[48;2;16;16;16m▀[0m[38;2;61;94;159m[48;2;111;155;222m▀[0m[38;2;111;155;222m[48;2;61;94;159m▀[0m[38;2;140;222;255m[48;2;111;155;222m▀[0m[38;2;140;222;255m[48;2;111;155;222m▀[0m[38;2;140;222;255m[48;2;111;155;222m▀[0m[38;2;111;155;222m[48;2;111;155;222m▀[0m[38;2;111;155;222m[48;2;111;155;222m▀[0m[38;2;16;16;16m[48;2;111;155;222m▀[0m[38;2;76;57;82m[48;2;16;16;16m▀[0m[38;2;76;57;82m[48;2;90;70;99m▀[0m[38;2;81;85;157m[48;2;76;57;82m▀[0m[38;2;81;85;157m[48;2;93;111;217m▀[0m[38;2;93;111;217m[48;2;93;111;217m▀[0m[38;2;93;111;217m[48;2;93;111;217m▀[0m[38;2;181;62;107m[48;2;93;111;217m▀[0m[38;2;93;111;217m[48;2;93;111;217m▀[0m[38;2;93;111;217m[48;2;93;111;217m▀[0m[38;2;93;111;217m[48;2;93;111;217m▀[0m[38;2;81;85;157m[48;2;93;111;217m▀[0m[38;2;81;85;157m[48;2;76;57;82m▀[0m[38;2;76;57;82m[48;2;76;57;82m▀[0m[38;2;76;57;82m[48;2;76;57;82m▀[0m[38;2;76;57;82m[48;2;76;57;82m▀[0m[38;2;76;57;82m[48;2;76;57;82m▀[0m[38;2;76;57;82m[48;2;16;16;16m▀[0m[38;2;16;16;16m[48;2;140;222;255m▀[0m[38;2;140;222;255m[48;2;140;222;255m▀[0m[38;2;140;222;255m[48;2;140;222;255m▀[0m[38;2;140;222;255m[48;2;140;222;255m▀[0m[38;2;140;222;255m[48;2;140;222;255m▀[0m[38;2;140;222;255m[48;2;140;222;255m▀[0m[38;2;140;222;255m[48;2;61;94;159m▀[0m[38;2;140;222;255m[48;2;140;222;255m▀[0m[38;2;227;243;246m[48;2;140;222;255m▀[0m[38;2;140;222;255m[48;2;140;222;255m▀[0m[38;2;56;42;61m[48;2;140;222;255m▀[0m[38;2;56;42;61m[48;2;140;222;255m▀[0m[38;2;76;57;82m[48;2;56;42;61m▀[0m[38;2;76;57;82m[48;2;56;42;61m▀[0m[38;2;76;57;82m[48;2;56;42;61m▀[0m[38;2;56;42;61m[48;2;140;222;255m▀[0m[38;2;16;16;16m[48;2;16;16;16m▀[0m 
      [38;2;16;16;16m▀[38;2;16;16;16m▀[38;2;16;16;16m▀[38;2;16;16;16m▀[38;2;111;155;222m[48;2;16;16;16m▀[0m[38;2;111;155;222m[48;2;16;16;16m▀[0m[38;2;111;155;222m[48;2;111;155;222m▀[0m[38;2;111;155;222m[48;2;111;155;222m▀[0m[38;2;16;16;16m[48;2;111;155;222m▀[0m[38;2;90;70;99m[48;2;16;16;16m▀[0m[38;2;90;70;99m[48;2;90;70;99m▀[0m[38;2;81;85;157m[48;2;90;70;99m▀[0m[38;2;93;111;217m[48;2;93;111;217m▀[0m[38;2;93;111;217m[48;2;93;111;217m▀[0m[38;2;93;111;217m[48;2;93;111;217m▀[0m[38;2;93;111;217m[48;2;93;111;217m▀[0m[38;2;93;111;217m[48;2;93;111;217m▀[0m[38;2;93;111;217m[48;2;93;111;217m▀[0m[38;2;81;85;157m[48;2;90;70;99m▀[0m[38;2;90;70;99m[48;2;90;70;99m▀[0m[38;2;90;70;99m[48;2;90;70;99m▀[0m[38;2;76;57;82m[48;2;155;166;176m▀[0m[38;2;155;166;176m[48;2;155;166;176m▀[0m[38;2;16;16;16m[48;2;16;16;16m▀[0m[38;2;140;222;255m[48;2;140;222;255m▀[0m[38;2;140;222;255m[48;2;140;222;255m▀[0m[38;2;140;222;255m[48;2;140;222;255m▀[0m[38;2;140;222;255m[48;2;140;222;255m▀[0m[38;2;140;222;255m[48;2;140;222;255m▀[0m[38;2;140;222;255m[48;2;140;222;255m▀[0m[38;2;140;222;255m[48;2;140;222;255m▀[0m[38;2;140;222;255m[48;2;140;222;255m▀[0m[38;2;61;94;159m[48;2;140;222;255m▀[0m[38;2;111;155;222m[48;2;61;94;159m▀[0m[38;2;140;222;255m[48;2;61;94;159m▀[0m[38;2;140;222;255m[48;2;111;155;222m▀[0m[38;2;140;222;255m[48;2;140;222;255m▀[0m[38;2;140;222;255m[48;2;140;222;255m▀[0m[38;2;140;222;255m[48;2;140;222;255m▀[0m[38;2;140;222;255m[48;2;111;155;222m▀[0m[38;2;111;155;222m[48;2;16;16;16m▀[0m[38;2;16;16;16m▀ 
          [38;2;16;16;16m[48;2;16;16;16m▀[0m[38;2;111;155;222m[48;2;111;155;222m▀[0m[38;2;61;94;159m[48;2;61;94;159m▀[0m[38;2;111;155;222m[48;2;111;155;222m▀[0m[38;2;111;155;222m[48;2;111;155;222m▀[0m[38;2;16;16;16m[48;2;111;155;222m▀[0m[38;2;90;70;99m[48;2;16;16;16m▀[0m[38;2;90;70;99m[48;2;90;70;99m▀[0m[38;2;81;85;157m[48;2;90;70;99m▀[0m[38;2;93;111;217m[48;2;93;111;217m▀[0m[38;2;93;111;217m[48;2;93;111;217m▀[0m[38;2;93;111;217m[48;2;93;111;217m▀[0m[38;2;93;111;217m[48;2;93;111;217m▀[0m[38;2;93;111;217m[48;2;81;85;157m▀[0m[38;2;90;70;99m[48;2;90;70;99m▀[0m[38;2;90;70;99m[48;2;90;70;99m▀[0m[38;2;76;57;82m[48;2;76;57;82m▀[0m[38;2;155;166;176m[48;2;155;166;176m▀[0m[38;2;16;16;16m[48;2;16;16;16m▀[0m[38;2;111;155;222m[48;2;111;155;222m▀[0m[38;2;111;155;222m[48;2;111;155;222m▀[0m[38;2;140;222;255m[48;2;61;94;159m▀[0m[38;2;140;222;255m[48;2;111;155;222m▀[0m[38;2;140;222;255m[48;2;111;155;222m▀[0m[38;2;140;222;255m[48;2;111;155;222m▀[0m[38;2;140;222;255m[48;2;111;155;222m▀[0m[38;2;140;222;255m[48;2;111;155;222m▀[0m[38;2;111;155;222m[48;2;111;155;222m▀[0m[38;2;111;155;222m[48;2;111;155;222m▀[0m[38;2;111;155;222m[48;2;111;155;222m▀[0m[38;2;111;155;222m[48;2;111;155;222m▀[0m[38;2;61;94;159m[48;2;111;155;222m▀[0m[38;2;61;94;159m[48;2;16;16;16m▀[0m[38;2;61;94;159m[48;2;16;16;16m▀[0m[38;2;16;16;16m▀[38;2;16;16;16m▀   
           [38;2;16;16;16m▀[38;2;111;155;222m[48;2;16;16;16m▀[0m[38;2;111;155;222m[48;2;16;16;16m▀[0m[38;2;111;155;222m[48;2;16;16;16m▀[0m[38;2;16;16;16m▀[38;2;16;16;16m▀[38;2;90;70;99m[48;2;16;16;16m▀[0m[38;2;90;70;99m[48;2;90;70;99m▀[0m[38;2;81;85;157m[48;2;90;70;99m▀[0m[38;2;93;111;217m[48;2;93;111;217m▀[0m[38;2;93;111;217m[48;2;93;111;217m▀[0m[38;2;93;111;217m[48;2;93;111;217m▀[0m[38;2;90;70;99m[48;2;90;70;99m▀[0m[38;2;90;70;99m[48;2;90;70;99m▀[0m[38;2;90;70;99m[48;2;76;57;82m▀[0m[38;2;155;166;176m[48;2;155;166;176m▀[0m[38;2;155;166;176m[48;2;155;166;176m▀[0m[38;2;16;16;16m[48;2;16;16;16m▀[0m[38;2;111;155;222m[48;2;111;155;222m▀[0m[38;2;111;155;222m[48;2;111;155;222m▀[0m[38;2;61;94;159m[48;2;61;94;159m▀[0m[38;2;61;94;159m[48;2;111;155;222m▀[0m[38;2;16;16;16m[48;2;61;94;159m▀[0m[38;2;16;16;16m[48;2;111;155;222m▀[0m[38;2;16;16;16m[48;2;61;94;159m▀[0m[38;2;16;16;16m[48;2;111;155;222m▀[0m[38;2;16;16;16m[48;2;16;16;16m▀[0m[38;2;16;16;16m▀[38;2;16;16;16m▀[38;2;16;16;16m▀[38;2;16;16;16m▀       
                 [38;2;16;16;16m[48;2;16;16;16m▀[0m[38;2;90;70;99m[48;2;90;70;99m▀[0m[38;2;90;70;99m[48;2;90;70;99m▀[0m[38;2;93;111;217m[48;2;81;85;157m▀[0m[38;2;93;111;217m[48;2;93;111;217m▀[0m[38;2;93;111;217m[48;2;93;111;217m▀[0m[38;2;90;70;99m[48;2;90;70;99m▀[0m[38;2;90;70;99m[48;2;90;70;99m▀[0m[38;2;76;57;82m[48;2;76;57;82m▀[0m[38;2;155;166;176m[48;2;155;166;176m▀[0m[38;2;16;16;16m[48;2;16;16;16m▀[0m [38;2;16;16;16m▀[38;2;111;155;222m[48;2;16;16;16m▀[0m[38;2;111;155;222m[48;2;16;16;16m▀[0m[38;2;111;155;222m[48;2;16;16;16m▀[0m[38;2;61;94;159m[48;2;16;16;16m▀[0m[38;2;111;155;222m[48;2;16;16;16m▀[0m[38;2;16;16;16m▀[38;2;16;16;16m▀            
                  [38;2;16;16;16m[48;2;16;16;16m▀[0m[38;2;90;70;99m[48;2;90;70;99m▀[0m[38;2;90;70;99m[48;2;90;70;99m▀[0m[38;2;93;111;217m[48;2;93;111;217m▀[0m[38;2;93;111;217m[48;2;93;111;217m▀[0m[38;2;90;70;99m[48;2;90;70;99m▀[0m[38;2;90;70;99m[48;2;90;70;99m▀[0m[38;2;155;166;176m[48;2;155;166;176m▀[0m[38;2;155;166;176m[48;2;16;16;16m▀[0m[38;2;16;16;16m▀                     
                  [38;2;16;16;16m▀[38;2;90;70;99m[48;2;16;16;16m▀[0m[38;2;90;70;99m[48;2;90;70;99m▀[0m[38;2;93;111;217m[48;2;81;85;157m▀[0m[38;2;93;111;217m[48;2;93;111;217m▀[0m[38;2;90;70;99m[48;2;90;70;99m▀[0m[38;2;90;70;99m[48;2;90;70;99m▀[0m[38;2;155;166;176m[48;2;155;166;176m▀[0m[38;2;16;16;16m[48;2;16;16;16m▀[0m                      
                   [38;2;16;16;16m[48;2;16;16;16m▀[0m[38;2;90;70;99m[48;2;90;70;99m▀[0m[38;2;90;70;99m[48;2;90;70;99m▀[0m[38;2;93;111;217m[48;2;93;111;217m▀[0m[38;2;90;70;99m[48;2;90;70;99m▀[0m[38;2;90;70;99m[48;2;90;70;99m▀[0m[38;2;16;16;16m[48;2;16;16;16m▀[0m                       
                    [38;2;16;16;16m[48;2;16;16;16m▀[0m[38;2;90;70;99m[48;2;90;70;99m▀[0m[38;2;81;85;157m[48;2;90;70;99m▀[0m[38;2;90;70;99m[48;2;90;70;99m▀[0m[38;2;90;70;99m[48;2;76;57;82m▀[0m[38;2;16;16;16m[48;2;16;16;16m▀[0m                       
                   [38;2;61;94;159m[48;2;61;94;159m▀[0m[38;2;140;222;255m[48;2;111;155;222m▀[0m[38;2;76;57;82m[48;2;140;222;255m▀[0m[38;2;76;57;82m[48;2;140;222;255m▀[0m[38;2;76;57;82m[48;2;140;222;255m▀[0m[38;2;61;94;159m[48;2;111;155;222m▀[0m[38;2;111;155;222m[48;2;111;155;222m▀[0m[38;2;16;16;16m[48;2;16;16;16m▀[0m                      
                   [38;2;61;94;159m▄[38;2;61;94;159m[48;2;140;222;255m▀[0m[38;2;111;155;222m[48;2;61;94;159m▀[0m[38;2;111;155;222m[48;2;61;94;159m▀[0m[38;2;111;155;222m[48;2;61;94;159m▀[0m[38;2;111;155;222m[48;2;61;94;159m▀[0m[38;2;16;16;16m[48;2;111;155;222m▀[0m[38;2;16;16;16m▄                      
                   [38;2;61;94;159m▀[38;2;111;155;222m[48;2;61;94;159m▀[0m[38;2;140;222;255m[48;2;111;155;222m▀[0m[38;2;140;222;255m[48;2;111;155;222m▀[0m[38;2;140;222;255m[48;2;111;155;222m▀[0m[38;2;111;155;222m[48;2;111;155;222m▀[0m[38;2;111;155;222m[48;2;61;94;159m▀[0m[38;2;16;16;16m[48;2;61;94;159m▀[0m                      
             [38;2;56;42;61m▄[38;2;56;42;61m▄[38;2;56;42;61m▄    [38;2;16;16;16m[48;2;16;16;16m▀[0m[38;2;61;94;159m[48;2;111;155;222m▀[0m[38;2;61;94;159m[48;2;140;222;255m▀[0m[38;2;61;94;159m[48;2;140;222;255m▀[0m[38;2;61;94;159m[48;2;140;222;255m▀[0m[38;2;61;94;159m[48;2;111;155;222m▀[0m[38;2;111;155;222m[48;2;111;155;222m▀[0m[38;2;16;16;16m[48;2;16;16;16m▀[0m[38;2;16;16;16m▄       [38;2;16;16;16m▄[38;2;16;16;16m▄[38;2;16;16;16m▄          
          [38;2;56;42;61m▄[38;2;56;42;61m[48;2;108;86;123m▀[0m[38;2;56;42;61m[48;2;108;86;123m▀[0m[38;2;108;86;123m[48;2;108;86;123m▀[0m[38;2;108;86;123m[48;2;108;86;123m▀[0m[38;2;108;86;123m[48;2;108;86;123m▀[0m[38;2;56;42;61m[48;2;108;86;123m▀[0m[38;2;56;42;61m[48;2;90;70;99m▀[0m[38;2;56;42;61m▄[38;2;56;42;61m▄[38;2;56;42;61m▄[38;2;16;16;16m[48;2;76;57;82m▀[0m[38;2;111;155;222m[48;2;16;16;16m▀[0m[38;2;111;155;222m[48;2;16;16;16m▀[0m[38;2;111;155;222m[48;2;16;16;16m▀[0m[38;2;111;155;222m[48;2;16;16;16m▀[0m[38;2;16;16;16m[48;2;76;57;82m▀[0m[38;2;76;57;82m[48;2;76;57;82m▀[0m[38;2;76;57;82m[48;2;76;57;82m▀[0m[38;2;16;16;16m[48;2;90;70;99m▀[0m[38;2;16;16;16m[48;2;90;70;99m▀[0m[38;2;16;16;16m▄[38;2;16;16;16m▄[38;2;16;16;16m▄[38;2;16;16;16m[48;2;90;70;99m▀[0m[38;2;16;16;16m[48;2;90;70;99m▀[0m[38;2;90;70;99m[48;2;90;70;99m▀[0m[38;2;90;70;99m[48;2;90;70;99m▀[0m[38;2;90;70;99m[48;2;90;70;99m▀[0m[38;2;16;16;16m[48;2;90;70;99m▀[0m[38;2;16;16;16m[48;2;90;70;99m▀[0m[38;2;16;16;16m▄       
         [38;2;56;42;61m[48;2;56;42;61m▀[0m[38;2;108;86;123m[48;2;108;86;123m▀[0m[38;2;108;86;123m[48;2;108;86;123m▀[0m[38;2;108;86;123m[48;2;108;86;123m▀[0m[38;2;108;86;123m[48;2;108;86;123m▀[0m[38;2;108;86;123m[48;2;108;86;123m▀[0m[38;2;108;86;123m[48;2;108;86;123m▀[0m[38;2;108;86;123m[48;2;108;86;123m▀[0m[38;2;108;86;123m[48;2;108;86;123m▀[0m[38;2;108;86;123m[48;2;108;86;123m▀[0m[38;2;90;70;99m[48;2;108;86;123m▀[0m[38;2;108;86;123m[48;2;90;70;99m▀[0m[38;2;90;70;99m[48;2;90;70;99m▀[0m[38;2;76;57;82m[48;2;76;57;82m▀[0m[38;2;76;57;82m[48;2;76;57;82m▀[0m[38;2;76;57;82m[48;2;76;57;82m▀[0m[38;2;76;57;82m[48;2;76;57;82m▀[0m[38;2;76;57;82m[48;2;76;57;82m▀[0m[38;2;76;57;82m[48;2;76;57;82m▀[0m[38;2;90;70;99m[48;2;90;70;99m▀[0m[38;2;90;70;99m[48;2;90;70;99m▀[0m[38;2;90;70;99m[48;2;90;70;99m▀[0m[38;2;90;70;99m[48;2;90;70;99m▀[0m[38;2;90;70;99m[48;2;90;70;99m▀[0m[38;2;90;70;99m[48;2;90;70;99m▀[0m[38;2;90;70;99m[48;2;90;70;99m▀[0m[38;2;90;70;99m[48;2;90;70;99m▀[0m[38;2;90;70;99m[48;2;90;70;99m▀[0m[38;2;90;70;99m[48;2;90;70;99m▀[0m[38;2;90;70;99m[48;2;90;70;99m▀[0m[38;2;90;70;99m[48;2;90;70;99m▀[0m[38;2;90;70;99m[48;2;90;70;99m▀[0m[38;2;90;70;99m[48;2;90;70;99m▀[0m[38;2;16;16;16m[48;2;16;16;16m▀[0m      
         [38;2;56;42;61m▀[38;2;76;57;82m[48;2;16;16;16m▀[0m[38;2;56;42;61m[48;2;76;57;82m▀[0m[38;2;108;86;123m[48;2;76;57;82m▀[0m[38;2;108;86;123m[48;2;56;42;61m▀[0m[38;2;108;86;123m[48;2;56;42;61m▀[0m[38;2;108;86;123m[48;2;108;86;123m▀[0m[38;2;108;86;123m[48;2;108;86;123m▀[0m[38;2;108;86;123m[48;2;108;86;123m▀[0m[38;2;108;86;123m[48;2;90;70;99m▀[0m[38;2;90;70;99m[48;2;90;70;99m▀[0m[38;2;108;86;123m[48;2;56;42;61m▀[0m[38;2;76;57;82m[48;2;56;42;61m▀[0m[38;2;76;57;82m[48;2;76;57;82m▀[0m[38;2;76;57;82m[48;2;16;16;16m▀[0m[38;2;16;16;16m▀[38;2;16;16;16m▀[38;2;76;57;82m[48;2;16;16;16m▀[0m[38;2;76;57;82m[48;2;76;57;82m▀[0m[38;2;56;42;61m[48;2;76;57;82m▀[0m[38;2;90;70;99m[48;2;56;42;61m▀[0m[38;2;90;70;99m[48;2;56;42;61m▀[0m[38;2;90;70;99m[48;2;90;70;99m▀[0m[38;2;90;70;99m[48;2;90;70;99m▀[0m[38;2;90;70;99m[48;2;90;70;99m▀[0m[38;2;90;70;99m[48;2;90;70;99m▀[0m[38;2;90;70;99m[48;2;90;70;99m▀[0m[38;2;90;70;99m[48;2;90;70;99m▀[0m[38;2;90;70;99m[48;2;56;42;61m▀[0m[38;2;90;70;99m[48;2;56;42;61m▀[0m[38;2;90;70;99m[48;2;76;57;82m▀[0m[38;2;56;42;61m[48;2;76;57;82m▀[0m[38;2;76;57;82m[48;2;16;16;16m▀[0m[38;2;16;16;16m▀      
           [38;2;16;16;16m▀[38;2;76;57;82m[48;2;16;16;16m▀[0m[38;2;76;57;82m[48;2;16;16;16m▀[0m[38;2;76;57;82m[48;2;76;57;82m▀[0m[38;2;76;57;82m[48;2;76;57;82m▀[0m[38;2;56;42;61m[48;2;76;57;82m▀[0m[38;2;56;42;61m[48;2;76;57;82m▀[0m[38;2;56;42;61m[48;2;76;57;82m▀[0m[38;2;76;57;82m[48;2;76;57;82m▀[0m[38;2;76;57;82m[48;2;16;16;16m▀[0m[38;2;76;57;82m[48;2;16;16;16m▀[0m[38;2;16;16;16m▀    [38;2;16;16;16m▀[38;2;16;16;16m▀[38;2;76;57;82m[48;2;16;16;16m▀[0m[38;2;76;57;82m[48;2;16;16;16m▀[0m[38;2;76;57;82m[48;2;76;57;82m▀[0m[38;2;56;42;61m[48;2;76;57;82m▀[0m[38;2;56;42;61m[48;2;76;57;82m▀[0m[38;2;56;42;61m[48;2;76;57;82m▀[0m[38;2;56;42;61m[48;2;76;57;82m▀[0m[38;2;76;57;82m[48;2;76;57;82m▀[0m[38;2;76;57;82m[48;2;76;57;82m▀[0m[38;2;76;57;82m[48;2;16;16;16m▀[0m[38;2;76;57;82m[48;2;16;16;16m▀[0m[38;2;16;16;16m▀        
              [38;2;16;16;16m▀[38;2;16;16;16m▀[38;2;16;16;16m▀[38;2;16;16;16m▀[38;2;16;16;16m▀[38;2;16;16;16m▀           [38;2;16;16;16m▀[38;2;16;16;16m▀[38;2;16;16;16m▀[38;2;16;16;16m▀[38;2;16;16;16m▀[38;2;16;16;16m▀[38;2;16;16;16m▀           
[0m