                       [38;2;32;72;13m▄[38;2;135;132;126m[48;2;230;225;219m▀[0m[38;2;135;132;126m[48;2;230;225;219m▀[0m[38;2;135;132;126m[48;2;230;225;219m▀[0m[38;2;135;132;126m[48;2;230;225;219m▀[0m[38;2;32;72;13m▄                             
                   [38;2;135;132;126m▄[38;2;135;132;126m▄[38;2;135;132;126m▄[38;2;135;132;126m▄[38;2;32;72;13m[48;2;32;72;13m▀[0m[38;2;230;225;219m[48;2;193;185;174m▀[0m[38;2;230;225;219m[48;2;193;185;174m▀[0m[38;2;230;225;219m[48;2;193;185;174m▀[0m[38;2;193;185;174m[48;2;193;185;174m▀[0m[38;2;193;185;174m[48;2;193;185;174m▀[0m[38;2;32;72;13m[48;2;32;72;13m▀[0m                            
                  [38;2;32;72;13m[48;2;5;5;5m▀[0m[38;2;32;72;13m[48;2;135;132;126m▀[0m[38;2;230;225;219m[48;2;32;72;13m▀[0m[38;2;230;225;219m[48;2;32;72;13m▀[0m[38;2;230;225;219m[48;2;32;72;13m▀[0m[38;2;230;225;219m[48;2;193;185;174m▀[0m[38;2;135;132;126m[48;2;193;185;174m▀[0m[38;2;193;185;174m[48;2;193;185;174m▀[0m[38;2;193;185;174m[48;2;193;185;174m▀[0m[38;2;193;185;174m[48;2;135;132;126m▀[0m[38;2;135;132;126m[48;2;32;72;13m▀[0m[38;2;32;72;13m[48;2;135;132;126m▀[0m                            
                  [38;2;5;5;5m▀[38;2;135;132;126m[48;2;5;5;5m▀[0m[38;2;135;132;126m[48;2;5;5;5m▀[0m[38;2;135;132;126m[48;2;32;72;13m▀[0m[38;2;135;132;126m[48;2;135;132;126m▀[0m[38;2;32;72;13m[48;2;135;132;126m▀[0m[38;2;32;72;13m[48;2;135;132;126m▀[0m[38;2;32;72;13m[48;2;135;132;126m▀[0m[38;2;135;132;126m[48;2;135;132;126m▀[0m[38;2;193;185;174m[48;2;135;132;126m▀[0m[38;2;193;185;174m[48;2;32;72;13m▀[0m[38;2;193;185;174m[48;2;32;72;13m▀[0m[38;2;135;132;126m[48;2;193;185;174m▀[0m[38;2;135;132;126m[48;2;193;185;174m▀[0m[38;2;32;72;13m▄                         
                    [38;2;57;103;37m[48;2;93;158;74m▀[0m[38;2;120;196;99m[48;2;120;196;99m▀[0m[38;2;5;5;5m[48;2;247;218;103m▀[0m[38;2;5;5;5m[48;2;167;186;114m▀[0m[38;2;32;72;13m[48;2;120;196;99m▀[0m[38;2;135;132;126m[48;2;5;5;5m▀[0m[38;2;135;132;126m[48;2;5;5;5m▀[0m[38;2;135;132;126m[48;2;5;5;5m▀[0m[38;2;135;132;126m[48;2;135;132;126m▀[0m[38;2;135;132;126m[48;2;135;132;126m▀[0m[38;2;135;132;126m[48;2;135;132;126m▀[0m[38;2;32;72;13m[48;2;135;132;126m▀[0m[38;2;32;72;13m[48;2;5;5;5m▀[0m                         
                   [38;2;57;103;37m[48;2;57;103;37m▀[0m[38;2;120;196;99m[48;2;120;196;99m▀[0m[38;2;247;218;103m[48;2;247;218;103m▀[0m[38;2;167;186;114m[48;2;120;196;99m▀[0m[38;2;120;196;99m[48;2;247;218;103m▀[0m[38;2;247;218;103m[48;2;120;196;99m▀[0m[38;2;167;186;114m[48;2;247;218;103m▀[0m[38;2;120;196;99m[48;2;120;196;99m▀[0m[38;2;247;218;103m[48;2;247;218;103m▀[0m[38;2;5;5;5m[48;2;120;196;99m▀[0m[38;2;5;5;5m[48;2;120;196;99m▀[0m[38;2;5;5;5m[48;2;57;103;37m▀[0m[38;2;5;5;5m▀                          
                   [38;2;57;103;37m[48;2;57;103;37m▀[0m[38;2;120;196;99m[48;2;120;196;99m▀[0m[38;2;247;218;103m[48;2;247;218;103m▀[0m[38;2;120;196;99m[48;2;120;196;99m▀[0m[38;2;247;218;103m[48;2;167;186;114m▀[0m[38;2;167;186;114m[48;2;247;218;103m▀[0m[38;2;120;196;99m[48;2;247;218;103m▀[0m[38;2;167;186;114m[48;2;247;218;103m▀[0m[38;2;247;218;103m[48;2;120;196;99m▀[0m[38;2;120;196;99m[48;2;120;196;99m▀[0m[38;2;120;196;99m[48;2;120;196;99m▀[0m[38;2;57;103;37m[48;2;57;103;37m▀[0m          [38;2;153;160;88m▄[38;2;153;160;88m▄               
                    [38;2;57;103;37m[48;2;57;103;37m▀[0m[38;2;120;196;99m[48;2;93;158;74m▀[0m[38;2;247;218;103m[48;2;167;186;114m▀[0m[38;2;120;196;99m[48;2;247;218;103m▀[0m[38;2;120;196;99m[48;2;167;186;114m▀[0m[38;2;120;196;99m[48;2;120;196;99m▀[0m[38;2;120;196;99m[48;2;120;196;99m▀[0m[38;2;120;196;99m[48;2;93;158;74m▀[0m[38;2;120;196;99m[48;2;93;158;74m▀[0m[38;2;93;158;74m[48;2;57;103;37m▀[0m[38;2;57;103;37m[48;2;24;43;17m▀[0m         [38;2;5;5;5m[48;2;5;5;5m▀[0m[38;2;204;195;116m[48;2;160;151;80m▀[0m[38;2;204;195;116m[48;2;204;195;116m▀[0m[38;2;153;160;88m[48;2;153;160;88m▀[0m              
                  [38;2;24;43;17m▄[38;2;24;43;17m[48;2;153;160;88m▀[0m[38;2;24;43;17m[48;2;153;160;88m▀[0m[38;2;57;103;37m[48;2;24;43;17m▀[0m[38;2;93;158;74m[48;2;57;103;37m▀[0m[38;2;93;158;74m[48;2;57;103;37m▀[0m[38;2;93;158;74m[48;2;57;103;37m▀[0m[38;2;93;158;74m[48;2;93;158;74m▀[0m[38;2;93;158;74m[48;2;93;158;74m▀[0m[38;2;93;158;74m[48;2;93;158;74m▀[0m[38;2;93;158;74m[48;2;24;43;17m▀[0m[38;2;24;43;17m[48;2;153;160;88m▀[0m[38;2;153;160;88m[48;2;153;160;88m▀[0m[38;2;24;43;17m[48;2;24;43;17m▀[0m[38;2;24;43;17m▄[38;2;24;43;17m▄       [38;2;5;5;5m[48;2;5;5;5m▀[0m[38;2;204;195;116m[48;2;160;151;80m▀[0m[38;2;204;195;116m[48;2;204;195;116m▀[0m[38;2;153;160;88m[48;2;153;160;88m▀[0m             
                 [38;2;24;43;17m▄[38;2;24;43;17m[48;2;24;43;17m▀[0m[38;2;153;160;88m[48;2;24;43;17m▀[0m[38;2;153;160;88m[48;2;153;160;88m▀[0m[38;2;153;160;88m[48;2;153;160;88m▀[0m[38;2;24;43;17m[48;2;153;160;88m▀[0m[38;2;57;103;37m[48;2;93;158;74m▀[0m[38;2;24;43;17m[48;2;153;160;88m▀[0m[38;2;24;43;17m[48;2;153;160;88m▀[0m[38;2;24;43;17m[48;2;120;196;99m▀[0m[38;2;57;103;37m[48;2;120;196;99m▀[0m[38;2;153;160;88m[48;2;153;160;88m▀[0m[38;2;153;160;88m[48;2;24;43;17m▀[0m[38;2;153;160;88m[48;2;24;43;17m▀[0m[38;2;24;43;17m[48;2;32;72;13m▀[0m[38;2;32;72;13m[48;2;32;72;13m▀[0m[38;2;32;72;13m[48;2;32;72;13m▀[0m[38;2;24;43;17m[48;2;32;72;13m▀[0m[38;2;24;43;17m▄      [38;2;153;160;88m[48;2;5;5;5m▀[0m[38;2;204;195;116m[48;2;160;151;80m▀[0m[38;2;204;195;116m[48;2;204;195;116m▀[0m[38;2;153;160;88m[48;2;153;160;88m▀[0m            
               [38;2;24;43;17m▄[38;2;24;43;17m[48;2;32;72;13m▀[0m[38;2;32;72;13m[48;2;32;72;13m▀[0m[38;2;32;72;13m[48;2;32;72;13m▀[0m[38;2;32;72;13m[48;2;32;72;13m▀[0m[38;2;24;43;17m[48;2;32;72;13m▀[0m[38;2;24;43;17m[48;2;32;72;13m▀[0m[38;2;153;160;88m[48;2;120;196;99m▀[0m[38;2;120;196;99m[48;2;120;196;99m▀[0m[38;2;120;196;99m[48;2;32;72;13m▀[0m[38;2;120;196;99m[48;2;32;72;13m▀[0m[38;2;120;196;99m[48;2;32;72;13m▀[0m[38;2;24;43;17m[48;2;32;72;13m▀[0m[38;2;24;43;17m[48;2;32;72;13m▀[0m[38;2;32;72;13m[48;2;32;72;13m▀[0m[38;2;32;72;13m[48;2;32;72;13m▀[0m[38;2;32;72;13m[48;2;32;72;13m▀[0m[38;2;32;72;13m[48;2;32;72;13m▀[0m[38;2;32;72;13m[48;2;32;72;13m▀[0m[38;2;32;72;13m[48;2;32;72;13m▀[0m[38;2;24;43;17m[48;2;32;72;13m▀[0m[38;2;24;43;17m▄      [38;2;153;160;88m[48;2;5;5;5m▀[0m[38;2;204;195;116m[48;2;204;195;116m▀[0m[38;2;204;195;116m[48;2;57;103;37m▀[0m[38;2;57;103;37m[48;2;93;158;74m▀[0m[38;2;57;103;37m[48;2;93;158;74m▀[0m[38;2;57;103;37m▄         
              [38;2;24;43;17m▄[38;2;24;43;17m[48;2;32;72;13m▀[0m[38;2;32;72;13m[48;2;93;158;74m▀[0m[38;2;32;72;13m[48;2;32;72;13m▀[0m[38;2;32;72;13m[48;2;135;132;126m▀[0m[38;2;32;72;13m[48;2;230;225;219m▀[0m[38;2;93;158;74m[48;2;120;196;99m▀[0m[38;2;120;196;99m[48;2;193;185;174m▀[0m[38;2;93;158;74m[48;2;230;225;219m▀[0m[38;2;193;185;174m[48;2;230;225;219m▀[0m[38;2;230;225;219m[48;2;230;225;219m▀[0m[38;2;230;225;219m[48;2;135;132;126m▀[0m[38;2;230;225;219m[48;2;32;72;13m▀[0m[38;2;193;185;174m[48;2;230;225;219m▀[0m[38;2;32;72;13m[48;2;230;225;219m▀[0m[38;2;32;72;13m[48;2;193;185;174m▀[0m[38;2;32;72;13m[48;2;32;72;13m▀[0m[38;2;32;72;13m[48;2;32;72;13m▀[0m[38;2;32;72;13m[48;2;32;72;13m▀[0m[38;2;32;72;13m[48;2;32;72;13m▀[0m[38;2;32;72;13m[48;2;32;72;13m▀[0m[38;2;32;72;13m[48;2;32;72;13m▀[0m[38;2;24;43;17m[48;2;24;43;17m▀[0m       [38;2;5;5;5m[48;2;5;5;5m▀[0m[38;2;93;158;74m[48;2;93;158;74m▀[0m[38;2;93;158;74m[48;2;57;103;37m▀[0m[38;2;57;103;37m[48;2;120;196;99m▀[0m[38;2;120;196;99m[48;2;120;196;99m▀[0m[38;2;57;103;37m[48;2;120;196;99m▀[0m[38;2;57;103;37m▄       
              [38;2;24;43;17m[48;2;24;43;17m▀[0m[38;2;32;72;13m[48;2;32;72;13m▀[0m[38;2;93;158;74m[48;2;93;158;74m▀[0m[38;2;135;132;126m[48;2;120;196;99m▀[0m[38;2;230;225;219m[48;2;120;196;99m▀[0m[38;2;120;196;99m[48;2;120;196;99m▀[0m[38;2;120;196;99m[48;2;193;185;174m▀[0m[38;2;230;225;219m[48;2;230;225;219m▀[0m[38;2;230;225;219m[48;2;230;225;219m▀[0m[38;2;230;225;219m[48;2;230;225;219m▀[0m[38;2;230;225;219m[48;2;230;225;219m▀[0m[38;2;32;72;13m[48;2;230;225;219m▀[0m[38;2;32;72;13m[48;2;230;225;219m▀[0m[38;2;230;225;219m[48;2;135;132;126m▀[0m[38;2;230;225;219m[48;2;32;72;13m▀[0m[38;2;230;225;219m[48;2;230;225;219m▀[0m[38;2;32;72;13m[48;2;193;185;174m▀[0m[38;2;32;72;13m[48;2;32;72;13m▀[0m[38;2;32;72;13m[48;2;32;72;13m▀[0m[38;2;32;72;13m[48;2;32;72;13m▀[0m[38;2;32;72;13m[48;2;32;72;13m▀[0m[38;2;32;72;13m[48;2;32;72;13m▀[0m[38;2;32;72;13m[48;2;32;72;13m▀[0m[38;2;5;5;5m[48;2;5;5;5m▀[0m       [38;2;5;5;5m[48;2;5;5;5m▀[0m[38;2;120;196;99m[48;2;120;196;99m▀[0m[38;2;120;196;99m[48;2;120;196;99m▀[0m[38;2;120;196;99m[48;2;57;103;37m▀[0m[38;2;57;103;37m[48;2;57;103;37m▀[0m[38;2;57;103;37m[48;2;93;158;74m▀[0m[38;2;57;103;37m▄[38;2;57;103;37m▄     
              [38;2;24;43;17m[48;2;24;43;17m▀[0m[38;2;32;72;13m[48;2;135;132;126m▀[0m[38;2;230;225;219m[48;2;230;225;219m▀[0m[38;2;93;158;74m[48;2;230;225;219m▀[0m[38;2;93;158;74m[48;2;230;225;219m▀[0m[38;2;193;185;174m[48;2;230;225;219m▀[0m[38;2;230;225;219m[48;2;230;225;219m▀[0m[38;2;230;225;219m[48;2;230;225;219m▀[0m[38;2;230;225;219m[48;2;230;225;219m▀[0m[38;2;230;225;219m[48;2;230;225;219m▀[0m[38;2;135;132;126m[48;2;32;72;13m▀[0m[38;2;32;72;13m[48;2;24;43;17m▀[0m[38;2;230;225;219m[48;2;230;225;219m▀[0m[38;2;32;72;13m[48;2;230;225;219m▀[0m[38;2;24;43;17m[48;2;32;72;13m▀[0m[38;2;230;225;219m[48;2;32;72;13m▀[0m[38;2;230;225;219m[48;2;32;72;13m▀[0m[38;2;230;225;219m[48;2;230;225;219m▀[0m[38;2;135;132;126m[48;2;230;225;219m▀[0m[38;2;32;72;13m[48;2;135;132;126m▀[0m[38;2;32;72;13m[48;2;32;72;13m▀[0m[38;2;32;72;13m[48;2;32;72;13m▀[0m[38;2;32;72;13m[48;2;24;43;17m▀[0m[38;2;5;5;5m[48;2;57;103;37m▀[0m[38;2;5;5;5m▄    [38;2;93;158;74m▄[38;2;93;158;74m[48;2;120;196;99m▀[0m[38;2;120;196;99m[48;2;120;196;99m▀[0m[38;2;5;5;5m[48;2;153;160;88m▀[0m[38;2;5;5;5m[48;2;160;151;80m▀[0m[38;2;160;151;80m[48;2;160;151;80m▀[0m[38;2;153;160;88m[48;2;153;160;88m▀[0m[38;2;93;158;74m[48;2;57;103;37m▀[0m[38;2;120;196;99m[48;2;93;158;74m▀[0m[38;2;120;196;99m[48;2;93;158;74m▀[0m[38;2;5;5;5m[48;2;5;5;5m▀[0m    
              [38;2;24;43;17m[48;2;24;43;17m▀[0m[38;2;230;225;219m[48;2;230;225;219m▀[0m[38;2;230;225;219m[48;2;32;72;13m▀[0m[38;2;32;72;13m[48;2;253;253;253m▀[0m[38;2;32;72;13m[48;2;253;253;253m▀[0m[38;2;230;225;219m[48;2;32;72;13m▀[0m[38;2;230;225;219m[48;2;230;225;219m▀[0m[38;2;230;225;219m[48;2;230;225;219m▀[0m[38;2;230;225;219m[48;2;230;225;219m▀[0m[38;2;230;225;219m[48;2;230;225;219m▀[0m[38;2;230;225;219m[48;2;230;225;219m▀[0m[38;2;230;225;219m[48;2;230;225;219m▀[0m[38;2;230;225;219m[48;2;230;225;219m▀[0m[38;2;135;132;126m[48;2;32;72;13m▀[0m[38;2;135;132;126m[48;2;253;253;253m▀[0m[38;2;253;253;253m[48;2;32;72;13m▀[0m[38;2;253;253;253m[48;2;32;72;13m▀[0m[38;2;32;72;13m[48;2;253;253;253m▀[0m[38;2;230;225;219m[48;2;32;72;13m▀[0m[38;2;230;225;219m[48;2;230;225;219m▀[0m[38;2;32;72;13m[48;2;32;72;13m▀[0m[38;2;32;72;13m[48;2;32;72;13m▀[0m[38;2;24;43;17m[48;2;24;43;17m▀[0m[38;2;247;218;103m[48;2;167;186;114m▀[0m[38;2;5;5;5m[48;2;57;103;37m▀[0m[38;2;93;158;74m▄[38;2;120;196;99m▄ [38;2;93;158;74m▀[38;2;120;196;99m▀[38;2;120;196;99m[48;2;57;103;37m▀[0m[38;2;93;158;74m[48;2;93;158;74m▀[0m[38;2;93;158;74m[48;2;93;158;74m▀[0m[38;2;153;160;88m[48;2;153;160;88m▀[0m[38;2;160;151;80m[48;2;160;151;80m▀[0m[38;2;160;151;80m[48;2;160;151;80m▀[0m[38;2;153;160;88m[48;2;153;160;88m▀[0m[38;2;5;5;5m▀[38;2;5;5;5m▀     
               [38;2;32;72;13m[48;2;24;43;17m▀[0m[38;2;253;253;253m[48;2;32;72;13m▀[0m[38;2;32;72;13m[48;2;253;253;253m▀[0m[38;2;135;132;126m[48;2;32;72;13m▀[0m[38;2;253;253;253m[48;2;253;253;253m▀[0m[38;2;32;72;13m[48;2;32;72;13m▀[0m[38;2;230;225;219m[48;2;230;225;219m▀[0m[38;2;230;225;219m[48;2;230;225;219m▀[0m[38;2;230;225;219m[48;2;230;225;219m▀[0m[38;2;230;225;219m[48;2;230;225;219m▀[0m[38;2;230;225;219m[48;2;230;225;219m▀[0m[38;2;135;132;126m[48;2;32;72;13m▀[0m[38;2;253;253;253m[48;2;253;253;253m▀[0m[38;2;32;72;13m[48;2;32;72;13m▀[0m[38;2;253;253;253m[48;2;253;253;253m▀[0m[38;2;253;253;253m[48;2;253;253;253m▀[0m[38;2;32;72;13m[48;2;32;72;13m▀[0m[38;2;135;132;126m[48;2;253;253;253m▀[0m[38;2;230;225;219m[48;2;32;72;13m▀[0m[38;2;135;132;126m[48;2;230;225;219m▀[0m[38;2;32;72;13m[48;2;32;72;13m▀[0m[38;2;24;43;17m[48;2;24;43;17m▀[0m[38;2;57;103;37m[48;2;24;43;17m▀[0m[38;2;5;5;5m[48;2;5;5;5m▀[0m[38;2;57;103;37m▀[38;2;57;103;37m▀  [38;2;57;103;37m▀[38;2;93;158;74m[48;2;57;103;37m▀[0m[38;2;93;158;74m[48;2;57;103;37m▀[0m[38;2;57;103;37m▀ [38;2;5;5;5m[48;2;5;5;5m▀[0m[38;2;160;151;80m[48;2;204;195;116m▀[0m[38;2;204;195;116m[48;2;204;195;116m▀[0m[38;2;153;160;88m[48;2;153;160;88m▀[0m      
            [38;2;93;158;74m▄[38;2;93;158;74m▄ [38;2;24;43;17m[48;2;24;43;17m▀[0m[38;2;32;72;13m[48;2;32;72;13m▀[0m[38;2;253;253;253m[48;2;253;253;253m▀[0m[38;2;253;253;253m[48;2;253;253;253m▀[0m[38;2;32;72;13m[48;2;32;72;13m▀[0m[38;2;253;253;253m[48;2;253;253;253m▀[0m[38;2;32;72;13m[48;2;32;72;13m▀[0m[38;2;230;225;219m[48;2;230;225;219m▀[0m[38;2;230;225;219m[48;2;230;225;219m▀[0m[38;2;230;225;219m[48;2;230;225;219m▀[0m[38;2;230;225;219m[48;2;230;225;219m▀[0m[38;2;32;72;13m[48;2;32;72;13m▀[0m[38;2;253;253;253m[48;2;253;253;253m▀[0m[38;2;32;72;13m[48;2;32;72;13m▀[0m[38;2;253;253;253m[48;2;253;253;253m▀[0m[38;2;253;253;253m[48;2;253;253;253m▀[0m[38;2;32;72;13m[48;2;32;72;13m▀[0m[38;2;253;253;253m[48;2;253;253;253m▀[0m[38;2;32;72;13m[48;2;32;72;13m▀[0m[38;2;230;225;219m[48;2;193;185;174m▀[0m[38;2;24;43;17m[48;2;24;43;17m▀[0m[38;2;24;43;17m[48;2;24;43;17m▀[0m[38;2;24;43;17m[48;2;24;43;17m▀[0m[38;2;5;5;5m[48;2;5;5;5m▀[0m [38;2;93;158;74m▀[38;2;120;196;99m▀[38;2;93;158;74m▀      [38;2;153;160;88m[48;2;5;5;5m▀[0m[38;2;204;195;116m[48;2;204;195;116m▀[0m[38;2;204;195;116m[48;2;153;160;88m▀[0m[38;2;153;160;88m[48;2;153;160;88m▀[0m     
         [38;2;93;158;74m▄ [38;2;57;103;37m▀[38;2;120;196;99m[48;2;57;103;37m▀[0m[38;2;57;103;37m▀ [38;2;93;158;74m▄[38;2;24;43;17m[48;2;24;43;17m▀[0m[38;2;135;132;126m[48;2;32;72;13m▀[0m[38;2;253;253;253m[48;2;253;253;253m▀[0m[38;2;32;72;13m[48;2;32;72;13m▀[0m[38;2;253;253;253m[48;2;253;253;253m▀[0m[38;2;32;72;13m[48;2;32;72;13m▀[0m[38;2;230;225;219m[48;2;230;225;219m▀[0m[38;2;230;225;219m[48;2;230;225;219m▀[0m[38;2;230;225;219m[48;2;230;225;219m▀[0m[38;2;230;225;219m[48;2;230;225;219m▀[0m[38;2;230;225;219m[48;2;193;185;174m▀[0m[38;2;32;72;13m[48;2;32;72;13m▀[0m[38;2;135;132;126m[48;2;253;253;253m▀[0m[38;2;253;253;253m[48;2;32;72;13m▀[0m[38;2;32;72;13m[48;2;253;253;253m▀[0m[38;2;253;253;253m[48;2;253;253;253m▀[0m[38;2;253;253;253m[48;2;32;72;13m▀[0m[38;2;32;72;13m[48;2;193;185;174m▀[0m[38;2;193;185;174m[48;2;193;185;174m▀[0m[38;2;24;43;17m[48;2;135;132;126m▀[0m[38;2;24;43;17m[48;2;24;43;17m▀[0m[38;2;24;43;17m[48;2;24;43;17m▀[0m[38;2;5;5;5m[48;2;5;5;5m▀[0m          [38;2;5;5;5m▀[38;2;153;160;88m[48;2;5;5;5m▀[0m[38;2;160;151;80m[48;2;160;151;80m▀[0m[38;2;153;160;88m[48;2;160;151;80m▀[0m[38;2;153;160;88m▄    
     [38;2;57;103;37m▄[38;2;57;103;37m[48;2;120;196;99m▀[0m[38;2;57;103;37m▄[38;2;93;158;74m[48;2;93;158;74m▀[0m[38;2;93;158;74m[48;2;57;103;37m▀[0m[38;2;57;103;37m▄ [38;2;93;158;74m▄[38;2;93;158;74m▄[38;2;93;158;74m▀[38;2;120;196;99m▀[38;2;24;43;17m▀[38;2;135;132;126m[48;2;24;43;17m▀[0m[38;2;32;72;13m[48;2;193;185;174m▀[0m[38;2;193;185;174m[48;2;193;185;174m▀[0m[38;2;32;72;13m[48;2;32;72;13m▀[0m[38;2;193;185;174m[48;2;193;185;174m▀[0m[38;2;193;185;174m[48;2;32;72;13m▀[0m[38;2;135;132;126m[48;2;230;225;219m▀[0m[38;2;135;132;126m[48;2;230;225;219m▀[0m[38;2;193;185;174m[48;2;32;72;13m▀[0m[38;2;193;185;174m[48;2;193;185;174m▀[0m[38;2;193;185;174m[48;2;193;185;174m▀[0m[38;2;32;72;13m[48;2;32;72;13m▀[0m[38;2;193;185;174m[48;2;193;185;174m▀[0m[38;2;32;72;13m[48;2;193;185;174m▀[0m[38;2;32;72;13m[48;2;32;72;13m▀[0m[38;2;193;185;174m[48;2;193;185;174m▀[0m[38;2;193;185;174m[48;2;193;185;174m▀[0m[38;2;193;185;174m[48;2;193;185;174m▀[0m[38;2;193;185;174m[48;2;193;185;174m▀[0m[38;2;135;132;126m[48;2;193;185;174m▀[0m[38;2;24;43;17m[48;2;5;5;5m▀[0m            [38;2;5;5;5m▀[38;2;160;151;80m[48;2;5;5;5m▀[0m[38;2;160;151;80m[48;2;160;151;80m▀[0m[38;2;153;160;88m[48;2;204;195;116m▀[0m[38;2;153;160;88m▄   
     [38;2;57;103;37m[48;2;57;103;37m▀[0m[38;2;120;196;99m[48;2;93;158;74m▀[0m[38;2;120;196;99m[48;2;120;196;99m▀[0m[38;2;93;158;74m[48;2;120;196;99m▀[0m[38;2;120;196;99m[48;2;93;158;74m▀[0m[38;2;93;158;74m[48;2;120;196;99m▀[0m[38;2;93;158;74m[48;2;120;196;99m▀[0m[38;2;120;196;99m[48;2;57;103;37m▀[0m[38;2;120;196;99m[48;2;57;103;37m▀[0m[38;2;57;103;37m▀  [38;2;24;43;17m▀[38;2;193;185;174m[48;2;24;43;17m▀[0m[38;2;193;185;174m[48;2;193;185;174m▀[0m[38;2;135;132;126m[48;2;193;185;174m▀[0m[38;2;193;185;174m[48;2;193;185;174m▀[0m[38;2;32;72;13m[48;2;193;185;174m▀[0m[38;2;230;225;219m[48;2;32;72;13m▀[0m[38;2;230;225;219m[48;2;32;72;13m▀[0m[38;2;230;225;219m[48;2;32;72;13m▀[0m[38;2;32;72;13m[48;2;193;185;174m▀[0m[38;2;193;185;174m[48;2;193;185;174m▀[0m[38;2;135;132;126m[48;2;193;185;174m▀[0m[38;2;193;185;174m[48;2;193;185;174m▀[0m[38;2;193;185;174m[48;2;193;185;174m▀[0m[38;2;32;72;13m[48;2;135;132;126m▀[0m[38;2;193;185;174m[48;2;193;185;174m▀[0m[38;2;193;185;174m[48;2;193;185;174m▀[0m[38;2;193;185;174m[48;2;193;185;174m▀[0m[38;2;193;185;174m[48;2;193;185;174m▀[0m[38;2;135;132;126m[48;2;32;72;13m▀[0m[38;2;5;5;5m▀             [38;2;5;5;5m▀[38;2;204;195;116m[48;2;5;5;5m▀[0m[38;2;204;195;116m[48;2;204;195;116m▀[0m[38;2;204;195;116m[48;2;204;195;116m▀[0m[38;2;153;160;88m[48;2;204;195;116m▀[0m[38;2;153;160;88m▄ 
 [38;2;57;103;37m▄[38;2;57;103;37m▄[38;2;57;103;37m[48;2;120;196;99m▀[0m[38;2;57;103;37m[48;2;120;196;99m▀[0m[38;2;120;196;99m[48;2;93;158;74m▀[0m[38;2;120;196;99m[48;2;120;196;99m▀[0m[38;2;120;196;99m[48;2;120;196;99m▀[0m[38;2;120;196;99m[48;2;120;196;99m▀[0m[38;2;120;196;99m[48;2;93;158;74m▀[0m[38;2;120;196;99m[48;2;93;158;74m▀[0m[38;2;57;103;37m[48;2;57;103;37m▀[0m      [38;2;24;43;17m▀[38;2;193;185;174m[48;2;32;72;13m▀[0m[38;2;193;185;174m[48;2;160;151;80m▀[0m[38;2;193;185;174m[48;2;193;185;174m▀[0m[38;2;193;185;174m[48;2;193;185;174m▀[0m[38;2;193;185;174m[48;2;193;185;174m▀[0m[38;2;193;185;174m[48;2;193;185;174m▀[0m[38;2;193;185;174m[48;2;193;185;174m▀[0m[38;2;193;185;174m[48;2;193;185;174m▀[0m[38;2;193;185;174m[48;2;193;185;174m▀[0m[38;2;193;185;174m[48;2;193;185;174m▀[0m[38;2;193;185;174m[48;2;193;185;174m▀[0m[38;2;193;185;174m[48;2;193;185;174m▀[0m[38;2;193;185;174m[48;2;193;185;174m▀[0m[38;2;193;185;174m[48;2;193;185;174m▀[0m[38;2;193;185;174m[48;2;160;151;80m▀[0m[38;2;193;185;174m[48;2;160;151;80m▀[0m[38;2;160;151;80m[48;2;5;5;5m▀[0m[38;2;5;5;5m▀                [38;2;5;5;5m▀[38;2;204;195;116m[48;2;5;5;5m▀[0m[38;2;204;195;116m[48;2;160;151;80m▀[0m[38;2;204;195;116m[48;2;204;195;116m▀[0m[38;2;153;160;88m[48;2;5;5;5m▀[0m
[38;2;57;103;37m[48;2;57;103;37m▀[0m[38;2;93;158;74m[48;2;93;158;74m▀[0m[38;2;93;158;74m[48;2;93;158;74m▀[0m[38;2;93;158;74m[48;2;57;103;37m▀[0m[38;2;57;103;37m[48;2;120;196;99m▀[0m[38;2;120;196;99m[48;2;120;196;99m▀[0m[38;2;120;196;99m[48;2;120;196;99m▀[0m[38;2;120;196;99m[48;2;93;158;74m▀[0m[38;2;120;196;99m[48;2;120;196;99m▀[0m[38;2;120;196;99m[48;2;120;196;99m▀[0m[38;2;57;103;37m[48;2;57;103;37m▀[0m         [38;2;32;72;13m▀[38;2;32;72;13m▀[38;2;160;151;80m[48;2;32;72;13m▀[0m[38;2;160;151;80m[48;2;32;72;13m▀[0m[38;2;193;185;174m[48;2;160;151;80m▀[0m[38;2;193;185;174m[48;2;160;151;80m▀[0m[38;2;193;185;174m[48;2;160;151;80m▀[0m[38;2;193;185;174m[48;2;160;151;80m▀[0m[38;2;193;185;174m[48;2;160;151;80m▀[0m[38;2;193;185;174m[48;2;160;151;80m▀[0m[38;2;160;151;80m[48;2;32;72;13m▀[0m[38;2;160;151;80m[48;2;5;5;5m▀[0m[38;2;160;151;80m[48;2;5;5;5m▀[0m[38;2;32;72;13m▀[38;2;5;5;5m▀                    [38;2;5;5;5m▀[38;2;5;5;5m▀ 
 [38;2;5;5;5m▀[38;2;5;5;5m▀[38;2;5;5;5m[48;2;5;5;5m▀[0m[38;2;120;196;99m[48;2;120;196;99m▀[0m[38;2;120;196;99m[48;2;93;158;74m▀[0m[38;2;93;158;74m[48;2;5;5;5m▀[0m[38;2;57;103;37m[48;2;57;103;37m▀[0m[38;2;120;196;99m[48;2;93;158;74m▀[0m[38;2;120;196;99m[48;2;120;196;99m▀[0m[38;2;57;103;37m[48;2;120;196;99m▀[0m[38;2;57;103;37m▄            [38;2;5;5;5m▀[38;2;5;5;5m▀[38;2;5;5;5m▀[38;2;5;5;5m▀[38;2;5;5;5m▀[38;2;5;5;5m▀                            
    [38;2;5;5;5m▀[38;2;5;5;5m▀  [38;2;5;5;5m▀[38;2;93;158;74m[48;2;5;5;5m▀[0m[38;2;93;158;74m[48;2;5;5;5m▀[0m[38;2;5;5;5m▀                                              
[0m