      [38;2;38;128;147m▄[38;2;49;183;193m▄[38;2;38;128;147m[48;2;135;239;228m▀[0m[38;2;38;128;147m[48;2;135;239;228m▀[0m[38;2;38;128;147m[48;2;135;239;228m▀[0m[38;2;38;128;147m[48;2;135;239;228m▀[0m[38;2;38;128;147m[48;2;135;239;228m▀[0m[38;2;38;128;147m[48;2;135;239;228m▀[0m[38;2;38;128;147m[48;2;135;239;228m▀[0m[38;2;38;128;147m▄[38;2;38;128;147m▄            
   [38;2;38;128;147m▄[38;2;38;128;147m[48;2;135;239;228m▀[0m[38;2;49;183;193m[48;2;135;239;228m▀[0m[38;2;135;239;228m[48;2;135;239;228m▀[0m[38;2;135;239;228m[48;2;135;239;228m▀[0m[38;2;135;239;228m[48;2;135;239;228m▀[0m[38;2;135;239;228m[48;2;135;239;228m▀[0m[38;2;135;239;228m[48;2;135;239;228m▀[0m[38;2;135;239;228m[48;2;135;239;228m▀[0m[38;2;135;239;228m[48;2;135;239;228m▀[0m[38;2;135;239;228m[48;2;135;239;228m▀[0m[38;2;135;239;228m[48;2;135;239;228m▀[0m[38;2;135;239;228m[48;2;135;239;228m▀[0m[38;2;135;239;228m[48;2;135;239;228m▀[0m[38;2;38;128;147m[48;2;135;239;228m▀[0m[38;2;38;128;147m[48;2;49;183;193m▀[0m[38;2;38;128;147m▄         
 [38;2;16;16;16m▄[38;2;16;16;16m[48;2;135;239;228m▀[0m[38;2;135;239;228m[48;2;135;239;228m▀[0m[38;2;135;239;228m[48;2;135;239;228m▀[0m[38;2;135;239;228m[48;2;252;252;252m▀[0m[38;2;135;239;228m[48;2;135;239;228m▀[0m[38;2;135;239;228m[48;2;179;253;243m▀[0m[38;2;179;253;243m[48;2;252;252;252m▀[0m[38;2;135;239;228m[48;2;179;253;243m▀[0m[38;2;135;239;228m[48;2;135;239;228m▀[0m[38;2;135;239;228m[48;2;135;239;228m▀[0m[38;2;135;239;228m[48;2;252;252;252m▀[0m[38;2;135;239;228m[48;2;135;239;228m▀[0m[38;2;135;239;228m[48;2;135;239;228m▀[0m[38;2;135;239;228m[48;2;135;239;228m▀[0m[38;2;135;239;228m[48;2;135;239;228m▀[0m[38;2;135;239;228m[48;2;135;239;228m▀[0m[38;2;135;239;228m[48;2;135;239;228m▀[0m[38;2;49;183;193m[48;2;49;183;193m▀[0m[38;2;16;16;16m[48;2;16;16;16m▀[0m        
[38;2;16;16;16m▄[38;2;16;16;16m[48;2;135;239;228m▀[0m[38;2;135;239;228m[48;2;135;239;228m▀[0m[38;2;135;239;228m[48;2;135;239;228m▀[0m[38;2;135;239;228m[48;2;135;239;228m▀[0m[38;2;179;253;243m[48;2;135;239;228m▀[0m[38;2;252;252;252m[48;2;179;253;243m▀[0m[38;2;252;252;252m[48;2;179;253;243m▀[0m[38;2;179;253;243m[48;2;135;239;228m▀[0m[38;2;252;252;252m[48;2;179;253;243m▀[0m[38;2;252;252;252m[48;2;179;253;243m▀[0m[38;2;252;252;252m[48;2;135;239;228m▀[0m[38;2;179;253;243m[48;2;135;239;228m▀[0m[38;2;135;239;228m[48;2;135;239;228m▀[0m[38;2;135;239;228m[48;2;38;128;147m▀[0m[38;2;135;239;228m[48;2;38;128;147m▀[0m[38;2;135;239;228m[48;2;135;239;228m▀[0m[38;2;135;239;228m[48;2;135;239;228m▀[0m[38;2;135;239;228m[48;2;49;183;193m▀[0m[38;2;49;183;193m[48;2;49;183;193m▀[0m[38;2;49;183;193m[48;2;49;183;193m▀[0m[38;2;16;16;16m[48;2;16;16;16m▀[0m       
[38;2;16;16;16m[48;2;16;16;16m▀[0m[38;2;135;239;228m[48;2;135;239;228m▀[0m[38;2;135;239;228m[48;2;135;239;228m▀[0m[38;2;135;239;228m[48;2;135;239;228m▀[0m[38;2;135;239;228m[48;2;135;239;228m▀[0m[38;2;135;239;228m[48;2;135;239;228m▀[0m[38;2;135;239;228m[48;2;135;239;228m▀[0m[38;2;135;239;228m[48;2;135;239;228m▀[0m[38;2;135;239;228m[48;2;135;239;228m▀[0m[38;2;135;239;228m[48;2;38;128;147m▀[0m[38;2;135;239;228m[48;2;38;128;147m▀[0m[38;2;135;239;228m[48;2;38;128;147m▀[0m[38;2;38;128;147m[48;2;135;239;228m▀[0m[38;2;38;128;147m[48;2;135;239;228m▀[0m[38;2;135;239;228m[48;2;135;239;228m▀[0m[38;2;135;239;228m[48;2;135;239;228m▀[0m[38;2;38;128;147m[48;2;16;16;16m▀[0m[38;2;135;239;228m[48;2;49;183;193m▀[0m[38;2;49;183;193m[48;2;49;183;193m▀[0m[38;2;49;183;193m[48;2;49;183;193m▀[0m[38;2;49;183;193m[48;2;49;183;193m▀[0m[38;2;49;183;193m[48;2;49;183;193m▀[0m[38;2;16;16;16m[48;2;16;16;16m▀[0m      
[38;2;16;16;16m▀[38;2;135;239;228m[48;2;16;16;16m▀[0m[38;2;135;239;228m[48;2;135;239;228m▀[0m[38;2;135;239;228m[48;2;135;239;228m▀[0m[38;2;135;239;228m[48;2;135;239;228m▀[0m[38;2;135;239;228m[48;2;135;239;228m▀[0m[38;2;135;239;228m[48;2;135;239;228m▀[0m[38;2;135;239;228m[48;2;135;239;228m▀[0m[38;2;135;239;228m[48;2;135;239;228m▀[0m[38;2;135;239;228m[48;2;135;239;228m▀[0m[38;2;135;239;228m[48;2;135;239;228m▀[0m[38;2;135;239;228m[48;2;135;239;228m▀[0m[38;2;135;239;228m[48;2;135;239;228m▀[0m[38;2;135;239;228m[48;2;135;239;228m▀[0m[38;2;135;239;228m[48;2;38;128;147m▀[0m[38;2;49;183;193m[48;2;16;16;16m▀[0m[38;2;16;16;16m[48;2;49;183;193m▀[0m[38;2;49;183;193m[48;2;49;183;193m▀[0m[38;2;49;183;193m[48;2;49;183;193m▀[0m[38;2;49;183;193m[48;2;49;183;193m▀[0m[38;2;49;183;193m[48;2;49;183;193m▀[0m[38;2;49;183;193m[48;2;49;183;193m▀[0m[38;2;49;183;193m[48;2;49;183;193m▀[0m[38;2;16;16;16m[48;2;49;183;193m▀[0m[38;2;16;16;16m▄    
 [38;2;16;16;16m▀[38;2;135;239;228m[48;2;16;16;16m▀[0m[38;2;135;239;228m[48;2;135;239;228m▀[0m[38;2;135;239;228m[48;2;135;239;228m▀[0m[38;2;135;239;228m[48;2;135;239;228m▀[0m[38;2;135;239;228m[48;2;135;239;228m▀[0m[38;2;135;239;228m[48;2;135;239;228m▀[0m[38;2;135;239;228m[48;2;135;239;228m▀[0m[38;2;135;239;228m[48;2;135;239;228m▀[0m[38;2;135;239;228m[48;2;135;239;228m▀[0m[38;2;135;239;228m[48;2;135;239;228m▀[0m[38;2;38;128;147m[48;2;135;239;228m▀[0m[38;2;38;128;147m[48;2;135;239;228m▀[0m[38;2;135;239;228m[48;2;135;239;228m▀[0m[38;2;135;239;228m[48;2;135;239;228m▀[0m[38;2;16;16;16m[48;2;16;16;16m▀[0m[38;2;49;183;193m[48;2;16;16;16m▀[0m[38;2;49;183;193m[48;2;16;16;16m▀[0m[38;2;49;183;193m[48;2;38;128;147m▀[0m[38;2;49;183;193m[48;2;38;128;147m▀[0m[38;2;49;183;193m[48;2;49;183;193m▀[0m[38;2;49;183;193m[48;2;49;183;193m▀[0m[38;2;49;183;193m[48;2;49;183;193m▀[0m[38;2;49;183;193m[48;2;49;183;193m▀[0m[38;2;16;16;16m[48;2;49;183;193m▀[0m[38;2;16;16;16m[48;2;49;183;193m▀[0m[38;2;16;16;16m▄ 
   [38;2;16;16;16m▀[38;2;49;183;193m[48;2;16;16;16m▀[0m[38;2;135;239;228m[48;2;16;16;16m▀[0m[38;2;135;239;228m[48;2;49;183;193m▀[0m[38;2;135;239;228m[48;2;135;239;228m▀[0m[38;2;135;239;228m[48;2;135;239;228m▀[0m[38;2;135;239;228m[48;2;135;239;228m▀[0m[38;2;135;239;228m[48;2;135;239;228m▀[0m[38;2;135;239;228m[48;2;49;183;193m▀[0m[38;2;135;239;228m[48;2;49;183;193m▀[0m[38;2;135;239;228m[48;2;16;16;16m▀[0m[38;2;49;183;193m[48;2;16;16;16m▀[0m[38;2;16;16;16m[48;2;185;224;232m▀[0m[38;2;185;224;232m[48;2;95;145;160m▀[0m[38;2;185;224;232m[48;2;252;252;252m▀[0m[38;2;185;224;232m[48;2;185;224;232m▀[0m[38;2;16;16;16m[48;2;185;224;232m▀[0m[38;2;49;183;193m[48;2;16;16;16m▀[0m[38;2;49;183;193m[48;2;49;183;193m▀[0m[38;2;49;183;193m[48;2;49;183;193m▀[0m[38;2;49;183;193m[48;2;49;183;193m▀[0m[38;2;49;183;193m[48;2;49;183;193m▀[0m[38;2;49;183;193m[48;2;49;183;193m▀[0m[38;2;49;183;193m[48;2;16;16;16m▀[0m[38;2;16;16;16m▀ 
   [38;2;16;16;16m▄[38;2;16;16;16m[48;2;185;224;232m▀[0m[38;2;39;98;161m[48;2;39;98;161m▀[0m[38;2;252;252;252m[48;2;39;98;161m▀[0m[38;2;16;16;16m[48;2;252;252;252m▀[0m[38;2;16;16;16m[48;2;252;252;252m▀[0m[38;2;16;16;16m[48;2;252;252;252m▀[0m[38;2;16;16;16m[48;2;252;252;252m▀[0m[38;2;16;16;16m[48;2;39;98;161m▀[0m[38;2;252;252;252m[48;2;252;252;252m▀[0m[38;2;39;98;161m[48;2;39;98;161m▀[0m[38;2;252;252;252m[48;2;252;252;252m▀[0m[38;2;252;252;252m[48;2;252;252;252m▀[0m[38;2;95;145;160m[48;2;140;181;191m▀[0m[38;2;252;252;252m[48;2;252;252;252m▀[0m[38;2;252;252;252m[48;2;252;252;252m▀[0m[38;2;252;252;252m[48;2;252;252;252m▀[0m[38;2;185;224;232m[48;2;252;252;252m▀[0m[38;2;16;16;16m[48;2;95;145;160m▀[0m[38;2;49;183;193m[48;2;16;16;16m▀[0m[38;2;49;183;193m[48;2;16;16;16m▀[0m[38;2;38;128;147m▀[38;2;16;16;16m▀   
 [38;2;106;106;65m▄[38;2;106;106;65m▄[38;2;16;16;16m[48;2;106;106;65m▀[0m[38;2;185;224;232m[48;2;106;106;65m▀[0m[38;2;172;164;98m[48;2;246;246;74m▀[0m[38;2;106;106;65m[48;2;246;246;74m▀[0m[38;2;106;106;65m[48;2;246;246;74m▀[0m[38;2;106;106;65m[48;2;246;246;74m▀[0m[38;2;172;164;98m[48;2;172;164;98m▀[0m[38;2;252;252;252m[48;2;106;106;65m▀[0m[38;2;39;98;161m[48;2;252;252;252m▀[0m[38;2;39;98;161m[48;2;39;98;161m▀[0m[38;2;39;98;161m[48;2;185;224;232m▀[0m[38;2;252;252;252m[48;2;252;252;252m▀[0m[38;2;252;252;252m[48;2;140;181;191m▀[0m[38;2;140;181;191m[48;2;252;252;252m▀[0m[38;2;252;252;252m[48;2;252;252;252m▀[0m[38;2;252;252;252m[48;2;252;252;252m▀[0m[38;2;252;252;252m[48;2;252;252;252m▀[0m[38;2;252;252;252m[48;2;252;252;252m▀[0m[38;2;252;252;252m[48;2;252;252;252m▀[0m[38;2;16;16;16m[48;2;16;16;16m▀[0m      
[38;2;106;106;65m[48;2;16;16;16m▀[0m[38;2;246;246;74m[48;2;246;246;74m▀[0m[38;2;246;246;74m[48;2;172;164;98m▀[0m[38;2;246;246;74m[48;2;106;106;65m▀[0m[38;2;246;246;74m[48;2;106;106;65m▀[0m[38;2;246;246;74m[48;2;172;164;98m▀[0m[38;2;246;246;74m[48;2;246;246;74m▀[0m[38;2;246;246;74m[48;2;246;246;74m▀[0m[38;2;246;246;74m[48;2;246;246;74m▀[0m[38;2;246;246;74m[48;2;172;164;98m▀[0m[38;2;246;246;74m[48;2;172;164;98m▀[0m[38;2;106;106;65m[48;2;172;164;98m▀[0m[38;2;106;106;65m[48;2;172;164;98m▀[0m[38;2;252;252;252m[48;2;106;106;65m▀[0m[38;2;252;252;252m[48;2;252;252;252m▀[0m[38;2;252;252;252m[48;2;252;252;252m▀[0m[38;2;252;252;252m[48;2;252;252;252m▀[0m[38;2;252;252;252m[48;2;252;252;252m▀[0m[38;2;252;252;252m[48;2;252;252;252m▀[0m[38;2;252;252;252m[48;2;252;252;252m▀[0m[38;2;252;252;252m[48;2;185;224;232m▀[0m[38;2;185;224;232m[48;2;16;16;16m▀[0m[38;2;16;16;16m▀      
 [38;2;16;16;16m▀[38;2;106;106;65m▀[38;2;172;164;98m[48;2;16;16;16m▀[0m[38;2;172;164;98m[48;2;16;16;16m▀[0m[38;2;106;106;65m[48;2;172;164;98m▀[0m[38;2;106;106;65m[48;2;172;164;98m▀[0m[38;2;106;106;65m[48;2;172;164;98m▀[0m[38;2;172;164;98m[48;2;172;164;98m▀[0m[38;2;172;164;98m[48;2;172;164;98m▀[0m[38;2;172;164;98m[48;2;172;164;98m▀[0m[38;2;172;164;98m[48;2;16;16;16m▀[0m[38;2;172;164;98m[48;2;106;106;65m▀[0m[38;2;106;106;65m[48;2;185;224;232m▀[0m[38;2;252;252;252m[48;2;185;224;232m▀[0m[38;2;252;252;252m[48;2;185;224;232m▀[0m[38;2;252;252;252m[48;2;185;224;232m▀[0m[38;2;185;224;232m[48;2;185;224;232m▀[0m[38;2;185;224;232m[48;2;185;224;232m▀[0m[38;2;185;224;232m[48;2;185;224;232m▀[0m[38;2;185;224;232m[48;2;16;16;16m▀[0m[38;2;16;16;16m▀       
     [38;2;16;16;16m▀[38;2;16;16;16m▀[38;2;16;16;16m▀[38;2;16;16;16m[48;2;16;16;16m▀[0m[38;2;16;16;16m[48;2;185;224;232m▀[0m[38;2;106;106;65m[48;2;185;224;232m▀[0m[38;2;185;224;232m[48;2;185;224;232m▀[0m[38;2;185;224;232m[48;2;185;224;232m▀[0m[38;2;185;224;232m[48;2;185;224;232m▀[0m[38;2;185;224;232m[48;2;140;181;191m▀[0m[38;2;185;224;232m[48;2;95;145;160m▀[0m[38;2;185;224;232m[48;2;16;16;16m▀[0m[38;2;185;224;232m[48;2;16;16;16m▀[0m[38;2;16;16;16m▀[38;2;16;16;16m▀         
    [38;2;95;145;160m▄[38;2;95;145;160m▄[38;2;95;145;160m[48;2;252;252;252m▀[0m[38;2;95;145;160m[48;2;16;16;16m▀[0m[38;2;140;181;191m[48;2;252;252;252m▀[0m[38;2;185;224;232m[48;2;252;252;252m▀[0m[38;2;185;224;232m[48;2;252;252;252m▀[0m[38;2;185;224;232m[48;2;185;224;232m▀[0m[38;2;185;224;232m[48;2;185;224;232m▀[0m[38;2;185;224;232m[48;2;185;224;232m▀[0m[38;2;185;224;232m[48;2;185;224;232m▀[0m[38;2;185;224;232m[48;2;185;224;232m▀[0m[38;2;185;224;232m[48;2;252;252;252m▀[0m[38;2;140;181;191m[48;2;252;252;252m▀[0m[38;2;95;145;160m[48;2;252;252;252m▀[0m[38;2;95;145;160m[48;2;252;252;252m▀[0m[38;2;95;145;160m▄[38;2;95;145;160m▄       
  [38;2;16;16;16m▄[38;2;95;145;160m[48;2;252;252;252m▀[0m[38;2;252;252;252m[48;2;252;252;252m▀[0m[38;2;252;252;252m[48;2;16;16;16m▀[0m[38;2;16;16;16m[48;2;252;252;252m▀[0m[38;2;252;252;252m[48;2;185;224;232m▀[0m[38;2;252;252;252m[48;2;252;252;252m▀[0m[38;2;252;252;252m[48;2;252;252;252m▀[0m[38;2;252;252;252m[48;2;252;252;252m▀[0m[38;2;252;252;252m[48;2;252;252;252m▀[0m[38;2;252;252;252m[48;2;140;181;191m▀[0m[38;2;252;252;252m[48;2;252;252;252m▀[0m[38;2;252;252;252m[48;2;252;252;252m▀[0m[38;2;252;252;252m[48;2;252;252;252m▀[0m[38;2;252;252;252m[48;2;252;252;252m▀[0m[38;2;252;252;252m[48;2;252;252;252m▀[0m[38;2;252;252;252m[48;2;252;252;252m▀[0m[38;2;252;252;252m[48;2;252;252;252m▀[0m[38;2;252;252;252m[48;2;252;252;252m▀[0m[38;2;185;224;232m[48;2;252;252;252m▀[0m[38;2;95;145;160m[48;2;252;252;252m▀[0m[38;2;95;145;160m▄     
 [38;2;16;16;16m[48;2;16;16;16m▀[0m[38;2;185;224;232m[48;2;252;252;252m▀[0m[38;2;252;252;252m[48;2;252;252;252m▀[0m[38;2;185;224;232m[48;2;16;16;16m▀[0m[38;2;95;145;160m[48;2;252;252;252m▀[0m[38;2;252;252;252m[48;2;252;252;252m▀[0m[38;2;95;145;160m[48;2;252;252;252m▀[0m[38;2;252;252;252m[48;2;95;145;160m▀[0m[38;2;252;252;252m[48;2;95;145;160m▀[0m[38;2;252;252;252m[48;2;95;145;160m▀[0m[38;2;95;145;160m[48;2;252;252;252m▀[0m[38;2;252;252;252m[48;2;252;252;252m▀[0m[38;2;252;252;252m[48;2;252;252;252m▀[0m[38;2;252;252;252m[48;2;252;252;252m▀[0m[38;2;252;252;252m[48;2;140;181;191m▀[0m[38;2;252;252;252m[48;2;252;252;252m▀[0m[38;2;252;252;252m[48;2;252;252;252m▀[0m[38;2;252;252;252m[48;2;252;252;252m▀[0m[38;2;252;252;252m[48;2;252;252;252m▀[0m[38;2;252;252;252m[48;2;252;252;252m▀[0m[38;2;252;252;252m[48;2;252;252;252m▀[0m[38;2;252;252;252m[48;2;252;252;252m▀[0m[38;2;252;252;252m[48;2;252;252;252m▀[0m[38;2;95;145;160m[48;2;252;252;252m▀[0m[38;2;95;145;160m[48;2;252;252;252m▀[0m[38;2;95;145;160m[48;2;252;252;252m▀[0m[38;2;95;145;160m[48;2;252;252;252m▀[0m[38;2;16;16;16m▄
 [38;2;16;16;16m▀[38;2;252;252;252m[48;2;95;145;160m▀[0m[38;2;252;252;252m[48;2;185;224;232m▀[0m[38;2;16;16;16m[48;2;16;16;16m▀[0m[38;2;252;252;252m[48;2;185;224;232m▀[0m[38;2;252;252;252m[48;2;252;252;252m▀[0m[38;2;252;252;252m[48;2;252;252;252m▀[0m[38;2;252;252;252m[48;2;252;252;252m▀[0m[38;2;252;252;252m[48;2;252;252;252m▀[0m[38;2;252;252;252m[48;2;252;252;252m▀[0m[38;2;252;252;252m[48;2;252;252;252m▀[0m[38;2;252;252;252m[48;2;252;252;252m▀[0m[38;2;252;252;252m[48;2;252;252;252m▀[0m[38;2;252;252;252m[48;2;252;252;252m▀[0m[38;2;95;145;160m[48;2;185;224;232m▀[0m[38;2;185;224;232m[48;2;95;145;160m▀[0m[38;2;252;252;252m[48;2;185;224;232m▀[0m[38;2;252;252;252m[48;2;185;224;232m▀[0m[38;2;252;252;252m[48;2;252;252;252m▀[0m[38;2;252;252;252m[48;2;252;252;252m▀[0m[38;2;252;252;252m[48;2;252;252;252m▀[0m[38;2;252;252;252m[48;2;252;252;252m▀[0m[38;2;252;252;252m[48;2;252;252;252m▀[0m[38;2;252;252;252m[48;2;252;252;252m▀[0m[38;2;252;252;252m[48;2;185;224;232m▀[0m[38;2;252;252;252m[48;2;185;224;232m▀[0m[38;2;185;224;232m[48;2;16;16;16m▀[0m[38;2;16;16;16m▀
  [38;2;16;16;16m[48;2;16;16;16m▀[0m[38;2;95;145;160m[48;2;140;181;191m▀[0m[38;2;140;181;191m[48;2;140;181;191m▀[0m[38;2;95;145;160m[48;2;16;16;16m▀[0m[38;2;185;224;232m[48;2;140;181;191m▀[0m[38;2;185;224;232m[48;2;185;224;232m▀[0m[38;2;252;252;252m[48;2;185;224;232m▀[0m[38;2;252;252;252m[48;2;185;224;232m▀[0m[38;2;252;252;252m[48;2;185;224;232m▀[0m[38;2;252;252;252m[48;2;185;224;232m▀[0m[38;2;252;252;252m[48;2;185;224;232m▀[0m[38;2;252;252;252m[48;2;185;224;232m▀[0m[38;2;185;224;232m[48;2;185;224;232m▀[0m[38;2;185;224;232m[48;2;185;224;232m▀[0m[38;2;185;224;232m[48;2;185;224;232m▀[0m[38;2;16;16;16m[48;2;185;224;232m▀[0m[38;2;185;224;232m[48;2;16;16;16m▀[0m[38;2;185;224;232m[48;2;16;16;16m▀[0m[38;2;185;224;232m[48;2;185;224;232m▀[0m[38;2;185;224;232m[48;2;185;224;232m▀[0m[38;2;185;224;232m[48;2;185;224;232m▀[0m[38;2;140;181;191m[48;2;185;224;232m▀[0m[38;2;95;145;160m[48;2;185;224;232m▀[0m[38;2;16;16;16m[48;2;16;16;16m▀[0m[38;2;16;16;16m▀  
   [38;2;16;16;16m▀[38;2;16;16;16m▀[38;2;16;16;16m▀[38;2;16;16;16m▀[38;2;140;181;191m[48;2;16;16;16m▀[0m[38;2;185;224;232m[48;2;16;16;16m▀[0m[38;2;185;224;232m[48;2;185;224;232m▀[0m[38;2;185;224;232m[48;2;185;224;232m▀[0m[38;2;95;145;160m[48;2;185;224;232m▀[0m[38;2;185;224;232m[48;2;16;16;16m▀[0m[38;2;185;224;232m[48;2;185;224;232m▀[0m[38;2;185;224;232m[48;2;185;224;232m▀[0m[38;2;185;224;232m[48;2;185;224;232m▀[0m[38;2;185;224;232m[48;2;185;224;232m▀[0m[38;2;185;224;232m[48;2;95;145;160m▀[0m[38;2;16;16;16m▀ [38;2;16;16;16m▀[38;2;16;16;16m▀[38;2;16;16;16m▀[38;2;16;16;16m▀[38;2;16;16;16m▀    
         [38;2;16;16;16m[48;2;16;16;16m▀[0m[38;2;16;16;16m[48;2;49;183;193m▀[0m[38;2;16;16;16m[48;2;16;16;16m▀[0m [38;2;16;16;16m[48;2;16;16;16m▀[0m[38;2;16;16;16m[48;2;49;183;193m▀[0m[38;2;16;16;16m[48;2;16;16;16m▀[0m[38;2;16;16;16m▀            
   [38;2;38;128;147m▄[38;2;38;128;147m▄[38;2;135;239;228m▄[38;2;38;128;147m[48;2;135;239;228m▀[0m[38;2;38;128;147m[48;2;135;239;228m▀[0m[38;2;38;128;147m[48;2;135;239;228m▀[0m[38;2;49;183;193m[48;2;135;239;228m▀[0m[38;2;49;183;193m[48;2;49;183;193m▀[0m[38;2;16;16;16m[48;2;16;16;16m▀[0m [38;2;16;16;16m[48;2;16;16;16m▀[0m[38;2;49;183;193m[48;2;49;183;193m▀[0m[38;2;16;16;16m[48;2;135;239;228m▀[0m[38;2;38;128;147m▄[38;2;38;128;147m▄[38;2;38;128;147m▄          
  [38;2;16;16;16m▀[38;2;135;239;228m[48;2;16;16;16m▀[0m[38;2;135;239;228m[48;2;16;16;16m▀[0m[38;2;49;183;193m[48;2;135;239;228m▀[0m[38;2;49;183;193m[48;2;135;239;228m▀[0m[38;2;135;239;228m[48;2;135;239;228m▀[0m[38;2;135;239;228m[48;2;16;16;16m▀[0m[38;2;49;183;193m[48;2;16;16;16m▀[0m[38;2;16;16;16m▀  [38;2;16;16;16m▀[38;2;135;239;228m[48;2;16;16;16m▀[0m[38;2;135;239;228m[48;2;135;239;228m▀[0m[38;2;135;239;228m[48;2;135;239;228m▀[0m[38;2;135;239;228m[48;2;49;183;193m▀[0m[38;2;135;239;228m[48;2;49;183;193m▀[0m[38;2;38;128;147m[48;2;135;239;228m▀[0m[38;2;38;128;147m[48;2;135;239;228m▀[0m[38;2;16;16;16m▄       
     [38;2;16;16;16m▀[38;2;16;16;16m▀[38;2;16;16;16m▀      [38;2;16;16;16m▀[38;2;135;239;228m[48;2;16;16;16m▀[0m[38;2;135;239;228m[48;2;16;16;16m▀[0m[38;2;135;239;228m[48;2;16;16;16m▀[0m[38;2;16;16;16m▀[38;2;16;16;16m▀[38;2;16;16;16m▀        
[0m