         [38;2;152;118;39m▄[38;2;152;118;39m▄[38;2;215;179;36m▄[38;2;152;118;39m[48;2;249;248;87m▀[0m[38;2;152;118;39m[48;2;215;179;36m▀[0m[38;2;152;118;39m[48;2;215;179;36m▀[0m[38;2;215;179;36m[48;2;249;248;87m▀[0m[38;2;215;179;36m[48;2;249;248;87m▀[0m[38;2;152;118;39m[48;2;215;179;36m▀[0m[38;2;152;118;39m[48;2;249;248;87m▀[0m[38;2;152;118;39m[48;2;249;248;87m▀[0m[38;2;152;118;39m[48;2;215;179;36m▀[0m[38;2;215;179;36m▄[38;2;152;118;39m▄[38;2;152;118;39m▄                              
      [38;2;152;118;39m▄[38;2;152;118;39m[48;2;249;248;87m▀[0m[38;2;215;179;36m[48;2;249;248;87m▀[0m[38;2;249;248;87m[48;2;249;248;87m▀[0m[38;2;249;248;87m[48;2;249;248;87m▀[0m[38;2;249;248;87m[48;2;215;179;36m▀[0m[38;2;215;179;36m[48;2;249;248;87m▀[0m[38;2;249;248;87m[48;2;249;248;87m▀[0m[38;2;249;248;87m[48;2;249;248;87m▀[0m[38;2;249;248;87m[48;2;215;179;36m▀[0m[38;2;215;179;36m[48;2;249;248;87m▀[0m[38;2;249;248;87m[48;2;249;248;87m▀[0m[38;2;249;248;87m[48;2;249;248;87m▀[0m[38;2;215;179;36m[48;2;215;179;36m▀[0m[38;2;249;248;87m[48;2;249;248;87m▀[0m[38;2;249;248;87m[48;2;249;248;87m▀[0m[38;2;249;248;87m[48;2;249;248;87m▀[0m[38;2;249;248;87m[48;2;249;248;87m▀[0m[38;2;215;179;36m[48;2;249;248;87m▀[0m[38;2;152;118;39m[48;2;215;179;36m▀[0m[38;2;152;118;39m▄                [38;2;55;51;43m▄ [38;2;55;51;43m[48;2;88;83;71m▀[0m[38;2;55;51;43m▄       
    [38;2;215;179;36m▄[38;2;152;118;39m[48;2;249;248;87m▀[0m[38;2;215;179;36m[48;2;249;248;87m▀[0m[38;2;249;248;87m[48;2;215;179;36m▀[0m[38;2;249;248;87m[48;2;249;248;87m▀[0m[38;2;249;248;87m[48;2;249;248;87m▀[0m[38;2;249;248;87m[48;2;215;179;36m▀[0m[38;2;215;179;36m[48;2;249;248;87m▀[0m[38;2;249;248;87m[48;2;249;248;87m▀[0m[38;2;249;248;87m[48;2;215;179;36m▀[0m[38;2;215;179;36m[48;2;249;248;87m▀[0m[38;2;249;248;87m[48;2;249;248;87m▀[0m[38;2;249;248;87m[48;2;249;248;87m▀[0m[38;2;249;248;87m[48;2;249;248;87m▀[0m[38;2;249;248;87m[48;2;249;248;87m▀[0m[38;2;249;248;87m[48;2;249;248;87m▀[0m[38;2;215;179;36m[48;2;249;248;87m▀[0m[38;2;215;179;36m[48;2;249;248;87m▀[0m[38;2;215;179;36m[48;2;249;248;87m▀[0m[38;2;215;179;36m[48;2;249;248;87m▀[0m[38;2;215;179;36m[48;2;249;248;87m▀[0m[38;2;249;248;87m[48;2;215;179;36m▀[0m[38;2;249;248;87m[48;2;215;179;36m▀[0m[38;2;152;118;39m[48;2;215;179;36m▀[0m[38;2;15;15;15m▄  [38;2;55;51;43m▄[38;2;88;83;71m▄[38;2;55;51;43m[48;2;119;116;99m▀[0m[38;2;55;51;43m[48;2;119;116;99m▀[0m[38;2;55;51;43m[48;2;119;116;99m▀[0m[38;2;55;51;43m[48;2;119;116;99m▀[0m[38;2;55;51;43m[48;2;119;116;99m▀[0m[38;2;88;83;71m[48;2;88;83;71m▀[0m[38;2;55;51;43m▄[38;2;15;15;15m▄[38;2;15;15;15m[48;2;119;116;99m▀[0m[38;2;55;51;43m[48;2;55;51;43m▀[0m[38;2;88;83;71m[48;2;88;83;71m▀[0m[38;2;55;51;43m[48;2;15;15;15m▀[0m[38;2;88;83;71m[48;2;15;15;15m▀[0m[38;2;15;15;15m▀       
  [38;2;152;118;39m▄[38;2;152;118;39m[48;2;249;248;87m▀[0m[38;2;215;179;36m[48;2;215;179;36m▀[0m[38;2;249;248;87m[48;2;249;248;87m▀[0m[38;2;249;248;87m[48;2;249;248;87m▀[0m[38;2;215;179;36m[48;2;249;248;87m▀[0m[38;2;249;248;87m[48;2;215;179;36m▀[0m[38;2;249;248;87m[48;2;249;248;87m▀[0m[38;2;215;179;36m[48;2;249;248;87m▀[0m[38;2;249;248;87m[48;2;215;179;36m▀[0m[38;2;249;248;87m[48;2;215;179;36m▀[0m[38;2;215;179;36m[48;2;249;248;87m▀[0m[38;2;249;248;87m[48;2;249;248;87m▀[0m[38;2;249;248;87m[48;2;249;248;87m▀[0m[38;2;249;248;87m[48;2;249;248;87m▀[0m[38;2;249;248;87m[48;2;249;248;87m▀[0m[38;2;249;248;87m[48;2;249;248;87m▀[0m[38;2;249;248;87m[48;2;249;248;87m▀[0m[38;2;249;248;87m[48;2;249;248;87m▀[0m[38;2;249;248;87m[48;2;249;248;87m▀[0m[38;2;249;248;87m[48;2;249;248;87m▀[0m[38;2;249;248;87m[48;2;249;248;87m▀[0m[38;2;249;248;87m[48;2;249;248;87m▀[0m[38;2;249;248;87m[48;2;249;248;87m▀[0m[38;2;249;248;87m[48;2;249;248;87m▀[0m[38;2;215;179;36m[48;2;249;248;87m▀[0m[38;2;215;179;36m[48;2;215;179;36m▀[0m[38;2;15;15;15m[48;2;215;179;36m▀[0m[38;2;55;51;43m[48;2;15;15;15m▀[0m[38;2;119;116;99m[48;2;119;116;99m▀[0m[38;2;119;116;99m[48;2;55;51;43m▀[0m[38;2;119;116;99m[48;2;212;204;164m▀[0m[38;2;119;116;99m[48;2;212;204;164m▀[0m[38;2;119;116;99m[48;2;212;204;164m▀[0m[38;2;119;116;99m[48;2;88;83;71m▀[0m[38;2;119;116;99m[48;2;119;116;99m▀[0m[38;2;119;116;99m[48;2;119;116;99m▀[0m[38;2;119;116;99m[48;2;119;116;99m▀[0m[38;2;15;15;15m[48;2;119;116;99m▀[0m[38;2;119;116;99m[48;2;15;15;15m▀[0m[38;2;88;83;71m[48;2;15;15;15m▀[0m[38;2;15;15;15m[48;2;88;83;71m▀[0m[38;2;55;51;43m[48;2;88;83;71m▀[0m[38;2;55;51;43m▄        
 [38;2;152;118;39m▄[38;2;215;179;36m[48;2;249;248;87m▀[0m[38;2;249;248;87m[48;2;249;248;87m▀[0m[38;2;249;248;87m[48;2;249;248;87m▀[0m[38;2;215;179;36m[48;2;215;179;36m▀[0m[38;2;249;248;87m[48;2;249;248;87m▀[0m[38;2;249;248;87m[48;2;249;248;87m▀[0m[38;2;215;179;36m[48;2;249;248;87m▀[0m[38;2;249;248;87m[48;2;215;179;36m▀[0m[38;2;249;248;87m[48;2;249;248;87m▀[0m[38;2;249;248;87m[48;2;249;248;87m▀[0m[38;2;249;248;87m[48;2;249;248;87m▀[0m[38;2;249;248;87m[48;2;249;248;87m▀[0m[38;2;249;248;87m[48;2;249;248;87m▀[0m[38;2;249;248;87m[48;2;249;248;87m▀[0m[38;2;249;248;87m[48;2;249;248;87m▀[0m[38;2;249;248;87m[48;2;249;248;87m▀[0m[38;2;249;248;87m[48;2;215;179;36m▀[0m[38;2;249;248;87m[48;2;215;179;36m▀[0m[38;2;249;248;87m[48;2;249;248;87m▀[0m[38;2;249;248;87m[48;2;249;248;87m▀[0m[38;2;249;248;87m[48;2;249;248;87m▀[0m[38;2;249;248;87m[48;2;249;248;87m▀[0m[38;2;249;248;87m[48;2;249;248;87m▀[0m[38;2;249;248;87m[48;2;249;248;87m▀[0m[38;2;249;248;87m[48;2;249;248;87m▀[0m[38;2;249;248;87m[48;2;249;248;87m▀[0m[38;2;215;179;36m[48;2;249;248;87m▀[0m[38;2;215;179;36m[48;2;215;179;36m▀[0m[38;2;152;118;39m[48;2;215;179;36m▀[0m[38;2;55;51;43m[48;2;15;15;15m▀[0m[38;2;212;204;164m[48;2;119;116;99m▀[0m[38;2;119;116;99m[48;2;176;174;163m▀[0m[38;2;119;116;99m[48;2;176;174;163m▀[0m[38;2;119;116;99m[48;2;176;174;163m▀[0m[38;2;212;204;164m[48;2;119;116;99m▀[0m[38;2;55;51;43m[48;2;212;204;164m▀[0m[38;2;119;116;99m[48;2;55;51;43m▀[0m[38;2;119;116;99m[48;2;119;116;99m▀[0m[38;2;119;116;99m[48;2;119;116;99m▀[0m[38;2;119;116;99m[48;2;119;116;99m▀[0m[38;2;55;51;43m[48;2;119;116;99m▀[0m[38;2;15;15;15m[48;2;55;51;43m▀[0m[38;2;88;83;71m[48;2;15;15;15m▀[0m[38;2;119;116;99m[48;2;119;116;99m▀[0m[38;2;55;51;43m[48;2;119;116;99m▀[0m[38;2;55;51;43m▄      
 [38;2;152;118;39m[48;2;215;179;36m▀[0m[38;2;215;179;36m[48;2;249;248;87m▀[0m[38;2;249;248;87m[48;2;215;179;36m▀[0m[38;2;249;248;87m[48;2;249;248;87m▀[0m[38;2;249;248;87m[48;2;249;248;87m▀[0m[38;2;215;179;36m[48;2;249;248;87m▀[0m[38;2;249;248;87m[48;2;215;179;36m▀[0m[38;2;249;248;87m[48;2;215;179;36m▀[0m[38;2;215;179;36m[48;2;249;248;87m▀[0m[38;2;249;248;87m[48;2;249;248;87m▀[0m[38;2;249;248;87m[48;2;249;248;87m▀[0m[38;2;249;248;87m[48;2;249;248;87m▀[0m[38;2;249;248;87m[48;2;249;248;87m▀[0m[38;2;249;248;87m[48;2;249;248;87m▀[0m[38;2;249;248;87m[48;2;249;248;87m▀[0m[38;2;249;248;87m[48;2;249;248;87m▀[0m[38;2;215;179;36m[48;2;215;179;36m▀[0m[38;2;249;248;87m[48;2;249;248;87m▀[0m[38;2;249;248;87m[48;2;249;248;87m▀[0m[38;2;215;179;36m[48;2;215;179;36m▀[0m[38;2;249;248;87m[48;2;249;248;87m▀[0m[38;2;249;248;87m[48;2;249;248;87m▀[0m[38;2;249;248;87m[48;2;249;248;87m▀[0m[38;2;249;248;87m[48;2;249;248;87m▀[0m[38;2;249;248;87m[48;2;249;248;87m▀[0m[38;2;249;248;87m[48;2;249;248;87m▀[0m[38;2;249;248;87m[48;2;215;179;36m▀[0m[38;2;215;179;36m[48;2;249;248;87m▀[0m[38;2;215;179;36m[48;2;249;248;87m▀[0m[38;2;215;179;36m[48;2;215;179;36m▀[0m[38;2;15;15;15m[48;2;152;118;39m▀[0m[38;2;176;174;163m[48;2;88;83;71m▀[0m[38;2;119;116;99m[48;2;176;174;163m▀[0m[38;2;119;116;99m[48;2;176;174;163m▀[0m[38;2;119;116;99m[48;2;176;174;163m▀[0m[38;2;119;116;99m[48;2;176;174;163m▀[0m[38;2;212;204;164m[48;2;119;116;99m▀[0m[38;2;55;51;43m[48;2;88;83;71m▀[0m[38;2;55;51;43m[48;2;212;204;164m▀[0m[38;2;119;116;99m[48;2;55;51;43m▀[0m[38;2;88;83;71m[48;2;88;83;71m▀[0m[38;2;88;83;71m[48;2;88;83;71m▀[0m[38;2;55;51;43m[48;2;88;83;71m▀[0m[38;2;55;51;43m▄[38;2;55;51;43m▀[38;2;119;116;99m[48;2;55;51;43m▀[0m[38;2;119;116;99m[48;2;119;116;99m▀[0m[38;2;55;51;43m[48;2;119;116;99m▀[0m[38;2;55;51;43m▄    
[38;2;152;118;39m[48;2;152;118;39m▀[0m[38;2;249;248;87m[48;2;215;179;36m▀[0m[38;2;249;248;87m[48;2;249;248;87m▀[0m[38;2;249;248;87m[48;2;249;248;87m▀[0m[38;2;215;179;36m[48;2;249;248;87m▀[0m[38;2;249;248;87m[48;2;215;179;36m▀[0m[38;2;249;248;87m[48;2;215;179;36m▀[0m[38;2;249;248;87m[48;2;249;248;87m▀[0m[38;2;249;248;87m[48;2;249;248;87m▀[0m[38;2;249;248;87m[48;2;249;248;87m▀[0m[38;2;249;248;87m[48;2;249;248;87m▀[0m[38;2;249;248;87m[48;2;249;248;87m▀[0m[38;2;249;248;87m[48;2;249;248;87m▀[0m[38;2;249;248;87m[48;2;249;248;87m▀[0m[38;2;249;248;87m[48;2;249;248;87m▀[0m[38;2;249;248;87m[48;2;249;248;87m▀[0m[38;2;249;248;87m[48;2;215;179;36m▀[0m[38;2;215;179;36m[48;2;249;248;87m▀[0m[38;2;249;248;87m[48;2;249;248;87m▀[0m[38;2;249;248;87m[48;2;249;248;87m▀[0m[38;2;215;179;36m[48;2;215;179;36m▀[0m[38;2;249;248;87m[48;2;249;248;87m▀[0m[38;2;249;248;87m[48;2;215;179;36m▀[0m[38;2;215;179;36m[48;2;249;248;87m▀[0m[38;2;215;179;36m[48;2;249;248;87m▀[0m[38;2;249;248;87m[48;2;215;179;36m▀[0m[38;2;249;248;87m[48;2;249;248;87m▀[0m[38;2;215;179;36m[48;2;249;248;87m▀[0m[38;2;249;248;87m[48;2;215;179;36m▀[0m[38;2;249;248;87m[48;2;249;248;87m▀[0m[38;2;215;179;36m[48;2;215;179;36m▀[0m[38;2;215;179;36m[48;2;215;179;36m▀[0m[38;2;152;118;39m[48;2;152;118;39m▀[0m[38;2;176;174;163m[48;2;176;174;163m▀[0m[38;2;176;174;163m[48;2;176;174;163m▀[0m[38;2;176;174;163m[48;2;176;174;163m▀[0m[38;2;176;174;163m[48;2;176;174;163m▀[0m[38;2;176;174;163m[48;2;176;174;163m▀[0m[38;2;176;174;163m[48;2;176;174;163m▀[0m[38;2;119;116;99m[48;2;119;116;99m▀[0m[38;2;212;204;164m[48;2;212;204;164m▀[0m[38;2;55;51;43m[48;2;55;51;43m▀[0m[38;2;88;83;71m[48;2;88;83;71m▀[0m[38;2;55;51;43m[48;2;88;83;71m▀[0m[38;2;55;51;43m[48;2;88;83;71m▀[0m[38;2;55;51;43m[48;2;88;83;71m▀[0m[38;2;119;116;99m[48;2;55;51;43m▀[0m[38;2;119;116;99m[48;2;15;15;15m▀[0m[38;2;88;83;71m[48;2;15;15;15m▀[0m[38;2;15;15;15m▀    
[38;2;152;118;39m[48;2;152;118;39m▀[0m[38;2;249;248;87m[48;2;249;248;87m▀[0m[38;2;215;179;36m[48;2;249;248;87m▀[0m[38;2;249;248;87m[48;2;215;179;36m▀[0m[38;2;249;248;87m[48;2;215;179;36m▀[0m[38;2;249;248;87m[48;2;249;248;87m▀[0m[38;2;249;248;87m[48;2;249;248;87m▀[0m[38;2;215;179;36m[48;2;249;248;87m▀[0m[38;2;215;179;36m[48;2;249;248;87m▀[0m[38;2;215;179;36m[48;2;249;248;87m▀[0m[38;2;249;248;87m[48;2;215;179;36m▀[0m[38;2;249;248;87m[48;2;249;248;87m▀[0m[38;2;249;248;87m[48;2;249;248;87m▀[0m[38;2;249;248;87m[48;2;249;248;87m▀[0m[38;2;249;248;87m[48;2;249;248;87m▀[0m[38;2;249;248;87m[48;2;215;179;36m▀[0m[38;2;215;179;36m[48;2;249;248;87m▀[0m[38;2;249;248;87m[48;2;249;248;87m▀[0m[38;2;249;248;87m[48;2;249;248;87m▀[0m[38;2;215;179;36m[48;2;215;179;36m▀[0m[38;2;249;248;87m[48;2;249;248;87m▀[0m[38;2;249;248;87m[48;2;249;248;87m▀[0m[38;2;215;179;36m[48;2;249;248;87m▀[0m[38;2;249;248;87m[48;2;215;179;36m▀[0m[38;2;249;248;87m[48;2;249;248;87m▀[0m[38;2;249;248;87m[48;2;249;248;87m▀[0m[38;2;215;179;36m[48;2;215;179;36m▀[0m[38;2;249;248;87m[48;2;249;248;87m▀[0m[38;2;249;248;87m[48;2;249;248;87m▀[0m[38;2;152;118;39m[48;2;215;179;36m▀[0m[38;2;215;179;36m[48;2;152;118;39m▀[0m[38;2;215;179;36m[48;2;215;179;36m▀[0m[38;2;152;118;39m[48;2;15;15;15m▀[0m[38;2;119;116;99m[48;2;176;174;163m▀[0m[38;2;119;116;99m[48;2;176;174;163m▀[0m[38;2;119;116;99m[48;2;176;174;163m▀[0m[38;2;119;116;99m[48;2;176;174;163m▀[0m[38;2;176;174;163m[48;2;119;116;99m▀[0m[38;2;176;174;163m[48;2;119;116;99m▀[0m[38;2;119;116;99m[48;2;119;116;99m▀[0m[38;2;212;204;164m[48;2;55;51;43m▀[0m[38;2;55;51;43m[48;2;88;83;71m▀[0m[38;2;88;83;71m[48;2;88;83;71m▀[0m[38;2;55;51;43m[48;2;88;83;71m▀[0m[38;2;55;51;43m[48;2;88;83;71m▀[0m[38;2;15;15;15m[48;2;15;15;15m▀[0m        
[38;2;152;118;39m[48;2;152;118;39m▀[0m[38;2;215;179;36m[48;2;215;179;36m▀[0m[38;2;249;248;87m[48;2;249;248;87m▀[0m[38;2;249;248;87m[48;2;249;248;87m▀[0m[38;2;249;248;87m[48;2;249;248;87m▀[0m[38;2;215;179;36m[48;2;249;248;87m▀[0m[38;2;215;179;36m[48;2;249;248;87m▀[0m[38;2;249;248;87m[48;2;215;179;36m▀[0m[38;2;249;248;87m[48;2;215;179;36m▀[0m[38;2;249;248;87m[48;2;215;179;36m▀[0m[38;2;215;179;36m[48;2;249;248;87m▀[0m[38;2;249;248;87m[48;2;249;248;87m▀[0m[38;2;249;248;87m[48;2;249;248;87m▀[0m[38;2;249;248;87m[48;2;215;179;36m▀[0m[38;2;215;179;36m[48;2;249;248;87m▀[0m[38;2;249;248;87m[48;2;249;248;87m▀[0m[38;2;249;248;87m[48;2;249;248;87m▀[0m[38;2;249;248;87m[48;2;215;179;36m▀[0m[38;2;215;179;36m[48;2;249;248;87m▀[0m[38;2;249;248;87m[48;2;249;248;87m▀[0m[38;2;249;248;87m[48;2;249;248;87m▀[0m[38;2;249;248;87m[48;2;249;248;87m▀[0m[38;2;249;248;87m[48;2;215;179;36m▀[0m[38;2;249;248;87m[48;2;215;179;36m▀[0m[38;2;152;118;39m[48;2;152;118;39m▀[0m[38;2;249;248;87m[48;2;249;248;87m▀[0m[38;2;249;248;87m[48;2;249;248;87m▀[0m[38;2;215;179;36m[48;2;215;179;36m▀[0m[38;2;249;248;87m[48;2;215;179;36m▀[0m[38;2;215;179;36m[48;2;215;179;36m▀[0m[38;2;215;179;36m[48;2;215;179;36m▀[0m[38;2;152;118;39m[48;2;215;179;36m▀[0m[38;2;15;15;15m[48;2;15;15;15m▀[0m[38;2;176;174;163m[48;2;55;51;43m▀[0m[38;2;176;174;163m[48;2;55;51;43m▀[0m[38;2;176;174;163m[48;2;55;51;43m▀[0m[38;2;176;174;163m[48;2;55;51;43m▀[0m[38;2;176;174;163m[48;2;176;174;163m▀[0m[38;2;119;116;99m[48;2;176;174;163m▀[0m[38;2;212;204;164m[48;2;119;116;99m▀[0m[38;2;212;204;164m[48;2;119;116;99m▀[0m[38;2;55;51;43m[48;2;212;204;164m▀[0m[38;2;88;83;71m[48;2;55;51;43m▀[0m[38;2;88;83;71m[48;2;88;83;71m▀[0m[38;2;88;83;71m[48;2;88;83;71m▀[0m[38;2;15;15;15m[48;2;15;15;15m▀[0m        
[38;2;152;118;39m[48;2;152;118;39m▀[0m[38;2;215;179;36m[48;2;215;179;36m▀[0m[38;2;249;248;87m[48;2;152;118;39m▀[0m[38;2;215;179;36m[48;2;249;248;87m▀[0m[38;2;215;179;36m[48;2;249;248;87m▀[0m[38;2;249;248;87m[48;2;215;179;36m▀[0m[38;2;249;248;87m[48;2;249;248;87m▀[0m[38;2;249;248;87m[48;2;249;248;87m▀[0m[38;2;249;248;87m[48;2;249;248;87m▀[0m[38;2;249;248;87m[48;2;249;248;87m▀[0m[38;2;249;248;87m[48;2;249;248;87m▀[0m[38;2;249;248;87m[48;2;249;248;87m▀[0m[38;2;249;248;87m[48;2;249;248;87m▀[0m[38;2;215;179;36m[48;2;249;248;87m▀[0m[38;2;249;248;87m[48;2;215;179;36m▀[0m[38;2;249;248;87m[48;2;215;179;36m▀[0m[38;2;215;179;36m[48;2;249;248;87m▀[0m[38;2;249;248;87m[48;2;249;248;87m▀[0m[38;2;249;248;87m[48;2;249;248;87m▀[0m[38;2;249;248;87m[48;2;249;248;87m▀[0m[38;2;249;248;87m[48;2;249;248;87m▀[0m[38;2;215;179;36m[48;2;215;179;36m▀[0m[38;2;249;248;87m[48;2;249;248;87m▀[0m[38;2;249;248;87m[48;2;249;248;87m▀[0m[38;2;215;179;36m[48;2;249;248;87m▀[0m[38;2;152;118;39m[48;2;152;118;39m▀[0m[38;2;249;248;87m[48;2;215;179;36m▀[0m[38;2;215;179;36m[48;2;215;179;36m▀[0m[38;2;152;118;39m[48;2;215;179;36m▀[0m[38;2;215;179;36m[48;2;215;179;36m▀[0m[38;2;215;179;36m[48;2;215;179;36m▀[0m[38;2;215;179;36m[48;2;215;179;36m▀[0m[38;2;15;15;15m[48;2;15;15;15m▀[0m[38;2;212;204;164m[48;2;212;204;164m▀[0m[38;2;212;204;164m[48;2;88;83;71m▀[0m[38;2;212;204;164m[48;2;88;83;71m▀[0m[38;2;212;204;164m[48;2;212;204;164m▀[0m[38;2;55;51;43m[48;2;212;204;164m▀[0m[38;2;55;51;43m[48;2;212;204;164m▀[0m[38;2;176;174;163m[48;2;55;51;43m▀[0m[38;2;176;174;163m[48;2;176;174;163m▀[0m[38;2;119;116;99m[48;2;119;116;99m▀[0m[38;2;212;204;164m[48;2;212;204;164m▀[0m[38;2;55;51;43m[48;2;55;51;43m▀[0m[38;2;88;83;71m[48;2;15;15;15m▀[0m[38;2;15;15;15m▀        
[38;2;152;118;39m▀[38;2;215;179;36m[48;2;152;118;39m▀[0m[38;2;152;118;39m[48;2;215;179;36m▀[0m[38;2;249;248;87m[48;2;152;118;39m▀[0m[38;2;249;248;87m[48;2;249;248;87m▀[0m[38;2;215;179;36m[48;2;249;248;87m▀[0m[38;2;249;248;87m[48;2;152;118;39m▀[0m[38;2;249;248;87m[48;2;249;248;87m▀[0m[38;2;249;248;87m[48;2;249;248;87m▀[0m[38;2;249;248;87m[48;2;249;248;87m▀[0m[38;2;249;248;87m[48;2;249;248;87m▀[0m[38;2;249;248;87m[48;2;249;248;87m▀[0m[38;2;249;248;87m[48;2;249;248;87m▀[0m[38;2;249;248;87m[48;2;249;248;87m▀[0m[38;2;249;248;87m[48;2;249;248;87m▀[0m[38;2;249;248;87m[48;2;249;248;87m▀[0m[38;2;249;248;87m[48;2;249;248;87m▀[0m[38;2;249;248;87m[48;2;249;248;87m▀[0m[38;2;249;248;87m[48;2;249;248;87m▀[0m[38;2;249;248;87m[48;2;249;248;87m▀[0m[38;2;249;248;87m[48;2;249;248;87m▀[0m[38;2;215;179;36m[48;2;249;248;87m▀[0m[38;2;249;248;87m[48;2;152;118;39m▀[0m[38;2;249;248;87m[48;2;249;248;87m▀[0m[38;2;249;248;87m[48;2;215;179;36m▀[0m[38;2;215;179;36m[48;2;215;179;36m▀[0m[38;2;152;118;39m[48;2;152;118;39m▀[0m[38;2;215;179;36m[48;2;215;179;36m▀[0m[38;2;215;179;36m[48;2;215;179;36m▀[0m[38;2;152;118;39m[48;2;152;118;39m▀[0m[38;2;215;179;36m[48;2;215;179;36m▀[0m[38;2;215;179;36m[48;2;15;15;15m▀[0m[38;2;15;15;15m[48;2;242;242;242m▀[0m[38;2;88;83;71m[48;2;88;83;71m▀[0m[38;2;82;109;157m[48;2;82;109;157m▀[0m[38;2;82;109;157m[48;2;82;109;157m▀[0m[38;2;88;83;71m[48;2;88;83;71m▀[0m[38;2;212;204;164m[48;2;242;242;242m▀[0m[38;2;212;204;164m[48;2;82;109;157m▀[0m[38;2;82;109;157m[48;2;82;109;157m▀[0m[38;2;119;116;99m[48;2;88;83;71m▀[0m[38;2;212;204;164m[48;2;88;83;71m▀[0m[38;2;88;83;71m[48;2;55;51;43m▀[0m[38;2;55;51;43m[48;2;88;83;71m▀[0m[38;2;55;51;43m[48;2;88;83;71m▀[0m[38;2;55;51;43m▄[38;2;55;51;43m▄[38;2;55;51;43m▄      
 [38;2;15;15;15m[48;2;15;15;15m▀[0m[38;2;215;179;36m[48;2;215;179;36m▀[0m[38;2;152;118;39m[48;2;215;179;36m▀[0m[38;2;215;179;36m[48;2;152;118;39m▀[0m[38;2;215;179;36m[48;2;215;179;36m▀[0m[38;2;215;179;36m[48;2;215;179;36m▀[0m[38;2;152;118;39m[48;2;152;118;39m▀[0m[38;2;249;248;87m[48;2;215;179;36m▀[0m[38;2;249;248;87m[48;2;215;179;36m▀[0m[38;2;249;248;87m[48;2;249;248;87m▀[0m[38;2;249;248;87m[48;2;249;248;87m▀[0m[38;2;249;248;87m[48;2;249;248;87m▀[0m[38;2;249;248;87m[48;2;249;248;87m▀[0m[38;2;249;248;87m[48;2;249;248;87m▀[0m[38;2;249;248;87m[48;2;249;248;87m▀[0m[38;2;249;248;87m[48;2;249;248;87m▀[0m[38;2;249;248;87m[48;2;249;248;87m▀[0m[38;2;249;248;87m[48;2;215;179;36m▀[0m[38;2;249;248;87m[48;2;249;248;87m▀[0m[38;2;249;248;87m[48;2;215;179;36m▀[0m[38;2;215;179;36m[48;2;249;248;87m▀[0m[38;2;152;118;39m[48;2;152;118;39m▀[0m[38;2;215;179;36m[48;2;215;179;36m▀[0m[38;2;215;179;36m[48;2;215;179;36m▀[0m[38;2;152;118;39m[48;2;152;118;39m▀[0m[38;2;215;179;36m[48;2;215;179;36m▀[0m[38;2;152;118;39m[48;2;215;179;36m▀[0m[38;2;152;118;39m[48;2;215;179;36m▀[0m[38;2;215;179;36m[48;2;215;179;36m▀[0m[38;2;215;179;36m[48;2;215;179;36m▀[0m[38;2;15;15;15m[48;2;15;15;15m▀[0m[38;2;15;15;15m[48;2;82;109;157m▀[0m[38;2;88;83;71m[48;2;82;109;157m▀[0m[38;2;82;109;157m[48;2;212;204;164m▀[0m[38;2;82;109;157m[48;2;212;204;164m▀[0m[38;2;88;83;71m[48;2;82;109;157m▀[0m[38;2;15;15;15m[48;2;82;109;157m▀[0m[38;2;242;242;242m[48;2;82;109;157m▀[0m[38;2;212;204;164m[48;2;212;204;164m▀[0m[38;2;55;51;43m[48;2;55;51;43m▀[0m[38;2;88;83;71m[48;2;88;83;71m▀[0m[38;2;88;83;71m[48;2;15;15;15m▀[0m[38;2;15;15;15m▀[38;2;15;15;15m▀[38;2;88;83;71m[48;2;15;15;15m▀[0m[38;2;119;116;99m[48;2;15;15;15m▀[0m[38;2;119;116;99m[48;2;119;116;99m▀[0m[38;2;15;15;15m[48;2;15;15;15m▀[0m     
  [38;2;152;118;39m[48;2;15;15;15m▀[0m[38;2;215;179;36m[48;2;215;179;36m▀[0m[38;2;152;118;39m[48;2;215;179;36m▀[0m[38;2;215;179;36m[48;2;152;118;39m▀[0m[38;2;215;179;36m[48;2;215;179;36m▀[0m[38;2;215;179;36m[48;2;215;179;36m▀[0m[38;2;152;118;39m[48;2;152;118;39m▀[0m[38;2;215;179;36m[48;2;215;179;36m▀[0m[38;2;215;179;36m[48;2;152;118;39m▀[0m[38;2;215;179;36m[48;2;152;118;39m▀[0m[38;2;215;179;36m[48;2;215;179;36m▀[0m[38;2;215;179;36m[48;2;215;179;36m▀[0m[38;2;215;179;36m[48;2;215;179;36m▀[0m[38;2;215;179;36m[48;2;215;179;36m▀[0m[38;2;215;179;36m[48;2;215;179;36m▀[0m[38;2;215;179;36m[48;2;215;179;36m▀[0m[38;2;249;248;87m[48;2;215;179;36m▀[0m[38;2;215;179;36m[48;2;249;248;87m▀[0m[38;2;249;248;87m[48;2;215;179;36m▀[0m[38;2;215;179;36m[48;2;249;248;87m▀[0m[38;2;152;118;39m[48;2;215;179;36m▀[0m[38;2;215;179;36m[48;2;215;179;36m▀[0m[38;2;215;179;36m[48;2;215;179;36m▀[0m[38;2;152;118;39m[48;2;152;118;39m▀[0m[38;2;215;179;36m[48;2;215;179;36m▀[0m[38;2;215;179;36m[48;2;215;179;36m▀[0m[38;2;215;179;36m[48;2;215;179;36m▀[0m[38;2;215;179;36m[48;2;215;179;36m▀[0m[38;2;15;15;15m[48;2;15;15;15m▀[0m[38;2;88;83;71m[48;2;88;83;71m▀[0m[38;2;15;15;15m[48;2;88;83;71m▀[0m[38;2;212;204;164m[48;2;15;15;15m▀[0m[38;2;212;204;164m[48;2;15;15;15m▀[0m[38;2;212;204;164m[48;2;15;15;15m▀[0m[38;2;212;204;164m[48;2;15;15;15m▀[0m[38;2;212;204;164m[48;2;15;15;15m▀[0m[38;2;212;204;164m[48;2;15;15;15m▀[0m[38;2;55;51;43m[48;2;15;15;15m▀[0m[38;2;88;83;71m[48;2;15;15;15m▀[0m[38;2;15;15;15m[48;2;88;83;71m▀[0m[38;2;88;83;71m[48;2;88;83;71m▀[0m[38;2;55;51;43m[48;2;55;51;43m▀[0m [38;2;15;15;15m▄[38;2;55;51;43m[48;2;88;83;71m▀[0m[38;2;119;116;99m[48;2;88;83;71m▀[0m[38;2;15;15;15m[48;2;15;15;15m▀[0m     
   [38;2;15;15;15m▀[38;2;215;179;36m[48;2;152;118;39m▀[0m[38;2;215;179;36m[48;2;215;179;36m▀[0m[38;2;152;118;39m[48;2;215;179;36m▀[0m[38;2;152;118;39m[48;2;215;179;36m▀[0m[38;2;215;179;36m[48;2;215;179;36m▀[0m[38;2;152;118;39m[48;2;152;118;39m▀[0m[38;2;215;179;36m[48;2;215;179;36m▀[0m[38;2;215;179;36m[48;2;215;179;36m▀[0m[38;2;152;118;39m[48;2;215;179;36m▀[0m[38;2;152;118;39m[48;2;215;179;36m▀[0m[38;2;215;179;36m[48;2;152;118;39m▀[0m[38;2;215;179;36m[48;2;152;118;39m▀[0m[38;2;215;179;36m[48;2;215;179;36m▀[0m[38;2;215;179;36m[48;2;215;179;36m▀[0m[38;2;215;179;36m[48;2;215;179;36m▀[0m[38;2;215;179;36m[48;2;215;179;36m▀[0m[38;2;215;179;36m[48;2;215;179;36m▀[0m[38;2;152;118;39m[48;2;152;118;39m▀[0m[38;2;215;179;36m[48;2;215;179;36m▀[0m[38;2;215;179;36m[48;2;215;179;36m▀[0m[38;2;152;118;39m[48;2;152;118;39m▀[0m[38;2;215;179;36m[48;2;215;179;36m▀[0m[38;2;215;179;36m[48;2;215;179;36m▀[0m[38;2;215;179;36m[48;2;215;179;36m▀[0m[38;2;215;179;36m[48;2;15;15;15m▀[0m[38;2;15;15;15m▀[38;2;55;51;43m▀[38;2;88;83;71m[48;2;55;51;43m▀[0m[38;2;55;51;43m▀[38;2;55;51;43m[48;2;55;51;43m▀[0m[38;2;88;83;71m[48;2;88;83;71m▀[0m[38;2;55;51;43m[48;2;55;51;43m▀[0m [38;2;55;51;43m[48;2;55;51;43m▀[0m[38;2;88;83;71m[48;2;88;83;71m▀[0m[38;2;55;51;43m[48;2;55;51;43m▀[0m [38;2;55;51;43m▀[38;2;88;83;71m[48;2;55;51;43m▀[0m[38;2;55;51;43m▀[38;2;15;15;15m▄[38;2;55;51;43m[48;2;88;83;71m▀[0m[38;2;88;83;71m[48;2;88;83;71m▀[0m[38;2;15;15;15m[48;2;15;15;15m▀[0m [38;2;55;51;43m▄[38;2;55;51;43m▄[38;2;55;51;43m▄  
     [38;2;152;118;39m▀[38;2;215;179;36m[48;2;15;15;15m▀[0m[38;2;215;179;36m[48;2;215;179;36m▀[0m[38;2;215;179;36m[48;2;215;179;36m▀[0m[38;2;215;179;36m[48;2;215;179;36m▀[0m[38;2;152;118;39m[48;2;215;179;36m▀[0m[38;2;215;179;36m[48;2;152;118;39m▀[0m[38;2;215;179;36m[48;2;152;118;39m▀[0m[38;2;215;179;36m[48;2;215;179;36m▀[0m[38;2;215;179;36m[48;2;215;179;36m▀[0m[38;2;215;179;36m[48;2;215;179;36m▀[0m[38;2;152;118;39m[48;2;215;179;36m▀[0m[38;2;152;118;39m[48;2;215;179;36m▀[0m[38;2;152;118;39m[48;2;215;179;36m▀[0m[38;2;215;179;36m[48;2;152;118;39m▀[0m[38;2;215;179;36m[48;2;215;179;36m▀[0m[38;2;215;179;36m[48;2;215;179;36m▀[0m[38;2;152;118;39m[48;2;215;179;36m▀[0m[38;2;152;118;39m[48;2;215;179;36m▀[0m[38;2;215;179;36m[48;2;215;179;36m▀[0m[38;2;215;179;36m[48;2;215;179;36m▀[0m[38;2;215;179;36m[48;2;15;15;15m▀[0m[38;2;152;118;39m▀      [38;2;55;51;43m▀   [38;2;55;51;43m▀     [38;2;15;15;15m[48;2;15;15;15m▀[0m[38;2;88;83;71m[48;2;88;83;71m▀[0m[38;2;55;51;43m[48;2;88;83;71m▀[0m[38;2;55;51;43m[48;2;119;116;99m▀[0m[38;2;15;15;15m[48;2;119;116;99m▀[0m[38;2;15;15;15m[48;2;119;116;99m▀[0m[38;2;119;116;99m[48;2;88;83;71m▀[0m[38;2;119;116;99m[48;2;55;51;43m▀[0m[38;2;55;51;43m[48;2;88;83;71m▀[0m[38;2;55;51;43m▄
       [38;2;15;15;15m▀[38;2;152;118;39m▀[38;2;215;179;36m[48;2;15;15;15m▀[0m[38;2;215;179;36m[48;2;15;15;15m▀[0m[38;2;215;179;36m[48;2;152;118;39m▀[0m[38;2;215;179;36m[48;2;215;179;36m▀[0m[38;2;152;118;39m[48;2;215;179;36m▀[0m[38;2;152;118;39m[48;2;215;179;36m▀[0m[38;2;152;118;39m[48;2;215;179;36m▀[0m[38;2;215;179;36m[48;2;152;118;39m▀[0m[38;2;215;179;36m[48;2;152;118;39m▀[0m[38;2;215;179;36m[48;2;152;118;39m▀[0m[38;2;152;118;39m[48;2;215;179;36m▀[0m[38;2;215;179;36m[48;2;215;179;36m▀[0m[38;2;215;179;36m[48;2;152;118;39m▀[0m[38;2;215;179;36m[48;2;15;15;15m▀[0m[38;2;215;179;36m[48;2;15;15;15m▀[0m[38;2;152;118;39m▀[38;2;15;15;15m▀                   [38;2;15;15;15m▀[38;2;15;15;15m▀[38;2;55;51;43m▀[38;2;88;83;71m[48;2;15;15;15m▀[0m[38;2;119;116;99m[48;2;15;15;15m▀[0m[38;2;119;116;99m[48;2;15;15;15m▀[0m[38;2;55;51;43m[48;2;15;15;15m▀[0m[38;2;55;51;43m▀[38;2;88;83;71m▀
           [38;2;152;118;39m▀[38;2;15;15;15m▀[38;2;15;15;15m▀[38;2;15;15;15m▀[38;2;15;15;15m▀[38;2;15;15;15m▀[38;2;15;15;15m▀[38;2;15;15;15m▀[38;2;15;15;15m▀[38;2;15;15;15m▀[38;2;152;118;39m▀                                
[0m