                                    [38;2;58;49;67m▄[38;2;33;26;41m▄                  [38;2;58;49;67m▄[38;2;58;49;67m▄[38;2;58;49;67m[48;2;138;125;142m▀[0m[38;2;58;49;67m[48;2;138;125;142m▀[0m[38;2;33;26;41m[48;2;138;125;142m▀[0m[38;2;33;26;41m▄             
                    [38;2;33;26;41m▄[38;2;33;26;41m▄[38;2;33;26;41m▄[38;2;33;26;41m▄[38;2;33;26;41m▄[38;2;33;26;41m▄        [38;2;58;49;67m▄[38;2;58;49;67m[48;2;138;125;142m▀[0m[38;2;138;125;142m[48;2;100;87;104m▀[0m[38;2;100;87;104m[48;2;100;87;104m▀[0m[38;2;33;26;41m[48;2;33;26;41m▀[0m             [38;2;58;49;67m▄[38;2;58;49;67m▄[38;2;58;49;67m[48;2;138;125;142m▀[0m[38;2;58;49;67m[48;2;138;125;142m▀[0m[38;2;138;125;142m[48;2;138;125;142m▀[0m[38;2;138;125;142m[48;2;58;49;67m▀[0m[38;2;138;125;142m[48;2;100;87;104m▀[0m[38;2;58;49;67m[48;2;100;87;104m▀[0m[38;2;100;87;104m[48;2;100;87;104m▀[0m[38;2;33;26;41m[48;2;100;87;104m▀[0m[38;2;33;26;41m▄            
               [38;2;33;26;41m▄[38;2;33;26;41m▄[38;2;33;26;41m[48;2;58;49;67m▀[0m[38;2;33;26;41m[48;2;58;49;67m▀[0m[38;2;33;26;41m[48;2;58;49;67m▀[0m[38;2;58;49;67m[48;2;58;49;67m▀[0m[38;2;58;49;67m[48;2;58;49;67m▀[0m[38;2;58;49;67m[48;2;58;49;67m▀[0m[38;2;58;49;67m[48;2;58;49;67m▀[0m[38;2;58;49;67m[48;2;58;49;67m▀[0m[38;2;58;49;67m[48;2;58;49;67m▀[0m[38;2;16;16;16m[48;2;16;16;16m▀[0m     [38;2;58;49;67m▄[38;2;58;49;67m[48;2;138;125;142m▀[0m[38;2;138;125;142m[48;2;138;125;142m▀[0m[38;2;58;49;67m[48;2;58;49;67m▀[0m[38;2;100;87;104m[48;2;100;87;104m▀[0m[38;2;100;87;104m[48;2;100;87;104m▀[0m[38;2;100;87;104m[48;2;33;26;41m▀[0m[38;2;33;26;41m[48;2;33;26;41m▀[0m          [38;2;58;49;67m▄[38;2;58;49;67m[48;2;138;125;142m▀[0m[38;2;138;125;142m[48;2;138;125;142m▀[0m[38;2;138;125;142m[48;2;138;125;142m▀[0m[38;2;138;125;142m[48;2;138;125;142m▀[0m[38;2;138;125;142m[48;2;58;49;67m▀[0m[38;2;58;49;67m[48;2;100;87;104m▀[0m[38;2;100;87;104m[48;2;100;87;104m▀[0m[38;2;100;87;104m[48;2;100;87;104m▀[0m[38;2;100;87;104m[48;2;100;87;104m▀[0m[38;2;100;87;104m[48;2;100;87;104m▀[0m[38;2;100;87;104m[48;2;100;87;104m▀[0m[38;2;33;26;41m[48;2;33;26;41m▀[0m            
            [38;2;33;26;41m▄[38;2;33;26;41m[48;2;58;49;67m▀[0m[38;2;33;26;41m[48;2;58;49;67m▀[0m[38;2;58;49;67m[48;2;58;49;67m▀[0m[38;2;58;49;67m[48;2;58;49;67m▀[0m[38;2;58;49;67m[48;2;58;49;67m▀[0m[38;2;58;49;67m[48;2;58;49;67m▀[0m[38;2;58;49;67m[48;2;58;49;67m▀[0m[38;2;58;49;67m[48;2;58;49;67m▀[0m[38;2;58;49;67m[48;2;58;49;67m▀[0m[38;2;58;49;67m[48;2;58;49;67m▀[0m[38;2;58;49;67m[48;2;58;49;67m▀[0m[38;2;58;49;67m[48;2;58;49;67m▀[0m[38;2;58;49;67m[48;2;33;26;41m▀[0m[38;2;16;16;16m[48;2;33;26;41m▀[0m[38;2;33;26;41m[48;2;16;16;16m▀[0m[38;2;33;26;41m[48;2;184;143;86m▀[0m[38;2;33;26;41m▄ [38;2;58;49;67m▄[38;2;58;49;67m[48;2;138;125;142m▀[0m[38;2;138;125;142m[48;2;138;125;142m▀[0m[38;2;58;49;67m[48;2;58;49;67m▀[0m[38;2;100;87;104m[48;2;100;87;104m▀[0m[38;2;100;87;104m[48;2;100;87;104m▀[0m[38;2;100;87;104m[48;2;100;87;104m▀[0m[38;2;33;26;41m[48;2;33;26;41m▀[0m[38;2;58;49;67m[48;2;58;49;67m▀[0m[38;2;16;16;16m[48;2;16;16;16m▀[0m        [38;2;33;26;41m[48;2;16;16;16m▀[0m[38;2;100;87;104m[48;2;100;87;104m▀[0m[38;2;138;125;142m[48;2;100;87;104m▀[0m[38;2;138;125;142m[48;2;100;87;104m▀[0m[38;2;138;125;142m[48;2;100;87;104m▀[0m[38;2;58;49;67m[48;2;58;49;67m▀[0m[38;2;100;87;104m[48;2;100;87;104m▀[0m[38;2;100;87;104m[48;2;100;87;104m▀[0m[38;2;100;87;104m[48;2;100;87;104m▀[0m[38;2;100;87;104m[48;2;100;87;104m▀[0m[38;2;100;87;104m[48;2;100;87;104m▀[0m[38;2;100;87;104m[48;2;100;87;104m▀[0m[38;2;100;87;104m[48;2;33;26;41m▀[0m[38;2;58;49;67m[48;2;58;49;67m▀[0m[38;2;33;26;41m[48;2;33;26;41m▀[0m           
           [38;2;33;26;41m[48;2;33;26;41m▀[0m[38;2;58;49;67m[48;2;58;49;67m▀[0m[38;2;58;49;67m[48;2;58;49;67m▀[0m[38;2;58;49;67m[48;2;58;49;67m▀[0m[38;2;58;49;67m[48;2;58;49;67m▀[0m[38;2;58;49;67m[48;2;58;49;67m▀[0m[38;2;58;49;67m[48;2;58;49;67m▀[0m[38;2;58;49;67m[48;2;58;49;67m▀[0m[38;2;58;49;67m[48;2;58;49;67m▀[0m[38;2;58;49;67m[48;2;58;49;67m▀[0m[38;2;58;49;67m[48;2;33;26;41m▀[0m[38;2;58;49;67m[48;2;33;26;41m▀[0m[38;2;33;26;41m[48;2;33;26;41m▀[0m[38;2;33;26;41m[48;2;33;26;41m▀[0m[38;2;33;26;41m[48;2;33;26;41m▀[0m[38;2;33;26;41m[48;2;33;26;41m▀[0m[38;2;16;16;16m[48;2;184;143;86m▀[0m[38;2;184;143;86m[48;2;184;143;86m▀[0m[38;2;33;26;41m[48;2;184;143;86m▀[0m[38;2;33;26;41m▄[38;2;58;49;67m[48;2;100;87;104m▀[0m[38;2;138;125;142m[48;2;138;125;142m▀[0m[38;2;138;125;142m[48;2;58;49;67m▀[0m[38;2;58;49;67m[48;2;100;87;104m▀[0m[38;2;100;87;104m[48;2;100;87;104m▀[0m[38;2;100;87;104m[48;2;100;87;104m▀[0m[38;2;100;87;104m[48;2;33;26;41m▀[0m[38;2;33;26;41m[48;2;58;49;67m▀[0m[38;2;58;49;67m[48;2;58;49;67m▀[0m[38;2;16;16;16m[48;2;58;49;67m▀[0m[38;2;16;16;16m▄ [38;2;33;26;41m▄[38;2;33;26;41m▄[38;2;33;26;41m▄[38;2;33;26;41m▄ [38;2;33;26;41m[48;2;16;16;16m▀[0m[38;2;58;49;67m[48;2;58;49;67m▀[0m[38;2;100;87;104m[48;2;58;49;67m▀[0m[38;2;100;87;104m[48;2;100;87;104m▀[0m[38;2;100;87;104m[48;2;100;87;104m▀[0m[38;2;100;87;104m[48;2;100;87;104m▀[0m[38;2;58;49;67m[48;2;58;49;67m▀[0m[38;2;100;87;104m[48;2;100;87;104m▀[0m[38;2;100;87;104m[48;2;100;87;104m▀[0m[38;2;100;87;104m[48;2;33;26;41m▀[0m[38;2;100;87;104m[48;2;33;26;41m▀[0m[38;2;33;26;41m[48;2;58;49;67m▀[0m[38;2;33;26;41m[48;2;58;49;67m▀[0m[38;2;58;49;67m[48;2;58;49;67m▀[0m[38;2;58;49;67m[48;2;58;49;67m▀[0m[38;2;33;26;41m[48;2;58;49;67m▀[0m[38;2;33;26;41m▄  [38;2;84;56;122m▄[38;2;84;56;122m[48;2;108;86;156m▀[0m[38;2;84;56;122m[48;2;108;86;156m▀[0m[38;2;49;34;84m[48;2;108;86;156m▀[0m[38;2;49;34;84m▄   
           [38;2;33;26;41m[48;2;105;72;49m▀[0m[38;2;33;26;41m[48;2;33;26;41m▀[0m[38;2;58;49;67m[48;2;33;26;41m▀[0m[38;2;58;49;67m[48;2;33;26;41m▀[0m[38;2;58;49;67m[48;2;33;26;41m▀[0m[38;2;58;49;67m[48;2;33;26;41m▀[0m[38;2;58;49;67m[48;2;33;26;41m▀[0m[38;2;33;26;41m[48;2;58;49;67m▀[0m[38;2;33;26;41m[48;2;58;49;67m▀[0m[38;2;33;26;41m[48;2;58;49;67m▀[0m[38;2;58;49;67m[48;2;58;49;67m▀[0m[38;2;58;49;67m[48;2;58;49;67m▀[0m[38;2;58;49;67m[48;2;58;49;67m▀[0m[38;2;33;26;41m[48;2;184;143;86m▀[0m[38;2;33;26;41m[48;2;184;143;86m▀[0m[38;2;184;143;86m[48;2;184;143;86m▀[0m[38;2;184;143;86m[48;2;184;143;86m▀[0m[38;2;184;143;86m[48;2;184;143;86m▀[0m[38;2;184;143;86m[48;2;58;49;67m▀[0m[38;2;33;26;41m[48;2;33;26;41m▀[0m[38;2;100;87;104m[48;2;100;87;104m▀[0m[38;2;100;87;104m[48;2;100;87;104m▀[0m[38;2;58;49;67m[48;2;58;49;67m▀[0m[38;2;100;87;104m[48;2;100;87;104m▀[0m[38;2;100;87;104m[48;2;100;87;104m▀[0m[38;2;100;87;104m[48;2;58;49;67m▀[0m[38;2;33;26;41m[48;2;58;49;67m▀[0m[38;2;58;49;67m[48;2;33;26;41m▀[0m[38;2;58;49;67m[48;2;33;26;41m▀[0m[38;2;33;26;41m[48;2;58;49;67m▀[0m[38;2;33;26;41m[48;2;58;49;67m▀[0m[38;2;33;26;41m[48;2;58;49;67m▀[0m[38;2;58;49;67m[48;2;58;49;67m▀[0m[38;2;58;49;67m[48;2;58;49;67m▀[0m[38;2;58;49;67m[48;2;49;34;84m▀[0m[38;2;49;34;84m[48;2;84;56;122m▀[0m[38;2;49;34;84m[48;2;108;86;156m▀[0m[38;2;49;34;84m[48;2;108;86;156m▀[0m[38;2;58;49;67m[48;2;49;34;84m▀[0m[38;2;58;49;67m[48;2;58;49;67m▀[0m[38;2;100;87;104m[48;2;58;49;67m▀[0m[38;2;100;87;104m[48;2;100;87;104m▀[0m[38;2;100;87;104m[48;2;33;26;41m▀[0m[38;2;33;26;41m[48;2;58;49;67m▀[0m[38;2;33;26;41m[48;2;58;49;67m▀[0m[38;2;33;26;41m[48;2;58;49;67m▀[0m[38;2;58;49;67m[48;2;58;49;67m▀[0m[38;2;58;49;67m[48;2;58;49;67m▀[0m[38;2;58;49;67m[48;2;58;49;67m▀[0m[38;2;58;49;67m[48;2;58;49;67m▀[0m[38;2;58;49;67m[48;2;58;49;67m▀[0m[38;2;58;49;67m[48;2;58;49;67m▀[0m[38;2;58;49;67m[48;2;58;49;67m▀[0m[38;2;33;26;41m[48;2;49;34;84m▀[0m[38;2;49;34;84m▄[38;2;49;34;84m[48;2;245;209;110m▀[0m[38;2;108;86;156m[48;2;245;209;110m▀[0m[38;2;108;86;156m[48;2;245;209;110m▀[0m[38;2;108;86;156m[48;2;108;86;156m▀[0m[38;2;108;86;156m[48;2;108;86;156m▀[0m[38;2;108;86;156m[48;2;108;86;156m▀[0m[38;2;49;34;84m[48;2;49;34;84m▀[0m  
          [38;2;105;72;49m[48;2;105;72;49m▀[0m[38;2;184;143;86m[48;2;245;209;110m▀[0m[38;2;33;26;41m[48;2;184;143;86m▀[0m[38;2;58;49;67m[48;2;58;49;67m▀[0m[38;2;58;49;67m[48;2;58;49;67m▀[0m[38;2;58;49;67m[48;2;58;49;67m▀[0m[38;2;58;49;67m[48;2;58;49;67m▀[0m[38;2;58;49;67m[48;2;58;49;67m▀[0m[38;2;58;49;67m[48;2;184;143;86m▀[0m[38;2;58;49;67m[48;2;245;209;110m▀[0m[38;2;58;49;67m[48;2;245;209;110m▀[0m[38;2;184;143;86m[48;2;245;209;110m▀[0m[38;2;245;209;110m[48;2;245;209;110m▀[0m[38;2;245;209;110m[48;2;245;209;110m▀[0m[38;2;184;143;86m[48;2;245;209;110m▀[0m[38;2;184;143;86m[48;2;184;143;86m▀[0m[38;2;58;49;67m[48;2;16;16;16m▀[0m[38;2;16;16;16m[48;2;16;16;16m▀[0m[38;2;184;143;86m[48;2;16;16;16m▀[0m[38;2;16;16;16m[48;2;16;16;16m▀[0m[38;2;16;16;16m[48;2;184;143;86m▀[0m[38;2;33;26;41m[48;2;33;26;41m▀[0m[38;2;100;87;104m[48;2;58;49;67m▀[0m[38;2;58;49;67m[48;2;58;49;67m▀[0m[38;2;100;87;104m[48;2;58;49;67m▀[0m[38;2;58;49;67m[48;2;58;49;67m▀[0m[38;2;58;49;67m[48;2;33;26;41m▀[0m[38;2;33;26;41m[48;2;58;49;67m▀[0m[38;2;58;49;67m[48;2;58;49;67m▀[0m[38;2;58;49;67m[48;2;58;49;67m▀[0m[38;2;58;49;67m[48;2;58;49;67m▀[0m[38;2;58;49;67m[48;2;58;49;67m▀[0m[38;2;58;49;67m[48;2;49;34;84m▀[0m[38;2;49;34;84m[48;2;84;56;122m▀[0m[38;2;49;34;84m[48;2;108;86;156m▀[0m[38;2;49;34;84m[48;2;108;86;156m▀[0m[38;2;84;56;122m[48;2;49;34;84m▀[0m[38;2;84;56;122m[48;2;108;86;156m▀[0m[38;2;84;56;122m[48;2;108;86;156m▀[0m[38;2;49;34;84m[48;2;49;34;84m▀[0m[38;2;58;49;67m[48;2;58;49;67m▀[0m[38;2;58;49;67m[48;2;58;49;67m▀[0m[38;2;58;49;67m[48;2;58;49;67m▀[0m[38;2;33;26;41m[48;2;58;49;67m▀[0m[38;2;58;49;67m[48;2;58;49;67m▀[0m[38;2;58;49;67m[48;2;58;49;67m▀[0m[38;2;58;49;67m[48;2;58;49;67m▀[0m[38;2;58;49;67m[48;2;33;26;41m▀[0m[38;2;58;49;67m[48;2;33;26;41m▀[0m[38;2;58;49;67m[48;2;33;26;41m▀[0m[38;2;58;49;67m[48;2;33;26;41m▀[0m[38;2;33;26;41m[48;2;245;209;110m▀[0m[38;2;33;26;41m[48;2;245;209;110m▀[0m[38;2;33;26;41m[48;2;245;209;110m▀[0m[38;2;245;209;110m[48;2;108;86;156m▀[0m[38;2;108;86;156m[48;2;108;86;156m▀[0m[38;2;108;86;156m[48;2;108;86;156m▀[0m[38;2;245;209;110m[48;2;245;209;110m▀[0m[38;2;108;86;156m[48;2;108;86;156m▀[0m[38;2;108;86;156m[48;2;108;86;156m▀[0m[38;2;108;86;156m[48;2;108;86;156m▀[0m[38;2;108;86;156m[48;2;108;86;156m▀[0m[38;2;108;86;156m[48;2;84;56;122m▀[0m[38;2;49;34;84m[48;2;49;34;84m▀[0m 
      [38;2;84;56;122m▄[38;2;84;56;122m▄[38;2;84;56;122m▄[38;2;84;56;122m▄[38;2;105;72;49m▀[38;2;245;209;110m[48;2;105;72;49m▀[0m[38;2;245;209;110m[48;2;245;209;110m▀[0m[38;2;245;209;110m[48;2;245;209;110m▀[0m[38;2;245;209;110m[48;2;245;209;110m▀[0m[38;2;245;209;110m[48;2;245;209;110m▀[0m[38;2;245;209;110m[48;2;245;209;110m▀[0m[38;2;245;209;110m[48;2;16;16;16m▀[0m[38;2;245;209;110m[48;2;16;16;16m▀[0m[38;2;245;209;110m[48;2;184;143;86m▀[0m[38;2;245;209;110m[48;2;245;209;110m▀[0m[38;2;245;209;110m[48;2;245;209;110m▀[0m[38;2;184;143;86m[48;2;16;16;16m▀[0m[38;2;16;16;16m[48;2;16;16;16m▀[0m[38;2;184;143;86m[48;2;16;16;16m▀[0m[38;2;184;143;86m[48;2;16;16;16m▀[0m[38;2;16;16;16m[48;2;16;16;16m▀[0m[38;2;184;143;86m[48;2;184;143;86m▀[0m[38;2;58;49;67m[48;2;184;143;86m▀[0m[38;2;16;16;16m[48;2;184;143;86m▀[0m[38;2;184;143;86m[48;2;184;143;86m▀[0m[38;2;33;26;41m[48;2;33;26;41m▀[0m[38;2;58;49;67m[48;2;58;49;67m▀[0m[38;2;58;49;67m[48;2;58;49;67m▀[0m[38;2;58;49;67m[48;2;33;26;41m▀[0m[38;2;33;26;41m[48;2;58;49;67m▀[0m[38;2;58;49;67m[48;2;58;49;67m▀[0m[38;2;58;49;67m[48;2;33;26;41m▀[0m[38;2;58;49;67m[48;2;33;26;41m▀[0m[38;2;58;49;67m[48;2;49;34;84m▀[0m[38;2;49;34;84m[48;2;84;56;122m▀[0m[38;2;49;34;84m[48;2;108;86;156m▀[0m[38;2;49;34;84m[48;2;108;86;156m▀[0m[38;2;84;56;122m[48;2;49;34;84m▀[0m[38;2;84;56;122m[48;2;108;86;156m▀[0m[38;2;84;56;122m[48;2;108;86;156m▀[0m[38;2;84;56;122m[48;2;84;56;122m▀[0m[38;2;108;86;156m[48;2;108;86;156m▀[0m[38;2;108;86;156m[48;2;245;209;110m▀[0m[38;2;49;34;84m[48;2;105;72;49m▀[0m[38;2;58;49;67m[48;2;33;26;41m▀[0m[38;2;58;49;67m[48;2;33;26;41m▀[0m[38;2;58;49;67m[48;2;33;26;41m▀[0m[38;2;33;26;41m[48;2;245;209;110m▀[0m[38;2;33;26;41m[48;2;245;209;110m▀[0m[38;2;33;26;41m[48;2;245;209;110m▀[0m[38;2;33;26;41m[48;2;245;209;110m▀[0m[38;2;245;209;110m[48;2;245;209;110m▀[0m[38;2;245;209;110m[48;2;245;209;110m▀[0m[38;2;245;209;110m[48;2;245;209;110m▀[0m[38;2;245;209;110m[48;2;245;209;110m▀[0m[38;2;245;209;110m[48;2;245;209;110m▀[0m[38;2;245;209;110m[48;2;245;209;110m▀[0m[38;2;245;209;110m[48;2;245;209;110m▀[0m[38;2;108;86;156m[48;2;245;209;110m▀[0m[38;2;108;86;156m[48;2;245;209;110m▀[0m[38;2;245;209;110m[48;2;245;209;110m▀[0m[38;2;245;209;110m[48;2;108;86;156m▀[0m[38;2;245;209;110m[48;2;84;56;122m▀[0m[38;2;245;209;110m[48;2;184;143;86m▀[0m[38;2;84;56;122m[48;2;184;143;86m▀[0m[38;2;84;56;122m[48;2;84;56;122m▀[0m[38;2;84;56;122m[48;2;16;16;16m▀[0m[38;2;49;34;84m▀ 
   [38;2;84;56;122m▄[38;2;84;56;122m[48;2;218;172;228m▀[0m[38;2;84;56;122m[48;2;218;172;228m▀[0m[38;2;157;117;186m[48;2;157;117;186m▀[0m[38;2;157;117;186m[48;2;157;117;186m▀[0m[38;2;157;117;186m[48;2;157;117;186m▀[0m[38;2;157;117;186m[48;2;157;117;186m▀[0m[38;2;84;56;122m[48;2;157;117;186m▀[0m[38;2;105;72;49m[48;2;157;117;186m▀[0m[38;2;184;143;86m[48;2;16;16;16m▀[0m[38;2;16;16;16m[48;2;16;16;16m▀[0m[38;2;245;209;110m[48;2;16;16;16m▀[0m[38;2;245;209;110m[48;2;245;209;110m▀[0m[38;2;184;143;86m[48;2;16;16;16m▀[0m[38;2;16;16;16m[48;2;16;16;16m▀[0m[38;2;16;16;16m[48;2;245;209;110m▀[0m[38;2;16;16;16m[48;2;184;143;86m▀[0m[38;2;16;16;16m[48;2;16;16;16m▀[0m[38;2;184;143;86m[48;2;16;16;16m▀[0m[38;2;16;16;16m[48;2;16;16;16m▀[0m[38;2;184;143;86m[48;2;245;209;110m▀[0m[38;2;245;209;110m[48;2;245;209;110m▀[0m[38;2;58;49;67m[48;2;245;209;110m▀[0m[38;2;16;16;16m[48;2;184;143;86m▀[0m[38;2;184;143;86m[48;2;184;143;86m▀[0m[38;2;184;143;86m[48;2;33;26;41m▀[0m[38;2;184;143;86m[48;2;33;26;41m▀[0m[38;2;33;26;41m[48;2;58;49;67m▀[0m[38;2;33;26;41m[48;2;58;49;67m▀[0m[38;2;33;26;41m[48;2;58;49;67m▀[0m[38;2;33;26;41m[48;2;33;26;41m▀[0m[38;2;58;49;67m[48;2;33;26;41m▀[0m[38;2;33;26;41m[48;2;184;143;86m▀[0m[38;2;33;26;41m[48;2;184;143;86m▀[0m[38;2;184;143;86m[48;2;184;143;86m▀[0m[38;2;184;143;86m[48;2;184;143;86m▀[0m[38;2;49;34;84m[48;2;49;34;84m▀[0m[38;2;84;56;122m[48;2;108;86;156m▀[0m[38;2;84;56;122m[48;2;108;86;156m▀[0m[38;2;84;56;122m[48;2;108;86;156m▀[0m[38;2;84;56;122m[48;2;84;56;122m▀[0m[38;2;108;86;156m[48;2;108;86;156m▀[0m[38;2;108;86;156m[48;2;245;209;110m▀[0m[38;2;84;56;122m[48;2;105;72;49m▀[0m[38;2;245;209;110m[48;2;245;209;110m▀[0m[38;2;245;209;110m[48;2;245;209;110m▀[0m[38;2;105;72;49m[48;2;184;143;86m▀[0m[38;2;245;209;110m[48;2;245;209;110m▀[0m[38;2;245;209;110m[48;2;245;209;110m▀[0m[38;2;245;209;110m[48;2;245;209;110m▀[0m[38;2;245;209;110m[48;2;245;209;110m▀[0m[38;2;245;209;110m[48;2;245;209;110m▀[0m[38;2;245;209;110m[48;2;245;209;110m▀[0m[38;2;245;209;110m[48;2;245;209;110m▀[0m[38;2;245;209;110m[48;2;245;209;110m▀[0m[38;2;245;209;110m[48;2;245;209;110m▀[0m[38;2;245;209;110m[48;2;245;209;110m▀[0m[38;2;245;209;110m[48;2;245;209;110m▀[0m[38;2;245;209;110m[48;2;245;209;110m▀[0m[38;2;245;209;110m[48;2;184;143;86m▀[0m[38;2;245;209;110m[48;2;184;143;86m▀[0m[38;2;245;209;110m[48;2;184;143;86m▀[0m[38;2;184;143;86m[48;2;184;143;86m▀[0m[38;2;184;143;86m[48;2;184;143;86m▀[0m[38;2;84;56;122m[48;2;184;143;86m▀[0m[38;2;84;56;122m[48;2;16;16;16m▀[0m[38;2;184;143;86m[48;2;16;16;16m▀[0m[38;2;16;16;16m▀[38;2;16;16;16m▀   
 [38;2;84;56;122m▄[38;2;84;56;122m[48;2;218;172;228m▀[0m[38;2;218;172;228m[48;2;218;172;228m▀[0m[38;2;218;172;228m[48;2;157;117;186m▀[0m[38;2;157;117;186m[48;2;218;172;228m▀[0m[38;2;218;172;228m[48;2;218;172;228m▀[0m[38;2;218;172;228m[48;2;218;172;228m▀[0m[38;2;157;117;186m[48;2;16;16;16m▀[0m[38;2;16;16;16m▀[38;2;16;16;16m▀[38;2;16;16;16m▀[38;2;16;16;16m[48;2;105;72;49m▀[0m[38;2;184;143;86m[48;2;245;209;110m▀[0m[38;2;16;16;16m[48;2;245;209;110m▀[0m[38;2;16;16;16m[48;2;184;143;86m▀[0m[38;2;16;16;16m[48;2;16;16;16m▀[0m[38;2;184;143;86m[48;2;245;209;110m▀[0m[38;2;245;209;110m[48;2;245;209;110m▀[0m[38;2;245;209;110m[48;2;245;209;110m▀[0m[38;2;245;209;110m[48;2;245;209;110m▀[0m[38;2;16;16;16m[48;2;245;209;110m▀[0m[38;2;245;209;110m[48;2;245;209;110m▀[0m[38;2;245;209;110m[48;2;33;26;41m▀[0m[38;2;245;209;110m[48;2;33;26;41m▀[0m[38;2;184;143;86m[48;2;33;26;41m▀[0m[38;2;33;26;41m[48;2;58;49;67m▀[0m[38;2;33;26;41m[48;2;58;49;67m▀[0m[38;2;58;49;67m[48;2;58;49;67m▀[0m[38;2;58;49;67m[48;2;105;72;49m▀[0m[38;2;58;49;67m[48;2;105;72;49m▀[0m[38;2;105;72;49m[48;2;245;209;110m▀[0m[38;2;105;72;49m[48;2;245;209;110m▀[0m[38;2;245;209;110m[48;2;245;209;110m▀[0m[38;2;245;209;110m[48;2;245;209;110m▀[0m[38;2;184;143;86m[48;2;245;209;110m▀[0m[38;2;184;143;86m[48;2;245;209;110m▀[0m[38;2;184;143;86m[48;2;184;143;86m▀[0m[38;2;184;143;86m[48;2;184;143;86m▀[0m[38;2;33;26;41m[48;2;33;26;41m▀[0m[38;2;245;209;110m[48;2;245;209;110m▀[0m[38;2;108;86;156m[48;2;108;86;156m▀[0m[38;2;108;86;156m[48;2;245;209;110m▀[0m[38;2;105;72;49m[48;2;105;72;49m▀[0m[38;2;245;209;110m[48;2;245;209;110m▀[0m[38;2;245;209;110m[48;2;245;209;110m▀[0m[38;2;105;72;49m[48;2;184;143;86m▀[0m[38;2;245;209;110m[48;2;184;143;86m▀[0m[38;2;184;143;86m[48;2;184;143;86m▀[0m[38;2;184;143;86m[48;2;184;143;86m▀[0m[38;2;184;143;86m[48;2;184;143;86m▀[0m[38;2;245;209;110m[48;2;184;143;86m▀[0m[38;2;245;209;110m[48;2;184;143;86m▀[0m[38;2;245;209;110m[48;2;184;143;86m▀[0m[38;2;245;209;110m[48;2;184;143;86m▀[0m[38;2;245;209;110m[48;2;184;143;86m▀[0m[38;2;245;209;110m[48;2;184;143;86m▀[0m[38;2;245;209;110m[48;2;184;143;86m▀[0m[38;2;184;143;86m[48;2;184;143;86m▀[0m[38;2;184;143;86m[48;2;184;143;86m▀[0m[38;2;184;143;86m[48;2;16;16;16m▀[0m[38;2;184;143;86m[48;2;16;16;16m▀[0m[38;2;184;143;86m[48;2;16;16;16m▀[0m[38;2;184;143;86m[48;2;16;16;16m▀[0m[38;2;184;143;86m[48;2;16;16;16m▀[0m[38;2;16;16;16m[48;2;100;87;104m▀[0m[38;2;16;16;16m[48;2;100;87;104m▀[0m[38;2;16;16;16m[48;2;100;87;104m▀[0m[38;2;58;49;67m[48;2;58;49;67m▀[0m[38;2;33;26;41m[48;2;58;49;67m▀[0m[38;2;16;16;16m[48;2;58;49;67m▀[0m[38;2;16;16;16m▄   
[38;2;84;56;122m▄[38;2;84;56;122m[48;2;218;172;228m▀[0m[38;2;218;172;228m[48;2;218;172;228m▀[0m[38;2;218;172;228m[48;2;157;117;186m▀[0m[38;2;157;117;186m[48;2;218;172;228m▀[0m[38;2;218;172;228m[48;2;218;172;228m▀[0m[38;2;218;172;228m[48;2;218;172;228m▀[0m[38;2;84;56;122m[48;2;16;16;16m▀[0m     [38;2;105;72;49m▀[38;2;245;209;110m[48;2;105;72;49m▀[0m[38;2;245;209;110m[48;2;105;72;49m▀[0m[38;2;245;209;110m[48;2;105;72;49m▀[0m[38;2;245;209;110m[48;2;105;72;49m▀[0m[38;2;245;209;110m[48;2;105;72;49m▀[0m[38;2;245;209;110m[48;2;105;72;49m▀[0m[38;2;33;26;41m[48;2;58;49;67m▀[0m[38;2;33;26;41m[48;2;105;72;49m▀[0m[38;2;33;26;41m[48;2;105;72;49m▀[0m[38;2;58;49;67m[48;2;33;26;41m▀[0m[38;2;58;49;67m[48;2;33;26;41m▀[0m[38;2;58;49;67m[48;2;33;26;41m▀[0m[38;2;58;49;67m[48;2;58;49;67m▀[0m[38;2;58;49;67m[48;2;184;143;86m▀[0m[38;2;184;143;86m[48;2;245;209;110m▀[0m[38;2;245;209;110m[48;2;245;209;110m▀[0m[38;2;245;209;110m[48;2;245;209;110m▀[0m[38;2;245;209;110m[48;2;245;209;110m▀[0m[38;2;245;209;110m[48;2;245;209;110m▀[0m[38;2;245;209;110m[48;2;245;209;110m▀[0m[38;2;245;209;110m[48;2;245;209;110m▀[0m[38;2;245;209;110m[48;2;245;209;110m▀[0m[38;2;245;209;110m[48;2;33;26;41m▀[0m[38;2;245;209;110m[48;2;16;16;16m▀[0m[38;2;16;16;16m[48;2;105;72;49m▀[0m[38;2;105;72;49m[48;2;245;209;110m▀[0m[38;2;245;209;110m[48;2;105;72;49m▀[0m[38;2;245;209;110m[48;2;245;209;110m▀[0m[38;2;245;209;110m[48;2;245;209;110m▀[0m[38;2;105;72;49m[48;2;184;143;86m▀[0m[38;2;245;209;110m[48;2;184;143;86m▀[0m[38;2;184;143;86m[48;2;184;143;86m▀[0m[38;2;184;143;86m[48;2;58;49;67m▀[0m[38;2;184;143;86m[48;2;58;49;67m▀[0m[38;2;58;49;67m[48;2;138;125;142m▀[0m[38;2;58;49;67m[48;2;138;125;142m▀[0m[38;2;58;49;67m[48;2;138;125;142m▀[0m[38;2;58;49;67m[48;2;138;125;142m▀[0m[38;2;58;49;67m[48;2;138;125;142m▀[0m[38;2;16;16;16m[48;2;58;49;67m▀[0m[38;2;16;16;16m[48;2;33;26;41m▀[0m[38;2;16;16;16m[48;2;58;49;67m▀[0m[38;2;16;16;16m[48;2;58;49;67m▀[0m[38;2;16;16;16m[48;2;58;49;67m▀[0m[38;2;16;16;16m[48;2;58;49;67m▀[0m[38;2;16;16;16m[48;2;58;49;67m▀[0m[38;2;58;49;67m[48;2;58;49;67m▀[0m[38;2;58;49;67m[48;2;58;49;67m▀[0m[38;2;33;26;41m[48;2;33;26;41m▀[0m[38;2;100;87;104m[48;2;100;87;104m▀[0m[38;2;100;87;104m[48;2;100;87;104m▀[0m[38;2;100;87;104m[48;2;100;87;104m▀[0m[38;2;58;49;67m[48;2;58;49;67m▀[0m[38;2;100;87;104m[48;2;100;87;104m▀[0m[38;2;100;87;104m[48;2;100;87;104m▀[0m[38;2;58;49;67m[48;2;58;49;67m▀[0m[38;2;58;49;67m[48;2;58;49;67m▀[0m[38;2;58;49;67m[48;2;58;49;67m▀[0m[38;2;16;16;16m[48;2;16;16;16m▀[0m  
[38;2;84;56;122m[48;2;84;56;122m▀[0m[38;2;218;172;228m[48;2;218;172;228m▀[0m[38;2;218;172;228m[48;2;218;172;228m▀[0m[38;2;157;117;186m[48;2;157;117;186m▀[0m[38;2;218;172;228m[48;2;218;172;228m▀[0m[38;2;218;172;228m[48;2;218;172;228m▀[0m[38;2;84;56;122m[48;2;16;16;16m▀[0m      [38;2;184;143;86m▄[38;2;105;72;49m[48;2;184;143;86m▀[0m[38;2;184;143;86m[48;2;245;209;110m▀[0m[38;2;184;143;86m[48;2;245;209;110m▀[0m[38;2;184;143;86m[48;2;184;143;86m▀[0m[38;2;184;143;86m[48;2;105;72;49m▀[0m[38;2;105;72;49m[48;2;245;209;110m▀[0m[38;2;105;72;49m[48;2;245;209;110m▀[0m[38;2;245;209;110m[48;2;245;209;110m▀[0m[38;2;245;209;110m[48;2;245;209;110m▀[0m[38;2;245;209;110m[48;2;245;209;110m▀[0m[38;2;184;143;86m[48;2;245;209;110m▀[0m[38;2;184;143;86m[48;2;105;72;49m▀[0m[38;2;33;26;41m[48;2;184;143;86m▀[0m[38;2;184;143;86m[48;2;105;72;49m▀[0m[38;2;245;209;110m[48;2;245;209;110m▀[0m[38;2;245;209;110m[48;2;245;209;110m▀[0m[38;2;245;209;110m[48;2;245;209;110m▀[0m[38;2;245;209;110m[48;2;245;209;110m▀[0m[38;2;245;209;110m[48;2;245;209;110m▀[0m[38;2;245;209;110m[48;2;33;26;41m▀[0m[38;2;33;26;41m[48;2;105;72;49m▀[0m[38;2;16;16;16m[48;2;58;49;67m▀[0m[38;2;58;49;67m[48;2;33;26;41m▀[0m[38;2;33;26;41m[48;2;245;209;110m▀[0m[38;2;245;209;110m[48;2;245;209;110m▀[0m[38;2;245;209;110m[48;2;245;209;110m▀[0m[38;2;245;209;110m[48;2;245;209;110m▀[0m[38;2;105;72;49m[48;2;184;143;86m▀[0m[38;2;184;143;86m[48;2;184;143;86m▀[0m[38;2;184;143;86m[48;2;58;49;67m▀[0m[38;2;58;49;67m[48;2;138;125;142m▀[0m[38;2;58;49;67m[48;2;138;125;142m▀[0m[38;2;138;125;142m[48;2;138;125;142m▀[0m[38;2;138;125;142m[48;2;138;125;142m▀[0m[38;2;138;125;142m[48;2;138;125;142m▀[0m[38;2;138;125;142m[48;2;138;125;142m▀[0m[38;2;138;125;142m[48;2;138;125;142m▀[0m[38;2;138;125;142m[48;2;138;125;142m▀[0m[38;2;138;125;142m[48;2;58;49;67m▀[0m[38;2;138;125;142m[48;2;58;49;67m▀[0m[38;2;100;87;104m[48;2;100;87;104m▀[0m[38;2;33;26;41m[48;2;100;87;104m▀[0m[38;2;58;49;67m[48;2;33;26;41m▀[0m[38;2;58;49;67m[48;2;58;49;67m▀[0m[38;2;58;49;67m[48;2;58;49;67m▀[0m[38;2;58;49;67m[48;2;58;49;67m▀[0m[38;2;58;49;67m[48;2;58;49;67m▀[0m[38;2;33;26;41m[48;2;33;26;41m▀[0m[38;2;100;87;104m[48;2;100;87;104m▀[0m[38;2;100;87;104m[48;2;100;87;104m▀[0m[38;2;100;87;104m[48;2;100;87;104m▀[0m[38;2;58;49;67m[48;2;58;49;67m▀[0m[38;2;100;87;104m[48;2;100;87;104m▀[0m[38;2;100;87;104m[48;2;100;87;104m▀[0m[38;2;100;87;104m[48;2;100;87;104m▀[0m[38;2;100;87;104m[48;2;100;87;104m▀[0m[38;2;58;49;67m[48;2;58;49;67m▀[0m[38;2;58;49;67m[48;2;58;49;67m▀[0m[38;2;16;16;16m[48;2;58;49;67m▀[0m[38;2;16;16;16m▄ 
[38;2;84;56;122m▀[38;2;218;172;228m[48;2;84;56;122m▀[0m[38;2;218;172;228m[48;2;218;172;228m▀[0m[38;2;218;172;228m[48;2;218;172;228m▀[0m[38;2;218;172;228m[48;2;218;172;228m▀[0m[38;2;218;172;228m[48;2;16;16;16m▀[0m[38;2;16;16;16m▀     [38;2;184;143;86m▄[38;2;184;143;86m[48;2;245;209;110m▀[0m[38;2;245;209;110m[48;2;245;209;110m▀[0m[38;2;245;209;110m[48;2;245;209;110m▀[0m[38;2;245;209;110m[48;2;245;209;110m▀[0m[38;2;184;143;86m[48;2;105;72;49m▀[0m[38;2;105;72;49m[48;2;245;209;110m▀[0m[38;2;245;209;110m[48;2;245;209;110m▀[0m[38;2;245;209;110m[48;2;33;26;41m▀[0m[38;2;33;26;41m[48;2;58;49;67m▀[0m[38;2;105;72;49m[48;2;237;142;178m▀[0m[38;2;105;72;49m[48;2;237;142;178m▀[0m[38;2;245;209;110m[48;2;105;72;49m▀[0m[38;2;245;209;110m[48;2;245;209;110m▀[0m[38;2;105;72;49m[48;2;105;72;49m▀[0m[38;2;184;143;86m[48;2;184;143;86m▀[0m[38;2;105;72;49m[48;2;105;72;49m▀[0m[38;2;245;209;110m[48;2;245;209;110m▀[0m[38;2;245;209;110m[48;2;245;209;110m▀[0m[38;2;245;209;110m[48;2;245;209;110m▀[0m[38;2;33;26;41m[48;2;33;26;41m▀[0m[38;2;105;72;49m[48;2;105;72;49m▀[0m[38;2;245;209;110m[48;2;184;143;86m▀[0m[38;2;105;72;49m[48;2;245;209;110m▀[0m[38;2;245;209;110m[48;2;105;72;49m▀[0m[38;2;245;209;110m[48;2;245;209;110m▀[0m[38;2;245;209;110m[48;2;245;209;110m▀[0m[38;2;245;209;110m[48;2;184;143;86m▀[0m[38;2;184;143;86m[48;2;184;143;86m▀[0m[38;2;184;143;86m[48;2;184;143;86m▀[0m[38;2;58;49;67m[48;2;33;26;41m▀[0m[38;2;138;125;142m[48;2;138;125;142m▀[0m[38;2;138;125;142m[48;2;138;125;142m▀[0m[38;2;138;125;142m[48;2;138;125;142m▀[0m[38;2;138;125;142m[48;2;138;125;142m▀[0m[38;2;138;125;142m[48;2;138;125;142m▀[0m[38;2;138;125;142m[48;2;138;125;142m▀[0m[38;2;138;125;142m[48;2;58;49;67m▀[0m[38;2;138;125;142m[48;2;100;87;104m▀[0m[38;2;58;49;67m[48;2;100;87;104m▀[0m[38;2;100;87;104m[48;2;100;87;104m▀[0m[38;2;100;87;104m[48;2;100;87;104m▀[0m[38;2;58;49;67m[48;2;58;49;67m▀[0m[38;2;100;87;104m[48;2;100;87;104m▀[0m[38;2;100;87;104m[48;2;100;87;104m▀[0m[38;2;33;26;41m[48;2;33;26;41m▀[0m[38;2;58;49;67m[48;2;58;49;67m▀[0m[38;2;58;49;67m[48;2;58;49;67m▀[0m[38;2;33;26;41m[48;2;33;26;41m▀[0m[38;2;58;49;67m[48;2;58;49;67m▀[0m[38;2;33;26;41m[48;2;58;49;67m▀[0m[38;2;100;87;104m[48;2;33;26;41m▀[0m[38;2;100;87;104m[48;2;58;49;67m▀[0m[38;2;58;49;67m[48;2;100;87;104m▀[0m[38;2;100;87;104m[48;2;100;87;104m▀[0m[38;2;100;87;104m[48;2;100;87;104m▀[0m[38;2;100;87;104m[48;2;100;87;104m▀[0m[38;2;100;87;104m[48;2;58;49;67m▀[0m[38;2;33;26;41m[48;2;100;87;104m▀[0m[38;2;33;26;41m[48;2;100;87;104m▀[0m[38;2;58;49;67m[48;2;33;26;41m▀[0m[38;2;16;16;16m[48;2;16;16;16m▀[0m 
  [38;2;16;16;16m▀[38;2;16;16;16m▀[38;2;16;16;16m▀       [38;2;184;143;86m[48;2;105;72;49m▀[0m[38;2;245;209;110m[48;2;245;209;110m▀[0m[38;2;245;209;110m[48;2;245;209;110m▀[0m[38;2;245;209;110m[48;2;245;209;110m▀[0m[38;2;245;209;110m[48;2;245;209;110m▀[0m[38;2;105;72;49m[48;2;105;72;49m▀[0m[38;2;245;209;110m[48;2;245;209;110m▀[0m[38;2;33;26;41m[48;2;33;26;41m▀[0m[38;2;58;49;67m[48;2;58;49;67m▀[0m[38;2;237;142;178m[48;2;237;142;178m▀[0m[38;2;237;142;178m[48;2;237;142;178m▀[0m[38;2;237;142;178m[48;2;237;142;178m▀[0m[38;2;237;142;178m[48;2;237;142;178m▀[0m[38;2;105;72;49m[48;2;105;72;49m▀[0m[38;2;245;209;110m[48;2;245;209;110m▀[0m[38;2;105;72;49m[48;2;105;72;49m▀[0m[38;2;184;143;86m[48;2;184;143;86m▀[0m[38;2;105;72;49m[48;2;105;72;49m▀[0m[38;2;245;209;110m[48;2;245;209;110m▀[0m[38;2;245;209;110m[48;2;33;26;41m▀[0m[38;2;105;72;49m[48;2;105;72;49m▀[0m[38;2;245;209;110m[48;2;245;209;110m▀[0m[38;2;184;143;86m[48;2;184;143;86m▀[0m[38;2;245;209;110m[48;2;245;209;110m▀[0m[38;2;105;72;49m[48;2;245;209;110m▀[0m[38;2;245;209;110m[48;2;105;72;49m▀[0m[38;2;184;143;86m[48;2;184;143;86m▀[0m[38;2;184;143;86m[48;2;184;143;86m▀[0m[38;2;184;143;86m[48;2;33;26;41m▀[0m[38;2;58;49;67m[48;2;33;26;41m▀[0m[38;2;100;87;104m[48;2;100;87;104m▀[0m[38;2;100;87;104m[48;2;100;87;104m▀[0m[38;2;138;125;142m[48;2;100;87;104m▀[0m[38;2;138;125;142m[48;2;100;87;104m▀[0m[38;2;58;49;67m[48;2;100;87;104m▀[0m[38;2;58;49;67m[48;2;100;87;104m▀[0m[38;2;100;87;104m[48;2;100;87;104m▀[0m[38;2;100;87;104m[48;2;100;87;104m▀[0m[38;2;100;87;104m[48;2;100;87;104m▀[0m[38;2;100;87;104m[48;2;100;87;104m▀[0m[38;2;100;87;104m[48;2;100;87;104m▀[0m[38;2;100;87;104m[48;2;58;49;67m▀[0m[38;2;58;49;67m[48;2;100;87;104m▀[0m[38;2;100;87;104m[48;2;100;87;104m▀[0m[38;2;100;87;104m[48;2;58;49;67m▀[0m[38;2;58;49;67m[48;2;58;49;67m▀[0m[38;2;33;26;41m[48;2;33;26;41m▀[0m[38;2;58;49;67m[48;2;16;16;16m▀[0m[38;2;33;26;41m[48;2;33;26;41m▀[0m[38;2;58;49;67m[48;2;58;49;67m▀[0m[38;2;58;49;67m[48;2;58;49;67m▀[0m[38;2;58;49;67m[48;2;58;49;67m▀[0m[38;2;33;26;41m[48;2;33;26;41m▀[0m[38;2;100;87;104m[48;2;100;87;104m▀[0m[38;2;100;87;104m[48;2;58;49;67m▀[0m[38;2;100;87;104m[48;2;58;49;67m▀[0m[38;2;58;49;67m[48;2;58;49;67m▀[0m[38;2;58;49;67m[48;2;100;87;104m▀[0m[38;2;100;87;104m[48;2;100;87;104m▀[0m[38;2;100;87;104m[48;2;100;87;104m▀[0m[38;2;100;87;104m[48;2;100;87;104m▀[0m[38;2;33;26;41m[48;2;33;26;41m▀[0m 
             [38;2;105;72;49m▀[38;2;245;209;110m[48;2;105;72;49m▀[0m[38;2;245;209;110m[48;2;245;209;110m▀[0m[38;2;245;209;110m[48;2;245;209;110m▀[0m[38;2;105;72;49m[48;2;105;72;49m▀[0m[38;2;245;209;110m[48;2;245;209;110m▀[0m[38;2;33;26;41m[48;2;33;26;41m▀[0m[38;2;100;87;104m[48;2;100;87;104m▀[0m[38;2;237;142;178m[48;2;237;142;178m▀[0m[38;2;16;16;16m[48;2;16;16;16m▀[0m[38;2;237;142;178m[48;2;237;142;178m▀[0m[38;2;237;142;178m[48;2;237;142;178m▀[0m[38;2;105;72;49m[48;2;105;72;49m▀[0m[38;2;245;209;110m[48;2;245;209;110m▀[0m[38;2;105;72;49m[48;2;184;143;86m▀[0m[38;2;184;143;86m[48;2;184;143;86m▀[0m[38;2;105;72;49m[48;2;33;26;41m▀[0m[38;2;184;143;86m[48;2;184;143;86m▀[0m[38;2;105;72;49m[48;2;105;72;49m▀[0m[38;2;245;209;110m[48;2;245;209;110m▀[0m[38;2;184;143;86m[48;2;184;143;86m▀[0m[38;2;245;209;110m[48;2;245;209;110m▀[0m[38;2;245;209;110m[48;2;245;209;110m▀[0m[38;2;245;209;110m[48;2;245;209;110m▀[0m[38;2;105;72;49m[48;2;105;72;49m▀[0m[38;2;184;143;86m[48;2;105;72;49m▀[0m[38;2;33;26;41m[48;2;105;72;49m▀[0m[38;2;58;49;67m[48;2;105;72;49m▀[0m[38;2;33;26;41m[48;2;105;72;49m▀[0m[38;2;100;87;104m[48;2;105;72;49m▀[0m[38;2;100;87;104m[48;2;100;87;104m▀[0m[38;2;100;87;104m[48;2;100;87;104m▀[0m[38;2;100;87;104m[48;2;100;87;104m▀[0m[38;2;100;87;104m[48;2;100;87;104m▀[0m[38;2;100;87;104m[48;2;100;87;104m▀[0m[38;2;100;87;104m[48;2;100;87;104m▀[0m[38;2;100;87;104m[48;2;100;87;104m▀[0m[38;2;100;87;104m[48;2;100;87;104m▀[0m[38;2;100;87;104m[48;2;100;87;104m▀[0m[38;2;100;87;104m[48;2;100;87;104m▀[0m[38;2;58;49;67m[48;2;58;49;67m▀[0m[38;2;100;87;104m[48;2;58;49;67m▀[0m[38;2;58;49;67m[48;2;33;26;41m▀[0m[38;2;58;49;67m[48;2;58;49;67m▀[0m[38;2;58;49;67m[48;2;58;49;67m▀[0m[38;2;33;26;41m[48;2;58;49;67m▀[0m[38;2;16;16;16m▄[38;2;33;26;41m[48;2;33;26;41m▀[0m[38;2;58;49;67m[48;2;58;49;67m▀[0m[38;2;58;49;67m[48;2;58;49;67m▀[0m[38;2;58;49;67m[48;2;58;49;67m▀[0m[38;2;33;26;41m[48;2;33;26;41m▀[0m[38;2;100;87;104m[48;2;100;87;104m▀[0m[38;2;100;87;104m[48;2;100;87;104m▀[0m[38;2;100;87;104m[48;2;100;87;104m▀[0m[38;2;58;49;67m[48;2;33;26;41m▀[0m[38;2;100;87;104m[48;2;33;26;41m▀[0m[38;2;100;87;104m[48;2;33;26;41m▀[0m[38;2;100;87;104m[48;2;100;87;104m▀[0m[38;2;100;87;104m[48;2;100;87;104m▀[0m[38;2;100;87;104m[48;2;100;87;104m▀[0m[38;2;33;26;41m[48;2;33;26;41m▀[0m
            [38;2;58;49;67m▄[38;2;58;49;67m[48;2;100;87;104m▀[0m[38;2;33;26;41m[48;2;33;26;41m▀[0m[38;2;105;72;49m[48;2;245;209;110m▀[0m[38;2;245;209;110m[48;2;105;72;49m▀[0m[38;2;184;143;86m[48;2;184;143;86m▀[0m[38;2;105;72;49m[48;2;33;26;41m▀[0m[38;2;245;209;110m[48;2;245;209;110m▀[0m[38;2;33;26;41m[48;2;245;209;110m▀[0m[38;2;100;87;104m[48;2;105;72;49m▀[0m[38;2;237;142;178m[48;2;105;72;49m▀[0m[38;2;237;142;178m[48;2;105;72;49m▀[0m[38;2;105;72;49m[48;2;245;209;110m▀[0m[38;2;245;209;110m[48;2;245;209;110m▀[0m[38;2;245;209;110m[48;2;184;143;86m▀[0m[38;2;184;143;86m[48;2;184;143;86m▀[0m[38;2;105;72;49m[48;2;33;26;41m▀[0m[38;2;184;143;86m[48;2;184;143;86m▀[0m[38;2;184;143;86m[48;2;58;49;67m▀[0m[38;2;105;72;49m[48;2;105;72;49m▀[0m[38;2;245;209;110m[48;2;245;209;110m▀[0m[38;2;184;143;86m[48;2;184;143;86m▀[0m[38;2;245;209;110m[48;2;245;209;110m▀[0m[38;2;245;209;110m[48;2;245;209;110m▀[0m[38;2;245;209;110m[48;2;184;143;86m▀[0m[38;2;245;209;110m[48;2;245;209;110m▀[0m[38;2;245;209;110m[48;2;245;209;110m▀[0m[38;2;245;209;110m[48;2;245;209;110m▀[0m[38;2;245;209;110m[48;2;245;209;110m▀[0m[38;2;245;209;110m[48;2;245;209;110m▀[0m[38;2;245;209;110m[48;2;245;209;110m▀[0m[38;2;105;72;49m[48;2;245;209;110m▀[0m[38;2;105;72;49m[48;2;245;209;110m▀[0m[38;2;105;72;49m[48;2;245;209;110m▀[0m[38;2;105;72;49m[48;2;245;209;110m▀[0m[38;2;100;87;104m[48;2;105;72;49m▀[0m[38;2;100;87;104m[48;2;100;87;104m▀[0m[38;2;100;87;104m[48;2;100;87;104m▀[0m[38;2;100;87;104m[48;2;33;26;41m▀[0m[38;2;58;49;67m[48;2;33;26;41m▀[0m[38;2;58;49;67m[48;2;138;125;142m▀[0m[38;2;138;125;142m[48;2;138;125;142m▀[0m[38;2;138;125;142m[48;2;138;125;142m▀[0m[38;2;100;87;104m[48;2;100;87;104m▀[0m[38;2;33;26;41m[48;2;100;87;104m▀[0m[38;2;33;26;41m[48;2;100;87;104m▀[0m[38;2;58;49;67m[48;2;33;26;41m▀[0m[38;2;16;16;16m[48;2;16;16;16m▀[0m [38;2;33;26;41m[48;2;16;16;16m▀[0m[38;2;58;49;67m[48;2;58;49;67m▀[0m[38;2;58;49;67m[48;2;58;49;67m▀[0m[38;2;33;26;41m[48;2;58;49;67m▀[0m[38;2;100;87;104m[48;2;58;49;67m▀[0m[38;2;58;49;67m[48;2;58;49;67m▀[0m[38;2;58;49;67m[48;2;58;49;67m▀[0m[38;2;33;26;41m[48;2;58;49;67m▀[0m[38;2;58;49;67m[48;2;33;26;41m▀[0m[38;2;58;49;67m[48;2;33;26;41m▀[0m[38;2;33;26;41m[48;2;33;26;41m▀[0m[38;2;33;26;41m▀[38;2;33;26;41m▀ 
           [38;2;58;49;67m▄[38;2;58;49;67m[48;2;100;87;104m▀[0m[38;2;100;87;104m[48;2;100;87;104m▀[0m[38;2;33;26;41m[48;2;33;26;41m▀[0m[38;2;245;209;110m[48;2;245;209;110m▀[0m[38;2;105;72;49m[48;2;105;72;49m▀[0m[38;2;105;72;49m[48;2;184;143;86m▀[0m[38;2;184;143;86m[48;2;105;72;49m▀[0m[38;2;33;26;41m[48;2;184;143;86m▀[0m[38;2;245;209;110m[48;2;105;72;49m▀[0m[38;2;245;209;110m[48;2;245;209;110m▀[0m[38;2;245;209;110m[48;2;245;209;110m▀[0m[38;2;245;209;110m[48;2;100;87;104m▀[0m[38;2;245;209;110m[48;2;58;49;67m▀[0m[38;2;245;209;110m[48;2;58;49;67m▀[0m[38;2;245;209;110m[48;2;245;209;110m▀[0m[38;2;105;72;49m[48;2;245;209;110m▀[0m[38;2;184;143;86m[48;2;105;72;49m▀[0m[38;2;105;72;49m[48;2;33;26;41m▀[0m[38;2;58;49;67m[48;2;58;49;67m▀[0m[38;2;105;72;49m[48;2;33;26;41m▀[0m[38;2;245;209;110m[48;2;245;209;110m▀[0m[38;2;184;143;86m[48;2;184;143;86m▀[0m[38;2;245;209;110m[48;2;245;209;110m▀[0m[38;2;245;209;110m[48;2;245;209;110m▀[0m[38;2;184;143;86m[48;2;245;209;110m▀[0m[38;2;245;209;110m[48;2;245;209;110m▀[0m[38;2;245;209;110m[48;2;245;209;110m▀[0m[38;2;245;209;110m[48;2;245;209;110m▀[0m[38;2;245;209;110m[48;2;105;72;49m▀[0m[38;2;245;209;110m[48;2;105;72;49m▀[0m[38;2;245;209;110m[48;2;105;72;49m▀[0m[38;2;105;72;49m[48;2;184;143;86m▀[0m[38;2;105;72;49m[48;2;184;143;86m▀[0m[38;2;184;143;86m[48;2;16;16;16m▀[0m[38;2;16;16;16m[48;2;100;87;104m▀[0m[38;2;100;87;104m[48;2;100;87;104m▀[0m[38;2;100;87;104m[48;2;33;26;41m▀[0m[38;2;33;26;41m[48;2;58;49;67m▀[0m[38;2;58;49;67m[48;2;33;26;41m▀[0m[38;2;33;26;41m[48;2;58;49;67m▀[0m[38;2;138;125;142m[48;2;58;49;67m▀[0m[38;2;138;125;142m[48;2;138;125;142m▀[0m[38;2;138;125;142m[48;2;138;125;142m▀[0m[38;2;138;125;142m[48;2;138;125;142m▀[0m[38;2;100;87;104m[48;2;100;87;104m▀[0m[38;2;100;87;104m[48;2;100;87;104m▀[0m[38;2;100;87;104m[48;2;100;87;104m▀[0m[38;2;33;26;41m[48;2;100;87;104m▀[0m[38;2;33;26;41m▄ [38;2;33;26;41m[48;2;16;16;16m▀[0m[38;2;58;49;67m[48;2;58;49;67m▀[0m[38;2;58;49;67m[48;2;58;49;67m▀[0m[38;2;33;26;41m[48;2;33;26;41m▀[0m[38;2;58;49;67m[48;2;58;49;67m▀[0m[38;2;58;49;67m[48;2;58;49;67m▀[0m[38;2;58;49;67m[48;2;58;49;67m▀[0m[38;2;58;49;67m[48;2;16;16;16m▀[0m[38;2;16;16;16m▀    
           [38;2;58;49;67m[48;2;58;49;67m▀[0m[38;2;100;87;104m[48;2;100;87;104m▀[0m[38;2;100;87;104m[48;2;33;26;41m▀[0m[38;2;33;26;41m[48;2;245;209;110m▀[0m[38;2;245;209;110m[48;2;105;72;49m▀[0m[38;2;105;72;49m[48;2;105;72;49m▀[0m[38;2;184;143;86m[48;2;184;143;86m▀[0m[38;2;184;143;86m[48;2;184;143;86m▀[0m[38;2;105;72;49m[48;2;105;72;49m▀[0m[38;2;105;72;49m[48;2;245;209;110m▀[0m[38;2;245;209;110m[48;2;245;209;110m▀[0m[38;2;100;87;104m[48;2;58;49;67m▀[0m[38;2;58;49;67m[48;2;58;49;67m▀[0m[38;2;58;49;67m[48;2;58;49;67m▀[0m[38;2;58;49;67m[48;2;58;49;67m▀[0m[38;2;58;49;67m[48;2;100;87;104m▀[0m[38;2;245;209;110m[48;2;245;209;110m▀[0m[38;2;105;72;49m[48;2;105;72;49m▀[0m[38;2;184;143;86m[48;2;184;143;86m▀[0m[38;2;16;16;16m[48;2;16;16;16m▀[0m[38;2;33;26;41m[48;2;33;26;41m▀[0m[38;2;245;209;110m[48;2;245;209;110m▀[0m[38;2;184;143;86m[48;2;245;209;110m▀[0m[38;2;245;209;110m[48;2;105;72;49m▀[0m[38;2;245;209;110m[48;2;245;209;110m▀[0m[38;2;245;209;110m[48;2;184;143;86m▀[0m[38;2;105;72;49m[48;2;184;143;86m▀[0m[38;2;105;72;49m[48;2;184;143;86m▀[0m[38;2;105;72;49m[48;2;184;143;86m▀[0m[38;2;184;143;86m[48;2;184;143;86m▀[0m[38;2;184;143;86m[48;2;16;16;16m▀[0m[38;2;184;143;86m[48;2;16;16;16m▀[0m[38;2;16;16;16m[48;2;100;87;104m▀[0m[38;2;16;16;16m[48;2;100;87;104m▀[0m[38;2;100;87;104m[48;2;100;87;104m▀[0m[38;2;100;87;104m[48;2;100;87;104m▀[0m[38;2;100;87;104m[48;2;33;26;41m▀[0m[38;2;33;26;41m[48;2;58;49;67m▀[0m[38;2;58;49;67m[48;2;58;49;67m▀[0m[38;2;33;26;41m[48;2;33;26;41m▀[0m[38;2;100;87;104m[48;2;100;87;104m▀[0m[38;2;100;87;104m[48;2;100;87;104m▀[0m[38;2;58;49;67m[48;2;100;87;104m▀[0m[38;2;58;49;67m[48;2;100;87;104m▀[0m[38;2;58;49;67m[48;2;100;87;104m▀[0m[38;2;58;49;67m[48;2;100;87;104m▀[0m[38;2;100;87;104m[48;2;58;49;67m▀[0m[38;2;100;87;104m[48;2;58;49;67m▀[0m[38;2;100;87;104m[48;2;33;26;41m▀[0m[38;2;33;26;41m▀  [38;2;16;16;16m▀[38;2;58;49;67m[48;2;16;16;16m▀[0m[38;2;58;49;67m[48;2;16;16;16m▀[0m[38;2;58;49;67m[48;2;16;16;16m▀[0m[38;2;16;16;16m▀[38;2;16;16;16m▀      
           [38;2;58;49;67m[48;2;105;72;49m▀[0m[38;2;33;26;41m[48;2;245;209;110m▀[0m[38;2;245;209;110m[48;2;245;209;110m▀[0m[38;2;245;209;110m[48;2;245;209;110m▀[0m[38;2;105;72;49m[48;2;105;72;49m▀[0m[38;2;245;209;110m[48;2;245;209;110m▀[0m[38;2;105;72;49m[48;2;105;72;49m▀[0m[38;2;184;143;86m[48;2;184;143;86m▀[0m[38;2;105;72;49m[48;2;184;143;86m▀[0m[38;2;245;209;110m[48;2;105;72;49m▀[0m[38;2;245;209;110m[48;2;245;209;110m▀[0m[38;2;58;49;67m[48;2;245;209;110m▀[0m[38;2;100;87;104m[48;2;245;209;110m▀[0m[38;2;245;209;110m[48;2;245;209;110m▀[0m[38;2;245;209;110m[48;2;245;209;110m▀[0m[38;2;245;209;110m[48;2;245;209;110m▀[0m[38;2;245;209;110m[48;2;184;143;86m▀[0m[38;2;184;143;86m[48;2;184;143;86m▀[0m[38;2;184;143;86m[48;2;16;16;16m▀[0m[38;2;16;16;16m[48;2;58;49;67m▀[0m[38;2;58;49;67m[48;2;58;49;67m▀[0m[38;2;33;26;41m[48;2;33;26;41m▀[0m[38;2;245;209;110m[48;2;245;209;110m▀[0m[38;2;105;72;49m[48;2;105;72;49m▀[0m[38;2;184;143;86m[48;2;184;143;86m▀[0m[38;2;184;143;86m[48;2;184;143;86m▀[0m[38;2;184;143;86m[48;2;105;72;49m▀[0m[38;2;184;143;86m[48;2;16;16;16m▀[0m[38;2;16;16;16m[48;2;58;49;67m▀[0m[38;2;16;16;16m[48;2;33;26;41m▀[0m[38;2;58;49;67m[48;2;58;49;67m▀[0m[38;2;33;26;41m[48;2;33;26;41m▀[0m[38;2;100;87;104m[48;2;100;87;104m▀[0m[38;2;100;87;104m[48;2;100;87;104m▀[0m[38;2;100;87;104m[48;2;100;87;104m▀[0m[38;2;100;87;104m[48;2;33;26;41m▀[0m[38;2;33;26;41m[48;2;58;49;67m▀[0m[38;2;58;49;67m[48;2;58;49;67m▀[0m[38;2;58;49;67m[48;2;58;49;67m▀[0m[38;2;58;49;67m[48;2;58;49;67m▀[0m[38;2;33;26;41m[48;2;58;49;67m▀[0m[38;2;100;87;104m[48;2;33;26;41m▀[0m[38;2;100;87;104m[48;2;33;26;41m▀[0m[38;2;100;87;104m[48;2;33;26;41m▀[0m[38;2;100;87;104m[48;2;33;26;41m▀[0m[38;2;33;26;41m[48;2;58;49;67m▀[0m[38;2;33;26;41m[48;2;58;49;67m▀[0m[38;2;33;26;41m[48;2;16;16;16m▀[0m                
         [38;2;105;72;49m▄[38;2;105;72;49m[48;2;245;209;110m▀[0m[38;2;245;209;110m[48;2;245;209;110m▀[0m[38;2;245;209;110m[48;2;245;209;110m▀[0m[38;2;245;209;110m[48;2;105;72;49m▀[0m[38;2;245;209;110m[48;2;105;72;49m▀[0m[38;2;105;72;49m[48;2;184;143;86m▀[0m[38;2;105;72;49m[48;2;105;72;49m▀[0m[38;2;105;72;49m[48;2;245;209;110m▀[0m[38;2;184;143;86m[48;2;105;72;49m▀[0m[38;2;184;143;86m[48;2;184;143;86m▀[0m[38;2;184;143;86m[48;2;184;143;86m▀[0m[38;2;105;72;49m[48;2;184;143;86m▀[0m[38;2;105;72;49m[48;2;33;26;41m▀[0m[38;2;184;143;86m[48;2;245;209;110m▀[0m[38;2;245;209;110m[48;2;245;209;110m▀[0m[38;2;245;209;110m[48;2;245;209;110m▀[0m[38;2;245;209;110m[48;2;245;209;110m▀[0m[38;2;245;209;110m[48;2;33;26;41m▀[0m[38;2;105;72;49m[48;2;16;16;16m▀[0m[38;2;16;16;16m[48;2;58;49;67m▀[0m[38;2;58;49;67m[48;2;58;49;67m▀[0m[38;2;58;49;67m[48;2;58;49;67m▀[0m[38;2;33;26;41m[48;2;58;49;67m▀[0m[38;2;245;209;110m[48;2;33;26;41m▀[0m[38;2;184;143;86m[48;2;184;143;86m▀[0m[38;2;105;72;49m[48;2;105;72;49m▀[0m[38;2;184;143;86m[48;2;184;143;86m▀[0m[38;2;184;143;86m[48;2;184;143;86m▀[0m[38;2;16;16;16m[48;2;16;16;16m▀[0m[38;2;58;49;67m[48;2;16;16;16m▀[0m[38;2;33;26;41m[48;2;16;16;16m▀[0m[38;2;58;49;67m[48;2;33;26;41m▀[0m[38;2;58;49;67m[48;2;58;49;67m▀[0m[38;2;33;26;41m[48;2;33;26;41m▀[0m[38;2;100;87;104m[48;2;33;26;41m▀[0m[38;2;100;87;104m[48;2;33;26;41m▀[0m[38;2;33;26;41m[48;2;58;49;67m▀[0m[38;2;58;49;67m[48;2;58;49;67m▀[0m[38;2;58;49;67m[48;2;58;49;67m▀[0m[38;2;58;49;67m[48;2;58;49;67m▀[0m[38;2;58;49;67m[48;2;58;49;67m▀[0m[38;2;58;49;67m[48;2;58;49;67m▀[0m[38;2;58;49;67m[48;2;58;49;67m▀[0m[38;2;33;26;41m[48;2;58;49;67m▀[0m[38;2;58;49;67m[48;2;33;26;41m▀[0m[38;2;58;49;67m[48;2;58;49;67m▀[0m[38;2;58;49;67m[48;2;58;49;67m▀[0m[38;2;16;16;16m[48;2;16;16;16m▀[0m                 
       [38;2;105;72;49m▄[38;2;105;72;49m[48;2;245;209;110m▀[0m[38;2;245;209;110m[48;2;105;72;49m▀[0m[38;2;245;209;110m[48;2;105;72;49m▀[0m[38;2;105;72;49m[48;2;184;143;86m▀[0m[38;2;105;72;49m[48;2;184;143;86m▀[0m[38;2;184;143;86m[48;2;184;143;86m▀[0m[38;2;184;143;86m[48;2;16;16;16m▀[0m[38;2;184;143;86m[48;2;16;16;16m▀[0m[38;2;184;143;86m[48;2;16;16;16m▀[0m[38;2;33;26;41m[48;2;33;26;41m▀[0m[38;2;105;72;49m[48;2;184;143;86m▀[0m[38;2;184;143;86m[48;2;105;72;49m▀[0m[38;2;184;143;86m[48;2;184;143;86m▀[0m[38;2;184;143;86m[48;2;184;143;86m▀[0m[38;2;16;16;16m[48;2;16;16;16m▀[0m[38;2;33;26;41m[48;2;58;49;67m▀[0m[38;2;33;26;41m[48;2;58;49;67m▀[0m[38;2;33;26;41m[48;2;58;49;67m▀[0m[38;2;33;26;41m[48;2;33;26;41m▀[0m[38;2;58;49;67m[48;2;33;26;41m▀[0m[38;2;58;49;67m[48;2;58;49;67m▀[0m[38;2;58;49;67m[48;2;58;49;67m▀[0m[38;2;58;49;67m[48;2;58;49;67m▀[0m[38;2;58;49;67m[48;2;58;49;67m▀[0m[38;2;58;49;67m[48;2;16;16;16m▀[0m[38;2;33;26;41m[48;2;16;16;16m▀[0m[38;2;184;143;86m[48;2;33;26;41m▀[0m[38;2;105;72;49m[48;2;184;143;86m▀[0m[38;2;184;143;86m[48;2;105;72;49m▀[0m[38;2;184;143;86m[48;2;184;143;86m▀[0m[38;2;16;16;16m[48;2;16;16;16m▀[0m  [38;2;33;26;41m▀[38;2;58;49;67m[48;2;33;26;41m▀[0m[38;2;58;49;67m[48;2;58;49;67m▀[0m[38;2;33;26;41m[48;2;33;26;41m▀[0m[38;2;58;49;67m[48;2;58;49;67m▀[0m[38;2;58;49;67m[48;2;58;49;67m▀[0m[38;2;58;49;67m[48;2;58;49;67m▀[0m[38;2;58;49;67m[48;2;58;49;67m▀[0m[38;2;58;49;67m[48;2;58;49;67m▀[0m[38;2;58;49;67m[48;2;58;49;67m▀[0m[38;2;58;49;67m[48;2;58;49;67m▀[0m[38;2;58;49;67m[48;2;58;49;67m▀[0m[38;2;58;49;67m[48;2;33;26;41m▀[0m[38;2;33;26;41m[48;2;58;49;67m▀[0m[38;2;58;49;67m[48;2;16;16;16m▀[0m[38;2;16;16;16m▀                  
        [38;2;16;16;16m▀[38;2;16;16;16m▀[38;2;16;16;16m[48;2;33;26;41m▀[0m[38;2;16;16;16m[48;2;58;49;67m▀[0m[38;2;16;16;16m[48;2;58;49;67m▀[0m[38;2;16;16;16m[48;2;33;26;41m▀[0m[38;2;100;87;104m[48;2;100;87;104m▀[0m[38;2;100;87;104m[48;2;100;87;104m▀[0m[38;2;33;26;41m[48;2;100;87;104m▀[0m[38;2;58;49;67m[48;2;33;26;41m▀[0m[38;2;33;26;41m[48;2;33;26;41m▀[0m[38;2;105;72;49m[48;2;184;143;86m▀[0m[38;2;184;143;86m[48;2;105;72;49m▀[0m[38;2;184;143;86m[48;2;184;143;86m▀[0m[38;2;16;16;16m[48;2;16;16;16m▀[0m[38;2;58;49;67m[48;2;58;49;67m▀[0m[38;2;58;49;67m[48;2;58;49;67m▀[0m[38;2;58;49;67m[48;2;58;49;67m▀[0m[38;2;58;49;67m[48;2;58;49;67m▀[0m[38;2;33;26;41m[48;2;16;16;16m▀[0m[38;2;16;16;16m▀[38;2;16;16;16m▀[38;2;16;16;16m▀[38;2;16;16;16m▀  [38;2;33;26;41m▀[38;2;184;143;86m[48;2;33;26;41m▀[0m[38;2;105;72;49m[48;2;184;143;86m▀[0m[38;2;16;16;16m[48;2;16;16;16m▀[0m     [38;2;16;16;16m▀[38;2;58;49;67m[48;2;16;16;16m▀[0m[38;2;33;26;41m[48;2;16;16;16m▀[0m[38;2;58;49;67m[48;2;58;49;67m▀[0m[38;2;58;49;67m[48;2;58;49;67m▀[0m[38;2;58;49;67m[48;2;58;49;67m▀[0m[38;2;58;49;67m[48;2;58;49;67m▀[0m[38;2;58;49;67m[48;2;58;49;67m▀[0m[38;2;58;49;67m[48;2;16;16;16m▀[0m[38;2;33;26;41m[48;2;16;16;16m▀[0m[38;2;16;16;16m▀[38;2;16;16;16m▀                    
          [38;2;33;26;41m▀[38;2;58;49;67m[48;2;16;16;16m▀[0m[38;2;58;49;67m[48;2;16;16;16m▀[0m[38;2;58;49;67m[48;2;16;16;16m▀[0m[38;2;33;26;41m[48;2;16;16;16m▀[0m[38;2;100;87;104m[48;2;33;26;41m▀[0m[38;2;100;87;104m[48;2;100;87;104m▀[0m[38;2;33;26;41m[48;2;58;49;67m▀[0m[38;2;58;49;67m[48;2;33;26;41m▀[0m[38;2;33;26;41m[48;2;58;49;67m▀[0m[38;2;184;143;86m[48;2;16;16;16m▀[0m[38;2;184;143;86m[48;2;184;143;86m▀[0m[38;2;16;16;16m[48;2;16;16;16m▀[0m[38;2;58;49;67m[48;2;58;49;67m▀[0m[38;2;58;49;67m[48;2;58;49;67m▀[0m[38;2;58;49;67m[48;2;58;49;67m▀[0m[38;2;33;26;41m[48;2;16;16;16m▀[0m         [38;2;33;26;41m▀         [38;2;16;16;16m▀[38;2;16;16;16m▀[38;2;16;16;16m▀[38;2;16;16;16m▀[38;2;16;16;16m▀                        
                [38;2;33;26;41m▀[38;2;58;49;67m[48;2;33;26;41m▀[0m[38;2;58;49;67m[48;2;33;26;41m▀[0m[38;2;58;49;67m[48;2;58;49;67m▀[0m[38;2;58;49;67m[48;2;58;49;67m▀[0m[38;2;16;16;16m[48;2;58;49;67m▀[0m[38;2;58;49;67m[48;2;58;49;67m▀[0m[38;2;58;49;67m[48;2;33;26;41m▀[0m[38;2;58;49;67m[48;2;16;16;16m▀[0m[38;2;16;16;16m▀                                                 
                   [38;2;33;26;41m▀[38;2;33;26;41m▀[38;2;16;16;16m▀[38;2;16;16;16m▀                                                    
[0m