         [38;2;171;115;245m[48;2;176;205;249m▀[0m[38;2;171;115;245m▄                                                     
  [38;2;171;115;245m[48;2;171;115;245m▀[0m[38;2;171;115;245m[48;2;176;205;249m▀[0m[38;2;171;115;245m▄    [38;2;176;205;249m[48;2;176;205;249m▀[0m[38;2;171;115;245m[48;2;176;205;249m▀[0m[38;2;171;115;245m▄                                                    
   [38;2;176;205;249m[48;2;176;205;249m▀[0m[38;2;171;115;245m[48;2;176;205;249m▀[0m[38;2;171;115;245m▄   [38;2;171;115;245m[48;2;171;115;245m▀[0m[38;2;176;205;249m[48;2;176;205;249m▀[0m[38;2;176;205;249m[48;2;176;205;249m▀[0m[38;2;171;115;245m[48;2;171;115;245m▀[0m                                                   
   [38;2;176;205;249m[48;2;171;115;245m▀[0m[38;2;176;205;249m[48;2;176;205;249m▀[0m[38;2;171;115;245m[48;2;176;205;249m▀[0m[38;2;171;115;245m▄  [38;2;171;115;245m[48;2;171;115;245m▀[0m[38;2;176;205;249m[48;2;176;205;249m▀[0m[38;2;176;205;249m[48;2;176;205;249m▀[0m[38;2;176;205;249m[48;2;176;205;249m▀[0m[38;2;171;115;245m[48;2;171;115;245m▀[0m                                                  
   [38;2;171;115;245m▀[38;2;176;205;249m[48;2;171;115;245m▀[0m[38;2;176;205;249m[48;2;176;205;249m▀[0m[38;2;176;205;249m[48;2;176;205;249m▀[0m[38;2;171;115;245m[48;2;171;115;245m▀[0m  [38;2;171;115;245m[48;2;171;115;245m▀[0m[38;2;176;205;249m[48;2;176;205;249m▀[0m[38;2;176;205;249m[48;2;176;205;249m▀[0m[38;2;176;205;249m[48;2;176;205;249m▀[0m[38;2;171;115;245m[48;2;176;205;249m▀[0m                                                 
    [38;2;171;115;245m[48;2;171;115;245m▀[0m[38;2;176;205;249m[48;2;176;205;249m▀[0m[38;2;176;205;249m[48;2;176;205;249m▀[0m[38;2;176;205;249m[48;2;176;205;249m▀[0m[38;2;171;115;245m[48;2;176;205;249m▀[0m [38;2;171;115;245m▀[38;2;176;205;249m[48;2;171;115;245m▀[0m[38;2;176;205;249m[48;2;176;205;249m▀[0m[38;2;176;205;249m[48;2;176;205;249m▀[0m[38;2;176;205;249m[48;2;176;205;249m▀[0m[38;2;171;115;245m▄                                                
    [38;2;171;115;245m▀[38;2;176;205;249m[48;2;171;115;245m▀[0m[38;2;176;205;249m[48;2;176;205;249m▀[0m[38;2;176;205;249m[48;2;176;205;249m▀[0m[38;2;176;205;249m[48;2;176;205;249m▀[0m[38;2;171;115;245m▄ [38;2;171;115;245m[48;2;171;115;245m▀[0m[38;2;176;205;249m[48;2;176;205;249m▀[0m[38;2;176;205;249m[48;2;176;205;249m▀[0m[38;2;176;205;249m[48;2;176;205;249m▀[0m[38;2;171;115;245m[48;2;176;205;249m▀[0m[38;2;171;115;245m▄                                               
     [38;2;171;115;245m▀[38;2;176;205;249m[48;2;134;64;199m▀[0m[38;2;176;205;249m[48;2;171;115;245m▀[0m[38;2;176;205;249m[48;2;171;115;245m▀[0m[38;2;176;205;249m[48;2;176;205;249m▀[0m[38;2;171;115;245m[48;2;171;115;245m▀[0m [38;2;134;64;199m[48;2;134;64;199m▀[0m[38;2;176;205;249m[48;2;171;115;245m▀[0m[38;2;176;205;249m[48;2;171;115;245m▀[0m[38;2;176;205;249m[48;2;176;205;249m▀[0m[38;2;176;205;249m[48;2;176;205;249m▀[0m[38;2;171;115;245m[48;2;171;115;245m▀[0m                                              
      [38;2;134;64;199m[48;2;134;64;199m▀[0m[38;2;171;115;245m[48;2;171;115;245m▀[0m[38;2;171;115;245m[48;2;171;115;245m▀[0m[38;2;171;115;245m[48;2;171;115;245m▀[0m[38;2;171;115;245m[48;2;171;115;245m▀[0m[38;2;134;64;199m[48;2;171;115;245m▀[0m[38;2;134;64;199m[48;2;134;64;199m▀[0m[38;2;171;115;245m[48;2;171;115;245m▀[0m[38;2;171;115;245m[48;2;171;115;245m▀[0m[38;2;171;115;245m[48;2;171;115;245m▀[0m[38;2;176;205;249m[48;2;171;115;245m▀[0m[38;2;176;205;249m[48;2;171;115;245m▀[0m[38;2;134;64;199m[48;2;134;64;199m▀[0m                                             
       [38;2;134;64;199m[48;2;134;64;199m▀[0m[38;2;171;115;245m[48;2;171;115;245m▀[0m[38;2;171;115;245m[48;2;171;115;245m▀[0m[38;2;171;115;245m[48;2;171;115;245m▀[0m[38;2;171;115;245m[48;2;171;115;245m▀[0m[38;2;171;115;245m[48;2;171;115;245m▀[0m[38;2;134;64;199m[48;2;134;64;199m▀[0m[38;2;171;115;245m[48;2;171;115;245m▀[0m[38;2;171;115;245m[48;2;171;115;245m▀[0m[38;2;171;115;245m[48;2;171;115;245m▀[0m[38;2;171;115;245m[48;2;171;115;245m▀[0m[38;2;171;115;245m[48;2;171;115;245m▀[0m[38;2;134;64;199m[48;2;134;64;199m▀[0m                                            
       [38;2;16;16;16m▄[38;2;134;64;199m[48;2;16;16;16m▀[0m[38;2;171;115;245m[48;2;171;115;245m▀[0m[38;2;171;115;245m[48;2;171;115;245m▀[0m[38;2;171;115;245m[48;2;171;115;245m▀[0m[38;2;16;16;16m[48;2;16;16;16m▀[0m[38;2;60;62;56m[48;2;60;62;56m▀[0m[38;2;16;16;16m[48;2;60;62;56m▀[0m[38;2;171;115;245m[48;2;171;115;245m▀[0m[38;2;171;115;245m[48;2;171;115;245m▀[0m[38;2;171;115;245m[48;2;171;115;245m▀[0m[38;2;171;115;245m[48;2;171;115;245m▀[0m[38;2;171;115;245m[48;2;171;115;245m▀[0m[38;2;134;64;199m▄                                           
       [38;2;16;16;16m[48;2;16;16;16m▀[0m[38;2;50;52;47m[48;2;50;52;47m▀[0m[38;2;171;115;245m[48;2;16;16;16m▀[0m[38;2;171;115;245m[48;2;171;115;245m▀[0m[38;2;171;115;245m[48;2;171;115;245m▀[0m[38;2;16;16;16m[48;2;16;16;16m▀[0m[38;2;60;62;56m[48;2;51;182;146m▀[0m[38;2;60;62;56m[48;2;60;62;56m▀[0m[38;2;16;16;16m[48;2;16;16;16m▀[0m[38;2;171;115;245m[48;2;171;115;245m▀[0m[38;2;171;115;245m[48;2;171;115;245m▀[0m[38;2;171;115;245m[48;2;171;115;245m▀[0m[38;2;171;115;245m[48;2;171;115;245m▀[0m[38;2;134;64;199m[48;2;171;115;245m▀[0m[38;2;134;64;199m▄                                          
       [38;2;16;16;16m▀[38;2;50;52;47m[48;2;16;16;16m▀[0m[38;2;50;52;47m[48;2;50;52;47m▀[0m[38;2;16;16;16m[48;2;50;52;47m▀[0m[38;2;171;115;245m[48;2;50;52;47m▀[0m[38;2;16;16;16m[48;2;16;16;16m▀[0m[38;2;51;182;146m[48;2;55;102;80m▀[0m[38;2;51;182;146m[48;2;51;182;146m▀[0m[38;2;60;62;56m[48;2;60;62;56m▀[0m[38;2;16;16;16m[48;2;60;62;56m▀[0m[38;2;171;115;245m[48;2;16;16;16m▀[0m[38;2;171;115;245m[48;2;171;115;245m▀[0m[38;2;171;115;245m[48;2;171;115;245m▀[0m[38;2;171;115;245m[48;2;134;64;199m▀[0m[38;2;134;64;199m▀                                          
        [38;2;16;16;16m[48;2;16;16;16m▀[0m[38;2;39;115;79m[48;2;39;115;79m▀[0m[38;2;50;52;47m[48;2;39;115;79m▀[0m[38;2;50;52;47m[48;2;50;52;47m▀[0m[38;2;16;16;16m[48;2;16;16;16m▀[0m[38;2;60;62;56m[48;2;60;62;56m▀[0m[38;2;51;182;146m[48;2;60;62;56m▀[0m[38;2;55;102;80m[48;2;51;182;146m▀[0m[38;2;60;62;56m[48;2;60;62;56m▀[0m[38;2;60;62;56m[48;2;60;62;56m▀[0m[38;2;16;16;16m[48;2;60;62;56m▀[0m[38;2;171;115;245m[48;2;16;16;16m▀[0m[38;2;134;64;199m[48;2;134;64;199m▀[0m                                           
        [38;2;16;16;16m[48;2;16;16;16m▀[0m[38;2;39;115;79m[48;2;50;52;47m▀[0m[38;2;39;115;79m[48;2;39;115;79m▀[0m[38;2;39;115;79m[48;2;39;115;79m▀[0m[38;2;50;52;47m[48;2;39;115;79m▀[0m[38;2;16;16;16m[48;2;16;16;16m▀[0m[38;2;60;62;56m[48;2;60;62;56m▀[0m[38;2;51;182;146m[48;2;55;102;80m▀[0m[38;2;51;182;146m[48;2;51;182;146m▀[0m[38;2;60;62;56m[48;2;51;182;146m▀[0m[38;2;60;62;56m[48;2;60;62;56m▀[0m[38;2;16;16;16m[48;2;60;62;56m▀[0m[38;2;171;115;245m[48;2;171;115;245m▀[0m[38;2;134;64;199m[48;2;134;64;199m▀[0m                                          
         [38;2;50;52;47m[48;2;16;16;16m▀[0m[38;2;50;52;47m[48;2;50;52;47m▀[0m[38;2;39;115;79m[48;2;50;52;47m▀[0m[38;2;39;115;79m[48;2;50;52;47m▀[0m[38;2;16;16;16m[48;2;39;115;79m▀[0m[38;2;55;102;80m[48;2;16;16;16m▀[0m[38;2;60;62;56m[48;2;55;102;80m▀[0m[38;2;51;182;146m[48;2;60;62;56m▀[0m[38;2;51;182;146m[48;2;60;62;56m▀[0m[38;2;51;182;146m[48;2;51;182;146m▀[0m[38;2;60;62;56m[48;2;51;182;146m▀[0m[38;2;16;16;16m[48;2;51;182;146m▀[0m[38;2;185;88;255m[48;2;51;182;146m▀[0m[38;2;134;64;199m[48;2;50;52;47m▀[0m[38;2;16;16;16m▄[38;2;16;16;16m▄[38;2;16;16;16m▄                                      
         [38;2;16;16;16m▀[38;2;39;115;79m[48;2;16;16;16m▀[0m[38;2;50;52;47m[48;2;39;115;79m▀[0m[38;2;50;52;47m[48;2;50;52;47m▀[0m[38;2;50;52;47m[48;2;50;52;47m▀[0m[38;2;39;115;79m[48;2;50;52;47m▀[0m[38;2;51;182;146m[48;2;51;182;146m▀[0m[38;2;55;102;80m[48;2;51;182;146m▀[0m[38;2;60;62;56m[48;2;55;102;80m▀[0m[38;2;60;62;56m[48;2;60;62;56m▀[0m[38;2;51;182;146m[48;2;60;62;56m▀[0m[38;2;51;182;146m[48;2;60;62;56m▀[0m[38;2;51;182;146m[48;2;60;62;56m▀[0m[38;2;51;182;146m[48;2;55;102;80m▀[0m[38;2;51;182;146m[48;2;51;182;146m▀[0m[38;2;60;62;56m[48;2;51;182;146m▀[0m[38;2;60;62;56m[48;2;51;182;146m▀[0m[38;2;16;16;16m[48;2;16;16;16m▀[0m                                     
          [38;2;16;16;16m▀[38;2;39;115;79m[48;2;16;16;16m▀[0m[38;2;39;115;79m[48;2;39;115;79m▀[0m[38;2;50;52;47m[48;2;39;115;79m▀[0m[38;2;50;52;47m[48;2;39;115;79m▀[0m[38;2;16;16;16m[48;2;50;52;47m▀[0m[38;2;51;182;146m[48;2;16;16;16m▀[0m[38;2;51;182;146m[48;2;51;182;146m▀[0m[38;2;55;102;80m[48;2;51;182;146m▀[0m[38;2;60;62;56m[48;2;51;182;146m▀[0m[38;2;60;62;56m[48;2;51;182;146m▀[0m[38;2;60;62;56m[48;2;55;102;80m▀[0m[38;2;60;62;56m[48;2;60;62;56m▀[0m[38;2;60;62;56m[48;2;60;62;56m▀[0m[38;2;51;182;146m[48;2;60;62;56m▀[0m[38;2;51;182;146m[48;2;51;182;146m▀[0m[38;2;16;16;16m[48;2;60;62;56m▀[0m[38;2;16;16;16m▄                                    
            [38;2;16;16;16m▀[38;2;39;115;79m▀[38;2;39;115;79m[48;2;16;16;16m▀[0m[38;2;39;115;79m▀[38;2;39;115;79m▀[38;2;16;16;16m[48;2;16;16;16m▀[0m[38;2;51;182;146m[48;2;50;52;47m▀[0m[38;2;16;16;16m[48;2;50;52;47m▀[0m[38;2;60;62;56m[48;2;16;16;16m▀[0m[38;2;51;182;146m[48;2;60;62;56m▀[0m[38;2;51;182;146m[48;2;60;62;56m▀[0m[38;2;60;62;56m[48;2;51;182;146m▀[0m[38;2;60;62;56m[48;2;60;62;56m▀[0m[38;2;60;62;56m[48;2;60;62;56m▀[0m[38;2;51;182;146m[48;2;51;182;146m▀[0m[38;2;16;16;16m[48;2;51;182;146m▀[0m[38;2;16;16;16m▄                                   
                [38;2;28;32;39m▄[38;2;28;32;39m▄[38;2;16;16;16m[48;2;119;101;134m▀[0m[38;2;50;52;47m[48;2;119;101;134m▀[0m[38;2;119;101;134m[48;2;119;101;134m▀[0m[38;2;60;62;56m[48;2;119;101;134m▀[0m[38;2;16;16;16m[48;2;119;101;134m▀[0m[38;2;16;16;16m[48;2;119;101;134m▀[0m[38;2;16;16;16m[48;2;119;101;134m▀[0m[38;2;16;16;16m[48;2;119;101;134m▀[0m[38;2;16;16;16m[48;2;70;74;90m▀[0m[38;2;51;182;146m[48;2;70;74;90m▀[0m[38;2;51;182;146m[48;2;16;16;16m▀[0m[38;2;16;16;16m[48;2;119;101;134m▀[0m[38;2;16;16;16m▄[38;2;28;32;39m[48;2;70;74;90m▀[0m[38;2;28;32;39m[48;2;70;74;90m▀[0m[38;2;28;32;39m[48;2;70;74;90m▀[0m[38;2;28;32;39m[48;2;70;74;90m▀[0m[38;2;28;32;39m▄[38;2;28;32;39m▄[38;2;28;32;39m▄                          
               [38;2;28;32;39m[48;2;119;101;134m▀[0m[38;2;70;74;90m[48;2;119;101;134m▀[0m[38;2;119;101;134m[48;2;119;101;134m▀[0m[38;2;119;101;134m[48;2;119;101;134m▀[0m[38;2;119;101;134m[48;2;50;52;47m▀[0m[38;2;50;52;47m[48;2;60;62;56m▀[0m[38;2;50;52;47m[48;2;60;62;56m▀[0m[38;2;119;101;134m[48;2;16;16;16m▀[0m[38;2;119;101;134m[48;2;119;101;134m▀[0m[38;2;119;101;134m[48;2;119;101;134m▀[0m[38;2;119;101;134m[48;2;119;101;134m▀[0m[38;2;119;101;134m[48;2;28;32;39m▀[0m[38;2;119;101;134m[48;2;28;32;39m▀[0m[38;2;119;101;134m[48;2;16;16;16m▀[0m[38;2;70;74;90m[48;2;16;16;16m▀[0m[38;2;70;74;90m[48;2;16;16;16m▀[0m[38;2;28;32;39m[48;2;16;16;16m▀[0m[38;2;70;74;90m[48;2;28;32;39m▀[0m[38;2;70;74;90m[48;2;70;74;90m▀[0m[38;2;70;74;90m[48;2;70;74;90m▀[0m[38;2;70;74;90m[48;2;70;74;90m▀[0m[38;2;70;74;90m[48;2;70;74;90m▀[0m[38;2;70;74;90m[48;2;70;74;90m▀[0m[38;2;16;16;16m▀                         
             [38;2;16;16;16m▄[38;2;16;16;16m[48;2;32;41;49m▀[0m[38;2;70;74;90m[48;2;32;41;49m▀[0m[38;2;32;41;49m[48;2;156;35;39m▀[0m[38;2;32;41;49m[48;2;156;35;39m▀[0m[38;2;16;16;16m[48;2;50;52;47m▀[0m[38;2;50;52;47m[48;2;156;255;74m▀[0m[38;2;185;88;255m[48;2;156;255;74m▀[0m[38;2;156;255;74m[48;2;16;16;16m▀[0m[38;2;16;16;16m[48;2;119;101;134m▀[0m[38;2;16;16;16m[48;2;189;167;196m▀[0m[38;2;119;101;134m[48;2;189;167;196m▀[0m[38;2;119;101;134m[48;2;60;240;214m▀[0m[38;2;60;240;214m[48;2;60;240;214m▀[0m[38;2;60;240;214m[48;2;60;240;214m▀[0m[38;2;60;240;214m[48;2;60;240;214m▀[0m[38;2;51;182;146m[48;2;60;240;214m▀[0m[38;2;119;101;134m[48;2;51;182;146m▀[0m[38;2;119;101;134m[48;2;119;101;134m▀[0m[38;2;119;101;134m[48;2;119;101;134m▀[0m[38;2;119;101;134m[48;2;119;101;134m▀[0m[38;2;119;101;134m[48;2;119;101;134m▀[0m[38;2;70;74;90m[48;2;119;101;134m▀[0m[38;2;28;32;39m[48;2;70;74;90m▀[0m[38;2;16;16;16m[48;2;70;74;90m▀[0m[38;2;28;32;39m▄                         
             [38;2;16;16;16m▀[38;2;156;35;39m[48;2;16;16;16m▀[0m[38;2;156;35;39m[48;2;60;62;56m▀[0m[38;2;60;62;56m[48;2;16;16;16m▀[0m[38;2;60;62;56m[48;2;16;16;16m▀[0m[38;2;60;62;56m[48;2;50;52;47m▀[0m[38;2;60;62;56m[48;2;16;16;16m▀[0m[38;2;16;16;16m[48;2;119;101;134m▀[0m[38;2;119;101;134m[48;2;119;101;134m▀[0m[38;2;119;101;134m[48;2;119;101;134m▀[0m[38;2;119;101;134m[48;2;60;240;214m▀[0m[38;2;60;240;214m[48;2;60;240;214m▀[0m[38;2;60;240;214m[48;2;60;240;214m▀[0m[38;2;60;62;56m[48;2;60;62;56m▀[0m[38;2;60;62;56m[48;2;60;62;56m▀[0m[38;2;60;62;56m[48;2;60;62;56m▀[0m[38;2;60;240;214m[48;2;60;62;56m▀[0m[38;2;60;240;214m[48;2;60;240;214m▀[0m[38;2;119;101;134m[48;2;60;240;214m▀[0m[38;2;119;101;134m[48;2;119;101;134m▀[0m[38;2;119;101;134m[48;2;119;101;134m▀[0m[38;2;119;101;134m[48;2;119;101;134m▀[0m[38;2;119;101;134m[48;2;119;101;134m▀[0m[38;2;119;101;134m[48;2;51;182;146m▀[0m[38;2;70;74;90m[48;2;51;182;146m▀[0m[38;2;70;74;90m[48;2;51;182;146m▀[0m[38;2;28;32;39m[48;2;70;74;90m▀[0m[38;2;28;32;39m▄                       
             [38;2;16;16;16m▄[38;2;16;16;16m[48;2;51;182;146m▀[0m[38;2;16;16;16m[48;2;70;74;90m▀[0m[38;2;70;74;90m[48;2;70;74;90m▀[0m[38;2;70;74;90m[48;2;39;115;79m▀[0m[38;2;16;16;16m[48;2;60;240;214m▀[0m[38;2;60;240;214m[48;2;60;240;214m▀[0m[38;2;60;240;214m[48;2;51;182;146m▀[0m[38;2;119;101;134m[48;2;119;101;134m▀[0m[38;2;119;101;134m[48;2;119;101;134m▀[0m[38;2;119;101;134m[48;2;119;101;134m▀[0m[38;2;119;101;134m[48;2;119;101;134m▀[0m[38;2;60;240;214m[48;2;51;182;146m▀[0m[38;2;60;62;56m[48;2;60;240;214m▀[0m[38;2;60;62;56m[48;2;60;240;214m▀[0m[38;2;60;62;56m[48;2;60;240;214m▀[0m[38;2;60;240;214m[48;2;60;240;214m▀[0m[38;2;60;240;214m[48;2;51;182;146m▀[0m[38;2;51;182;146m[48;2;119;101;134m▀[0m[38;2;119;101;134m[48;2;119;101;134m▀[0m[38;2;119;101;134m[48;2;119;101;134m▀[0m[38;2;60;240;214m[48;2;119;101;134m▀[0m[38;2;51;182;146m[48;2;60;240;214m▀[0m[38;2;60;240;214m[48;2;60;240;214m▀[0m[38;2;60;240;214m[48;2;50;52;47m▀[0m[38;2;51;182;146m[48;2;50;52;47m▀[0m[38;2;51;182;146m[48;2;51;182;146m▀[0m[38;2;70;74;90m[48;2;70;74;90m▀[0m[38;2;16;16;16m[48;2;16;16;16m▀[0m                      
            [38;2;16;16;16m[48;2;16;16;16m▀[0m[38;2;51;182;146m[48;2;16;16;16m▀[0m[38;2;16;16;16m[48;2;119;101;134m▀[0m[38;2;16;16;16m[48;2;119;101;134m▀[0m[38;2;16;16;16m[48;2;119;101;134m▀[0m[38;2;16;16;16m[48;2;16;16;16m▀[0m[38;2;60;240;214m[48;2;16;16;16m▀[0m[38;2;16;16;16m[48;2;119;101;134m▀[0m[38;2;119;101;134m[48;2;60;62;56m▀[0m[38;2;70;74;90m[48;2;60;62;56m▀[0m[38;2;60;62;56m[48;2;60;62;56m▀[0m[38;2;60;62;56m[48;2;60;62;56m▀[0m[38;2;60;62;56m[48;2;60;62;56m▀[0m[38;2;60;62;56m[48;2;60;62;56m▀[0m[38;2;119;101;134m[48;2;60;62;56m▀[0m[38;2;119;101;134m[48;2;60;62;56m▀[0m[38;2;119;101;134m[48;2;60;62;56m▀[0m[38;2;119;101;134m[48;2;60;62;56m▀[0m[38;2;119;101;134m[48;2;60;62;56m▀[0m[38;2;119;101;134m[48;2;70;74;90m▀[0m[38;2;119;101;134m[48;2;119;101;134m▀[0m[38;2;119;101;134m[48;2;119;101;134m▀[0m[38;2;119;101;134m[48;2;119;101;134m▀[0m[38;2;51;182;146m[48;2;119;101;134m▀[0m[38;2;60;240;214m[48;2;51;182;146m▀[0m[38;2;60;240;214m[48;2;51;182;146m▀[0m[38;2;60;62;56m[48;2;51;182;146m▀[0m[38;2;51;182;146m[48;2;51;182;146m▀[0m[38;2;51;182;146m[48;2;70;74;90m▀[0m[38;2;51;182;146m[48;2;70;74;90m▀[0m[38;2;16;16;16m[48;2;16;16;16m▀[0m                     
           [38;2;28;32;39m[48;2;28;32;39m▀[0m[38;2;119;101;134m[48;2;119;101;134m▀[0m[38;2;119;101;134m[48;2;119;101;134m▀[0m[38;2;119;101;134m[48;2;119;101;134m▀[0m[38;2;119;101;134m[48;2;119;101;134m▀[0m[38;2;119;101;134m[48;2;119;101;134m▀[0m[38;2;119;101;134m[48;2;119;101;134m▀[0m[38;2;119;101;134m[48;2;119;101;134m▀[0m[38;2;119;101;134m[48;2;119;101;134m▀[0m[38;2;16;16;16m[48;2;119;101;134m▀[0m[38;2;185;88;255m[48;2;16;16;16m▀[0m[38;2;185;88;255m[48;2;60;62;56m▀[0m[38;2;185;88;255m[48;2;60;62;56m▀[0m[38;2;185;88;255m[48;2;60;62;56m▀[0m[38;2;134;64;199m[48;2;185;88;255m▀[0m[38;2;60;62;56m[48;2;185;88;255m▀[0m[38;2;60;62;56m[48;2;185;88;255m▀[0m[38;2;60;62;56m[48;2;185;88;255m▀[0m[38;2;60;62;56m[48;2;134;64;199m▀[0m[38;2;60;62;56m[48;2;60;62;56m▀[0m[38;2;60;62;56m[48;2;60;62;56m▀[0m[38;2;60;62;56m[48;2;60;62;56m▀[0m[38;2;60;62;56m[48;2;60;62;56m▀[0m[38;2;70;74;90m[48;2;60;62;56m▀[0m[38;2;119;101;134m[48;2;60;62;56m▀[0m[38;2;119;101;134m[48;2;60;62;56m▀[0m[38;2;70;74;90m[48;2;70;74;90m▀[0m[38;2;51;182;146m[48;2;70;74;90m▀[0m[38;2;70;74;90m[48;2;70;74;90m▀[0m[38;2;70;74;90m[48;2;70;74;90m▀[0m[38;2;70;74;90m[48;2;70;74;90m▀[0m[38;2;16;16;16m[48;2;16;16;16m▀[0m                     
            [38;2;28;32;39m[48;2;28;32;39m▀[0m[38;2;119;101;134m[48;2;119;101;134m▀[0m[38;2;119;101;134m[48;2;119;101;134m▀[0m[38;2;119;101;134m[48;2;119;101;134m▀[0m[38;2;119;101;134m[48;2;119;101;134m▀[0m[38;2;119;101;134m[48;2;119;101;134m▀[0m[38;2;119;101;134m[48;2;119;101;134m▀[0m[38;2;119;101;134m[48;2;119;101;134m▀[0m[38;2;16;16;16m[48;2;70;74;90m▀[0m[38;2;16;16;16m[48;2;119;101;134m▀[0m[38;2;16;16;16m[48;2;119;101;134m▀[0m[38;2;16;16;16m[48;2;119;101;134m▀[0m[38;2;16;16;16m[48;2;119;101;134m▀[0m[38;2;60;62;56m[48;2;28;32;39m▀[0m[38;2;60;62;56m[48;2;16;16;16m▀[0m[38;2;60;62;56m[48;2;185;88;255m▀[0m[38;2;60;62;56m[48;2;185;88;255m▀[0m[38;2;185;88;255m[48;2;60;62;56m▀[0m[38;2;185;88;255m[48;2;60;62;56m▀[0m[38;2;185;88;255m[48;2;60;62;56m▀[0m[38;2;60;62;56m[48;2;185;88;255m▀[0m[38;2;60;62;56m[48;2;185;88;255m▀[0m[38;2;60;62;56m[48;2;134;64;199m▀[0m[38;2;60;62;56m[48;2;50;52;47m▀[0m[38;2;50;52;47m[48;2;50;52;47m▀[0m[38;2;50;52;47m[48;2;50;52;47m▀[0m[38;2;70;74;90m[48;2;50;52;47m▀[0m[38;2;70;74;90m[48;2;70;74;90m▀[0m[38;2;70;74;90m[48;2;70;74;90m▀[0m[38;2;70;74;90m[48;2;28;32;39m▀[0m[38;2;16;16;16m▀                     
            [38;2;28;32;39m[48;2;28;32;39m▀[0m[38;2;119;101;134m[48;2;119;101;134m▀[0m[38;2;119;101;134m[48;2;119;101;134m▀[0m[38;2;119;101;134m[48;2;119;101;134m▀[0m[38;2;119;101;134m[48;2;39;115;79m▀[0m[38;2;39;115;79m[48;2;60;240;214m▀[0m[38;2;60;240;214m[48;2;60;240;214m▀[0m[38;2;60;240;214m[48;2;51;182;146m▀[0m[38;2;119;101;134m[48;2;60;240;214m▀[0m[38;2;60;240;214m[48;2;60;240;214m▀[0m[38;2;60;240;214m[48;2;60;62;56m▀[0m[38;2;60;240;214m[48;2;60;62;56m▀[0m[38;2;60;240;214m[48;2;60;62;56m▀[0m[38;2;60;240;214m[48;2;60;240;214m▀[0m[38;2;119;101;134m[48;2;51;182;146m▀[0m[38;2;119;101;134m[48;2;119;101;134m▀[0m[38;2;119;101;134m[48;2;119;101;134m▀[0m[38;2;16;16;16m[48;2;119;101;134m▀[0m[38;2;16;16;16m[48;2;70;74;90m▀[0m[38;2;185;88;255m[48;2;16;16;16m▀[0m[38;2;185;88;255m[48;2;134;64;199m▀[0m[38;2;50;52;47m[48;2;134;64;199m▀[0m[38;2;50;52;47m[48;2;134;64;199m▀[0m[38;2;50;52;47m[48;2;50;52;47m▀[0m[38;2;134;64;199m[48;2;50;52;47m▀[0m[38;2;134;64;199m[48;2;50;52;47m▀[0m[38;2;50;52;47m[48;2;134;64;199m▀[0m[38;2;50;52;47m[48;2;16;16;16m▀[0m[38;2;50;52;47m▀                       
           [38;2;70;74;90m[48;2;28;32;39m▀[0m[38;2;119;101;134m[48;2;119;101;134m▀[0m[38;2;119;101;134m[48;2;119;101;134m▀[0m[38;2;119;101;134m[48;2;119;101;134m▀[0m[38;2;119;101;134m[48;2;119;101;134m▀[0m[38;2;16;16;16m[48;2;16;16;16m▀[0m[38;2;60;240;214m[48;2;16;16;16m▀[0m[38;2;16;16;16m[48;2;119;101;134m▀[0m[38;2;39;115;79m[48;2;16;16;16m▀[0m[38;2;51;182;146m[48;2;119;101;134m▀[0m[38;2;60;240;214m[48;2;51;182;146m▀[0m[38;2;60;62;56m[48;2;60;240;214m▀[0m[38;2;60;62;56m[48;2;60;240;214m▀[0m[38;2;60;62;56m[48;2;60;240;214m▀[0m[38;2;60;62;56m[48;2;60;240;214m▀[0m[38;2;60;240;214m[48;2;51;182;146m▀[0m[38;2;51;182;146m[48;2;119;101;134m▀[0m[38;2;119;101;134m[48;2;119;101;134m▀[0m[38;2;119;101;134m[48;2;119;101;134m▀[0m[38;2;70;74;90m[48;2;70;74;90m▀[0m[38;2;70;74;90m[48;2;70;74;90m▀[0m[38;2;50;52;47m[48;2;16;16;16m▀[0m[38;2;50;52;47m[48;2;16;16;16m▀[0m[38;2;134;64;199m[48;2;16;16;16m▀[0m[38;2;134;64;199m[48;2;16;16;16m▀[0m[38;2;134;64;199m[48;2;16;16;16m▀[0m[38;2;16;16;16m▀[38;2;16;16;16m▀                [38;2;16;16;16m[48;2;50;52;47m▀[0m[38;2;16;16;16m▄     [38;2;16;16;16m▄[38;2;16;16;16m▄
    [38;2;28;32;39m▄[38;2;28;32;39m[48;2;119;101;134m▀[0m[38;2;28;32;39m[48;2;119;101;134m▀[0m[38;2;119;101;134m▄[38;2;119;101;134m▄[38;2;119;101;134m▄[38;2;28;32;39m[48;2;119;101;134m▀[0m[38;2;119;101;134m[48;2;28;32;39m▀[0m[38;2;119;101;134m[48;2;119;101;134m▀[0m[38;2;119;101;134m[48;2;28;32;39m▀[0m[38;2;119;101;134m[48;2;70;74;90m▀[0m[38;2;119;101;134m[48;2;119;101;134m▀[0m[38;2;119;101;134m[48;2;119;101;134m▀[0m[38;2;119;101;134m[48;2;119;101;134m▀[0m[38;2;119;101;134m[48;2;119;101;134m▀[0m[38;2;119;101;134m[48;2;119;101;134m▀[0m[38;2;119;101;134m[48;2;119;101;134m▀[0m[38;2;119;101;134m[48;2;28;32;39m▀[0m[38;2;119;101;134m[48;2;28;32;39m▀[0m[38;2;60;240;214m[48;2;28;32;39m▀[0m[38;2;51;182;146m[48;2;28;32;39m▀[0m[38;2;51;182;146m[48;2;28;32;39m▀[0m[38;2;119;101;134m[48;2;119;101;134m▀[0m[38;2;119;101;134m[48;2;119;101;134m▀[0m[38;2;119;101;134m[48;2;70;74;90m▀[0m[38;2;70;74;90m[48;2;70;74;90m▀[0m[38;2;70;74;90m[48;2;70;74;90m▀[0m[38;2;70;74;90m[48;2;70;74;90m▀[0m[38;2;16;16;16m▀                     [38;2;16;16;16m▄[38;2;50;52;47m[48;2;50;52;47m▀[0m[38;2;16;16;16m[48;2;16;16;16m▀[0m    [38;2;16;16;16m[48;2;60;62;56m▀[0m[38;2;60;62;56m[48;2;55;102;80m▀[0m[38;2;16;16;16m[48;2;16;16;16m▀[0m
    [38;2;28;32;39m[48;2;28;32;39m▀[0m[38;2;119;101;134m[48;2;70;74;90m▀[0m[38;2;119;101;134m[48;2;119;101;134m▀[0m[38;2;119;101;134m[48;2;16;16;16m▀[0m[38;2;16;16;16m[48;2;119;101;134m▀[0m[38;2;119;101;134m[48;2;119;101;134m▀[0m[38;2;119;101;134m[48;2;28;32;39m▀[0m[38;2;28;32;39m[48;2;119;101;134m▀[0m[38;2;119;101;134m[48;2;70;74;90m▀[0m[38;2;28;32;39m[48;2;70;74;90m▀[0m[38;2;70;74;90m[48;2;70;74;90m▀[0m[38;2;119;101;134m[48;2;119;101;134m▀[0m[38;2;119;101;134m[48;2;119;101;134m▀[0m[38;2;119;101;134m[48;2;119;101;134m▀[0m[38;2;119;101;134m[48;2;119;101;134m▀[0m[38;2;119;101;134m[48;2;28;32;39m▀[0m[38;2;28;32;39m[48;2;119;101;134m▀[0m[38;2;119;101;134m[48;2;119;101;134m▀[0m[38;2;119;101;134m[48;2;119;101;134m▀[0m[38;2;119;101;134m[48;2;119;101;134m▀[0m[38;2;119;101;134m[48;2;119;101;134m▀[0m[38;2;119;101;134m[48;2;119;101;134m▀[0m[38;2;28;32;39m[48;2;70;74;90m▀[0m[38;2;28;32;39m[48;2;70;74;90m▀[0m[38;2;70;74;90m[48;2;28;32;39m▀[0m[38;2;70;74;90m[48;2;16;16;16m▀[0m[38;2;70;74;90m[48;2;28;32;39m▀[0m[38;2;70;74;90m[48;2;16;16;16m▀[0m                     [38;2;16;16;16m[48;2;16;16;16m▀[0m[38;2;50;52;47m[48;2;50;52;47m▀[0m[38;2;39;115;79m[48;2;39;115;79m▀[0m[38;2;16;16;16m[48;2;16;16;16m▀[0m   [38;2;16;16;16m[48;2;16;16;16m▀[0m[38;2;60;62;56m[48;2;60;62;56m▀[0m[38;2;51;182;146m[48;2;51;182;146m▀[0m[38;2;16;16;16m[48;2;16;16;16m▀[0m
   [38;2;16;16;16m▄[38;2;28;32;39m[48;2;70;74;90m▀[0m[38;2;70;74;90m[48;2;16;16;16m▀[0m[38;2;16;16;16m[48;2;119;101;134m▀[0m[38;2;119;101;134m[48;2;119;101;134m▀[0m[38;2;119;101;134m[48;2;119;101;134m▀[0m[38;2;119;101;134m[48;2;70;74;90m▀[0m[38;2;28;32;39m[48;2;119;101;134m▀[0m[38;2;119;101;134m[48;2;70;74;90m▀[0m[38;2;70;74;90m[48;2;70;74;90m▀[0m[38;2;70;74;90m[48;2;70;74;90m▀[0m[38;2;70;74;90m[48;2;70;74;90m▀[0m[38;2;119;101;134m[48;2;39;115;79m▀[0m[38;2;39;115;79m[48;2;60;240;214m▀[0m[38;2;16;16;16m[48;2;60;240;214m▀[0m[38;2;16;16;16m[48;2;60;240;214m▀[0m[38;2;119;101;134m[48;2;119;101;134m▀[0m[38;2;119;101;134m[48;2;60;240;214m▀[0m[38;2;60;240;214m[48;2;60;240;214m▀[0m[38;2;60;240;214m[48;2;60;62;56m▀[0m[38;2;60;240;214m[48;2;60;62;56m▀[0m[38;2;60;240;214m[48;2;60;240;214m▀[0m[38;2;119;101;134m[48;2;60;240;214m▀[0m[38;2;70;74;90m[48;2;70;74;90m▀[0m[38;2;70;74;90m[48;2;70;74;90m▀[0m[38;2;70;74;90m[48;2;70;74;90m▀[0m[38;2;70;74;90m[48;2;70;74;90m▀[0m[38;2;16;16;16m[48;2;70;74;90m▀[0m[38;2;16;16;16m▄                   [38;2;16;16;16m▄[38;2;16;16;16m[48;2;50;52;47m▀[0m[38;2;50;52;47m[48;2;50;52;47m▀[0m[38;2;50;52;47m[48;2;50;52;47m▀[0m[38;2;39;115;79m[48;2;16;16;16m▀[0m[38;2;16;16;16m▀ [38;2;16;16;16m▄[38;2;16;16;16m[48;2;60;62;56m▀[0m[38;2;60;62;56m[48;2;60;62;56m▀[0m[38;2;51;182;146m[48;2;51;182;146m▀[0m[38;2;16;16;16m[48;2;16;16;16m▀[0m 
  [38;2;16;16;16m▄[38;2;16;16;16m[48;2;189;167;196m▀[0m[38;2;28;32;39m[48;2;119;101;134m▀[0m[38;2;119;101;134m[48;2;119;101;134m▀[0m[38;2;119;101;134m[48;2;119;101;134m▀[0m[38;2;119;101;134m[48;2;119;101;134m▀[0m[38;2;119;101;134m[48;2;119;101;134m▀[0m[38;2;28;32;39m[48;2;119;101;134m▀[0m[38;2;119;101;134m[48;2;70;74;90m▀[0m[38;2;70;74;90m[48;2;70;74;90m▀[0m[38;2;70;74;90m[48;2;70;74;90m▀[0m[38;2;70;74;90m[48;2;119;101;134m▀[0m[38;2;119;101;134m[48;2;119;101;134m▀[0m[38;2;60;240;214m[48;2;60;240;214m▀[0m[38;2;60;240;214m[48;2;16;16;16m▀[0m[38;2;60;240;214m[48;2;185;88;255m▀[0m[38;2;51;182;146m[48;2;16;16;16m▀[0m[38;2;119;101;134m[48;2;70;74;90m▀[0m[38;2;60;240;214m[48;2;119;101;134m▀[0m[38;2;60;62;56m[48;2;51;182;146m▀[0m[38;2;60;62;56m[48;2;60;240;214m▀[0m[38;2;60;62;56m[48;2;60;240;214m▀[0m[38;2;60;62;56m[48;2;51;182;146m▀[0m[38;2;60;240;214m[48;2;51;182;146m▀[0m[38;2;60;240;214m[48;2;70;74;90m▀[0m[38;2;70;74;90m[48;2;70;74;90m▀[0m[38;2;70;74;90m[48;2;16;16;16m▀[0m[38;2;70;74;90m[48;2;70;74;90m▀[0m[38;2;70;74;90m[48;2;70;74;90m▀[0m[38;2;16;16;16m[48;2;16;16;16m▀[0m            [38;2;16;16;16m▄[38;2;50;52;47m▄[38;2;16;16;16m▄[38;2;16;16;16m▄ [38;2;60;62;56m▄[38;2;16;16;16m[48;2;16;16;16m▀[0m[38;2;50;52;47m[48;2;16;16;16m▀[0m[38;2;50;52;47m[48;2;50;52;47m▀[0m[38;2;50;52;47m[48;2;39;115;79m▀[0m[38;2;39;115;79m[48;2;39;115;79m▀[0m[38;2;16;16;16m[48;2;16;16;16m▀[0m[38;2;60;62;56m▄[38;2;16;16;16m[48;2;60;62;56m▀[0m[38;2;60;62;56m[48;2;60;62;56m▀[0m[38;2;60;62;56m[48;2;51;182;146m▀[0m[38;2;60;62;56m[48;2;51;182;146m▀[0m[38;2;51;182;146m[48;2;16;16;16m▀[0m[38;2;16;16;16m▀ 
[38;2;16;16;16m▄[38;2;16;16;16m[48;2;28;32;39m▀[0m[38;2;119;101;134m[48;2;28;32;39m▀[0m[38;2;119;101;134m[48;2;119;101;134m▀[0m[38;2;119;101;134m[48;2;119;101;134m▀[0m[38;2;119;101;134m[48;2;119;101;134m▀[0m[38;2;119;101;134m[48;2;119;101;134m▀[0m[38;2;119;101;134m[48;2;119;101;134m▀[0m[38;2;119;101;134m[48;2;119;101;134m▀[0m[38;2;119;101;134m[48;2;119;101;134m▀[0m[38;2;70;74;90m[48;2;28;32;39m▀[0m[38;2;70;74;90m[48;2;119;101;134m▀[0m[38;2;119;101;134m[48;2;119;101;134m▀[0m[38;2;119;101;134m[48;2;119;101;134m▀[0m[38;2;119;101;134m[48;2;119;101;134m▀[0m[38;2;16;16;16m[48;2;50;52;47m▀[0m[38;2;185;88;255m[48;2;185;88;255m▀[0m[38;2;185;88;255m[48;2;134;64;199m▀[0m[38;2;134;64;199m[48;2;51;182;146m▀[0m[38;2;16;16;16m[48;2;51;182;146m▀[0m[38;2;70;74;90m[48;2;70;74;90m▀[0m[38;2;70;74;90m[48;2;70;74;90m▀[0m[38;2;70;74;90m[48;2;70;74;90m▀[0m[38;2;70;74;90m[48;2;70;74;90m▀[0m[38;2;70;74;90m[48;2;70;74;90m▀[0m[38;2;70;74;90m[48;2;70;74;90m▀[0m[38;2;70;74;90m[48;2;28;32;39m▀[0m[38;2;28;32;39m[48;2;119;101;134m▀[0m[38;2;119;101;134m[48;2;119;101;134m▀[0m[38;2;16;16;16m[48;2;119;101;134m▀[0m[38;2;16;16;16m[48;2;16;16;16m▀[0m             [38;2;16;16;16m[48;2;50;52;47m▀[0m[38;2;39;115;79m[48;2;39;115;79m▀[0m[38;2;50;52;47m[48;2;39;115;79m▀[0m[38;2;50;52;47m[48;2;16;16;16m▀[0m[38;2;16;16;16m[48;2;16;16;16m▀[0m[38;2;51;182;146m[48;2;51;182;146m▀[0m[38;2;60;62;56m[48;2;51;182;146m▀[0m[38;2;60;62;56m[48;2;60;62;56m▀[0m[38;2;16;16;16m[48;2;60;62;56m▀[0m[38;2;16;16;16m[48;2;60;62;56m▀[0m[38;2;16;16;16m[48;2;60;62;56m▀[0m[38;2;60;62;56m[48;2;60;62;56m▀[0m[38;2;60;62;56m[48;2;60;62;56m▀[0m[38;2;60;62;56m[48;2;51;182;146m▀[0m[38;2;51;182;146m[48;2;51;182;146m▀[0m[38;2;51;182;146m[48;2;51;182;146m▀[0m[38;2;51;182;146m[48;2;60;62;56m▀[0m[38;2;16;16;16m▀  
[38;2;16;16;16m[48;2;16;16;16m▀[0m[38;2;70;74;90m[48;2;70;74;90m▀[0m[38;2;70;74;90m[48;2;70;74;90m▀[0m[38;2;28;32;39m[48;2;70;74;90m▀[0m[38;2;28;32;39m[48;2;70;74;90m▀[0m[38;2;119;101;134m[48;2;28;32;39m▀[0m[38;2;119;101;134m[48;2;119;101;134m▀[0m[38;2;119;101;134m[48;2;119;101;134m▀[0m[38;2;119;101;134m[48;2;119;101;134m▀[0m[38;2;28;32;39m[48;2;119;101;134m▀[0m[38;2;119;101;134m[48;2;119;101;134m▀[0m[38;2;119;101;134m[48;2;119;101;134m▀[0m[38;2;119;101;134m[48;2;119;101;134m▀[0m[38;2;119;101;134m[48;2;119;101;134m▀[0m[38;2;119;101;134m[48;2;70;74;90m▀[0m[38;2;185;88;255m[48;2;185;88;255m▀[0m[38;2;134;64;199m[48;2;134;64;199m▀[0m[38;2;51;182;146m[48;2;51;182;146m▀[0m[38;2;51;182;146m[48;2;51;182;146m▀[0m[38;2;51;182;146m[48;2;51;182;146m▀[0m[38;2;16;16;16m[48;2;51;182;146m▀[0m[38;2;16;16;16m[48;2;51;182;146m▀[0m[38;2;16;16;16m[48;2;51;182;146m▀[0m[38;2;70;74;90m[48;2;16;16;16m▀[0m[38;2;70;74;90m[48;2;16;16;16m▀[0m[38;2;16;16;16m[48;2;119;101;134m▀[0m[38;2;119;101;134m[48;2;119;101;134m▀[0m[38;2;119;101;134m[48;2;119;101;134m▀[0m[38;2;119;101;134m[48;2;119;101;134m▀[0m[38;2;119;101;134m[48;2;119;101;134m▀[0m[38;2;70;74;90m[48;2;70;74;90m▀[0m[38;2;16;16;16m[48;2;16;16;16m▀[0m[38;2;89;31;16m▄[38;2;89;31;16m▄[38;2;89;31;16m▄[38;2;16;16;16m▄ [38;2;89;31;16m▄[38;2;89;31;16m[48;2;211;73;70m▀[0m[38;2;89;31;16m[48;2;211;73;70m▀[0m[38;2;16;16;16m[48;2;211;73;70m▀[0m[38;2;16;16;16m[48;2;211;73;70m▀[0m[38;2;16;16;16m[48;2;211;73;70m▀[0m[38;2;16;16;16m▄[38;2;50;52;47m[48;2;39;115;79m▀[0m[38;2;39;115;79m[48;2;16;16;16m▀[0m[38;2;16;16;16m[48;2;60;62;56m▀[0m[38;2;60;62;56m[48;2;55;102;80m▀[0m[38;2;60;62;56m[48;2;51;182;146m▀[0m[38;2;51;182;146m[48;2;51;182;146m▀[0m[38;2;51;182;146m[48;2;55;102;80m▀[0m[38;2;51;182;146m[48;2;55;102;80m▀[0m[38;2;51;182;146m[48;2;55;102;80m▀[0m[38;2;51;182;146m[48;2;51;182;146m▀[0m[38;2;51;182;146m[48;2;51;182;146m▀[0m[38;2;55;102;80m[48;2;51;182;146m▀[0m[38;2;51;182;146m[48;2;51;182;146m▀[0m[38;2;51;182;146m[48;2;51;182;146m▀[0m[38;2;51;182;146m[48;2;60;62;56m▀[0m[38;2;60;62;56m[48;2;60;62;56m▀[0m[38;2;60;62;56m[48;2;16;16;16m▀[0m   
 [38;2;16;16;16m▀[38;2;16;16;16m[48;2;16;16;16m▀[0m[38;2;70;74;90m[48;2;28;32;39m▀[0m[38;2;70;74;90m[48;2;28;32;39m▀[0m[38;2;70;74;90m[48;2;16;16;16m▀[0m[38;2;28;32;39m[48;2;70;74;90m▀[0m[38;2;119;101;134m[48;2;70;74;90m▀[0m[38;2;119;101;134m[48;2;28;32;39m▀[0m[38;2;119;101;134m[48;2;119;101;134m▀[0m[38;2;119;101;134m[48;2;119;101;134m▀[0m[38;2;119;101;134m[48;2;119;101;134m▀[0m[38;2;119;101;134m[48;2;119;101;134m▀[0m[38;2;119;101;134m[48;2;119;101;134m▀[0m[38;2;70;74;90m[48;2;70;74;90m▀[0m[38;2;185;88;255m[48;2;134;64;199m▀[0m[38;2;51;182;146m[48;2;51;182;146m▀[0m[38;2;51;182;146m[48;2;51;182;146m▀[0m[38;2;51;182;146m[48;2;51;182;146m▀[0m[38;2;51;182;146m[48;2;51;182;146m▀[0m[38;2;51;182;146m[48;2;70;74;90m▀[0m[38;2;16;16;16m[48;2;119;101;134m▀[0m[38;2;16;16;16m[48;2;119;101;134m▀[0m[38;2;119;101;134m[48;2;119;101;134m▀[0m[38;2;119;101;134m[48;2;119;101;134m▀[0m[38;2;119;101;134m[48;2;119;101;134m▀[0m[38;2;119;101;134m[48;2;51;182;146m▀[0m[38;2;119;101;134m[48;2;60;240;214m▀[0m[38;2;119;101;134m[48;2;51;182;146m▀[0m[38;2;70;74;90m[48;2;51;182;146m▀[0m[38;2;70;74;90m[48;2;51;182;146m▀[0m[38;2;70;74;90m[48;2;70;74;90m▀[0m[38;2;211;73;70m[48;2;16;16;16m▀[0m[38;2;211;73;70m[48;2;211;73;70m▀[0m[38;2;211;73;70m[48;2;211;73;70m▀[0m[38;2;211;73;70m[48;2;211;73;70m▀[0m[38;2;16;16;16m[48;2;51;182;146m▀[0m[38;2;16;16;16m[48;2;211;73;70m▀[0m[38;2;211;73;70m[48;2;89;31;16m▀[0m[38;2;211;73;70m[48;2;211;73;70m▀[0m[38;2;211;73;70m[48;2;211;73;70m▀[0m[38;2;211;73;70m[48;2;211;73;70m▀[0m[38;2;211;73;70m[48;2;211;73;70m▀[0m[38;2;211;73;70m[48;2;211;73;70m▀[0m[38;2;16;16;16m[48;2;51;182;146m▀[0m[38;2;60;62;56m[48;2;156;35;39m▀[0m[38;2;55;102;80m[48;2;16;16;16m▀[0m[38;2;51;182;146m[48;2;55;102;80m▀[0m[38;2;51;182;146m[48;2;60;62;56m▀[0m[38;2;60;62;56m[48;2;51;182;146m▀[0m[38;2;60;62;56m[48;2;55;102;80m▀[0m[38;2;60;62;56m[48;2;60;62;56m▀[0m[38;2;60;62;56m[48;2;60;62;56m▀[0m[38;2;60;62;56m[48;2;51;182;146m▀[0m[38;2;60;62;56m[48;2;51;182;146m▀[0m[38;2;51;182;146m[48;2;60;62;56m▀[0m[38;2;55;102;80m[48;2;51;182;146m▀[0m[38;2;60;62;56m[48;2;51;182;146m▀[0m[38;2;60;62;56m[48;2;16;16;16m▀[0m[38;2;51;182;146m▀[38;2;16;16;16m▀   
  [38;2;16;16;16m▀[38;2;28;32;39m[48;2;28;32;39m▀[0m[38;2;28;32;39m[48;2;16;16;16m▀[0m[38;2;16;16;16m▀[38;2;16;16;16m▀[38;2;70;74;90m[48;2;16;16;16m▀[0m[38;2;70;74;90m[48;2;70;74;90m▀[0m[38;2;119;101;134m[48;2;28;32;39m▀[0m[38;2;119;101;134m[48;2;119;101;134m▀[0m[38;2;119;101;134m[48;2;119;101;134m▀[0m[38;2;119;101;134m[48;2;119;101;134m▀[0m[38;2;119;101;134m[48;2;119;101;134m▀[0m[38;2;28;32;39m[48;2;28;32;39m▀[0m[38;2;134;64;199m[48;2;134;64;199m▀[0m[38;2;51;182;146m[48;2;51;182;146m▀[0m[38;2;51;182;146m[48;2;51;182;146m▀[0m[38;2;51;182;146m[48;2;28;32;39m▀[0m[38;2;28;32;39m[48;2;70;74;90m▀[0m[38;2;119;101;134m[48;2;119;101;134m▀[0m[38;2;119;101;134m[48;2;119;101;134m▀[0m[38;2;119;101;134m[48;2;119;101;134m▀[0m[38;2;119;101;134m[48;2;119;101;134m▀[0m[38;2;119;101;134m[48;2;119;101;134m▀[0m[38;2;119;101;134m[48;2;51;182;146m▀[0m[38;2;60;240;214m[48;2;50;52;47m▀[0m[38;2;50;52;47m[48;2;50;52;47m▀[0m[38;2;60;62;56m[48;2;50;52;47m▀[0m[38;2;51;182;146m[48;2;51;182;146m▀[0m[38;2;51;182;146m[48;2;51;182;146m▀[0m[38;2;70;74;90m[48;2;70;74;90m▀[0m[38;2;16;16;16m[48;2;16;16;16m▀[0m[38;2;211;73;70m[48;2;211;73;70m▀[0m[38;2;211;73;70m[48;2;211;73;70m▀[0m[38;2;211;73;70m[48;2;51;182;146m▀[0m[38;2;60;240;214m[48;2;60;240;214m▀[0m[38;2;51;182;146m[48;2;60;240;214m▀[0m[38;2;89;31;16m[48;2;156;35;39m▀[0m[38;2;156;35;39m[48;2;89;31;16m▀[0m[38;2;211;73;70m[48;2;156;35;39m▀[0m[38;2;211;73;70m[48;2;211;73;70m▀[0m[38;2;211;73;70m[48;2;211;73;70m▀[0m[38;2;51;182;146m[48;2;51;182;146m▀[0m[38;2;60;240;214m[48;2;50;52;47m▀[0m[38;2;51;182;146m[48;2;60;240;214m▀[0m[38;2;156;35;39m[48;2;51;182;146m▀[0m[38;2;16;16;16m[48;2;16;16;16m▀[0m[38;2;16;16;16m[48;2;70;74;90m▀[0m[38;2;55;102;80m[48;2;60;62;56m▀[0m[38;2;60;62;56m[48;2;16;16;16m▀[0m[38;2;16;16;16m▀[38;2;16;16;16m▀[38;2;60;62;56m[48;2;16;16;16m▀[0m[38;2;51;182;146m[48;2;51;182;146m▀[0m[38;2;51;182;146m[48;2;16;16;16m▀[0m[38;2;51;182;146m[48;2;16;16;16m▀[0m[38;2;16;16;16m▀      
   [38;2;16;16;16m▀   [38;2;16;16;16m▄[38;2;16;16;16m[48;2;70;74;90m▀[0m[38;2;70;74;90m[48;2;70;74;90m▀[0m[38;2;28;32;39m[48;2;70;74;90m▀[0m[38;2;119;101;134m[48;2;28;32;39m▀[0m[38;2;119;101;134m[48;2;119;101;134m▀[0m[38;2;119;101;134m[48;2;16;16;16m▀[0m[38;2;28;32;39m[48;2;185;88;255m▀[0m[38;2;185;88;255m[48;2;185;88;255m▀[0m[38;2;51;182;146m[48;2;134;64;199m▀[0m[38;2;51;182;146m[48;2;51;182;146m▀[0m[38;2;28;32;39m[48;2;16;16;16m▀[0m[38;2;70;74;90m[48;2;70;74;90m▀[0m[38;2;119;101;134m[48;2;119;101;134m▀[0m[38;2;119;101;134m[48;2;119;101;134m▀[0m[38;2;119;101;134m[48;2;119;101;134m▀[0m[38;2;119;101;134m[48;2;119;101;134m▀[0m[38;2;119;101;134m[48;2;119;101;134m▀[0m[38;2;60;240;214m[48;2;60;240;214m▀[0m[38;2;50;52;47m[48;2;50;52;47m▀[0m[38;2;50;52;47m[48;2;50;52;47m▀[0m[38;2;50;52;47m[48;2;51;182;146m▀[0m[38;2;51;182;146m[48;2;51;182;146m▀[0m[38;2;70;74;90m[48;2;70;74;90m▀[0m[38;2;70;74;90m[48;2;70;74;90m▀[0m[38;2;16;16;16m[48;2;16;16;16m▀[0m[38;2;156;35;39m[48;2;156;35;39m▀[0m[38;2;211;73;70m[48;2;156;35;39m▀[0m[38;2;51;182;146m[48;2;51;182;146m▀[0m[38;2;60;240;214m[48;2;50;52;47m▀[0m[38;2;50;52;47m[48;2;50;52;47m▀[0m[38;2;156;35;39m[48;2;156;35;39m▀[0m[38;2;89;31;16m[48;2;89;31;16m▀[0m[38;2;156;35;39m[48;2;156;35;39m▀[0m[38;2;211;73;70m[48;2;156;35;39m▀[0m[38;2;211;73;70m[48;2;211;73;70m▀[0m[38;2;51;182;146m[48;2;39;115;79m▀[0m[38;2;50;52;47m[48;2;50;52;47m▀[0m[38;2;60;240;214m[48;2;50;52;47m▀[0m[38;2;51;182;146m[48;2;51;182;146m▀[0m[38;2;89;31;16m[48;2;156;35;39m▀[0m[38;2;70;74;90m[48;2;16;16;16m▀[0m[38;2;16;16;16m[48;2;70;74;90m▀[0m[38;2;16;16;16m▄  [38;2;16;16;16m▀[38;2;16;16;16m▀         
      [38;2;16;16;16m[48;2;16;16;16m▀[0m[38;2;70;74;90m[48;2;70;74;90m▀[0m[38;2;70;74;90m[48;2;70;74;90m▀[0m[38;2;70;74;90m[48;2;70;74;90m▀[0m[38;2;16;16;16m[48;2;70;74;90m▀[0m[38;2;16;16;16m[48;2;16;16;16m▀[0m[38;2;50;52;47m[48;2;50;52;47m▀[0m[38;2;50;52;47m[48;2;50;52;47m▀[0m[38;2;50;52;47m[48;2;50;52;47m▀[0m[38;2;50;52;47m[48;2;50;52;47m▀[0m[38;2;185;88;255m[48;2;50;52;47m▀[0m[38;2;134;64;199m[48;2;185;88;255m▀[0m[38;2;16;16;16m[48;2;16;16;16m▀[0m[38;2;70;74;90m[48;2;119;101;134m▀[0m[38;2;119;101;134m[48;2;119;101;134m▀[0m[38;2;119;101;134m[48;2;119;101;134m▀[0m[38;2;119;101;134m[48;2;119;101;134m▀[0m[38;2;119;101;134m[48;2;119;101;134m▀[0m[38;2;119;101;134m[48;2;119;101;134m▀[0m[38;2;119;101;134m[48;2;70;74;90m▀[0m[38;2;51;182;146m[48;2;70;74;90m▀[0m[38;2;51;182;146m[48;2;70;74;90m▀[0m[38;2;70;74;90m[48;2;70;74;90m▀[0m[38;2;70;74;90m[48;2;70;74;90m▀[0m[38;2;70;74;90m[48;2;70;74;90m▀[0m[38;2;70;74;90m[48;2;70;74;90m▀[0m[38;2;16;16;16m[48;2;156;35;39m▀[0m[38;2;156;35;39m[48;2;156;35;39m▀[0m[38;2;156;35;39m[48;2;156;35;39m▀[0m[38;2;39;115;79m[48;2;156;35;39m▀[0m[38;2;51;182;146m[48;2;39;115;79m▀[0m[38;2;51;182;146m[48;2;39;115;79m▀[0m[38;2;156;35;39m[48;2;156;35;39m▀[0m[38;2;16;16;16m[48;2;16;16;16m▀[0m[38;2;156;35;39m[48;2;156;35;39m▀[0m[38;2;156;35;39m[48;2;156;35;39m▀[0m[38;2;156;35;39m[48;2;156;35;39m▀[0m[38;2;156;35;39m[48;2;156;35;39m▀[0m[38;2;51;182;146m[48;2;39;115;79m▀[0m[38;2;51;182;146m[48;2;39;115;79m▀[0m[38;2;39;115;79m[48;2;156;35;39m▀[0m[38;2;156;35;39m[48;2;156;35;39m▀[0m[38;2;16;16;16m[48;2;16;16;16m▀[0m[38;2;50;52;47m[48;2;50;52;47m▀[0m[38;2;50;52;47m[48;2;16;16;16m▀[0m[38;2;16;16;16m▀            
       [38;2;16;16;16m▀[38;2;16;16;16m▀[38;2;70;74;90m[48;2;16;16;16m▀[0m[38;2;70;74;90m[48;2;16;16;16m▀[0m[38;2;70;74;90m[48;2;16;16;16m▀[0m[38;2;16;16;16m[48;2;70;74;90m▀[0m[38;2;50;52;47m[48;2;16;16;16m▀[0m[38;2;50;52;47m[48;2;50;52;47m▀[0m[38;2;50;52;47m[48;2;50;52;47m▀[0m[38;2;50;52;47m[48;2;50;52;47m▀[0m[38;2;50;52;47m[48;2;50;52;47m▀[0m[38;2;16;16;16m[48;2;16;16;16m▀[0m[38;2;119;101;134m[48;2;119;101;134m▀[0m[38;2;119;101;134m[48;2;119;101;134m▀[0m[38;2;119;101;134m[48;2;119;101;134m▀[0m[38;2;119;101;134m[48;2;119;101;134m▀[0m[38;2;119;101;134m[48;2;70;74;90m▀[0m[38;2;70;74;90m[48;2;70;74;90m▀[0m[38;2;70;74;90m[48;2;70;74;90m▀[0m[38;2;70;74;90m[48;2;28;32;39m▀[0m[38;2;70;74;90m[48;2;16;16;16m▀[0m[38;2;70;74;90m[48;2;16;16;16m▀[0m[38;2;70;74;90m[48;2;16;16;16m▀[0m[38;2;16;16;16m[48;2;156;35;39m▀[0m[38;2;16;16;16m[48;2;156;35;39m▀[0m[38;2;156;35;39m[48;2;89;31;16m▀[0m[38;2;156;35;39m[48;2;156;35;39m▀[0m[38;2;156;35;39m[48;2;156;35;39m▀[0m[38;2;156;35;39m[48;2;156;35;39m▀[0m[38;2;156;35;39m[48;2;156;35;39m▀[0m[38;2;156;35;39m[48;2;156;35;39m▀[0m[38;2;156;35;39m[48;2;16;16;16m▀[0m[38;2;16;16;16m[48;2;16;16;16m▀[0m[38;2;156;35;39m[48;2;156;35;39m▀[0m[38;2;156;35;39m[48;2;156;35;39m▀[0m[38;2;156;35;39m[48;2;156;35;39m▀[0m[38;2;156;35;39m[48;2;156;35;39m▀[0m[38;2;156;35;39m[48;2;156;35;39m▀[0m[38;2;156;35;39m[48;2;156;35;39m▀[0m[38;2;156;35;39m[48;2;156;35;39m▀[0m[38;2;156;35;39m[48;2;156;35;39m▀[0m[38;2;16;16;16m[48;2;16;16;16m▀[0m[38;2;16;16;16m▀              
            [38;2;16;16;16m[48;2;16;16;16m▀[0m[38;2;50;52;47m[48;2;50;52;47m▀[0m[38;2;16;16;16m[48;2;50;52;47m▀[0m[38;2;50;52;47m[48;2;16;16;16m▀[0m[38;2;50;52;47m[48;2;16;16;16m▀[0m[38;2;16;16;16m[48;2;16;16;16m▀[0m[38;2;119;101;134m[48;2;119;101;134m▀[0m[38;2;119;101;134m[48;2;119;101;134m▀[0m[38;2;119;101;134m[48;2;70;74;90m▀[0m[38;2;70;74;90m[48;2;70;74;90m▀[0m[38;2;70;74;90m[48;2;70;74;90m▀[0m[38;2;70;74;90m[48;2;70;74;90m▀[0m[38;2;70;74;90m[48;2;16;16;16m▀[0m[38;2;70;74;90m[48;2;16;16;16m▀[0m[38;2;50;52;47m[48;2;50;52;47m▀[0m[38;2;50;52;47m[48;2;156;35;39m▀[0m[38;2;156;35;39m[48;2;156;35;39m▀[0m[38;2;16;16;16m[48;2;16;16;16m▀[0m[38;2;16;16;16m[48;2;50;52;47m▀[0m[38;2;16;16;16m[48;2;50;52;47m▀[0m[38;2;16;16;16m[48;2;50;52;47m▀[0m[38;2;16;16;16m[48;2;50;52;47m▀[0m[38;2;156;35;39m[48;2;16;16;16m▀[0m[38;2;89;31;16m[48;2;51;182;146m▀[0m[38;2;89;31;16m[48;2;51;182;146m▀[0m[38;2;89;31;16m[48;2;16;16;16m▀[0m[38;2;50;52;47m[48;2;50;52;47m▀[0m[38;2;16;16;16m[48;2;16;16;16m▀[0m[38;2;156;35;39m[48;2;89;31;16m▀[0m[38;2;156;35;39m[48;2;156;35;39m▀[0m[38;2;156;35;39m[48;2;156;35;39m▀[0m[38;2;156;35;39m[48;2;156;35;39m▀[0m[38;2;156;35;39m[48;2;156;35;39m▀[0m[38;2;156;35;39m[48;2;156;35;39m▀[0m[38;2;156;35;39m[48;2;156;35;39m▀[0m[38;2;156;35;39m[48;2;156;35;39m▀[0m[38;2;16;16;16m[48;2;16;16;16m▀[0m[38;2;16;16;16m[48;2;156;35;39m▀[0m[38;2;16;16;16m[48;2;156;35;39m▀[0m[38;2;16;16;16m▄            
            [38;2;16;16;16m▄[38;2;16;16;16m[48;2;39;115;79m▀[0m[38;2;156;35;39m[48;2;39;115;79m▀[0m[38;2;39;115;79m[48;2;51;182;146m▀[0m[38;2;39;115;79m[48;2;51;182;146m▀[0m[38;2;51;182;146m[48;2;51;182;146m▀[0m[38;2;16;16;16m[48;2;16;16;16m▀[0m[38;2;16;16;16m▀ [38;2;16;16;16m▀[38;2;16;16;16m▀[38;2;50;52;47m▀[38;2;50;52;47m[48;2;16;16;16m▀[0m[38;2;50;52;47m[48;2;50;52;47m▀[0m[38;2;156;35;39m[48;2;50;52;47m▀[0m[38;2;156;35;39m[48;2;156;35;39m▀[0m[38;2;156;35;39m[48;2;51;182;146m▀[0m[38;2;51;182;146m[48;2;60;240;214m▀[0m[38;2;16;16;16m[48;2;60;240;214m▀[0m[38;2;50;52;47m[48;2;16;16;16m▀[0m[38;2;50;52;47m[48;2;16;16;16m▀[0m[38;2;50;52;47m[48;2;16;16;16m▀[0m[38;2;16;16;16m[48;2;156;35;39m▀[0m[38;2;51;182;146m[48;2;16;16;16m▀[0m[38;2;16;16;16m[48;2;16;16;16m▀[0m[38;2;16;16;16m▀[38;2;16;16;16m[48;2;51;182;146m▀[0m[38;2;51;182;146m[48;2;51;182;146m▀[0m[38;2;16;16;16m[48;2;51;182;146m▀[0m[38;2;89;31;16m[48;2;16;16;16m▀[0m[38;2;156;35;39m[48;2;156;35;39m▀[0m[38;2;156;35;39m[48;2;156;35;39m▀[0m[38;2;156;35;39m[48;2;156;35;39m▀[0m[38;2;156;35;39m[48;2;156;35;39m▀[0m[38;2;156;35;39m[48;2;156;35;39m▀[0m[38;2;156;35;39m[48;2;16;16;16m▀[0m[38;2;156;35;39m[48;2;156;35;39m▀[0m[38;2;156;35;39m[48;2;39;115;79m▀[0m[38;2;39;115;79m[48;2;51;182;146m▀[0m[38;2;16;16;16m[48;2;16;16;16m▀[0m            
           [38;2;16;16;16m[48;2;16;16;16m▀[0m[38;2;51;182;146m[48;2;51;182;146m▀[0m[38;2;51;182;146m[48;2;39;115;79m▀[0m[38;2;51;182;146m[48;2;39;115;79m▀[0m[38;2;39;115;79m[48;2;156;35;39m▀[0m[38;2;39;115;79m[48;2;16;16;16m▀[0m[38;2;16;16;16m▀       [38;2;16;16;16m▀[38;2;50;52;47m[48;2;211;73;70m▀[0m[38;2;211;73;70m[48;2;211;73;70m▀[0m[38;2;51;182;146m[48;2;60;240;214m▀[0m[38;2;60;240;214m[48;2;60;240;214m▀[0m[38;2;60;240;214m[48;2;51;182;146m▀[0m[38;2;16;16;16m[48;2;16;16;16m▀[0m[38;2;156;35;39m[48;2;156;35;39m▀[0m[38;2;156;35;39m[48;2;156;35;39m▀[0m[38;2;156;35;39m[48;2;16;16;16m▀[0m[38;2;16;16;16m▀ [38;2;16;16;16m▄[38;2;51;182;146m[48;2;39;115;79m▀[0m[38;2;39;115;79m[48;2;156;35;39m▀[0m[38;2;156;35;39m[48;2;156;35;39m▀[0m[38;2;156;35;39m[48;2;16;16;16m▀[0m[38;2;16;16;16m▀[38;2;156;35;39m[48;2;16;16;16m▀[0m[38;2;156;35;39m[48;2;156;35;39m▀[0m[38;2;156;35;39m[48;2;156;35;39m▀[0m[38;2;156;35;39m[48;2;16;16;16m▀[0m[38;2;16;16;16m▀[38;2;89;31;16m[48;2;16;16;16m▀[0m[38;2;39;115;79m[48;2;51;182;146m▀[0m[38;2;51;182;146m[48;2;51;182;146m▀[0m[38;2;16;16;16m[48;2;39;115;79m▀[0m[38;2;16;16;16m▄           
          [38;2;16;16;16m[48;2;16;16;16m▀[0m[38;2;156;35;39m[48;2;156;35;39m▀[0m[38;2;156;35;39m[48;2;156;35;39m▀[0m[38;2;156;35;39m[48;2;156;35;39m▀[0m[38;2;156;35;39m[48;2;156;35;39m▀[0m[38;2;16;16;16m▀          [38;2;211;73;70m[48;2;60;240;214m▀[0m[38;2;60;240;214m[48;2;60;240;214m▀[0m[38;2;60;240;214m[48;2;60;240;214m▀[0m[38;2;60;240;214m[48;2;211;73;70m▀[0m[38;2;16;16;16m[48;2;16;16;16m▀[0m [38;2;16;16;16m▀[38;2;16;16;16m▀   [38;2;16;16;16m[48;2;16;16;16m▀[0m[38;2;156;35;39m[48;2;156;35;39m▀[0m[38;2;156;35;39m[48;2;156;35;39m▀[0m[38;2;16;16;16m[48;2;16;16;16m▀[0m  [38;2;89;31;16m▀[38;2;156;35;39m[48;2;156;35;39m▀[0m[38;2;156;35;39m[48;2;16;16;16m▀[0m[38;2;16;16;16m▀ [38;2;16;16;16m▀[38;2;51;182;146m[48;2;51;182;146m▀[0m[38;2;51;182;146m[48;2;39;115;79m▀[0m[38;2;156;35;39m[48;2;156;35;39m▀[0m[38;2;16;16;16m[48;2;16;16;16m▀[0m           
         [38;2;50;52;47m[48;2;50;52;47m▀[0m[38;2;156;35;39m[48;2;156;35;39m▀[0m[38;2;156;35;39m[48;2;156;35;39m▀[0m[38;2;156;35;39m[48;2;16;16;16m▀[0m[38;2;16;16;16m▀           [38;2;16;16;16m[48;2;16;16;16m▀[0m[38;2;60;240;214m[48;2;211;73;70m▀[0m[38;2;51;182;146m[48;2;211;73;70m▀[0m[38;2;211;73;70m[48;2;16;16;16m▀[0m[38;2;16;16;16m▀     [38;2;16;16;16m▄[38;2;16;16;16m[48;2;50;52;47m▀[0m[38;2;50;52;47m[48;2;50;52;47m▀[0m[38;2;156;35;39m[48;2;16;16;16m▀[0m[38;2;16;16;16m▀         [38;2;156;35;39m[48;2;156;35;39m▀[0m[38;2;156;35;39m[48;2;156;35;39m▀[0m[38;2;156;35;39m[48;2;16;16;16m▀[0m[38;2;16;16;16m▀           
        [38;2;16;16;16m[48;2;16;16;16m▀[0m[38;2;50;52;47m[48;2;16;16;16m▀[0m[38;2;156;35;39m[48;2;16;16;16m▀[0m[38;2;156;35;39m[48;2;16;16;16m▀[0m[38;2;16;16;16m▀           [38;2;16;16;16m▄[38;2;16;16;16m[48;2;211;73;70m▀[0m[38;2;211;73;70m[48;2;211;73;70m▀[0m[38;2;211;73;70m[48;2;16;16;16m▀[0m[38;2;16;16;16m▀      [38;2;16;16;16m[48;2;16;16;16m▀[0m[38;2;50;52;47m[48;2;16;16;16m▀[0m[38;2;50;52;47m[48;2;16;16;16m▀[0m[38;2;16;16;16m▀         [38;2;16;16;16m▄[38;2;50;52;47m[48;2;50;52;47m▀[0m[38;2;156;35;39m[48;2;156;35;39m▀[0m[38;2;16;16;16m[48;2;16;16;16m▀[0m            
                       [38;2;16;16;16m▄[38;2;16;16;16m[48;2;60;62;56m▀[0m[38;2;50;52;47m[48;2;50;52;47m▀[0m[38;2;211;73;70m[48;2;16;16;16m▀[0m[38;2;16;16;16m▀                    [38;2;16;16;16m▀[38;2;50;52;47m▀[38;2;156;35;39m▀[38;2;16;16;16m▀            
                       [38;2;16;16;16m[48;2;16;16;16m▀[0m[38;2;60;62;56m[48;2;16;16;16m▀[0m[38;2;50;52;47m[48;2;16;16;16m▀[0m[38;2;16;16;16m▀                                     
[0m