             [38;2;138;138;59m▄[38;2;138;138;59m[48;2;138;138;59m▀[0m[38;2;138;138;59m[48;2;189;178;100m▀[0m[38;2;138;138;59m[48;2;189;178;100m▀[0m[38;2;138;138;59m[48;2;189;178;100m▀[0m[38;2;138;138;59m[48;2;189;178;100m▀[0m[38;2;138;138;59m[48;2;138;138;59m▀[0m[38;2;16;16;16m▄                     
            [38;2;138;138;59m[48;2;138;138;59m▀[0m[38;2;230;221;126m[48;2;230;221;126m▀[0m[38;2;230;221;126m[48;2;230;221;126m▀[0m[38;2;16;16;16m[48;2;230;221;126m▀[0m[38;2;16;16;16m[48;2;230;221;126m▀[0m[38;2;16;16;16m[48;2;189;178;100m▀[0m[38;2;16;16;16m[48;2;189;178;100m▀[0m[38;2;189;178;100m[48;2;189;178;100m▀[0m[38;2;189;178;100m[48;2;189;178;100m▀[0m[38;2;16;16;16m[48;2;16;16;16m▀[0m                    
            [38;2;138;138;59m[48;2;138;138;59m▀[0m[38;2;230;221;126m[48;2;230;221;126m▀[0m[38;2;230;221;126m[48;2;230;221;126m▀[0m[38;2;230;221;126m[48;2;230;221;126m▀[0m[38;2;230;221;126m[48;2;230;221;126m▀[0m[38;2;230;221;126m[48;2;230;221;126m▀[0m[38;2;189;178;100m[48;2;189;178;100m▀[0m[38;2;189;178;100m[48;2;189;178;100m▀[0m[38;2;189;178;100m[48;2;189;178;100m▀[0m[38;2;16;16;16m[48;2;16;16;16m▀[0m                    
            [38;2;138;138;59m[48;2;138;138;59m▀[0m[38;2;230;221;126m[48;2;230;221;126m▀[0m[38;2;230;221;126m[48;2;230;221;126m▀[0m[38;2;230;221;126m[48;2;230;221;126m▀[0m[38;2;230;221;126m[48;2;230;221;126m▀[0m[38;2;230;221;126m[48;2;230;221;126m▀[0m[38;2;189;178;100m[48;2;189;178;100m▀[0m[38;2;189;178;100m[48;2;189;178;100m▀[0m[38;2;189;178;100m[48;2;189;178;100m▀[0m[38;2;16;16;16m[48;2;16;16;16m▀[0m                    
            [38;2;138;138;59m[48;2;138;138;59m▀[0m[38;2;230;221;126m[48;2;230;221;126m▀[0m[38;2;230;221;126m[48;2;230;221;126m▀[0m[38;2;230;221;126m[48;2;230;221;126m▀[0m[38;2;230;221;126m[48;2;230;221;126m▀[0m[38;2;230;221;126m[48;2;230;221;126m▀[0m[38;2;189;178;100m[48;2;189;178;100m▀[0m[38;2;189;178;100m[48;2;189;178;100m▀[0m[38;2;189;178;100m[48;2;189;178;100m▀[0m[38;2;16;16;16m[48;2;16;16;16m▀[0m                    
            [38;2;138;138;59m[48;2;138;138;59m▀[0m[38;2;230;221;126m[48;2;138;138;59m▀[0m[38;2;230;221;126m[48;2;230;221;126m▀[0m[38;2;230;221;126m[48;2;230;221;126m▀[0m[38;2;230;221;126m[48;2;230;221;126m▀[0m[38;2;230;221;126m[48;2;230;221;126m▀[0m[38;2;189;178;100m[48;2;189;178;100m▀[0m[38;2;189;178;100m[48;2;189;178;100m▀[0m[38;2;189;178;100m[48;2;138;138;59m▀[0m[38;2;16;16;16m[48;2;138;138;59m▀[0m                    
           [38;2;138;138;59m▀[38;2;230;221;126m[48;2;138;138;59m▀[0m[38;2;230;221;126m[48;2;138;138;59m▀[0m[38;2;138;138;59m[48;2;230;221;126m▀[0m[38;2;138;138;59m[48;2;230;221;126m▀[0m[38;2;138;138;59m[48;2;230;221;126m▀[0m[38;2;138;138;59m[48;2;230;221;126m▀[0m[38;2;138;138;59m[48;2;189;178;100m▀[0m[38;2;138;138;59m[48;2;189;178;100m▀[0m[38;2;189;178;100m[48;2;138;138;59m▀[0m[38;2;189;178;100m[48;2;16;16;16m▀[0m[38;2;16;16;16m▀                   
           [38;2;138;138;59m[48;2;138;138;59m▀[0m[38;2;230;221;126m[48;2;138;138;59m▀[0m[38;2;230;221;126m[48;2;230;221;126m▀[0m[38;2;16;16;16m[48;2;16;16;16m▀[0m[38;2;138;138;59m[48;2;230;221;126m▀[0m[38;2;138;138;59m[48;2;230;221;126m▀[0m[38;2;138;138;59m[48;2;16;16;16m▀[0m[38;2;138;138;59m[48;2;189;178;100m▀[0m[38;2;138;138;59m[48;2;189;178;100m▀[0m[38;2;189;178;100m[48;2;138;138;59m▀[0m[38;2;189;178;100m[48;2;138;138;59m▀[0m[38;2;16;16;16m[48;2;189;178;100m▀[0m                   
           [38;2;16;16;16m[48;2;138;138;59m▀[0m[38;2;230;221;126m[48;2;16;16;16m▀[0m[38;2;138;138;59m[48;2;16;16;16m▀[0m[38;2;16;16;16m[48;2;230;221;126m▀[0m[38;2;138;138;59m[48;2;16;16;16m▀[0m[38;2;16;16;16m[48;2;230;221;126m▀[0m[38;2;138;138;59m[48;2;230;221;126m▀[0m[38;2;138;138;59m[48;2;189;178;100m▀[0m[38;2;138;138;59m[48;2;189;178;100m▀[0m[38;2;189;178;100m[48;2;16;16;16m▀[0m[38;2;189;178;100m[48;2;16;16;16m▀[0m[38;2;16;16;16m[48;2;189;178;100m▀[0m[38;2;138;138;59m[48;2;189;178;100m▀[0m[38;2;138;138;59m▄[38;2;138;138;59m▄                
      [38;2;138;138;59m▄[38;2;138;138;59m▄[38;2;138;138;59m▄[38;2;138;138;59m[48;2;230;221;126m▀[0m[38;2;138;138;59m[48;2;230;221;126m▀[0m[38;2;230;221;126m[48;2;16;16;16m▀[0m[38;2;230;221;126m[48;2;138;138;59m▀[0m[38;2;189;178;100m[48;2;230;221;126m▀[0m[38;2;16;16;16m[48;2;230;221;126m▀[0m[38;2;16;16;16m[48;2;230;221;126m▀[0m[38;2;16;16;16m[48;2;230;221;126m▀[0m[38;2;16;16;16m[48;2;230;221;126m▀[0m[38;2;16;16;16m[48;2;230;221;126m▀[0m[38;2;16;16;16m[48;2;189;178;100m▀[0m[38;2;189;178;100m[48;2;230;221;126m▀[0m[38;2;189;178;100m[48;2;230;221;126m▀[0m[38;2;189;178;100m[48;2;138;138;59m▀[0m[38;2;189;178;100m[48;2;189;178;100m▀[0m[38;2;189;178;100m[48;2;189;178;100m▀[0m[38;2;189;178;100m[48;2;138;138;59m▀[0m[38;2;138;138;59m[48;2;189;178;100m▀[0m[38;2;138;138;59m▄[38;2;138;138;59m▄             
     [38;2;138;138;59m▀[38;2;230;221;126m[48;2;16;16;16m▀[0m[38;2;230;221;126m[48;2;16;16;16m▀[0m[38;2;230;221;126m[48;2;16;16;16m▀[0m[38;2;16;16;16m[48;2;189;178;100m▀[0m[38;2;16;16;16m[48;2;138;138;59m▀[0m[38;2;138;138;59m[48;2;230;221;126m▀[0m[38;2;230;221;126m[48;2;138;138;59m▀[0m[38;2;138;138;59m[48;2;230;221;126m▀[0m[38;2;230;221;126m[48;2;189;178;100m▀[0m[38;2;138;138;59m[48;2;138;138;59m▀[0m[38;2;230;221;126m[48;2;230;221;126m▀[0m[38;2;189;178;100m[48;2;16;16;16m▀[0m[38;2;230;221;126m[48;2;138;138;59m▀[0m[38;2;230;221;126m[48;2;230;221;126m▀[0m[38;2;138;138;59m[48;2;16;16;16m▀[0m[38;2;230;221;126m[48;2;138;138;59m▀[0m[38;2;230;221;126m[48;2;230;221;126m▀[0m[38;2;138;138;59m[48;2;230;221;126m▀[0m[38;2;189;178;100m[48;2;138;138;59m▀[0m[38;2;189;178;100m[48;2;189;178;100m▀[0m[38;2;138;138;59m[48;2;189;178;100m▀[0m[38;2;189;178;100m[48;2;16;16;16m▀[0m[38;2;189;178;100m[48;2;138;138;59m▀[0m[38;2;138;138;59m[48;2;189;178;100m▀[0m[38;2;138;138;59m▄           
     [38;2;138;138;59m▄[38;2;138;138;59m[48;2;189;178;100m▀[0m[38;2;189;178;100m[48;2;138;138;59m▀[0m[38;2;189;178;100m[48;2;138;138;59m▀[0m[38;2;38;87;51m[48;2;38;87;51m▀[0m[38;2;16;16;16m[48;2;255;255;107m▀[0m[38;2;16;16;16m[48;2;255;255;107m▀[0m[38;2;138;138;59m[48;2;16;16;16m▀[0m[38;2;230;221;126m[48;2;16;16;16m▀[0m[38;2;16;16;16m[48;2;86;176;94m▀[0m[38;2;138;138;59m[48;2;86;176;94m▀[0m[38;2;230;221;126m[48;2;16;16;16m▀[0m[38;2;16;16;16m[48;2;86;176;94m▀[0m[38;2;86;176;94m[48;2;86;176;94m▀[0m[38;2;138;138;59m[48;2;138;138;59m▀[0m[38;2;230;221;126m[48;2;230;221;126m▀[0m[38;2;16;16;16m[48;2;16;16;16m▀[0m[38;2;16;16;16m[48;2;59;128;77m▀[0m[38;2;230;221;126m[48;2;16;16;16m▀[0m[38;2;138;138;59m[48;2;230;221;126m▀[0m[38;2;16;16;16m[48;2;138;138;59m▀[0m[38;2;189;178;100m[48;2;16;16;16m▀[0m[38;2;189;178;100m[48;2;189;178;100m▀[0m[38;2;16;16;16m[48;2;189;178;100m▀[0m[38;2;138;138;59m[48;2;16;16;16m▀[0m[38;2;189;178;100m[48;2;138;138;59m▀[0m[38;2;16;16;16m[48;2;189;178;100m▀[0m[38;2;16;16;16m▄         
    [38;2;138;138;59m[48;2;138;138;59m▀[0m[38;2;230;221;126m[48;2;230;221;126m▀[0m[38;2;16;16;16m[48;2;16;16;16m▀[0m [38;2;38;87;51m[48;2;38;87;51m▀[0m[38;2;255;255;107m[48;2;255;255;107m▀[0m[38;2;186;212;91m[48;2;86;176;94m▀[0m[38;2;86;176;94m[48;2;186;212;91m▀[0m[38;2;255;255;107m[48;2;255;255;107m▀[0m[38;2;86;176;94m[48;2;86;176;94m▀[0m[38;2;86;176;94m[48;2;86;176;94m▀[0m[38;2;86;176;94m[48;2;255;255;107m▀[0m[38;2;255;255;107m[48;2;186;212;91m▀[0m[38;2;255;255;107m[48;2;86;176;94m▀[0m[38;2;86;176;94m[48;2;255;255;107m▀[0m[38;2;86;176;94m[48;2;86;176;94m▀[0m[38;2;138;138;59m[48;2;138;138;59m▀[0m[38;2;230;221;126m[48;2;230;221;126m▀[0m[38;2;16;16;16m[48;2;16;16;16m▀[0m[38;2;16;16;16m[48;2;59;128;77m▀[0m[38;2;230;221;126m[48;2;138;138;59m▀[0m[38;2;138;138;59m[48;2;230;221;126m▀[0m[38;2;59;128;77m[48;2;138;138;59m▀[0m[38;2;16;16;16m[48;2;16;16;16m▀[0m[38;2;230;221;126m[48;2;230;221;126m▀[0m[38;2;16;16;16m[48;2;16;16;16m▀[0m [38;2;16;16;16m[48;2;16;16;16m▀[0m[38;2;189;178;100m[48;2;189;178;100m▀[0m[38;2;16;16;16m[48;2;16;16;16m▀[0m        
   [38;2;16;16;16m[48;2;16;16;16m▀[0m[38;2;230;221;126m[48;2;230;221;126m▀[0m[38;2;16;16;16m[48;2;16;16;16m▀[0m [38;2;100;102;33m▄[38;2;38;87;51m[48;2;38;87;51m▀[0m[38;2;255;255;107m[48;2;255;255;107m▀[0m[38;2;86;176;94m[48;2;86;176;94m▀[0m[38;2;255;255;107m[48;2;86;176;94m▀[0m[38;2;186;212;91m[48;2;86;176;94m▀[0m[38;2;86;176;94m[48;2;86;176;94m▀[0m[38;2;86;176;94m[48;2;86;176;94m▀[0m[38;2;255;255;107m[48;2;255;255;107m▀[0m[38;2;86;176;94m[48;2;86;176;94m▀[0m[38;2;186;212;91m[48;2;255;255;107m▀[0m[38;2;255;255;107m[48;2;186;212;91m▀[0m[38;2;86;176;94m[48;2;86;176;94m▀[0m[38;2;138;138;59m[48;2;138;138;59m▀[0m[38;2;230;221;126m[48;2;230;221;126m▀[0m[38;2;16;16;16m[48;2;16;16;16m▀[0m[38;2;59;128;77m[48;2;59;128;77m▀[0m[38;2;16;16;16m[48;2;16;16;16m▀[0m[38;2;230;221;126m[48;2;230;221;126m▀[0m[38;2;138;138;59m[48;2;138;138;59m▀[0m[38;2;59;128;77m[48;2;59;128;77m▀[0m[38;2;16;16;16m[48;2;16;16;16m▀[0m[38;2;230;221;126m[48;2;230;221;126m▀[0m[38;2;16;16;16m[48;2;16;16;16m▀[0m[38;2;100;102;33m▄[38;2;16;16;16m[48;2;16;16;16m▀[0m[38;2;189;178;100m[48;2;189;178;100m▀[0m[38;2;16;16;16m[48;2;16;16;16m▀[0m       
  [38;2;100;102;33m▄[38;2;16;16;16m[48;2;16;16;16m▀[0m[38;2;230;221;126m[48;2;230;221;126m▀[0m[38;2;16;16;16m[48;2;16;16;16m▀[0m[38;2;100;102;33m[48;2;100;102;33m▀[0m[38;2;100;102;33m[48;2;100;102;33m▀[0m[38;2;38;87;51m[48;2;38;87;51m▀[0m[38;2;86;176;94m[48;2;86;176;94m▀[0m[38;2;255;255;107m[48;2;86;176;94m▀[0m[38;2;186;212;91m[48;2;86;176;94m▀[0m[38;2;86;176;94m[48;2;86;176;94m▀[0m[38;2;86;176;94m[48;2;86;176;94m▀[0m[38;2;86;176;94m[48;2;86;176;94m▀[0m[38;2;255;255;107m[48;2;86;176;94m▀[0m[38;2;86;176;94m[48;2;255;255;107m▀[0m[38;2;86;176;94m[48;2;186;212;91m▀[0m[38;2;86;176;94m[48;2;86;176;94m▀[0m[38;2;86;176;94m[48;2;138;138;59m▀[0m[38;2;138;138;59m[48;2;230;221;126m▀[0m[38;2;230;221;126m[48;2;16;16;16m▀[0m[38;2;16;16;16m[48;2;86;176;94m▀[0m[38;2;59;128;77m[48;2;59;128;77m▀[0m[38;2;59;128;77m[48;2;59;128;77m▀[0m[38;2;16;16;16m[48;2;16;16;16m▀[0m[38;2;230;221;126m[48;2;230;221;126m▀[0m[38;2;16;16;16m[48;2;16;16;16m▀[0m[38;2;59;128;77m[48;2;59;128;77m▀[0m[38;2;16;16;16m[48;2;16;16;16m▀[0m[38;2;230;221;126m[48;2;230;221;126m▀[0m[38;2;16;16;16m[48;2;16;16;16m▀[0m[38;2;100;102;33m[48;2;100;102;33m▀[0m[38;2;16;16;16m[48;2;16;16;16m▀[0m[38;2;189;178;100m[48;2;189;178;100m▀[0m[38;2;16;16;16m[48;2;16;16;16m▀[0m[38;2;100;102;33m[48;2;100;102;33m▀[0m[38;2;100;102;33m[48;2;100;102;33m▀[0m[38;2;38;87;51m▄[38;2;38;87;51m▄  
[38;2;100;102;33m▄[38;2;100;102;33m[48;2;138;138;59m▀[0m[38;2;138;138;59m[48;2;138;138;59m▀[0m[38;2;138;138;59m[48;2;138;138;59m▀[0m[38;2;16;16;16m[48;2;100;102;33m▀[0m[38;2;100;102;33m[48;2;8;51;8m▀[0m[38;2;100;102;33m[48;2;8;51;8m▀[0m[38;2;8;51;8m[48;2;38;87;51m▀[0m[38;2;38;87;51m[48;2;86;176;94m▀[0m[38;2;86;176;94m[48;2;86;176;94m▀[0m[38;2;86;176;94m[48;2;86;176;94m▀[0m[38;2;186;212;91m[48;2;86;176;94m▀[0m[38;2;186;212;91m[48;2;186;212;91m▀[0m[38;2;86;176;94m[48;2;255;255;107m▀[0m[38;2;255;255;107m[48;2;186;212;91m▀[0m[38;2;86;176;94m[48;2;86;176;94m▀[0m[38;2;86;176;94m[48;2;86;176;94m▀[0m[38;2;86;176;94m[48;2;86;176;94m▀[0m[38;2;86;176;94m[48;2;138;138;59m▀[0m[38;2;138;138;59m[48;2;230;221;126m▀[0m[38;2;230;221;126m[48;2;16;16;16m▀[0m[38;2;16;16;16m[48;2;86;176;94m▀[0m[38;2;86;176;94m[48;2;86;176;94m▀[0m[38;2;59;128;77m[48;2;59;128;77m▀[0m[38;2;59;128;77m[48;2;59;128;77m▀[0m[38;2;16;16;16m[48;2;16;16;16m▀[0m[38;2;230;221;126m[48;2;230;221;126m▀[0m[38;2;16;16;16m[48;2;16;16;16m▀[0m[38;2;59;128;77m[48;2;59;128;77m▀[0m[38;2;16;16;16m[48;2;16;16;16m▀[0m[38;2;230;221;126m[48;2;230;221;126m▀[0m[38;2;16;16;16m[48;2;16;16;16m▀[0m[38;2;100;102;33m[48;2;8;51;8m▀[0m[38;2;16;16;16m[48;2;16;16;16m▀[0m[38;2;189;178;100m[48;2;189;178;100m▀[0m[38;2;16;16;16m[48;2;16;16;16m▀[0m[38;2;100;102;33m[48;2;59;128;77m▀[0m[38;2;59;128;77m[48;2;100;102;33m▀[0m[38;2;100;102;33m[48;2;100;102;33m▀[0m[38;2;100;102;33m[48;2;100;102;33m▀[0m[38;2;16;16;16m[48;2;100;102;33m▀[0m[38;2;16;16;16m▄
[38;2;100;102;33m[48;2;100;102;33m▀[0m[38;2;138;138;59m[48;2;138;138;59m▀[0m[38;2;138;138;59m[48;2;138;138;59m▀[0m[38;2;100;102;33m[48;2;100;102;33m▀[0m[38;2;8;51;8m[48;2;38;87;51m▀[0m[38;2;8;51;8m[48;2;38;87;51m▀[0m[38;2;8;51;8m[48;2;38;87;51m▀[0m[38;2;38;87;51m[48;2;86;176;94m▀[0m[38;2;86;176;94m[48;2;86;176;94m▀[0m[38;2;86;176;94m[48;2;86;176;94m▀[0m[38;2;86;176;94m[48;2;86;176;94m▀[0m[38;2;86;176;94m[48;2;86;176;94m▀[0m[38;2;86;176;94m[48;2;86;176;94m▀[0m[38;2;86;176;94m[48;2;86;176;94m▀[0m[38;2;86;176;94m[48;2;86;176;94m▀[0m[38;2;86;176;94m[48;2;86;176;94m▀[0m[38;2;86;176;94m[48;2;86;176;94m▀[0m[38;2;86;176;94m[48;2;86;176;94m▀[0m[38;2;138;138;59m[48;2;86;176;94m▀[0m[38;2;16;16;16m[48;2;86;176;94m▀[0m[38;2;86;176;94m[48;2;86;176;94m▀[0m[38;2;86;176;94m[48;2;86;176;94m▀[0m[38;2;86;176;94m[48;2;86;176;94m▀[0m[38;2;59;128;77m[48;2;59;128;77m▀[0m[38;2;59;128;77m[48;2;59;128;77m▀[0m[38;2;16;16;16m[48;2;16;16;16m▀[0m[38;2;230;221;126m[48;2;189;178;100m▀[0m[38;2;16;16;16m[48;2;59;128;77m▀[0m[38;2;59;128;77m[48;2;16;16;16m▀[0m[38;2;16;16;16m[48;2;189;178;100m▀[0m[38;2;189;178;100m[48;2;16;16;16m▀[0m[38;2;16;16;16m[48;2;8;51;8m▀[0m[38;2;8;51;8m[48;2;59;128;77m▀[0m[38;2;59;128;77m[48;2;59;128;77m▀[0m[38;2;16;16;16m[48;2;59;128;77m▀[0m[38;2;8;51;8m[48;2;59;128;77m▀[0m[38;2;59;128;77m[48;2;100;102;33m▀[0m[38;2;100;102;33m[48;2;138;138;59m▀[0m[38;2;138;138;59m[48;2;138;138;59m▀[0m[38;2;100;102;33m[48;2;138;138;59m▀[0m[38;2;100;102;33m[48;2;100;102;33m▀[0m[38;2;16;16;16m[48;2;16;16;16m▀[0m
[38;2;100;102;33m▀[38;2;138;138;59m[48;2;38;87;51m▀[0m[38;2;38;87;51m[48;2;86;176;94m▀[0m[38;2;38;87;51m[48;2;86;176;94m▀[0m[38;2;86;176;94m[48;2;86;176;94m▀[0m[38;2;86;176;94m[48;2;86;176;94m▀[0m[38;2;86;176;94m[48;2;38;87;51m▀[0m[38;2;86;176;94m[48;2;38;87;51m▀[0m[38;2;38;87;51m[48;2;59;128;77m▀[0m[38;2;86;176;94m[48;2;86;176;94m▀[0m[38;2;86;176;94m[48;2;86;176;94m▀[0m[38;2;86;176;94m[48;2;86;176;94m▀[0m[38;2;86;176;94m[48;2;86;176;94m▀[0m[38;2;86;176;94m[48;2;86;176;94m▀[0m[38;2;59;128;77m[48;2;86;176;94m▀[0m[38;2;86;176;94m[48;2;38;87;51m▀[0m[38;2;86;176;94m[48;2;86;176;94m▀[0m[38;2;59;128;77m[48;2;59;128;77m▀[0m[38;2;86;176;94m[48;2;86;176;94m▀[0m[38;2;86;176;94m[48;2;86;176;94m▀[0m[38;2;86;176;94m[48;2;59;128;77m▀[0m[38;2;86;176;94m[48;2;59;128;77m▀[0m[38;2;59;128;77m[48;2;59;128;77m▀[0m[38;2;59;128;77m[48;2;59;128;77m▀[0m[38;2;16;16;16m[48;2;16;16;16m▀[0m[38;2;189;178;100m[48;2;16;16;16m▀[0m[38;2;16;16;16m[48;2;59;128;77m▀[0m[38;2;59;128;77m[48;2;59;128;77m▀[0m[38;2;16;16;16m[48;2;59;128;77m▀[0m[38;2;16;16;16m[48;2;59;128;77m▀[0m[38;2;59;128;77m[48;2;59;128;77m▀[0m[38;2;59;128;77m[48;2;100;102;33m▀[0m[38;2;59;128;77m[48;2;100;102;33m▀[0m[38;2;59;128;77m[48;2;100;102;33m▀[0m[38;2;100;102;33m[48;2;230;226;209m▀[0m[38;2;100;102;33m[48;2;230;226;209m▀[0m[38;2;230;226;209m[48;2;230;226;209m▀[0m[38;2;138;138;59m[48;2;230;226;209m▀[0m[38;2;138;138;59m[48;2;100;102;33m▀[0m[38;2;100;102;33m[48;2;16;16;16m▀[0m[38;2;16;16;16m▀ 
[38;2;38;87;51m▄[38;2;38;87;51m[48;2;86;176;94m▀[0m[38;2;86;176;94m[48;2;86;176;94m▀[0m[38;2;86;176;94m[48;2;86;176;94m▀[0m[38;2;38;87;51m[48;2;86;176;94m▀[0m[38;2;16;16;16m[48;2;16;16;16m▀[0m[38;2;138;138;59m[48;2;138;138;59m▀[0m[38;2;138;138;59m[48;2;138;138;59m▀[0m[38;2;100;102;33m[48;2;138;138;59m▀[0m[38;2;100;102;33m[48;2;138;138;59m▀[0m[38;2;100;102;33m[48;2;138;138;59m▀[0m[38;2;86;176;94m[48;2;100;102;33m▀[0m[38;2;86;176;94m[48;2;100;102;33m▀[0m[38;2;86;176;94m[48;2;100;102;33m▀[0m[38;2;86;176;94m[48;2;38;87;51m▀[0m[38;2;38;87;51m[48;2;86;176;94m▀[0m[38;2;86;176;94m[48;2;86;176;94m▀[0m[38;2;38;87;51m[48;2;38;87;51m▀[0m[38;2;59;128;77m[48;2;100;102;33m▀[0m[38;2;59;128;77m[48;2;100;102;33m▀[0m[38;2;59;128;77m[48;2;100;102;33m▀[0m[38;2;59;128;77m[48;2;100;102;33m▀[0m[38;2;59;128;77m[48;2;100;102;33m▀[0m[38;2;59;128;77m[48;2;100;102;33m▀[0m[38;2;59;128;77m[48;2;100;102;33m▀[0m[38;2;59;128;77m[48;2;100;102;33m▀[0m[38;2;59;128;77m[48;2;100;102;33m▀[0m[38;2;59;128;77m[48;2;100;102;33m▀[0m[38;2;100;102;33m[48;2;230;226;209m▀[0m[38;2;100;102;33m[48;2;230;226;209m▀[0m[38;2;100;102;33m[48;2;230;226;209m▀[0m[38;2;230;226;209m[48;2;230;226;209m▀[0m[38;2;230;226;209m[48;2;230;226;209m▀[0m[38;2;230;226;209m[48;2;230;226;209m▀[0m[38;2;230;226;209m[48;2;230;226;209m▀[0m[38;2;230;226;209m[48;2;230;226;209m▀[0m[38;2;230;226;209m[48;2;230;226;209m▀[0m[38;2;181;178;148m[48;2;230;226;209m▀[0m[38;2;230;226;209m[48;2;230;226;209m▀[0m[38;2;16;16;16m[48;2;16;16;16m▀[0m  
[38;2;38;87;51m▀[38;2;86;176;94m[48;2;16;16;16m▀[0m[38;2;59;128;77m[48;2;59;128;77m▀[0m[38;2;86;176;94m[48;2;86;176;94m▀[0m[38;2;59;128;77m[48;2;16;16;16m▀[0m[38;2;86;176;94m[48;2;16;16;16m▀[0m[38;2;16;16;16m[48;2;100;102;33m▀[0m[38;2;138;138;59m[48;2;100;102;33m▀[0m[38;2;138;138;59m[48;2;138;138;59m▀[0m[38;2;138;138;59m[48;2;138;138;59m▀[0m[38;2;138;138;59m[48;2;38;87;51m▀[0m[38;2;138;138;59m[48;2;38;87;51m▀[0m[38;2;138;138;59m[48;2;38;87;51m▀[0m[38;2;138;138;59m[48;2;38;87;51m▀[0m[38;2;38;87;51m[48;2;86;176;94m▀[0m[38;2;86;176;94m[48;2;86;176;94m▀[0m[38;2;86;176;94m[48;2;38;87;51m▀[0m[38;2;38;87;51m[48;2;138;138;59m▀[0m[38;2;138;138;59m[48;2;138;138;59m▀[0m[38;2;138;138;59m[48;2;230;226;209m▀[0m[38;2;230;226;209m[48;2;230;226;209m▀[0m[38;2;230;226;209m[48;2;230;226;209m▀[0m[38;2;230;226;209m[48;2;230;226;209m▀[0m[38;2;230;226;209m[48;2;230;226;209m▀[0m[38;2;230;226;209m[48;2;230;226;209m▀[0m[38;2;230;226;209m[48;2;230;226;209m▀[0m[38;2;230;226;209m[48;2;230;226;209m▀[0m[38;2;230;226;209m[48;2;230;226;209m▀[0m[38;2;230;226;209m[48;2;181;178;148m▀[0m[38;2;230;226;209m[48;2;181;178;148m▀[0m[38;2;230;226;209m[48;2;181;178;148m▀[0m[38;2;230;226;209m[48;2;230;226;209m▀[0m[38;2;230;226;209m[48;2;230;226;209m▀[0m[38;2;230;226;209m[48;2;35;71;20m▀[0m[38;2;35;71;20m[48;2;230;226;209m▀[0m[38;2;35;71;20m[48;2;230;226;209m▀[0m[38;2;35;71;20m[48;2;230;226;209m▀[0m[38;2;230;226;209m[48;2;35;71;20m▀[0m[38;2;230;226;209m[48;2;230;226;209m▀[0m[38;2;16;16;16m[48;2;16;16;16m▀[0m  
  [38;2;16;16;16m[48;2;8;51;8m▀[0m[38;2;86;176;94m[48;2;16;16;16m▀[0m[38;2;16;16;16m[48;2;16;16;16m▀[0m[38;2;35;71;20m[48;2;35;71;20m▀[0m[38;2;35;71;20m[48;2;35;71;20m▀[0m[38;2;35;71;20m[48;2;35;71;20m▀[0m[38;2;35;71;20m[48;2;35;71;20m▀[0m[38;2;16;16;16m[48;2;35;71;20m▀[0m[38;2;86;176;94m[48;2;16;16;16m▀[0m[38;2;86;176;94m[48;2;59;128;77m▀[0m[38;2;59;128;77m[48;2;86;176;94m▀[0m[38;2;86;176;94m[48;2;86;176;94m▀[0m[38;2;86;176;94m[48;2;59;128;77m▀[0m[38;2;86;176;94m[48;2;86;176;94m▀[0m[38;2;38;87;51m[48;2;16;16;16m▀[0m[38;2;100;102;33m[48;2;35;71;20m▀[0m[38;2;100;102;33m[48;2;230;226;209m▀[0m[38;2;181;178;148m[48;2;230;226;209m▀[0m[38;2;181;178;148m[48;2;230;226;209m▀[0m[38;2;181;178;148m[48;2;35;71;20m▀[0m[38;2;181;178;148m[48;2;35;71;20m▀[0m[38;2;181;178;148m[48;2;35;71;20m▀[0m[38;2;181;178;148m[48;2;35;71;20m▀[0m[38;2;181;178;148m[48;2;135;134;111m▀[0m[38;2;181;178;148m[48;2;230;226;209m▀[0m[38;2;181;178;148m[48;2;230;226;209m▀[0m[38;2;230;226;209m[48;2;230;226;209m▀[0m[38;2;230;226;209m[48;2;230;226;209m▀[0m[38;2;230;226;209m[48;2;230;226;209m▀[0m[38;2;230;226;209m[48;2;230;226;209m▀[0m[38;2;135;134;111m[48;2;35;71;20m▀[0m[38;2;135;134;111m[48;2;230;226;209m▀[0m[38;2;230;226;209m[48;2;35;71;20m▀[0m[38;2;35;71;20m[48;2;230;226;209m▀[0m[38;2;35;71;20m[48;2;230;226;209m▀[0m[38;2;230;226;209m[48;2;35;71;20m▀[0m[38;2;35;71;20m[48;2;16;16;16m▀[0m[38;2;16;16;16m▀  
  [38;2;8;51;8m[48;2;8;51;8m▀[0m[38;2;35;71;20m[48;2;35;71;20m▀[0m[38;2;35;71;20m[48;2;35;71;20m▀[0m[38;2;35;71;20m[48;2;35;71;20m▀[0m[38;2;35;71;20m[48;2;35;71;20m▀[0m[38;2;35;71;20m[48;2;35;71;20m▀[0m[38;2;35;71;20m[48;2;35;71;20m▀[0m[38;2;35;71;20m[48;2;35;71;20m▀[0m[38;2;35;71;20m[48;2;35;71;20m▀[0m[38;2;16;16;16m[48;2;35;71;20m▀[0m[38;2;86;176;94m[48;2;16;16;16m▀[0m[38;2;16;16;16m[48;2;35;71;20m▀[0m[38;2;59;128;77m[48;2;16;16;16m▀[0m[38;2;86;176;94m[48;2;16;16;16m▀[0m[38;2;16;16;16m[48;2;35;71;20m▀[0m[38;2;35;71;20m[48;2;135;134;111m▀[0m[38;2;230;226;209m[48;2;230;226;209m▀[0m[38;2;230;226;209m[48;2;135;134;111m▀[0m[38;2;35;71;20m[48;2;135;134;111m▀[0m[38;2;135;134;111m[48;2;230;226;209m▀[0m[38;2;230;226;209m[48;2;135;134;111m▀[0m[38;2;230;226;209m[48;2;35;71;20m▀[0m[38;2;230;226;209m[48;2;35;71;20m▀[0m[38;2;135;134;111m[48;2;230;226;209m▀[0m[38;2;35;71;20m[48;2;230;226;209m▀[0m[38;2;230;226;209m[48;2;35;71;20m▀[0m[38;2;230;226;209m[48;2;230;226;209m▀[0m[38;2;230;226;209m[48;2;230;226;209m▀[0m[38;2;230;226;209m[48;2;230;226;209m▀[0m[38;2;230;226;209m[48;2;230;226;209m▀[0m[38;2;35;71;20m[48;2;35;71;20m▀[0m[38;2;230;226;209m[48;2;230;226;209m▀[0m[38;2;35;71;20m[48;2;35;71;20m▀[0m[38;2;230;226;209m[48;2;230;226;209m▀[0m[38;2;230;226;209m[48;2;230;226;209m▀[0m[38;2;16;16;16m[48;2;16;16;16m▀[0m[38;2;59;128;77m[48;2;59;128;77m▀[0m   
  [38;2;8;51;8m[48;2;8;51;8m▀[0m[38;2;35;71;20m[48;2;35;71;20m▀[0m[38;2;35;71;20m[48;2;35;71;20m▀[0m[38;2;35;71;20m[48;2;35;71;20m▀[0m[38;2;35;71;20m[48;2;35;71;20m▀[0m[38;2;35;71;20m[48;2;35;71;20m▀[0m[38;2;35;71;20m[48;2;35;71;20m▀[0m[38;2;35;71;20m[48;2;35;71;20m▀[0m[38;2;35;71;20m[48;2;35;71;20m▀[0m[38;2;35;71;20m[48;2;35;71;20m▀[0m[38;2;35;71;20m[48;2;35;71;20m▀[0m[38;2;35;71;20m[48;2;35;71;20m▀[0m[38;2;35;71;20m[48;2;35;71;20m▀[0m[38;2;35;71;20m[48;2;35;71;20m▀[0m[38;2;35;71;20m[48;2;35;71;20m▀[0m[38;2;230;226;209m[48;2;230;226;209m▀[0m[38;2;230;226;209m[48;2;230;226;209m▀[0m[38;2;35;71;20m[48;2;35;71;20m▀[0m[38;2;230;226;209m[48;2;230;226;209m▀[0m[38;2;35;71;20m[48;2;35;71;20m▀[0m[38;2;135;134;111m[48;2;230;226;209m▀[0m[38;2;230;226;209m[48;2;230;226;209m▀[0m[38;2;230;226;209m[48;2;230;226;209m▀[0m[38;2;35;71;20m[48;2;135;134;111m▀[0m[38;2;230;226;209m[48;2;135;134;111m▀[0m[38;2;135;134;111m[48;2;230;226;209m▀[0m[38;2;135;134;111m[48;2;35;71;20m▀[0m[38;2;230;226;209m[48;2;230;226;209m▀[0m[38;2;230;226;209m[48;2;230;226;209m▀[0m[38;2;230;226;209m[48;2;230;226;209m▀[0m[38;2;35;71;20m[48;2;35;71;20m▀[0m[38;2;230;226;209m[48;2;230;226;209m▀[0m[38;2;35;71;20m[48;2;35;71;20m▀[0m[38;2;230;226;209m[48;2;230;226;209m▀[0m[38;2;181;178;148m[48;2;16;16;16m▀[0m[38;2;38;87;51m[48;2;59;128;77m▀[0m[38;2;59;128;77m[48;2;189;178;100m▀[0m[38;2;16;16;16m[48;2;16;16;16m▀[0m  
   [38;2;16;16;16m[48;2;16;16;16m▀[0m[38;2;35;71;20m[48;2;35;71;20m▀[0m[38;2;35;71;20m[48;2;35;71;20m▀[0m[38;2;35;71;20m[48;2;35;71;20m▀[0m[38;2;35;71;20m[48;2;35;71;20m▀[0m[38;2;35;71;20m[48;2;35;71;20m▀[0m[38;2;35;71;20m[48;2;35;71;20m▀[0m[38;2;35;71;20m[48;2;35;71;20m▀[0m[38;2;35;71;20m[48;2;35;71;20m▀[0m[38;2;35;71;20m[48;2;35;71;20m▀[0m[38;2;35;71;20m[48;2;35;71;20m▀[0m[38;2;35;71;20m[48;2;35;71;20m▀[0m[38;2;35;71;20m[48;2;35;71;20m▀[0m[38;2;135;134;111m[48;2;230;226;209m▀[0m[38;2;230;226;209m[48;2;135;134;111m▀[0m[38;2;230;226;209m[48;2;35;71;20m▀[0m[38;2;35;71;20m[48;2;35;71;20m▀[0m[38;2;230;226;209m[48;2;230;226;209m▀[0m[38;2;35;71;20m[48;2;35;71;20m▀[0m[38;2;230;226;209m[48;2;230;226;209m▀[0m[38;2;230;226;209m[48;2;230;226;209m▀[0m[38;2;230;226;209m[48;2;230;226;209m▀[0m[38;2;230;226;209m[48;2;230;226;209m▀[0m[38;2;35;71;20m[48;2;35;71;20m▀[0m[38;2;230;226;209m[48;2;230;226;209m▀[0m[38;2;35;71;20m[48;2;35;71;20m▀[0m[38;2;230;226;209m[48;2;230;226;209m▀[0m[38;2;230;226;209m[48;2;230;226;209m▀[0m[38;2;230;226;209m[48;2;230;226;209m▀[0m[38;2;35;71;20m[48;2;135;134;111m▀[0m[38;2;230;226;209m[48;2;135;134;111m▀[0m[38;2;135;134;111m[48;2;230;226;209m▀[0m[38;2;135;134;111m[48;2;35;71;20m▀[0m[38;2;16;16;16m[48;2;230;226;209m▀[0m[38;2;189;178;100m[48;2;16;16;16m▀[0m[38;2;189;178;100m[48;2;189;178;100m▀[0m[38;2;16;16;16m[48;2;16;16;16m▀[0m  
   [38;2;16;16;16m▀[38;2;8;51;8m[48;2;16;16;16m▀[0m[38;2;35;71;20m[48;2;8;51;8m▀[0m[38;2;35;71;20m[48;2;35;71;20m▀[0m[38;2;35;71;20m[48;2;35;71;20m▀[0m[38;2;35;71;20m[48;2;35;71;20m▀[0m[38;2;35;71;20m[48;2;35;71;20m▀[0m[38;2;35;71;20m[48;2;35;71;20m▀[0m[38;2;35;71;20m[48;2;35;71;20m▀[0m[38;2;35;71;20m[48;2;35;71;20m▀[0m[38;2;35;71;20m[48;2;35;71;20m▀[0m[38;2;35;71;20m[48;2;35;71;20m▀[0m[38;2;35;71;20m[48;2;35;71;20m▀[0m[38;2;230;226;209m[48;2;230;226;209m▀[0m[38;2;230;226;209m[48;2;135;134;111m▀[0m[38;2;230;226;209m[48;2;35;71;20m▀[0m[38;2;35;71;20m[48;2;35;71;20m▀[0m[38;2;230;226;209m[48;2;230;226;209m▀[0m[38;2;135;134;111m[48;2;230;226;209m▀[0m[38;2;135;134;111m[48;2;35;71;20m▀[0m[38;2;230;226;209m[48;2;230;226;209m▀[0m[38;2;230;226;209m[48;2;230;226;209m▀[0m[38;2;135;134;111m[48;2;35;71;20m▀[0m[38;2;135;134;111m[48;2;230;226;209m▀[0m[38;2;230;226;209m[48;2;8;51;8m▀[0m[38;2;35;71;20m[48;2;230;226;209m▀[0m[38;2;230;226;209m[48;2;230;226;209m▀[0m[38;2;230;226;209m[48;2;230;226;209m▀[0m[38;2;230;226;209m[48;2;230;226;209m▀[0m[38;2;230;226;209m[48;2;230;226;209m▀[0m[38;2;35;71;20m[48;2;230;226;209m▀[0m[38;2;230;226;209m[48;2;35;71;20m▀[0m[38;2;230;226;209m[48;2;35;71;20m▀[0m[38;2;35;71;20m[48;2;8;51;8m▀[0m[38;2;8;51;8m[48;2;181;178;148m▀[0m[38;2;16;16;16m[48;2;16;16;16m▀[0m   
    [38;2;16;16;16m▀[38;2;35;71;20m[48;2;16;16;16m▀[0m[38;2;8;51;8m[48;2;35;71;20m▀[0m[38;2;35;71;20m[48;2;8;51;8m▀[0m[38;2;8;51;8m[48;2;35;71;20m▀[0m[38;2;35;71;20m[48;2;8;51;8m▀[0m[38;2;35;71;20m[48;2;8;51;8m▀[0m[38;2;35;71;20m[48;2;8;51;8m▀[0m[38;2;35;71;20m[48;2;8;51;8m▀[0m[38;2;35;71;20m[48;2;8;51;8m▀[0m[38;2;35;71;20m[48;2;8;51;8m▀[0m[38;2;135;134;111m[48;2;181;178;148m▀[0m[38;2;230;226;209m[48;2;181;178;148m▀[0m[38;2;230;226;209m[48;2;181;178;148m▀[0m[38;2;230;226;209m[48;2;181;178;148m▀[0m[38;2;230;226;209m[48;2;181;178;148m▀[0m[38;2;35;71;20m[48;2;181;178;148m▀[0m[38;2;230;226;209m[48;2;35;71;20m▀[0m[38;2;230;226;209m[48;2;181;178;148m▀[0m[38;2;35;71;20m[48;2;181;178;148m▀[0m[38;2;35;71;20m[48;2;35;71;20m▀[0m[38;2;230;226;209m[48;2;35;71;20m▀[0m[38;2;230;226;209m[48;2;8;51;8m▀[0m[38;2;8;51;8m[48;2;181;178;148m▀[0m[38;2;230;226;209m[48;2;181;178;148m▀[0m[38;2;230;226;209m[48;2;181;178;148m▀[0m[38;2;230;226;209m[48;2;181;178;148m▀[0m[38;2;181;178;148m[48;2;181;178;148m▀[0m[38;2;181;178;148m[48;2;181;178;148m▀[0m[38;2;181;178;148m[48;2;181;178;148m▀[0m[38;2;181;178;148m[48;2;181;178;148m▀[0m[38;2;181;178;148m[48;2;8;51;8m▀[0m[38;2;8;51;8m[48;2;181;178;148m▀[0m[38;2;181;178;148m[48;2;16;16;16m▀[0m[38;2;16;16;16m▀   
     [38;2;16;16;16m▀[38;2;8;51;8m[48;2;16;16;16m▀[0m[38;2;8;51;8m[48;2;8;51;8m▀[0m[38;2;8;51;8m[48;2;8;51;8m▀[0m[38;2;8;51;8m[48;2;8;51;8m▀[0m[38;2;8;51;8m[48;2;8;51;8m▀[0m[38;2;8;51;8m[48;2;8;51;8m▀[0m[38;2;8;51;8m[48;2;8;51;8m▀[0m[38;2;8;51;8m[48;2;8;51;8m▀[0m[38;2;8;51;8m[48;2;8;51;8m▀[0m[38;2;181;178;148m[48;2;135;134;111m▀[0m[38;2;181;178;148m[48;2;181;178;148m▀[0m[38;2;181;178;148m[48;2;181;178;148m▀[0m[38;2;181;178;148m[48;2;181;178;148m▀[0m[38;2;181;178;148m[48;2;181;178;148m▀[0m[38;2;181;178;148m[48;2;181;178;148m▀[0m[38;2;181;178;148m[48;2;181;178;148m▀[0m[38;2;35;71;20m[48;2;181;178;148m▀[0m[38;2;35;71;20m[48;2;181;178;148m▀[0m[38;2;135;134;111m[48;2;181;178;148m▀[0m[38;2;181;178;148m[48;2;8;51;8m▀[0m[38;2;8;51;8m[48;2;181;178;148m▀[0m[38;2;8;51;8m[48;2;181;178;148m▀[0m[38;2;8;51;8m[48;2;135;134;111m▀[0m[38;2;181;178;148m[48;2;8;51;8m▀[0m[38;2;181;178;148m[48;2;8;51;8m▀[0m[38;2;181;178;148m[48;2;8;51;8m▀[0m[38;2;181;178;148m[48;2;8;51;8m▀[0m[38;2;8;51;8m[48;2;135;134;111m▀[0m[38;2;8;51;8m[48;2;8;51;8m▀[0m[38;2;181;178;148m[48;2;181;178;148m▀[0m[38;2;181;178;148m[48;2;16;16;16m▀[0m[38;2;16;16;16m▀    
       [38;2;16;16;16m▀[38;2;8;51;8m[48;2;16;16;16m▀[0m[38;2;8;51;8m[48;2;16;16;16m▀[0m[38;2;8;51;8m[48;2;8;51;8m▀[0m[38;2;8;51;8m[48;2;8;51;8m▀[0m[38;2;8;51;8m[48;2;8;51;8m▀[0m[38;2;8;51;8m[48;2;8;51;8m▀[0m[38;2;8;51;8m[48;2;181;178;148m▀[0m[38;2;8;51;8m[48;2;181;178;148m▀[0m[38;2;135;134;111m[48;2;8;51;8m▀[0m[38;2;181;178;148m[48;2;8;51;8m▀[0m[38;2;181;178;148m[48;2;8;51;8m▀[0m[38;2;181;178;148m[48;2;8;51;8m▀[0m[38;2;181;178;148m[48;2;8;51;8m▀[0m[38;2;181;178;148m[48;2;8;51;8m▀[0m[38;2;8;51;8m[48;2;135;134;111m▀[0m[38;2;8;51;8m[48;2;181;178;148m▀[0m[38;2;8;51;8m[48;2;181;178;148m▀[0m[38;2;181;178;148m[48;2;181;178;148m▀[0m[38;2;181;178;148m[48;2;181;178;148m▀[0m[38;2;181;178;148m[48;2;181;178;148m▀[0m[38;2;181;178;148m[48;2;181;178;148m▀[0m[38;2;181;178;148m[48;2;181;178;148m▀[0m[38;2;135;134;111m[48;2;181;178;148m▀[0m[38;2;8;51;8m[48;2;181;178;148m▀[0m[38;2;135;134;111m[48;2;181;178;148m▀[0m[38;2;181;178;148m[48;2;181;178;148m▀[0m[38;2;181;178;148m[48;2;16;16;16m▀[0m[38;2;16;16;16m▀      
          [38;2;16;16;16m▀[38;2;8;51;8m[48;2;16;16;16m▀[0m[38;2;8;51;8m[48;2;16;16;16m▀[0m[38;2;8;51;8m[48;2;100;102;33m▀[0m[38;2;181;178;148m[48;2;100;102;33m▀[0m[38;2;181;178;148m[48;2;181;178;148m▀[0m[38;2;181;178;148m[48;2;181;178;148m▀[0m[38;2;8;51;8m[48;2;8;51;8m▀[0m[38;2;181;178;148m[48;2;181;178;148m▀[0m[38;2;181;178;148m[48;2;181;178;148m▀[0m[38;2;181;178;148m[48;2;181;178;148m▀[0m[38;2;8;51;8m[48;2;8;51;8m▀[0m[38;2;181;178;148m[48;2;181;178;148m▀[0m[38;2;181;178;148m[48;2;181;178;148m▀[0m[38;2;181;178;148m[48;2;181;178;148m▀[0m[38;2;181;178;148m[48;2;181;178;148m▀[0m[38;2;181;178;148m[48;2;181;178;148m▀[0m[38;2;181;178;148m[48;2;181;178;148m▀[0m[38;2;181;178;148m[48;2;181;178;148m▀[0m[38;2;181;178;148m[48;2;100;102;33m▀[0m[38;2;181;178;148m[48;2;100;102;33m▀[0m[38;2;181;178;148m[48;2;16;16;16m▀[0m[38;2;16;16;16m▀[38;2;16;16;16m▀        
             [38;2;16;16;16m▀[38;2;189;178;100m[48;2;16;16;16m▀[0m[38;2;100;102;33m[48;2;189;178;100m▀[0m[38;2;100;102;33m[48;2;189;178;100m▀[0m[38;2;100;102;33m[48;2;189;178;100m▀[0m[38;2;100;102;33m[48;2;189;178;100m▀[0m[38;2;100;102;33m[48;2;189;178;100m▀[0m[38;2;100;102;33m[48;2;189;178;100m▀[0m[38;2;100;102;33m[48;2;189;178;100m▀[0m[38;2;100;102;33m[48;2;189;178;100m▀[0m[38;2;100;102;33m[48;2;189;178;100m▀[0m[38;2;100;102;33m[48;2;189;178;100m▀[0m[38;2;100;102;33m[48;2;189;178;100m▀[0m[38;2;100;102;33m[48;2;189;178;100m▀[0m[38;2;100;102;33m[48;2;189;178;100m▀[0m[38;2;100;102;33m[48;2;189;178;100m▀[0m[38;2;189;178;100m[48;2;16;16;16m▀[0m[38;2;16;16;16m▀           
               [38;2;16;16;16m▀[38;2;16;16;16m[48;2;38;87;51m▀[0m[38;2;189;178;100m[48;2;16;16;16m▀[0m[38;2;189;178;100m[48;2;16;16;16m▀[0m[38;2;189;178;100m[48;2;16;16;16m▀[0m[38;2;189;178;100m[48;2;16;16;16m▀[0m[38;2;189;178;100m[48;2;16;16;16m▀[0m[38;2;189;178;100m[48;2;16;16;16m▀[0m[38;2;189;178;100m[48;2;16;16;16m▀[0m[38;2;189;178;100m[48;2;16;16;16m▀[0m[38;2;189;178;100m[48;2;16;16;16m▀[0m[38;2;189;178;100m[48;2;16;16;16m▀[0m[38;2;16;16;16m[48;2;38;87;51m▀[0m[38;2;16;16;16m▀             
                [38;2;38;87;51m▀[38;2;59;128;77m[48;2;38;87;51m▀[0m[38;2;59;128;77m[48;2;59;128;77m▀[0m[38;2;59;128;77m[48;2;59;128;77m▀[0m[38;2;38;87;51m[48;2;38;87;51m▀[0m   [38;2;38;87;51m▀[38;2;59;128;77m[48;2;38;87;51m▀[0m[38;2;59;128;77m[48;2;59;128;77m▀[0m[38;2;59;128;77m[48;2;59;128;77m▀[0m[38;2;38;87;51m[48;2;38;87;51m▀[0m             
                  [38;2;16;16;16m▀[38;2;16;16;16m▀     [38;2;38;87;51m▀[38;2;59;128;77m[48;2;16;16;16m▀[0m[38;2;59;128;77m[48;2;16;16;16m▀[0m[38;2;38;87;51m▀             
[0m