                                                                [38;2;182;140;114m[48;2;182;140;114m▀[0m[38;2;182;140;114m[48;2;246;208;181m▀[0m[38;2;182;140;114m[48;2;246;208;181m▀[0m[38;2;182;140;114m▄                            
                                                                 [38;2;182;140;114m[48;2;182;140;114m▀[0m[38;2;246;208;181m[48;2;246;208;181m▀[0m[38;2;246;208;181m[48;2;246;208;181m▀[0m[38;2;103;83;74m[48;2;246;208;181m▀[0m[38;2;103;83;74m▄                          
                                                                  [38;2;182;140;114m[48;2;182;140;114m▀[0m[38;2;246;208;181m[48;2;246;208;181m▀[0m[38;2;246;208;181m[48;2;246;208;181m▀[0m[38;2;182;140;114m[48;2;246;208;181m▀[0m[38;2;182;140;114m[48;2;103;83;74m▀[0m                         
                                                            [38;2;182;140;114m[48;2;182;140;114m▀[0m[38;2;182;140;114m[48;2;246;208;181m▀[0m[38;2;182;140;114m[48;2;246;208;181m▀[0m[38;2;182;140;114m▄[38;2;103;83;74m▄  [38;2;182;140;114m[48;2;182;140;114m▀[0m[38;2;246;208;181m[48;2;246;208;181m▀[0m[38;2;246;208;181m[48;2;246;208;181m▀[0m[38;2;246;208;181m[48;2;246;208;181m▀[0m[38;2;103;83;74m[48;2;103;83;74m▀[0m                        
                                                             [38;2;182;140;114m▀[38;2;246;208;181m[48;2;182;140;114m▀[0m[38;2;246;208;181m[48;2;246;208;181m▀[0m[38;2;246;208;181m[48;2;246;208;181m▀[0m[38;2;103;83;74m[48;2;246;208;181m▀[0m[38;2;103;83;74m▄[38;2;182;140;114m[48;2;182;140;114m▀[0m[38;2;246;208;181m[48;2;246;208;181m▀[0m[38;2;246;208;181m[48;2;246;208;181m▀[0m[38;2;246;208;181m[48;2;246;208;181m▀[0m[38;2;103;83;74m[48;2;182;140;114m▀[0m [38;2;182;140;114m▄[38;2;182;140;114m[48;2;246;208;181m▀[0m[38;2;182;140;114m▄                    
                                                               [38;2;182;140;114m[48;2;182;140;114m▀[0m[38;2;246;208;181m[48;2;246;208;181m▀[0m[38;2;246;208;181m[48;2;246;208;181m▀[0m[38;2;246;208;181m[48;2;246;208;181m▀[0m[38;2;182;140;114m[48;2;246;208;181m▀[0m[38;2;246;208;181m[48;2;182;140;114m▀[0m[38;2;246;208;181m[48;2;246;208;181m▀[0m[38;2;246;208;181m[48;2;246;208;181m▀[0m[38;2;246;208;181m[48;2;246;208;181m▀[0m[38;2;103;83;74m[48;2;103;83;74m▀[0m[38;2;182;140;114m[48;2;182;140;114m▀[0m[38;2;246;208;181m[48;2;246;208;181m▀[0m[38;2;182;140;114m[48;2;182;140;114m▀[0m                    
                                                 [38;2;40;69;110m▄[38;2;40;69;110m▄[38;2;40;69;110m▄[38;2;40;69;110m▄[38;2;182;140;114m▄[38;2;182;140;114m▄[38;2;182;140;114m▄[38;2;182;140;114m▄[38;2;182;140;114m▄[38;2;182;140;114m▄[38;2;182;140;114m▄    [38;2;182;140;114m[48;2;182;140;114m▀[0m[38;2;246;208;181m[48;2;246;208;181m▀[0m[38;2;246;208;181m[48;2;246;208;181m▀[0m[38;2;246;208;181m[48;2;246;208;181m▀[0m[38;2;182;140;114m[48;2;182;140;114m▀[0m[38;2;246;208;181m[48;2;246;208;181m▀[0m[38;2;246;208;181m[48;2;246;208;181m▀[0m[38;2;246;208;181m[48;2;246;208;181m▀[0m[38;2;103;83;74m[48;2;103;83;74m▀[0m[38;2;246;208;181m[48;2;246;208;181m▀[0m[38;2;246;208;181m[48;2;246;208;181m▀[0m[38;2;0;0;0m[48;2;0;0;0m▀[0m                    
                                          [38;2;40;69;110m▄[38;2;40;69;110m▄[38;2;66;69;190m▄[38;2;40;69;110m[48;2;73;115;253m▀[0m[38;2;40;69;110m[48;2;73;115;253m▀[0m[38;2;40;69;110m[48;2;73;115;253m▀[0m[38;2;40;69;110m[48;2;73;115;253m▀[0m[38;2;73;115;253m[48;2;73;115;253m▀[0m[38;2;73;115;253m[48;2;73;115;253m▀[0m[38;2;73;115;253m[48;2;73;115;253m▀[0m[38;2;73;115;253m[48;2;73;115;253m▀[0m[38;2;73;115;253m[48;2;73;115;253m▀[0m[38;2;73;115;253m[48;2;73;115;253m▀[0m[38;2;246;208;181m[48;2;73;115;253m▀[0m[38;2;246;208;181m[48;2;73;115;253m▀[0m[38;2;246;208;181m[48;2;73;115;253m▀[0m[38;2;246;208;181m[48;2;73;115;253m▀[0m[38;2;246;208;181m[48;2;246;208;181m▀[0m[38;2;182;140;114m[48;2;246;208;181m▀[0m[38;2;103;83;74m[48;2;246;208;181m▀[0m[38;2;103;83;74m[48;2;246;208;181m▀[0m[38;2;103;83;74m▄[38;2;103;83;74m▄[38;2;182;140;114m[48;2;182;140;114m▀[0m[38;2;246;208;181m[48;2;246;208;181m▀[0m[38;2;246;208;181m[48;2;246;208;181m▀[0m[38;2;182;140;114m[48;2;246;208;181m▀[0m[38;2;246;208;181m[48;2;246;208;181m▀[0m[38;2;246;208;181m[48;2;246;208;181m▀[0m[38;2;246;208;181m[48;2;246;208;181m▀[0m[38;2;103;83;74m[48;2;103;83;74m▀[0m[38;2;246;208;181m[48;2;246;208;181m▀[0m[38;2;246;208;181m[48;2;0;0;0m▀[0m[38;2;0;0;0m▀                    
                                      [38;2;40;69;110m▄[38;2;66;69;190m▄[38;2;40;69;110m[48;2;73;115;253m▀[0m[38;2;66;69;190m[48;2;73;115;253m▀[0m[38;2;73;115;253m[48;2;73;115;253m▀[0m[38;2;73;115;253m[48;2;73;115;253m▀[0m[38;2;73;115;253m[48;2;73;115;253m▀[0m[38;2;73;115;253m[48;2;73;115;253m▀[0m[38;2;73;115;253m[48;2;73;115;253m▀[0m[38;2;73;115;253m[48;2;73;115;253m▀[0m[38;2;73;115;253m[48;2;73;115;253m▀[0m[38;2;73;115;253m[48;2;73;115;253m▀[0m[38;2;73;115;253m[48;2;73;115;253m▀[0m[38;2;73;115;253m[48;2;73;115;253m▀[0m[38;2;73;115;253m[48;2;73;115;253m▀[0m[38;2;73;115;253m[48;2;73;115;253m▀[0m[38;2;73;115;253m[48;2;73;115;253m▀[0m[38;2;73;115;253m[48;2;73;115;253m▀[0m[38;2;73;115;253m[48;2;73;115;253m▀[0m[38;2;73;115;253m[48;2;73;115;253m▀[0m[38;2;73;115;253m[48;2;246;208;181m▀[0m[38;2;73;115;253m[48;2;246;208;181m▀[0m[38;2;73;115;253m[48;2;246;208;181m▀[0m[38;2;73;115;253m[48;2;246;208;181m▀[0m[38;2;246;208;181m[48;2;246;208;181m▀[0m[38;2;246;208;181m[48;2;246;208;181m▀[0m[38;2;246;208;181m[48;2;246;208;181m▀[0m[38;2;182;140;114m[48;2;182;140;114m▀[0m[38;2;246;208;181m[48;2;246;208;181m▀[0m[38;2;246;208;181m[48;2;246;208;181m▀[0m[38;2;246;208;181m[48;2;246;208;181m▀[0m[38;2;246;208;181m[48;2;246;208;181m▀[0m[38;2;246;208;181m[48;2;182;140;114m▀[0m[38;2;103;83;74m[48;2;103;83;74m▀[0m[38;2;182;140;114m[48;2;182;140;114m▀[0m[38;2;182;140;114m[48;2;0;0;0m▀[0m[38;2;0;0;0m▀                     
                                    [38;2;66;69;190m▄[38;2;66;69;190m[48;2;73;115;253m▀[0m[38;2;73;115;253m[48;2;73;115;253m▀[0m[38;2;73;115;253m[48;2;73;115;253m▀[0m[38;2;73;115;253m[48;2;73;115;253m▀[0m[38;2;73;115;253m[48;2;73;115;253m▀[0m[38;2;73;115;253m[48;2;66;69;190m▀[0m[38;2;73;115;253m[48;2;66;69;190m▀[0m[38;2;73;115;253m[48;2;66;69;190m▀[0m[38;2;73;115;253m[48;2;73;115;253m▀[0m[38;2;73;115;253m[48;2;73;115;253m▀[0m[38;2;73;115;253m[48;2;73;115;253m▀[0m[38;2;73;115;253m[48;2;66;69;190m▀[0m[38;2;73;115;253m[48;2;66;69;190m▀[0m[38;2;66;69;190m[48;2;73;115;253m▀[0m[38;2;66;69;190m[48;2;73;115;253m▀[0m[38;2;73;115;253m[48;2;73;115;253m▀[0m[38;2;73;115;253m[48;2;73;115;253m▀[0m[38;2;73;115;253m[48;2;73;115;253m▀[0m[38;2;246;208;181m[48;2;73;115;253m▀[0m[38;2;246;208;181m[48;2;73;115;253m▀[0m[38;2;246;208;181m[48;2;73;115;253m▀[0m[38;2;246;208;181m[48;2;73;115;253m▀[0m[38;2;246;208;181m[48;2;73;115;253m▀[0m[38;2;246;208;181m[48;2;246;208;181m▀[0m[38;2;246;208;181m[48;2;246;208;181m▀[0m[38;2;246;208;181m[48;2;246;208;181m▀[0m[38;2;246;208;181m[48;2;246;208;181m▀[0m[38;2;246;208;181m[48;2;246;208;181m▀[0m[38;2;246;208;181m[48;2;246;208;181m▀[0m[38;2;246;208;181m[48;2;182;140;114m▀[0m[38;2;246;208;181m[48;2;182;140;114m▀[0m[38;2;182;140;114m[48;2;182;140;114m▀[0m[38;2;182;140;114m[48;2;182;140;114m▀[0m[38;2;103;83;74m[48;2;182;140;114m▀[0m[38;2;182;140;114m[48;2;182;140;114m▀[0m[38;2;182;140;114m[48;2;0;0;0m▀[0m[38;2;0;0;0m▀    [38;2;103;83;74m▄[38;2;103;83;74m▄[38;2;103;83;74m▄[38;2;103;83;74m[48;2;248;248;248m▀[0m[38;2;103;83;74m[48;2;0;0;0m▀[0m             
                                  [38;2;66;69;190m▄[38;2;66;69;190m[48;2;73;115;253m▀[0m[38;2;73;115;253m[48;2;73;115;253m▀[0m[38;2;73;115;253m[48;2;73;115;253m▀[0m[38;2;73;115;253m[48;2;66;69;190m▀[0m[38;2;73;115;253m[48;2;66;69;190m▀[0m[38;2;66;69;190m[48;2;73;115;253m▀[0m[38;2;66;69;190m[48;2;73;115;253m▀[0m[38;2;73;115;253m[48;2;73;115;253m▀[0m[38;2;73;115;253m[48;2;73;115;253m▀[0m[38;2;73;115;253m[48;2;73;115;253m▀[0m[38;2;73;115;253m[48;2;73;115;253m▀[0m[38;2;73;115;253m[48;2;66;69;190m▀[0m[38;2;66;69;190m[48;2;73;115;253m▀[0m[38;2;73;115;253m[48;2;73;115;253m▀[0m[38;2;73;115;253m[48;2;73;115;253m▀[0m[38;2;73;115;253m[48;2;73;115;253m▀[0m[38;2;73;115;253m[48;2;66;69;190m▀[0m[38;2;73;115;253m[48;2;66;69;190m▀[0m[38;2;73;115;253m[48;2;40;69;110m▀[0m[38;2;73;115;253m[48;2;40;69;110m▀[0m[38;2;73;115;253m[48;2;182;140;114m▀[0m[38;2;73;115;253m[48;2;182;140;114m▀[0m[38;2;246;208;181m[48;2;182;140;114m▀[0m[38;2;246;208;181m[48;2;182;140;114m▀[0m[38;2;246;208;181m[48;2;103;83;74m▀[0m[38;2;246;208;181m[48;2;103;83;74m▀[0m[38;2;103;83;74m[48;2;219;211;208m▀[0m[38;2;103;83;74m[48;2;248;248;248m▀[0m[38;2;103;83;74m[48;2;248;248;248m▀[0m[38;2;103;83;74m[48;2;248;248;248m▀[0m[38;2;103;83;74m[48;2;219;211;208m▀[0m[38;2;103;83;74m[48;2;246;208;181m▀[0m[38;2;182;140;114m[48;2;246;208;181m▀[0m[38;2;182;140;114m[48;2;103;83;74m▀[0m[38;2;182;140;114m[48;2;0;0;0m▀[0m[38;2;182;140;114m[48;2;0;0;0m▀[0m[38;2;0;0;0m[48;2;103;83;74m▀[0m[38;2;103;83;74m▄[38;2;103;83;74m▄[38;2;103;83;74m[48;2;246;208;181m▀[0m[38;2;103;83;74m[48;2;246;208;181m▀[0m[38;2;103;83;74m[48;2;246;208;181m▀[0m[38;2;103;83;74m[48;2;246;208;181m▀[0m[38;2;246;208;181m[48;2;248;248;248m▀[0m[38;2;246;208;181m[48;2;248;248;248m▀[0m[38;2;248;248;248m[48;2;246;208;181m▀[0m[38;2;246;208;181m[48;2;0;0;0m▀[0m[38;2;0;0;0m▀             
                                [38;2;66;69;190m▄[38;2;66;69;190m[48;2;73;115;253m▀[0m[38;2;73;115;253m[48;2;73;115;253m▀[0m[38;2;73;115;253m[48;2;73;115;253m▀[0m[38;2;73;115;253m[48;2;40;69;110m▀[0m[38;2;66;69;190m[48;2;73;115;253m▀[0m[38;2;73;115;253m[48;2;73;115;253m▀[0m[38;2;73;115;253m[48;2;40;69;110m▀[0m[38;2;73;115;253m[48;2;40;69;110m▀[0m[38;2;66;69;190m[48;2;40;69;110m▀[0m[38;2;40;69;110m[48;2;40;69;110m▀[0m[38;2;40;69;110m[48;2;40;69;110m▀[0m[38;2;40;69;110m[48;2;40;69;110m▀[0m[38;2;40;69;110m[48;2;73;115;253m▀[0m[38;2;73;115;253m[48;2;73;115;253m▀[0m[38;2;73;115;253m[48;2;73;115;253m▀[0m[38;2;73;115;253m[48;2;40;69;110m▀[0m[38;2;66;69;190m[48;2;40;69;110m▀[0m[38;2;40;69;110m[48;2;40;69;110m▀[0m[38;2;40;69;110m[48;2;40;69;110m▀[0m[38;2;40;69;110m[48;2;40;69;110m▀[0m[38;2;40;69;110m[48;2;40;69;110m▀[0m[38;2;40;69;110m[48;2;0;0;0m▀[0m[38;2;0;0;0m[48;2;108;81;70m▀[0m[38;2;0;0;0m[48;2;108;81;70m▀[0m[38;2;0;0;0m[48;2;108;81;70m▀[0m[38;2;0;0;0m[48;2;0;0;0m▀[0m[38;2;182;140;114m[48;2;0;0;0m▀[0m[38;2;246;208;181m[48;2;123;65;32m▀[0m[38;2;246;208;181m[48;2;0;0;0m▀[0m[38;2;246;208;181m[48;2;0;0;0m▀[0m[38;2;246;208;181m[48;2;73;115;253m▀[0m[38;2;246;208;181m[48;2;0;0;0m▀[0m[38;2;246;208;181m[48;2;0;0;0m▀[0m[38;2;246;208;181m[48;2;108;108;108m▀[0m[38;2;246;208;181m[48;2;248;248;248m▀[0m[38;2;246;208;181m[48;2;248;248;248m▀[0m[38;2;246;208;181m[48;2;248;248;248m▀[0m[38;2;246;208;181m[48;2;248;248;248m▀[0m[38;2;246;208;181m[48;2;248;248;248m▀[0m[38;2;246;208;181m[48;2;248;248;248m▀[0m[38;2;246;208;181m[48;2;248;248;248m▀[0m[38;2;246;208;181m[48;2;248;248;248m▀[0m[38;2;248;248;248m[48;2;248;248;248m▀[0m[38;2;248;248;248m[48;2;219;211;208m▀[0m[38;2;248;248;248m[48;2;246;208;181m▀[0m[38;2;219;211;208m[48;2;246;208;181m▀[0m[38;2;246;208;181m[48;2;0;0;0m▀[0m[38;2;0;0;0m▀               
                               [38;2;66;69;190m▄[38;2;66;69;190m[48;2;73;115;253m▀[0m[38;2;73;115;253m[48;2;73;115;253m▀[0m[38;2;73;115;253m[48;2;40;69;110m▀[0m[38;2;40;69;110m[48;2;73;115;253m▀[0m[38;2;73;115;253m[48;2;40;69;110m▀[0m[38;2;40;69;110m[48;2;0;0;0m▀[0m[38;2;40;69;110m[48;2;0;0;0m▀[0m[38;2;0;0;0m▀[38;2;0;0;0m▀[38;2;0;0;0m▀[38;2;0;0;0m▀[38;2;0;0;0m[48;2;40;69;110m▀[0m[38;2;40;69;110m[48;2;73;115;253m▀[0m[38;2;73;115;253m[48;2;73;115;253m▀[0m[38;2;73;115;253m[48;2;0;0;0m▀[0m[38;2;0;0;0m▀[38;2;0;0;0m▀[38;2;0;0;0m▀[38;2;0;0;0m▀[38;2;0;0;0m▀[38;2;0;0;0m▀[38;2;40;69;110m▀[38;2;40;69;110m[48;2;0;0;0m▀[0m[38;2;0;0;0m[48;2;0;0;0m▀[0m[38;2;189;98;0m[48;2;0;0;0m▀[0m[38;2;69;42;31m[48;2;189;98;0m▀[0m[38;2;255;148;41m[48;2;123;65;32m▀[0m[38;2;108;81;70m[48;2;0;0;0m▀[0m[38;2;255;148;41m[48;2;0;0;0m▀[0m[38;2;255;148;41m[48;2;255;148;41m▀[0m[38;2;0;0;0m[48;2;255;148;41m▀[0m[38;2;255;255;255m[48;2;255;148;41m▀[0m[38;2;0;0;0m[48;2;248;248;248m▀[0m[38;2;108;108;108m[48;2;248;248;248m▀[0m[38;2;248;248;248m[48;2;248;248;248m▀[0m[38;2;248;248;248m[48;2;248;248;248m▀[0m[38;2;248;248;248m[48;2;248;248;248m▀[0m[38;2;248;248;248m[48;2;248;248;248m▀[0m[38;2;248;248;248m[48;2;219;211;208m▀[0m[38;2;248;248;248m[48;2;219;211;208m▀[0m[38;2;248;248;248m[48;2;246;208;181m▀[0m[38;2;248;248;248m[48;2;246;208;181m▀[0m[38;2;219;211;208m[48;2;246;208;181m▀[0m[38;2;246;208;181m[48;2;246;208;181m▀[0m[38;2;246;208;181m[48;2;182;140;114m▀[0m[38;2;246;208;181m[48;2;0;0;0m▀[0m[38;2;0;0;0m▀                 
                               [38;2;66;69;190m[48;2;66;69;190m▀[0m[38;2;73;115;253m[48;2;73;115;253m▀[0m[38;2;73;115;253m[48;2;73;115;253m▀[0m[38;2;66;69;190m[48;2;40;69;110m▀[0m[38;2;0;0;0m▀[38;2;0;0;0m▀      [38;2;40;69;110m[48;2;40;69;110m▀[0m[38;2;73;115;253m[48;2;73;115;253m▀[0m[38;2;40;69;110m[48;2;40;69;110m▀[0m          [38;2;108;108;108m▄[38;2;0;0;0m[48;2;176;176;176m▀[0m[38;2;189;98;0m[48;2;123;65;32m▀[0m[38;2;189;98;0m[48;2;0;0;0m▀[0m[38;2;189;98;0m[48;2;0;0;0m▀[0m[38;2;0;0;0m[48;2;248;248;248m▀[0m[38;2;0;0;0m[48;2;248;248;248m▀[0m[38;2;123;65;32m[48;2;248;248;248m▀[0m[38;2;248;248;248m[48;2;248;248;248m▀[0m[38;2;248;248;248m[48;2;248;248;248m▀[0m[38;2;248;248;248m[48;2;248;248;248m▀[0m[38;2;246;208;181m[48;2;246;208;181m▀[0m[38;2;246;208;181m[48;2;246;208;181m▀[0m[38;2;246;208;181m[48;2;246;208;181m▀[0m[38;2;246;208;181m[48;2;246;208;181m▀[0m[38;2;246;208;181m[48;2;246;208;181m▀[0m[38;2;246;208;181m[48;2;182;140;114m▀[0m[38;2;246;208;181m[48;2;182;140;114m▀[0m[38;2;246;208;181m[48;2;0;0;0m▀[0m[38;2;103;83;74m▀[38;2;0;0;0m▀                   
                               [38;2;66;69;190m▀[38;2;73;115;253m[48;2;40;69;110m▀[0m[38;2;40;69;110m▀          [38;2;40;69;110m▀        [38;2;108;108;108m[48;2;0;0;0m▀[0m[38;2;108;108;108m[48;2;248;248;248m▀[0m[38;2;108;108;108m[48;2;248;248;248m▀[0m[38;2;176;176;176m[48;2;248;248;248m▀[0m[38;2;176;176;176m[48;2;248;248;248m▀[0m[38;2;176;176;176m[48;2;248;248;248m▀[0m[38;2;248;248;248m[48;2;248;248;248m▀[0m[38;2;248;248;248m[48;2;248;248;248m▀[0m[38;2;248;248;248m[48;2;248;248;248m▀[0m[38;2;248;248;248m[48;2;248;248;248m▀[0m[38;2;248;248;248m[48;2;248;248;248m▀[0m[38;2;248;248;248m[48;2;248;248;248m▀[0m[38;2;248;248;248m[48;2;248;248;248m▀[0m[38;2;248;248;248m[48;2;248;248;248m▀[0m[38;2;219;211;208m[48;2;219;211;208m▀[0m[38;2;246;208;181m[48;2;246;208;181m▀[0m[38;2;246;208;181m[48;2;246;208;181m▀[0m[38;2;246;208;181m[48;2;246;208;181m▀[0m[38;2;182;140;114m[48;2;246;208;181m▀[0m[38;2;182;140;114m[48;2;0;0;0m▀[0m[38;2;0;0;0m▀                      
                                                      [38;2;0;0;0m[48;2;0;0;0m▀[0m[38;2;108;108;108m[48;2;248;248;248m▀[0m[38;2;248;248;248m[48;2;176;176;176m▀[0m[38;2;248;248;248m[48;2;176;176;176m▀[0m[38;2;176;176;176m[48;2;248;248;248m▀[0m[38;2;248;248;248m[48;2;248;248;248m▀[0m[38;2;248;248;248m[48;2;248;248;248m▀[0m[38;2;248;248;248m[48;2;219;211;208m▀[0m[38;2;248;248;248m[48;2;248;248;248m▀[0m[38;2;248;248;248m[48;2;248;248;248m▀[0m[38;2;248;248;248m[48;2;246;208;181m▀[0m[38;2;248;248;248m[48;2;248;248;248m▀[0m[38;2;248;248;248m[48;2;248;248;248m▀[0m[38;2;248;248;248m[48;2;248;248;248m▀[0m[38;2;246;208;181m[48;2;246;208;181m▀[0m[38;2;246;208;181m[48;2;246;208;181m▀[0m[38;2;182;140;114m[48;2;182;140;114m▀[0m[38;2;246;208;181m[48;2;246;208;181m▀[0m[38;2;0;0;0m[48;2;0;0;0m▀[0m                       
                                                   [38;2;0;0;0m▄[38;2;0;0;0m▄[38;2;0;0;0m[48;2;255;255;255m▀[0m[38;2;248;248;248m[48;2;219;211;208m▀[0m[38;2;248;248;248m[48;2;248;248;248m▀[0m[38;2;248;248;248m[48;2;248;248;248m▀[0m[38;2;248;248;248m[48;2;248;248;248m▀[0m[38;2;248;248;248m[48;2;248;248;248m▀[0m[38;2;248;248;248m[48;2;246;208;181m▀[0m[38;2;246;208;181m[48;2;246;208;181m▀[0m[38;2;219;211;208m[48;2;219;211;208m▀[0m[38;2;248;248;248m[48;2;246;208;181m▀[0m[38;2;246;208;181m[48;2;246;208;181m▀[0m[38;2;246;208;181m[48;2;246;208;181m▀[0m[38;2;219;211;208m[48;2;246;208;181m▀[0m[38;2;248;248;248m[48;2;248;248;248m▀[0m[38;2;248;248;248m[48;2;248;248;248m▀[0m[38;2;246;208;181m[48;2;246;208;181m▀[0m[38;2;73;115;253m[48;2;73;115;253m▀[0m[38;2;246;208;181m[48;2;246;208;181m▀[0m[38;2;182;140;114m[48;2;182;140;114m▀[0m[38;2;246;208;181m[48;2;246;208;181m▀[0m[38;2;0;0;0m[48;2;0;0;0m▀[0m                      
                                                 [38;2;0;0;0m▄[38;2;0;0;0m[48;2;246;208;181m▀[0m[38;2;246;208;181m[48;2;246;208;181m▀[0m[38;2;219;211;208m[48;2;103;83;74m▀[0m[38;2;103;83;74m[48;2;246;208;181m▀[0m[38;2;219;211;208m[48;2;248;248;248m▀[0m[38;2;248;248;248m[48;2;248;248;248m▀[0m[38;2;248;248;248m[48;2;219;211;208m▀[0m[38;2;248;248;248m[48;2;246;208;181m▀[0m[38;2;246;208;181m[48;2;246;208;181m▀[0m[38;2;246;208;181m[48;2;103;83;74m▀[0m[38;2;246;208;181m[48;2;246;208;181m▀[0m[38;2;246;208;181m[48;2;246;208;181m▀[0m[38;2;246;208;181m[48;2;246;208;181m▀[0m[38;2;103;83;74m[48;2;103;83;74m▀[0m[38;2;246;208;181m[48;2;246;208;181m▀[0m[38;2;246;208;181m[48;2;246;208;181m▀[0m[38;2;246;208;181m[48;2;246;208;181m▀[0m[38;2;248;248;248m[48;2;246;208;181m▀[0m[38;2;246;208;181m[48;2;246;208;181m▀[0m[38;2;73;115;253m[48;2;73;115;253m▀[0m[38;2;246;208;181m[48;2;73;115;253m▀[0m[38;2;73;115;253m[48;2;73;115;253m▀[0m[38;2;66;69;190m[48;2;40;69;110m▀[0m[38;2;73;115;253m[48;2;73;115;253m▀[0m[38;2;0;0;0m[48;2;0;0;0m▀[0m                     
                  [38;2;103;83;74m▄[38;2;103;83;74m▄[38;2;103;83;74m▄[38;2;103;83;74m▄[38;2;103;83;74m▄[38;2;103;83;74m▄[38;2;103;83;74m▄[38;2;103;83;74m▄[38;2;103;83;74m▄[38;2;103;83;74m▄[38;2;103;83;74m▄               [38;2;103;83;74m▄[38;2;103;83;74m▄[38;2;103;83;74m▄[38;2;103;83;74m[48;2;0;0;0m▀[0m[38;2;0;0;0m[48;2;246;208;181m▀[0m[38;2;246;208;181m[48;2;246;208;181m▀[0m[38;2;246;208;181m[48;2;182;140;114m▀[0m[38;2;182;140;114m[48;2;103;83;74m▀[0m[38;2;103;83;74m[48;2;246;208;181m▀[0m[38;2;246;208;181m[48;2;246;208;181m▀[0m[38;2;219;211;208m[48;2;246;208;181m▀[0m[38;2;246;208;181m[48;2;246;208;181m▀[0m[38;2;246;208;181m[48;2;246;208;181m▀[0m[38;2;246;208;181m[48;2;103;83;74m▀[0m[38;2;103;83;74m[48;2;248;248;248m▀[0m[38;2;103;83;74m[48;2;103;83;74m▀[0m[38;2;246;208;181m[48;2;246;208;181m▀[0m[38;2;246;208;181m[48;2;103;83;74m▀[0m[38;2;103;83;74m[48;2;248;248;248m▀[0m[38;2;248;248;248m[48;2;248;248;248m▀[0m[38;2;103;83;74m[48;2;103;83;74m▀[0m[38;2;246;208;181m[48;2;246;208;181m▀[0m[38;2;246;208;181m[48;2;246;208;181m▀[0m[38;2;246;208;181m[48;2;246;208;181m▀[0m[38;2;246;208;181m[48;2;246;208;181m▀[0m[38;2;40;69;110m[48;2;40;69;110m▀[0m[38;2;73;115;253m[48;2;73;115;253m▀[0m[38;2;73;115;253m[48;2;73;115;253m▀[0m[38;2;40;69;110m[48;2;103;83;74m▀[0m[38;2;40;69;110m[48;2;182;140;114m▀[0m[38;2;182;140;114m[48;2;182;140;114m▀[0m[38;2;103;83;74m[48;2;182;140;114m▀[0m[38;2;103;83;74m[48;2;182;140;114m▀[0m[38;2;103;83;74m▄[38;2;103;83;74m▄                 
              [38;2;103;83;74m▄[38;2;103;83;74m[48;2;246;208;181m▀[0m[38;2;103;83;74m[48;2;246;208;181m▀[0m[38;2;103;83;74m[48;2;246;208;181m▀[0m[38;2;246;208;181m[48;2;246;208;181m▀[0m[38;2;246;208;181m[48;2;246;208;181m▀[0m[38;2;246;208;181m[48;2;246;208;181m▀[0m[38;2;246;208;181m[48;2;246;208;181m▀[0m[38;2;248;191;134m[48;2;246;208;181m▀[0m[38;2;255;241;138m[48;2;248;191;134m▀[0m[38;2;255;241;138m[48;2;255;241;138m▀[0m[38;2;255;241;138m[48;2;255;241;138m▀[0m[38;2;255;241;138m[48;2;255;241;138m▀[0m[38;2;246;208;181m[48;2;246;208;181m▀[0m[38;2;246;208;181m[48;2;246;208;181m▀[0m[38;2;103;83;74m[48;2;246;208;181m▀[0m[38;2;103;83;74m[48;2;246;208;181m▀[0m[38;2;103;83;74m[48;2;255;241;138m▀[0m[38;2;103;83;74m[48;2;255;241;138m▀[0m[38;2;103;83;74m▄[38;2;103;83;74m▄[38;2;103;83;74m▄[38;2;103;83;74m▄[38;2;103;83;74m▄[38;2;103;83;74m▄[38;2;103;83;74m[48;2;255;241;138m▀[0m[38;2;103;83;74m[48;2;255;241;138m▀[0m[38;2;103;83;74m[48;2;248;191;134m▀[0m[38;2;103;83;74m[48;2;246;208;181m▀[0m[38;2;103;83;74m[48;2;246;208;181m▀[0m[38;2;246;208;181m[48;2;246;208;181m▀[0m[38;2;246;208;181m[48;2;103;83;74m▀[0m[38;2;103;83;74m[48;2;246;208;181m▀[0m[38;2;246;208;181m[48;2;246;208;181m▀[0m[38;2;246;208;181m[48;2;103;83;74m▀[0m[38;2;246;208;181m[48;2;103;83;74m▀[0m[38;2;103;83;74m[48;2;246;208;181m▀[0m[38;2;246;208;181m[48;2;246;208;181m▀[0m[38;2;246;208;181m[48;2;246;208;181m▀[0m[38;2;246;208;181m[48;2;182;140;114m▀[0m[38;2;246;208;181m[48;2;103;83;74m▀[0m[38;2;182;140;114m[48;2;103;83;74m▀[0m[38;2;103;83;74m[48;2;248;248;248m▀[0m[38;2;248;248;248m[48;2;248;248;248m▀[0m[38;2;248;248;248m[48;2;248;248;248m▀[0m[38;2;103;83;74m[48;2;248;248;248m▀[0m[38;2;103;83;74m[48;2;248;248;248m▀[0m[38;2;248;248;248m[48;2;248;248;248m▀[0m[38;2;248;248;248m[48;2;248;248;248m▀[0m[38;2;248;248;248m[48;2;248;248;248m▀[0m[38;2;248;248;248m[48;2;248;248;248m▀[0m[38;2;103;83;74m[48;2;103;83;74m▀[0m[38;2;246;208;181m[48;2;246;208;181m▀[0m[38;2;246;208;181m[48;2;246;208;181m▀[0m[38;2;182;140;114m[48;2;103;83;74m▀[0m[38;2;40;69;110m[48;2;40;69;110m▀[0m[38;2;73;115;253m[48;2;73;115;253m▀[0m[38;2;73;115;253m[48;2;66;69;190m▀[0m[38;2;103;83;74m[48;2;182;140;114m▀[0m[38;2;182;140;114m[48;2;182;140;114m▀[0m[38;2;182;140;114m[48;2;182;140;114m▀[0m[38;2;182;140;114m[48;2;182;140;114m▀[0m[38;2;182;140;114m[48;2;182;140;114m▀[0m[38;2;182;140;114m[48;2;182;140;114m▀[0m[38;2;182;140;114m[48;2;182;140;114m▀[0m[38;2;103;83;74m[48;2;182;140;114m▀[0m[38;2;103;83;74m[48;2;182;140;114m▀[0m[38;2;103;83;74m[48;2;248;191;134m▀[0m[38;2;103;83;74m▄[38;2;103;83;74m▄[38;2;103;83;74m▄           
              [38;2;103;83;74m▄[38;2;103;83;74m[48;2;182;140;114m▀[0m[38;2;103;83;74m[48;2;103;83;74m▀[0m[38;2;103;83;74m[48;2;182;140;114m▀[0m[38;2;103;83;74m[48;2;182;140;114m▀[0m[38;2;103;83;74m[48;2;182;140;114m▀[0m[38;2;103;83;74m[48;2;182;140;114m▀[0m[38;2;182;140;114m[48;2;182;140;114m▀[0m[38;2;182;140;114m[48;2;182;140;114m▀[0m[38;2;246;208;181m[48;2;182;140;114m▀[0m[38;2;246;208;181m[48;2;182;140;114m▀[0m[38;2;255;241;138m[48;2;246;208;181m▀[0m[38;2;255;241;138m[48;2;255;241;138m▀[0m[38;2;255;241;138m[48;2;255;241;138m▀[0m[38;2;248;191;134m[48;2;255;241;138m▀[0m[38;2;246;208;181m[48;2;248;191;134m▀[0m[38;2;246;208;181m[48;2;246;208;181m▀[0m[38;2;246;208;181m[48;2;246;208;181m▀[0m[38;2;255;241;138m[48;2;255;241;138m▀[0m[38;2;255;241;138m[48;2;255;241;138m▀[0m[38;2;255;241;138m[48;2;255;241;138m▀[0m[38;2;246;208;181m[48;2;246;208;181m▀[0m[38;2;246;208;181m[48;2;246;208;181m▀[0m[38;2;246;208;181m[48;2;246;208;181m▀[0m[38;2;246;208;181m[48;2;246;208;181m▀[0m[38;2;255;241;138m[48;2;248;191;134m▀[0m[38;2;255;241;138m[48;2;255;241;138m▀[0m[38;2;255;241;138m[48;2;255;241;138m▀[0m[38;2;246;208;181m[48;2;255;241;138m▀[0m[38;2;246;208;181m[48;2;246;208;181m▀[0m[38;2;246;208;181m[48;2;246;208;181m▀[0m[38;2;246;208;181m[48;2;182;140;114m▀[0m[38;2;103;83;74m[48;2;182;140;114m▀[0m[38;2;103;83;74m[48;2;182;140;114m▀[0m[38;2;182;140;114m[48;2;182;140;114m▀[0m[38;2;103;83;74m[48;2;103;83;74m▀[0m[38;2;103;83;74m[48;2;248;248;248m▀[0m[38;2;103;83;74m[48;2;248;248;248m▀[0m[38;2;103;83;74m[48;2;248;248;248m▀[0m[38;2;103;83;74m[48;2;248;248;248m▀[0m[38;2;248;248;248m[48;2;248;248;248m▀[0m[38;2;248;248;248m[48;2;248;248;248m▀[0m[38;2;248;248;248m[48;2;248;248;248m▀[0m[38;2;248;248;248m[48;2;248;248;248m▀[0m[38;2;248;248;248m[48;2;248;248;248m▀[0m[38;2;248;248;248m[48;2;248;248;248m▀[0m[38;2;248;248;248m[48;2;248;248;248m▀[0m[38;2;248;248;248m[48;2;248;248;248m▀[0m[38;2;248;248;248m[48;2;248;248;248m▀[0m[38;2;248;248;248m[48;2;248;248;248m▀[0m[38;2;248;248;248m[48;2;246;208;181m▀[0m[38;2;103;83;74m[48;2;246;208;181m▀[0m[38;2;246;208;181m[48;2;103;83;74m▀[0m[38;2;103;83;74m[48;2;246;208;181m▀[0m[38;2;246;208;181m[48;2;246;208;181m▀[0m[38;2;40;69;110m[48;2;40;69;110m▀[0m[38;2;73;115;253m[48;2;73;115;253m▀[0m[38;2;103;83;74m[48;2;103;83;74m▀[0m[38;2;182;140;114m[48;2;182;140;114m▀[0m[38;2;182;140;114m[48;2;103;83;74m▀[0m[38;2;182;140;114m[48;2;182;140;114m▀[0m[38;2;182;140;114m[48;2;182;140;114m▀[0m[38;2;182;140;114m[48;2;182;140;114m▀[0m[38;2;182;140;114m[48;2;182;140;114m▀[0m[38;2;182;140;114m[48;2;248;191;134m▀[0m[38;2;182;140;114m[48;2;248;191;134m▀[0m[38;2;248;191;134m[48;2;248;191;134m▀[0m[38;2;248;191;134m[48;2;248;191;134m▀[0m[38;2;248;191;134m[48;2;182;140;114m▀[0m[38;2;182;140;114m[48;2;103;83;74m▀[0m[38;2;182;140;114m[48;2;182;140;114m▀[0m[38;2;103;83;74m[48;2;246;208;181m▀[0m[38;2;103;83;74m[48;2;246;208;181m▀[0m[38;2;103;83;74m▄[38;2;103;83;74m▄       
            [38;2;103;83;74m▄[38;2;103;83;74m[48;2;182;140;114m▀[0m[38;2;182;140;114m[48;2;103;83;74m▀[0m[38;2;103;83;74m[48;2;182;140;114m▀[0m[38;2;182;140;114m[48;2;182;140;114m▀[0m[38;2;182;140;114m[48;2;182;140;114m▀[0m[38;2;182;140;114m[48;2;182;140;114m▀[0m[38;2;182;140;114m[48;2;182;140;114m▀[0m[38;2;182;140;114m[48;2;103;83;74m▀[0m[38;2;182;140;114m[48;2;103;83;74m▀[0m[38;2;103;83;74m[48;2;182;140;114m▀[0m[38;2;182;140;114m[48;2;182;140;114m▀[0m[38;2;182;140;114m[48;2;182;140;114m▀[0m[38;2;182;140;114m[48;2;182;140;114m▀[0m[38;2;182;140;114m[48;2;69;42;31m▀[0m[38;2;255;241;138m[48;2;69;42;31m▀[0m[38;2;255;241;138m[48;2;69;42;31m▀[0m[38;2;255;241;138m[48;2;182;140;114m▀[0m[38;2;246;208;181m[48;2;246;208;181m▀[0m[38;2;246;208;181m[48;2;246;208;181m▀[0m[38;2;248;191;134m[48;2;246;208;181m▀[0m[38;2;255;241;138m[48;2;248;191;134m▀[0m[38;2;255;241;138m[48;2;255;241;138m▀[0m[38;2;248;191;134m[48;2;255;241;138m▀[0m[38;2;246;208;181m[48;2;246;208;181m▀[0m[38;2;246;208;181m[48;2;246;208;181m▀[0m[38;2;246;208;181m[48;2;246;208;181m▀[0m[38;2;246;208;181m[48;2;246;208;181m▀[0m[38;2;248;191;134m[48;2;246;208;181m▀[0m[38;2;255;241;138m[48;2;246;208;181m▀[0m[38;2;255;241;138m[48;2;255;241;138m▀[0m[38;2;248;191;134m[48;2;255;241;138m▀[0m[38;2;182;140;114m[48;2;182;140;114m▀[0m[38;2;182;140;114m[48;2;182;140;114m▀[0m[38;2;182;140;114m[48;2;0;0;0m▀[0m[38;2;182;140;114m[48;2;103;83;74m▀[0m[38;2;103;83;74m[48;2;103;83;74m▀[0m[38;2;182;140;114m[48;2;182;140;114m▀[0m[38;2;248;248;248m[48;2;176;176;176m▀[0m[38;2;248;248;248m[48;2;248;248;248m▀[0m[38;2;248;248;248m[48;2;248;248;248m▀[0m[38;2;248;248;248m[48;2;248;248;248m▀[0m[38;2;248;248;248m[48;2;248;248;248m▀[0m[38;2;248;248;248m[48;2;248;248;248m▀[0m[38;2;248;248;248m[48;2;248;248;248m▀[0m[38;2;248;248;248m[48;2;248;248;248m▀[0m[38;2;248;248;248m[48;2;248;248;248m▀[0m[38;2;248;248;248m[48;2;248;248;248m▀[0m[38;2;248;248;248m[48;2;248;248;248m▀[0m[38;2;248;248;248m[48;2;248;248;248m▀[0m[38;2;248;248;248m[48;2;246;208;181m▀[0m[38;2;246;208;181m[48;2;103;83;74m▀[0m[38;2;246;208;181m[48;2;103;83;74m▀[0m[38;2;246;208;181m[48;2;103;83;74m▀[0m[38;2;246;208;181m[48;2;246;208;181m▀[0m[38;2;246;208;181m[48;2;246;208;181m▀[0m[38;2;246;208;181m[48;2;246;208;181m▀[0m[38;2;246;208;181m[48;2;246;208;181m▀[0m[38;2;40;69;110m[48;2;246;208;181m▀[0m[38;2;246;208;181m[48;2;246;208;181m▀[0m[38;2;182;140;114m[48;2;182;140;114m▀[0m[38;2;103;83;74m[48;2;182;140;114m▀[0m[38;2;182;140;114m[48;2;103;83;74m▀[0m[38;2;182;140;114m[48;2;182;140;114m▀[0m[38;2;182;140;114m[48;2;182;140;114m▀[0m[38;2;182;140;114m[48;2;182;140;114m▀[0m[38;2;182;140;114m[48;2;182;140;114m▀[0m[38;2;248;191;134m[48;2;248;191;134m▀[0m[38;2;248;191;134m[48;2;248;191;134m▀[0m[38;2;248;191;134m[48;2;0;0;0m▀[0m[38;2;103;83;74m[48;2;246;208;181m▀[0m[38;2;255;241;138m[48;2;246;208;181m▀[0m[38;2;255;241;138m[48;2;255;241;138m▀[0m[38;2;248;191;134m[48;2;255;241;138m▀[0m[38;2;246;208;181m[48;2;255;241;138m▀[0m[38;2;246;208;181m[48;2;255;241;138m▀[0m[38;2;246;208;181m[48;2;255;241;138m▀[0m[38;2;103;83;74m[48;2;246;208;181m▀[0m[38;2;103;83;74m▄     
          [38;2;0;0;0m▄[38;2;0;0;0m[48;2;69;42;31m▀[0m[38;2;182;140;114m[48;2;69;42;31m▀[0m[38;2;69;42;31m[48;2;69;42;31m▀[0m[38;2;0;0;0m[48;2;0;0;0m▀[0m[38;2;182;140;114m[48;2;0;0;0m▀[0m[38;2;182;140;114m[48;2;0;0;0m▀[0m[38;2;182;140;114m[48;2;0;0;0m▀[0m[38;2;0;0;0m[48;2;69;42;31m▀[0m[38;2;0;0;0m[48;2;0;0;0m▀[0m[38;2;0;0;0m[48;2;182;140;114m▀[0m[38;2;182;140;114m[48;2;182;140;114m▀[0m[38;2;182;140;114m[48;2;182;140;114m▀[0m[38;2;182;140;114m[48;2;182;140;114m▀[0m[38;2;182;140;114m[48;2;0;0;0m▀[0m[38;2;0;0;0m[48;2;69;42;31m▀[0m[38;2;69;42;31m[48;2;69;42;31m▀[0m[38;2;69;42;31m[48;2;69;42;31m▀[0m[38;2;69;42;31m[48;2;69;42;31m▀[0m[38;2;69;42;31m[48;2;69;42;31m▀[0m[38;2;69;42;31m[48;2;69;42;31m▀[0m[38;2;69;42;31m[48;2;69;42;31m▀[0m[38;2;182;140;114m[48;2;69;42;31m▀[0m[38;2;182;140;114m[48;2;69;42;31m▀[0m[38;2;182;140;114m[48;2;69;42;31m▀[0m[38;2;246;208;181m[48;2;69;42;31m▀[0m[38;2;246;208;181m[48;2;69;42;31m▀[0m[38;2;246;208;181m[48;2;69;42;31m▀[0m[38;2;246;208;181m[48;2;69;42;31m▀[0m[38;2;182;140;114m[48;2;69;42;31m▀[0m[38;2;69;42;31m[48;2;69;42;31m▀[0m[38;2;69;42;31m[48;2;69;42;31m▀[0m[38;2;69;42;31m[48;2;69;42;31m▀[0m[38;2;69;42;31m[48;2;69;42;31m▀[0m[38;2;69;42;31m[48;2;69;42;31m▀[0m[38;2;69;42;31m[48;2;69;42;31m▀[0m[38;2;0;0;0m[48;2;0;0;0m▀[0m[38;2;248;248;248m[48;2;248;248;248m▀[0m[38;2;103;83;74m[48;2;248;248;248m▀[0m[38;2;103;83;74m[48;2;248;248;248m▀[0m[38;2;182;140;114m[48;2;103;83;74m▀[0m[38;2;248;248;248m[48;2;176;176;176m▀[0m[38;2;248;248;248m[48;2;248;248;248m▀[0m[38;2;248;248;248m[48;2;248;248;248m▀[0m[38;2;248;248;248m[48;2;248;248;248m▀[0m[38;2;248;248;248m[48;2;248;248;248m▀[0m[38;2;248;248;248m[48;2;248;248;248m▀[0m[38;2;248;248;248m[48;2;248;248;248m▀[0m[38;2;248;248;248m[48;2;248;248;248m▀[0m[38;2;248;248;248m[48;2;108;108;108m▀[0m[38;2;248;248;248m[48;2;108;108;108m▀[0m[38;2;108;108;108m[48;2;248;248;248m▀[0m[38;2;108;108;108m[48;2;248;248;248m▀[0m[38;2;248;248;248m[48;2;248;248;248m▀[0m[38;2;248;248;248m[48;2;248;248;248m▀[0m[38;2;248;248;248m[48;2;103;83;74m▀[0m[38;2;103;83;74m[48;2;246;208;181m▀[0m[38;2;246;208;181m[48;2;246;208;181m▀[0m[38;2;246;208;181m[48;2;246;208;181m▀[0m[38;2;246;208;181m[48;2;246;208;181m▀[0m[38;2;246;208;181m[48;2;246;208;181m▀[0m[38;2;246;208;181m[48;2;182;140;114m▀[0m[38;2;182;140;114m[48;2;182;140;114m▀[0m[38;2;182;140;114m[48;2;182;140;114m▀[0m[38;2;182;140;114m[48;2;69;42;31m▀[0m[38;2;0;0;0m[48;2;69;42;31m▀[0m[38;2;0;0;0m[48;2;69;42;31m▀[0m[38;2;0;0;0m[48;2;69;42;31m▀[0m[38;2;0;0;0m[48;2;69;42;31m▀[0m[38;2;0;0;0m[48;2;0;0;0m▀[0m[38;2;0;0;0m[48;2;246;208;181m▀[0m[38;2;246;208;181m[48;2;246;208;181m▀[0m[38;2;246;208;181m[48;2;103;83;74m▀[0m[38;2;246;208;181m[48;2;103;83;74m▀[0m[38;2;182;140;114m[48;2;246;208;181m▀[0m[38;2;246;208;181m[48;2;246;208;181m▀[0m[38;2;246;208;181m[48;2;246;208;181m▀[0m[38;2;248;191;134m[48;2;246;208;181m▀[0m[38;2;255;241;138m[48;2;255;241;138m▀[0m[38;2;248;191;134m[48;2;255;241;138m▀[0m[38;2;246;208;181m[48;2;248;191;134m▀[0m[38;2;0;0;0m[48;2;246;208;181m▀[0m[38;2;0;0;0m▄   
         [38;2;0;0;0m[48;2;0;0;0m▀[0m[38;2;69;42;31m[48;2;69;42;31m▀[0m[38;2;69;42;31m[48;2;69;42;31m▀[0m[38;2;69;42;31m[48;2;0;0;0m▀[0m[38;2;0;0;0m[48;2;108;81;70m▀[0m[38;2;108;81;70m[48;2;108;81;70m▀[0m[38;2;69;42;31m[48;2;69;42;31m▀[0m[38;2;69;42;31m[48;2;69;42;31m▀[0m[38;2;69;42;31m[48;2;69;42;31m▀[0m[38;2;0;0;0m[48;2;0;0;0m▀[0m[38;2;182;140;114m[48;2;0;0;0m▀[0m[38;2;182;140;114m[48;2;0;0;0m▀[0m[38;2;182;140;114m[48;2;0;0;0m▀[0m[38;2;0;0;0m[48;2;69;42;31m▀[0m[38;2;0;0;0m[48;2;69;42;31m▀[0m[38;2;69;42;31m[48;2;69;42;31m▀[0m[38;2;69;42;31m[48;2;69;42;31m▀[0m[38;2;69;42;31m[48;2;69;42;31m▀[0m[38;2;69;42;31m[48;2;69;42;31m▀[0m[38;2;69;42;31m[48;2;69;42;31m▀[0m[38;2;69;42;31m[48;2;69;42;31m▀[0m[38;2;69;42;31m[48;2;69;42;31m▀[0m[38;2;69;42;31m[48;2;69;42;31m▀[0m[38;2;69;42;31m[48;2;69;42;31m▀[0m[38;2;69;42;31m[48;2;69;42;31m▀[0m[38;2;69;42;31m[48;2;69;42;31m▀[0m[38;2;69;42;31m[48;2;69;42;31m▀[0m[38;2;69;42;31m[48;2;69;42;31m▀[0m[38;2;69;42;31m[48;2;69;42;31m▀[0m[38;2;69;42;31m[48;2;69;42;31m▀[0m[38;2;69;42;31m[48;2;69;42;31m▀[0m[38;2;69;42;31m[48;2;69;42;31m▀[0m[38;2;69;42;31m[48;2;69;42;31m▀[0m[38;2;69;42;31m[48;2;69;42;31m▀[0m[38;2;69;42;31m[48;2;69;42;31m▀[0m[38;2;69;42;31m[48;2;69;42;31m▀[0m[38;2;69;42;31m[48;2;69;42;31m▀[0m[38;2;69;42;31m[48;2;69;42;31m▀[0m[38;2;0;0;0m[48;2;0;0;0m▀[0m[38;2;248;248;248m[48;2;248;248;248m▀[0m[38;2;248;248;248m[48;2;248;248;248m▀[0m[38;2;248;248;248m[48;2;248;248;248m▀[0m[38;2;108;108;108m[48;2;248;248;248m▀[0m[38;2;248;248;248m[48;2;108;108;108m▀[0m[38;2;248;248;248m[48;2;248;248;248m▀[0m[38;2;248;248;248m[48;2;248;248;248m▀[0m[38;2;248;248;248m[48;2;248;248;248m▀[0m[38;2;248;248;248m[48;2;248;248;248m▀[0m[38;2;248;248;248m[48;2;108;108;108m▀[0m[38;2;108;108;108m[48;2;248;248;248m▀[0m[38;2;176;176;176m[48;2;248;248;248m▀[0m[38;2;248;248;248m[48;2;248;248;248m▀[0m[38;2;248;248;248m[48;2;248;248;248m▀[0m[38;2;248;248;248m[48;2;248;248;248m▀[0m[38;2;248;248;248m[48;2;176;176;176m▀[0m[38;2;103;83;74m[48;2;103;83;74m▀[0m[38;2;246;208;181m[48;2;246;208;181m▀[0m[38;2;246;208;181m[48;2;246;208;181m▀[0m[38;2;246;208;181m[48;2;246;208;181m▀[0m[38;2;246;208;181m[48;2;246;208;181m▀[0m[38;2;246;208;181m[48;2;246;208;181m▀[0m[38;2;246;208;181m[48;2;182;140;114m▀[0m[38;2;182;140;114m[48;2;182;140;114m▀[0m[38;2;182;140;114m[48;2;182;140;114m▀[0m[38;2;182;140;114m[48;2;182;140;114m▀[0m[38;2;69;42;31m[48;2;69;42;31m▀[0m[38;2;69;42;31m[48;2;69;42;31m▀[0m[38;2;69;42;31m[48;2;69;42;31m▀[0m[38;2;69;42;31m[48;2;69;42;31m▀[0m[38;2;69;42;31m[48;2;69;42;31m▀[0m[38;2;69;42;31m[48;2;69;42;31m▀[0m[38;2;0;0;0m[48;2;0;0;0m▀[0m[38;2;0;0;0m[48;2;246;208;181m▀[0m[38;2;182;140;114m[48;2;182;140;114m▀[0m[38;2;103;83;74m[48;2;103;83;74m▀[0m[38;2;246;208;181m[48;2;246;208;181m▀[0m[38;2;246;208;181m[48;2;246;208;181m▀[0m[38;2;246;208;181m[48;2;246;208;181m▀[0m[38;2;246;208;181m[48;2;246;208;181m▀[0m[38;2;255;241;138m[48;2;246;208;181m▀[0m[38;2;255;241;138m[48;2;255;241;138m▀[0m[38;2;255;241;138m[48;2;255;241;138m▀[0m[38;2;246;208;181m[48;2;255;241;138m▀[0m[38;2;0;0;0m[48;2;246;208;181m▀[0m[38;2;0;0;0m▄  
       [38;2;69;42;31m▄[38;2;0;0;0m[48;2;108;81;70m▀[0m[38;2;108;81;70m[48;2;108;81;70m▀[0m[38;2;69;42;31m[48;2;69;42;31m▀[0m[38;2;0;0;0m[48;2;108;81;70m▀[0m[38;2;108;81;70m[48;2;108;81;70m▀[0m[38;2;108;81;70m[48;2;108;81;70m▀[0m[38;2;69;42;31m[48;2;69;42;31m▀[0m[38;2;69;42;31m[48;2;69;42;31m▀[0m[38;2;69;42;31m[48;2;69;42;31m▀[0m[38;2;69;42;31m[48;2;69;42;31m▀[0m[38;2;69;42;31m[48;2;0;0;0m▀[0m[38;2;69;42;31m[48;2;69;42;31m▀[0m[38;2;69;42;31m[48;2;69;42;31m▀[0m[38;2;69;42;31m[48;2;69;42;31m▀[0m[38;2;69;42;31m[48;2;69;42;31m▀[0m[38;2;69;42;31m[48;2;69;42;31m▀[0m[38;2;69;42;31m[48;2;69;42;31m▀[0m[38;2;69;42;31m[48;2;0;0;0m▀[0m[38;2;69;42;31m[48;2;69;42;31m▀[0m[38;2;69;42;31m[48;2;69;42;31m▀[0m[38;2;69;42;31m[48;2;69;42;31m▀[0m[38;2;69;42;31m[48;2;69;42;31m▀[0m[38;2;69;42;31m[48;2;69;42;31m▀[0m[38;2;69;42;31m[48;2;69;42;31m▀[0m[38;2;69;42;31m[48;2;69;42;31m▀[0m[38;2;69;42;31m[48;2;69;42;31m▀[0m[38;2;69;42;31m[48;2;69;42;31m▀[0m[38;2;69;42;31m[48;2;69;42;31m▀[0m[38;2;69;42;31m[48;2;69;42;31m▀[0m[38;2;69;42;31m[48;2;69;42;31m▀[0m[38;2;69;42;31m[48;2;69;42;31m▀[0m[38;2;69;42;31m[48;2;69;42;31m▀[0m[38;2;69;42;31m[48;2;69;42;31m▀[0m[38;2;69;42;31m[48;2;69;42;31m▀[0m[38;2;69;42;31m[48;2;69;42;31m▀[0m[38;2;69;42;31m[48;2;69;42;31m▀[0m[38;2;69;42;31m[48;2;69;42;31m▀[0m[38;2;69;42;31m[48;2;69;42;31m▀[0m[38;2;69;42;31m[48;2;69;42;31m▀[0m[38;2;69;42;31m[48;2;0;0;0m▀[0m[38;2;0;0;0m[48;2;0;0;0m▀[0m[38;2;248;248;248m[48;2;103;83;74m▀[0m[38;2;248;248;248m[48;2;248;248;248m▀[0m[38;2;248;248;248m[48;2;248;248;248m▀[0m[38;2;248;248;248m[48;2;248;248;248m▀[0m[38;2;176;176;176m[48;2;248;248;248m▀[0m[38;2;248;248;248m[48;2;248;248;248m▀[0m[38;2;248;248;248m[48;2;248;248;248m▀[0m[38;2;176;176;176m[48;2;248;248;248m▀[0m[38;2;248;248;248m[48;2;248;248;248m▀[0m[38;2;248;248;248m[48;2;248;248;248m▀[0m[38;2;248;248;248m[48;2;248;248;248m▀[0m[38;2;248;248;248m[48;2;248;248;248m▀[0m[38;2;248;248;248m[48;2;176;176;176m▀[0m[38;2;248;248;248m[48;2;103;83;74m▀[0m[38;2;103;83;74m[48;2;103;83;74m▀[0m[38;2;246;208;181m[48;2;103;83;74m▀[0m[38;2;246;208;181m[48;2;103;83;74m▀[0m[38;2;246;208;181m[48;2;246;208;181m▀[0m[38;2;246;208;181m[48;2;246;208;181m▀[0m[38;2;246;208;181m[48;2;182;140;114m▀[0m[38;2;182;140;114m[48;2;182;140;114m▀[0m[38;2;182;140;114m[48;2;182;140;114m▀[0m[38;2;182;140;114m[48;2;182;140;114m▀[0m[38;2;182;140;114m[48;2;182;140;114m▀[0m[38;2;182;140;114m[48;2;182;140;114m▀[0m[38;2;182;140;114m[48;2;182;140;114m▀[0m[38;2;69;42;31m[48;2;69;42;31m▀[0m[38;2;69;42;31m[48;2;69;42;31m▀[0m[38;2;69;42;31m[48;2;69;42;31m▀[0m[38;2;69;42;31m[48;2;0;0;0m▀[0m[38;2;0;0;0m[48;2;246;208;181m▀[0m[38;2;246;208;181m[48;2;246;208;181m▀[0m[38;2;246;208;181m[48;2;0;0;0m▀[0m[38;2;0;0;0m[48;2;0;0;0m▀[0m[38;2;182;140;114m[48;2;246;208;181m▀[0m[38;2;246;208;181m[48;2;246;208;181m▀[0m[38;2;246;208;181m[48;2;246;208;181m▀[0m[38;2;246;208;181m[48;2;246;208;181m▀[0m[38;2;246;208;181m[48;2;182;140;114m▀[0m[38;2;246;208;181m[48;2;246;208;181m▀[0m[38;2;248;191;134m[48;2;246;208;181m▀[0m[38;2;255;241;138m[48;2;248;191;134m▀[0m[38;2;255;241;138m[48;2;255;241;138m▀[0m[38;2;255;241;138m[48;2;255;241;138m▀[0m[38;2;0;0;0m[48;2;0;0;0m▀[0m  
      [38;2;69;42;31m▄[38;2;69;42;31m[48;2;108;81;70m▀[0m[38;2;108;81;70m[48;2;108;81;70m▀[0m[38;2;108;81;70m[48;2;69;42;31m▀[0m[38;2;69;42;31m[48;2;108;81;70m▀[0m[38;2;108;81;70m[48;2;108;81;70m▀[0m[38;2;108;81;70m[48;2;108;81;70m▀[0m[38;2;108;81;70m[48;2;108;81;70m▀[0m[38;2;69;42;31m[48;2;69;42;31m▀[0m[38;2;69;42;31m[48;2;0;0;0m▀[0m[38;2;0;0;0m[48;2;69;42;31m▀[0m[38;2;0;0;0m[48;2;0;0;0m▀[0m[38;2;69;42;31m[48;2;69;42;31m▀[0m[38;2;69;42;31m[48;2;69;42;31m▀[0m[38;2;69;42;31m[48;2;69;42;31m▀[0m[38;2;69;42;31m[48;2;69;42;31m▀[0m[38;2;69;42;31m[48;2;69;42;31m▀[0m[38;2;69;42;31m[48;2;69;42;31m▀[0m[38;2;0;0;0m[48;2;0;0;0m▀[0m[38;2;69;42;31m[48;2;69;42;31m▀[0m[38;2;69;42;31m[48;2;69;42;31m▀[0m[38;2;69;42;31m[48;2;69;42;31m▀[0m[38;2;69;42;31m[48;2;69;42;31m▀[0m[38;2;69;42;31m[48;2;69;42;31m▀[0m[38;2;69;42;31m[48;2;69;42;31m▀[0m[38;2;69;42;31m[48;2;69;42;31m▀[0m[38;2;69;42;31m[48;2;69;42;31m▀[0m[38;2;69;42;31m[48;2;69;42;31m▀[0m[38;2;69;42;31m[48;2;69;42;31m▀[0m[38;2;0;0;0m[48;2;0;0;0m▀[0m[38;2;69;42;31m[48;2;69;42;31m▀[0m[38;2;69;42;31m[48;2;69;42;31m▀[0m[38;2;69;42;31m[48;2;69;42;31m▀[0m[38;2;69;42;31m[48;2;69;42;31m▀[0m[38;2;69;42;31m[48;2;69;42;31m▀[0m[38;2;0;0;0m[48;2;0;0;0m▀[0m[38;2;69;42;31m[48;2;69;42;31m▀[0m[38;2;69;42;31m[48;2;69;42;31m▀[0m[38;2;69;42;31m[48;2;69;42;31m▀[0m[38;2;69;42;31m[48;2;69;42;31m▀[0m[38;2;69;42;31m[48;2;69;42;31m▀[0m[38;2;0;0;0m[48;2;0;0;0m▀[0m[38;2;176;176;176m[48;2;176;176;176m▀[0m[38;2;108;108;108m[48;2;176;176;176m▀[0m[38;2;103;83;74m[48;2;176;176;176m▀[0m[38;2;176;176;176m[48;2;108;108;108m▀[0m[38;2;248;248;248m[48;2;108;108;108m▀[0m[38;2;248;248;248m[48;2;248;248;248m▀[0m[38;2;248;248;248m[48;2;248;248;248m▀[0m[38;2;248;248;248m[48;2;248;248;248m▀[0m[38;2;248;248;248m[48;2;248;248;248m▀[0m[38;2;248;248;248m[48;2;248;248;248m▀[0m[38;2;248;248;248m[48;2;176;176;176m▀[0m[38;2;248;248;248m[48;2;108;108;108m▀[0m[38;2;108;108;108m[48;2;176;176;176m▀[0m[38;2;108;108;108m[48;2;176;176;176m▀[0m[38;2;108;108;108m[48;2;176;176;176m▀[0m[38;2;176;176;176m[48;2;176;176;176m▀[0m[38;2;176;176;176m[48;2;176;176;176m▀[0m[38;2;176;176;176m[48;2;103;83;74m▀[0m[38;2;103;83;74m[48;2;182;140;114m▀[0m[38;2;182;140;114m[48;2;182;140;114m▀[0m[38;2;182;140;114m[48;2;182;140;114m▀[0m[38;2;182;140;114m[48;2;182;140;114m▀[0m[38;2;182;140;114m[48;2;182;140;114m▀[0m[38;2;182;140;114m[48;2;182;140;114m▀[0m[38;2;182;140;114m[48;2;182;140;114m▀[0m[38;2;182;140;114m[48;2;182;140;114m▀[0m[38;2;182;140;114m[48;2;182;140;114m▀[0m[38;2;69;42;31m[48;2;182;140;114m▀[0m[38;2;69;42;31m[48;2;69;42;31m▀[0m[38;2;69;42;31m[48;2;69;42;31m▀[0m[38;2;0;0;0m[48;2;69;42;31m▀[0m[38;2;0;0;0m[48;2;69;42;31m▀[0m[38;2;0;0;0m[48;2;0;0;0m▀[0m[38;2;69;42;31m[48;2;69;42;31m▀[0m[38;2;0;0;0m[48;2;0;0;0m▀[0m[38;2;246;208;181m[48;2;246;208;181m▀[0m[38;2;246;208;181m[48;2;246;208;181m▀[0m[38;2;246;208;181m[48;2;246;208;181m▀[0m[38;2;246;208;181m[48;2;246;208;181m▀[0m[38;2;103;83;74m[48;2;103;83;74m▀[0m[38;2;246;208;181m[48;2;246;208;181m▀[0m[38;2;246;208;181m[48;2;246;208;181m▀[0m[38;2;246;208;181m[48;2;246;208;181m▀[0m[38;2;246;208;181m[48;2;182;140;114m▀[0m[38;2;248;191;134m[48;2;246;208;181m▀[0m[38;2;255;241;138m[48;2;182;140;114m▀[0m[38;2;0;0;0m[48;2;0;0;0m▀[0m 
     [38;2;69;42;31m[48;2;69;42;31m▀[0m[38;2;108;81;70m[48;2;108;81;70m▀[0m[38;2;108;81;70m[48;2;108;81;70m▀[0m[38;2;108;81;70m[48;2;108;81;70m▀[0m[38;2;69;42;31m[48;2;69;42;31m▀[0m[38;2;108;81;70m[48;2;108;81;70m▀[0m[38;2;108;81;70m[48;2;108;81;70m▀[0m[38;2;108;81;70m[48;2;0;0;0m▀[0m[38;2;0;0;0m[48;2;69;42;31m▀[0m[38;2;0;0;0m[48;2;69;42;31m▀[0m[38;2;69;42;31m[48;2;69;42;31m▀[0m[38;2;0;0;0m[48;2;0;0;0m▀[0m[38;2;69;42;31m[48;2;69;42;31m▀[0m[38;2;69;42;31m[48;2;69;42;31m▀[0m[38;2;69;42;31m[48;2;69;42;31m▀[0m[38;2;69;42;31m[48;2;69;42;31m▀[0m[38;2;69;42;31m[48;2;69;42;31m▀[0m[38;2;69;42;31m[48;2;69;42;31m▀[0m[38;2;0;0;0m[48;2;0;0;0m▀[0m[38;2;69;42;31m[48;2;69;42;31m▀[0m[38;2;69;42;31m[48;2;69;42;31m▀[0m[38;2;69;42;31m[48;2;69;42;31m▀[0m[38;2;69;42;31m[48;2;69;42;31m▀[0m[38;2;69;42;31m[48;2;69;42;31m▀[0m[38;2;0;0;0m[48;2;0;0;0m▀[0m[38;2;69;42;31m[48;2;69;42;31m▀[0m[38;2;69;42;31m[48;2;69;42;31m▀[0m[38;2;69;42;31m[48;2;69;42;31m▀[0m[38;2;69;42;31m[48;2;0;0;0m▀[0m[38;2;0;0;0m[48;2;69;42;31m▀[0m[38;2;0;0;0m[48;2;0;0;0m▀[0m[38;2;69;42;31m[48;2;69;42;31m▀[0m[38;2;69;42;31m[48;2;69;42;31m▀[0m[38;2;69;42;31m[48;2;69;42;31m▀[0m[38;2;69;42;31m[48;2;69;42;31m▀[0m[38;2;0;0;0m[48;2;0;0;0m▀[0m[38;2;69;42;31m[48;2;69;42;31m▀[0m[38;2;0;0;0m[48;2;0;0;0m▀[0m[38;2;69;42;31m[48;2;69;42;31m▀[0m[38;2;69;42;31m[48;2;69;42;31m▀[0m[38;2;69;42;31m[48;2;69;42;31m▀[0m[38;2;69;42;31m[48;2;0;0;0m▀[0m[38;2;69;42;31m[48;2;69;42;31m▀[0m[38;2;0;0;0m[48;2;69;42;31m▀[0m[38;2;176;176;176m[48;2;0;0;0m▀[0m[38;2;176;176;176m[48;2;176;176;176m▀[0m[38;2;176;176;176m[48;2;176;176;176m▀[0m[38;2;176;176;176m[48;2;176;176;176m▀[0m[38;2;108;108;108m[48;2;176;176;176m▀[0m[38;2;176;176;176m[48;2;176;176;176m▀[0m[38;2;176;176;176m[48;2;176;176;176m▀[0m[38;2;176;176;176m[48;2;176;176;176m▀[0m[38;2;176;176;176m[48;2;176;176;176m▀[0m[38;2;176;176;176m[48;2;176;176;176m▀[0m[38;2;176;176;176m[48;2;176;176;176m▀[0m[38;2;176;176;176m[48;2;176;176;176m▀[0m[38;2;176;176;176m[48;2;176;176;176m▀[0m[38;2;176;176;176m[48;2;176;176;176m▀[0m[38;2;176;176;176m[48;2;103;83;74m▀[0m[38;2;103;83;74m[48;2;182;140;114m▀[0m[38;2;182;140;114m[48;2;182;140;114m▀[0m[38;2;182;140;114m[48;2;182;140;114m▀[0m[38;2;182;140;114m[48;2;182;140;114m▀[0m[38;2;182;140;114m[48;2;182;140;114m▀[0m[38;2;182;140;114m[48;2;182;140;114m▀[0m[38;2;182;140;114m[48;2;182;140;114m▀[0m[38;2;182;140;114m[48;2;182;140;114m▀[0m[38;2;182;140;114m[48;2;182;140;114m▀[0m[38;2;182;140;114m[48;2;182;140;114m▀[0m[38;2;182;140;114m[48;2;182;140;114m▀[0m[38;2;182;140;114m[48;2;69;42;31m▀[0m[38;2;69;42;31m[48;2;182;140;114m▀[0m[38;2;69;42;31m[48;2;69;42;31m▀[0m[38;2;69;42;31m[48;2;69;42;31m▀[0m[38;2;0;0;0m[48;2;0;0;0m▀[0m[38;2;69;42;31m[48;2;69;42;31m▀[0m[38;2;0;0;0m[48;2;0;0;0m▀[0m[38;2;246;208;181m[48;2;246;208;181m▀[0m[38;2;246;208;181m[48;2;246;208;181m▀[0m[38;2;246;208;181m[48;2;246;208;181m▀[0m[38;2;246;208;181m[48;2;182;140;114m▀[0m[38;2;0;0;0m[48;2;0;0;0m▀[0m[38;2;246;208;181m[48;2;246;208;181m▀[0m[38;2;246;208;181m[48;2;246;208;181m▀[0m[38;2;246;208;181m[48;2;246;208;181m▀[0m[38;2;246;208;181m[48;2;246;208;181m▀[0m[38;2;182;140;114m[48;2;103;83;74m▀[0m[38;2;246;208;181m[48;2;182;140;114m▀[0m[38;2;182;140;114m[48;2;182;140;114m▀[0m[38;2;0;0;0m[48;2;0;0;0m▀[0m 
    [38;2;69;42;31m▄[38;2;69;42;31m[48;2;108;81;70m▀[0m[38;2;108;81;70m[48;2;108;81;70m▀[0m[38;2;108;81;70m[48;2;108;81;70m▀[0m[38;2;69;42;31m[48;2;69;42;31m▀[0m[38;2;69;42;31m[48;2;69;42;31m▀[0m[38;2;0;0;0m[48;2;69;42;31m▀[0m[38;2;0;0;0m[48;2;0;0;0m▀[0m[38;2;69;42;31m[48;2;69;42;31m▀[0m[38;2;69;42;31m[48;2;69;42;31m▀[0m[38;2;69;42;31m[48;2;69;42;31m▀[0m[38;2;69;42;31m[48;2;0;0;0m▀[0m[38;2;0;0;0m[48;2;69;42;31m▀[0m[38;2;69;42;31m[48;2;69;42;31m▀[0m[38;2;69;42;31m[48;2;69;42;31m▀[0m[38;2;69;42;31m[48;2;69;42;31m▀[0m[38;2;69;42;31m[48;2;69;42;31m▀[0m[38;2;69;42;31m[48;2;69;42;31m▀[0m[38;2;0;0;0m[48;2;0;0;0m▀[0m[38;2;69;42;31m[48;2;69;42;31m▀[0m[38;2;69;42;31m[48;2;69;42;31m▀[0m[38;2;69;42;31m[48;2;69;42;31m▀[0m[38;2;69;42;31m[48;2;69;42;31m▀[0m[38;2;69;42;31m[48;2;0;0;0m▀[0m[38;2;0;0;0m[48;2;69;42;31m▀[0m[38;2;0;0;0m[48;2;0;0;0m▀[0m[38;2;69;42;31m[48;2;69;42;31m▀[0m[38;2;69;42;31m[48;2;69;42;31m▀[0m[38;2;69;42;31m[48;2;0;0;0m▀[0m[38;2;0;0;0m[48;2;69;42;31m▀[0m[38;2;69;42;31m[48;2;69;42;31m▀[0m[38;2;0;0;0m[48;2;0;0;0m▀[0m[38;2;69;42;31m[48;2;69;42;31m▀[0m[38;2;69;42;31m[48;2;69;42;31m▀[0m[38;2;69;42;31m[48;2;69;42;31m▀[0m[38;2;69;42;31m[48;2;0;0;0m▀[0m[38;2;0;0;0m[48;2;69;42;31m▀[0m[38;2;69;42;31m[48;2;69;42;31m▀[0m[38;2;0;0;0m[48;2;69;42;31m▀[0m[38;2;69;42;31m[48;2;0;0;0m▀[0m[38;2;69;42;31m[48;2;69;42;31m▀[0m[38;2;69;42;31m[48;2;0;0;0m▀[0m[38;2;0;0;0m[48;2;69;42;31m▀[0m[38;2;69;42;31m[48;2;69;42;31m▀[0m[38;2;69;42;31m[48;2;69;42;31m▀[0m[38;2;69;42;31m[48;2;69;42;31m▀[0m[38;2;0;0;0m[48;2;0;0;0m▀[0m[38;2;0;0;0m[48;2;176;176;176m▀[0m[38;2;176;176;176m[48;2;108;108;108m▀[0m[38;2;176;176;176m[48;2;108;108;108m▀[0m[38;2;176;176;176m[48;2;176;176;176m▀[0m[38;2;176;176;176m[48;2;176;176;176m▀[0m[38;2;176;176;176m[48;2;176;176;176m▀[0m[38;2;176;176;176m[48;2;176;176;176m▀[0m[38;2;176;176;176m[48;2;176;176;176m▀[0m[38;2;176;176;176m[48;2;108;108;108m▀[0m[38;2;176;176;176m[48;2;108;108;108m▀[0m[38;2;108;108;108m[48;2;176;176;176m▀[0m[38;2;103;83;74m[48;2;176;176;176m▀[0m[38;2;103;83;74m[48;2;176;176;176m▀[0m[38;2;103;83;74m[48;2;176;176;176m▀[0m[38;2;182;140;114m[48;2;103;83;74m▀[0m[38;2;182;140;114m[48;2;182;140;114m▀[0m[38;2;182;140;114m[48;2;182;140;114m▀[0m[38;2;182;140;114m[48;2;182;140;114m▀[0m[38;2;182;140;114m[48;2;182;140;114m▀[0m[38;2;182;140;114m[48;2;182;140;114m▀[0m[38;2;182;140;114m[48;2;182;140;114m▀[0m[38;2;182;140;114m[48;2;182;140;114m▀[0m[38;2;182;140;114m[48;2;182;140;114m▀[0m[38;2;182;140;114m[48;2;182;140;114m▀[0m[38;2;69;42;31m[48;2;69;42;31m▀[0m[38;2;182;140;114m[48;2;182;140;114m▀[0m[38;2;182;140;114m[48;2;182;140;114m▀[0m[38;2;0;0;0m[48;2;0;0;0m▀[0m[38;2;69;42;31m[48;2;69;42;31m▀[0m[38;2;0;0;0m[48;2;0;0;0m▀[0m[38;2;246;208;181m[48;2;246;208;181m▀[0m[38;2;246;208;181m[48;2;246;208;181m▀[0m[38;2;246;208;181m[48;2;0;0;0m▀[0m[38;2;182;140;114m[48;2;0;0;0m▀[0m[38;2;0;0;0m[48;2;69;42;31m▀[0m[38;2;0;0;0m[48;2;0;0;0m▀[0m[38;2;246;208;181m[48;2;246;208;181m▀[0m[38;2;246;208;181m[48;2;246;208;181m▀[0m[38;2;246;208;181m[48;2;246;208;181m▀[0m[38;2;246;208;181m[48;2;246;208;181m▀[0m[38;2;103;83;74m[48;2;103;83;74m▀[0m[38;2;182;140;114m[48;2;182;140;114m▀[0m[38;2;182;140;114m[48;2;0;0;0m▀[0m[38;2;182;140;114m[48;2;182;140;114m▀[0m[38;2;0;0;0m[48;2;0;0;0m▀[0m
    [38;2;69;42;31m[48;2;69;42;31m▀[0m[38;2;108;81;70m[48;2;108;81;70m▀[0m[38;2;108;81;70m[48;2;108;81;70m▀[0m[38;2;69;42;31m[48;2;69;42;31m▀[0m[38;2;69;42;31m[48;2;69;42;31m▀[0m[38;2;69;42;31m[48;2;69;42;31m▀[0m[38;2;0;0;0m[48;2;0;0;0m▀[0m[38;2;69;42;31m[48;2;69;42;31m▀[0m[38;2;69;42;31m[48;2;69;42;31m▀[0m[38;2;69;42;31m[48;2;69;42;31m▀[0m[38;2;69;42;31m[48;2;69;42;31m▀[0m[38;2;0;0;0m[48;2;0;0;0m▀[0m[38;2;69;42;31m[48;2;69;42;31m▀[0m[38;2;69;42;31m[48;2;69;42;31m▀[0m[38;2;69;42;31m[48;2;69;42;31m▀[0m[38;2;69;42;31m[48;2;69;42;31m▀[0m[38;2;69;42;31m[48;2;0;0;0m▀[0m[38;2;0;0;0m[48;2;0;0;0m▀[0m[38;2;69;42;31m[48;2;69;42;31m▀[0m[38;2;69;42;31m[48;2;69;42;31m▀[0m[38;2;69;42;31m[48;2;69;42;31m▀[0m[38;2;69;42;31m[48;2;69;42;31m▀[0m[38;2;69;42;31m[48;2;0;0;0m▀[0m[38;2;0;0;0m[48;2;69;42;31m▀[0m[38;2;69;42;31m[48;2;69;42;31m▀[0m[38;2;0;0;0m[48;2;0;0;0m▀[0m[38;2;69;42;31m[48;2;0;0;0m▀[0m[38;2;0;0;0m[48;2;69;42;31m▀[0m[38;2;69;42;31m[48;2;69;42;31m▀[0m[38;2;69;42;31m[48;2;69;42;31m▀[0m[38;2;69;42;31m[48;2;69;42;31m▀[0m[38;2;69;42;31m[48;2;69;42;31m▀[0m[38;2;0;0;0m[48;2;0;0;0m▀[0m[38;2;69;42;31m[48;2;69;42;31m▀[0m[38;2;69;42;31m[48;2;0;0;0m▀[0m[38;2;0;0;0m[48;2;69;42;31m▀[0m[38;2;69;42;31m[48;2;69;42;31m▀[0m[38;2;69;42;31m[48;2;69;42;31m▀[0m[38;2;69;42;31m[48;2;69;42;31m▀[0m[38;2;69;42;31m[48;2;69;42;31m▀[0m[38;2;0;0;0m[48;2;0;0;0m▀[0m[38;2;69;42;31m[48;2;69;42;31m▀[0m[38;2;69;42;31m[48;2;69;42;31m▀[0m[38;2;69;42;31m[48;2;69;42;31m▀[0m[38;2;69;42;31m[48;2;69;42;31m▀[0m[38;2;0;0;0m[48;2;0;0;0m▀[0m[38;2;69;42;31m[48;2;69;42;31m▀[0m[38;2;0;0;0m[48;2;69;42;31m▀[0m[38;2;176;176;176m[48;2;0;0;0m▀[0m[38;2;176;176;176m[48;2;0;0;0m▀[0m[38;2;108;108;108m[48;2;176;176;176m▀[0m[38;2;108;108;108m[48;2;176;176;176m▀[0m[38;2;176;176;176m[48;2;176;176;176m▀[0m[38;2;176;176;176m[48;2;176;176;176m▀[0m[38;2;176;176;176m[48;2;176;176;176m▀[0m[38;2;176;176;176m[48;2;176;176;176m▀[0m[38;2;176;176;176m[48;2;176;176;176m▀[0m[38;2;176;176;176m[48;2;176;176;176m▀[0m[38;2;176;176;176m[48;2;176;176;176m▀[0m[38;2;176;176;176m[48;2;103;83;74m▀[0m[38;2;103;83;74m[48;2;182;140;114m▀[0m[38;2;182;140;114m[48;2;182;140;114m▀[0m[38;2;182;140;114m[48;2;182;140;114m▀[0m[38;2;182;140;114m[48;2;182;140;114m▀[0m[38;2;182;140;114m[48;2;182;140;114m▀[0m[38;2;182;140;114m[48;2;182;140;114m▀[0m[38;2;182;140;114m[48;2;182;140;114m▀[0m[38;2;182;140;114m[48;2;182;140;114m▀[0m[38;2;182;140;114m[48;2;182;140;114m▀[0m[38;2;182;140;114m[48;2;182;140;114m▀[0m[38;2;69;42;31m[48;2;69;42;31m▀[0m[38;2;182;140;114m[48;2;182;140;114m▀[0m[38;2;182;140;114m[48;2;0;0;0m▀[0m[38;2;0;0;0m[48;2;69;42;31m▀[0m[38;2;69;42;31m[48;2;69;42;31m▀[0m[38;2;69;42;31m[48;2;69;42;31m▀[0m[38;2;0;0;0m[48;2;69;42;31m▀[0m[38;2;0;0;0m[48;2;69;42;31m▀[0m[38;2;0;0;0m[48;2;69;42;31m▀[0m[38;2;69;42;31m[48;2;69;42;31m▀[0m[38;2;69;42;31m[48;2;69;42;31m▀[0m[38;2;69;42;31m[48;2;69;42;31m▀[0m[38;2;0;0;0m[48;2;0;0;0m▀[0m[38;2;246;208;181m[48;2;246;208;181m▀[0m[38;2;246;208;181m[48;2;246;208;181m▀[0m[38;2;246;208;181m[48;2;246;208;181m▀[0m[38;2;246;208;181m[48;2;182;140;114m▀[0m[38;2;103;83;74m[48;2;103;83;74m▀[0m[38;2;182;140;114m[48;2;182;140;114m▀[0m[38;2;0;0;0m[48;2;0;0;0m▀[0m[38;2;182;140;114m[48;2;182;140;114m▀[0m[38;2;0;0;0m[48;2;0;0;0m▀[0m
    [38;2;69;42;31m▀[38;2;69;42;31m▀[38;2;69;42;31m[48;2;69;42;31m▀[0m[38;2;69;42;31m[48;2;69;42;31m▀[0m[38;2;69;42;31m[48;2;69;42;31m▀[0m[38;2;0;0;0m[48;2;0;0;0m▀[0m[38;2;69;42;31m[48;2;69;42;31m▀[0m[38;2;69;42;31m[48;2;69;42;31m▀[0m[38;2;69;42;31m[48;2;69;42;31m▀[0m[38;2;69;42;31m[48;2;69;42;31m▀[0m[38;2;0;0;0m[48;2;0;0;0m▀[0m[38;2;0;0;0m[48;2;0;0;0m▀[0m[38;2;69;42;31m[48;2;69;42;31m▀[0m[38;2;69;42;31m[48;2;69;42;31m▀[0m[38;2;69;42;31m[48;2;69;42;31m▀[0m[38;2;0;0;0m[48;2;0;0;0m▀[0m[38;2;69;42;31m[48;2;69;42;31m▀[0m[38;2;0;0;0m[48;2;0;0;0m▀[0m[38;2;69;42;31m[48;2;69;42;31m▀[0m[38;2;69;42;31m[48;2;69;42;31m▀[0m[38;2;69;42;31m[48;2;0;0;0m▀[0m[38;2;0;0;0m[48;2;69;42;31m▀[0m[38;2;69;42;31m[48;2;69;42;31m▀[0m[38;2;69;42;31m[48;2;69;42;31m▀[0m[38;2;69;42;31m[48;2;69;42;31m▀[0m[38;2;69;42;31m[48;2;69;42;31m▀[0m[38;2;0;0;0m[48;2;0;0;0m▀[0m[38;2;69;42;31m[48;2;69;42;31m▀[0m[38;2;69;42;31m[48;2;69;42;31m▀[0m[38;2;69;42;31m[48;2;69;42;31m▀[0m[38;2;69;42;31m[48;2;69;42;31m▀[0m[38;2;69;42;31m[48;2;69;42;31m▀[0m[38;2;0;0;0m[48;2;0;0;0m▀[0m[38;2;0;0;0m▀[38;2;0;0;0m[48;2;0;0;0m▀[0m[38;2;69;42;31m[48;2;69;42;31m▀[0m[38;2;69;42;31m[48;2;69;42;31m▀[0m[38;2;69;42;31m[48;2;69;42;31m▀[0m[38;2;69;42;31m[48;2;69;42;31m▀[0m[38;2;0;0;0m[48;2;0;0;0m▀[0m [38;2;0;0;0m[48;2;0;0;0m▀[0m[38;2;69;42;31m[48;2;69;42;31m▀[0m[38;2;69;42;31m[48;2;69;42;31m▀[0m[38;2;69;42;31m[48;2;0;0;0m▀[0m[38;2;0;0;0m▀[38;2;69;42;31m[48;2;0;0;0m▀[0m[38;2;69;42;31m[48;2;69;42;31m▀[0m[38;2;69;42;31m[48;2;69;42;31m▀[0m[38;2;69;42;31m[48;2;0;0;0m▀[0m[38;2;0;0;0m[48;2;0;0;0m▀[0m[38;2;103;83;74m[48;2;182;140;114m▀[0m[38;2;176;176;176m[48;2;103;83;74m▀[0m[38;2;176;176;176m[48;2;103;83;74m▀[0m[38;2;176;176;176m[48;2;176;176;176m▀[0m[38;2;176;176;176m[48;2;176;176;176m▀[0m[38;2;176;176;176m[48;2;176;176;176m▀[0m[38;2;176;176;176m[48;2;103;83;74m▀[0m[38;2;103;83;74m[48;2;182;140;114m▀[0m[38;2;182;140;114m[48;2;182;140;114m▀[0m[38;2;182;140;114m[48;2;182;140;114m▀[0m[38;2;182;140;114m[48;2;182;140;114m▀[0m[38;2;182;140;114m[48;2;0;0;0m▀[0m[38;2;182;140;114m[48;2;0;0;0m▀[0m[38;2;182;140;114m[48;2;182;140;114m▀[0m[38;2;182;140;114m[48;2;182;140;114m▀[0m[38;2;182;140;114m[48;2;182;140;114m▀[0m[38;2;182;140;114m[48;2;182;140;114m▀[0m[38;2;182;140;114m[48;2;182;140;114m▀[0m[38;2;182;140;114m[48;2;182;140;114m▀[0m[38;2;69;42;31m[48;2;69;42;31m▀[0m[38;2;0;0;0m[48;2;0;0;0m▀[0m[38;2;69;42;31m[48;2;69;42;31m▀[0m[38;2;69;42;31m[48;2;69;42;31m▀[0m[38;2;69;42;31m[48;2;69;42;31m▀[0m[38;2;69;42;31m[48;2;69;42;31m▀[0m[38;2;69;42;31m[48;2;69;42;31m▀[0m[38;2;69;42;31m[48;2;69;42;31m▀[0m[38;2;69;42;31m[48;2;69;42;31m▀[0m[38;2;69;42;31m[48;2;69;42;31m▀[0m[38;2;69;42;31m[48;2;69;42;31m▀[0m[38;2;69;42;31m[48;2;69;42;31m▀[0m[38;2;0;0;0m[48;2;0;0;0m▀[0m[38;2;246;208;181m[48;2;246;208;181m▀[0m[38;2;246;208;181m[48;2;246;208;181m▀[0m[38;2;246;208;181m[48;2;182;140;114m▀[0m[38;2;182;140;114m[48;2;182;140;114m▀[0m[38;2;0;0;0m[48;2;0;0;0m▀[0m[38;2;182;140;114m[48;2;182;140;114m▀[0m[38;2;182;140;114m[48;2;182;140;114m▀[0m[38;2;0;0;0m[48;2;0;0;0m▀[0m[38;2;0;0;0m[48;2;0;0;0m▀[0m
     [38;2;0;0;0m[48;2;0;0;0m▀[0m[38;2;108;81;70m[48;2;108;81;70m▀[0m[38;2;69;42;31m[48;2;69;42;31m▀[0m[38;2;69;42;31m[48;2;69;42;31m▀[0m[38;2;0;0;0m[48;2;0;0;0m▀[0m[38;2;69;42;31m[48;2;69;42;31m▀[0m[38;2;69;42;31m[48;2;69;42;31m▀[0m[38;2;69;42;31m[48;2;69;42;31m▀[0m[38;2;0;0;0m[48;2;0;0;0m▀[0m[38;2;69;42;31m[48;2;69;42;31m▀[0m[38;2;0;0;0m[48;2;0;0;0m▀[0m[38;2;69;42;31m[48;2;69;42;31m▀[0m[38;2;69;42;31m[48;2;0;0;0m▀[0m[38;2;0;0;0m[48;2;0;0;0m▀[0m[38;2;69;42;31m[48;2;69;42;31m▀[0m[38;2;69;42;31m[48;2;69;42;31m▀[0m[38;2;0;0;0m[48;2;69;42;31m▀[0m[38;2;69;42;31m[48;2;0;0;0m▀[0m[38;2;0;0;0m[48;2;69;42;31m▀[0m[38;2;0;0;0m[48;2;0;0;0m▀[0m[38;2;69;42;31m[48;2;69;42;31m▀[0m[38;2;69;42;31m[48;2;69;42;31m▀[0m[38;2;69;42;31m[48;2;69;42;31m▀[0m[38;2;69;42;31m[48;2;69;42;31m▀[0m[38;2;0;0;0m[48;2;0;0;0m▀[0m [38;2;0;0;0m[48;2;0;0;0m▀[0m[38;2;69;42;31m[48;2;69;42;31m▀[0m[38;2;69;42;31m[48;2;69;42;31m▀[0m[38;2;69;42;31m[48;2;69;42;31m▀[0m[38;2;69;42;31m[48;2;0;0;0m▀[0m[38;2;0;0;0m▀ [38;2;0;0;0m[48;2;0;0;0m▀[0m[38;2;69;42;31m[48;2;69;42;31m▀[0m[38;2;69;42;31m[48;2;69;42;31m▀[0m[38;2;69;42;31m[48;2;69;42;31m▀[0m[38;2;0;0;0m[48;2;0;0;0m▀[0m  [38;2;0;0;0m[48;2;0;0;0m▀[0m[38;2;69;42;31m[48;2;69;42;31m▀[0m[38;2;69;42;31m[48;2;69;42;31m▀[0m[38;2;0;0;0m[48;2;0;0;0m▀[0m [38;2;0;0;0m[48;2;0;0;0m▀[0m[38;2;69;42;31m[48;2;69;42;31m▀[0m[38;2;69;42;31m[48;2;0;0;0m▀[0m[38;2;0;0;0m▀ [38;2;69;42;31m▀[38;2;182;140;114m[48;2;69;42;31m▀[0m[38;2;182;140;114m[48;2;182;140;114m▀[0m[38;2;103;83;74m[48;2;182;140;114m▀[0m[38;2;103;83;74m[48;2;0;0;0m▀[0m[38;2;0;0;0m[48;2;123;65;32m▀[0m[38;2;0;0;0m[48;2;189;98;0m▀[0m[38;2;182;140;114m[48;2;0;0;0m▀[0m[38;2;182;140;114m[48;2;182;140;114m▀[0m[38;2;182;140;114m[48;2;0;0;0m▀[0m[38;2;0;0;0m[48;2;123;65;32m▀[0m[38;2;189;98;0m[48;2;123;65;32m▀[0m[38;2;189;98;0m[48;2;189;98;0m▀[0m[38;2;0;0;0m[48;2;0;0;0m▀[0m[38;2;182;140;114m[48;2;182;140;114m▀[0m[38;2;182;140;114m[48;2;182;140;114m▀[0m[38;2;182;140;114m[48;2;0;0;0m▀[0m[38;2;182;140;114m[48;2;0;0;0m▀[0m[38;2;182;140;114m[48;2;182;140;114m▀[0m[38;2;0;0;0m[48;2;108;81;70m▀[0m[38;2;108;81;70m[48;2;108;81;70m▀[0m[38;2;69;42;31m[48;2;108;81;70m▀[0m[38;2;69;42;31m[48;2;69;42;31m▀[0m[38;2;69;42;31m[48;2;69;42;31m▀[0m[38;2;69;42;31m[48;2;69;42;31m▀[0m[38;2;69;42;31m[48;2;69;42;31m▀[0m[38;2;69;42;31m[48;2;69;42;31m▀[0m[38;2;69;42;31m[48;2;69;42;31m▀[0m[38;2;69;42;31m[48;2;69;42;31m▀[0m[38;2;69;42;31m[48;2;69;42;31m▀[0m[38;2;69;42;31m[48;2;69;42;31m▀[0m[38;2;0;0;0m[48;2;69;42;31m▀[0m[38;2;246;208;181m[48;2;0;0;0m▀[0m[38;2;182;140;114m[48;2;182;140;114m▀[0m[38;2;182;140;114m[48;2;182;140;114m▀[0m[38;2;0;0;0m[48;2;0;0;0m▀[0m[38;2;69;42;31m[48;2;69;42;31m▀[0m[38;2;0;0;0m[48;2;0;0;0m▀[0m[38;2;182;140;114m[48;2;182;140;114m▀[0m[38;2;0;0;0m[48;2;0;0;0m▀[0m 
    [38;2;0;0;0m[48;2;0;0;0m▀[0m[38;2;108;81;70m[48;2;108;81;70m▀[0m[38;2;108;81;70m[48;2;108;81;70m▀[0m[38;2;69;42;31m[48;2;108;81;70m▀[0m[38;2;0;0;0m[48;2;0;0;0m▀[0m[38;2;69;42;31m[48;2;69;42;31m▀[0m[38;2;69;42;31m[48;2;69;42;31m▀[0m[38;2;69;42;31m[48;2;0;0;0m▀[0m[38;2;0;0;0m[48;2;0;0;0m▀[0m[38;2;69;42;31m[48;2;69;42;31m▀[0m[38;2;69;42;31m[48;2;69;42;31m▀[0m[38;2;69;42;31m[48;2;69;42;31m▀[0m[38;2;0;0;0m[48;2;69;42;31m▀[0m[38;2;69;42;31m[48;2;69;42;31m▀[0m[38;2;0;0;0m[48;2;0;0;0m▀[0m[38;2;69;42;31m[48;2;69;42;31m▀[0m[38;2;69;42;31m[48;2;69;42;31m▀[0m[38;2;69;42;31m[48;2;69;42;31m▀[0m[38;2;69;42;31m[48;2;69;42;31m▀[0m[38;2;0;0;0m[48;2;0;0;0m▀[0m [38;2;0;0;0m[48;2;0;0;0m▀[0m[38;2;69;42;31m[48;2;69;42;31m▀[0m[38;2;69;42;31m[48;2;69;42;31m▀[0m[38;2;69;42;31m[48;2;69;42;31m▀[0m[38;2;0;0;0m[48;2;0;0;0m▀[0m [38;2;0;0;0m[48;2;0;0;0m▀[0m[38;2;69;42;31m[48;2;69;42;31m▀[0m[38;2;69;42;31m[48;2;69;42;31m▀[0m[38;2;69;42;31m[48;2;0;0;0m▀[0m[38;2;0;0;0m▀  [38;2;0;0;0m[48;2;0;0;0m▀[0m[38;2;69;42;31m[48;2;69;42;31m▀[0m[38;2;69;42;31m[48;2;0;0;0m▀[0m[38;2;0;0;0m▀   [38;2;0;0;0m▀[38;2;69;42;31m[48;2;0;0;0m▀[0m[38;2;0;0;0m▀   [38;2;0;0;0m▀     [38;2;69;42;31m[48;2;0;0;0m▀[0m[38;2;0;0;0m[48;2;255;148;41m▀[0m[38;2;255;148;41m[48;2;255;148;41m▀[0m[38;2;255;148;41m[48;2;255;148;41m▀[0m[38;2;123;65;32m[48;2;255;148;41m▀[0m[38;2;189;98;0m[48;2;189;98;0m▀[0m[38;2;0;0;0m[48;2;0;0;0m▀[0m[38;2;255;148;41m[48;2;255;148;41m▀[0m[38;2;255;148;41m[48;2;255;148;41m▀[0m[38;2;255;148;41m[48;2;255;148;41m▀[0m[38;2;189;98;0m[48;2;255;148;41m▀[0m[38;2;0;0;0m[48;2;123;65;32m▀[0m[38;2;182;140;114m[48;2;0;0;0m▀[0m[38;2;123;65;32m[48;2;255;148;41m▀[0m[38;2;189;98;0m[48;2;255;148;41m▀[0m[38;2;189;98;0m[48;2;0;0;0m▀[0m[38;2;0;0;0m[48;2;108;81;70m▀[0m[38;2;108;81;70m[48;2;108;81;70m▀[0m[38;2;108;81;70m[48;2;108;81;70m▀[0m[38;2;108;81;70m[48;2;108;81;70m▀[0m[38;2;69;42;31m[48;2;69;42;31m▀[0m[38;2;69;42;31m[48;2;69;42;31m▀[0m[38;2;69;42;31m[48;2;69;42;31m▀[0m[38;2;69;42;31m[48;2;69;42;31m▀[0m[38;2;69;42;31m[48;2;69;42;31m▀[0m[38;2;69;42;31m[48;2;69;42;31m▀[0m[38;2;69;42;31m[48;2;69;42;31m▀[0m[38;2;0;0;0m[48;2;0;0;0m▀[0m[38;2;69;42;31m[48;2;69;42;31m▀[0m[38;2;69;42;31m[48;2;69;42;31m▀[0m[38;2;0;0;0m[48;2;0;0;0m▀[0m[38;2;182;140;114m[48;2;182;140;114m▀[0m[38;2;182;140;114m[48;2;0;0;0m▀[0m[38;2;0;0;0m[48;2;69;42;31m▀[0m[38;2;69;42;31m[48;2;0;0;0m▀[0m[38;2;69;42;31m[48;2;69;42;31m▀[0m[38;2;0;0;0m[48;2;0;0;0m▀[0m[38;2;0;0;0m[48;2;0;0;0m▀[0m 
   [38;2;0;0;0m[48;2;0;0;0m▀[0m[38;2;0;0;0m[48;2;0;0;0m▀[0m[38;2;108;81;70m[48;2;108;81;70m▀[0m[38;2;108;81;70m[48;2;108;81;70m▀[0m[38;2;108;81;70m[48;2;108;81;70m▀[0m[38;2;0;0;0m[48;2;0;0;0m▀[0m[38;2;69;42;31m[48;2;0;0;0m▀[0m[38;2;0;0;0m▀[38;2;0;0;0m▄[38;2;0;0;0m[48;2;69;42;31m▀[0m[38;2;69;42;31m[48;2;69;42;31m▀[0m[38;2;69;42;31m[48;2;69;42;31m▀[0m[38;2;69;42;31m[48;2;69;42;31m▀[0m[38;2;69;42;31m[48;2;69;42;31m▀[0m[38;2;0;0;0m[48;2;0;0;0m▀[0m[38;2;69;42;31m[48;2;69;42;31m▀[0m[38;2;69;42;31m[48;2;69;42;31m▀[0m[38;2;69;42;31m[48;2;69;42;31m▀[0m[38;2;69;42;31m[48;2;69;42;31m▀[0m[38;2;0;0;0m[48;2;0;0;0m▀[0m [38;2;0;0;0m▄[38;2;0;0;0m[48;2;69;42;31m▀[0m[38;2;69;42;31m[48;2;69;42;31m▀[0m[38;2;69;42;31m[48;2;69;42;31m▀[0m[38;2;0;0;0m[48;2;0;0;0m▀[0m  [38;2;0;0;0m[48;2;0;0;0m▀[0m[38;2;69;42;31m[48;2;69;42;31m▀[0m[38;2;69;42;31m[48;2;0;0;0m▀[0m[38;2;0;0;0m▀    [38;2;0;0;0m▀                 [38;2;0;0;0m[48;2;0;0;0m▀[0m[38;2;69;42;31m[48;2;108;81;70m▀[0m[38;2;69;42;31m[48;2;108;81;70m▀[0m[38;2;69;42;31m[48;2;69;42;31m▀[0m[38;2;189;98;0m[48;2;0;0;0m▀[0m[38;2;0;0;0m[48;2;123;65;32m▀[0m[38;2;0;0;0m[48;2;0;0;0m▀[0m[38;2;69;42;31m[48;2;108;81;70m▀[0m[38;2;69;42;31m[48;2;108;81;70m▀[0m[38;2;189;98;0m[48;2;69;42;31m▀[0m[38;2;0;0;0m[48;2;0;0;0m▀[0m[38;2;189;98;0m[48;2;189;98;0m▀[0m[38;2;0;0;0m[48;2;123;65;32m▀[0m[38;2;255;148;41m[48;2;0;0;0m▀[0m[38;2;0;0;0m[48;2;108;81;70m▀[0m[38;2;108;81;70m[48;2;108;81;70m▀[0m[38;2;108;81;70m[48;2;108;81;70m▀[0m[38;2;108;81;70m[48;2;108;81;70m▀[0m[38;2;108;81;70m[48;2;108;81;70m▀[0m[38;2;108;81;70m[48;2;108;81;70m▀[0m[38;2;108;81;70m[48;2;108;81;70m▀[0m[38;2;69;42;31m[48;2;69;42;31m▀[0m[38;2;69;42;31m[48;2;69;42;31m▀[0m[38;2;69;42;31m[48;2;69;42;31m▀[0m[38;2;69;42;31m[48;2;69;42;31m▀[0m[38;2;69;42;31m[48;2;69;42;31m▀[0m[38;2;69;42;31m[48;2;0;0;0m▀[0m[38;2;0;0;0m[48;2;69;42;31m▀[0m[38;2;69;42;31m[48;2;69;42;31m▀[0m[38;2;69;42;31m[48;2;69;42;31m▀[0m[38;2;0;0;0m[48;2;69;42;31m▀[0m[38;2;182;140;114m[48;2;0;0;0m▀[0m[38;2;0;0;0m[48;2;69;42;31m▀[0m[38;2;69;42;31m[48;2;69;42;31m▀[0m[38;2;0;0;0m[48;2;0;0;0m▀[0m[38;2;69;42;31m[48;2;69;42;31m▀[0m[38;2;0;0;0m[48;2;0;0;0m▀[0m[38;2;0;0;0m[48;2;69;42;31m▀[0m[38;2;0;0;0m▄
  [38;2;0;0;0m[48;2;0;0;0m▀[0m[38;2;69;42;31m[48;2;69;42;31m▀[0m[38;2;0;0;0m[48;2;0;0;0m▀[0m[38;2;108;81;70m[48;2;108;81;70m▀[0m[38;2;108;81;70m[48;2;108;81;70m▀[0m[38;2;108;81;70m[48;2;108;81;70m▀[0m[38;2;0;0;0m[48;2;0;0;0m▀[0m[38;2;0;0;0m▀ [38;2;0;0;0m[48;2;0;0;0m▀[0m[38;2;69;42;31m[48;2;69;42;31m▀[0m[38;2;69;42;31m[48;2;69;42;31m▀[0m[38;2;69;42;31m[48;2;69;42;31m▀[0m[38;2;69;42;31m[48;2;0;0;0m▀[0m[38;2;0;0;0m▀[38;2;0;0;0m[48;2;0;0;0m▀[0m[38;2;69;42;31m[48;2;69;42;31m▀[0m[38;2;69;42;31m[48;2;69;42;31m▀[0m[38;2;69;42;31m[48;2;69;42;31m▀[0m[38;2;0;0;0m[48;2;0;0;0m▀[0m  [38;2;0;0;0m[48;2;0;0;0m▀[0m[38;2;69;42;31m[48;2;69;42;31m▀[0m[38;2;69;42;31m[48;2;69;42;31m▀[0m[38;2;69;42;31m[48;2;0;0;0m▀[0m[38;2;0;0;0m▀   [38;2;0;0;0m▀                        [38;2;0;0;0m▀[38;2;108;81;70m[48;2;0;0;0m▀[0m[38;2;108;81;70m[48;2;108;81;70m▀[0m[38;2;69;42;31m[48;2;108;81;70m▀[0m[38;2;0;0;0m[48;2;0;0;0m▀[0m[38;2;123;65;32m[48;2;123;65;32m▀[0m[38;2;0;0;0m[48;2;0;0;0m▀[0m[38;2;108;81;70m[48;2;108;81;70m▀[0m[38;2;108;81;70m[48;2;69;42;31m▀[0m[38;2;69;42;31m[48;2;0;0;0m▀[0m[38;2;0;0;0m[48;2;123;65;32m▀[0m[38;2;189;98;0m[48;2;0;0;0m▀[0m[38;2;0;0;0m[48;2;108;81;70m▀[0m[38;2;108;81;70m[48;2;108;81;70m▀[0m[38;2;108;81;70m[48;2;108;81;70m▀[0m[38;2;108;81;70m[48;2;108;81;70m▀[0m[38;2;108;81;70m[48;2;108;81;70m▀[0m[38;2;108;81;70m[48;2;108;81;70m▀[0m[38;2;108;81;70m[48;2;108;81;70m▀[0m[38;2;108;81;70m[48;2;108;81;70m▀[0m[38;2;108;81;70m[48;2;108;81;70m▀[0m[38;2;69;42;31m[48;2;69;42;31m▀[0m[38;2;69;42;31m[48;2;69;42;31m▀[0m[38;2;69;42;31m[48;2;69;42;31m▀[0m[38;2;69;42;31m[48;2;69;42;31m▀[0m[38;2;69;42;31m[48;2;0;0;0m▀[0m[38;2;0;0;0m[48;2;0;0;0m▀[0m[38;2;69;42;31m[48;2;69;42;31m▀[0m[38;2;69;42;31m[48;2;69;42;31m▀[0m[38;2;69;42;31m[48;2;69;42;31m▀[0m[38;2;69;42;31m[48;2;69;42;31m▀[0m[38;2;69;42;31m[48;2;69;42;31m▀[0m[38;2;69;42;31m[48;2;69;42;31m▀[0m[38;2;69;42;31m[48;2;69;42;31m▀[0m[38;2;0;0;0m[48;2;0;0;0m▀[0m[38;2;69;42;31m[48;2;69;42;31m▀[0m[38;2;0;0;0m[48;2;0;0;0m▀[0m[38;2;69;42;31m[48;2;69;42;31m▀[0m[38;2;0;0;0m[48;2;0;0;0m▀[0m
 [38;2;0;0;0m[48;2;0;0;0m▀[0m[38;2;69;42;31m[48;2;69;42;31m▀[0m[38;2;69;42;31m[48;2;69;42;31m▀[0m[38;2;0;0;0m[48;2;0;0;0m▀[0m[38;2;108;81;70m[48;2;108;81;70m▀[0m[38;2;108;81;70m[48;2;108;81;70m▀[0m[38;2;108;81;70m[48;2;0;0;0m▀[0m[38;2;0;0;0m▀ [38;2;0;0;0m[48;2;0;0;0m▀[0m[38;2;69;42;31m[48;2;69;42;31m▀[0m[38;2;69;42;31m[48;2;69;42;31m▀[0m[38;2;69;42;31m[48;2;69;42;31m▀[0m[38;2;69;42;31m[48;2;0;0;0m▀[0m[38;2;0;0;0m▀ [38;2;0;0;0m[48;2;0;0;0m▀[0m[38;2;69;42;31m[48;2;69;42;31m▀[0m[38;2;69;42;31m[48;2;69;42;31m▀[0m[38;2;0;0;0m[48;2;0;0;0m▀[0m   [38;2;0;0;0m[48;2;0;0;0m▀[0m[38;2;69;42;31m[48;2;69;42;31m▀[0m[38;2;69;42;31m[48;2;0;0;0m▀[0m[38;2;0;0;0m▀                             [38;2;69;42;31m▄[38;2;69;42;31m[48;2;182;140;114m▀[0m[38;2;0;0;0m[48;2;0;0;0m▀[0m[38;2;108;81;70m[48;2;0;0;0m▀[0m[38;2;69;42;31m[48;2;69;42;31m▀[0m[38;2;0;0;0m[48;2;0;0;0m▀[0m[38;2;123;65;32m[48;2;123;65;32m▀[0m[38;2;0;0;0m[48;2;0;0;0m▀[0m[38;2;69;42;31m[48;2;69;42;31m▀[0m[38;2;0;0;0m[48;2;0;0;0m▀[0m[38;2;0;0;0m[48;2;108;81;70m▀[0m[38;2;108;81;70m[48;2;108;81;70m▀[0m[38;2;108;81;70m[48;2;108;81;70m▀[0m[38;2;108;81;70m[48;2;108;81;70m▀[0m[38;2;108;81;70m[48;2;108;81;70m▀[0m[38;2;108;81;70m[48;2;108;81;70m▀[0m[38;2;108;81;70m[48;2;69;42;31m▀[0m[38;2;108;81;70m[48;2;108;81;70m▀[0m[38;2;108;81;70m[48;2;108;81;70m▀[0m[38;2;108;81;70m[48;2;108;81;70m▀[0m[38;2;108;81;70m[48;2;108;81;70m▀[0m[38;2;69;42;31m[48;2;69;42;31m▀[0m[38;2;69;42;31m[48;2;69;42;31m▀[0m[38;2;69;42;31m[48;2;0;0;0m▀[0m[38;2;0;0;0m[48;2;182;140;114m▀[0m[38;2;182;140;114m[48;2;182;140;114m▀[0m[38;2;0;0;0m[48;2;0;0;0m▀[0m[38;2;69;42;31m[48;2;69;42;31m▀[0m[38;2;69;42;31m[48;2;69;42;31m▀[0m[38;2;69;42;31m[48;2;69;42;31m▀[0m[38;2;69;42;31m[48;2;69;42;31m▀[0m[38;2;69;42;31m[48;2;69;42;31m▀[0m[38;2;69;42;31m[48;2;69;42;31m▀[0m[38;2;0;0;0m[48;2;0;0;0m▀[0m[38;2;69;42;31m[48;2;69;42;31m▀[0m[38;2;69;42;31m[48;2;69;42;31m▀[0m[38;2;0;0;0m[48;2;0;0;0m▀[0m[38;2;69;42;31m[48;2;69;42;31m▀[0m[38;2;0;0;0m[48;2;0;0;0m▀[0m
 [38;2;0;0;0m[48;2;0;0;0m▀[0m[38;2;69;42;31m[48;2;69;42;31m▀[0m[38;2;69;42;31m[48;2;69;42;31m▀[0m[38;2;0;0;0m[48;2;0;0;0m▀[0m[38;2;108;81;70m[48;2;108;81;70m▀[0m[38;2;108;81;70m[48;2;108;81;70m▀[0m[38;2;0;0;0m[48;2;0;0;0m▀[0m  [38;2;0;0;0m[48;2;0;0;0m▀[0m[38;2;69;42;31m[48;2;69;42;31m▀[0m[38;2;69;42;31m[48;2;69;42;31m▀[0m[38;2;69;42;31m[48;2;69;42;31m▀[0m[38;2;0;0;0m[48;2;0;0;0m▀[0m [38;2;0;0;0m[48;2;0;0;0m▀[0m[38;2;69;42;31m[48;2;69;42;31m▀[0m[38;2;69;42;31m[48;2;69;42;31m▀[0m[38;2;69;42;31m[48;2;0;0;0m▀[0m[38;2;0;0;0m▀    [38;2;0;0;0m▀                             [38;2;69;42;31m▄[38;2;69;42;31m[48;2;182;140;114m▀[0m[38;2;182;140;114m[48;2;182;140;114m▀[0m[38;2;182;140;114m[48;2;0;0;0m▀[0m[38;2;0;0;0m[48;2;189;98;0m▀[0m[38;2;189;98;0m[48;2;189;98;0m▀[0m[38;2;0;0;0m[48;2;189;98;0m▀[0m[38;2;0;0;0m[48;2;189;98;0m▀[0m[38;2;123;65;32m[48;2;0;0;0m▀[0m[38;2;0;0;0m[48;2;0;0;0m▀[0m[38;2;0;0;0m[48;2;108;81;70m▀[0m[38;2;108;81;70m[48;2;108;81;70m▀[0m[38;2;108;81;70m[48;2;108;81;70m▀[0m[38;2;108;81;70m[48;2;108;81;70m▀[0m[38;2;108;81;70m[48;2;108;81;70m▀[0m[38;2;108;81;70m[48;2;108;81;70m▀[0m[38;2;108;81;70m[48;2;108;81;70m▀[0m[38;2;108;81;70m[48;2;108;81;70m▀[0m[38;2;69;42;31m[48;2;69;42;31m▀[0m[38;2;108;81;70m[48;2;108;81;70m▀[0m[38;2;108;81;70m[48;2;108;81;70m▀[0m[38;2;108;81;70m[48;2;108;81;70m▀[0m[38;2;108;81;70m[48;2;69;42;31m▀[0m[38;2;69;42;31m[48;2;69;42;31m▀[0m[38;2;69;42;31m[48;2;0;0;0m▀[0m[38;2;0;0;0m[48;2;248;191;134m▀[0m[38;2;182;140;114m[48;2;248;191;134m▀[0m[38;2;0;0;0m[48;2;0;0;0m▀[0m[38;2;69;42;31m[48;2;69;42;31m▀[0m[38;2;69;42;31m[48;2;69;42;31m▀[0m[38;2;69;42;31m[48;2;69;42;31m▀[0m[38;2;69;42;31m[48;2;69;42;31m▀[0m[38;2;69;42;31m[48;2;69;42;31m▀[0m[38;2;69;42;31m[48;2;69;42;31m▀[0m[38;2;69;42;31m[48;2;69;42;31m▀[0m[38;2;0;0;0m[48;2;0;0;0m▀[0m[38;2;69;42;31m[48;2;69;42;31m▀[0m[38;2;69;42;31m[48;2;69;42;31m▀[0m[38;2;0;0;0m[48;2;0;0;0m▀[0m[38;2;69;42;31m[48;2;69;42;31m▀[0m[38;2;0;0;0m[48;2;0;0;0m▀[0m
[38;2;0;0;0m[48;2;0;0;0m▀[0m[38;2;69;42;31m[48;2;69;42;31m▀[0m[38;2;69;42;31m[48;2;69;42;31m▀[0m[38;2;0;0;0m[48;2;0;0;0m▀[0m [38;2;69;42;31m[48;2;69;42;31m▀[0m[38;2;108;81;70m[48;2;108;81;70m▀[0m[38;2;0;0;0m[48;2;0;0;0m▀[0m  [38;2;0;0;0m[48;2;0;0;0m▀[0m[38;2;69;42;31m[48;2;69;42;31m▀[0m[38;2;69;42;31m[48;2;69;42;31m▀[0m[38;2;0;0;0m[48;2;0;0;0m▀[0m  [38;2;0;0;0m▀[38;2;69;42;31m[48;2;0;0;0m▀[0m[38;2;69;42;31m[48;2;69;42;31m▀[0m[38;2;0;0;0m[48;2;0;0;0m▀[0m                                   [38;2;69;42;31m▀[38;2;69;42;31m[48;2;0;0;0m▀[0m[38;2;0;0;0m[48;2;255;148;41m▀[0m[38;2;189;98;0m[48;2;123;65;32m▀[0m[38;2;189;98;0m[48;2;255;148;41m▀[0m[38;2;123;65;32m[48;2;123;65;32m▀[0m[38;2;189;98;0m[48;2;255;148;41m▀[0m[38;2;255;148;41m[48;2;0;0;0m▀[0m[38;2;0;0;0m[48;2;108;81;70m▀[0m[38;2;108;81;70m[48;2;108;81;70m▀[0m[38;2;108;81;70m[48;2;108;81;70m▀[0m[38;2;108;81;70m[48;2;108;81;70m▀[0m[38;2;108;81;70m[48;2;108;81;70m▀[0m[38;2;108;81;70m[48;2;108;81;70m▀[0m[38;2;108;81;70m[48;2;108;81;70m▀[0m[38;2;108;81;70m[48;2;108;81;70m▀[0m[38;2;108;81;70m[48;2;108;81;70m▀[0m[38;2;0;0;0m[48;2;0;0;0m▀[0m[38;2;69;42;31m[48;2;69;42;31m▀[0m[38;2;108;81;70m[48;2;108;81;70m▀[0m[38;2;108;81;70m[48;2;108;81;70m▀[0m[38;2;108;81;70m[48;2;108;81;70m▀[0m[38;2;69;42;31m[48;2;0;0;0m▀[0m[38;2;0;0;0m[48;2;182;140;114m▀[0m[38;2;182;140;114m[48;2;182;140;114m▀[0m[38;2;248;191;134m[48;2;182;140;114m▀[0m[38;2;248;191;134m[48;2;248;191;134m▀[0m[38;2;0;0;0m[48;2;0;0;0m▀[0m[38;2;69;42;31m[48;2;69;42;31m▀[0m[38;2;69;42;31m[48;2;69;42;31m▀[0m[38;2;69;42;31m[48;2;69;42;31m▀[0m[38;2;69;42;31m[48;2;69;42;31m▀[0m[38;2;69;42;31m[48;2;69;42;31m▀[0m[38;2;69;42;31m[48;2;69;42;31m▀[0m[38;2;0;0;0m[48;2;0;0;0m▀[0m[38;2;69;42;31m[48;2;69;42;31m▀[0m[38;2;69;42;31m[48;2;69;42;31m▀[0m[38;2;69;42;31m[48;2;0;0;0m▀[0m[38;2;0;0;0m[48;2;69;42;31m▀[0m[38;2;69;42;31m[48;2;69;42;31m▀[0m[38;2;0;0;0m[48;2;0;0;0m▀[0m
[38;2;0;0;0m[48;2;0;0;0m▀[0m[38;2;69;42;31m[48;2;69;42;31m▀[0m[38;2;69;42;31m[48;2;0;0;0m▀[0m[38;2;0;0;0m▀  [38;2;69;42;31m▀   [38;2;0;0;0m▀[38;2;69;42;31m[48;2;0;0;0m▀[0m[38;2;69;42;31m[48;2;69;42;31m▀[0m[38;2;0;0;0m[48;2;0;0;0m▀[0m   [38;2;0;0;0m▀[38;2;69;42;31m[48;2;0;0;0m▀[0m[38;2;0;0;0m▀                                 [38;2;123;65;32m▄[38;2;0;0;0m[48;2;255;148;41m▀[0m[38;2;0;0;0m[48;2;255;148;41m▀[0m[38;2;255;148;41m[48;2;123;65;32m▀[0m[38;2;123;65;32m[48;2;255;148;41m▀[0m[38;2;255;148;41m[48;2;255;148;41m▀[0m[38;2;255;148;41m[48;2;0;0;0m▀[0m[38;2;0;0;0m[48;2;108;81;70m▀[0m[38;2;69;42;31m[48;2;108;81;70m▀[0m[38;2;108;81;70m[48;2;108;81;70m▀[0m[38;2;108;81;70m[48;2;108;81;70m▀[0m[38;2;108;81;70m[48;2;108;81;70m▀[0m[38;2;108;81;70m[48;2;108;81;70m▀[0m[38;2;108;81;70m[48;2;108;81;70m▀[0m[38;2;108;81;70m[48;2;108;81;70m▀[0m[38;2;108;81;70m[48;2;108;81;70m▀[0m[38;2;108;81;70m[48;2;108;81;70m▀[0m[38;2;108;81;70m[48;2;108;81;70m▀[0m[38;2;0;0;0m[48;2;0;0;0m▀[0m[38;2;69;42;31m[48;2;69;42;31m▀[0m[38;2;69;42;31m[48;2;108;81;70m▀[0m[38;2;108;81;70m[48;2;108;81;70m▀[0m[38;2;108;81;70m[48;2;0;0;0m▀[0m[38;2;0;0;0m[48;2;182;140;114m▀[0m[38;2;182;140;114m[48;2;182;140;114m▀[0m[38;2;103;83;74m[48;2;182;140;114m▀[0m[38;2;182;140;114m[48;2;103;83;74m▀[0m[38;2;182;140;114m[48;2;182;140;114m▀[0m[38;2;0;0;0m[48;2;0;0;0m▀[0m[38;2;69;42;31m[48;2;69;42;31m▀[0m[38;2;69;42;31m[48;2;69;42;31m▀[0m[38;2;69;42;31m[48;2;69;42;31m▀[0m[38;2;69;42;31m[48;2;69;42;31m▀[0m[38;2;69;42;31m[48;2;69;42;31m▀[0m[38;2;69;42;31m[48;2;69;42;31m▀[0m[38;2;69;42;31m[48;2;0;0;0m▀[0m[38;2;0;0;0m[48;2;69;42;31m▀[0m[38;2;69;42;31m[48;2;69;42;31m▀[0m[38;2;69;42;31m[48;2;69;42;31m▀[0m[38;2;0;0;0m[48;2;0;0;0m▀[0m[38;2;69;42;31m[48;2;69;42;31m▀[0m[38;2;69;42;31m[48;2;69;42;31m▀[0m[38;2;0;0;0m[48;2;0;0;0m▀[0m
[38;2;0;0;0m[48;2;0;0;0m▀[0m[38;2;69;42;31m[48;2;69;42;31m▀[0m[38;2;0;0;0m[48;2;0;0;0m▀[0m        [38;2;0;0;0m▀[38;2;69;42;31m[48;2;0;0;0m▀[0m[38;2;0;0;0m▀                                      [38;2;0;0;0m[48;2;0;0;0m▀[0m[38;2;255;148;41m[48;2;189;98;0m▀[0m[38;2;255;148;41m[48;2;189;98;0m▀[0m[38;2;255;148;41m[48;2;123;65;32m▀[0m[38;2;0;0;0m[48;2;0;0;0m▀[0m[38;2;189;98;0m[48;2;69;42;31m▀[0m[38;2;0;0;0m[48;2;108;81;70m▀[0m[38;2;108;81;70m[48;2;108;81;70m▀[0m[38;2;108;81;70m[48;2;108;81;70m▀[0m[38;2;108;81;70m[48;2;108;81;70m▀[0m[38;2;108;81;70m[48;2;108;81;70m▀[0m[38;2;108;81;70m[48;2;108;81;70m▀[0m[38;2;108;81;70m[48;2;108;81;70m▀[0m[38;2;108;81;70m[48;2;108;81;70m▀[0m[38;2;108;81;70m[48;2;108;81;70m▀[0m[38;2;108;81;70m[48;2;108;81;70m▀[0m[38;2;108;81;70m[48;2;108;81;70m▀[0m[38;2;108;81;70m[48;2;69;42;31m▀[0m[38;2;0;0;0m[48;2;0;0;0m▀[0m[38;2;182;140;114m[48;2;182;140;114m▀[0m[38;2;0;0;0m[48;2;0;0;0m▀[0m[38;2;108;81;70m[48;2;0;0;0m▀[0m[38;2;0;0;0m[48;2;182;140;114m▀[0m[38;2;103;83;74m[48;2;182;140;114m▀[0m[38;2;182;140;114m[48;2;103;83;74m▀[0m[38;2;182;140;114m[48;2;182;140;114m▀[0m[38;2;182;140;114m[48;2;182;140;114m▀[0m[38;2;182;140;114m[48;2;182;140;114m▀[0m[38;2;103;83;74m[48;2;182;140;114m▀[0m[38;2;0;0;0m[48;2;0;0;0m▀[0m[38;2;69;42;31m[48;2;108;81;70m▀[0m[38;2;69;42;31m[48;2;69;42;31m▀[0m[38;2;69;42;31m[48;2;69;42;31m▀[0m[38;2;69;42;31m[48;2;69;42;31m▀[0m[38;2;69;42;31m[48;2;69;42;31m▀[0m[38;2;69;42;31m[48;2;69;42;31m▀[0m[38;2;0;0;0m[48;2;0;0;0m▀[0m[38;2;69;42;31m[48;2;69;42;31m▀[0m[38;2;69;42;31m[48;2;69;42;31m▀[0m[38;2;69;42;31m[48;2;69;42;31m▀[0m[38;2;0;0;0m[48;2;0;0;0m▀[0m[38;2;69;42;31m[48;2;69;42;31m▀[0m[38;2;0;0;0m[48;2;0;0;0m▀[0m 
 [38;2;0;0;0m▀                                                  [38;2;0;0;0m▀[38;2;189;98;0m[48;2;0;0;0m▀[0m[38;2;189;98;0m[48;2;0;0;0m▀[0m[38;2;0;0;0m[48;2;108;81;70m▀[0m[38;2;108;81;70m[48;2;108;81;70m▀[0m[38;2;108;81;70m[48;2;108;81;70m▀[0m[38;2;108;81;70m[48;2;108;81;70m▀[0m[38;2;108;81;70m[48;2;108;81;70m▀[0m[38;2;108;81;70m[48;2;108;81;70m▀[0m[38;2;108;81;70m[48;2;108;81;70m▀[0m[38;2;108;81;70m[48;2;108;81;70m▀[0m[38;2;108;81;70m[48;2;108;81;70m▀[0m[38;2;108;81;70m[48;2;108;81;70m▀[0m[38;2;108;81;70m[48;2;108;81;70m▀[0m[38;2;108;81;70m[48;2;108;81;70m▀[0m[38;2;108;81;70m[48;2;108;81;70m▀[0m[38;2;108;81;70m[48;2;0;0;0m▀[0m[38;2;0;0;0m[48;2;0;0;0m▀[0m [38;2;0;0;0m[48;2;0;0;0m▀[0m[38;2;182;140;114m[48;2;182;140;114m▀[0m[38;2;182;140;114m[48;2;182;140;114m▀[0m[38;2;182;140;114m[48;2;182;140;114m▀[0m[38;2;182;140;114m[48;2;182;140;114m▀[0m[38;2;103;83;74m[48;2;182;140;114m▀[0m[38;2;182;140;114m[48;2;103;83;74m▀[0m[38;2;182;140;114m[48;2;182;140;114m▀[0m[38;2;182;140;114m[48;2;182;140;114m▀[0m[38;2;0;0;0m[48;2;0;0;0m▀[0m[38;2;108;81;70m[48;2;108;81;70m▀[0m[38;2;108;81;70m[48;2;108;81;70m▀[0m[38;2;69;42;31m[48;2;69;42;31m▀[0m[38;2;69;42;31m[48;2;69;42;31m▀[0m[38;2;69;42;31m[48;2;69;42;31m▀[0m[38;2;69;42;31m[48;2;69;42;31m▀[0m[38;2;0;0;0m[48;2;0;0;0m▀[0m[38;2;69;42;31m[48;2;69;42;31m▀[0m[38;2;69;42;31m[48;2;69;42;31m▀[0m[38;2;69;42;31m[48;2;69;42;31m▀[0m[38;2;0;0;0m[48;2;0;0;0m▀[0m[38;2;69;42;31m[48;2;69;42;31m▀[0m[38;2;69;42;31m[48;2;69;42;31m▀[0m[38;2;0;0;0m[48;2;0;0;0m▀[0m 
                                                    [38;2;69;42;31m▄[38;2;0;0;0m[48;2;108;81;70m▀[0m[38;2;108;81;70m[48;2;108;81;70m▀[0m[38;2;108;81;70m[48;2;108;81;70m▀[0m[38;2;108;81;70m[48;2;108;81;70m▀[0m[38;2;108;81;70m[48;2;108;81;70m▀[0m[38;2;108;81;70m[48;2;108;81;70m▀[0m[38;2;108;81;70m[48;2;108;81;70m▀[0m[38;2;108;81;70m[48;2;108;81;70m▀[0m[38;2;108;81;70m[48;2;108;81;70m▀[0m[38;2;108;81;70m[48;2;108;81;70m▀[0m[38;2;108;81;70m[48;2;108;81;70m▀[0m[38;2;108;81;70m[48;2;108;81;70m▀[0m[38;2;108;81;70m[48;2;0;0;0m▀[0m[38;2;108;81;70m[48;2;0;0;0m▀[0m[38;2;0;0;0m[48;2;69;42;31m▀[0m[38;2;69;42;31m[48;2;69;42;31m▀[0m[38;2;69;42;31m[48;2;69;42;31m▀[0m[38;2;0;0;0m[48;2;0;0;0m▀[0m [38;2;0;0;0m[48;2;0;0;0m▀[0m[38;2;182;140;114m[48;2;182;140;114m▀[0m[38;2;182;140;114m[48;2;182;140;114m▀[0m[38;2;182;140;114m[48;2;69;42;31m▀[0m[38;2;182;140;114m[48;2;182;140;114m▀[0m[38;2;103;83;74m[48;2;182;140;114m▀[0m[38;2;182;140;114m[48;2;103;83;74m▀[0m[38;2;182;140;114m[48;2;0;0;0m▀[0m[38;2;0;0;0m[48;2;108;81;70m▀[0m[38;2;108;81;70m[48;2;108;81;70m▀[0m[38;2;108;81;70m[48;2;108;81;70m▀[0m[38;2;108;81;70m[48;2;108;81;70m▀[0m[38;2;69;42;31m[48;2;69;42;31m▀[0m[38;2;69;42;31m[48;2;69;42;31m▀[0m[38;2;0;0;0m[48;2;0;0;0m▀[0m[38;2;69;42;31m[48;2;69;42;31m▀[0m[38;2;69;42;31m[48;2;69;42;31m▀[0m[38;2;69;42;31m[48;2;69;42;31m▀[0m[38;2;69;42;31m[48;2;0;0;0m▀[0m[38;2;0;0;0m[48;2;69;42;31m▀[0m[38;2;69;42;31m[48;2;69;42;31m▀[0m[38;2;69;42;31m[48;2;0;0;0m▀[0m[38;2;0;0;0m▀ 
                                                 [38;2;69;42;31m▄[38;2;69;42;31m[48;2;108;81;70m▀[0m[38;2;69;42;31m[48;2;108;81;70m▀[0m[38;2;108;81;70m[48;2;108;81;70m▀[0m[38;2;108;81;70m[48;2;108;81;70m▀[0m[38;2;108;81;70m[48;2;108;81;70m▀[0m[38;2;108;81;70m[48;2;108;81;70m▀[0m[38;2;108;81;70m[48;2;108;81;70m▀[0m[38;2;108;81;70m[48;2;108;81;70m▀[0m[38;2;108;81;70m[48;2;108;81;70m▀[0m[38;2;108;81;70m[48;2;108;81;70m▀[0m[38;2;108;81;70m[48;2;108;81;70m▀[0m[38;2;108;81;70m[48;2;108;81;70m▀[0m[38;2;108;81;70m[48;2;108;81;70m▀[0m[38;2;108;81;70m[48;2;0;0;0m▀[0m[38;2;0;0;0m[48;2;69;42;31m▀[0m[38;2;69;42;31m[48;2;69;42;31m▀[0m[38;2;69;42;31m[48;2;69;42;31m▀[0m[38;2;0;0;0m[48;2;0;0;0m▀[0m[38;2;69;42;31m[48;2;69;42;31m▀[0m[38;2;0;0;0m[48;2;0;0;0m▀[0m  [38;2;0;0;0m▀[38;2;182;140;114m[48;2;0;0;0m▀[0m[38;2;69;42;31m[48;2;69;42;31m▀[0m[38;2;69;42;31m[48;2;69;42;31m▀[0m[38;2;182;140;114m[48;2;69;42;31m▀[0m[38;2;182;140;114m[48;2;182;140;114m▀[0m[38;2;103;83;74m[48;2;182;140;114m▀[0m[38;2;0;0;0m[48;2;0;0;0m▀[0m[38;2;108;81;70m[48;2;108;81;70m▀[0m[38;2;108;81;70m[48;2;108;81;70m▀[0m[38;2;108;81;70m[48;2;108;81;70m▀[0m[38;2;108;81;70m[48;2;69;42;31m▀[0m[38;2;69;42;31m[48;2;0;0;0m▀[0m[38;2;0;0;0m[48;2;182;140;114m▀[0m[38;2;0;0;0m[48;2;0;0;0m▀[0m[38;2;69;42;31m[48;2;69;42;31m▀[0m[38;2;69;42;31m[48;2;69;42;31m▀[0m[38;2;69;42;31m[48;2;0;0;0m▀[0m[38;2;0;0;0m[48;2;0;0;0m▀[0m[38;2;69;42;31m[48;2;69;42;31m▀[0m[38;2;69;42;31m[48;2;0;0;0m▀[0m[38;2;0;0;0m▀  
                                               [38;2;69;42;31m▄[38;2;69;42;31m[48;2;108;81;70m▀[0m[38;2;108;81;70m[48;2;108;81;70m▀[0m[38;2;108;81;70m[48;2;108;81;70m▀[0m[38;2;108;81;70m[48;2;108;81;70m▀[0m[38;2;108;81;70m[48;2;108;81;70m▀[0m[38;2;108;81;70m[48;2;108;81;70m▀[0m[38;2;108;81;70m[48;2;108;81;70m▀[0m[38;2;108;81;70m[48;2;108;81;70m▀[0m[38;2;108;81;70m[48;2;108;81;70m▀[0m[38;2;108;81;70m[48;2;69;42;31m▀[0m[38;2;108;81;70m[48;2;69;42;31m▀[0m[38;2;108;81;70m[48;2;69;42;31m▀[0m[38;2;69;42;31m▀[38;2;0;0;0m▀[38;2;0;0;0m▀ [38;2;0;0;0m[48;2;0;0;0m▀[0m[38;2;69;42;31m[48;2;69;42;31m▀[0m[38;2;0;0;0m[48;2;0;0;0m▀[0m [38;2;0;0;0m▀    [38;2;0;0;0m[48;2;0;0;0m▀[0m[38;2;69;42;31m[48;2;69;42;31m▀[0m[38;2;69;42;31m[48;2;69;42;31m▀[0m[38;2;69;42;31m[48;2;69;42;31m▀[0m[38;2;182;140;114m[48;2;69;42;31m▀[0m[38;2;0;0;0m[48;2;0;0;0m▀[0m[38;2;108;81;70m[48;2;108;81;70m▀[0m[38;2;108;81;70m[48;2;108;81;70m▀[0m[38;2;108;81;70m[48;2;108;81;70m▀[0m[38;2;108;81;70m[48;2;108;81;70m▀[0m[38;2;69;42;31m[48;2;0;0;0m▀[0m[38;2;0;0;0m[48;2;182;140;114m▀[0m[38;2;0;0;0m[48;2;0;0;0m▀[0m[38;2;69;42;31m[48;2;69;42;31m▀[0m[38;2;69;42;31m[48;2;69;42;31m▀[0m[38;2;69;42;31m[48;2;0;0;0m▀[0m[38;2;0;0;0m[48;2;182;140;114m▀[0m[38;2;182;140;114m[48;2;182;140;114m▀[0m[38;2;69;42;31m[48;2;0;0;0m▀[0m[38;2;0;0;0m[48;2;182;140;114m▀[0m[38;2;0;0;0m▄  
                                              [38;2;69;42;31m▀[38;2;108;81;70m[48;2;69;42;31m▀[0m[38;2;108;81;70m[48;2;69;42;31m▀[0m[38;2;108;81;70m[48;2;69;42;31m▀[0m[38;2;108;81;70m[48;2;69;42;31m▀[0m[38;2;108;81;70m[48;2;69;42;31m▀[0m[38;2;108;81;70m[48;2;69;42;31m▀[0m[38;2;69;42;31m▀[38;2;69;42;31m▀[38;2;69;42;31m▀[38;2;69;42;31m▀        [38;2;0;0;0m▀        [38;2;0;0;0m[48;2;0;0;0m▀[0m[38;2;69;42;31m[48;2;69;42;31m▀[0m[38;2;69;42;31m[48;2;69;42;31m▀[0m[38;2;69;42;31m[48;2;0;0;0m▀[0m[38;2;0;0;0m[48;2;108;81;70m▀[0m[38;2;108;81;70m[48;2;108;81;70m▀[0m[38;2;108;81;70m[48;2;108;81;70m▀[0m[38;2;108;81;70m[48;2;108;81;70m▀[0m[38;2;0;0;0m[48;2;0;0;0m▀[0m[38;2;182;140;114m[48;2;182;140;114m▀[0m[38;2;182;140;114m[48;2;0;0;0m▀[0m[38;2;0;0;0m[48;2;69;42;31m▀[0m[38;2;69;42;31m[48;2;69;42;31m▀[0m[38;2;69;42;31m[48;2;0;0;0m▀[0m[38;2;0;0;0m▀[38;2;182;140;114m[48;2;0;0;0m▀[0m[38;2;182;140;114m[48;2;182;140;114m▀[0m[38;2;182;140;114m[48;2;182;140;114m▀[0m[38;2;182;140;114m[48;2;182;140;114m▀[0m[38;2;0;0;0m[48;2;0;0;0m▀[0m  
                                                                           [38;2;0;0;0m▀[38;2;69;42;31m[48;2;0;0;0m▀[0m[38;2;0;0;0m[48;2;108;81;70m▀[0m[38;2;108;81;70m[48;2;108;81;70m▀[0m[38;2;108;81;70m[48;2;108;81;70m▀[0m[38;2;108;81;70m[48;2;0;0;0m▀[0m[38;2;0;0;0m▀ [38;2;0;0;0m[48;2;0;0;0m▀[0m[38;2;0;0;0m[48;2;69;42;31m▀[0m[38;2;69;42;31m[48;2;0;0;0m▀[0m[38;2;0;0;0m[48;2;182;140;114m▀[0m[38;2;182;140;114m[48;2;182;140;114m▀[0m[38;2;0;0;0m[48;2;0;0;0m▀[0m [38;2;0;0;0m▀[38;2;182;140;114m[48;2;0;0;0m▀[0m[38;2;182;140;114m[48;2;182;140;114m▀[0m[38;2;182;140;114m[48;2;182;140;114m▀[0m[38;2;0;0;0m[48;2;0;0;0m▀[0m 
                                                                           [38;2;0;0;0m▄[38;2;0;0;0m[48;2;108;81;70m▀[0m[38;2;108;81;70m[48;2;108;81;70m▀[0m[38;2;108;81;70m[48;2;0;0;0m▀[0m[38;2;0;0;0m▀   [38;2;0;0;0m▀[38;2;0;0;0m▀[38;2;182;140;114m[48;2;0;0;0m▀[0m[38;2;182;140;114m[48;2;182;140;114m▀[0m[38;2;182;140;114m[48;2;182;140;114m▀[0m[38;2;0;0;0m[48;2;0;0;0m▀[0m   [38;2;0;0;0m▀[38;2;182;140;114m[48;2;0;0;0m▀[0m[38;2;0;0;0m▀ 
                                                                           [38;2;0;0;0m[48;2;0;0;0m▀[0m[38;2;108;81;70m[48;2;0;0;0m▀[0m[38;2;0;0;0m▀        [38;2;0;0;0m▀[38;2;182;140;114m[48;2;0;0;0m▀[0m[38;2;0;0;0m▀       
[0m