                                          [38;2;122;95;104m▄    [38;2;122;95;104m▄[38;2;122;95;104m[48;2;224;215;211m▀[0m[38;2;122;95;104m▄     [38;2;122;95;104m▄                     
                                        [38;2;122;95;104m▄[38;2;122;95;104m[48;2;224;215;211m▀[0m[38;2;224;215;211m[48;2;224;215;211m▀[0m[38;2;122;95;104m[48;2;224;215;211m▀[0m[38;2;122;95;104m▄[38;2;122;95;104m▄[38;2;122;95;104m[48;2;191;161;166m▀[0m[38;2;224;215;211m[48;2;191;161;166m▀[0m[38;2;224;215;211m[48;2;191;161;166m▀[0m[38;2;224;215;211m[48;2;191;161;166m▀[0m[38;2;122;95;104m[48;2;191;161;166m▀[0m[38;2;122;95;104m▄[38;2;122;95;104m▄[38;2;122;95;104m[48;2;224;215;211m▀[0m[38;2;122;95;104m[48;2;224;215;211m▀[0m[38;2;224;215;211m[48;2;224;215;211m▀[0m[38;2;122;95;104m[48;2;122;95;104m▀[0m                    
                                       [38;2;122;95;104m▄[38;2;122;95;104m[48;2;224;215;211m▀[0m[38;2;191;161;166m[48;2;224;215;211m▀[0m[38;2;191;161;166m[48;2;224;215;211m▀[0m[38;2;191;161;166m[48;2;224;215;211m▀[0m[38;2;224;215;211m[48;2;224;215;211m▀[0m[38;2;224;215;211m[48;2;224;215;211m▀[0m[38;2;224;215;211m[48;2;224;215;211m▀[0m[38;2;224;215;211m[48;2;224;215;211m▀[0m[38;2;224;215;211m[48;2;224;215;211m▀[0m[38;2;224;215;211m[48;2;224;215;211m▀[0m[38;2;224;215;211m[48;2;224;215;211m▀[0m[38;2;224;215;211m[48;2;224;215;211m▀[0m[38;2;224;215;211m[48;2;224;215;211m▀[0m[38;2;191;161;166m[48;2;224;215;211m▀[0m[38;2;191;161;166m[48;2;224;215;211m▀[0m[38;2;191;161;166m[48;2;224;215;211m▀[0m[38;2;224;215;211m[48;2;191;161;166m▀[0m[38;2;122;95;104m[48;2;122;95;104m▀[0m  [38;2;122;95;104m▄[38;2;122;95;104m▄[38;2;122;95;104m[48;2;224;215;211m▀[0m[38;2;122;95;104m[48;2;122;95;104m▀[0m             
                                       [38;2;16;16;16m▀[38;2;16;16;16m▀[38;2;16;16;16m▀[38;2;122;95;104m[48;2;16;16;16m▀[0m[38;2;224;215;211m[48;2;224;215;211m▀[0m[38;2;224;215;211m[48;2;224;215;211m▀[0m[38;2;224;215;211m[48;2;122;95;104m▀[0m[38;2;16;16;16m▀[38;2;16;16;16m▀[38;2;16;16;16m▀[38;2;122;95;104m▀[38;2;191;161;166m[48;2;16;16;16m▀[0m[38;2;191;161;166m[48;2;16;16;16m▀[0m[38;2;224;215;211m[48;2;191;161;166m▀[0m[38;2;224;215;211m[48;2;191;161;166m▀[0m[38;2;224;215;211m[48;2;191;161;166m▀[0m[38;2;224;215;211m[48;2;224;215;211m▀[0m[38;2;224;215;211m[48;2;224;215;211m▀[0m[38;2;224;215;211m[48;2;224;215;211m▀[0m[38;2;122;95;104m[48;2;224;215;211m▀[0m[38;2;122;95;104m[48;2;224;215;211m▀[0m[38;2;224;215;211m[48;2;191;161;166m▀[0m[38;2;224;215;211m[48;2;224;215;211m▀[0m[38;2;224;215;211m[48;2;122;95;104m▀[0m[38;2;122;95;104m▀             
                      [38;2;74;33;45m▄[38;2;74;33;45m▄[38;2;74;33;45m[48;2;143;61;87m▀[0m[38;2;74;33;45m[48;2;143;61;87m▀[0m[38;2;74;33;45m[48;2;143;61;87m▀[0m[38;2;74;33;45m[48;2;143;61;87m▀[0m[38;2;74;33;45m▄[38;2;74;33;45m▄           [38;2;16;16;16m▄[38;2;16;16;16m[48;2;224;215;211m▀[0m[38;2;224;215;211m[48;2;224;215;211m▀[0m[38;2;224;215;211m[48;2;122;95;104m▀[0m[38;2;16;16;16m▀      [38;2;16;16;16m▀[38;2;16;16;16m▀[38;2;191;161;166m[48;2;16;16;16m▀[0m[38;2;191;161;166m[48;2;122;95;104m▀[0m[38;2;191;161;166m[48;2;191;161;166m▀[0m[38;2;224;215;211m[48;2;224;215;211m▀[0m[38;2;224;215;211m[48;2;224;215;211m▀[0m[38;2;224;215;211m[48;2;224;215;211m▀[0m[38;2;224;215;211m[48;2;224;215;211m▀[0m[38;2;191;161;166m[48;2;191;161;166m▀[0m[38;2;122;95;104m[48;2;122;95;104m▀[0m              
                    [38;2;16;16;16m▄[38;2;16;16;16m[48;2;143;61;87m▀[0m[38;2;143;61;87m[48;2;143;61;87m▀[0m[38;2;143;61;87m[48;2;143;61;87m▀[0m[38;2;143;61;87m[48;2;143;61;87m▀[0m[38;2;143;61;87m[48;2;143;61;87m▀[0m[38;2;143;61;87m[48;2;143;61;87m▀[0m[38;2;143;61;87m[48;2;143;61;87m▀[0m[38;2;143;61;87m[48;2;143;61;87m▀[0m[38;2;143;61;87m[48;2;143;61;87m▀[0m[38;2;74;33;45m[48;2;143;61;87m▀[0m[38;2;74;33;45m[48;2;143;61;87m▀[0m[38;2;16;16;16m▄     [38;2;74;33;45m▄[38;2;74;33;45m▄[38;2;74;33;45m▄[38;2;16;16;16m[48;2;74;33;45m▀[0m[38;2;224;215;211m[48;2;224;215;211m▀[0m[38;2;191;161;166m[48;2;16;16;16m▀[0m[38;2;16;16;16m▀         [38;2;122;95;104m▄[38;2;122;95;104m[48;2;224;215;211m▀[0m[38;2;224;215;211m[48;2;224;215;211m▀[0m[38;2;224;215;211m[48;2;224;215;211m▀[0m[38;2;224;215;211m[48;2;224;215;211m▀[0m[38;2;224;215;211m[48;2;122;95;104m▀[0m[38;2;224;215;211m[48;2;16;16;16m▀[0m[38;2;16;16;16m▀               
                   [38;2;16;16;16m[48;2;16;16;16m▀[0m[38;2;143;61;87m[48;2;143;61;87m▀[0m[38;2;143;61;87m[48;2;143;61;87m▀[0m[38;2;143;61;87m[48;2;105;39;75m▀[0m[38;2;143;61;87m[48;2;105;39;75m▀[0m[38;2;143;61;87m[48;2;105;39;75m▀[0m[38;2;143;61;87m[48;2;143;61;87m▀[0m[38;2;143;61;87m[48;2;143;61;87m▀[0m[38;2;143;61;87m[48;2;143;61;87m▀[0m[38;2;143;61;87m[48;2;143;61;87m▀[0m[38;2;143;61;87m[48;2;74;33;45m▀[0m[38;2;143;61;87m[48;2;74;33;45m▀[0m[38;2;143;61;87m[48;2;74;33;45m▀[0m[38;2;143;61;87m[48;2;143;61;87m▀[0m[38;2;16;16;16m[48;2;16;16;16m▀[0m [38;2;16;16;16m▄[38;2;74;33;45m[48;2;227;144;113m▀[0m[38;2;74;33;45m[48;2;227;144;113m▀[0m[38;2;227;144;113m[48;2;227;144;113m▀[0m[38;2;227;144;113m[48;2;227;144;113m▀[0m[38;2;227;144;113m[48;2;227;144;113m▀[0m[38;2;227;144;113m[48;2;227;144;113m▀[0m[38;2;74;33;45m[48;2;227;144;113m▀[0m[38;2;16;16;16m[48;2;227;144;113m▀[0m[38;2;74;33;45m▄[38;2;74;33;45m▄      [38;2;16;16;16m▄[38;2;122;95;104m[48;2;224;215;211m▀[0m[38;2;224;215;211m[48;2;224;215;211m▀[0m[38;2;224;215;211m[48;2;224;215;211m▀[0m[38;2;224;215;211m[48;2;224;215;211m▀[0m[38;2;224;215;211m[48;2;16;16;16m▀[0m[38;2;16;16;16m▀[38;2;16;16;16m▀                 
                  [38;2;16;16;16m[48;2;16;16;16m▀[0m[38;2;227;144;113m[48;2;227;144;113m▀[0m[38;2;105;39;75m[48;2;227;144;113m▀[0m[38;2;105;39;75m[48;2;227;144;113m▀[0m[38;2;227;144;113m[48;2;227;144;113m▀[0m[38;2;227;144;113m[48;2;227;144;113m▀[0m[38;2;227;144;113m[48;2;227;144;113m▀[0m[38;2;105;39;75m[48;2;227;144;113m▀[0m[38;2;143;61;87m[48;2;74;33;45m▀[0m[38;2;74;33;45m[48;2;166;95;83m▀[0m[38;2;74;33;45m[48;2;166;95;83m▀[0m[38;2;166;95;83m[48;2;166;95;83m▀[0m[38;2;166;95;83m[48;2;166;95;83m▀[0m[38;2;166;95;83m[48;2;166;95;83m▀[0m[38;2;74;33;45m[48;2;166;95;83m▀[0m[38;2;143;61;87m[48;2;16;16;16m▀[0m[38;2;16;16;16m[48;2;227;144;113m▀[0m[38;2;227;144;113m[48;2;227;144;113m▀[0m[38;2;227;144;113m[48;2;227;144;113m▀[0m[38;2;227;144;113m[48;2;227;144;113m▀[0m[38;2;227;144;113m[48;2;227;144;113m▀[0m[38;2;227;144;113m[48;2;227;144;113m▀[0m[38;2;166;95;83m[48;2;105;39;75m▀[0m[38;2;105;39;75m[48;2;143;61;87m▀[0m[38;2;105;39;75m[48;2;143;61;87m▀[0m[38;2;166;95;83m[48;2;105;39;75m▀[0m[38;2;227;144;113m[48;2;166;95;83m▀[0m[38;2;227;144;113m[48;2;227;144;113m▀[0m[38;2;74;33;45m[48;2;227;144;113m▀[0m[38;2;74;33;45m▄[38;2;74;33;45m▄ [38;2;16;16;16m▄[38;2;16;16;16m[48;2;224;215;211m▀[0m[38;2;224;215;211m[48;2;224;215;211m▀[0m[38;2;224;215;211m[48;2;224;215;211m▀[0m[38;2;224;215;211m[48;2;122;95;104m▀[0m[38;2;191;161;166m[48;2;16;16;16m▀[0m[38;2;16;16;16m▀       [38;2;74;33;45m▄[38;2;74;33;45m▄[38;2;74;33;45m▄          
                 [38;2;16;16;16m[48;2;16;16;16m▀[0m[38;2;227;144;113m[48;2;227;144;113m▀[0m[38;2;227;144;113m[48;2;227;144;113m▀[0m[38;2;227;144;113m[48;2;227;144;113m▀[0m[38;2;227;144;113m[48;2;227;144;113m▀[0m[38;2;227;144;113m[48;2;227;144;113m▀[0m[38;2;227;144;113m[48;2;227;144;113m▀[0m[38;2;227;144;113m[48;2;166;95;83m▀[0m[38;2;74;33;45m[48;2;74;33;45m▀[0m[38;2;166;95;83m[48;2;166;95;83m▀[0m[38;2;166;95;83m[48;2;166;95;83m▀[0m[38;2;166;95;83m[48;2;166;95;83m▀[0m[38;2;166;95;83m[48;2;166;95;83m▀[0m[38;2;166;95;83m[48;2;105;39;75m▀[0m[38;2;166;95;83m[48;2;105;39;75m▀[0m[38;2;166;95;83m[48;2;166;95;83m▀[0m[38;2;16;16;16m[48;2;16;16;16m▀[0m[38;2;74;33;45m[48;2;166;95;83m▀[0m[38;2;74;33;45m[48;2;166;95;83m▀[0m[38;2;227;144;113m[48;2;74;33;45m▀[0m[38;2;227;144;113m[48;2;105;39;75m▀[0m[38;2;227;144;113m[48;2;105;39;75m▀[0m[38;2;227;144;113m[48;2;105;39;75m▀[0m[38;2;227;144;113m[48;2;105;39;75m▀[0m[38;2;105;39;75m[48;2;143;61;87m▀[0m[38;2;143;61;87m[48;2;143;61;87m▀[0m[38;2;143;61;87m[48;2;143;61;87m▀[0m[38;2;143;61;87m[48;2;143;61;87m▀[0m[38;2;105;39;75m[48;2;143;61;87m▀[0m[38;2;105;39;75m[48;2;143;61;87m▀[0m[38;2;143;61;87m[48;2;143;61;87m▀[0m[38;2;143;61;87m[48;2;143;61;87m▀[0m[38;2;74;33;45m[48;2;143;61;87m▀[0m[38;2;224;215;211m[48;2;74;33;45m▀[0m[38;2;224;215;211m[48;2;191;161;166m▀[0m[38;2;224;215;211m[48;2;16;16;16m▀[0m[38;2;16;16;16m▀[38;2;16;16;16m▀        [38;2;16;16;16m[48;2;16;16;16m▀[0m[38;2;166;95;83m[48;2;166;95;83m▀[0m[38;2;227;144;113m[48;2;227;144;113m▀[0m[38;2;227;144;113m[48;2;227;144;113m▀[0m[38;2;74;33;45m[48;2;227;144;113m▀[0m[38;2;74;33;45m[48;2;227;144;113m▀[0m[38;2;74;33;45m▄       
                 [38;2;16;16;16m[48;2;16;16;16m▀[0m[38;2;227;144;113m[48;2;227;144;113m▀[0m[38;2;227;144;113m[48;2;227;144;113m▀[0m[38;2;227;144;113m[48;2;227;144;113m▀[0m[38;2;227;144;113m[48;2;227;144;113m▀[0m[38;2;227;144;113m[48;2;227;144;113m▀[0m[38;2;227;144;113m[48;2;166;95;83m▀[0m[38;2;74;33;45m[48;2;74;33;45m▀[0m[38;2;166;95;83m[48;2;166;95;83m▀[0m[38;2;166;95;83m[48;2;166;95;83m▀[0m[38;2;166;95;83m[48;2;105;39;75m▀[0m[38;2;105;39;75m[48;2;166;95;83m▀[0m[38;2;166;95;83m[48;2;166;95;83m▀[0m[38;2;166;95;83m[48;2;166;95;83m▀[0m[38;2;166;95;83m[48;2;74;33;45m▀[0m[38;2;74;33;45m[48;2;227;144;113m▀[0m[38;2;227;144;113m[48;2;227;144;113m▀[0m[38;2;16;16;16m[48;2;227;144;113m▀[0m[38;2;16;16;16m[48;2;105;39;75m▀[0m[38;2;105;39;75m[48;2;16;16;16m▀[0m[38;2;74;33;45m[48;2;105;39;75m▀[0m[38;2;143;61;87m[48;2;74;33;45m▀[0m[38;2;143;61;87m[48;2;74;33;45m▀[0m[38;2;143;61;87m[48;2;143;61;87m▀[0m[38;2;143;61;87m[48;2;143;61;87m▀[0m[38;2;143;61;87m[48;2;143;61;87m▀[0m[38;2;143;61;87m[48;2;143;61;87m▀[0m[38;2;143;61;87m[48;2;143;61;87m▀[0m[38;2;143;61;87m[48;2;143;61;87m▀[0m[38;2;143;61;87m[48;2;143;61;87m▀[0m[38;2;143;61;87m[48;2;143;61;87m▀[0m[38;2;143;61;87m[48;2;143;61;87m▀[0m[38;2;143;61;87m[48;2;143;61;87m▀[0m[38;2;143;61;87m[48;2;143;61;87m▀[0m[38;2;74;33;45m[48;2;143;61;87m▀[0m[38;2;74;33;45m[48;2;143;61;87m▀[0m[38;2;74;33;45m▄     [38;2;16;16;16m▄[38;2;74;33;45m[48;2;105;39;75m▀[0m[38;2;74;33;45m[48;2;143;61;87m▀[0m[38;2;74;33;45m[48;2;143;61;87m▀[0m[38;2;74;33;45m[48;2;143;61;87m▀[0m[38;2;16;16;16m[48;2;74;33;45m▀[0m[38;2;166;95;83m[48;2;16;16;16m▀[0m[38;2;227;144;113m[48;2;166;95;83m▀[0m[38;2;227;144;113m[48;2;166;95;83m▀[0m[38;2;227;144;113m[48;2;227;144;113m▀[0m[38;2;227;144;113m[48;2;227;144;113m▀[0m[38;2;74;33;45m[48;2;16;16;16m▀[0m      
                  [38;2;16;16;16m[48;2;16;16;16m▀[0m[38;2;227;144;113m[48;2;166;95;83m▀[0m[38;2;227;144;113m[48;2;227;144;113m▀[0m[38;2;227;144;113m[48;2;227;144;113m▀[0m[38;2;227;144;113m[48;2;227;144;113m▀[0m[38;2;166;95;83m[48;2;166;95;83m▀[0m[38;2;166;95;83m[48;2;166;95;83m▀[0m[38;2;166;95;83m[48;2;166;95;83m▀[0m[38;2;166;95;83m[48;2;166;95;83m▀[0m[38;2;105;39;75m[48;2;16;16;16m▀[0m[38;2;166;95;83m[48;2;16;16;16m▀[0m[38;2;166;95;83m[48;2;16;16;16m▀[0m[38;2;74;33;45m[48;2;227;144;113m▀[0m[38;2;227;144;113m[48;2;227;144;113m▀[0m[38;2;227;144;113m[48;2;105;39;75m▀[0m[38;2;105;39;75m[48;2;166;95;83m▀[0m[38;2;105;39;75m[48;2;166;95;83m▀[0m[38;2;166;95;83m[48;2;74;33;45m▀[0m[38;2;74;33;45m[48;2;166;95;83m▀[0m[38;2;16;16;16m[48;2;74;33;45m▀[0m[38;2;105;39;75m[48;2;16;16;16m▀[0m[38;2;105;39;75m[48;2;16;16;16m▀[0m[38;2;74;33;45m[48;2;105;39;75m▀[0m[38;2;143;61;87m[48;2;74;33;45m▀[0m[38;2;143;61;87m[48;2;143;61;87m▀[0m[38;2;143;61;87m[48;2;143;61;87m▀[0m[38;2;143;61;87m[48;2;143;61;87m▀[0m[38;2;143;61;87m[48;2;143;61;87m▀[0m[38;2;143;61;87m[48;2;143;61;87m▀[0m[38;2;143;61;87m[48;2;143;61;87m▀[0m[38;2;143;61;87m[48;2;143;61;87m▀[0m[38;2;143;61;87m[48;2;143;61;87m▀[0m[38;2;143;61;87m[48;2;143;61;87m▀[0m[38;2;143;61;87m[48;2;143;61;87m▀[0m[38;2;143;61;87m[48;2;16;16;16m▀[0m[38;2;143;61;87m[48;2;16;16;16m▀[0m[38;2;16;16;16m[48;2;227;144;113m▀[0m[38;2;16;16;16m[48;2;227;144;113m▀[0m[38;2;74;33;45m▄[38;2;74;33;45m▄[38;2;16;16;16m[48;2;166;95;83m▀[0m[38;2;16;16;16m[48;2;166;95;83m▀[0m[38;2;105;39;75m[48;2;16;16;16m▀[0m[38;2;74;33;45m[48;2;105;39;75m▀[0m[38;2;143;61;87m[48;2;74;33;45m▀[0m[38;2;143;61;87m[48;2;143;61;87m▀[0m[38;2;74;33;45m[48;2;74;33;45m▀[0m[38;2;166;95;83m[48;2;166;95;83m▀[0m[38;2;16;16;16m[48;2;166;95;83m▀[0m[38;2;16;16;16m[48;2;74;33;45m▀[0m[38;2;166;95;83m[48;2;16;16;16m▀[0m[38;2;166;95;83m[48;2;16;16;16m▀[0m[38;2;16;16;16m[48;2;105;39;75m▀[0m[38;2;74;33;45m▄     
                   [38;2;16;16;16m▀[38;2;166;95;83m[48;2;16;16;16m▀[0m[38;2;227;144;113m[48;2;16;16;16m▀[0m[38;2;227;144;113m[48;2;166;95;83m▀[0m[38;2;166;95;83m[48;2;166;95;83m▀[0m[38;2;74;33;45m[48;2;166;95;83m▀[0m[38;2;166;95;83m[48;2;74;33;45m▀[0m[38;2;16;16;16m[48;2;16;16;16m▀[0m[38;2;143;61;87m[48;2;143;61;87m▀[0m[38;2;143;61;87m[48;2;143;61;87m▀[0m[38;2;143;61;87m[48;2;143;61;87m▀[0m[38;2;16;16;16m[48;2;143;61;87m▀[0m[38;2;16;16;16m[48;2;74;33;45m▀[0m[38;2;166;95;83m[48;2;16;16;16m▀[0m[38;2;74;33;45m[48;2;166;95;83m▀[0m[38;2;74;33;45m[48;2;166;95;83m▀[0m[38;2;166;95;83m[48;2;74;33;45m▀[0m[38;2;74;33;45m[48;2;143;61;87m▀[0m[38;2;166;95;83m[48;2;74;33;45m▀[0m[38;2;227;144;113m[48;2;74;33;45m▀[0m[38;2;227;144;113m[48;2;227;144;113m▀[0m[38;2;16;16;16m[48;2;227;144;113m▀[0m[38;2;105;39;75m[48;2;16;16;16m▀[0m[38;2;74;33;45m[48;2;105;39;75m▀[0m[38;2;143;61;87m[48;2;74;33;45m▀[0m[38;2;143;61;87m[48;2;143;61;87m▀[0m[38;2;143;61;87m[48;2;143;61;87m▀[0m[38;2;143;61;87m[48;2;143;61;87m▀[0m[38;2;143;61;87m[48;2;143;61;87m▀[0m[38;2;143;61;87m[48;2;74;33;45m▀[0m[38;2;143;61;87m[48;2;16;16;16m▀[0m[38;2;16;16;16m[48;2;166;95;83m▀[0m[38;2;16;16;16m[48;2;227;144;113m▀[0m[38;2;227;144;113m[48;2;227;144;113m▀[0m[38;2;227;144;113m[48;2;227;144;113m▀[0m[38;2;227;144;113m[48;2;227;144;113m▀[0m[38;2;227;144;113m[48;2;227;144;113m▀[0m[38;2;227;144;113m[48;2;227;144;113m▀[0m[38;2;74;33;45m[48;2;74;33;45m▀[0m[38;2;227;144;113m[48;2;227;144;113m▀[0m[38;2;166;95;83m[48;2;227;144;113m▀[0m[38;2;166;95;83m[48;2;166;95;83m▀[0m[38;2;16;16;16m[48;2;16;16;16m▀[0m[38;2;105;39;75m[48;2;105;39;75m▀[0m[38;2;74;33;45m[48;2;74;33;45m▀[0m[38;2;143;61;87m[48;2;143;61;87m▀[0m[38;2;74;33;45m[48;2;143;61;87m▀[0m[38;2;74;33;45m[48;2;105;39;75m▀[0m[38;2;105;39;75m[48;2;74;33;45m▀[0m[38;2;105;39;75m[48;2;74;33;45m▀[0m[38;2;143;61;87m[48;2;74;33;45m▀[0m[38;2;143;61;87m[48;2;74;33;45m▀[0m[38;2;143;61;87m[48;2;143;61;87m▀[0m[38;2;74;33;45m[48;2;143;61;87m▀[0m[38;2;74;33;45m▄   
                      [38;2;16;16;16m▀[38;2;16;16;16m▀[38;2;16;16;16m▀[38;2;16;16;16m[48;2;16;16;16m▀[0m[38;2;143;61;87m[48;2;143;61;87m▀[0m[38;2;143;61;87m[48;2;143;61;87m▀[0m[38;2;143;61;87m[48;2;143;61;87m▀[0m[38;2;143;61;87m[48;2;143;61;87m▀[0m[38;2;74;33;45m[48;2;74;33;45m▀[0m[38;2;105;39;75m[48;2;105;39;75m▀[0m[38;2;16;16;16m[48;2;16;16;16m▀[0m[38;2;166;95;83m[48;2;166;95;83m▀[0m[38;2;74;33;45m[48;2;74;33;45m▀[0m[38;2;143;61;87m[48;2;143;61;87m▀[0m[38;2;105;39;75m[48;2;105;39;75m▀[0m[38;2;227;144;113m[48;2;166;95;83m▀[0m[38;2;166;95;83m[48;2;227;144;113m▀[0m[38;2;74;33;45m[48;2;74;33;45m▀[0m[38;2;166;95;83m[48;2;166;95;83m▀[0m[38;2;166;95;83m[48;2;166;95;83m▀[0m[38;2;16;16;16m[48;2;74;33;45m▀[0m[38;2;105;39;75m[48;2;16;16;16m▀[0m[38;2;74;33;45m[48;2;105;39;75m▀[0m[38;2;143;61;87m[48;2;74;33;45m▀[0m[38;2;74;33;45m[48;2;143;61;87m▀[0m[38;2;74;33;45m[48;2;143;61;87m▀[0m[38;2;16;16;16m[48;2;16;16;16m▀[0m[38;2;166;95;83m[48;2;227;144;113m▀[0m[38;2;227;144;113m[48;2;227;144;113m▀[0m[38;2;227;144;113m[48;2;227;144;113m▀[0m[38;2;227;144;113m[48;2;227;144;113m▀[0m[38;2;227;144;113m[48;2;227;144;113m▀[0m[38;2;227;144;113m[48;2;227;144;113m▀[0m[38;2;227;144;113m[48;2;227;144;113m▀[0m[38;2;227;144;113m[48;2;227;144;113m▀[0m[38;2;227;144;113m[48;2;227;144;113m▀[0m[38;2;74;33;45m[48;2;227;144;113m▀[0m[38;2;227;144;113m[48;2;74;33;45m▀[0m[38;2;166;95;83m[48;2;227;144;113m▀[0m[38;2;166;95;83m[48;2;166;95;83m▀[0m[38;2;16;16;16m[48;2;16;16;16m▀[0m[38;2;105;39;75m[48;2;74;33;45m▀[0m[38;2;74;33;45m[48;2;105;39;75m▀[0m[38;2;74;33;45m[48;2;105;39;75m▀[0m[38;2;105;39;75m[48;2;16;16;16m▀[0m[38;2;105;39;75m[48;2;16;16;16m▀[0m[38;2;105;39;75m[48;2;16;16;16m▀[0m[38;2;105;39;75m[48;2;16;16;16m▀[0m[38;2;105;39;75m[48;2;16;16;16m▀[0m[38;2;74;33;45m[48;2;105;39;75m▀[0m[38;2;74;33;45m[48;2;105;39;75m▀[0m[38;2;143;61;87m[48;2;74;33;45m▀[0m[38;2;74;33;45m[48;2;143;61;87m▀[0m[38;2;16;16;16m▄ 
                         [38;2;16;16;16m[48;2;16;16;16m▀[0m[38;2;143;61;87m[48;2;143;61;87m▀[0m[38;2;143;61;87m[48;2;143;61;87m▀[0m[38;2;143;61;87m[48;2;143;61;87m▀[0m[38;2;143;61;87m[48;2;143;61;87m▀[0m[38;2;74;33;45m[48;2;143;61;87m▀[0m[38;2;105;39;75m[48;2;74;33;45m▀[0m[38;2;16;16;16m[48;2;105;39;75m▀[0m[38;2;166;95;83m[48;2;16;16;16m▀[0m[38;2;74;33;45m[48;2;74;33;45m▀[0m[38;2;143;61;87m[48;2;105;39;75m▀[0m[38;2;143;61;87m[48;2;16;16;16m▀[0m[38;2;105;39;75m[48;2;16;16;16m▀[0m[38;2;105;39;75m[48;2;143;61;87m▀[0m[38;2;143;61;87m[48;2;143;61;87m▀[0m[38;2;166;95;83m[48;2;74;33;45m▀[0m[38;2;74;33;45m[48;2;166;95;83m▀[0m[38;2;166;95;83m[48;2;166;95;83m▀[0m[38;2;166;95;83m[48;2;16;16;16m▀[0m[38;2;16;16;16m[48;2;143;61;87m▀[0m[38;2;143;61;87m[48;2;143;61;87m▀[0m[38;2;143;61;87m[48;2;16;16;16m▀[0m[38;2;16;16;16m[48;2;227;144;113m▀[0m[38;2;227;144;113m[48;2;227;144;113m▀[0m[38;2;227;144;113m[48;2;227;144;113m▀[0m[38;2;227;144;113m[48;2;227;144;113m▀[0m[38;2;227;144;113m[48;2;227;144;113m▀[0m[38;2;227;144;113m[48;2;227;144;113m▀[0m[38;2;227;144;113m[48;2;227;144;113m▀[0m[38;2;227;144;113m[48;2;227;144;113m▀[0m[38;2;227;144;113m[48;2;227;144;113m▀[0m[38;2;227;144;113m[48;2;227;144;113m▀[0m[38;2;227;144;113m[48;2;227;144;113m▀[0m[38;2;227;144;113m[48;2;227;144;113m▀[0m[38;2;227;144;113m[48;2;166;95;83m▀[0m[38;2;74;33;45m[48;2;74;33;45m▀[0m[38;2;227;144;113m[48;2;166;95;83m▀[0m[38;2;166;95;83m[48;2;166;95;83m▀[0m[38;2;16;16;16m[48;2;166;95;83m▀[0m[38;2;16;16;16m[48;2;166;95;83m▀[0m[38;2;16;16;16m[48;2;74;33;45m▀[0m[38;2;166;95;83m[48;2;74;33;45m▀[0m[38;2;166;95;83m[48;2;74;33;45m▀[0m[38;2;166;95;83m[48;2;74;33;45m▀[0m[38;2;166;95;83m[48;2;74;33;45m▀[0m[38;2;166;95;83m[48;2;166;95;83m▀[0m[38;2;16;16;16m[48;2;166;95;83m▀[0m[38;2;105;39;75m[48;2;16;16;16m▀[0m[38;2;105;39;75m[48;2;105;39;75m▀[0m[38;2;143;61;87m[48;2;74;33;45m▀[0m[38;2;16;16;16m[48;2;143;61;87m▀[0m[38;2;16;16;16m▄
                          [38;2;16;16;16m▀[38;2;143;61;87m[48;2;16;16;16m▀[0m[38;2;143;61;87m[48;2;143;61;87m▀[0m[38;2;143;61;87m[48;2;143;61;87m▀[0m[38;2;143;61;87m[48;2;143;61;87m▀[0m[38;2;143;61;87m[48;2;143;61;87m▀[0m[38;2;74;33;45m[48;2;143;61;87m▀[0m[38;2;105;39;75m[48;2;143;61;87m▀[0m[38;2;16;16;16m[48;2;143;61;87m▀[0m[38;2;16;16;16m[48;2;143;61;87m▀[0m[38;2;143;61;87m[48;2;143;61;87m▀[0m[38;2;143;61;87m[48;2;143;61;87m▀[0m[38;2;16;16;16m[48;2;143;61;87m▀[0m[38;2;16;16;16m[48;2;143;61;87m▀[0m[38;2;166;95;83m[48;2;16;16;16m▀[0m[38;2;166;95;83m[48;2;166;95;83m▀[0m[38;2;16;16;16m[48;2;16;16;16m▀[0m[38;2;143;61;87m[48;2;105;39;75m▀[0m[38;2;105;39;75m[48;2;16;16;16m▀[0m[38;2;16;16;16m[48;2;227;144;113m▀[0m[38;2;227;144;113m[48;2;227;144;113m▀[0m[38;2;227;144;113m[48;2;227;144;113m▀[0m[38;2;227;144;113m[48;2;227;144;113m▀[0m[38;2;227;144;113m[48;2;227;144;113m▀[0m[38;2;227;144;113m[48;2;227;144;113m▀[0m[38;2;227;144;113m[48;2;227;144;113m▀[0m[38;2;227;144;113m[48;2;227;144;113m▀[0m[38;2;227;144;113m[48;2;227;144;113m▀[0m[38;2;227;144;113m[48;2;166;95;83m▀[0m[38;2;227;144;113m[48;2;166;95;83m▀[0m[38;2;166;95;83m[48;2;166;95;83m▀[0m[38;2;166;95;83m[48;2;166;95;83m▀[0m[38;2;166;95;83m[48;2;166;95;83m▀[0m[38;2;166;95;83m[48;2;166;95;83m▀[0m[38;2;166;95;83m[48;2;166;95;83m▀[0m[38;2;74;33;45m[48;2;166;95;83m▀[0m[38;2;166;95;83m[48;2;74;33;45m▀[0m[38;2;74;33;45m[48;2;166;95;83m▀[0m[38;2;74;33;45m[48;2;166;95;83m▀[0m[38;2;166;95;83m[48;2;166;95;83m▀[0m[38;2;166;95;83m[48;2;166;95;83m▀[0m[38;2;166;95;83m[48;2;166;95;83m▀[0m[38;2;166;95;83m[48;2;166;95;83m▀[0m[38;2;166;95;83m[48;2;166;95;83m▀[0m[38;2;74;33;45m[48;2;74;33;45m▀[0m[38;2;74;33;45m[48;2;166;95;83m▀[0m[38;2;74;33;45m[48;2;166;95;83m▀[0m[38;2;16;16;16m[48;2;16;16;16m▀[0m[38;2;105;39;75m[48;2;105;39;75m▀[0m[38;2;143;61;87m[48;2;74;33;45m▀[0m[38;2;16;16;16m[48;2;16;16;16m▀[0m
                 [38;2;128;41;81m▄[38;2;128;41;81m[48;2;242;141;193m▀[0m[38;2;128;41;81m[48;2;242;141;193m▀[0m[38;2;128;41;81m[48;2;242;141;193m▀[0m[38;2;128;41;81m▄     [38;2;16;16;16m▀[38;2;105;39;75m[48;2;16;16;16m▀[0m[38;2;143;61;87m[48;2;105;39;75m▀[0m[38;2;143;61;87m[48;2;105;39;75m▀[0m[38;2;143;61;87m[48;2;128;41;81m▀[0m[38;2;143;61;87m[48;2;128;41;81m▀[0m[38;2;143;61;87m[48;2;128;41;81m▀[0m[38;2;143;61;87m[48;2;143;61;87m▀[0m[38;2;143;61;87m[48;2;143;61;87m▀[0m[38;2;143;61;87m[48;2;143;61;87m▀[0m[38;2;143;61;87m[48;2;143;61;87m▀[0m[38;2;143;61;87m[48;2;143;61;87m▀[0m[38;2;143;61;87m[48;2;74;33;45m▀[0m[38;2;105;39;75m[48;2;105;39;75m▀[0m[38;2;16;16;16m[48;2;16;16;16m▀[0m[38;2;105;39;75m[48;2;105;39;75m▀[0m[38;2;16;16;16m[48;2;16;16;16m▀[0m[38;2;166;95;83m[48;2;227;144;113m▀[0m[38;2;227;144;113m[48;2;227;144;113m▀[0m[38;2;227;144;113m[48;2;227;144;113m▀[0m[38;2;227;144;113m[48;2;227;144;113m▀[0m[38;2;227;144;113m[48;2;227;144;113m▀[0m[38;2;227;144;113m[48;2;227;144;113m▀[0m[38;2;227;144;113m[48;2;227;144;113m▀[0m[38;2;227;144;113m[48;2;227;144;113m▀[0m[38;2;227;144;113m[48;2;166;95;83m▀[0m[38;2;166;95;83m[48;2;166;95;83m▀[0m[38;2;166;95;83m[48;2;166;95;83m▀[0m[38;2;166;95;83m[48;2;166;95;83m▀[0m[38;2;166;95;83m[48;2;166;95;83m▀[0m[38;2;166;95;83m[48;2;166;95;83m▀[0m[38;2;166;95;83m[48;2;74;33;45m▀[0m[38;2;166;95;83m[48;2;74;33;45m▀[0m[38;2;166;95;83m[48;2;74;33;45m▀[0m[38;2;166;95;83m[48;2;74;33;45m▀[0m[38;2;74;33;45m[48;2;166;95;83m▀[0m[38;2;166;95;83m[48;2;166;95;83m▀[0m[38;2;166;95;83m[48;2;166;95;83m▀[0m[38;2;166;95;83m[48;2;166;95;83m▀[0m[38;2;166;95;83m[48;2;166;95;83m▀[0m[38;2;166;95;83m[48;2;166;95;83m▀[0m[38;2;166;95;83m[48;2;166;95;83m▀[0m[38;2;166;95;83m[48;2;166;95;83m▀[0m[38;2;74;33;45m[48;2;74;33;45m▀[0m[38;2;166;95;83m[48;2;166;95;83m▀[0m[38;2;166;95;83m[48;2;166;95;83m▀[0m[38;2;16;16;16m[48;2;166;95;83m▀[0m[38;2;105;39;75m[48;2;16;16;16m▀[0m[38;2;74;33;45m[48;2;105;39;75m▀[0m[38;2;16;16;16m[48;2;16;16;16m▀[0m
                [38;2;128;41;81m▄[38;2;128;41;81m[48;2;242;141;193m▀[0m[38;2;242;141;193m[48;2;242;141;193m▀[0m[38;2;242;141;193m[48;2;242;141;193m▀[0m[38;2;242;141;193m[48;2;242;141;193m▀[0m[38;2;242;141;193m[48;2;242;141;193m▀[0m[38;2;128;41;81m[48;2;128;41;81m▀[0m   [38;2;74;33;45m▄[38;2;74;33;45m[48;2;227;144;113m▀[0m[38;2;16;16;16m[48;2;128;41;81m▀[0m[38;2;128;41;81m[48;2;242;141;193m▀[0m[38;2;128;41;81m[48;2;242;141;193m▀[0m[38;2;242;141;193m[48;2;242;141;193m▀[0m[38;2;242;141;193m[48;2;242;141;193m▀[0m[38;2;242;141;193m[48;2;242;141;193m▀[0m[38;2;128;41;81m[48;2;242;141;193m▀[0m[38;2;143;61;87m[48;2;128;41;81m▀[0m[38;2;143;61;87m[48;2;143;61;87m▀[0m[38;2;143;61;87m[48;2;143;61;87m▀[0m[38;2;143;61;87m[48;2;74;33;45m▀[0m[38;2;74;33;45m[48;2;105;39;75m▀[0m[38;2;16;16;16m[48;2;16;16;16m▀[0m[38;2;105;39;75m[48;2;105;39;75m▀[0m[38;2;16;16;16m[48;2;16;16;16m▀[0m[38;2;227;144;113m[48;2;227;144;113m▀[0m[38;2;227;144;113m[48;2;227;144;113m▀[0m[38;2;227;144;113m[48;2;227;144;113m▀[0m[38;2;227;144;113m[48;2;227;144;113m▀[0m[38;2;227;144;113m[48;2;227;144;113m▀[0m[38;2;227;144;113m[48;2;227;144;113m▀[0m[38;2;227;144;113m[48;2;227;144;113m▀[0m[38;2;227;144;113m[48;2;143;61;87m▀[0m[38;2;143;61;87m[48;2;166;95;83m▀[0m[38;2;166;95;83m[48;2;166;95;83m▀[0m[38;2;166;95;83m[48;2;166;95;83m▀[0m[38;2;166;95;83m[48;2;74;33;45m▀[0m[38;2;74;33;45m[48;2;166;95;83m▀[0m[38;2;74;33;45m[48;2;166;95;83m▀[0m[38;2;74;33;45m[48;2;166;95;83m▀[0m[38;2;166;95;83m[48;2;166;95;83m▀[0m[38;2;166;95;83m[48;2;166;95;83m▀[0m[38;2;166;95;83m[48;2;166;95;83m▀[0m[38;2;166;95;83m[48;2;166;95;83m▀[0m[38;2;166;95;83m[48;2;166;95;83m▀[0m[38;2;166;95;83m[48;2;166;95;83m▀[0m[38;2;166;95;83m[48;2;166;95;83m▀[0m[38;2;166;95;83m[48;2;166;95;83m▀[0m[38;2;166;95;83m[48;2;166;95;83m▀[0m[38;2;166;95;83m[48;2;166;95;83m▀[0m[38;2;166;95;83m[48;2;166;95;83m▀[0m[38;2;74;33;45m[48;2;74;33;45m▀[0m[38;2;166;95;83m[48;2;166;95;83m▀[0m[38;2;166;95;83m[48;2;166;95;83m▀[0m[38;2;166;95;83m[48;2;166;95;83m▀[0m[38;2;166;95;83m[48;2;166;95;83m▀[0m[38;2;16;16;16m[48;2;16;16;16m▀[0m[38;2;105;39;75m[48;2;105;39;75m▀[0m[38;2;16;16;16m[48;2;16;16;16m▀[0m
                [38;2;128;41;81m[48;2;128;41;81m▀[0m[38;2;242;141;193m[48;2;242;141;193m▀[0m[38;2;242;141;193m[48;2;242;141;193m▀[0m[38;2;242;141;193m[48;2;242;141;193m▀[0m[38;2;242;141;193m[48;2;242;141;193m▀[0m[38;2;242;141;193m[48;2;240;225;232m▀[0m[38;2;242;141;193m[48;2;242;141;193m▀[0m[38;2;128;41;81m[48;2;128;41;81m▀[0m[38;2;74;33;45m▄[38;2;74;33;45m[48;2;227;144;113m▀[0m[38;2;227;144;113m[48;2;128;41;81m▀[0m[38;2;128;41;81m[48;2;242;141;193m▀[0m[38;2;242;141;193m[48;2;242;141;193m▀[0m[38;2;242;141;193m[48;2;242;141;193m▀[0m[38;2;242;141;193m[48;2;242;141;193m▀[0m[38;2;242;141;193m[48;2;242;141;193m▀[0m[38;2;242;141;193m[48;2;242;141;193m▀[0m[38;2;242;141;193m[48;2;242;141;193m▀[0m[38;2;242;141;193m[48;2;242;141;193m▀[0m[38;2;128;41;81m[48;2;128;41;81m▀[0m[38;2;143;61;87m[48;2;105;39;75m▀[0m[38;2;143;61;87m[48;2;143;61;87m▀[0m[38;2;74;33;45m[48;2;74;33;45m▀[0m[38;2;105;39;75m[48;2;105;39;75m▀[0m[38;2;16;16;16m[48;2;16;16;16m▀[0m[38;2;105;39;75m[48;2;16;16;16m▀[0m[38;2;16;16;16m[48;2;227;144;113m▀[0m[38;2;227;144;113m[48;2;227;144;113m▀[0m[38;2;227;144;113m[48;2;227;144;113m▀[0m[38;2;227;144;113m[48;2;227;144;113m▀[0m[38;2;227;144;113m[48;2;227;144;113m▀[0m[38;2;227;144;113m[48;2;227;144;113m▀[0m[38;2;227;144;113m[48;2;227;144;113m▀[0m[38;2;227;144;113m[48;2;227;144;113m▀[0m[38;2;143;61;87m[48;2;143;61;87m▀[0m[38;2;166;95;83m[48;2;166;95;83m▀[0m[38;2;166;95;83m[48;2;166;95;83m▀[0m[38;2;166;95;83m[48;2;74;33;45m▀[0m[38;2;74;33;45m[48;2;166;95;83m▀[0m[38;2;166;95;83m[48;2;166;95;83m▀[0m[38;2;166;95;83m[48;2;166;95;83m▀[0m[38;2;166;95;83m[48;2;166;95;83m▀[0m[38;2;166;95;83m[48;2;166;95;83m▀[0m[38;2;166;95;83m[48;2;166;95;83m▀[0m[38;2;166;95;83m[48;2;166;95;83m▀[0m[38;2;166;95;83m[48;2;166;95;83m▀[0m[38;2;166;95;83m[48;2;166;95;83m▀[0m[38;2;166;95;83m[48;2;166;95;83m▀[0m[38;2;166;95;83m[48;2;166;95;83m▀[0m[38;2;166;95;83m[48;2;166;95;83m▀[0m[38;2;166;95;83m[48;2;166;95;83m▀[0m[38;2;166;95;83m[48;2;74;33;45m▀[0m[38;2;74;33;45m[48;2;166;95;83m▀[0m[38;2;166;95;83m[48;2;166;95;83m▀[0m[38;2;166;95;83m[48;2;166;95;83m▀[0m[38;2;166;95;83m[48;2;166;95;83m▀[0m[38;2;166;95;83m[48;2;166;95;83m▀[0m[38;2;166;95;83m[48;2;16;16;16m▀[0m[38;2;16;16;16m[48;2;105;39;75m▀[0m[38;2;105;39;75m[48;2;16;16;16m▀[0m[38;2;16;16;16m▀
                [38;2;122;95;104m[48;2;122;95;104m▀[0m[38;2;240;225;232m[48;2;240;225;232m▀[0m[38;2;242;141;193m[48;2;240;225;232m▀[0m[38;2;242;141;193m[48;2;242;141;193m▀[0m[38;2;240;225;232m[48;2;240;225;232m▀[0m[38;2;240;225;232m[48;2;240;225;232m▀[0m[38;2;240;225;232m[48;2;240;225;232m▀[0m[38;2;128;41;81m[48;2;240;225;232m▀[0m[38;2;166;95;83m[48;2;122;95;104m▀[0m[38;2;128;41;81m[48;2;191;161;166m▀[0m[38;2;242;141;193m[48;2;240;225;232m▀[0m[38;2;240;225;232m[48;2;240;225;232m▀[0m[38;2;242;141;193m[48;2;242;141;193m▀[0m[38;2;242;141;193m[48;2;242;141;193m▀[0m[38;2;242;141;193m[48;2;242;141;193m▀[0m[38;2;242;141;193m[48;2;242;141;193m▀[0m[38;2;242;141;193m[48;2;240;225;232m▀[0m[38;2;242;141;193m[48;2;242;141;193m▀[0m[38;2;242;141;193m[48;2;128;41;81m▀[0m[38;2;128;41;81m[48;2;74;33;45m▀[0m[38;2;105;39;75m[48;2;105;39;75m▀[0m[38;2;105;39;75m[48;2;105;39;75m▀[0m[38;2;74;33;45m[48;2;105;39;75m▀[0m[38;2;105;39;75m[48;2;74;33;45m▀[0m[38;2;105;39;75m[48;2;105;39;75m▀[0m[38;2;16;16;16m[48;2;16;16;16m▀[0m[38;2;227;144;113m[48;2;227;144;113m▀[0m[38;2;227;144;113m[48;2;227;144;113m▀[0m[38;2;227;144;113m[48;2;227;144;113m▀[0m[38;2;227;144;113m[48;2;227;144;113m▀[0m[38;2;227;144;113m[48;2;227;144;113m▀[0m[38;2;227;144;113m[48;2;227;144;113m▀[0m[38;2;227;144;113m[48;2;227;144;113m▀[0m[38;2;143;61;87m[48;2;143;61;87m▀[0m[38;2;166;95;83m[48;2;166;95;83m▀[0m[38;2;166;95;83m[48;2;166;95;83m▀[0m[38;2;166;95;83m[48;2;166;95;83m▀[0m[38;2;74;33;45m[48;2;74;33;45m▀[0m[38;2;166;95;83m[48;2;166;95;83m▀[0m[38;2;166;95;83m[48;2;166;95;83m▀[0m[38;2;166;95;83m[48;2;166;95;83m▀[0m[38;2;166;95;83m[48;2;166;95;83m▀[0m[38;2;166;95;83m[48;2;166;95;83m▀[0m[38;2;166;95;83m[48;2;166;95;83m▀[0m[38;2;166;95;83m[48;2;166;95;83m▀[0m[38;2;166;95;83m[48;2;166;95;83m▀[0m[38;2;166;95;83m[48;2;166;95;83m▀[0m[38;2;166;95;83m[48;2;166;95;83m▀[0m[38;2;166;95;83m[48;2;166;95;83m▀[0m[38;2;166;95;83m[48;2;166;95;83m▀[0m[38;2;74;33;45m[48;2;74;33;45m▀[0m[38;2;166;95;83m[48;2;166;95;83m▀[0m[38;2;166;95;83m[48;2;166;95;83m▀[0m[38;2;166;95;83m[48;2;166;95;83m▀[0m[38;2;166;95;83m[48;2;166;95;83m▀[0m[38;2;166;95;83m[48;2;166;95;83m▀[0m[38;2;166;95;83m[48;2;166;95;83m▀[0m[38;2;16;16;16m[48;2;16;16;16m▀[0m[38;2;105;39;75m[48;2;105;39;75m▀[0m[38;2;16;16;16m[48;2;16;16;16m▀[0m 
             [38;2;16;16;16m▄[38;2;122;95;104m[48;2;240;225;232m▀[0m[38;2;122;95;104m[48;2;240;225;232m▀[0m[38;2;122;95;104m[48;2;240;225;232m▀[0m[38;2;240;225;232m[48;2;191;161;166m▀[0m[38;2;240;225;232m[48;2;240;225;232m▀[0m[38;2;240;225;232m[48;2;240;225;232m▀[0m[38;2;240;225;232m[48;2;240;225;232m▀[0m[38;2;240;225;232m[48;2;240;225;232m▀[0m[38;2;240;225;232m[48;2;240;225;232m▀[0m[38;2;240;225;232m[48;2;240;225;232m▀[0m[38;2;122;95;104m[48;2;191;161;166m▀[0m[38;2;240;225;232m[48;2;240;225;232m▀[0m[38;2;240;225;232m[48;2;240;225;232m▀[0m[38;2;240;225;232m[48;2;240;225;232m▀[0m[38;2;242;141;193m[48;2;240;225;232m▀[0m[38;2;242;141;193m[48;2;240;225;232m▀[0m[38;2;240;225;232m[48;2;240;225;232m▀[0m[38;2;240;225;232m[48;2;240;225;232m▀[0m[38;2;240;225;232m[48;2;240;225;232m▀[0m[38;2;242;141;193m[48;2;128;41;81m▀[0m[38;2;128;41;81m[48;2;105;39;75m▀[0m[38;2;74;33;45m[48;2;16;16;16m▀[0m[38;2;105;39;75m[48;2;105;39;75m▀[0m[38;2;105;39;75m[48;2;105;39;75m▀[0m[38;2;105;39;75m[48;2;105;39;75m▀[0m[38;2;105;39;75m[48;2;105;39;75m▀[0m[38;2;16;16;16m[48;2;16;16;16m▀[0m[38;2;227;144;113m[48;2;227;144;113m▀[0m[38;2;227;144;113m[48;2;227;144;113m▀[0m[38;2;227;144;113m[48;2;227;144;113m▀[0m[38;2;227;144;113m[48;2;227;144;113m▀[0m[38;2;227;144;113m[48;2;227;144;113m▀[0m[38;2;227;144;113m[48;2;227;144;113m▀[0m[38;2;227;144;113m[48;2;227;144;113m▀[0m[38;2;227;144;113m[48;2;143;61;87m▀[0m[38;2;143;61;87m[48;2;166;95;83m▀[0m[38;2;166;95;83m[48;2;166;95;83m▀[0m[38;2;166;95;83m[48;2;166;95;83m▀[0m[38;2;166;95;83m[48;2;166;95;83m▀[0m[38;2;74;33;45m[48;2;74;33;45m▀[0m[38;2;166;95;83m[48;2;166;95;83m▀[0m[38;2;166;95;83m[48;2;166;95;83m▀[0m[38;2;166;95;83m[48;2;166;95;83m▀[0m[38;2;166;95;83m[48;2;166;95;83m▀[0m[38;2;166;95;83m[48;2;166;95;83m▀[0m[38;2;166;95;83m[48;2;166;95;83m▀[0m[38;2;166;95;83m[48;2;166;95;83m▀[0m[38;2;166;95;83m[48;2;166;95;83m▀[0m[38;2;166;95;83m[48;2;166;95;83m▀[0m[38;2;166;95;83m[48;2;166;95;83m▀[0m[38;2;166;95;83m[48;2;166;95;83m▀[0m[38;2;166;95;83m[48;2;166;95;83m▀[0m[38;2;166;95;83m[48;2;166;95;83m▀[0m[38;2;74;33;45m[48;2;166;95;83m▀[0m[38;2;143;61;87m[48;2;143;61;87m▀[0m[38;2;166;95;83m[48;2;74;33;45m▀[0m[38;2;166;95;83m[48;2;166;95;83m▀[0m[38;2;166;95;83m[48;2;166;95;83m▀[0m[38;2;166;95;83m[48;2;16;16;16m▀[0m[38;2;16;16;16m[48;2;105;39;75m▀[0m[38;2;105;39;75m[48;2;16;16;16m▀[0m[38;2;16;16;16m▀ 
             [38;2;16;16;16m[48;2;16;16;16m▀[0m[38;2;240;225;232m[48;2;191;161;166m▀[0m[38;2;240;225;232m[48;2;240;225;232m▀[0m[38;2;240;225;232m[48;2;240;225;232m▀[0m[38;2;191;161;166m[48;2;240;225;232m▀[0m[38;2;240;225;232m[48;2;240;225;232m▀[0m[38;2;240;225;232m[48;2;191;161;166m▀[0m[38;2;240;225;232m[48;2;191;161;166m▀[0m[38;2;240;225;232m[48;2;191;161;166m▀[0m[38;2;240;225;232m[48;2;191;161;166m▀[0m[38;2;240;225;232m[48;2;240;225;232m▀[0m[38;2;240;225;232m[48;2;240;225;232m▀[0m[38;2;240;225;232m[48;2;240;225;232m▀[0m[38;2;240;225;232m[48;2;240;225;232m▀[0m[38;2;240;225;232m[48;2;240;225;232m▀[0m[38;2;240;225;232m[48;2;240;225;232m▀[0m[38;2;240;225;232m[48;2;240;225;232m▀[0m[38;2;240;225;232m[48;2;240;225;232m▀[0m[38;2;240;225;232m[48;2;240;225;232m▀[0m[38;2;242;141;193m[48;2;122;95;104m▀[0m[38;2;122;95;104m[48;2;240;225;232m▀[0m[38;2;122;95;104m[48;2;240;225;232m▀[0m[38;2;122;95;104m▄[38;2;16;16;16m▀[38;2;16;16;16m▀[38;2;105;39;75m[48;2;16;16;16m▀[0m[38;2;105;39;75m[48;2;16;16;16m▀[0m[38;2;16;16;16m[48;2;166;95;83m▀[0m[38;2;227;144;113m[48;2;227;144;113m▀[0m[38;2;227;144;113m[48;2;227;144;113m▀[0m[38;2;227;144;113m[48;2;227;144;113m▀[0m[38;2;227;144;113m[48;2;227;144;113m▀[0m[38;2;227;144;113m[48;2;227;144;113m▀[0m[38;2;227;144;113m[48;2;227;144;113m▀[0m[38;2;227;144;113m[48;2;143;61;87m▀[0m[38;2;143;61;87m[48;2;166;95;83m▀[0m[38;2;166;95;83m[48;2;166;95;83m▀[0m[38;2;166;95;83m[48;2;166;95;83m▀[0m[38;2;166;95;83m[48;2;166;95;83m▀[0m[38;2;166;95;83m[48;2;166;95;83m▀[0m[38;2;74;33;45m[48;2;74;33;45m▀[0m[38;2;166;95;83m[48;2;166;95;83m▀[0m[38;2;166;95;83m[48;2;166;95;83m▀[0m[38;2;166;95;83m[48;2;166;95;83m▀[0m[38;2;166;95;83m[48;2;166;95;83m▀[0m[38;2;166;95;83m[48;2;166;95;83m▀[0m[38;2;166;95;83m[48;2;166;95;83m▀[0m[38;2;166;95;83m[48;2;166;95;83m▀[0m[38;2;166;95;83m[48;2;166;95;83m▀[0m[38;2;166;95;83m[48;2;166;95;83m▀[0m[38;2;166;95;83m[48;2;166;95;83m▀[0m[38;2;166;95;83m[48;2;166;95;83m▀[0m[38;2;166;95;83m[48;2;166;95;83m▀[0m[38;2;166;95;83m[48;2;166;95;83m▀[0m[38;2;166;95;83m[48;2;166;95;83m▀[0m[38;2;166;95;83m[48;2;166;95;83m▀[0m[38;2;166;95;83m[48;2;166;95;83m▀[0m[38;2;74;33;45m[48;2;74;33;45m▀[0m[38;2;166;95;83m[48;2;166;95;83m▀[0m[38;2;16;16;16m[48;2;16;16;16m▀[0m[38;2;105;39;75m[48;2;105;39;75m▀[0m[38;2;16;16;16m[48;2;16;16;16m▀[0m  
              [38;2;16;16;16m[48;2;122;95;104m▀[0m[38;2;191;161;166m[48;2;122;95;104m▀[0m[38;2;122;95;104m[48;2;240;225;232m▀[0m[38;2;122;95;104m[48;2;240;225;232m▀[0m[38;2;122;95;104m[48;2;240;225;232m▀[0m[38;2;240;225;232m[48;2;240;225;232m▀[0m[38;2;240;225;232m[48;2;240;225;232m▀[0m[38;2;240;225;232m[48;2;240;225;232m▀[0m[38;2;240;225;232m[48;2;240;225;232m▀[0m[38;2;240;225;232m[48;2;240;225;232m▀[0m[38;2;240;225;232m[48;2;240;225;232m▀[0m[38;2;240;225;232m[48;2;240;225;232m▀[0m[38;2;240;225;232m[48;2;240;225;232m▀[0m[38;2;191;161;166m[48;2;240;225;232m▀[0m[38;2;191;161;166m[48;2;240;225;232m▀[0m[38;2;240;225;232m[48;2;122;95;104m▀[0m[38;2;240;225;232m[48;2;122;95;104m▀[0m[38;2;240;225;232m[48;2;191;161;166m▀[0m[38;2;240;225;232m[48;2;240;225;232m▀[0m[38;2;240;225;232m[48;2;240;225;232m▀[0m[38;2;240;225;232m[48;2;240;225;232m▀[0m[38;2;240;225;232m[48;2;191;161;166m▀[0m[38;2;122;95;104m[48;2;16;16;16m▀[0m  [38;2;16;16;16m[48;2;16;16;16m▀[0m[38;2;227;144;113m[48;2;166;95;83m▀[0m[38;2;166;95;83m[48;2;227;144;113m▀[0m[38;2;227;144;113m[48;2;166;95;83m▀[0m[38;2;227;144;113m[48;2;227;144;113m▀[0m[38;2;227;144;113m[48;2;227;144;113m▀[0m[38;2;227;144;113m[48;2;227;144;113m▀[0m[38;2;227;144;113m[48;2;227;144;113m▀[0m[38;2;143;61;87m[48;2;143;61;87m▀[0m[38;2;166;95;83m[48;2;166;95;83m▀[0m[38;2;166;95;83m[48;2;166;95;83m▀[0m[38;2;166;95;83m[48;2;166;95;83m▀[0m[38;2;166;95;83m[48;2;166;95;83m▀[0m[38;2;74;33;45m[48;2;74;33;45m▀[0m[38;2;166;95;83m[48;2;166;95;83m▀[0m[38;2;166;95;83m[48;2;166;95;83m▀[0m[38;2;166;95;83m[48;2;166;95;83m▀[0m[38;2;166;95;83m[48;2;166;95;83m▀[0m[38;2;166;95;83m[48;2;166;95;83m▀[0m[38;2;166;95;83m[48;2;166;95;83m▀[0m[38;2;166;95;83m[48;2;166;95;83m▀[0m[38;2;166;95;83m[48;2;166;95;83m▀[0m[38;2;166;95;83m[48;2;166;95;83m▀[0m[38;2;166;95;83m[48;2;166;95;83m▀[0m[38;2;166;95;83m[48;2;166;95;83m▀[0m[38;2;166;95;83m[48;2;166;95;83m▀[0m[38;2;166;95;83m[48;2;166;95;83m▀[0m[38;2;166;95;83m[48;2;166;95;83m▀[0m[38;2;166;95;83m[48;2;166;95;83m▀[0m[38;2;166;95;83m[48;2;166;95;83m▀[0m[38;2;166;95;83m[48;2;74;33;45m▀[0m[38;2;74;33;45m[48;2;166;95;83m▀[0m[38;2;166;95;83m[48;2;16;16;16m▀[0m[38;2;16;16;16m[48;2;105;39;75m▀[0m[38;2;105;39;75m[48;2;16;16;16m▀[0m[38;2;16;16;16m▀  
            [38;2;122;95;104m▄[38;2;122;95;104m[48;2;240;225;232m▀[0m[38;2;240;225;232m[48;2;242;141;193m▀[0m[38;2;240;225;232m[48;2;240;225;232m▀[0m[38;2;240;225;232m[48;2;240;225;232m▀[0m[38;2;240;225;232m[48;2;240;225;232m▀[0m[38;2;240;225;232m[48;2;240;225;232m▀[0m[38;2;240;225;232m[48;2;240;225;232m▀[0m[38;2;240;225;232m[48;2;242;141;193m▀[0m[38;2;240;225;232m[48;2;240;225;232m▀[0m[38;2;240;225;232m[48;2;240;225;232m▀[0m[38;2;240;225;232m[48;2;240;225;232m▀[0m[38;2;240;225;232m[48;2;240;225;232m▀[0m[38;2;240;225;232m[48;2;240;225;232m▀[0m[38;2;240;225;232m[48;2;240;225;232m▀[0m[38;2;240;225;232m[48;2;242;141;193m▀[0m[38;2;240;225;232m[48;2;240;225;232m▀[0m[38;2;240;225;232m[48;2;240;225;232m▀[0m[38;2;240;225;232m[48;2;240;225;232m▀[0m[38;2;122;95;104m[48;2;240;225;232m▀[0m[38;2;122;95;104m[48;2;240;225;232m▀[0m[38;2;191;161;166m[48;2;122;95;104m▀[0m[38;2;191;161;166m[48;2;16;16;16m▀[0m[38;2;16;16;16m▀   [38;2;16;16;16m[48;2;16;16;16m▀[0m[38;2;227;144;113m[48;2;166;95;83m▀[0m[38;2;166;95;83m[48;2;166;95;83m▀[0m[38;2;227;144;113m[48;2;166;95;83m▀[0m[38;2;166;95;83m[48;2;166;95;83m▀[0m[38;2;227;144;113m[48;2;166;95;83m▀[0m[38;2;227;144;113m[48;2;166;95;83m▀[0m[38;2;166;95;83m[48;2;166;95;83m▀[0m[38;2;143;61;87m[48;2;166;95;83m▀[0m[38;2;166;95;83m[48;2;166;95;83m▀[0m[38;2;166;95;83m[48;2;166;95;83m▀[0m[38;2;166;95;83m[48;2;166;95;83m▀[0m[38;2;166;95;83m[48;2;74;33;45m▀[0m[38;2;74;33;45m[48;2;166;95;83m▀[0m[38;2;166;95;83m[48;2;166;95;83m▀[0m[38;2;166;95;83m[48;2;166;95;83m▀[0m[38;2;166;95;83m[48;2;166;95;83m▀[0m[38;2;166;95;83m[48;2;166;95;83m▀[0m[38;2;166;95;83m[48;2;166;95;83m▀[0m[38;2;166;95;83m[48;2;166;95;83m▀[0m[38;2;166;95;83m[48;2;166;95;83m▀[0m[38;2;166;95;83m[48;2;166;95;83m▀[0m[38;2;166;95;83m[48;2;166;95;83m▀[0m[38;2;166;95;83m[48;2;166;95;83m▀[0m[38;2;166;95;83m[48;2;166;95;83m▀[0m[38;2;166;95;83m[48;2;74;33;45m▀[0m[38;2;166;95;83m[48;2;74;33;45m▀[0m[38;2;74;33;45m[48;2;166;95;83m▀[0m[38;2;74;33;45m[48;2;166;95;83m▀[0m[38;2;74;33;45m[48;2;166;95;83m▀[0m[38;2;166;95;83m[48;2;166;95;83m▀[0m[38;2;166;95;83m[48;2;16;16;16m▀[0m[38;2;16;16;16m[48;2;105;39;75m▀[0m[38;2;105;39;75m[48;2;16;16;16m▀[0m[38;2;16;16;16m▀   
          [38;2;122;95;104m▄[38;2;122;95;104m[48;2;240;225;232m▀[0m[38;2;240;225;232m[48;2;240;225;232m▀[0m[38;2;242;141;193m[48;2;242;141;193m▀[0m[38;2;242;141;193m[48;2;186;73;112m▀[0m[38;2;242;141;193m[48;2;242;141;193m▀[0m[38;2;240;225;232m[48;2;242;141;193m▀[0m[38;2;240;225;232m[48;2;240;225;232m▀[0m[38;2;240;225;232m[48;2;242;141;193m▀[0m[38;2;242;141;193m[48;2;242;141;193m▀[0m[38;2;242;141;193m[48;2;242;141;193m▀[0m[38;2;242;141;193m[48;2;242;141;193m▀[0m[38;2;240;225;232m[48;2;240;225;232m▀[0m[38;2;240;225;232m[48;2;242;141;193m▀[0m[38;2;240;225;232m[48;2;242;141;193m▀[0m[38;2;242;141;193m[48;2;242;141;193m▀[0m[38;2;242;141;193m[48;2;242;141;193m▀[0m[38;2;242;141;193m[48;2;186;73;112m▀[0m[38;2;242;141;193m[48;2;242;141;193m▀[0m[38;2;240;225;232m[48;2;240;225;232m▀[0m[38;2;240;225;232m[48;2;240;225;232m▀[0m[38;2;240;225;232m[48;2;240;225;232m▀[0m[38;2;240;225;232m[48;2;240;225;232m▀[0m[38;2;240;225;232m[48;2;240;225;232m▀[0m[38;2;122;95;104m[48;2;240;225;232m▀[0m[38;2;122;95;104m▄    [38;2;16;16;16m[48;2;16;16;16m▀[0m[38;2;166;95;83m[48;2;166;95;83m▀[0m[38;2;166;95;83m[48;2;166;95;83m▀[0m[38;2;166;95;83m[48;2;166;95;83m▀[0m[38;2;166;95;83m[48;2;166;95;83m▀[0m[38;2;166;95;83m[48;2;166;95;83m▀[0m[38;2;166;95;83m[48;2;166;95;83m▀[0m[38;2;166;95;83m[48;2;166;95;83m▀[0m[38;2;166;95;83m[48;2;166;95;83m▀[0m[38;2;166;95;83m[48;2;143;61;87m▀[0m[38;2;143;61;87m[48;2;74;33;45m▀[0m[38;2;143;61;87m[48;2;166;95;83m▀[0m[38;2;166;95;83m[48;2;166;95;83m▀[0m[38;2;166;95;83m[48;2;166;95;83m▀[0m[38;2;166;95;83m[48;2;166;95;83m▀[0m[38;2;166;95;83m[48;2;166;95;83m▀[0m[38;2;166;95;83m[48;2;166;95;83m▀[0m[38;2;166;95;83m[48;2;166;95;83m▀[0m[38;2;166;95;83m[48;2;166;95;83m▀[0m[38;2;166;95;83m[48;2;166;95;83m▀[0m[38;2;166;95;83m[48;2;166;95;83m▀[0m[38;2;166;95;83m[48;2;166;95;83m▀[0m[38;2;166;95;83m[48;2;74;33;45m▀[0m[38;2;74;33;45m[48;2;105;39;75m▀[0m[38;2;105;39;75m[48;2;105;39;75m▀[0m[38;2;74;33;45m[48;2;105;39;75m▀[0m[38;2;166;95;83m[48;2;74;33;45m▀[0m[38;2;166;95;83m[48;2;166;95;83m▀[0m[38;2;166;95;83m[48;2;16;16;16m▀[0m[38;2;16;16;16m[48;2;105;39;75m▀[0m[38;2;105;39;75m[48;2;16;16;16m▀[0m[38;2;16;16;16m▀     
        [38;2;122;95;104m▄[38;2;122;95;104m[48;2;240;225;232m▀[0m[38;2;240;225;232m[48;2;240;225;232m▀[0m[38;2;240;225;232m[48;2;240;225;232m▀[0m[38;2;242;141;193m[48;2;242;141;193m▀[0m[38;2;242;141;193m[48;2;128;41;81m▀[0m[38;2;186;73;112m[48;2;242;102;170m▀[0m[38;2;242;141;193m[48;2;186;73;112m▀[0m[38;2;242;141;193m[48;2;242;141;193m▀[0m[38;2;242;141;193m[48;2;242;141;193m▀[0m[38;2;242;141;193m[48;2;186;73;112m▀[0m[38;2;186;73;112m[48;2;242;102;170m▀[0m[38;2;242;141;193m[48;2;186;73;112m▀[0m[38;2;242;141;193m[48;2;242;141;193m▀[0m[38;2;242;141;193m[48;2;242;141;193m▀[0m[38;2;242;141;193m[48;2;242;141;193m▀[0m[38;2;242;141;193m[48;2;186;73;112m▀[0m[38;2;242;141;193m[48;2;186;73;112m▀[0m[38;2;186;73;112m[48;2;242;102;170m▀[0m[38;2;128;41;81m[48;2;128;41;81m▀[0m[38;2;242;141;193m[48;2;242;141;193m▀[0m[38;2;240;225;232m[48;2;240;225;232m▀[0m[38;2;240;225;232m[48;2;240;225;232m▀[0m[38;2;240;225;232m[48;2;240;225;232m▀[0m[38;2;240;225;232m[48;2;240;225;232m▀[0m[38;2;240;225;232m[48;2;240;225;232m▀[0m[38;2;240;225;232m[48;2;240;225;232m▀[0m[38;2;240;225;232m[48;2;240;225;232m▀[0m[38;2;122;95;104m[48;2;240;225;232m▀[0m[38;2;122;95;104m▄   [38;2;16;16;16m▀[38;2;166;95;83m[48;2;16;16;16m▀[0m[38;2;166;95;83m[48;2;166;95;83m▀[0m[38;2;166;95;83m[48;2;166;95;83m▀[0m[38;2;166;95;83m[48;2;166;95;83m▀[0m[38;2;166;95;83m[48;2;166;95;83m▀[0m[38;2;166;95;83m[48;2;166;95;83m▀[0m[38;2;166;95;83m[48;2;74;33;45m▀[0m[38;2;74;33;45m[48;2;166;95;83m▀[0m[38;2;166;95;83m[48;2;166;95;83m▀[0m[38;2;166;95;83m[48;2;166;95;83m▀[0m[38;2;166;95;83m[48;2;166;95;83m▀[0m[38;2;166;95;83m[48;2;166;95;83m▀[0m[38;2;166;95;83m[48;2;166;95;83m▀[0m[38;2;166;95;83m[48;2;166;95;83m▀[0m[38;2;166;95;83m[48;2;166;95;83m▀[0m[38;2;166;95;83m[48;2;166;95;83m▀[0m[38;2;166;95;83m[48;2;166;95;83m▀[0m[38;2;166;95;83m[48;2;166;95;83m▀[0m[38;2;166;95;83m[48;2;166;95;83m▀[0m[38;2;166;95;83m[48;2;74;33;45m▀[0m[38;2;74;33;45m[48;2;105;39;75m▀[0m[38;2;105;39;75m[48;2;105;39;75m▀[0m[38;2;105;39;75m[48;2;105;39;75m▀[0m[38;2;105;39;75m[48;2;105;39;75m▀[0m[38;2;74;33;45m[48;2;16;16;16m▀[0m[38;2;16;16;16m[48;2;105;39;75m▀[0m[38;2;105;39;75m[48;2;16;16;16m▀[0m[38;2;16;16;16m▀       
       [38;2;122;95;104m▄[38;2;122;95;104m[48;2;240;225;232m▀[0m[38;2;240;225;232m[48;2;240;225;232m▀[0m[38;2;240;225;232m[48;2;240;225;232m▀[0m[38;2;240;225;232m[48;2;242;141;193m▀[0m[38;2;242;141;193m[48;2;128;41;81m▀[0m[38;2;128;41;81m[48;2;16;16;16m▀[0m[38;2;242;102;170m[48;2;16;16;16m▀[0m[38;2;240;225;232m[48;2;240;225;232m▀[0m[38;2;186;73;112m[48;2;186;73;112m▀[0m[38;2;186;73;112m[48;2;242;102;170m▀[0m[38;2;242;102;170m[48;2;242;102;170m▀[0m[38;2;242;102;170m[48;2;242;102;170m▀[0m[38;2;242;102;170m[48;2;242;102;170m▀[0m[38;2;186;73;112m[48;2;242;102;170m▀[0m[38;2;186;73;112m[48;2;186;73;112m▀[0m[38;2;240;225;232m[48;2;240;225;232m▀[0m[38;2;186;73;112m[48;2;240;225;232m▀[0m[38;2;242;102;170m[48;2;16;16;16m▀[0m[38;2;242;102;170m[48;2;16;16;16m▀[0m[38;2;128;41;81m[48;2;128;41;81m▀[0m[38;2;242;141;193m[48;2;242;141;193m▀[0m[38;2;240;225;232m[48;2;240;225;232m▀[0m[38;2;240;225;232m[48;2;240;225;232m▀[0m[38;2;240;225;232m[48;2;240;225;232m▀[0m[38;2;240;225;232m[48;2;240;225;232m▀[0m[38;2;240;225;232m[48;2;240;225;232m▀[0m[38;2;240;225;232m[48;2;240;225;232m▀[0m[38;2;240;225;232m[48;2;240;225;232m▀[0m[38;2;240;225;232m[48;2;240;225;232m▀[0m[38;2;240;225;232m[48;2;240;225;232m▀[0m[38;2;122;95;104m[48;2;191;161;166m▀[0m[38;2;122;95;104m▄   [38;2;16;16;16m[48;2;16;16;16m▀[0m[38;2;166;95;83m[48;2;166;95;83m▀[0m[38;2;166;95;83m[48;2;166;95;83m▀[0m[38;2;166;95;83m[48;2;166;95;83m▀[0m[38;2;166;95;83m[48;2;166;95;83m▀[0m[38;2;74;33;45m[48;2;166;95;83m▀[0m[38;2;166;95;83m[48;2;74;33;45m▀[0m[38;2;166;95;83m[48;2;166;95;83m▀[0m[38;2;166;95;83m[48;2;166;95;83m▀[0m[38;2;166;95;83m[48;2;166;95;83m▀[0m[38;2;166;95;83m[48;2;74;33;45m▀[0m[38;2;166;95;83m[48;2;74;33;45m▀[0m[38;2;166;95;83m[48;2;74;33;45m▀[0m[38;2;166;95;83m[48;2;166;95;83m▀[0m[38;2;166;95;83m[48;2;166;95;83m▀[0m[38;2;166;95;83m[48;2;74;33;45m▀[0m[38;2;166;95;83m[48;2;74;33;45m▀[0m[38;2;74;33;45m[48;2;105;39;75m▀[0m[38;2;105;39;75m[48;2;105;39;75m▀[0m[38;2;105;39;75m[48;2;105;39;75m▀[0m[38;2;105;39;75m[48;2;105;39;75m▀[0m[38;2;105;39;75m[48;2;105;39;75m▀[0m[38;2;105;39;75m[48;2;16;16;16m▀[0m[38;2;16;16;16m[48;2;105;39;75m▀[0m[38;2;105;39;75m[48;2;16;16;16m▀[0m[38;2;16;16;16m▀        
      [38;2;122;95;104m▄[38;2;122;95;104m[48;2;240;225;232m▀[0m[38;2;240;225;232m[48;2;240;225;232m▀[0m[38;2;240;225;232m[48;2;240;225;232m▀[0m[38;2;240;225;232m[48;2;240;225;232m▀[0m[38;2;242;141;193m[48;2;242;141;193m▀[0m[38;2;128;41;81m[48;2;128;41;81m▀[0m[38;2;242;102;170m[48;2;242;102;170m▀[0m[38;2;186;73;112m[48;2;186;73;112m▀[0m[38;2;121;108;151m[48;2;242;141;193m▀[0m[38;2;186;73;112m[48;2;186;73;112m▀[0m[38;2;242;102;170m[48;2;242;102;170m▀[0m[38;2;242;102;170m[48;2;242;102;170m▀[0m[38;2;242;102;170m[48;2;242;102;170m▀[0m[38;2;242;102;170m[48;2;242;102;170m▀[0m[38;2;242;102;170m[48;2;242;102;170m▀[0m[38;2;186;73;112m[48;2;186;73;112m▀[0m[38;2;121;108;151m[48;2;121;108;151m▀[0m[38;2;121;108;151m[48;2;242;141;193m▀[0m[38;2;186;73;112m[48;2;186;73;112m▀[0m[38;2;242;102;170m[48;2;242;102;170m▀[0m[38;2;128;41;81m[48;2;128;41;81m▀[0m[38;2;242;141;193m[48;2;242;141;193m▀[0m[38;2;242;141;193m[48;2;242;141;193m▀[0m[38;2;240;225;232m[48;2;240;225;232m▀[0m[38;2;240;225;232m[48;2;240;225;232m▀[0m[38;2;240;225;232m[48;2;240;225;232m▀[0m[38;2;240;225;232m[48;2;240;225;232m▀[0m[38;2;240;225;232m[48;2;240;225;232m▀[0m[38;2;240;225;232m[48;2;240;225;232m▀[0m[38;2;240;225;232m[48;2;240;225;232m▀[0m[38;2;240;225;232m[48;2;240;225;232m▀[0m[38;2;240;225;232m[48;2;240;225;232m▀[0m[38;2;122;95;104m[48;2;240;225;232m▀[0m[38;2;122;95;104m▄   [38;2;16;16;16m▀[38;2;166;95;83m[48;2;16;16;16m▀[0m[38;2;166;95;83m[48;2;166;95;83m▀[0m[38;2;166;95;83m[48;2;166;95;83m▀[0m[38;2;166;95;83m[48;2;166;95;83m▀[0m[38;2;166;95;83m[48;2;166;95;83m▀[0m[38;2;74;33;45m[48;2;166;95;83m▀[0m[38;2;74;33;45m[48;2;166;95;83m▀[0m[38;2;74;33;45m[48;2;166;95;83m▀[0m[38;2;166;95;83m[48;2;166;95;83m▀[0m[38;2;166;95;83m[48;2;166;95;83m▀[0m[38;2;166;95;83m[48;2;166;95;83m▀[0m[38;2;74;33;45m[48;2;74;33;45m▀[0m[38;2;74;33;45m[48;2;105;39;75m▀[0m[38;2;105;39;75m[48;2;105;39;75m▀[0m[38;2;105;39;75m[48;2;105;39;75m▀[0m[38;2;105;39;75m[48;2;105;39;75m▀[0m[38;2;105;39;75m[48;2;105;39;75m▀[0m[38;2;105;39;75m[48;2;74;33;45m▀[0m[38;2;105;39;75m[48;2;16;16;16m▀[0m[38;2;16;16;16m[48;2;105;39;75m▀[0m[38;2;105;39;75m[48;2;16;16;16m▀[0m[38;2;16;16;16m▀          
      [38;2;122;95;104m[48;2;122;95;104m▀[0m[38;2;240;225;232m[48;2;240;225;232m▀[0m[38;2;240;225;232m[48;2;240;225;232m▀[0m[38;2;240;225;232m[48;2;240;225;232m▀[0m[38;2;240;225;232m[48;2;242;141;193m▀[0m[38;2;242;141;193m[48;2;242;141;193m▀[0m[38;2;128;41;81m[48;2;242;141;193m▀[0m[38;2;242;102;170m[48;2;128;41;81m▀[0m[38;2;242;102;170m[48;2;242;102;170m▀[0m[38;2;186;73;112m[48;2;242;102;170m▀[0m[38;2;186;73;112m[48;2;242;102;170m▀[0m[38;2;242;102;170m[48;2;242;102;170m▀[0m[38;2;242;102;170m[48;2;242;102;170m▀[0m[38;2;242;102;170m[48;2;242;102;170m▀[0m[38;2;242;102;170m[48;2;242;102;170m▀[0m[38;2;242;102;170m[48;2;242;102;170m▀[0m[38;2;186;73;112m[48;2;242;102;170m▀[0m[38;2;186;73;112m[48;2;242;102;170m▀[0m[38;2;186;73;112m[48;2;242;102;170m▀[0m[38;2;242;102;170m[48;2;242;102;170m▀[0m[38;2;242;102;170m[48;2;186;73;112m▀[0m[38;2;128;41;81m[48;2;186;73;112m▀[0m[38;2;242;141;193m[48;2;128;41;81m▀[0m[38;2;242;141;193m[48;2;242;141;193m▀[0m[38;2;240;225;232m[48;2;240;225;232m▀[0m[38;2;240;225;232m[48;2;240;225;232m▀[0m[38;2;240;225;232m[48;2;240;225;232m▀[0m[38;2;240;225;232m[48;2;242;141;193m▀[0m[38;2;240;225;232m[48;2;240;225;232m▀[0m[38;2;240;225;232m[48;2;240;225;232m▀[0m[38;2;240;225;232m[48;2;240;225;232m▀[0m[38;2;240;225;232m[48;2;240;225;232m▀[0m[38;2;240;225;232m[48;2;242;141;193m▀[0m[38;2;240;225;232m[48;2;240;225;232m▀[0m[38;2;191;161;166m[48;2;240;225;232m▀[0m[38;2;122;95;104m[48;2;122;95;104m▀[0m    [38;2;16;16;16m▀[38;2;166;95;83m[48;2;16;16;16m▀[0m[38;2;166;95;83m[48;2;16;16;16m▀[0m[38;2;166;95;83m[48;2;166;95;83m▀[0m[38;2;166;95;83m[48;2;166;95;83m▀[0m[38;2;166;95;83m[48;2;166;95;83m▀[0m[38;2;166;95;83m[48;2;166;95;83m▀[0m[38;2;166;95;83m[48;2;166;95;83m▀[0m[38;2;166;95;83m[48;2;166;95;83m▀[0m[38;2;166;95;83m[48;2;166;95;83m▀[0m[38;2;74;33;45m[48;2;166;95;83m▀[0m[38;2;105;39;75m[48;2;74;33;45m▀[0m[38;2;105;39;75m[48;2;74;33;45m▀[0m[38;2;105;39;75m[48;2;105;39;75m▀[0m[38;2;74;33;45m[48;2;105;39;75m▀[0m[38;2;16;16;16m[48;2;105;39;75m▀[0m[38;2;105;39;75m[48;2;16;16;16m▀[0m[38;2;105;39;75m[48;2;16;16;16m▀[0m[38;2;16;16;16m▀            
      [38;2;122;95;104m[48;2;122;95;104m▀[0m[38;2;240;225;232m[48;2;122;95;104m▀[0m[38;2;122;95;104m[48;2;240;225;232m▀[0m[38;2;122;95;104m[48;2;240;225;232m▀[0m[38;2;122;95;104m[48;2;240;225;232m▀[0m[38;2;242;141;193m[48;2;16;16;16m▀[0m[38;2;242;141;193m[48;2;74;33;45m▀[0m[38;2;16;16;16m[48;2;74;33;45m▀[0m[38;2;186;73;112m[48;2;16;16;16m▀[0m[38;2;128;41;81m[48;2;186;73;112m▀[0m[38;2;242;102;170m[48;2;16;16;16m▀[0m[38;2;242;102;170m[48;2;16;16;16m▀[0m[38;2;16;16;16m[48;2;186;73;112m▀[0m[38;2;16;16;16m[48;2;186;73;112m▀[0m[38;2;242;102;170m[48;2;16;16;16m▀[0m[38;2;242;102;170m[48;2;16;16;16m▀[0m[38;2;128;41;81m[48;2;186;73;112m▀[0m[38;2;128;41;81m[48;2;186;73;112m▀[0m[38;2;128;41;81m[48;2;186;73;112m▀[0m[38;2;186;73;112m[48;2;186;73;112m▀[0m[38;2;186;73;112m[48;2;186;73;112m▀[0m[38;2;186;73;112m[48;2;186;73;112m▀[0m[38;2;128;41;81m[48;2;128;41;81m▀[0m[38;2;242;141;193m[48;2;242;141;193m▀[0m[38;2;242;141;193m[48;2;242;141;193m▀[0m[38;2;240;225;232m[48;2;240;225;232m▀[0m[38;2;240;225;232m[48;2;242;141;193m▀[0m[38;2;242;141;193m[48;2;242;141;193m▀[0m[38;2;242;141;193m[48;2;242;141;193m▀[0m[38;2;240;225;232m[48;2;240;225;232m▀[0m[38;2;240;225;232m[48;2;240;225;232m▀[0m[38;2;240;225;232m[48;2;242;141;193m▀[0m[38;2;242;141;193m[48;2;242;141;193m▀[0m[38;2;240;225;232m[48;2;242;141;193m▀[0m[38;2;240;225;232m[48;2;240;225;232m▀[0m[38;2;242;141;193m[48;2;242;141;193m▀[0m[38;2;128;41;81m[48;2;128;41;81m▀[0m      [38;2;16;16;16m▀[38;2;16;16;16m▀[38;2;16;16;16m▀[38;2;16;16;16m▀[38;2;166;95;83m[48;2;16;16;16m▀[0m[38;2;166;95;83m[48;2;16;16;16m▀[0m[38;2;166;95;83m[48;2;16;16;16m▀[0m[38;2;166;95;83m[48;2;16;16;16m▀[0m[38;2;166;95;83m[48;2;16;16;16m▀[0m[38;2;166;95;83m[48;2;16;16;16m▀[0m[38;2;16;16;16m▀[38;2;16;16;16m▀[38;2;16;16;16m▀               
    [38;2;122;95;104m▄[38;2;122;95;104m[48;2;240;225;232m▀[0m[38;2;240;225;232m[48;2;240;225;232m▀[0m[38;2;240;225;232m[48;2;240;225;232m▀[0m[38;2;240;225;232m[48;2;122;95;104m▀[0m[38;2;240;225;232m[48;2;122;95;104m▀[0m[38;2;240;225;232m[48;2;191;161;166m▀[0m[38;2;240;225;232m[48;2;240;225;232m▀[0m[38;2;16;16;16m[48;2;16;16;16m▀[0m[38;2;166;95;83m[48;2;227;144;113m▀[0m[38;2;166;95;83m[48;2;166;95;83m▀[0m[38;2;16;16;16m[48;2;166;95;83m▀[0m[38;2;186;73;112m[48;2;16;16;16m▀[0m[38;2;186;73;112m[48;2;16;16;16m▀[0m[38;2;186;73;112m[48;2;186;73;112m▀[0m[38;2;186;73;112m[48;2;186;73;112m▀[0m[38;2;186;73;112m[48;2;186;73;112m▀[0m[38;2;186;73;112m[48;2;186;73;112m▀[0m[38;2;186;73;112m[48;2;186;73;112m▀[0m[38;2;186;73;112m[48;2;186;73;112m▀[0m[38;2;186;73;112m[48;2;186;73;112m▀[0m[38;2;186;73;112m[48;2;16;16;16m▀[0m[38;2;186;73;112m[48;2;16;16;16m▀[0m[38;2;16;16;16m[48;2;191;161;166m▀[0m[38;2;128;41;81m[48;2;128;41;81m▀[0m[38;2;242;141;193m[48;2;242;141;193m▀[0m[38;2;242;141;193m[48;2;242;141;193m▀[0m[38;2;240;225;232m[48;2;242;141;193m▀[0m[38;2;242;141;193m[48;2;242;141;193m▀[0m[38;2;242;141;193m[48;2;242;141;193m▀[0m[38;2;242;141;193m[48;2;242;141;193m▀[0m[38;2;242;141;193m[48;2;242;141;193m▀[0m[38;2;240;225;232m[48;2;242;141;193m▀[0m[38;2;242;141;193m[48;2;242;141;193m▀[0m[38;2;242;141;193m[48;2;242;141;193m▀[0m[38;2;242;141;193m[48;2;242;141;193m▀[0m[38;2;242;141;193m[48;2;242;141;193m▀[0m[38;2;242;141;193m[48;2;242;141;193m▀[0m[38;2;242;141;193m[48;2;242;141;193m▀[0m[38;2;128;41;81m[48;2;128;41;81m▀[0m                                 
   [38;2;122;95;104m[48;2;122;95;104m▀[0m[38;2;240;225;232m[48;2;240;225;232m▀[0m[38;2;240;225;232m[48;2;240;225;232m▀[0m[38;2;240;225;232m[48;2;122;95;104m▀[0m[38;2;240;225;232m[48;2;122;95;104m▀[0m[38;2;240;225;232m[48;2;191;161;166m▀[0m[38;2;240;225;232m[48;2;240;225;232m▀[0m[38;2;16;16;16m[48;2;16;16;16m▀[0m[38;2;16;16;16m[48;2;105;39;75m▀[0m[38;2;227;144;113m[48;2;74;33;45m▀[0m[38;2;227;144;113m[48;2;166;95;83m▀[0m[38;2;166;95;83m[48;2;166;95;83m▀[0m[38;2;166;95;83m[48;2;166;95;83m▀[0m[38;2;166;95;83m[48;2;16;16;16m▀[0m[38;2;74;33;45m[48;2;122;95;104m▀[0m[38;2;16;16;16m[48;2;128;41;81m▀[0m[38;2;16;16;16m[48;2;186;73;112m▀[0m[38;2;128;41;81m[48;2;186;73;112m▀[0m[38;2;128;41;81m[48;2;186;73;112m▀[0m[38;2;186;73;112m[48;2;186;73;112m▀[0m[38;2;16;16;16m[48;2;186;73;112m▀[0m[38;2;16;16;16m[48;2;122;95;104m▀[0m[38;2;191;161;166m[48;2;122;95;104m▀[0m[38;2;191;161;166m[48;2;191;161;166m▀[0m[38;2;191;161;166m[48;2;191;161;166m▀[0m[38;2;191;161;166m[48;2;191;161;166m▀[0m[38;2;242;141;193m[48;2;242;141;193m▀[0m[38;2;242;141;193m[48;2;242;141;193m▀[0m[38;2;242;141;193m[48;2;242;141;193m▀[0m[38;2;242;141;193m[48;2;242;141;193m▀[0m[38;2;242;141;193m[48;2;242;141;193m▀[0m[38;2;240;225;232m[48;2;240;225;232m▀[0m[38;2;242;141;193m[48;2;240;225;232m▀[0m[38;2;242;141;193m[48;2;242;141;193m▀[0m[38;2;242;141;193m[48;2;242;141;193m▀[0m[38;2;242;141;193m[48;2;242;141;193m▀[0m[38;2;240;225;232m[48;2;240;225;232m▀[0m[38;2;242;141;193m[48;2;240;225;232m▀[0m[38;2;242;141;193m[48;2;242;141;193m▀[0m[38;2;242;141;193m[48;2;240;225;232m▀[0m[38;2;128;41;81m[48;2;240;225;232m▀[0m[38;2;16;16;16m▄                                
  [38;2;122;95;104m[48;2;122;95;104m▀[0m[38;2;240;225;232m[48;2;240;225;232m▀[0m[38;2;240;225;232m[48;2;240;225;232m▀[0m[38;2;240;225;232m[48;2;122;95;104m▀[0m[38;2;240;225;232m[48;2;191;161;166m▀[0m[38;2;240;225;232m[48;2;240;225;232m▀[0m[38;2;16;16;16m[48;2;16;16;16m▀[0m[38;2;16;16;16m[48;2;105;39;75m▀[0m[38;2;105;39;75m[48;2;105;39;75m▀[0m[38;2;105;39;75m[48;2;74;33;45m▀[0m[38;2;74;33;45m[48;2;166;95;83m▀[0m[38;2;166;95;83m[48;2;166;95;83m▀[0m[38;2;166;95;83m[48;2;16;16;16m▀[0m[38;2;16;16;16m[48;2;191;161;166m▀[0m[38;2;122;95;104m[48;2;128;41;81m▀[0m[38;2;128;41;81m[48;2;242;102;170m▀[0m[38;2;186;73;112m[48;2;242;102;170m▀[0m[38;2;186;73;112m[48;2;242;102;170m▀[0m[38;2;186;73;112m[48;2;186;73;112m▀[0m[38;2;186;73;112m[48;2;186;73;112m▀[0m[38;2;186;73;112m[48;2;186;73;112m▀[0m[38;2;122;95;104m[48;2;16;16;16m▀[0m[38;2;191;161;166m[48;2;240;225;232m▀[0m[38;2;191;161;166m[48;2;240;225;232m▀[0m[38;2;122;95;104m[48;2;240;225;232m▀[0m[38;2;191;161;166m[48;2;122;95;104m▀[0m[38;2;191;161;166m[48;2;191;161;166m▀[0m[38;2;186;73;112m[48;2;128;41;81m▀[0m[38;2;242;141;193m[48;2;242;141;193m▀[0m[38;2;242;141;193m[48;2;242;141;193m▀[0m[38;2;242;141;193m[48;2;242;141;193m▀[0m[38;2;240;225;232m[48;2;240;225;232m▀[0m[38;2;240;225;232m[48;2;240;225;232m▀[0m[38;2;240;225;232m[48;2;240;225;232m▀[0m[38;2;242;141;193m[48;2;240;225;232m▀[0m[38;2;242;141;193m[48;2;242;141;193m▀[0m[38;2;240;225;232m[48;2;240;225;232m▀[0m[38;2;240;225;232m[48;2;240;225;232m▀[0m[38;2;240;225;232m[48;2;240;225;232m▀[0m[38;2;242;141;193m[48;2;240;225;232m▀[0m[38;2;240;225;232m[48;2;240;225;232m▀[0m[38;2;240;225;232m[48;2;240;225;232m▀[0m[38;2;16;16;16m[48;2;122;95;104m▀[0m                                
  [38;2;122;95;104m[48;2;16;16;16m▀[0m[38;2;191;161;166m[48;2;16;16;16m▀[0m[38;2;240;225;232m[48;2;191;161;166m▀[0m[38;2;240;225;232m[48;2;240;225;232m▀[0m[38;2;16;16;16m[48;2;16;16;16m▀[0m[38;2;16;16;16m[48;2;105;39;75m▀[0m[38;2;105;39;75m[48;2;105;39;75m▀[0m[38;2;105;39;75m[48;2;105;39;75m▀[0m[38;2;105;39;75m[48;2;128;41;81m▀[0m[38;2;128;41;81m[48;2;186;73;112m▀[0m[38;2;128;41;81m[48;2;186;73;112m▀[0m[38;2;16;16;16m[48;2;128;41;81m▀[0m[38;2;191;161;166m[48;2;191;161;166m▀[0m[38;2;191;161;166m[48;2;128;41;81m▀[0m[38;2;128;41;81m[48;2;242;102;170m▀[0m[38;2;242;102;170m[48;2;242;102;170m▀[0m[38;2;242;102;170m[48;2;242;102;170m▀[0m[38;2;242;102;170m[48;2;242;102;170m▀[0m[38;2;242;102;170m[48;2;242;102;170m▀[0m[38;2;242;102;170m[48;2;242;102;170m▀[0m[38;2;186;73;112m[48;2;242;102;170m▀[0m[38;2;16;16;16m[48;2;16;16;16m▀[0m[38;2;240;225;232m[48;2;240;225;232m▀[0m[38;2;240;225;232m[48;2;240;225;232m▀[0m[38;2;240;225;232m[48;2;240;225;232m▀[0m[38;2;240;225;232m[48;2;240;225;232m▀[0m[38;2;122;95;104m[48;2;240;225;232m▀[0m[38;2;16;16;16m[48;2;16;16;16m▀[0m[38;2;240;225;232m[48;2;191;161;166m▀[0m[38;2;242;141;193m[48;2;240;225;232m▀[0m[38;2;240;225;232m[48;2;240;225;232m▀[0m[38;2;240;225;232m[48;2;240;225;232m▀[0m[38;2;240;225;232m[48;2;240;225;232m▀[0m[38;2;240;225;232m[48;2;240;225;232m▀[0m[38;2;240;225;232m[48;2;240;225;232m▀[0m[38;2;240;225;232m[48;2;240;225;232m▀[0m[38;2;240;225;232m[48;2;240;225;232m▀[0m[38;2;240;225;232m[48;2;240;225;232m▀[0m[38;2;240;225;232m[48;2;240;225;232m▀[0m[38;2;240;225;232m[48;2;240;225;232m▀[0m[38;2;240;225;232m[48;2;240;225;232m▀[0m[38;2;240;225;232m[48;2;240;225;232m▀[0m[38;2;240;225;232m[48;2;240;225;232m▀[0m[38;2;16;16;16m[48;2;16;16;16m▀[0m                               
 [38;2;16;16;16m[48;2;16;16;16m▀[0m[38;2;143;61;87m[48;2;143;61;87m▀[0m[38;2;143;61;87m[48;2;143;61;87m▀[0m[38;2;16;16;16m[48;2;143;61;87m▀[0m[38;2;16;16;16m[48;2;105;39;75m▀[0m[38;2;105;39;75m[48;2;105;39;75m▀[0m[38;2;105;39;75m[48;2;105;39;75m▀[0m[38;2;105;39;75m[48;2;105;39;75m▀[0m[38;2;128;41;81m[48;2;128;41;81m▀[0m[38;2;242;102;170m[48;2;242;102;170m▀[0m[38;2;242;102;170m[48;2;242;102;170m▀[0m[38;2;186;73;112m[48;2;128;41;81m▀[0m[38;2;128;41;81m[48;2;16;16;16m▀[0m[38;2;191;161;166m[48;2;16;16;16m▀[0m[38;2;16;16;16m[48;2;16;16;16m▀[0m[38;2;242;102;170m[48;2;242;102;170m▀[0m[38;2;242;102;170m[48;2;242;102;170m▀[0m[38;2;242;102;170m[48;2;242;102;170m▀[0m[38;2;242;102;170m[48;2;242;102;170m▀[0m[38;2;242;102;170m[48;2;242;102;170m▀[0m[38;2;242;102;170m[48;2;242;102;170m▀[0m[38;2;242;102;170m[48;2;242;102;170m▀[0m[38;2;242;102;170m[48;2;242;102;170m▀[0m[38;2;122;95;104m[48;2;16;16;16m▀[0m[38;2;240;225;232m[48;2;240;225;232m▀[0m[38;2;240;225;232m[48;2;240;225;232m▀[0m[38;2;240;225;232m[48;2;240;225;232m▀[0m[38;2;240;225;232m[48;2;240;225;232m▀[0m[38;2;240;225;232m[48;2;240;225;232m▀[0m[38;2;16;16;16m[48;2;16;16;16m▀[0m[38;2;240;225;232m[48;2;191;161;166m▀[0m[38;2;240;225;232m[48;2;240;225;232m▀[0m[38;2;240;225;232m[48;2;240;225;232m▀[0m[38;2;240;225;232m[48;2;240;225;232m▀[0m[38;2;240;225;232m[48;2;240;225;232m▀[0m[38;2;240;225;232m[48;2;240;225;232m▀[0m[38;2;240;225;232m[48;2;240;225;232m▀[0m[38;2;240;225;232m[48;2;240;225;232m▀[0m[38;2;240;225;232m[48;2;240;225;232m▀[0m[38;2;240;225;232m[48;2;240;225;232m▀[0m[38;2;240;225;232m[48;2;240;225;232m▀[0m[38;2;240;225;232m[48;2;240;225;232m▀[0m[38;2;240;225;232m[48;2;240;225;232m▀[0m[38;2;240;225;232m[48;2;240;225;232m▀[0m[38;2;16;16;16m[48;2;16;16;16m▀[0m                               
[38;2;16;16;16m[48;2;16;16;16m▀[0m[38;2;143;61;87m[48;2;105;39;75m▀[0m[38;2;143;61;87m[48;2;105;39;75m▀[0m[38;2;143;61;87m[48;2;105;39;75m▀[0m[38;2;143;61;87m[48;2;105;39;75m▀[0m[38;2;74;33;45m[48;2;74;33;45m▀[0m[38;2;105;39;75m[48;2;105;39;75m▀[0m[38;2;105;39;75m[48;2;105;39;75m▀[0m[38;2;105;39;75m[48;2;16;16;16m▀[0m[38;2;16;16;16m[48;2;191;161;166m▀[0m[38;2;128;41;81m[48;2;191;161;166m▀[0m[38;2;128;41;81m[48;2;191;161;166m▀[0m[38;2;191;161;166m[48;2;191;161;166m▀[0m[38;2;191;161;166m[48;2;105;39;75m▀[0m[38;2;105;39;75m[48;2;166;95;83m▀[0m[38;2;105;39;75m[48;2;128;41;81m▀[0m[38;2;16;16;16m[48;2;242;102;170m▀[0m[38;2;242;102;170m[48;2;16;16;16m▀[0m[38;2;242;102;170m[48;2;16;16;16m▀[0m[38;2;242;102;170m[48;2;16;16;16m▀[0m[38;2;186;73;112m[48;2;128;41;81m▀[0m[38;2;16;16;16m[48;2;166;95;83m▀[0m[38;2;16;16;16m[48;2;227;144;113m▀[0m[38;2;16;16;16m[48;2;227;144;113m▀[0m[38;2;16;16;16m[48;2;166;95;83m▀[0m[38;2;240;225;232m[48;2;16;16;16m▀[0m[38;2;240;225;232m[48;2;240;225;232m▀[0m[38;2;240;225;232m[48;2;240;225;232m▀[0m[38;2;240;225;232m[48;2;240;225;232m▀[0m[38;2;240;225;232m[48;2;240;225;232m▀[0m[38;2;240;225;232m[48;2;240;225;232m▀[0m[38;2;16;16;16m[48;2;16;16;16m▀[0m[38;2;191;161;166m[48;2;191;161;166m▀[0m[38;2;240;225;232m[48;2;191;161;166m▀[0m[38;2;240;225;232m[48;2;240;225;232m▀[0m[38;2;240;225;232m[48;2;240;225;232m▀[0m[38;2;240;225;232m[48;2;240;225;232m▀[0m[38;2;240;225;232m[48;2;240;225;232m▀[0m[38;2;240;225;232m[48;2;240;225;232m▀[0m[38;2;240;225;232m[48;2;240;225;232m▀[0m[38;2;240;225;232m[48;2;240;225;232m▀[0m[38;2;240;225;232m[48;2;240;225;232m▀[0m[38;2;240;225;232m[48;2;240;225;232m▀[0m[38;2;240;225;232m[48;2;240;225;232m▀[0m[38;2;240;225;232m[48;2;122;95;104m▀[0m[38;2;16;16;16m[48;2;191;161;166m▀[0m[38;2;16;16;16m▄[38;2;16;16;16m▄                             
 [38;2;16;16;16m▀[38;2;105;39;75m[48;2;16;16;16m▀[0m[38;2;105;39;75m[48;2;16;16;16m▀[0m[38;2;74;33;45m[48;2;16;16;16m▀[0m[38;2;105;39;75m[48;2;16;16;16m▀[0m[38;2;16;16;16m[48;2;191;161;166m▀[0m[38;2;16;16;16m[48;2;191;161;166m▀[0m[38;2;191;161;166m[48;2;191;161;166m▀[0m[38;2;191;161;166m[48;2;191;161;166m▀[0m[38;2;191;161;166m[48;2;122;95;104m▀[0m[38;2;191;161;166m[48;2;191;161;166m▀[0m[38;2;105;39;75m[48;2;105;39;75m▀[0m[38;2;166;95;83m[48;2;105;39;75m▀[0m[38;2;166;95;83m[48;2;128;41;81m▀[0m[38;2;186;73;112m[48;2;242;102;170m▀[0m[38;2;242;102;170m[48;2;242;102;170m▀[0m[38;2;242;102;170m[48;2;242;102;170m▀[0m[38;2;186;73;112m[48;2;186;73;112m▀[0m[38;2;128;41;81m[48;2;186;73;112m▀[0m[38;2;242;102;170m[48;2;128;41;81m▀[0m[38;2;242;102;170m[48;2;242;102;170m▀[0m[38;2;105;39;75m[48;2;242;102;170m▀[0m[38;2;105;39;75m[48;2;242;102;170m▀[0m[38;2;227;144;113m[48;2;105;39;75m▀[0m[38;2;16;16;16m[48;2;105;39;75m▀[0m[38;2;191;161;166m[48;2;16;16;16m▀[0m[38;2;240;225;232m[48;2;191;161;166m▀[0m[38;2;240;225;232m[48;2;240;225;232m▀[0m[38;2;240;225;232m[48;2;240;225;232m▀[0m[38;2;240;225;232m[48;2;240;225;232m▀[0m[38;2;240;225;232m[48;2;240;225;232m▀[0m[38;2;16;16;16m[48;2;191;161;166m▀[0m[38;2;191;161;166m[48;2;16;16;16m▀[0m[38;2;191;161;166m[48;2;191;161;166m▀[0m[38;2;191;161;166m[48;2;191;161;166m▀[0m[38;2;240;225;232m[48;2;191;161;166m▀[0m[38;2;240;225;232m[48;2;191;161;166m▀[0m[38;2;240;225;232m[48;2;240;225;232m▀[0m[38;2;240;225;232m[48;2;240;225;232m▀[0m[38;2;240;225;232m[48;2;240;225;232m▀[0m[38;2;240;225;232m[48;2;191;161;166m▀[0m[38;2;240;225;232m[48;2;122;95;104m▀[0m[38;2;191;161;166m[48;2;122;95;104m▀[0m[38;2;191;161;166m[48;2;191;161;166m▀[0m[38;2;191;161;166m[48;2;191;161;166m▀[0m[38;2;191;161;166m[48;2;191;161;166m▀[0m[38;2;191;161;166m[48;2;191;161;166m▀[0m[38;2;16;16;16m[48;2;191;161;166m▀[0m[38;2;16;16;16m▄                           
    [38;2;16;16;16m▀[38;2;191;161;166m[48;2;16;16;16m▀[0m[38;2;191;161;166m[48;2;16;16;16m▀[0m[38;2;191;161;166m[48;2;16;16;16m▀[0m[38;2;191;161;166m[48;2;16;16;16m▀[0m[38;2;191;161;166m[48;2;16;16;16m▀[0m[38;2;16;16;16m▀[38;2;16;16;16m▀[38;2;16;16;16m▀[38;2;16;16;16m▀[38;2;128;41;81m▀[38;2;242;102;170m[48;2;16;16;16m▀[0m[38;2;242;102;170m[48;2;16;16;16m▀[0m[38;2;186;73;112m[48;2;16;16;16m▀[0m[38;2;186;73;112m[48;2;16;16;16m▀[0m[38;2;186;73;112m[48;2;16;16;16m▀[0m[38;2;128;41;81m[48;2;128;41;81m▀[0m[38;2;242;102;170m[48;2;242;102;170m▀[0m[38;2;242;102;170m[48;2;242;102;170m▀[0m[38;2;242;102;170m[48;2;242;102;170m▀[0m[38;2;242;102;170m[48;2;242;102;170m▀[0m[38;2;186;73;112m[48;2;186;73;112m▀[0m[38;2;16;16;16m[48;2;16;16;16m▀[0m[38;2;240;225;232m[48;2;240;225;232m▀[0m[38;2;240;225;232m[48;2;240;225;232m▀[0m[38;2;122;95;104m[48;2;122;95;104m▀[0m[38;2;240;225;232m[48;2;240;225;232m▀[0m[38;2;240;225;232m[48;2;240;225;232m▀[0m[38;2;122;95;104m[48;2;122;95;104m▀[0m[38;2;191;161;166m[48;2;16;16;16m▀[0m[38;2;16;16;16m[48;2;16;16;16m▀[0m[38;2;122;95;104m[48;2;240;225;232m▀[0m[38;2;240;225;232m[48;2;240;225;232m▀[0m[38;2;240;225;232m[48;2;240;225;232m▀[0m[38;2;240;225;232m[48;2;240;225;232m▀[0m[38;2;240;225;232m[48;2;240;225;232m▀[0m[38;2;240;225;232m[48;2;240;225;232m▀[0m[38;2;240;225;232m[48;2;240;225;232m▀[0m[38;2;240;225;232m[48;2;240;225;232m▀[0m[38;2;240;225;232m[48;2;240;225;232m▀[0m[38;2;122;95;104m[48;2;240;225;232m▀[0m[38;2;191;161;166m[48;2;16;16;16m▀[0m[38;2;191;161;166m[48;2;16;16;16m▀[0m[38;2;191;161;166m[48;2;16;16;16m▀[0m[38;2;122;95;104m[48;2;16;16;16m▀[0m[38;2;16;16;16m▀                           
                     [38;2;16;16;16m▀[38;2;16;16;16m▀[38;2;16;16;16m▀[38;2;16;16;16m▀[38;2;16;16;16m▀ [38;2;16;16;16m▀[38;2;16;16;16m▀ [38;2;16;16;16m▀[38;2;16;16;16m▀   [38;2;16;16;16m▀[38;2;240;225;232m[48;2;16;16;16m▀[0m[38;2;240;225;232m[48;2;16;16;16m▀[0m[38;2;240;225;232m[48;2;240;225;232m▀[0m[38;2;240;225;232m[48;2;240;225;232m▀[0m[38;2;240;225;232m[48;2;240;225;232m▀[0m[38;2;240;225;232m[48;2;240;225;232m▀[0m[38;2;240;225;232m[48;2;191;161;166m▀[0m[38;2;240;225;232m[48;2;16;16;16m▀[0m[38;2;191;161;166m[48;2;16;16;16m▀[0m[38;2;16;16;16m▀                               
                                      [38;2;16;16;16m▀[38;2;16;16;16m▀[38;2;16;16;16m▀[38;2;16;16;16m▀[38;2;16;16;16m▀                                  
[0m