              [38;2;120;120;101m▄[38;2;120;120;101m▄[38;2;120;120;101m[48;2;224;219;200m▀[0m[38;2;120;120;101m[48;2;224;219;200m▀[0m[38;2;120;120;101m[48;2;224;219;200m▀[0m[38;2;120;120;101m[48;2;224;219;200m▀[0m[38;2;120;120;101m[48;2;224;219;200m▀[0m[38;2;120;120;101m[48;2;224;219;200m▀[0m[38;2;120;120;101m▄[38;2;120;120;101m▄        
           [38;2;120;120;101m▄[38;2;120;120;101m[48;2;224;219;200m▀[0m[38;2;120;120;101m[48;2;224;219;200m▀[0m[38;2;224;219;200m[48;2;224;219;200m▀[0m[38;2;224;219;200m[48;2;237;233;218m▀[0m[38;2;224;219;200m[48;2;237;233;218m▀[0m[38;2;224;219;200m[48;2;237;233;218m▀[0m[38;2;224;219;200m[48;2;224;219;200m▀[0m[38;2;224;219;200m[48;2;224;219;200m▀[0m[38;2;224;219;200m[48;2;224;219;200m▀[0m[38;2;224;219;200m[48;2;224;219;200m▀[0m[38;2;224;219;200m[48;2;224;219;200m▀[0m[38;2;224;219;200m[48;2;224;219;200m▀[0m[38;2;120;120;101m[48;2;224;219;200m▀[0m[38;2;120;120;101m[48;2;224;219;200m▀[0m[38;2;120;120;101m▄     
         [38;2;120;120;101m▄[38;2;120;120;101m[48;2;237;228;202m▀[0m[38;2;224;219;200m[48;2;224;219;200m▀[0m[38;2;224;219;200m[48;2;224;219;200m▀[0m[38;2;224;219;200m[48;2;237;233;218m▀[0m[38;2;237;233;218m[48;2;237;233;218m▀[0m[38;2;237;233;218m[48;2;237;233;218m▀[0m[38;2;237;233;218m[48;2;237;233;218m▀[0m[38;2;237;233;218m[48;2;237;233;218m▀[0m[38;2;237;233;218m[48;2;237;233;218m▀[0m[38;2;224;219;200m[48;2;224;219;200m▀[0m[38;2;224;219;200m[48;2;224;219;200m▀[0m[38;2;224;219;200m[48;2;224;219;200m▀[0m[38;2;224;219;200m[48;2;224;219;200m▀[0m[38;2;224;219;200m[48;2;224;219;200m▀[0m[38;2;224;219;200m[48;2;224;219;200m▀[0m[38;2;224;219;200m[48;2;224;219;200m▀[0m[38;2;224;219;200m[48;2;224;219;200m▀[0m[38;2;120;120;101m[48;2;237;228;202m▀[0m[38;2;120;120;101m▄   
        [38;2;120;120;101m[48;2;120;120;101m▀[0m[38;2;254;252;228m[48;2;254;252;228m▀[0m[38;2;237;228;202m[48;2;237;228;202m▀[0m[38;2;224;219;200m[48;2;224;219;200m▀[0m[38;2;224;219;200m[48;2;224;219;200m▀[0m[38;2;237;233;218m[48;2;237;233;218m▀[0m[38;2;237;233;218m[48;2;237;233;218m▀[0m[38;2;237;233;218m[48;2;237;233;218m▀[0m[38;2;237;233;218m[48;2;237;233;218m▀[0m[38;2;237;233;218m[48;2;237;233;218m▀[0m[38;2;237;233;218m[48;2;224;219;200m▀[0m[38;2;224;219;200m[48;2;224;219;200m▀[0m[38;2;224;219;200m[48;2;224;219;200m▀[0m[38;2;224;219;200m[48;2;224;219;200m▀[0m[38;2;224;219;200m[48;2;224;219;200m▀[0m[38;2;224;219;200m[48;2;224;219;200m▀[0m[38;2;224;219;200m[48;2;224;219;200m▀[0m[38;2;224;219;200m[48;2;224;219;200m▀[0m[38;2;237;228;202m[48;2;237;228;202m▀[0m[38;2;254;252;228m[48;2;254;252;228m▀[0m[38;2;254;252;228m[48;2;254;252;228m▀[0m[38;2;120;120;101m[48;2;120;120;101m▀[0m  
       [38;2;120;120;101m[48;2;120;120;101m▀[0m[38;2;254;252;228m[48;2;254;252;228m▀[0m[38;2;237;228;202m[48;2;237;228;202m▀[0m[38;2;224;219;200m[48;2;224;219;200m▀[0m[38;2;224;219;200m[48;2;224;219;200m▀[0m[38;2;224;219;200m[48;2;237;228;202m▀[0m[38;2;224;219;200m[48;2;237;228;202m▀[0m[38;2;237;233;218m[48;2;237;228;202m▀[0m[38;2;237;233;218m[48;2;224;219;200m▀[0m[38;2;237;233;218m[48;2;224;219;200m▀[0m[38;2;224;219;200m[48;2;224;219;200m▀[0m[38;2;224;219;200m[48;2;224;219;200m▀[0m[38;2;224;219;200m[48;2;224;219;200m▀[0m[38;2;224;219;200m[48;2;224;219;200m▀[0m[38;2;224;219;200m[48;2;224;219;200m▀[0m[38;2;224;219;200m[48;2;224;219;200m▀[0m[38;2;224;219;200m[48;2;224;219;200m▀[0m[38;2;224;219;200m[48;2;224;219;200m▀[0m[38;2;237;228;202m[48;2;237;228;202m▀[0m[38;2;254;252;228m[48;2;254;252;228m▀[0m[38;2;254;252;228m[48;2;254;252;228m▀[0m[38;2;254;252;228m[48;2;254;252;228m▀[0m[38;2;254;252;228m[48;2;254;252;228m▀[0m[38;2;120;120;101m[48;2;120;120;101m▀[0m 
      [38;2;120;120;101m▄[38;2;120;120;101m[48;2;254;252;228m▀[0m[38;2;237;228;202m[48;2;237;228;202m▀[0m[38;2;224;219;200m[48;2;224;219;200m▀[0m[38;2;224;219;200m[48;2;224;219;200m▀[0m[38;2;237;228;202m[48;2;254;252;228m▀[0m[38;2;254;252;228m[48;2;254;252;228m▀[0m[38;2;254;252;228m[48;2;254;252;228m▀[0m[38;2;254;252;228m[48;2;254;252;228m▀[0m[38;2;237;228;202m[48;2;254;252;228m▀[0m[38;2;224;219;200m[48;2;237;228;202m▀[0m[38;2;224;219;200m[48;2;224;219;200m▀[0m[38;2;224;219;200m[48;2;224;219;200m▀[0m[38;2;224;219;200m[48;2;224;219;200m▀[0m[38;2;224;219;200m[48;2;224;219;200m▀[0m[38;2;224;219;200m[48;2;224;219;200m▀[0m[38;2;224;219;200m[48;2;224;219;200m▀[0m[38;2;224;219;200m[48;2;224;219;200m▀[0m[38;2;224;219;200m[48;2;224;219;200m▀[0m[38;2;237;228;202m[48;2;237;228;202m▀[0m[38;2;254;252;228m[48;2;254;252;228m▀[0m[38;2;254;252;228m[48;2;254;252;228m▀[0m[38;2;254;252;228m[48;2;254;252;228m▀[0m[38;2;254;252;228m[48;2;254;252;228m▀[0m[38;2;120;120;101m[48;2;254;252;228m▀[0m[38;2;120;120;101m▄
      [38;2;120;120;101m[48;2;120;120;101m▀[0m[38;2;237;228;202m[48;2;224;219;200m▀[0m[38;2;224;219;200m[48;2;224;219;200m▀[0m[38;2;224;219;200m[48;2;224;219;200m▀[0m[38;2;237;228;202m[48;2;237;228;202m▀[0m[38;2;254;252;228m[48;2;254;252;228m▀[0m[38;2;254;252;228m[48;2;254;252;228m▀[0m[38;2;254;252;228m[48;2;254;252;228m▀[0m[38;2;254;252;228m[48;2;254;252;228m▀[0m[38;2;254;252;228m[48;2;254;252;228m▀[0m[38;2;237;228;202m[48;2;224;219;200m▀[0m[38;2;224;219;200m[48;2;224;219;200m▀[0m[38;2;224;219;200m[48;2;224;219;200m▀[0m[38;2;224;219;200m[48;2;224;219;200m▀[0m[38;2;224;219;200m[48;2;224;219;200m▀[0m[38;2;224;219;200m[48;2;224;219;200m▀[0m[38;2;224;219;200m[48;2;224;219;200m▀[0m[38;2;224;219;200m[48;2;224;219;200m▀[0m[38;2;224;219;200m[48;2;224;219;200m▀[0m[38;2;237;228;202m[48;2;224;219;200m▀[0m[38;2;254;252;228m[48;2;237;228;202m▀[0m[38;2;254;252;228m[48;2;254;252;228m▀[0m[38;2;254;252;228m[48;2;254;252;228m▀[0m[38;2;254;252;228m[48;2;254;252;228m▀[0m[38;2;254;252;228m[48;2;254;252;228m▀[0m[38;2;120;120;101m[48;2;120;120;101m▀[0m
     [38;2;120;120;101m▄[38;2;120;120;101m[48;2;224;219;200m▀[0m[38;2;171;173;146m[48;2;224;219;200m▀[0m[38;2;224;219;200m[48;2;224;219;200m▀[0m[38;2;224;219;200m[48;2;171;173;146m▀[0m[38;2;224;219;200m[48;2;224;219;200m▀[0m[38;2;237;228;202m[48;2;224;219;200m▀[0m[38;2;254;252;228m[48;2;237;228;202m▀[0m[38;2;254;252;228m[48;2;237;228;202m▀[0m[38;2;254;252;228m[48;2;237;228;202m▀[0m[38;2;237;228;202m[48;2;224;219;200m▀[0m[38;2;224;219;200m[48;2;224;219;200m▀[0m[38;2;224;219;200m[48;2;224;219;200m▀[0m[38;2;224;219;200m[48;2;224;219;200m▀[0m[38;2;224;219;200m[48;2;224;219;200m▀[0m[38;2;224;219;200m[48;2;224;219;200m▀[0m[38;2;224;219;200m[48;2;224;219;200m▀[0m[38;2;224;219;200m[48;2;224;219;200m▀[0m[38;2;224;219;200m[48;2;224;219;200m▀[0m[38;2;224;219;200m[48;2;224;219;200m▀[0m[38;2;224;219;200m[48;2;224;219;200m▀[0m[38;2;237;228;202m[48;2;237;228;202m▀[0m[38;2;254;252;228m[48;2;254;252;228m▀[0m[38;2;254;252;228m[48;2;254;252;228m▀[0m[38;2;254;252;228m[48;2;254;252;228m▀[0m[38;2;254;252;228m[48;2;254;252;228m▀[0m[38;2;120;120;101m[48;2;120;120;101m▀[0m
    [38;2;120;120;101m▄[38;2;120;120;101m[48;2;224;219;200m▀[0m[38;2;237;233;218m[48;2;237;233;218m▀[0m[38;2;237;233;218m[48;2;237;233;218m▀[0m[38;2;224;219;200m[48;2;224;219;200m▀[0m[38;2;171;173;146m[48;2;224;219;200m▀[0m[38;2;224;219;200m[48;2;171;173;146m▀[0m[38;2;224;219;200m[48;2;224;219;200m▀[0m[38;2;224;219;200m[48;2;224;219;200m▀[0m[38;2;224;219;200m[48;2;224;219;200m▀[0m[38;2;224;219;200m[48;2;224;219;200m▀[0m[38;2;224;219;200m[48;2;171;173;146m▀[0m[38;2;171;173;146m[48;2;224;219;200m▀[0m[38;2;224;219;200m[48;2;224;219;200m▀[0m[38;2;224;219;200m[48;2;224;219;200m▀[0m[38;2;224;219;200m[48;2;224;219;200m▀[0m[38;2;224;219;200m[48;2;171;173;146m▀[0m[38;2;224;219;200m[48;2;224;219;200m▀[0m[38;2;224;219;200m[48;2;224;219;200m▀[0m[38;2;224;219;200m[48;2;224;219;200m▀[0m[38;2;224;219;200m[48;2;224;219;200m▀[0m[38;2;224;219;200m[48;2;224;219;200m▀[0m[38;2;224;219;200m[48;2;224;219;200m▀[0m[38;2;237;228;202m[48;2;237;228;202m▀[0m[38;2;254;252;228m[48;2;254;252;228m▀[0m[38;2;254;252;228m[48;2;254;252;228m▀[0m[38;2;120;120;101m[48;2;120;120;101m▀[0m 
    [38;2;22;22;22m[48;2;22;22;22m▀[0m[38;2;224;219;200m[48;2;224;219;200m▀[0m[38;2;224;219;200m[48;2;224;219;200m▀[0m[38;2;224;219;200m[48;2;224;219;200m▀[0m[38;2;224;219;200m[48;2;224;219;200m▀[0m[38;2;224;219;200m[48;2;224;219;200m▀[0m[38;2;171;173;146m[48;2;224;219;200m▀[0m[38;2;224;219;200m[48;2;224;219;200m▀[0m[38;2;224;219;200m[48;2;224;219;200m▀[0m[38;2;224;219;200m[48;2;224;219;200m▀[0m[38;2;171;173;146m[48;2;224;219;200m▀[0m[38;2;224;219;200m[48;2;224;219;200m▀[0m[38;2;237;233;218m[48;2;237;233;218m▀[0m[38;2;237;233;218m[48;2;237;233;218m▀[0m[38;2;224;219;200m[48;2;224;219;200m▀[0m[38;2;224;219;200m[48;2;224;219;200m▀[0m[38;2;224;219;200m[48;2;224;219;200m▀[0m[38;2;171;173;146m[48;2;171;173;146m▀[0m[38;2;224;219;200m[48;2;224;219;200m▀[0m[38;2;224;219;200m[48;2;224;219;200m▀[0m[38;2;224;219;200m[48;2;224;219;200m▀[0m[38;2;224;219;200m[48;2;224;219;200m▀[0m[38;2;224;219;200m[48;2;224;219;200m▀[0m[38;2;224;219;200m[48;2;224;219;200m▀[0m[38;2;237;228;202m[48;2;224;219;200m▀[0m[38;2;254;252;228m[48;2;120;120;101m▀[0m[38;2;120;120;101m▀ 
     [38;2;22;22;22m▀[38;2;224;219;200m[48;2;22;22;22m▀[0m[38;2;224;219;200m[48;2;22;22;22m▀[0m[38;2;224;219;200m[48;2;224;219;200m▀[0m[38;2;224;219;200m[48;2;171;173;146m▀[0m[38;2;171;173;146m[48;2;237;233;218m▀[0m[38;2;224;219;200m[48;2;237;233;218m▀[0m[38;2;224;219;200m[48;2;224;219;200m▀[0m[38;2;171;173;146m[48;2;171;173;146m▀[0m[38;2;224;219;200m[48;2;224;219;200m▀[0m[38;2;224;219;200m[48;2;224;219;200m▀[0m[38;2;224;219;200m[48;2;224;219;200m▀[0m[38;2;224;219;200m[48;2;224;219;200m▀[0m[38;2;224;219;200m[48;2;224;219;200m▀[0m[38;2;224;219;200m[48;2;224;219;200m▀[0m[38;2;224;219;200m[48;2;224;219;200m▀[0m[38;2;224;219;200m[48;2;224;219;200m▀[0m[38;2;120;120;101m[48;2;120;120;101m▀[0m[38;2;224;219;200m[48;2;224;219;200m▀[0m[38;2;224;219;200m[48;2;224;219;200m▀[0m[38;2;224;219;200m[48;2;224;219;200m▀[0m[38;2;224;219;200m[48;2;224;219;200m▀[0m[38;2;224;219;200m[48;2;171;173;146m▀[0m[38;2;171;173;146m[48;2;120;120;101m▀[0m[38;2;22;22;22m▀  
     [38;2;120;120;101m▄[38;2;120;120;101m[48;2;120;120;101m▀[0m[38;2;213;213;213m[48;2;255;255;255m▀[0m[38;2;22;22;22m[48;2;22;22;22m▀[0m[38;2;224;219;200m[48;2;224;219;200m▀[0m[38;2;237;233;218m[48;2;224;219;200m▀[0m[38;2;237;233;218m[48;2;224;219;200m▀[0m[38;2;224;219;200m[48;2;224;219;200m▀[0m[38;2;224;219;200m[48;2;224;219;200m▀[0m[38;2;120;120;101m[48;2;120;120;101m▀[0m[38;2;224;219;200m[48;2;22;22;22m▀[0m[38;2;224;219;200m[48;2;224;219;200m▀[0m[38;2;224;219;200m[48;2;224;219;200m▀[0m[38;2;224;219;200m[48;2;224;219;200m▀[0m[38;2;224;219;200m[48;2;224;219;200m▀[0m[38;2;224;219;200m[48;2;224;219;200m▀[0m[38;2;224;219;200m[48;2;120;120;101m▀[0m[38;2;120;120;101m[48;2;171;173;146m▀[0m[38;2;224;219;200m[48;2;171;173;146m▀[0m[38;2;224;219;200m[48;2;171;173;146m▀[0m[38;2;171;173;146m[48;2;171;173;146m▀[0m[38;2;171;173;146m[48;2;171;173;146m▀[0m[38;2;171;173;146m[48;2;22;22;22m▀[0m[38;2;22;22;22m▀   
  [38;2;22;22;22m▄[38;2;120;120;101m[48;2;171;173;146m▀[0m[38;2;120;120;101m[48;2;171;173;146m▀[0m[38;2;171;173;146m[48;2;171;173;146m▀[0m[38;2;171;173;146m[48;2;171;173;146m▀[0m[38;2;120;120;101m[48;2;224;219;200m▀[0m[38;2;255;255;255m[48;2;120;120;101m▀[0m[38;2;120;120;101m[48;2;120;120;101m▀[0m[38;2;224;219;200m[48;2;224;219;200m▀[0m[38;2;224;219;200m[48;2;224;219;200m▀[0m[38;2;224;219;200m[48;2;224;219;200m▀[0m[38;2;224;219;200m[48;2;120;120;101m▀[0m[38;2;22;22;22m[48;2;255;255;255m▀[0m[38;2;213;213;213m[48;2;255;255;255m▀[0m[38;2;22;22;22m[48;2;22;22;22m▀[0m[38;2;22;22;22m[48;2;255;255;255m▀[0m[38;2;22;22;22m[48;2;255;255;255m▀[0m[38;2;22;22;22m[48;2;255;255;255m▀[0m[38;2;22;22;22m[48;2;120;120;101m▀[0m[38;2;171;173;146m[48;2;171;173;146m▀[0m[38;2;171;173;146m[48;2;171;173;146m▀[0m[38;2;171;173;146m[48;2;171;173;146m▀[0m[38;2;171;173;146m[48;2;171;173;146m▀[0m[38;2;171;173;146m[48;2;171;173;146m▀[0m[38;2;22;22;22m[48;2;22;22;22m▀[0m     
[38;2;120;120;101m▄[38;2;120;120;101m[48;2;171;173;146m▀[0m[38;2;22;22;22m[48;2;171;173;146m▀[0m[38;2;171;173;146m[48;2;22;22;22m▀[0m[38;2;171;173;146m[48;2;22;22;22m▀[0m[38;2;171;173;146m[48;2;22;22;22m▀[0m[38;2;224;219;200m[48;2;224;219;200m▀[0m[38;2;224;219;200m[48;2;224;219;200m▀[0m[38;2;224;219;200m[48;2;224;219;200m▀[0m[38;2;224;219;200m[48;2;224;219;200m▀[0m[38;2;171;173;146m[48;2;224;219;200m▀[0m[38;2;224;219;200m[48;2;224;219;200m▀[0m[38;2;171;173;146m[48;2;224;219;200m▀[0m[38;2;224;219;200m[48;2;224;219;200m▀[0m[38;2;120;120;101m[48;2;171;173;146m▀[0m[38;2;213;213;213m[48;2;120;120;101m▀[0m[38;2;255;255;255m[48;2;120;120;101m▀[0m[38;2;255;255;255m[48;2;120;120;101m▀[0m[38;2;255;255;255m[48;2;120;120;101m▀[0m[38;2;120;120;101m[48;2;224;219;200m▀[0m[38;2;171;173;146m[48;2;224;219;200m▀[0m[38;2;171;173;146m[48;2;171;173;146m▀[0m[38;2;171;173;146m[48;2;171;173;146m▀[0m[38;2;171;173;146m[48;2;171;173;146m▀[0m[38;2;171;173;146m[48;2;171;173;146m▀[0m[38;2;22;22;22m[48;2;22;22;22m▀[0m      
[38;2;120;120;101m▀[38;2;180;177;137m[48;2;90;87;51m▀[0m[38;2;180;177;137m[48;2;90;87;51m▀[0m[38;2;180;177;137m[48;2;90;87;51m▀[0m[38;2;90;87;51m▀[38;2;90;87;51m▀[38;2;22;22;22m▀[38;2;171;173;146m[48;2;22;22;22m▀[0m[38;2;224;219;200m[48;2;224;219;200m▀[0m[38;2;224;219;200m[48;2;224;219;200m▀[0m[38;2;224;219;200m[48;2;224;219;200m▀[0m[38;2;224;219;200m[48;2;224;219;200m▀[0m[38;2;224;219;200m[48;2;224;219;200m▀[0m[38;2;224;219;200m[48;2;224;219;200m▀[0m[38;2;224;219;200m[48;2;224;219;200m▀[0m[38;2;224;219;200m[48;2;224;219;200m▀[0m[38;2;224;219;200m[48;2;224;219;200m▀[0m[38;2;224;219;200m[48;2;224;219;200m▀[0m[38;2;224;219;200m[48;2;224;219;200m▀[0m[38;2;224;219;200m[48;2;224;219;200m▀[0m[38;2;224;219;200m[48;2;224;219;200m▀[0m[38;2;224;219;200m[48;2;224;219;200m▀[0m[38;2;171;173;146m[48;2;120;120;101m▀[0m[38;2;171;173;146m[48;2;224;219;200m▀[0m[38;2;224;219;200m[48;2;224;219;200m▀[0m[38;2;224;219;200m[48;2;224;219;200m▀[0m[38;2;120;120;101m[48;2;224;219;200m▀[0m[38;2;120;120;101m▄    
        [38;2;22;22;22m[48;2;22;22;22m▀[0m[38;2;224;219;200m[48;2;224;219;200m▀[0m[38;2;224;219;200m[48;2;224;219;200m▀[0m[38;2;224;219;200m[48;2;171;173;146m▀[0m[38;2;224;219;200m[48;2;22;22;22m▀[0m[38;2;171;173;146m[48;2;22;22;22m▀[0m[38;2;22;22;22m[48;2;180;177;137m▀[0m[38;2;22;22;22m[48;2;180;177;137m▀[0m[38;2;22;22;22m[48;2;180;177;137m▀[0m[38;2;171;173;146m[48;2;22;22;22m▀[0m[38;2;224;219;200m[48;2;22;22;22m▀[0m[38;2;224;219;200m[48;2;224;219;200m▀[0m[38;2;224;219;200m[48;2;224;219;200m▀[0m[38;2;224;219;200m[48;2;224;219;200m▀[0m[38;2;120;120;101m[48;2;224;219;200m▀[0m[38;2;224;219;200m[48;2;22;22;22m▀[0m[38;2;224;219;200m[48;2;224;219;200m▀[0m[38;2;224;219;200m[48;2;224;219;200m▀[0m[38;2;224;219;200m[48;2;224;219;200m▀[0m[38;2;120;120;101m[48;2;224;219;200m▀[0m[38;2;120;120;101m▄   
       [38;2;90;87;51m[48;2;90;87;51m▀[0m[38;2;180;177;137m[48;2;180;177;137m▀[0m[38;2;22;22;22m[48;2;180;177;137m▀[0m[38;2;22;22;22m[48;2;90;87;51m▀[0m[38;2;22;22;22m▀  [38;2;90;87;51m▀[38;2;90;87;51m▀[38;2;90;87;51m▀[38;2;90;87;51m▀[38;2;180;177;137m[48;2;22;22;22m▀[0m[38;2;22;22;22m[48;2;180;177;137m▀[0m[38;2;224;219;200m[48;2;22;22;22m▀[0m[38;2;224;219;200m[48;2;22;22;22m▀[0m[38;2;224;219;200m[48;2;22;22;22m▀[0m[38;2;22;22;22m▀[38;2;22;22;22m▀[38;2;224;219;200m[48;2;22;22;22m▀[0m[38;2;224;219;200m[48;2;171;173;146m▀[0m[38;2;224;219;200m[48;2;171;173;146m▀[0m[38;2;171;173;146m[48;2;171;173;146m▀[0m[38;2;120;120;101m[48;2;22;22;22m▀[0m  
      [38;2;90;87;51m[48;2;90;87;51m▀[0m[38;2;180;177;137m[48;2;180;177;137m▀[0m[38;2;180;177;137m[48;2;180;177;137m▀[0m[38;2;90;87;51m[48;2;90;87;51m▀[0m        [38;2;22;22;22m▀[38;2;180;177;137m[48;2;90;87;51m▀[0m[38;2;180;177;137m[48;2;180;177;137m▀[0m[38;2;90;87;51m[48;2;90;87;51m▀[0m    [38;2;22;22;22m▀[38;2;22;22;22m▀[38;2;22;22;22m▀   
     [38;2;90;87;51m▄[38;2;90;87;51m[48;2;180;177;137m▀[0m[38;2;180;177;137m[48;2;180;177;137m▀[0m[38;2;22;22;22m[48;2;22;22;22m▀[0m          [38;2;22;22;22m[48;2;22;22;22m▀[0m[38;2;180;177;137m[48;2;180;177;137m▀[0m[38;2;90;87;51m[48;2;180;177;137m▀[0m[38;2;90;87;51m▄         
     [38;2;90;87;51m[48;2;90;87;51m▀[0m[38;2;180;177;137m[48;2;180;177;137m▀[0m[38;2;180;177;137m[48;2;180;177;137m▀[0m[38;2;22;22;22m[48;2;22;22;22m▀[0m           [38;2;90;87;51m[48;2;22;22;22m▀[0m[38;2;180;177;137m[48;2;180;177;137m▀[0m[38;2;90;87;51m[48;2;90;87;51m▀[0m         
     [38;2;90;87;51m▀[38;2;180;177;137m[48;2;90;87;51m▀[0m[38;2;180;177;137m[48;2;239;238;223m▀[0m[38;2;22;22;22m[48;2;22;22;22m▀[0m           [38;2;22;22;22m[48;2;22;22;22m▀[0m[38;2;180;177;137m[48;2;239;238;223m▀[0m[38;2;180;177;137m[48;2;239;238;223m▀[0m[38;2;90;87;51m[48;2;90;87;51m▀[0m        
      [38;2;90;87;51m▀[38;2;239;238;223m[48;2;90;87;51m▀[0m[38;2;239;238;223m[48;2;239;238;223m▀[0m[38;2;22;22;22m[48;2;22;22;22m▀[0m          [38;2;22;22;22m[48;2;22;22;22m▀[0m[38;2;239;238;223m[48;2;239;238;223m▀[0m[38;2;239;238;223m[48;2;239;238;223m▀[0m[38;2;90;87;51m[48;2;90;87;51m▀[0m        
       [38;2;90;87;51m▀[38;2;239;238;223m[48;2;90;87;51m▀[0m[38;2;239;238;223m[48;2;239;238;223m▀[0m[38;2;22;22;22m[48;2;22;22;22m▀[0m         [38;2;22;22;22m[48;2;22;22;22m▀[0m[38;2;239;238;223m[48;2;239;238;223m▀[0m[38;2;239;238;223m[48;2;239;238;223m▀[0m[38;2;90;87;51m[48;2;90;87;51m▀[0m        
        [38;2;90;87;51m[48;2;90;87;51m▀[0m[38;2;239;238;223m[48;2;239;238;223m▀[0m[38;2;22;22;22m[48;2;239;238;223m▀[0m[38;2;22;22;22m▄        [38;2;22;22;22m[48;2;90;87;51m▀[0m[38;2;239;238;223m[48;2;239;238;223m▀[0m[38;2;90;87;51m[48;2;90;87;51m▀[0m         
         [38;2;90;87;51m[48;2;90;87;51m▀[0m[38;2;239;238;223m[48;2;239;238;223m▀[0m[38;2;22;22;22m[48;2;22;22;22m▀[0m       [38;2;90;87;51m[48;2;90;87;51m▀[0m[38;2;239;238;223m[48;2;239;238;223m▀[0m[38;2;239;238;223m[48;2;239;238;223m▀[0m[38;2;90;87;51m[48;2;90;87;51m▀[0m         
         [38;2;90;87;51m[48;2;90;87;51m▀[0m[38;2;239;238;223m[48;2;239;238;223m▀[0m[38;2;22;22;22m[48;2;239;238;223m▀[0m[38;2;22;22;22m▄     [38;2;90;87;51m▄[38;2;90;87;51m[48;2;239;238;223m▀[0m[38;2;239;238;223m[48;2;239;238;223m▀[0m[38;2;90;87;51m[48;2;90;87;51m▀[0m          
     [38;2;90;87;51m▄[38;2;90;87;51m▄  [38;2;90;87;51m[48;2;90;87;51m▀[0m[38;2;239;238;223m[48;2;239;238;223m▀[0m[38;2;239;238;223m[48;2;239;238;223m▀[0m[38;2;22;22;22m[48;2;22;22;22m▀[0m    [38;2;90;87;51m▄[38;2;90;87;51m[48;2;239;238;223m▀[0m[38;2;239;238;223m[48;2;239;238;223m▀[0m[38;2;239;238;223m[48;2;90;87;51m▀[0m[38;2;90;87;51m▀          
  [38;2;90;87;51m▄[38;2;90;87;51m[48;2;239;238;223m▀[0m[38;2;90;87;51m[48;2;239;238;223m▀[0m[38;2;239;238;223m[48;2;239;238;223m▀[0m[38;2;239;238;223m[48;2;239;238;223m▀[0m[38;2;90;87;51m[48;2;239;238;223m▀[0m[38;2;90;87;51m[48;2;239;238;223m▀[0m[38;2;239;238;223m[48;2;239;238;223m▀[0m[38;2;239;238;223m[48;2;239;238;223m▀[0m[38;2;239;238;223m[48;2;22;22;22m▀[0m[38;2;22;22;22m▀    [38;2;90;87;51m[48;2;90;87;51m▀[0m[38;2;239;238;223m[48;2;239;238;223m▀[0m[38;2;239;238;223m[48;2;239;238;223m▀[0m[38;2;90;87;51m[48;2;90;87;51m▀[0m           
 [38;2;90;87;51m[48;2;90;87;51m▀[0m[38;2;239;238;223m[48;2;239;238;223m▀[0m[38;2;239;238;223m[48;2;239;238;223m▀[0m[38;2;239;238;223m[48;2;239;238;223m▀[0m[38;2;239;238;223m[48;2;239;238;223m▀[0m[38;2;239;238;223m[48;2;239;238;223m▀[0m[38;2;239;238;223m[48;2;180;177;137m▀[0m[38;2;239;238;223m[48;2;22;22;22m▀[0m[38;2;239;238;223m[48;2;22;22;22m▀[0m[38;2;22;22;22m▀      [38;2;90;87;51m▀[38;2;239;238;223m[48;2;90;87;51m▀[0m[38;2;239;238;223m[48;2;239;238;223m▀[0m[38;2;239;238;223m[48;2;239;238;223m▀[0m[38;2;90;87;51m[48;2;239;238;223m▀[0m[38;2;90;87;51m[48;2;239;238;223m▀[0m[38;2;90;87;51m[48;2;239;238;223m▀[0m[38;2;90;87;51m▄[38;2;90;87;51m▄      
  [38;2;22;22;22m▀[38;2;22;22;22m▀[38;2;22;22;22m▀[38;2;22;22;22m▀[38;2;22;22;22m▀[38;2;22;22;22m▀          [38;2;22;22;22m▀[38;2;180;177;137m[48;2;22;22;22m▀[0m[38;2;239;238;223m[48;2;22;22;22m▀[0m[38;2;239;238;223m[48;2;180;177;137m▀[0m[38;2;239;238;223m[48;2;239;238;223m▀[0m[38;2;239;238;223m[48;2;239;238;223m▀[0m[38;2;239;238;223m[48;2;239;238;223m▀[0m[38;2;239;238;223m[48;2;239;238;223m▀[0m[38;2;22;22;22m[48;2;22;22;22m▀[0m     
                     [38;2;22;22;22m▀[38;2;22;22;22m▀[38;2;22;22;22m▀[38;2;22;22;22m▀[38;2;22;22;22m▀      
[0m