                [38;2;31;33;43m▄[38;2;31;33;43m▄[38;2;31;33;43m▄[38;2;31;33;43m[48;2;84;65;52m▀[0m[38;2;31;33;43m[48;2;84;65;52m▀[0m[38;2;31;33;43m[48;2;84;65;52m▀[0m[38;2;31;33;43m[48;2;84;65;52m▀[0m[38;2;16;16;16m[48;2;31;33;43m▀[0m[38;2;16;16;16m[48;2;31;33;43m▀[0m[38;2;16;16;16m▄[38;2;16;16;16m▄                   
             [38;2;31;33;43m▄[38;2;31;33;43m[48;2;84;65;52m▀[0m[38;2;31;33;43m[48;2;84;65;52m▀[0m[38;2;184;137;72m[48;2;31;33;43m▀[0m[38;2;184;137;72m[48;2;31;33;43m▀[0m[38;2;84;65;52m[48;2;31;33;43m▀[0m[38;2;31;33;43m[48;2;245;209;110m▀[0m[38;2;31;33;43m[48;2;245;209;110m▀[0m[38;2;31;33;43m[48;2;245;209;110m▀[0m[38;2;31;33;43m[48;2;84;65;52m▀[0m[38;2;16;16;16m[48;2;184;137;72m▀[0m[38;2;16;16;16m[48;2;184;137;72m▀[0m[38;2;31;33;43m[48;2;16;16;16m▀[0m[38;2;31;33;43m[48;2;16;16;16m▀[0m[38;2;16;16;16m[48;2;31;33;43m▀[0m[38;2;16;16;16m[48;2;31;33;43m▀[0m[38;2;16;16;16m▄                
            [38;2;84;65;52m▄[38;2;84;65;52m[48;2;245;209;110m▀[0m[38;2;31;33;43m[48;2;255;248;204m▀[0m[38;2;31;33;43m[48;2;255;248;204m▀[0m[38;2;245;209;110m[48;2;245;209;110m▀[0m[38;2;245;209;110m[48;2;245;209;110m▀[0m[38;2;245;209;110m[48;2;245;209;110m▀[0m[38;2;245;209;110m[48;2;184;137;72m▀[0m[38;2;245;209;110m[48;2;84;65;52m▀[0m[38;2;245;209;110m[48;2;84;65;52m▀[0m[38;2;84;65;52m[48;2;184;137;72m▀[0m[38;2;184;137;72m[48;2;31;33;43m▀[0m[38;2;184;137;72m[48;2;31;33;43m▀[0m[38;2;184;137;72m[48;2;84;65;52m▀[0m[38;2;184;137;72m[48;2;184;137;72m▀[0m[38;2;16;16;16m[48;2;184;137;72m▀[0m[38;2;16;16;16m[48;2;184;137;72m▀[0m[38;2;31;33;43m[48;2;16;16;16m▀[0m[38;2;16;16;16m[48;2;16;16;16m▀[0m               
            [38;2;84;65;52m▀[38;2;245;209;110m[48;2;184;137;72m▀[0m[38;2;255;248;204m[48;2;84;65;52m▀[0m[38;2;255;248;204m[48;2;84;65;52m▀[0m[38;2;184;137;72m[48;2;184;137;72m▀[0m[38;2;84;65;52m[48;2;245;209;110m▀[0m[38;2;84;65;52m[48;2;245;209;110m▀[0m[38;2;184;137;72m[48;2;245;209;110m▀[0m[38;2;245;209;110m[48;2;245;209;110m▀[0m[38;2;245;209;110m[48;2;245;209;110m▀[0m[38;2;84;65;52m[48;2;84;65;52m▀[0m[38;2;184;137;72m[48;2;184;137;72m▀[0m[38;2;184;137;72m[48;2;184;137;72m▀[0m[38;2;84;65;52m[48;2;184;137;72m▀[0m[38;2;31;33;43m[48;2;184;137;72m▀[0m[38;2;84;65;52m[48;2;84;65;52m▀[0m[38;2;184;137;72m[48;2;31;33;43m▀[0m[38;2;184;137;72m[48;2;84;65;52m▀[0m[38;2;184;137;72m[48;2;184;137;72m▀[0m[38;2;16;16;16m[48;2;16;16;16m▀[0m              
            [38;2;84;65;52m[48;2;84;65;52m▀[0m[38;2;184;137;72m[48;2;245;209;110m▀[0m[38;2;255;248;204m[48;2;255;248;204m▀[0m[38;2;255;248;204m[48;2;255;248;204m▀[0m[38;2;245;209;110m[48;2;184;137;72m▀[0m[38;2;245;209;110m[48;2;84;65;52m▀[0m[38;2;245;209;110m[48;2;84;65;52m▀[0m[38;2;184;137;72m[48;2;184;137;72m▀[0m[38;2;84;65;52m[48;2;245;209;110m▀[0m[38;2;84;65;52m[48;2;245;209;110m▀[0m[38;2;184;137;72m[48;2;84;65;52m▀[0m[38;2;31;33;43m[48;2;184;137;72m▀[0m[38;2;31;33;43m[48;2;184;137;72m▀[0m[38;2;84;65;52m[48;2;84;65;52m▀[0m[38;2;184;137;72m[48;2;31;33;43m▀[0m[38;2;184;137;72m[48;2;84;65;52m▀[0m[38;2;184;137;72m[48;2;184;137;72m▀[0m[38;2;84;65;52m[48;2;184;137;72m▀[0m[38;2;31;33;43m[48;2;184;137;72m▀[0m[38;2;16;16;16m[48;2;16;16;16m▀[0m              
            [38;2;84;65;52m▄[38;2;184;137;72m[48;2;184;137;72m▀[0m[38;2;84;65;52m[48;2;255;248;204m▀[0m[38;2;84;65;52m[48;2;255;248;204m▀[0m[38;2;184;137;72m[48;2;245;209;110m▀[0m[38;2;245;209;110m[48;2;245;209;110m▀[0m[38;2;245;209;110m[48;2;245;209;110m▀[0m[38;2;245;209;110m[48;2;184;137;72m▀[0m[38;2;245;209;110m[48;2;84;65;52m▀[0m[38;2;245;209;110m[48;2;84;65;52m▀[0m[38;2;84;65;52m[48;2;184;137;72m▀[0m[38;2;184;137;72m[48;2;31;33;43m▀[0m[38;2;184;137;72m[48;2;31;33;43m▀[0m[38;2;184;137;72m[48;2;84;65;52m▀[0m[38;2;184;137;72m[48;2;184;137;72m▀[0m[38;2;84;65;52m[48;2;184;137;72m▀[0m[38;2;31;33;43m[48;2;184;137;72m▀[0m[38;2;84;65;52m[48;2;84;65;52m▀[0m[38;2;184;137;72m[48;2;31;33;43m▀[0m[38;2;16;16;16m[48;2;16;16;16m▀[0m              
            [38;2;84;65;52m▀[38;2;245;209;110m[48;2;184;137;72m▀[0m[38;2;255;248;204m[48;2;84;65;52m▀[0m[38;2;255;248;204m[48;2;84;65;52m▀[0m[38;2;184;137;72m[48;2;184;137;72m▀[0m[38;2;84;65;52m[48;2;245;209;110m▀[0m[38;2;84;65;52m[48;2;245;209;110m▀[0m[38;2;184;137;72m[48;2;245;209;110m▀[0m[38;2;245;209;110m[48;2;245;209;110m▀[0m[38;2;245;209;110m[48;2;245;209;110m▀[0m[38;2;84;65;52m[48;2;84;65;52m▀[0m[38;2;184;137;72m[48;2;184;137;72m▀[0m[38;2;184;137;72m[48;2;184;137;72m▀[0m[38;2;84;65;52m[48;2;184;137;72m▀[0m[38;2;31;33;43m[48;2;184;137;72m▀[0m[38;2;84;65;52m[48;2;84;65;52m▀[0m[38;2;184;137;72m[48;2;31;33;43m▀[0m[38;2;184;137;72m[48;2;84;65;52m▀[0m[38;2;184;137;72m[48;2;16;16;16m▀[0m[38;2;16;16;16m▀              
            [38;2;84;65;52m[48;2;84;65;52m▀[0m[38;2;184;137;72m[48;2;245;209;110m▀[0m[38;2;255;248;204m[48;2;255;248;204m▀[0m[38;2;255;248;204m[48;2;255;248;204m▀[0m[38;2;245;209;110m[48;2;245;209;110m▀[0m[38;2;245;209;110m[48;2;245;209;110m▀[0m[38;2;245;209;110m[48;2;245;209;110m▀[0m[38;2;245;209;110m[48;2;245;209;110m▀[0m[38;2;245;209;110m[48;2;245;209;110m▀[0m[38;2;245;209;110m[48;2;245;209;110m▀[0m[38;2;84;65;52m[48;2;84;65;52m▀[0m[38;2;184;137;72m[48;2;184;137;72m▀[0m[38;2;184;137;72m[48;2;184;137;72m▀[0m[38;2;184;137;72m[48;2;84;65;52m▀[0m[38;2;184;137;72m[48;2;84;65;52m▀[0m[38;2;184;137;72m[48;2;84;65;52m▀[0m[38;2;184;137;72m[48;2;84;65;52m▀[0m[38;2;84;65;52m[48;2;184;137;72m▀[0m[38;2;16;16;16m[48;2;16;16;16m▀[0m               
            [38;2;84;65;52m[48;2;84;65;52m▀[0m[38;2;245;209;110m[48;2;245;209;110m▀[0m[38;2;255;248;204m[48;2;255;248;204m▀[0m[38;2;255;248;204m[48;2;255;248;204m▀[0m[38;2;245;209;110m[48;2;245;209;110m▀[0m[38;2;245;209;110m[48;2;245;209;110m▀[0m[38;2;245;209;110m[48;2;245;209;110m▀[0m[38;2;245;209;110m[48;2;245;209;110m▀[0m[38;2;245;209;110m[48;2;245;209;110m▀[0m[38;2;245;209;110m[48;2;184;137;72m▀[0m[38;2;84;65;52m[48;2;84;65;52m▀[0m[38;2;84;65;52m[48;2;245;209;110m▀[0m[38;2;84;65;52m[48;2;245;209;110m▀[0m[38;2;245;209;110m[48;2;255;248;204m▀[0m[38;2;255;248;204m[48;2;255;248;204m▀[0m[38;2;255;248;204m[48;2;245;209;110m▀[0m[38;2;245;209;110m[48;2;245;209;110m▀[0m[38;2;84;65;52m[48;2;245;209;110m▀[0m[38;2;16;16;16m[48;2;84;65;52m▀[0m       [38;2;49;34;84m▄[38;2;49;34;84m[48;2;108;86;156m▀[0m[38;2;49;34;84m[48;2;108;86;156m▀[0m[38;2;49;34;84m[48;2;108;86;156m▀[0m[38;2;49;34;84m▄[38;2;49;34;84m▄  
        [38;2;84;65;52m▄[38;2;84;65;52m▄[38;2;16;16;16m[48;2;84;65;52m▀[0m[38;2;16;16;16m[48;2;184;137;72m▀[0m[38;2;16;16;16m[48;2;184;137;72m▀[0m[38;2;245;209;110m[48;2;84;65;52m▀[0m[38;2;255;248;204m[48;2;184;137;72m▀[0m[38;2;255;248;204m[48;2;184;137;72m▀[0m[38;2;245;209;110m[48;2;84;65;52m▀[0m[38;2;245;209;110m[48;2;84;65;52m▀[0m[38;2;184;137;72m[48;2;245;209;110m▀[0m[38;2;84;65;52m[48;2;245;209;110m▀[0m[38;2;84;65;52m[48;2;245;209;110m▀[0m[38;2;245;209;110m[48;2;245;209;110m▀[0m[38;2;245;209;110m[48;2;245;209;110m▀[0m[38;2;245;209;110m[48;2;245;209;110m▀[0m[38;2;255;248;204m[48;2;245;209;110m▀[0m[38;2;245;209;110m[48;2;245;209;110m▀[0m[38;2;245;209;110m[48;2;184;137;72m▀[0m[38;2;184;137;72m[48;2;16;16;16m▀[0m[38;2;84;65;52m[48;2;237;142;178m▀[0m[38;2;245;209;110m[48;2;84;65;52m▀[0m[38;2;16;16;16m[48;2;184;137;72m▀[0m[38;2;84;65;52m▄      [38;2;49;34;84m[48;2;84;65;52m▀[0m[38;2;108;86;156m[48;2;108;86;156m▀[0m[38;2;108;86;156m[48;2;108;86;156m▀[0m[38;2;108;86;156m[48;2;108;86;156m▀[0m[38;2;108;86;156m[48;2;108;86;156m▀[0m[38;2;108;86;156m[48;2;108;86;156m▀[0m[38;2;49;34;84m[48;2;84;56;122m▀[0m[38;2;49;34;84m▄
     [38;2;84;65;52m▄[38;2;84;65;52m[48;2;255;248;204m▀[0m[38;2;84;65;52m[48;2;184;137;72m▀[0m[38;2;255;248;204m[48;2;84;65;52m▀[0m[38;2;245;209;110m[48;2;84;65;52m▀[0m[38;2;245;209;110m[48;2;245;209;110m▀[0m[38;2;84;65;52m[48;2;245;209;110m▀[0m[38;2;84;65;52m[48;2;84;65;52m▀[0m[38;2;184;137;72m[48;2;255;248;204m▀[0m[38;2;255;248;204m[48;2;255;248;204m▀[0m[38;2;255;248;204m[48;2;245;209;110m▀[0m[38;2;245;209;110m[48;2;184;137;72m▀[0m[38;2;245;209;110m[48;2;255;248;204m▀[0m[38;2;245;209;110m[48;2;255;248;204m▀[0m[38;2;245;209;110m[48;2;184;137;72m▀[0m[38;2;245;209;110m[48;2;184;137;72m▀[0m[38;2;245;209;110m[48;2;245;209;110m▀[0m[38;2;245;209;110m[48;2;245;209;110m▀[0m[38;2;245;209;110m[48;2;245;209;110m▀[0m[38;2;245;209;110m[48;2;245;209;110m▀[0m[38;2;245;209;110m[48;2;245;209;110m▀[0m[38;2;84;65;52m[48;2;84;65;52m▀[0m[38;2;255;248;204m[48;2;255;248;204m▀[0m[38;2;16;16;16m[48;2;16;16;16m▀[0m[38;2;237;142;178m[48;2;237;142;178m▀[0m[38;2;184;137;72m[48;2;184;137;72m▀[0m[38;2;16;16;16m[48;2;16;16;16m▀[0m     [38;2;84;65;52m▄[38;2;84;65;52m[48;2;245;209;110m▀[0m[38;2;245;209;110m[48;2;245;209;110m▀[0m[38;2;108;86;156m[48;2;108;86;156m▀[0m[38;2;108;86;156m[48;2;108;86;156m▀[0m[38;2;108;86;156m[48;2;245;209;110m▀[0m[38;2;108;86;156m[48;2;84;56;122m▀[0m[38;2;84;56;122m[48;2;84;56;122m▀[0m[38;2;16;16;16m[48;2;16;16;16m▀[0m
    [38;2;84;65;52m[48;2;84;65;52m▀[0m[38;2;255;248;204m[48;2;255;248;204m▀[0m[38;2;184;137;72m[48;2;84;65;52m▀[0m[38;2;84;65;52m[48;2;84;65;52m▀[0m[38;2;84;65;52m[48;2;84;65;52m▀[0m[38;2;84;65;52m[48;2;84;65;52m▀[0m[38;2;84;65;52m[48;2;84;65;52m▀[0m[38;2;245;209;110m[48;2;245;209;110m▀[0m[38;2;84;65;52m[48;2;84;65;52m▀[0m[38;2;255;248;204m[48;2;245;209;110m▀[0m[38;2;245;209;110m[48;2;245;209;110m▀[0m[38;2;245;209;110m[48;2;184;137;72m▀[0m[38;2;184;137;72m[48;2;255;248;204m▀[0m[38;2;255;248;204m[48;2;245;209;110m▀[0m[38;2;245;209;110m[48;2;245;209;110m▀[0m[38;2;245;209;110m[48;2;245;209;110m▀[0m[38;2;245;209;110m[48;2;245;209;110m▀[0m[38;2;184;137;72m[48;2;245;209;110m▀[0m[38;2;184;137;72m[48;2;245;209;110m▀[0m[38;2;245;209;110m[48;2;184;137;72m▀[0m[38;2;245;209;110m[48;2;245;209;110m▀[0m[38;2;245;209;110m[48;2;245;209;110m▀[0m[38;2;84;65;52m[48;2;84;65;52m▀[0m[38;2;16;16;16m[48;2;16;16;16m▀[0m[38;2;16;16;16m[48;2;237;142;178m▀[0m[38;2;237;142;178m[48;2;84;65;52m▀[0m[38;2;184;137;72m[48;2;184;137;72m▀[0m[38;2;16;16;16m[48;2;16;16;16m▀[0m[38;2;84;65;52m▄   [38;2;84;65;52m▄[38;2;84;65;52m[48;2;108;86;156m▀[0m[38;2;108;86;156m[48;2;108;86;156m▀[0m[38;2;245;209;110m[48;2;245;209;110m▀[0m[38;2;245;209;110m[48;2;245;209;110m▀[0m[38;2;245;209;110m[48;2;108;86;156m▀[0m[38;2;245;209;110m[48;2;84;56;122m▀[0m[38;2;84;56;122m[48;2;184;137;72m▀[0m[38;2;49;34;84m[48;2;16;16;16m▀[0m 
    [38;2;84;65;52m▀[38;2;255;248;204m[48;2;84;65;52m▀[0m[38;2;84;65;52m[48;2;245;209;110m▀[0m[38;2;184;137;72m[48;2;245;209;110m▀[0m[38;2;245;209;110m[48;2;245;209;110m▀[0m[38;2;245;209;110m[48;2;245;209;110m▀[0m[38;2;245;209;110m[48;2;245;209;110m▀[0m[38;2;84;65;52m[48;2;245;209;110m▀[0m[38;2;245;209;110m[48;2;16;16;16m▀[0m[38;2;245;209;110m[48;2;245;209;110m▀[0m[38;2;245;209;110m[48;2;245;209;110m▀[0m[38;2;184;137;72m[48;2;245;209;110m▀[0m[38;2;245;209;110m[48;2;245;209;110m▀[0m[38;2;245;209;110m[48;2;84;65;52m▀[0m[38;2;245;209;110m[48;2;84;65;52m▀[0m[38;2;245;209;110m[48;2;84;65;52m▀[0m[38;2;245;209;110m[48;2;84;65;52m▀[0m[38;2;245;209;110m[48;2;84;65;52m▀[0m[38;2;245;209;110m[48;2;33;26;41m▀[0m[38;2;245;209;110m[48;2;33;26;41m▀[0m[38;2;184;137;72m[48;2;184;137;72m▀[0m[38;2;184;137;72m[48;2;184;137;72m▀[0m[38;2;184;137;72m[48;2;184;137;72m▀[0m[38;2;84;65;52m[48;2;184;137;72m▀[0m[38;2;16;16;16m[48;2;58;49;67m▀[0m[38;2;184;137;72m[48;2;58;49;67m▀[0m[38;2;84;65;52m[48;2;58;49;67m▀[0m[38;2;184;137;72m[48;2;58;49;67m▀[0m[38;2;184;137;72m[48;2;184;137;72m▀[0m[38;2;84;65;52m[48;2;184;137;72m▀[0m[38;2;84;65;52m[48;2;184;137;72m▀[0m[38;2;84;65;52m[48;2;184;137;72m▀[0m[38;2;245;209;110m[48;2;245;209;110m▀[0m[38;2;245;209;110m[48;2;245;209;110m▀[0m[38;2;245;209;110m[48;2;245;209;110m▀[0m[38;2;245;209;110m[48;2;184;137;72m▀[0m[38;2;108;86;156m[48;2;184;137;72m▀[0m[38;2;84;56;122m[48;2;184;137;72m▀[0m[38;2;184;137;72m[48;2;16;16;16m▀[0m[38;2;16;16;16m▀  
     [38;2;84;65;52m▀[38;2;245;209;110m[48;2;84;65;52m▀[0m[38;2;245;209;110m[48;2;245;209;110m▀[0m[38;2;245;209;110m[48;2;245;209;110m▀[0m[38;2;245;209;110m[48;2;245;209;110m▀[0m[38;2;245;209;110m[48;2;184;137;72m▀[0m[38;2;245;209;110m[48;2;16;16;16m▀[0m[38;2;16;16;16m[48;2;245;209;110m▀[0m[38;2;245;209;110m[48;2;245;209;110m▀[0m[38;2;245;209;110m[48;2;84;65;52m▀[0m[38;2;84;65;52m[48;2;138;125;142m▀[0m[38;2;84;65;52m[48;2;138;125;142m▀[0m[38;2;138;125;142m[48;2;138;125;142m▀[0m[38;2;138;125;142m[48;2;138;125;142m▀[0m[38;2;138;125;142m[48;2;138;125;142m▀[0m[38;2;138;125;142m[48;2;33;26;41m▀[0m[38;2;138;125;142m[48;2;33;26;41m▀[0m[38;2;58;49;67m[48;2;58;49;67m▀[0m[38;2;58;49;67m[48;2;58;49;67m▀[0m[38;2;33;26;41m[48;2;58;49;67m▀[0m[38;2;33;26;41m[48;2;33;26;41m▀[0m[38;2;58;49;67m[48;2;138;125;142m▀[0m[38;2;58;49;67m[48;2;138;125;142m▀[0m[38;2;138;125;142m[48;2;138;125;142m▀[0m[38;2;138;125;142m[48;2;138;125;142m▀[0m[38;2;138;125;142m[48;2;33;26;41m▀[0m[38;2;138;125;142m[48;2;58;49;67m▀[0m[38;2;33;26;41m[48;2;58;49;67m▀[0m[38;2;184;137;72m[48;2;33;26;41m▀[0m[38;2;184;137;72m[48;2;184;137;72m▀[0m[38;2;184;137;72m[48;2;184;137;72m▀[0m[38;2;184;137;72m[48;2;184;137;72m▀[0m[38;2;184;137;72m[48;2;184;137;72m▀[0m[38;2;184;137;72m[48;2;184;137;72m▀[0m[38;2;184;137;72m[48;2;16;16;16m▀[0m[38;2;184;137;72m[48;2;16;16;16m▀[0m[38;2;16;16;16m▀    
  [38;2;58;49;67m▄[38;2;58;49;67m▄[38;2;58;49;67m[48;2;138;125;142m▀[0m[38;2;58;49;67m[48;2;138;125;142m▀[0m[38;2;58;49;67m[48;2;58;49;67m▀[0m[38;2;16;16;16m[48;2;100;87;104m▀[0m[38;2;16;16;16m[48;2;84;65;52m▀[0m[38;2;16;16;16m[48;2;245;209;110m▀[0m[38;2;184;137;72m[48;2;84;65;52m▀[0m[38;2;245;209;110m[48;2;245;209;110m▀[0m[38;2;245;209;110m[48;2;184;137;72m▀[0m[38;2;184;137;72m[48;2;84;65;52m▀[0m[38;2;16;16;16m[48;2;100;87;104m▀[0m[38;2;138;125;142m[48;2;100;87;104m▀[0m[38;2;58;49;67m[48;2;100;87;104m▀[0m[38;2;58;49;67m[48;2;100;87;104m▀[0m[38;2;58;49;67m[48;2;100;87;104m▀[0m[38;2;33;26;41m[48;2;33;26;41m▀[0m[38;2;58;49;67m[48;2;58;49;67m▀[0m[38;2;58;49;67m[48;2;58;49;67m▀[0m[38;2;58;49;67m[48;2;58;49;67m▀[0m[38;2;58;49;67m[48;2;33;26;41m▀[0m[38;2;33;26;41m[48;2;58;49;67m▀[0m[38;2;138;125;142m[48;2;138;125;142m▀[0m[38;2;138;125;142m[48;2;138;125;142m▀[0m[38;2;138;125;142m[48;2;138;125;142m▀[0m[38;2;138;125;142m[48;2;138;125;142m▀[0m[38;2;33;26;41m[48;2;33;26;41m▀[0m[38;2;58;49;67m[48;2;58;49;67m▀[0m[38;2;58;49;67m[48;2;58;49;67m▀[0m[38;2;58;49;67m[48;2;58;49;67m▀[0m[38;2;16;16;16m[48;2;58;49;67m▀[0m[38;2;16;16;16m[48;2;33;26;41m▀[0m[38;2;16;16;16m▀[38;2;16;16;16m▀[38;2;16;16;16m▀[38;2;16;16;16m▀       
[38;2;33;26;41m▄[38;2;58;49;67m[48;2;138;125;142m▀[0m[38;2;138;125;142m[48;2;138;125;142m▀[0m[38;2;138;125;142m[48;2;138;125;142m▀[0m[38;2;138;125;142m[48;2;138;125;142m▀[0m[38;2;58;49;67m[48;2;58;49;67m▀[0m[38;2;100;87;104m[48;2;100;87;104m▀[0m[38;2;100;87;104m[48;2;100;87;104m▀[0m[38;2;84;65;52m[48;2;100;87;104m▀[0m[38;2;245;209;110m[48;2;84;65;52m▀[0m[38;2;245;209;110m[48;2;245;209;110m▀[0m[38;2;245;209;110m[48;2;245;209;110m▀[0m[38;2;184;137;72m[48;2;184;137;72m▀[0m[38;2;16;16;16m[48;2;16;16;16m▀[0m[38;2;100;87;104m[48;2;100;87;104m▀[0m[38;2;100;87;104m[48;2;100;87;104m▀[0m[38;2;100;87;104m[48;2;100;87;104m▀[0m[38;2;100;87;104m[48;2;100;87;104m▀[0m[38;2;100;87;104m[48;2;100;87;104m▀[0m[38;2;33;26;41m[48;2;100;87;104m▀[0m[38;2;58;49;67m[48;2;33;26;41m▀[0m[38;2;58;49;67m[48;2;58;49;67m▀[0m[38;2;58;49;67m[48;2;33;26;41m▀[0m[38;2;33;26;41m[48;2;100;87;104m▀[0m[38;2;100;87;104m[48;2;100;87;104m▀[0m[38;2;100;87;104m[48;2;100;87;104m▀[0m[38;2;58;49;67m[48;2;100;87;104m▀[0m[38;2;138;125;142m[48;2;33;26;41m▀[0m[38;2;33;26;41m[48;2;33;26;41m▀[0m[38;2;58;49;67m[48;2;58;49;67m▀[0m[38;2;58;49;67m[48;2;58;49;67m▀[0m[38;2;58;49;67m[48;2;58;49;67m▀[0m[38;2;58;49;67m[48;2;58;49;67m▀[0m[38;2;58;49;67m[48;2;58;49;67m▀[0m[38;2;16;16;16m[48;2;58;49;67m▀[0m[38;2;33;26;41m▄          
[38;2;33;26;41m[48;2;33;26;41m▀[0m[38;2;138;125;142m[48;2;58;49;67m▀[0m[38;2;138;125;142m[48;2;100;87;104m▀[0m[38;2;58;49;67m[48;2;100;87;104m▀[0m[38;2;58;49;67m[48;2;100;87;104m▀[0m[38;2;58;49;67m[48;2;33;26;41m▀[0m[38;2;100;87;104m[48;2;58;49;67m▀[0m[38;2;100;87;104m[48;2;100;87;104m▀[0m[38;2;100;87;104m[48;2;100;87;104m▀[0m[38;2;84;65;52m[48;2;100;87;104m▀[0m[38;2;245;209;110m[48;2;84;65;52m▀[0m[38;2;245;209;110m[48;2;184;137;72m▀[0m[38;2;184;137;72m[48;2;184;137;72m▀[0m[38;2;16;16;16m[48;2;16;16;16m▀[0m[38;2;100;87;104m[48;2;100;87;104m▀[0m[38;2;100;87;104m[48;2;100;87;104m▀[0m[38;2;100;87;104m[48;2;100;87;104m▀[0m[38;2;100;87;104m[48;2;100;87;104m▀[0m[38;2;100;87;104m[48;2;100;87;104m▀[0m[38;2;100;87;104m[48;2;100;87;104m▀[0m[38;2;33;26;41m[48;2;33;26;41m▀[0m[38;2;58;49;67m[48;2;58;49;67m▀[0m[38;2;33;26;41m[48;2;33;26;41m▀[0m[38;2;100;87;104m[48;2;100;87;104m▀[0m[38;2;100;87;104m[48;2;100;87;104m▀[0m[38;2;100;87;104m[48;2;100;87;104m▀[0m[38;2;100;87;104m[48;2;100;87;104m▀[0m[38;2;33;26;41m[48;2;33;26;41m▀[0m[38;2;58;49;67m[48;2;58;49;67m▀[0m[38;2;58;49;67m[48;2;58;49;67m▀[0m[38;2;58;49;67m[48;2;58;49;67m▀[0m[38;2;58;49;67m[48;2;58;49;67m▀[0m[38;2;58;49;67m[48;2;58;49;67m▀[0m[38;2;58;49;67m[48;2;58;49;67m▀[0m[38;2;58;49;67m[48;2;58;49;67m▀[0m[38;2;16;16;16m[48;2;16;16;16m▀[0m          
[38;2;33;26;41m[48;2;33;26;41m▀[0m[38;2;100;87;104m[48;2;100;87;104m▀[0m[38;2;100;87;104m[48;2;100;87;104m▀[0m[38;2;100;87;104m[48;2;100;87;104m▀[0m[38;2;100;87;104m[48;2;100;87;104m▀[0m[38;2;100;87;104m[48;2;100;87;104m▀[0m[38;2;33;26;41m[48;2;100;87;104m▀[0m[38;2;100;87;104m[48;2;33;26;41m▀[0m[38;2;100;87;104m[48;2;100;87;104m▀[0m[38;2;100;87;104m[48;2;100;87;104m▀[0m[38;2;100;87;104m[48;2;100;87;104m▀[0m[38;2;84;65;52m[48;2;100;87;104m▀[0m[38;2;16;16;16m[48;2;100;87;104m▀[0m[38;2;100;87;104m[48;2;100;87;104m▀[0m[38;2;100;87;104m[48;2;100;87;104m▀[0m[38;2;100;87;104m[48;2;100;87;104m▀[0m[38;2;100;87;104m[48;2;33;26;41m▀[0m[38;2;100;87;104m[48;2;33;26;41m▀[0m[38;2;33;26;41m[48;2;58;49;67m▀[0m[38;2;33;26;41m[48;2;58;49;67m▀[0m[38;2;58;49;67m[48;2;58;49;67m▀[0m[38;2;58;49;67m[48;2;58;49;67m▀[0m[38;2;33;26;41m[48;2;33;26;41m▀[0m[38;2;100;87;104m[48;2;100;87;104m▀[0m[38;2;100;87;104m[48;2;100;87;104m▀[0m[38;2;100;87;104m[48;2;100;87;104m▀[0m[38;2;100;87;104m[48;2;100;87;104m▀[0m[38;2;33;26;41m[48;2;33;26;41m▀[0m[38;2;58;49;67m[48;2;58;49;67m▀[0m[38;2;58;49;67m[48;2;58;49;67m▀[0m[38;2;58;49;67m[48;2;58;49;67m▀[0m[38;2;58;49;67m[48;2;58;49;67m▀[0m[38;2;58;49;67m[48;2;58;49;67m▀[0m[38;2;58;49;67m[48;2;58;49;67m▀[0m[38;2;58;49;67m[48;2;58;49;67m▀[0m[38;2;16;16;16m[48;2;16;16;16m▀[0m          
 [38;2;33;26;41m[48;2;33;26;41m▀[0m[38;2;100;87;104m[48;2;100;87;104m▀[0m[38;2;100;87;104m[48;2;100;87;104m▀[0m[38;2;100;87;104m[48;2;100;87;104m▀[0m[38;2;100;87;104m[48;2;100;87;104m▀[0m[38;2;58;49;67m[48;2;33;26;41m▀[0m[38;2;33;26;41m[48;2;58;49;67m▀[0m[38;2;33;26;41m[48;2;33;26;41m▀[0m[38;2;33;26;41m[48;2;58;49;67m▀[0m[38;2;100;87;104m[48;2;33;26;41m▀[0m[38;2;100;87;104m[48;2;33;26;41m▀[0m[38;2;100;87;104m[48;2;33;26;41m▀[0m[38;2;100;87;104m[48;2;33;26;41m▀[0m[38;2;33;26;41m[48;2;58;49;67m▀[0m[38;2;33;26;41m[48;2;58;49;67m▀[0m[38;2;58;49;67m[48;2;58;49;67m▀[0m[38;2;58;49;67m[48;2;58;49;67m▀[0m[38;2;58;49;67m[48;2;58;49;67m▀[0m[38;2;58;49;67m[48;2;58;49;67m▀[0m[38;2;58;49;67m[48;2;58;49;67m▀[0m[38;2;58;49;67m[48;2;58;49;67m▀[0m[38;2;58;49;67m[48;2;58;49;67m▀[0m[38;2;33;26;41m[48;2;33;26;41m▀[0m[38;2;100;87;104m[48;2;33;26;41m▀[0m[38;2;100;87;104m[48;2;58;49;67m▀[0m[38;2;33;26;41m[48;2;58;49;67m▀[0m[38;2;58;49;67m[48;2;58;49;67m▀[0m[38;2;33;26;41m[48;2;33;26;41m▀[0m[38;2;58;49;67m[48;2;58;49;67m▀[0m[38;2;58;49;67m[48;2;58;49;67m▀[0m[38;2;58;49;67m[48;2;58;49;67m▀[0m[38;2;58;49;67m[48;2;58;49;67m▀[0m[38;2;58;49;67m[48;2;58;49;67m▀[0m[38;2;16;16;16m[48;2;16;16;16m▀[0m           
  [38;2;33;26;41m[48;2;33;26;41m▀[0m[38;2;100;87;104m[48;2;33;26;41m▀[0m[38;2;100;87;104m[48;2;58;49;67m▀[0m[38;2;33;26;41m[48;2;58;49;67m▀[0m[38;2;58;49;67m[48;2;58;49;67m▀[0m[38;2;58;49;67m[48;2;58;49;67m▀[0m[38;2;58;49;67m[48;2;58;49;67m▀[0m[38;2;33;26;41m[48;2;58;49;67m▀[0m[38;2;33;26;41m[48;2;58;49;67m▀[0m[38;2;58;49;67m[48;2;16;16;16m▀[0m[38;2;58;49;67m[48;2;16;16;16m▀[0m[38;2;58;49;67m[48;2;16;16;16m▀[0m[38;2;58;49;67m[48;2;58;49;67m▀[0m[38;2;58;49;67m[48;2;58;49;67m▀[0m[38;2;58;49;67m[48;2;58;49;67m▀[0m[38;2;58;49;67m[48;2;58;49;67m▀[0m[38;2;58;49;67m[48;2;16;16;16m▀[0m[38;2;58;49;67m[48;2;16;16;16m▀[0m[38;2;58;49;67m[48;2;16;16;16m▀[0m[38;2;16;16;16m▀[38;2;16;16;16m▀ [38;2;16;16;16m▀[38;2;58;49;67m[48;2;16;16;16m▀[0m[38;2;58;49;67m[48;2;58;49;67m▀[0m[38;2;58;49;67m[48;2;58;49;67m▀[0m[38;2;58;49;67m[48;2;58;49;67m▀[0m[38;2;33;26;41m[48;2;58;49;67m▀[0m[38;2;58;49;67m[48;2;16;16;16m▀[0m[38;2;58;49;67m[48;2;16;16;16m▀[0m[38;2;58;49;67m[48;2;16;16;16m▀[0m[38;2;16;16;16m▀            
   [38;2;33;26;41m▀[38;2;58;49;67m[48;2;33;26;41m▀[0m[38;2;58;49;67m[48;2;16;16;16m▀[0m[38;2;58;49;67m[48;2;58;49;67m▀[0m[38;2;58;49;67m[48;2;58;49;67m▀[0m[38;2;58;49;67m[48;2;58;49;67m▀[0m[38;2;58;49;67m[48;2;58;49;67m▀[0m[38;2;58;49;67m[48;2;16;16;16m▀[0m[38;2;58;49;67m[48;2;16;16;16m▀[0m[38;2;16;16;16m▀ [38;2;16;16;16m▀[38;2;16;16;16m▀[38;2;16;16;16m▀[38;2;16;16;16m▀        [38;2;16;16;16m▀[38;2;16;16;16m▀[38;2;16;16;16m▀[38;2;16;16;16m▀[38;2;16;16;16m▀               
      [38;2;33;26;41m▀[38;2;16;16;16m▀[38;2;16;16;16m▀[38;2;16;16;16m▀                                    
[0m