                   [38;2;193;117;11m▄[38;2;193;117;11m[48;2;250;185;5m▀[0m[38;2;193;117;11m▄[38;2;193;117;11m▄                                  
                   [38;2;193;117;11m[48;2;193;117;11m▀[0m[38;2;250;185;5m[48;2;250;185;5m▀[0m[38;2;250;185;5m[48;2;250;185;5m▀[0m[38;2;250;185;5m[48;2;250;185;5m▀[0m[38;2;193;117;11m[48;2;250;185;5m▀[0m[38;2;193;117;11m[48;2;250;185;5m▀[0m[38;2;193;117;11m▄                               
                  [38;2;193;117;11m[48;2;193;117;11m▀[0m[38;2;250;185;5m[48;2;250;185;5m▀[0m[38;2;250;185;5m[48;2;250;185;5m▀[0m[38;2;250;185;5m[48;2;250;185;5m▀[0m[38;2;250;185;5m[48;2;250;185;5m▀[0m[38;2;250;185;5m[48;2;250;185;5m▀[0m[38;2;250;185;5m[48;2;250;185;5m▀[0m[38;2;250;185;5m[48;2;250;185;5m▀[0m[38;2;193;117;11m[48;2;250;185;5m▀[0m[38;2;193;117;11m▄  [38;2;193;117;11m[48;2;193;117;11m▀[0m[38;2;193;117;11m[48;2;250;185;5m▀[0m[38;2;193;117;11m▄[38;2;193;117;11m▄                       
                 [38;2;193;117;11m▄[38;2;193;117;11m[48;2;250;185;5m▀[0m[38;2;250;185;5m[48;2;250;185;5m▀[0m[38;2;250;185;5m[48;2;250;185;5m▀[0m[38;2;250;185;5m[48;2;250;185;5m▀[0m[38;2;250;185;5m[48;2;250;185;5m▀[0m[38;2;250;185;5m[48;2;250;185;5m▀[0m[38;2;250;185;5m[48;2;250;185;5m▀[0m[38;2;250;185;5m[48;2;250;185;5m▀[0m[38;2;250;185;5m[48;2;250;185;5m▀[0m[38;2;250;185;5m[48;2;250;185;5m▀[0m[38;2;193;117;11m[48;2;193;117;11m▀[0m  [38;2;193;117;11m[48;2;193;117;11m▀[0m[38;2;250;185;5m[48;2;250;185;5m▀[0m[38;2;250;185;5m[48;2;250;185;5m▀[0m[38;2;193;117;11m[48;2;250;185;5m▀[0m[38;2;0;0;0m▄                     
                 [38;2;193;117;11m[48;2;193;117;11m▀[0m[38;2;250;185;5m[48;2;250;185;5m▀[0m[38;2;250;185;5m[48;2;250;185;5m▀[0m[38;2;250;185;5m[48;2;250;185;5m▀[0m[38;2;250;185;5m[48;2;250;185;5m▀[0m[38;2;250;185;5m[48;2;250;185;5m▀[0m[38;2;250;185;5m[48;2;250;185;5m▀[0m[38;2;250;185;5m[48;2;250;185;5m▀[0m[38;2;250;185;5m[48;2;250;185;5m▀[0m[38;2;250;185;5m[48;2;250;185;5m▀[0m[38;2;250;185;5m[48;2;250;185;5m▀[0m[38;2;250;185;5m[48;2;250;185;5m▀[0m[38;2;193;117;11m[48;2;193;117;11m▀[0m [38;2;193;117;11m[48;2;193;117;11m▀[0m[38;2;250;185;5m[48;2;250;185;5m▀[0m[38;2;250;185;5m[48;2;250;185;5m▀[0m[38;2;250;185;5m[48;2;250;185;5m▀[0m[38;2;193;117;11m[48;2;250;185;5m▀[0m[38;2;0;0;0m[48;2;0;0;0m▀[0m                    
           [38;2;0;0;0m▄[38;2;193;117;11m[48;2;250;185;5m▀[0m[38;2;193;117;11m▄  [38;2;193;117;11m[48;2;193;117;11m▀[0m[38;2;250;185;5m[48;2;250;185;5m▀[0m[38;2;250;185;5m[48;2;250;185;5m▀[0m[38;2;250;185;5m[48;2;250;185;5m▀[0m[38;2;250;185;5m[48;2;250;185;5m▀[0m[38;2;250;185;5m[48;2;250;185;5m▀[0m[38;2;250;185;5m[48;2;250;185;5m▀[0m[38;2;250;185;5m[48;2;97;95;36m▀[0m[38;2;250;185;5m[48;2;250;185;5m▀[0m[38;2;250;185;5m[48;2;250;185;5m▀[0m[38;2;250;185;5m[48;2;250;185;5m▀[0m[38;2;250;185;5m[48;2;250;185;5m▀[0m[38;2;250;185;5m[48;2;250;185;5m▀[0m[38;2;250;185;5m[48;2;250;185;5m▀[0m[38;2;193;117;11m[48;2;193;117;11m▀[0m[38;2;250;185;5m[48;2;250;185;5m▀[0m[38;2;250;185;5m[48;2;250;185;5m▀[0m[38;2;250;185;5m[48;2;250;185;5m▀[0m[38;2;250;185;5m[48;2;250;185;5m▀[0m[38;2;250;185;5m[48;2;250;185;5m▀[0m[38;2;250;185;5m[48;2;250;185;5m▀[0m[38;2;0;0;0m[48;2;0;0;0m▀[0m           [38;2;193;117;11m▄[38;2;193;117;11m[48;2;250;185;5m▀[0m[38;2;193;117;11m▄     
           [38;2;0;0;0m[48;2;193;117;11m▀[0m[38;2;250;185;5m[48;2;250;185;5m▀[0m[38;2;193;117;11m[48;2;250;185;5m▀[0m  [38;2;193;117;11m[48;2;193;117;11m▀[0m[38;2;250;185;5m[48;2;250;185;5m▀[0m[38;2;250;185;5m[48;2;235;204;23m▀[0m[38;2;250;185;5m[48;2;235;204;23m▀[0m[38;2;235;204;23m[48;2;235;204;23m▀[0m[38;2;235;204;23m[48;2;235;204;23m▀[0m[38;2;97;95;36m[48;2;97;95;36m▀[0m[38;2;152;140;67m[48;2;152;140;67m▀[0m[38;2;250;185;5m[48;2;97;95;36m▀[0m[38;2;235;204;23m[48;2;235;204;23m▀[0m[38;2;235;204;23m[48;2;235;204;23m▀[0m[38;2;235;204;23m[48;2;235;204;23m▀[0m[38;2;235;204;23m[48;2;235;204;23m▀[0m[38;2;235;204;23m[48;2;235;204;23m▀[0m[38;2;235;204;23m[48;2;235;204;23m▀[0m[38;2;250;185;5m[48;2;235;204;23m▀[0m[38;2;250;185;5m[48;2;235;204;23m▀[0m[38;2;250;185;5m[48;2;235;204;23m▀[0m[38;2;250;185;5m[48;2;235;204;23m▀[0m[38;2;250;185;5m[48;2;250;185;5m▀[0m[38;2;250;185;5m[48;2;250;185;5m▀[0m[38;2;193;117;11m[48;2;250;185;5m▀[0m[38;2;0;0;0m[48;2;0;0;0m▀[0m [38;2;193;117;11m▄[38;2;193;117;11m▄[38;2;193;117;11m[48;2;250;185;5m▀[0m[38;2;193;117;11m▄   [38;2;193;117;11m▄[38;2;193;117;11m[48;2;250;185;5m▀[0m[38;2;250;185;5m[48;2;250;185;5m▀[0m[38;2;250;185;5m[48;2;250;185;5m▀[0m[38;2;193;117;11m[48;2;250;185;5m▀[0m[38;2;0;0;0m▄    
          [38;2;0;0;0m[48;2;0;0;0m▀[0m[38;2;250;185;5m[48;2;250;185;5m▀[0m[38;2;250;185;5m[48;2;250;185;5m▀[0m[38;2;250;185;5m[48;2;250;185;5m▀[0m[38;2;193;117;11m[48;2;250;185;5m▀[0m[38;2;193;117;11m▄[38;2;193;117;11m[48;2;235;204;23m▀[0m[38;2;235;204;23m[48;2;235;204;23m▀[0m[38;2;235;204;23m[48;2;220;223;42m▀[0m[38;2;235;204;23m[48;2;220;223;42m▀[0m[38;2;235;204;23m[48;2;220;223;42m▀[0m[38;2;220;223;42m[48;2;220;223;42m▀[0m[38;2;97;95;36m[48;2;97;95;36m▀[0m[38;2;152;140;67m[48;2;152;140;67m▀[0m[38;2;97;95;36m[48;2;97;95;36m▀[0m[38;2;220;223;42m[48;2;220;223;42m▀[0m[38;2;220;223;42m[48;2;220;223;42m▀[0m[38;2;220;223;42m[48;2;220;223;42m▀[0m[38;2;220;223;42m[48;2;220;223;42m▀[0m[38;2;220;223;42m[48;2;220;223;42m▀[0m[38;2;220;223;42m[48;2;220;223;42m▀[0m[38;2;235;204;23m[48;2;220;223;42m▀[0m[38;2;235;204;23m[48;2;220;223;42m▀[0m[38;2;235;204;23m[48;2;220;223;42m▀[0m[38;2;235;204;23m[48;2;220;223;42m▀[0m[38;2;235;204;23m[48;2;235;204;23m▀[0m[38;2;250;185;5m[48;2;235;204;23m▀[0m[38;2;250;185;5m[48;2;250;185;5m▀[0m[38;2;0;0;0m[48;2;0;0;0m▀[0m[38;2;193;117;11m[48;2;250;185;5m▀[0m[38;2;250;185;5m[48;2;250;185;5m▀[0m[38;2;250;185;5m[48;2;250;185;5m▀[0m[38;2;250;185;5m[48;2;250;185;5m▀[0m[38;2;193;117;11m▄[38;2;193;117;11m▄[38;2;193;117;11m[48;2;250;185;5m▀[0m[38;2;193;117;11m[48;2;250;185;5m▀[0m[38;2;250;185;5m[48;2;250;185;5m▀[0m[38;2;250;185;5m[48;2;250;185;5m▀[0m[38;2;250;185;5m[48;2;250;185;5m▀[0m[38;2;250;185;5m[48;2;250;185;5m▀[0m[38;2;250;185;5m[48;2;250;185;5m▀[0m[38;2;0;0;0m[48;2;0;0;0m▀[0m    
[38;2;193;117;11m▄[38;2;193;117;11m▄    [38;2;193;117;11m▀[38;2;250;185;5m[48;2;193;117;11m▀[0m[38;2;250;185;5m[48;2;250;185;5m▀[0m[38;2;193;117;11m[48;2;250;185;5m▀[0m[38;2;0;0;0m[48;2;0;0;0m▀[0m[38;2;250;185;5m[48;2;250;185;5m▀[0m[38;2;250;185;5m[48;2;250;185;5m▀[0m[38;2;250;185;5m[48;2;235;204;23m▀[0m[38;2;235;204;23m[48;2;220;223;42m▀[0m[38;2;220;223;42m[48;2;220;223;42m▀[0m[38;2;220;223;42m[48;2;220;223;42m▀[0m[38;2;220;223;42m[48;2;202;197;71m▀[0m[38;2;220;223;42m[48;2;202;197;71m▀[0m[38;2;202;197;71m[48;2;202;197;71m▀[0m[38;2;202;197;71m[48;2;184;170;101m▀[0m[38;2;97;95;36m[48;2;97;95;36m▀[0m[38;2;152;140;67m[48;2;152;140;67m▀[0m[38;2;152;140;67m[48;2;152;140;67m▀[0m[38;2;97;95;36m[48;2;97;95;36m▀[0m[38;2;184;170;101m[48;2;184;170;101m▀[0m[38;2;184;170;101m[48;2;184;170;101m▀[0m[38;2;184;170;101m[48;2;184;170;101m▀[0m[38;2;202;197;71m[48;2;184;170;101m▀[0m[38;2;202;197;71m[48;2;184;170;101m▀[0m[38;2;202;197;71m[48;2;184;170;101m▀[0m[38;2;202;197;71m[48;2;184;170;101m▀[0m[38;2;202;197;71m[48;2;184;170;101m▀[0m[38;2;202;197;71m[48;2;202;197;71m▀[0m[38;2;220;223;42m[48;2;202;197;71m▀[0m[38;2;220;223;42m[48;2;202;197;71m▀[0m[38;2;220;223;42m[48;2;202;197;71m▀[0m[38;2;220;223;42m[48;2;220;223;42m▀[0m[38;2;235;204;23m[48;2;220;223;42m▀[0m[38;2;0;0;0m[48;2;0;0;0m▀[0m[38;2;220;223;42m[48;2;220;223;42m▀[0m[38;2;235;204;23m[48;2;220;223;42m▀[0m[38;2;235;204;23m[48;2;220;223;42m▀[0m[38;2;235;204;23m[48;2;235;204;23m▀[0m[38;2;235;204;23m[48;2;235;204;23m▀[0m[38;2;250;185;5m[48;2;235;204;23m▀[0m[38;2;250;185;5m[48;2;235;204;23m▀[0m[38;2;250;185;5m[48;2;250;185;5m▀[0m[38;2;250;185;5m[48;2;250;185;5m▀[0m[38;2;250;185;5m[48;2;250;185;5m▀[0m[38;2;250;185;5m[48;2;250;185;5m▀[0m[38;2;250;185;5m[48;2;250;185;5m▀[0m[38;2;0;0;0m[48;2;0;0;0m▀[0m    
[38;2;193;117;11m[48;2;193;117;11m▀[0m[38;2;250;185;5m[48;2;250;185;5m▀[0m[38;2;193;117;11m[48;2;250;185;5m▀[0m[38;2;193;117;11m[48;2;250;185;5m▀[0m[38;2;193;117;11m▄[38;2;193;117;11m▄  [38;2;193;117;11m[48;2;193;117;11m▀[0m[38;2;250;185;5m[48;2;250;185;5m▀[0m[38;2;0;0;0m[48;2;193;117;11m▀[0m[38;2;250;185;5m[48;2;0;0;0m▀[0m[38;2;235;204;23m[48;2;235;204;23m▀[0m[38;2;235;204;23m[48;2;220;223;42m▀[0m[38;2;220;223;42m[48;2;202;197;71m▀[0m[38;2;202;197;71m[48;2;202;197;71m▀[0m[38;2;202;197;71m[48;2;184;170;101m▀[0m[38;2;202;197;71m[48;2;184;170;101m▀[0m[38;2;184;170;101m[48;2;184;170;101m▀[0m[38;2;184;170;101m[48;2;184;170;101m▀[0m[38;2;184;170;101m[48;2;184;170;101m▀[0m[38;2;97;95;36m[48;2;97;95;36m▀[0m[38;2;152;140;67m[48;2;152;140;67m▀[0m[38;2;152;140;67m[48;2;152;140;67m▀[0m[38;2;97;95;36m[48;2;97;95;36m▀[0m[38;2;184;170;101m[48;2;184;170;101m▀[0m[38;2;184;170;101m[48;2;184;170;101m▀[0m[38;2;184;170;101m[48;2;184;170;101m▀[0m[38;2;184;170;101m[48;2;184;170;101m▀[0m[38;2;184;170;101m[48;2;184;170;101m▀[0m[38;2;184;170;101m[48;2;184;170;101m▀[0m[38;2;184;170;101m[48;2;184;170;101m▀[0m[38;2;184;170;101m[48;2;184;170;101m▀[0m[38;2;184;170;101m[48;2;184;170;101m▀[0m[38;2;184;170;101m[48;2;184;170;101m▀[0m[38;2;184;170;101m[48;2;184;170;101m▀[0m[38;2;202;197;71m[48;2;184;170;101m▀[0m[38;2;202;197;71m[48;2;202;197;71m▀[0m[38;2;220;223;42m[48;2;202;197;71m▀[0m[38;2;0;0;0m[48;2;0;0;0m▀[0m[38;2;220;223;42m[48;2;202;197;71m▀[0m[38;2;220;223;42m[48;2;202;197;71m▀[0m[38;2;220;223;42m[48;2;202;197;71m▀[0m[38;2;220;223;42m[48;2;220;223;42m▀[0m[38;2;220;223;42m[48;2;220;223;42m▀[0m[38;2;235;204;23m[48;2;220;223;42m▀[0m[38;2;235;204;23m[48;2;235;204;23m▀[0m[38;2;235;204;23m[48;2;235;204;23m▀[0m[38;2;250;185;5m[48;2;235;204;23m▀[0m[38;2;250;185;5m[48;2;250;185;5m▀[0m[38;2;250;185;5m[48;2;250;185;5m▀[0m[38;2;250;185;5m[48;2;0;0;0m▀[0m[38;2;0;0;0m▀    
 [38;2;193;117;11m[48;2;193;117;11m▀[0m[38;2;250;185;5m[48;2;250;185;5m▀[0m[38;2;250;185;5m[48;2;250;185;5m▀[0m[38;2;250;185;5m[48;2;250;185;5m▀[0m[38;2;250;185;5m[48;2;250;185;5m▀[0m[38;2;193;117;11m[48;2;250;185;5m▀[0m[38;2;193;117;11m[48;2;250;185;5m▀[0m[38;2;193;117;11m[48;2;250;185;5m▀[0m[38;2;193;117;11m[48;2;250;185;5m▀[0m[38;2;250;185;5m[48;2;235;204;23m▀[0m[38;2;0;0;0m[48;2;0;0;0m▀[0m[38;2;220;223;42m[48;2;220;223;42m▀[0m[38;2;220;223;42m[48;2;220;223;42m▀[0m[38;2;202;197;71m[48;2;184;170;101m▀[0m[38;2;184;170;101m[48;2;184;170;101m▀[0m[38;2;184;170;101m[48;2;184;170;101m▀[0m[38;2;184;170;101m[48;2;184;170;101m▀[0m[38;2;184;170;101m[48;2;184;170;101m▀[0m[38;2;184;170;101m[48;2;184;170;101m▀[0m[38;2;184;170;101m[48;2;184;170;101m▀[0m[38;2;184;170;101m[48;2;184;170;101m▀[0m[38;2;97;95;36m[48;2;97;95;36m▀[0m[38;2;152;140;67m[48;2;152;140;67m▀[0m[38;2;152;140;67m[48;2;152;140;67m▀[0m[38;2;97;95;36m[48;2;97;95;36m▀[0m[38;2;184;170;101m[48;2;184;170;101m▀[0m[38;2;184;170;101m[48;2;184;170;101m▀[0m[38;2;184;170;101m[48;2;184;170;101m▀[0m[38;2;184;170;101m[48;2;184;170;101m▀[0m[38;2;184;170;101m[48;2;184;170;101m▀[0m[38;2;184;170;101m[48;2;184;170;101m▀[0m[38;2;184;170;101m[48;2;184;170;101m▀[0m[38;2;184;170;101m[48;2;184;170;101m▀[0m[38;2;184;170;101m[48;2;184;170;101m▀[0m[38;2;184;170;101m[48;2;184;170;101m▀[0m[38;2;184;170;101m[48;2;184;170;101m▀[0m[38;2;184;170;101m[48;2;184;170;101m▀[0m[38;2;184;170;101m[48;2;0;0;0m▀[0m[38;2;0;0;0m[48;2;184;170;101m▀[0m[38;2;184;170;101m[48;2;184;170;101m▀[0m[38;2;184;170;101m[48;2;184;170;101m▀[0m[38;2;202;197;71m[48;2;184;170;101m▀[0m[38;2;202;197;71m[48;2;97;95;36m▀[0m[38;2;97;95;36m[48;2;152;140;67m▀[0m[38;2;152;140;67m[48;2;97;95;36m▀[0m[38;2;220;223;42m[48;2;220;223;42m▀[0m[38;2;235;204;23m[48;2;220;223;42m▀[0m[38;2;235;204;23m[48;2;235;204;23m▀[0m[38;2;235;204;23m[48;2;235;204;23m▀[0m[38;2;250;185;5m[48;2;0;0;0m▀[0m[38;2;0;0;0m▀ [38;2;193;117;11m▄[38;2;193;117;11m▄[38;2;193;117;11m[48;2;250;185;5m▀[0m[38;2;0;0;0m▄
  [38;2;193;117;11m[48;2;193;117;11m▀[0m[38;2;250;185;5m[48;2;250;185;5m▀[0m[38;2;250;185;5m[48;2;250;185;5m▀[0m[38;2;250;185;5m[48;2;250;185;5m▀[0m[38;2;250;185;5m[48;2;250;185;5m▀[0m[38;2;250;185;5m[48;2;250;185;5m▀[0m[38;2;250;185;5m[48;2;250;185;5m▀[0m[38;2;235;204;23m[48;2;235;204;23m▀[0m[38;2;235;204;23m[48;2;220;223;42m▀[0m[38;2;220;223;42m[48;2;220;223;42m▀[0m[38;2;0;0;0m[48;2;220;223;42m▀[0m[38;2;202;197;71m[48;2;97;95;36m▀[0m[38;2;184;170;101m[48;2;184;170;101m▀[0m[38;2;184;170;101m[48;2;184;170;101m▀[0m[38;2;184;170;101m[48;2;184;170;101m▀[0m[38;2;184;170;101m[48;2;184;170;101m▀[0m[38;2;184;170;101m[48;2;184;170;101m▀[0m[38;2;184;170;101m[48;2;184;170;101m▀[0m[38;2;184;170;101m[48;2;184;170;101m▀[0m[38;2;184;170;101m[48;2;184;170;101m▀[0m[38;2;97;95;36m[48;2;97;95;36m▀[0m[38;2;152;140;67m[48;2;152;140;67m▀[0m[38;2;152;140;67m[48;2;152;140;67m▀[0m[38;2;97;95;36m[48;2;97;95;36m▀[0m[38;2;184;170;101m[48;2;184;170;101m▀[0m[38;2;184;170;101m[48;2;184;170;101m▀[0m[38;2;184;170;101m[48;2;184;170;101m▀[0m[38;2;184;170;101m[48;2;184;170;101m▀[0m[38;2;184;170;101m[48;2;184;170;101m▀[0m[38;2;184;170;101m[48;2;184;170;101m▀[0m[38;2;184;170;101m[48;2;184;170;101m▀[0m[38;2;184;170;101m[48;2;184;170;101m▀[0m[38;2;184;170;101m[48;2;184;170;101m▀[0m[38;2;184;170;101m[48;2;184;170;101m▀[0m[38;2;184;170;101m[48;2;152;140;67m▀[0m[38;2;184;170;101m[48;2;152;140;67m▀[0m[38;2;0;0;0m[48;2;0;0;0m▀[0m[38;2;184;170;101m[48;2;184;170;101m▀[0m[38;2;184;170;101m[48;2;184;170;101m▀[0m[38;2;184;170;101m[48;2;184;170;101m▀[0m[38;2;184;170;101m[48;2;97;95;36m▀[0m[38;2;152;140;67m[48;2;152;140;67m▀[0m[38;2;152;140;67m[48;2;97;95;36m▀[0m[38;2;97;95;36m[48;2;202;197;71m▀[0m[38;2;220;223;42m[48;2;202;197;71m▀[0m[38;2;220;223;42m[48;2;220;223;42m▀[0m[38;2;220;223;42m[48;2;220;223;42m▀[0m[38;2;235;204;23m[48;2;235;204;23m▀[0m[38;2;193;117;11m[48;2;235;204;23m▀[0m[38;2;193;117;11m[48;2;250;185;5m▀[0m[38;2;193;117;11m[48;2;250;185;5m▀[0m[38;2;250;185;5m[48;2;250;185;5m▀[0m[38;2;250;185;5m[48;2;250;185;5m▀[0m[38;2;250;185;5m[48;2;250;185;5m▀[0m[38;2;0;0;0m[48;2;0;0;0m▀[0m
   [38;2;193;117;11m▀[38;2;250;185;5m[48;2;0;0;0m▀[0m[38;2;250;185;5m[48;2;250;185;5m▀[0m[38;2;250;185;5m[48;2;250;185;5m▀[0m[38;2;250;185;5m[48;2;250;185;5m▀[0m[38;2;235;204;23m[48;2;235;204;23m▀[0m[38;2;235;204;23m[48;2;220;223;42m▀[0m[38;2;220;223;42m[48;2;220;223;42m▀[0m[38;2;97;95;36m[48;2;97;95;36m▀[0m[38;2;97;95;36m[48;2;152;140;67m▀[0m[38;2;0;0;0m[48;2;97;95;36m▀[0m[38;2;152;140;67m[48;2;152;140;67m▀[0m[38;2;184;170;101m[48;2;152;140;67m▀[0m[38;2;184;170;101m[48;2;152;140;67m▀[0m[38;2;184;170;101m[48;2;152;140;67m▀[0m[38;2;184;170;101m[48;2;184;170;101m▀[0m[38;2;184;170;101m[48;2;184;170;101m▀[0m[38;2;184;170;101m[48;2;184;170;101m▀[0m[38;2;184;170;101m[48;2;184;170;101m▀[0m[38;2;184;170;101m[48;2;184;170;101m▀[0m[38;2;97;95;36m[48;2;97;95;36m▀[0m[38;2;152;140;67m[48;2;152;140;67m▀[0m[38;2;97;95;36m[48;2;152;140;67m▀[0m[38;2;184;170;101m[48;2;97;95;36m▀[0m[38;2;184;170;101m[48;2;152;140;67m▀[0m[38;2;184;170;101m[48;2;152;140;67m▀[0m[38;2;184;170;101m[48;2;152;140;67m▀[0m[38;2;184;170;101m[48;2;152;140;67m▀[0m[38;2;184;170;101m[48;2;152;140;67m▀[0m[38;2;184;170;101m[48;2;152;140;67m▀[0m[38;2;152;140;67m[48;2;152;140;67m▀[0m[38;2;152;140;67m[48;2;152;140;67m▀[0m[38;2;152;140;67m[48;2;152;140;67m▀[0m[38;2;152;140;67m[48;2;152;140;67m▀[0m[38;2;0;0;0m[48;2;0;0;0m▀[0m[38;2;152;140;67m[48;2;152;140;67m▀[0m[38;2;184;170;101m[48;2;97;95;36m▀[0m[38;2;184;170;101m[48;2;97;95;36m▀[0m[38;2;97;95;36m[48;2;152;140;67m▀[0m[38;2;152;140;67m[48;2;152;140;67m▀[0m[38;2;97;95;36m[48;2;97;95;36m▀[0m[38;2;184;170;101m[48;2;184;170;101m▀[0m[38;2;184;170;101m[48;2;184;170;101m▀[0m[38;2;202;197;71m[48;2;184;170;101m▀[0m[38;2;202;197;71m[48;2;202;197;71m▀[0m[38;2;220;223;42m[48;2;220;223;42m▀[0m[38;2;220;223;42m[48;2;220;223;42m▀[0m[38;2;235;204;23m[48;2;235;204;23m▀[0m[38;2;235;204;23m[48;2;235;204;23m▀[0m[38;2;250;185;5m[48;2;250;185;5m▀[0m[38;2;250;185;5m[48;2;250;185;5m▀[0m[38;2;250;185;5m[48;2;250;185;5m▀[0m[38;2;0;0;0m[48;2;0;0;0m▀[0m 
     [38;2;0;0;0m▀[38;2;250;185;5m[48;2;0;0;0m▀[0m[38;2;250;185;5m[48;2;250;185;5m▀[0m[38;2;235;204;23m[48;2;235;204;23m▀[0m[38;2;220;223;42m[48;2;220;223;42m▀[0m[38;2;220;223;42m[48;2;220;223;42m▀[0m[38;2;202;197;71m[48;2;202;197;71m▀[0m[38;2;97;95;36m[48;2;184;170;101m▀[0m[38;2;152;140;67m[48;2;97;95;36m▀[0m[38;2;0;0;0m[48;2;152;140;67m▀[0m[38;2;152;140;67m[48;2;0;0;0m▀[0m[38;2;152;140;67m[48;2;152;140;67m▀[0m[38;2;152;140;67m[48;2;152;140;67m▀[0m[38;2;152;140;67m[48;2;152;140;67m▀[0m[38;2;152;140;67m[48;2;152;140;67m▀[0m[38;2;152;140;67m[48;2;152;140;67m▀[0m[38;2;152;140;67m[48;2;152;140;67m▀[0m[38;2;152;140;67m[48;2;152;140;67m▀[0m[38;2;97;95;36m[48;2;152;140;67m▀[0m[38;2;152;140;67m[48;2;69;59;22m▀[0m[38;2;69;59;22m[48;2;94;84;34m▀[0m[38;2;97;95;36m[48;2;69;59;22m▀[0m[38;2;152;140;67m[48;2;152;140;67m▀[0m[38;2;152;140;67m[48;2;152;140;67m▀[0m[38;2;152;140;67m[48;2;152;140;67m▀[0m[38;2;152;140;67m[48;2;152;140;67m▀[0m[38;2;152;140;67m[48;2;152;140;67m▀[0m[38;2;152;140;67m[48;2;152;140;67m▀[0m[38;2;152;140;67m[48;2;152;140;67m▀[0m[38;2;152;140;67m[48;2;152;140;67m▀[0m[38;2;152;140;67m[48;2;0;0;0m▀[0m[38;2;0;0;0m[48;2;97;95;36m▀[0m[38;2;152;140;67m[48;2;97;95;36m▀[0m[38;2;97;95;36m[48;2;152;140;67m▀[0m[38;2;97;95;36m[48;2;152;140;67m▀[0m[38;2;152;140;67m[48;2;152;140;67m▀[0m[38;2;152;140;67m[48;2;97;95;36m▀[0m[38;2;97;95;36m[48;2;97;95;36m▀[0m[38;2;184;170;101m[48;2;184;170;101m▀[0m[38;2;184;170;101m[48;2;184;170;101m▀[0m[38;2;184;170;101m[48;2;184;170;101m▀[0m[38;2;184;170;101m[48;2;184;170;101m▀[0m[38;2;202;197;71m[48;2;184;170;101m▀[0m[38;2;202;197;71m[48;2;202;197;71m▀[0m[38;2;220;223;42m[48;2;220;223;42m▀[0m[38;2;220;223;42m[48;2;220;223;42m▀[0m[38;2;235;204;23m[48;2;235;204;23m▀[0m[38;2;235;204;23m[48;2;235;204;23m▀[0m[38;2;250;185;5m[48;2;193;117;11m▀[0m[38;2;0;0;0m[48;2;0;0;0m▀[0m  
   [38;2;193;117;11m[48;2;0;0;0m▀[0m[38;2;193;117;11m[48;2;250;185;5m▀[0m[38;2;193;117;11m▄[38;2;193;117;11m▄[38;2;0;0;0m[48;2;193;117;11m▀[0m[38;2;0;0;0m[48;2;193;117;11m▀[0m[38;2;220;223;42m[48;2;0;0;0m▀[0m[38;2;220;223;42m[48;2;0;0;0m▀[0m[38;2;202;197;71m[48;2;202;197;71m▀[0m[38;2;184;170;101m[48;2;184;170;101m▀[0m[38;2;184;170;101m[48;2;184;170;101m▀[0m[38;2;97;95;36m[48;2;184;170;101m▀[0m[38;2;152;140;67m[48;2;97;95;36m▀[0m[38;2;0;0;0m[48;2;97;95;36m▀[0m[38;2;97;95;36m[48;2;0;0;0m▀[0m[38;2;152;140;67m[48;2;0;0;0m▀[0m[38;2;152;140;67m[48;2;152;140;67m▀[0m[38;2;152;140;67m[48;2;152;140;67m▀[0m[38;2;152;140;67m[48;2;152;140;67m▀[0m[38;2;152;140;67m[48;2;152;140;67m▀[0m[38;2;152;140;67m[48;2;152;140;67m▀[0m[38;2;69;59;22m[48;2;97;95;36m▀[0m[38;2;94;84;34m[48;2;69;59;22m▀[0m[38;2;94;84;34m[48;2;94;84;34m▀[0m[38;2;69;59;22m[48;2;94;84;34m▀[0m[38;2;152;140;67m[48;2;69;59;22m▀[0m[38;2;152;140;67m[48;2;152;140;67m▀[0m[38;2;152;140;67m[48;2;152;140;67m▀[0m[38;2;152;140;67m[48;2;152;140;67m▀[0m[38;2;152;140;67m[48;2;97;95;36m▀[0m[38;2;152;140;67m[48;2;0;0;0m▀[0m[38;2;0;0;0m[48;2;152;140;67m▀[0m[38;2;152;140;67m[48;2;152;140;67m▀[0m[38;2;152;140;67m[48;2;152;140;67m▀[0m[38;2;152;140;67m[48;2;97;95;36m▀[0m[38;2;152;140;67m[48;2;97;95;36m▀[0m[38;2;152;140;67m[48;2;97;95;36m▀[0m[38;2;97;95;36m[48;2;152;140;67m▀[0m[38;2;97;95;36m[48;2;152;140;67m▀[0m[38;2;184;170;101m[48;2;152;140;67m▀[0m[38;2;184;170;101m[48;2;184;170;101m▀[0m[38;2;184;170;101m[48;2;184;170;101m▀[0m[38;2;184;170;101m[48;2;184;170;101m▀[0m[38;2;184;170;101m[48;2;184;170;101m▀[0m[38;2;184;170;101m[48;2;184;170;101m▀[0m[38;2;202;197;71m[48;2;202;197;71m▀[0m[38;2;220;223;42m[48;2;220;223;42m▀[0m[38;2;220;223;42m[48;2;220;223;42m▀[0m[38;2;235;204;23m[48;2;235;204;23m▀[0m[38;2;235;204;23m[48;2;0;0;0m▀[0m[38;2;0;0;0m▀   
    [38;2;0;0;0m▀[38;2;250;185;5m[48;2;0;0;0m▀[0m[38;2;250;185;5m[48;2;0;0;0m▀[0m[38;2;250;185;5m[48;2;250;185;5m▀[0m[38;2;235;204;23m[48;2;235;204;23m▀[0m[38;2;220;223;42m[48;2;220;223;42m▀[0m[38;2;220;223;42m[48;2;220;223;42m▀[0m[38;2;202;197;71m[48;2;202;197;71m▀[0m[38;2;184;170;101m[48;2;202;197;71m▀[0m[38;2;184;170;101m[48;2;184;170;101m▀[0m[38;2;184;170;101m[48;2;184;170;101m▀[0m[38;2;184;170;101m[48;2;184;170;101m▀[0m[38;2;152;140;67m[48;2;152;140;67m▀[0m[38;2;97;95;36m[48;2;152;140;67m▀[0m[38;2;97;95;36m[48;2;152;140;67m▀[0m[38;2;0;0;0m[48;2;152;140;67m▀[0m[38;2;0;0;0m[48;2;97;95;36m▀[0m[38;2;97;95;36m[48;2;97;95;36m▀[0m[38;2;152;140;67m[48;2;0;0;0m▀[0m[38;2;152;140;67m[48;2;0;0;0m▀[0m[38;2;152;140;67m[48;2;0;0;0m▀[0m[38;2;69;59;22m[48;2;97;95;36m▀[0m[38;2;94;84;34m[48;2;0;0;0m▀[0m[38;2;94;84;34m[48;2;0;0;0m▀[0m[38;2;69;59;22m[48;2;0;0;0m▀[0m[38;2;97;95;36m[48;2;0;0;0m▀[0m[38;2;97;95;36m[48;2;0;0;0m▀[0m[38;2;0;0;0m[48;2;0;0;0m▀[0m[38;2;0;0;0m[48;2;0;0;0m▀[0m [38;2;0;0;0m▀[38;2;97;95;36m[48;2;0;0;0m▀[0m[38;2;97;95;36m[48;2;0;0;0m▀[0m[38;2;97;95;36m[48;2;152;140;67m▀[0m[38;2;152;140;67m[48;2;152;140;67m▀[0m[38;2;152;140;67m[48;2;152;140;67m▀[0m[38;2;152;140;67m[48;2;152;140;67m▀[0m[38;2;152;140;67m[48;2;152;140;67m▀[0m[38;2;152;140;67m[48;2;152;140;67m▀[0m[38;2;152;140;67m[48;2;152;140;67m▀[0m[38;2;152;140;67m[48;2;152;140;67m▀[0m[38;2;152;140;67m[48;2;152;140;67m▀[0m[38;2;184;170;101m[48;2;152;140;67m▀[0m[38;2;184;170;101m[48;2;184;170;101m▀[0m[38;2;202;197;71m[48;2;0;0;0m▀[0m[38;2;220;223;42m[48;2;0;0;0m▀[0m[38;2;0;0;0m▀[38;2;0;0;0m▀     
       [38;2;0;0;0m▀[38;2;0;0;0m▀[38;2;220;223;42m[48;2;0;0;0m▀[0m[38;2;220;223;42m[48;2;0;0;0m▀[0m[38;2;220;223;42m[48;2;0;0;0m▀[0m[38;2;202;197;71m[48;2;0;0;0m▀[0m[38;2;184;170;101m[48;2;184;170;101m▀[0m[38;2;184;170;101m[48;2;152;140;67m▀[0m[38;2;152;140;67m[48;2;152;140;67m▀[0m[38;2;152;140;67m[48;2;152;140;67m▀[0m[38;2;152;140;67m[48;2;152;140;67m▀[0m[38;2;152;140;67m[48;2;97;95;36m▀[0m[38;2;152;140;67m[48;2;97;95;36m▀[0m[38;2;152;140;67m[48;2;0;0;0m▀[0m[38;2;0;0;0m▀ [38;2;68;66;168m▄[38;2;68;66;168m[48;2;160;159;255m▀[0m[38;2;68;66;168m[48;2;160;159;255m▀[0m[38;2;160;159;255m[48;2;160;159;255m▀[0m[38;2;160;159;255m[48;2;160;159;255m▀[0m[38;2;160;159;255m[48;2;160;159;255m▀[0m[38;2;118;116;218m[48;2;160;159;255m▀[0m[38;2;118;116;218m[48;2;118;116;218m▀[0m[38;2;118;116;218m[48;2;118;116;218m▀[0m[38;2;118;116;218m[48;2;118;116;218m▀[0m[38;2;0;0;0m[48;2;118;116;218m▀[0m[38;2;0;0;0m[48;2;118;116;218m▀[0m[38;2;68;66;168m▄[38;2;68;66;168m▄[38;2;0;0;0m▀[38;2;0;0;0m▀[38;2;152;140;67m[48;2;0;0;0m▀[0m[38;2;152;140;67m[48;2;0;0;0m▀[0m[38;2;152;140;67m[48;2;0;0;0m▀[0m[38;2;152;140;67m[48;2;0;0;0m▀[0m[38;2;152;140;67m[48;2;0;0;0m▀[0m[38;2;152;140;67m[48;2;0;0;0m▀[0m[38;2;0;0;0m▀[38;2;0;0;0m▀[38;2;0;0;0m▀         
             [38;2;0;0;0m▀[38;2;0;0;0m▀[38;2;0;0;0m▀[38;2;0;0;0m▀[38;2;0;0;0m▀[38;2;0;0;0m▀  [38;2;68;66;168m▄[38;2;68;66;168m[48;2;118;116;218m▀[0m[38;2;160;159;255m[48;2;118;116;218m▀[0m[38;2;255;255;255m[48;2;160;159;255m▀[0m[38;2;255;255;255m[48;2;160;159;255m▀[0m[38;2;160;159;255m[48;2;160;159;255m▀[0m[38;2;160;159;255m[48;2;160;159;255m▀[0m[38;2;160;159;255m[48;2;118;116;218m▀[0m[38;2;160;159;255m[48;2;118;116;218m▀[0m[38;2;118;116;218m[48;2;118;116;218m▀[0m[38;2;118;116;218m[48;2;118;116;218m▀[0m[38;2;118;116;218m[48;2;118;116;218m▀[0m[38;2;118;116;218m[48;2;118;116;218m▀[0m[38;2;118;116;218m[48;2;68;66;168m▀[0m[38;2;118;116;218m[48;2;118;116;218m▀[0m[38;2;118;116;218m[48;2;118;116;218m▀[0m[38;2;68;66;168m[48;2;118;116;218m▀[0m[38;2;68;66;168m▄   [38;2;69;59;22m▀[38;2;69;59;22m[48;2;94;84;34m▀[0m[38;2;0;0;0m[48;2;94;84;34m▀[0m[38;2;0;0;0m▄           
                    [38;2;68;66;168m▄[38;2;68;66;168m[48;2;118;116;218m▀[0m[38;2;118;116;218m[48;2;118;116;218m▀[0m[38;2;118;116;218m[48;2;118;116;218m▀[0m[38;2;118;116;218m[48;2;118;116;218m▀[0m[38;2;118;116;218m[48;2;68;66;168m▀[0m[38;2;118;116;218m[48;2;68;66;168m▀[0m[38;2;68;66;168m[48;2;118;116;218m▀[0m[38;2;68;66;168m[48;2;118;116;218m▀[0m[38;2;68;66;168m[48;2;118;116;218m▀[0m[38;2;118;116;218m[48;2;68;66;168m▀[0m[38;2;118;116;218m[48;2;68;66;168m▀[0m[38;2;118;116;218m[48;2;118;116;218m▀[0m[38;2;68;66;168m[48;2;68;66;168m▀[0m[38;2;118;116;218m[48;2;118;116;218m▀[0m[38;2;118;116;218m[48;2;118;116;218m▀[0m[38;2;118;116;218m[48;2;118;116;218m▀[0m[38;2;118;116;218m[48;2;118;116;218m▀[0m[38;2;118;116;218m[48;2;118;116;218m▀[0m[38;2;0;0;0m[48;2;0;0;0m▀[0m   [38;2;69;59;22m▀[38;2;94;84;34m[48;2;69;59;22m▀[0m[38;2;94;84;34m[48;2;94;84;34m▀[0m[38;2;0;0;0m[48;2;0;0;0m▀[0m          
                   [38;2;68;66;168m▄[38;2;68;66;168m[48;2;118;116;218m▀[0m[38;2;160;159;255m[48;2;160;159;255m▀[0m[38;2;68;66;168m[48;2;160;159;255m▀[0m[38;2;118;116;218m[48;2;68;66;168m▀[0m[38;2;68;66;168m[48;2;118;116;218m▀[0m[38;2;118;116;218m[48;2;118;116;218m▀[0m[38;2;118;116;218m[48;2;160;159;255m▀[0m[38;2;118;116;218m[48;2;160;159;255m▀[0m[38;2;118;116;218m[48;2;118;116;218m▀[0m[38;2;118;116;218m[48;2;118;116;218m▀[0m[38;2;118;116;218m[48;2;118;116;218m▀[0m[38;2;118;116;218m[48;2;118;116;218m▀[0m[38;2;68;66;168m[48;2;68;66;168m▀[0m[38;2;118;116;218m[48;2;118;116;218m▀[0m[38;2;118;116;218m[48;2;160;159;255m▀[0m[38;2;255;255;255m[48;2;160;159;255m▀[0m[38;2;160;159;255m[48;2;160;159;255m▀[0m[38;2;118;116;218m[48;2;118;116;218m▀[0m[38;2;118;116;218m[48;2;68;66;168m▀[0m[38;2;0;0;0m[48;2;0;0;0m▀[0m    [38;2;69;59;22m▀[38;2;94;84;34m[48;2;69;59;22m▀[0m[38;2;94;84;34m[48;2;94;84;34m▀[0m[38;2;0;0;0m[48;2;0;0;0m▀[0m         
                   [38;2;68;66;168m[48;2;68;66;168m▀[0m[38;2;118;116;218m[48;2;118;116;218m▀[0m[38;2;160;159;255m[48;2;118;116;218m▀[0m[38;2;160;159;255m[48;2;160;159;255m▀[0m[38;2;118;116;218m[48;2;118;116;218m▀[0m[38;2;68;66;168m[48;2;68;66;168m▀[0m[38;2;118;116;218m[48;2;118;116;218m▀[0m[38;2;160;159;255m[48;2;118;116;218m▀[0m[38;2;160;159;255m[48;2;118;116;218m▀[0m[38;2;118;116;218m[48;2;118;116;218m▀[0m[38;2;118;116;218m[48;2;118;116;218m▀[0m[38;2;118;116;218m[48;2;118;116;218m▀[0m[38;2;118;116;218m[48;2;118;116;218m▀[0m[38;2;68;66;168m[48;2;118;116;218m▀[0m[38;2;118;116;218m[48;2;118;116;218m▀[0m[38;2;160;159;255m[48;2;68;66;168m▀[0m[38;2;160;159;255m[48;2;0;0;0m▀[0m[38;2;118;116;218m[48;2;0;0;0m▀[0m[38;2;68;66;168m[48;2;162;209;61m▀[0m[38;2;0;0;0m[48;2;162;209;61m▀[0m[38;2;0;0;0m▄     [38;2;69;59;22m▀[38;2;94;84;34m[48;2;69;59;22m▀[0m[38;2;161;138;74m[48;2;161;138;74m▀[0m[38;2;0;0;0m[48;2;0;0;0m▀[0m        
         [38;2;97;95;36m▄[38;2;97;95;36m▄[38;2;97;95;36m▄[38;2;97;95;36m▄      [38;2;68;66;168m▀[38;2;118;116;218m[48;2;0;0;0m▀[0m[38;2;118;116;218m[48;2;68;66;168m▀[0m[38;2;118;116;218m[48;2;118;116;218m▀[0m[38;2;118;116;218m[48;2;118;116;218m▀[0m[38;2;118;116;218m[48;2;68;66;168m▀[0m[38;2;118;116;218m[48;2;68;66;168m▀[0m[38;2;118;116;218m[48;2;68;66;168m▀[0m[38;2;68;66;168m[48;2;0;0;0m▀[0m[38;2;68;66;168m[48;2;162;209;61m▀[0m[38;2;68;66;168m[48;2;162;209;61m▀[0m[38;2;68;66;168m[48;2;91;130;8m▀[0m[38;2;68;66;168m[48;2;242;242;242m▀[0m[38;2;0;0;0m[48;2;91;130;8m▀[0m[38;2;68;66;168m[48;2;242;242;242m▀[0m[38;2;242;242;242m[48;2;242;242;242m▀[0m[38;2;68;66;168m[48;2;91;130;8m▀[0m[38;2;162;209;61m[48;2;162;209;61m▀[0m[38;2;162;209;61m[48;2;162;209;61m▀[0m[38;2;162;209;61m[48;2;162;209;61m▀[0m[38;2;0;0;0m[48;2;0;0;0m▀[0m      [38;2;69;59;22m[48;2;69;59;22m▀[0m[38;2;161;138;74m[48;2;161;138;74m▀[0m[38;2;0;0;0m[48;2;0;0;0m▀[0m        
      [38;2;97;95;36m▄[38;2;97;95;36m[48;2;184;170;101m▀[0m[38;2;97;95;36m[48;2;184;170;101m▀[0m[38;2;184;170;101m[48;2;184;170;101m▀[0m[38;2;184;170;101m[48;2;184;170;101m▀[0m[38;2;184;170;101m[48;2;152;140;67m▀[0m[38;2;152;140;67m[48;2;0;0;0m▀[0m[38;2;0;0;0m▀       [38;2;0;0;0m▀[38;2;0;0;0m[48;2;91;130;8m▀[0m[38;2;0;0;0m[48;2;91;130;8m▀[0m[38;2;242;242;242m[48;2;242;242;242m▀[0m[38;2;0;0;0m[48;2;242;242;242m▀[0m[38;2;242;242;242m[48;2;162;209;61m▀[0m[38;2;91;130;8m[48;2;91;130;8m▀[0m[38;2;162;209;61m[48;2;162;209;61m▀[0m[38;2;162;209;61m[48;2;162;209;61m▀[0m[38;2;162;209;61m[48;2;162;209;61m▀[0m[38;2;91;130;8m[48;2;162;209;61m▀[0m[38;2;242;242;242m[48;2;91;130;8m▀[0m[38;2;242;242;242m[48;2;91;130;8m▀[0m[38;2;91;130;8m[48;2;162;209;61m▀[0m[38;2;162;209;61m[48;2;162;209;61m▀[0m[38;2;162;209;61m[48;2;203;251;101m▀[0m[38;2;162;209;61m[48;2;91;130;8m▀[0m[38;2;0;0;0m[48;2;0;0;0m▀[0m  [38;2;69;59;22m▄[38;2;69;59;22m▄  [38;2;69;59;22m[48;2;69;59;22m▀[0m[38;2;161;138;74m[48;2;161;138;74m▀[0m[38;2;161;138;74m[48;2;0;0;0m▀[0m[38;2;0;0;0m▀        
    [38;2;97;95;36m▄[38;2;97;95;36m[48;2;152;140;67m▀[0m[38;2;184;170;101m[48;2;184;170;101m▀[0m[38;2;184;170;101m[48;2;184;170;101m▀[0m[38;2;184;170;101m[48;2;152;140;67m▀[0m[38;2;152;140;67m[48;2;152;140;67m▀[0m[38;2;152;140;67m[48;2;152;140;67m▀[0m[38;2;0;0;0m[48;2;0;0;0m▀[0m           [38;2;0;0;0m▀[38;2;91;130;8m[48;2;0;0;0m▀[0m[38;2;242;242;242m[48;2;0;0;0m▀[0m[38;2;91;130;8m[48;2;203;251;101m▀[0m[38;2;203;251;101m[48;2;203;251;101m▀[0m[38;2;162;209;61m[48;2;203;251;101m▀[0m[38;2;162;209;61m[48;2;203;251;101m▀[0m[38;2;162;209;61m[48;2;203;251;101m▀[0m[38;2;203;251;101m[48;2;203;251;101m▀[0m[38;2;203;251;101m[48;2;203;251;101m▀[0m[38;2;203;251;101m[48;2;203;251;101m▀[0m[38;2;203;251;101m[48;2;203;251;101m▀[0m[38;2;203;251;101m[48;2;91;130;8m▀[0m[38;2;203;251;101m[48;2;0;0;0m▀[0m[38;2;0;0;0m[48;2;94;84;34m▀[0m[38;2;69;59;22m▄[38;2;69;59;22m▄[38;2;69;59;22m[48;2;94;84;34m▀[0m[38;2;94;84;34m[48;2;94;84;34m▀[0m[38;2;94;84;34m[48;2;0;0;0m▀[0m[38;2;69;59;22m[48;2;161;138;74m▀[0m[38;2;69;59;22m[48;2;161;138;74m▀[0m[38;2;161;138;74m[48;2;161;138;74m▀[0m[38;2;161;138;74m[48;2;0;0;0m▀[0m[38;2;0;0;0m▀         
    [38;2;97;95;36m▀[38;2;152;140;67m[48;2;97;95;36m▀[0m[38;2;152;140;67m[48;2;0;0;0m▀[0m[38;2;152;140;67m[48;2;152;140;67m▀[0m[38;2;152;140;67m[48;2;152;140;67m▀[0m[38;2;152;140;67m[48;2;0;0;0m▀[0m[38;2;0;0;0m▀                [38;2;0;0;0m▄[38;2;0;0;0m[48;2;69;59;22m▀[0m[38;2;0;0;0m[48;2;161;138;74m▀[0m[38;2;0;0;0m[48;2;161;138;74m▀[0m[38;2;0;0;0m[48;2;161;138;74m▀[0m[38;2;0;0;0m[48;2;161;138;74m▀[0m[38;2;0;0;0m[48;2;161;138;74m▀[0m[38;2;161;138;74m[48;2;94;84;34m▀[0m[38;2;161;138;74m[48;2;94;84;34m▀[0m[38;2;94;84;34m[48;2;161;138;74m▀[0m[38;2;161;138;74m[48;2;161;138;74m▀[0m[38;2;69;59;22m[48;2;0;0;0m▀[0m[38;2;94;84;34m[48;2;69;59;22m▀[0m[38;2;0;0;0m▀                
    [38;2;0;0;0m▄[38;2;0;0;0m[48;2;161;138;74m▀[0m[38;2;94;84;34m[48;2;0;0;0m▀[0m[38;2;0;0;0m▀[38;2;0;0;0m▀                  [38;2;0;0;0m▀[38;2;94;84;34m[48;2;0;0;0m▀[0m[38;2;94;84;34m[48;2;0;0;0m▀[0m[38;2;94;84;34m[48;2;161;138;74m▀[0m[38;2;94;84;34m[48;2;161;138;74m▀[0m[38;2;94;84;34m[48;2;161;138;74m▀[0m[38;2;94;84;34m[48;2;0;0;0m▀[0m[38;2;161;138;74m[48;2;0;0;0m▀[0m[38;2;161;138;74m[48;2;0;0;0m▀[0m[38;2;0;0;0m[48;2;94;84;34m▀[0m[38;2;0;0;0m[48;2;94;84;34m▀[0m[38;2;94;84;34m[48;2;69;59;22m▀[0m[38;2;69;59;22m[48;2;0;0;0m▀[0m   [38;2;69;59;22m▄[38;2;69;59;22m▄[38;2;69;59;22m▄[38;2;69;59;22m▄[38;2;69;59;22m▄[38;2;69;59;22m▄        
    [38;2;0;0;0m[48;2;0;0;0m▀[0m[38;2;161;138;74m[48;2;161;138;74m▀[0m[38;2;0;0;0m[48;2;0;0;0m▀[0m  [38;2;193;117;11m[48;2;0;0;0m▀[0m[38;2;193;117;11m[48;2;250;185;5m▀[0m[38;2;193;117;11m[48;2;250;185;5m▀[0m[38;2;193;117;11m▄[38;2;193;117;11m▄              [38;2;0;0;0m[48;2;0;0;0m▀[0m[38;2;94;84;34m[48;2;94;84;34m▀[0m[38;2;69;59;22m[48;2;69;59;22m▀[0m[38;2;0;0;0m[48;2;94;84;34m▀[0m[38;2;0;0;0m[48;2;69;59;22m▀[0m[38;2;94;84;34m[48;2;69;59;22m▀[0m[38;2;94;84;34m[48;2;69;59;22m▀[0m[38;2;94;84;34m[48;2;69;59;22m▀[0m[38;2;69;59;22m[48;2;162;209;61m▀[0m[38;2;69;59;22m[48;2;162;209;61m▀[0m[38;2;162;209;61m[48;2;162;209;61m▀[0m[38;2;162;209;61m[48;2;162;209;61m▀[0m[38;2;0;0;0m[48;2;69;59;22m▀[0m[38;2;69;59;22m▄[38;2;69;59;22m[48;2;161;138;74m▀[0m[38;2;161;138;74m[48;2;161;138;74m▀[0m[38;2;161;138;74m[48;2;0;0;0m▀[0m[38;2;161;138;74m[48;2;0;0;0m▀[0m[38;2;161;138;74m[48;2;0;0;0m▀[0m[38;2;161;138;74m[48;2;0;0;0m▀[0m[38;2;69;59;22m[48;2;161;138;74m▀[0m[38;2;69;59;22m[48;2;161;138;74m▀[0m[38;2;69;59;22m▄   [38;2;193;117;11m▄[38;2;193;117;11m▄ 
   [38;2;0;0;0m[48;2;0;0;0m▀[0m[38;2;161;138;74m[48;2;161;138;74m▀[0m[38;2;0;0;0m[48;2;0;0;0m▀[0m    [38;2;0;0;0m▀[38;2;250;185;5m[48;2;0;0;0m▀[0m[38;2;250;185;5m[48;2;250;185;5m▀[0m[38;2;250;185;5m[48;2;220;223;42m▀[0m[38;2;193;117;11m[48;2;220;223;42m▀[0m[38;2;193;117;11m[48;2;220;223;42m▀[0m[38;2;193;117;11m▄           [38;2;0;0;0m[48;2;0;0;0m▀[0m[38;2;161;138;74m[48;2;161;138;74m▀[0m[38;2;69;59;22m[48;2;161;138;74m▀[0m[38;2;69;59;22m[48;2;161;138;74m▀[0m[38;2;203;251;101m[48;2;69;59;22m▀[0m[38;2;203;251;101m[48;2;69;59;22m▀[0m[38;2;203;251;101m[48;2;69;59;22m▀[0m[38;2;203;251;101m[48;2;69;59;22m▀[0m[38;2;203;251;101m[48;2;69;59;22m▀[0m[38;2;203;251;101m[48;2;69;59;22m▀[0m[38;2;69;59;22m[48;2;161;138;74m▀[0m[38;2;69;59;22m[48;2;161;138;74m▀[0m[38;2;161;138;74m[48;2;161;138;74m▀[0m[38;2;161;138;74m[48;2;0;0;0m▀[0m[38;2;161;138;74m[48;2;0;0;0m▀[0m[38;2;0;0;0m▀    [38;2;0;0;0m▀[38;2;0;0;0m[48;2;193;117;11m▀[0m[38;2;161;138;74m[48;2;193;117;11m▀[0m[38;2;193;117;11m[48;2;250;185;5m▀[0m[38;2;193;117;11m[48;2;250;185;5m▀[0m[38;2;193;117;11m[48;2;250;185;5m▀[0m[38;2;250;185;5m[48;2;250;185;5m▀[0m[38;2;250;185;5m[48;2;0;0;0m▀[0m[38;2;0;0;0m▀
   [38;2;0;0;0m[48;2;0;0;0m▀[0m[38;2;161;138;74m[48;2;161;138;74m▀[0m[38;2;0;0;0m[48;2;0;0;0m▀[0m     [38;2;0;0;0m▀[38;2;220;223;42m[48;2;0;0;0m▀[0m[38;2;220;223;42m[48;2;220;223;42m▀[0m[38;2;220;223;42m[48;2;97;95;36m▀[0m[38;2;220;223;42m[48;2;184;170;101m▀[0m[38;2;184;170;101m[48;2;184;170;101m▀[0m[38;2;97;95;36m[48;2;184;170;101m▀[0m[38;2;97;95;36m▄       [38;2;91;130;8m▄[38;2;91;130;8m[48;2;203;251;101m▀[0m[38;2;203;251;101m[48;2;203;251;101m▀[0m[38;2;69;59;22m[48;2;203;251;101m▀[0m[38;2;69;59;22m[48;2;203;251;101m▀[0m[38;2;161;138;74m[48;2;69;59;22m▀[0m[38;2;161;138;74m[48;2;0;0;0m▀[0m[38;2;161;138;74m[48;2;0;0;0m▀[0m[38;2;161;138;74m[48;2;0;0;0m▀[0m[38;2;161;138;74m[48;2;0;0;0m▀[0m[38;2;161;138;74m[48;2;0;0;0m▀[0m[38;2;161;138;74m[48;2;0;0;0m▀[0m[38;2;161;138;74m[48;2;0;0;0m▀[0m[38;2;0;0;0m[48;2;203;251;101m▀[0m[38;2;0;0;0m[48;2;203;251;101m▀[0m[38;2;203;251;101m[48;2;203;251;101m▀[0m[38;2;162;209;61m[48;2;203;251;101m▀[0m[38;2;0;0;0m▄ [38;2;97;95;36m▄[38;2;97;95;36m▄[38;2;193;117;11m[48;2;220;223;42m▀[0m[38;2;193;117;11m[48;2;220;223;42m▀[0m[38;2;220;223;42m[48;2;220;223;42m▀[0m[38;2;250;185;5m[48;2;250;185;5m▀[0m[38;2;250;185;5m[48;2;250;185;5m▀[0m[38;2;250;185;5m[48;2;250;185;5m▀[0m[38;2;250;185;5m[48;2;0;0;0m▀[0m[38;2;0;0;0m[48;2;69;59;22m▀[0m  
   [38;2;0;0;0m[48;2;0;0;0m▀[0m[38;2;161;138;74m[48;2;161;138;74m▀[0m[38;2;0;0;0m[48;2;0;0;0m▀[0m      [38;2;0;0;0m[48;2;0;0;0m▀[0m[38;2;220;223;42m[48;2;184;170;101m▀[0m[38;2;184;170;101m[48;2;184;170;101m▀[0m[38;2;97;95;36m[48;2;97;95;36m▀[0m[38;2;184;170;101m[48;2;184;170;101m▀[0m[38;2;184;170;101m[48;2;152;140;67m▀[0m[38;2;97;95;36m[48;2;152;140;67m▀[0m[38;2;0;0;0m[48;2;0;0;0m▀[0m  [38;2;91;130;8m▄[38;2;91;130;8m▄[38;2;91;130;8m[48;2;203;251;101m▀[0m[38;2;91;130;8m[48;2;203;251;101m▀[0m[38;2;203;251;101m[48;2;203;251;101m▀[0m[38;2;203;251;101m[48;2;203;251;101m▀[0m[38;2;203;251;101m[48;2;203;251;101m▀[0m[38;2;203;251;101m[48;2;203;251;101m▀[0m[38;2;203;251;101m[48;2;203;251;101m▀[0m[38;2;203;251;101m[48;2;203;251;101m▀[0m[38;2;203;251;101m[48;2;203;251;101m▀[0m[38;2;203;251;101m[48;2;203;251;101m▀[0m[38;2;203;251;101m[48;2;203;251;101m▀[0m[38;2;203;251;101m[48;2;203;251;101m▀[0m[38;2;203;251;101m[48;2;203;251;101m▀[0m[38;2;203;251;101m[48;2;203;251;101m▀[0m[38;2;203;251;101m[48;2;203;251;101m▀[0m[38;2;203;251;101m[48;2;203;251;101m▀[0m[38;2;203;251;101m[48;2;203;251;101m▀[0m[38;2;203;251;101m[48;2;203;251;101m▀[0m[38;2;203;251;101m[48;2;203;251;101m▀[0m[38;2;91;130;8m[48;2;97;95;36m▀[0m[38;2;97;95;36m[48;2;152;140;67m▀[0m[38;2;184;170;101m[48;2;184;170;101m▀[0m[38;2;184;170;101m[48;2;184;170;101m▀[0m[38;2;220;223;42m[48;2;97;95;36m▀[0m[38;2;220;223;42m[48;2;220;223;42m▀[0m[38;2;220;223;42m[48;2;220;223;42m▀[0m[38;2;220;223;42m[48;2;220;223;42m▀[0m[38;2;250;185;5m[48;2;220;223;42m▀[0m[38;2;0;0;0m[48;2;0;0;0m▀[0m[38;2;94;84;34m[48;2;69;59;22m▀[0m[38;2;94;84;34m[48;2;94;84;34m▀[0m[38;2;69;59;22m[48;2;69;59;22m▀[0m 
    [38;2;0;0;0m[48;2;0;0;0m▀[0m[38;2;161;138;74m[48;2;161;138;74m▀[0m[38;2;0;0;0m[48;2;0;0;0m▀[0m     [38;2;0;0;0m[48;2;0;0;0m▀[0m[38;2;152;140;67m[48;2;152;140;67m▀[0m[38;2;184;170;101m[48;2;152;140;67m▀[0m[38;2;184;170;101m[48;2;152;140;67m▀[0m[38;2;97;95;36m[48;2;97;95;36m▀[0m[38;2;152;140;67m[48;2;91;130;8m▀[0m[38;2;152;140;67m[48;2;91;130;8m▀[0m[38;2;91;130;8m[48;2;203;251;101m▀[0m[38;2;91;130;8m[48;2;203;251;101m▀[0m[38;2;91;130;8m[48;2;203;251;101m▀[0m[38;2;203;251;101m[48;2;203;251;101m▀[0m[38;2;203;251;101m[48;2;203;251;101m▀[0m[38;2;203;251;101m[48;2;203;251;101m▀[0m[38;2;203;251;101m[48;2;203;251;101m▀[0m[38;2;203;251;101m[48;2;203;251;101m▀[0m[38;2;203;251;101m[48;2;203;251;101m▀[0m[38;2;203;251;101m[48;2;203;251;101m▀[0m[38;2;203;251;101m[48;2;203;251;101m▀[0m[38;2;203;251;101m[48;2;203;251;101m▀[0m[38;2;203;251;101m[48;2;203;251;101m▀[0m[38;2;203;251;101m[48;2;203;251;101m▀[0m[38;2;203;251;101m[48;2;203;251;101m▀[0m[38;2;203;251;101m[48;2;203;251;101m▀[0m[38;2;203;251;101m[48;2;203;251;101m▀[0m[38;2;203;251;101m[48;2;203;251;101m▀[0m[38;2;203;251;101m[48;2;203;251;101m▀[0m[38;2;203;251;101m[48;2;203;251;101m▀[0m[38;2;203;251;101m[48;2;203;251;101m▀[0m[38;2;203;251;101m[48;2;203;251;101m▀[0m[38;2;203;251;101m[48;2;203;251;101m▀[0m[38;2;203;251;101m[48;2;203;251;101m▀[0m[38;2;97;95;36m[48;2;152;140;67m▀[0m[38;2;184;170;101m[48;2;184;170;101m▀[0m[38;2;184;170;101m[48;2;97;95;36m▀[0m[38;2;97;95;36m[48;2;184;170;101m▀[0m[38;2;184;170;101m[48;2;184;170;101m▀[0m[38;2;220;223;42m[48;2;184;170;101m▀[0m[38;2;220;223;42m[48;2;220;223;42m▀[0m[38;2;220;223;42m[48;2;220;223;42m▀[0m[38;2;0;0;0m[48;2;0;0;0m▀[0m [38;2;69;59;22m▀[38;2;94;84;34m[48;2;0;0;0m▀[0m[38;2;69;59;22m[48;2;94;84;34m▀[0m[38;2;69;59;22m▄
    [38;2;0;0;0m▀[38;2;161;138;74m[48;2;0;0;0m▀[0m[38;2;0;0;0m[48;2;161;138;74m▀[0m[38;2;0;0;0m▄     [38;2;0;0;0m[48;2;0;0;0m▀[0m[38;2;152;140;67m[48;2;91;130;8m▀[0m[38;2;91;130;8m[48;2;203;251;101m▀[0m[38;2;91;130;8m[48;2;203;251;101m▀[0m[38;2;203;251;101m[48;2;203;251;101m▀[0m[38;2;203;251;101m[48;2;152;140;67m▀[0m[38;2;203;251;101m[48;2;152;140;67m▀[0m[38;2;203;251;101m[48;2;203;251;101m▀[0m[38;2;203;251;101m[48;2;203;251;101m▀[0m[38;2;203;251;101m[48;2;203;251;101m▀[0m[38;2;203;251;101m[48;2;203;251;101m▀[0m[38;2;203;251;101m[48;2;203;251;101m▀[0m[38;2;203;251;101m[48;2;203;251;101m▀[0m[38;2;203;251;101m[48;2;203;251;101m▀[0m[38;2;203;251;101m[48;2;203;251;101m▀[0m[38;2;203;251;101m[48;2;203;251;101m▀[0m[38;2;203;251;101m[48;2;203;251;101m▀[0m[38;2;203;251;101m[48;2;203;251;101m▀[0m[38;2;203;251;101m[48;2;203;251;101m▀[0m[38;2;203;251;101m[48;2;203;251;101m▀[0m[38;2;203;251;101m[48;2;203;251;101m▀[0m[38;2;203;251;101m[48;2;203;251;101m▀[0m[38;2;203;251;101m[48;2;203;251;101m▀[0m[38;2;203;251;101m[48;2;203;251;101m▀[0m[38;2;203;251;101m[48;2;203;251;101m▀[0m[38;2;203;251;101m[48;2;203;251;101m▀[0m[38;2;203;251;101m[48;2;203;251;101m▀[0m[38;2;203;251;101m[48;2;203;251;101m▀[0m[38;2;203;251;101m[48;2;203;251;101m▀[0m[38;2;203;251;101m[48;2;203;251;101m▀[0m[38;2;152;140;67m[48;2;152;140;67m▀[0m[38;2;152;140;67m[48;2;97;95;36m▀[0m[38;2;97;95;36m[48;2;152;140;67m▀[0m[38;2;184;170;101m[48;2;152;140;67m▀[0m[38;2;184;170;101m[48;2;184;170;101m▀[0m[38;2;184;170;101m[48;2;184;170;101m▀[0m[38;2;184;170;101m[48;2;184;170;101m▀[0m[38;2;0;0;0m[48;2;0;0;0m▀[0m   [38;2;0;0;0m[48;2;0;0;0m▀[0m[38;2;94;84;34m[48;2;94;84;34m▀[0m[38;2;69;59;22m[48;2;69;59;22m▀[0m
     [38;2;0;0;0m▀[38;2;94;84;34m[48;2;0;0;0m▀[0m[38;2;94;84;34m[48;2;94;84;34m▀[0m[38;2;69;59;22m[48;2;94;84;34m▀[0m[38;2;69;59;22m▄[38;2;0;0;0m▄[38;2;0;0;0m▄[38;2;0;0;0m[48;2;203;251;101m▀[0m[38;2;203;251;101m[48;2;203;251;101m▀[0m[38;2;203;251;101m[48;2;166;207;89m▀[0m[38;2;203;251;101m[48;2;152;140;67m▀[0m[38;2;152;140;67m[48;2;152;140;67m▀[0m[38;2;152;140;67m[48;2;152;140;67m▀[0m[38;2;152;140;67m[48;2;152;140;67m▀[0m[38;2;152;140;67m[48;2;166;207;89m▀[0m[38;2;152;140;67m[48;2;203;251;101m▀[0m[38;2;152;140;67m[48;2;203;251;101m▀[0m[38;2;203;251;101m[48;2;203;251;101m▀[0m[38;2;203;251;101m[48;2;203;251;101m▀[0m[38;2;203;251;101m[48;2;203;251;101m▀[0m[38;2;203;251;101m[48;2;203;251;101m▀[0m[38;2;203;251;101m[48;2;203;251;101m▀[0m[38;2;203;251;101m[48;2;203;251;101m▀[0m[38;2;203;251;101m[48;2;203;251;101m▀[0m[38;2;203;251;101m[48;2;203;251;101m▀[0m[38;2;203;251;101m[48;2;203;251;101m▀[0m[38;2;203;251;101m[48;2;203;251;101m▀[0m[38;2;203;251;101m[48;2;203;251;101m▀[0m[38;2;203;251;101m[48;2;203;251;101m▀[0m[38;2;203;251;101m[48;2;203;251;101m▀[0m[38;2;203;251;101m[48;2;203;251;101m▀[0m[38;2;203;251;101m[48;2;203;251;101m▀[0m[38;2;203;251;101m[48;2;203;251;101m▀[0m[38;2;203;251;101m[48;2;166;207;89m▀[0m[38;2;203;251;101m[48;2;166;207;89m▀[0m[38;2;203;251;101m[48;2;203;251;101m▀[0m[38;2;203;251;101m[48;2;203;251;101m▀[0m[38;2;203;251;101m[48;2;203;251;101m▀[0m[38;2;97;95;36m[48;2;0;0;0m▀[0m[38;2;97;95;36m[48;2;152;140;67m▀[0m[38;2;152;140;67m[48;2;152;140;67m▀[0m[38;2;152;140;67m[48;2;152;140;67m▀[0m[38;2;152;140;67m[48;2;152;140;67m▀[0m[38;2;152;140;67m[48;2;152;140;67m▀[0m[38;2;152;140;67m[48;2;0;0;0m▀[0m[38;2;0;0;0m▀   [38;2;0;0;0m[48;2;0;0;0m▀[0m[38;2;94;84;34m[48;2;94;84;34m▀[0m[38;2;69;59;22m[48;2;69;59;22m▀[0m
       [38;2;0;0;0m▀[38;2;94;84;34m[48;2;91;130;8m▀[0m[38;2;0;0;0m[48;2;203;251;101m▀[0m[38;2;203;251;101m[48;2;203;251;101m▀[0m[38;2;203;251;101m[48;2;203;251;101m▀[0m[38;2;203;251;101m[48;2;203;251;101m▀[0m[38;2;203;251;101m[48;2;152;140;67m▀[0m[38;2;152;140;67m[48;2;203;251;101m▀[0m[38;2;152;140;67m[48;2;203;251;101m▀[0m[38;2;166;207;89m[48;2;203;251;101m▀[0m[38;2;203;251;101m[48;2;203;251;101m▀[0m[38;2;203;251;101m[48;2;203;251;101m▀[0m[38;2;203;251;101m[48;2;203;251;101m▀[0m[38;2;203;251;101m[48;2;203;251;101m▀[0m[38;2;203;251;101m[48;2;203;251;101m▀[0m[38;2;203;251;101m[48;2;203;251;101m▀[0m[38;2;203;251;101m[48;2;203;251;101m▀[0m[38;2;203;251;101m[48;2;203;251;101m▀[0m[38;2;203;251;101m[48;2;203;251;101m▀[0m[38;2;203;251;101m[48;2;203;251;101m▀[0m[38;2;203;251;101m[48;2;203;251;101m▀[0m[38;2;203;251;101m[48;2;203;251;101m▀[0m[38;2;203;251;101m[48;2;203;251;101m▀[0m[38;2;203;251;101m[48;2;203;251;101m▀[0m[38;2;203;251;101m[48;2;203;251;101m▀[0m[38;2;203;251;101m[48;2;203;251;101m▀[0m[38;2;203;251;101m[48;2;203;251;101m▀[0m[38;2;203;251;101m[48;2;203;251;101m▀[0m[38;2;203;251;101m[48;2;203;251;101m▀[0m[38;2;166;207;89m[48;2;203;251;101m▀[0m[38;2;166;207;89m[48;2;152;140;67m▀[0m[38;2;152;140;67m[48;2;152;140;67m▀[0m[38;2;152;140;67m[48;2;152;140;67m▀[0m[38;2;152;140;67m[48;2;152;140;67m▀[0m[38;2;203;251;101m[48;2;203;251;101m▀[0m[38;2;203;251;101m[48;2;203;251;101m▀[0m[38;2;203;251;101m[48;2;203;251;101m▀[0m[38;2;0;0;0m[48;2;203;251;101m▀[0m[38;2;0;0;0m[48;2;162;209;61m▀[0m[38;2;152;140;67m[48;2;0;0;0m▀[0m[38;2;152;140;67m[48;2;0;0;0m▀[0m[38;2;152;140;67m[48;2;0;0;0m▀[0m[38;2;0;0;0m[48;2;162;209;61m▀[0m[38;2;0;0;0m▄  [38;2;0;0;0m▄[38;2;0;0;0m[48;2;94;84;34m▀[0m[38;2;94;84;34m[48;2;0;0;0m▀[0m[38;2;69;59;22m▀
      [38;2;91;130;8m▄[38;2;91;130;8m[48;2;203;251;101m▀[0m[38;2;203;251;101m[48;2;203;251;101m▀[0m[38;2;203;251;101m[48;2;203;251;101m▀[0m[38;2;203;251;101m[48;2;203;251;101m▀[0m[38;2;203;251;101m[48;2;203;251;101m▀[0m[38;2;203;251;101m[48;2;203;251;101m▀[0m[38;2;203;251;101m[48;2;203;251;101m▀[0m[38;2;203;251;101m[48;2;203;251;101m▀[0m[38;2;203;251;101m[48;2;203;251;101m▀[0m[38;2;203;251;101m[48;2;203;251;101m▀[0m[38;2;203;251;101m[48;2;203;251;101m▀[0m[38;2;203;251;101m[48;2;203;251;101m▀[0m[38;2;203;251;101m[48;2;203;251;101m▀[0m[38;2;203;251;101m[48;2;203;251;101m▀[0m[38;2;203;251;101m[48;2;203;251;101m▀[0m[38;2;203;251;101m[48;2;203;251;101m▀[0m[38;2;203;251;101m[48;2;203;251;101m▀[0m[38;2;203;251;101m[48;2;203;251;101m▀[0m[38;2;203;251;101m[48;2;203;251;101m▀[0m[38;2;203;251;101m[48;2;203;251;101m▀[0m[38;2;203;251;101m[48;2;203;251;101m▀[0m[38;2;203;251;101m[48;2;203;251;101m▀[0m[38;2;203;251;101m[48;2;203;251;101m▀[0m[38;2;203;251;101m[48;2;203;251;101m▀[0m[38;2;203;251;101m[48;2;203;251;101m▀[0m[38;2;203;251;101m[48;2;203;251;101m▀[0m[38;2;203;251;101m[48;2;203;251;101m▀[0m[38;2;203;251;101m[48;2;203;251;101m▀[0m[38;2;203;251;101m[48;2;203;251;101m▀[0m[38;2;203;251;101m[48;2;203;251;101m▀[0m[38;2;152;140;67m[48;2;203;251;101m▀[0m[38;2;152;140;67m[48;2;152;140;67m▀[0m[38;2;152;140;67m[48;2;152;140;67m▀[0m[38;2;152;140;67m[48;2;152;140;67m▀[0m[38;2;152;140;67m[48;2;152;140;67m▀[0m[38;2;203;251;101m[48;2;203;251;101m▀[0m[38;2;203;251;101m[48;2;203;251;101m▀[0m[38;2;203;251;101m[48;2;203;251;101m▀[0m[38;2;162;209;61m[48;2;203;251;101m▀[0m[38;2;162;209;61m[48;2;162;209;61m▀[0m[38;2;162;209;61m[48;2;162;209;61m▀[0m[38;2;162;209;61m[48;2;162;209;61m▀[0m[38;2;162;209;61m[48;2;162;209;61m▀[0m[38;2;162;209;61m[48;2;162;209;61m▀[0m[38;2;0;0;0m[48;2;91;130;8m▀[0m[38;2;0;0;0m▄[38;2;0;0;0m[48;2;94;84;34m▀[0m[38;2;94;84;34m[48;2;0;0;0m▀[0m[38;2;0;0;0m▀ 
    [38;2;91;130;8m▄[38;2;91;130;8m[48;2;162;209;61m▀[0m[38;2;203;251;101m[48;2;203;251;101m▀[0m[38;2;203;251;101m[48;2;203;251;101m▀[0m[38;2;203;251;101m[48;2;203;251;101m▀[0m[38;2;203;251;101m[48;2;203;251;101m▀[0m[38;2;203;251;101m[48;2;203;251;101m▀[0m[38;2;203;251;101m[48;2;203;251;101m▀[0m[38;2;203;251;101m[48;2;203;251;101m▀[0m[38;2;203;251;101m[48;2;203;251;101m▀[0m[38;2;203;251;101m[48;2;203;251;101m▀[0m[38;2;203;251;101m[48;2;203;251;101m▀[0m[38;2;203;251;101m[48;2;203;251;101m▀[0m[38;2;203;251;101m[48;2;203;251;101m▀[0m[38;2;203;251;101m[48;2;203;251;101m▀[0m[38;2;203;251;101m[48;2;203;251;101m▀[0m[38;2;203;251;101m[48;2;203;251;101m▀[0m[38;2;203;251;101m[48;2;203;251;101m▀[0m[38;2;203;251;101m[48;2;203;251;101m▀[0m[38;2;203;251;101m[48;2;203;251;101m▀[0m[38;2;203;251;101m[48;2;203;251;101m▀[0m[38;2;203;251;101m[48;2;203;251;101m▀[0m[38;2;203;251;101m[48;2;203;251;101m▀[0m[38;2;203;251;101m[48;2;203;251;101m▀[0m[38;2;203;251;101m[48;2;203;251;101m▀[0m[38;2;203;251;101m[48;2;203;251;101m▀[0m[38;2;203;251;101m[48;2;203;251;101m▀[0m[38;2;203;251;101m[48;2;203;251;101m▀[0m[38;2;203;251;101m[48;2;203;251;101m▀[0m[38;2;203;251;101m[48;2;203;251;101m▀[0m[38;2;203;251;101m[48;2;203;251;101m▀[0m[38;2;203;251;101m[48;2;203;251;101m▀[0m[38;2;203;251;101m[48;2;203;251;101m▀[0m[38;2;203;251;101m[48;2;203;251;101m▀[0m[38;2;152;140;67m[48;2;203;251;101m▀[0m[38;2;152;140;67m[48;2;166;207;89m▀[0m[38;2;152;140;67m[48;2;203;251;101m▀[0m[38;2;203;251;101m[48;2;203;251;101m▀[0m[38;2;203;251;101m[48;2;203;251;101m▀[0m[38;2;203;251;101m[48;2;203;251;101m▀[0m[38;2;203;251;101m[48;2;203;251;101m▀[0m[38;2;203;251;101m[48;2;203;251;101m▀[0m[38;2;162;209;61m[48;2;162;209;61m▀[0m[38;2;162;209;61m[48;2;162;209;61m▀[0m[38;2;162;209;61m[48;2;162;209;61m▀[0m[38;2;162;209;61m[48;2;162;209;61m▀[0m[38;2;162;209;61m[48;2;162;209;61m▀[0m[38;2;162;209;61m[48;2;162;209;61m▀[0m[38;2;0;0;0m[48;2;91;130;8m▀[0m[38;2;94;84;34m[48;2;0;0;0m▀[0m[38;2;0;0;0m▀  
   [38;2;91;130;8m▄[38;2;91;130;8m[48;2;203;251;101m▀[0m[38;2;203;251;101m[48;2;203;251;101m▀[0m[38;2;203;251;101m[48;2;203;251;101m▀[0m[38;2;203;251;101m[48;2;203;251;101m▀[0m[38;2;203;251;101m[48;2;203;251;101m▀[0m[38;2;203;251;101m[48;2;203;251;101m▀[0m[38;2;203;251;101m[48;2;203;251;101m▀[0m[38;2;203;251;101m[48;2;203;251;101m▀[0m[38;2;203;251;101m[48;2;203;251;101m▀[0m[38;2;203;251;101m[48;2;203;251;101m▀[0m[38;2;203;251;101m[48;2;203;251;101m▀[0m[38;2;203;251;101m[48;2;203;251;101m▀[0m[38;2;203;251;101m[48;2;203;251;101m▀[0m[38;2;203;251;101m[48;2;203;251;101m▀[0m[38;2;203;251;101m[48;2;203;251;101m▀[0m[38;2;203;251;101m[48;2;203;251;101m▀[0m[38;2;203;251;101m[48;2;203;251;101m▀[0m[38;2;203;251;101m[48;2;203;251;101m▀[0m[38;2;203;251;101m[48;2;203;251;101m▀[0m[38;2;203;251;101m[48;2;203;251;101m▀[0m[38;2;203;251;101m[48;2;203;251;101m▀[0m[38;2;203;251;101m[48;2;203;251;101m▀[0m[38;2;203;251;101m[48;2;203;251;101m▀[0m[38;2;203;251;101m[48;2;203;251;101m▀[0m[38;2;203;251;101m[48;2;203;251;101m▀[0m[38;2;203;251;101m[48;2;203;251;101m▀[0m[38;2;203;251;101m[48;2;203;251;101m▀[0m[38;2;203;251;101m[48;2;203;251;101m▀[0m[38;2;203;251;101m[48;2;203;251;101m▀[0m[38;2;203;251;101m[48;2;203;251;101m▀[0m[38;2;203;251;101m[48;2;203;251;101m▀[0m[38;2;203;251;101m[48;2;203;251;101m▀[0m[38;2;203;251;101m[48;2;203;251;101m▀[0m[38;2;203;251;101m[48;2;203;251;101m▀[0m[38;2;203;251;101m[48;2;203;251;101m▀[0m[38;2;203;251;101m[48;2;203;251;101m▀[0m[38;2;203;251;101m[48;2;203;251;101m▀[0m[38;2;203;251;101m[48;2;203;251;101m▀[0m[38;2;203;251;101m[48;2;203;251;101m▀[0m[38;2;203;251;101m[48;2;203;251;101m▀[0m[38;2;203;251;101m[48;2;203;251;101m▀[0m[38;2;162;209;61m[48;2;162;209;61m▀[0m[38;2;162;209;61m[48;2;162;209;61m▀[0m[38;2;162;209;61m[48;2;162;209;61m▀[0m[38;2;162;209;61m[48;2;162;209;61m▀[0m[38;2;162;209;61m[48;2;162;209;61m▀[0m[38;2;162;209;61m[48;2;162;209;61m▀[0m[38;2;162;209;61m[48;2;162;209;61m▀[0m[38;2;162;209;61m[48;2;162;209;61m▀[0m[38;2;0;0;0m[48;2;91;130;8m▀[0m   
   [38;2;91;130;8m[48;2;91;130;8m▀[0m[38;2;203;251;101m[48;2;203;251;101m▀[0m[38;2;203;251;101m[48;2;203;251;101m▀[0m[38;2;203;251;101m[48;2;203;251;101m▀[0m[38;2;203;251;101m[48;2;203;251;101m▀[0m[38;2;203;251;101m[48;2;203;251;101m▀[0m[38;2;203;251;101m[48;2;203;251;101m▀[0m[38;2;203;251;101m[48;2;203;251;101m▀[0m[38;2;203;251;101m[48;2;203;251;101m▀[0m[38;2;203;251;101m[48;2;203;251;101m▀[0m[38;2;203;251;101m[48;2;203;251;101m▀[0m[38;2;203;251;101m[48;2;203;251;101m▀[0m[38;2;203;251;101m[48;2;203;251;101m▀[0m[38;2;203;251;101m[48;2;203;251;101m▀[0m[38;2;203;251;101m[48;2;203;251;101m▀[0m[38;2;203;251;101m[48;2;203;251;101m▀[0m[38;2;203;251;101m[48;2;203;251;101m▀[0m[38;2;203;251;101m[48;2;203;251;101m▀[0m[38;2;203;251;101m[48;2;203;251;101m▀[0m[38;2;203;251;101m[48;2;203;251;101m▀[0m[38;2;203;251;101m[48;2;203;251;101m▀[0m[38;2;203;251;101m[48;2;203;251;101m▀[0m[38;2;203;251;101m[48;2;203;251;101m▀[0m[38;2;203;251;101m[48;2;203;251;101m▀[0m[38;2;203;251;101m[48;2;203;251;101m▀[0m[38;2;203;251;101m[48;2;203;251;101m▀[0m[38;2;203;251;101m[48;2;203;251;101m▀[0m[38;2;203;251;101m[48;2;203;251;101m▀[0m[38;2;203;251;101m[48;2;203;251;101m▀[0m[38;2;203;251;101m[48;2;203;251;101m▀[0m[38;2;203;251;101m[48;2;203;251;101m▀[0m[38;2;203;251;101m[48;2;203;251;101m▀[0m[38;2;203;251;101m[48;2;203;251;101m▀[0m[38;2;203;251;101m[48;2;203;251;101m▀[0m[38;2;203;251;101m[48;2;203;251;101m▀[0m[38;2;203;251;101m[48;2;203;251;101m▀[0m[38;2;203;251;101m[48;2;203;251;101m▀[0m[38;2;203;251;101m[48;2;203;251;101m▀[0m[38;2;203;251;101m[48;2;203;251;101m▀[0m[38;2;203;251;101m[48;2;203;251;101m▀[0m[38;2;203;251;101m[48;2;203;251;101m▀[0m[38;2;162;209;61m[48;2;162;209;61m▀[0m[38;2;162;209;61m[48;2;162;209;61m▀[0m[38;2;162;209;61m[48;2;162;209;61m▀[0m[38;2;162;209;61m[48;2;162;209;61m▀[0m[38;2;162;209;61m[48;2;162;209;61m▀[0m[38;2;162;209;61m[48;2;162;209;61m▀[0m[38;2;162;209;61m[48;2;162;209;61m▀[0m[38;2;162;209;61m[48;2;162;209;61m▀[0m[38;2;162;209;61m[48;2;162;209;61m▀[0m[38;2;162;209;61m[48;2;162;209;61m▀[0m[38;2;0;0;0m[48;2;0;0;0m▀[0m  
  [38;2;91;130;8m[48;2;0;0;0m▀[0m[38;2;203;251;101m[48;2;203;251;101m▀[0m[38;2;203;251;101m[48;2;166;207;89m▀[0m[38;2;166;207;89m[48;2;152;140;67m▀[0m[38;2;203;251;101m[48;2;203;251;101m▀[0m[38;2;203;251;101m[48;2;203;251;101m▀[0m[38;2;203;251;101m[48;2;203;251;101m▀[0m[38;2;203;251;101m[48;2;203;251;101m▀[0m[38;2;203;251;101m[48;2;203;251;101m▀[0m[38;2;203;251;101m[48;2;203;251;101m▀[0m[38;2;203;251;101m[48;2;203;251;101m▀[0m[38;2;203;251;101m[48;2;203;251;101m▀[0m[38;2;203;251;101m[48;2;203;251;101m▀[0m[38;2;203;251;101m[48;2;203;251;101m▀[0m[38;2;203;251;101m[48;2;203;251;101m▀[0m[38;2;203;251;101m[48;2;203;251;101m▀[0m[38;2;203;251;101m[48;2;203;251;101m▀[0m[38;2;203;251;101m[48;2;166;207;89m▀[0m[38;2;203;251;101m[48;2;152;140;67m▀[0m[38;2;152;140;67m[48;2;152;140;67m▀[0m[38;2;152;140;67m[48;2;152;140;67m▀[0m[38;2;152;140;67m[48;2;152;140;67m▀[0m[38;2;152;140;67m[48;2;152;140;67m▀[0m[38;2;203;251;101m[48;2;203;251;101m▀[0m[38;2;203;251;101m[48;2;203;251;101m▀[0m[38;2;203;251;101m[48;2;203;251;101m▀[0m[38;2;203;251;101m[48;2;203;251;101m▀[0m[38;2;203;251;101m[48;2;203;251;101m▀[0m[38;2;203;251;101m[48;2;203;251;101m▀[0m[38;2;203;251;101m[48;2;203;251;101m▀[0m[38;2;203;251;101m[48;2;203;251;101m▀[0m[38;2;203;251;101m[48;2;203;251;101m▀[0m[38;2;203;251;101m[48;2;203;251;101m▀[0m[38;2;203;251;101m[48;2;203;251;101m▀[0m[38;2;203;251;101m[48;2;203;251;101m▀[0m[38;2;203;251;101m[48;2;203;251;101m▀[0m[38;2;203;251;101m[48;2;203;251;101m▀[0m[38;2;203;251;101m[48;2;203;251;101m▀[0m[38;2;203;251;101m[48;2;203;251;101m▀[0m[38;2;203;251;101m[48;2;203;251;101m▀[0m[38;2;203;251;101m[48;2;203;251;101m▀[0m[38;2;162;209;61m[48;2;162;209;61m▀[0m[38;2;162;209;61m[48;2;162;209;61m▀[0m[38;2;162;209;61m[48;2;162;209;61m▀[0m[38;2;162;209;61m[48;2;162;209;61m▀[0m[38;2;162;209;61m[48;2;162;209;61m▀[0m[38;2;162;209;61m[48;2;162;209;61m▀[0m[38;2;162;209;61m[48;2;162;209;61m▀[0m[38;2;162;209;61m[48;2;162;209;61m▀[0m[38;2;162;209;61m[48;2;162;209;61m▀[0m[38;2;162;209;61m[48;2;162;209;61m▀[0m[38;2;162;209;61m[48;2;162;209;61m▀[0m[38;2;0;0;0m[48;2;0;0;0m▀[0m  
  [38;2;0;0;0m[48;2;0;0;0m▀[0m[38;2;203;251;101m[48;2;152;140;67m▀[0m[38;2;152;140;67m[48;2;152;140;67m▀[0m[38;2;152;140;67m[48;2;166;207;89m▀[0m[38;2;203;251;101m[48;2;203;251;101m▀[0m[38;2;203;251;101m[48;2;203;251;101m▀[0m[38;2;203;251;101m[48;2;203;251;101m▀[0m[38;2;203;251;101m[48;2;203;251;101m▀[0m[38;2;203;251;101m[48;2;203;251;101m▀[0m[38;2;203;251;101m[48;2;203;251;101m▀[0m[38;2;203;251;101m[48;2;203;251;101m▀[0m[38;2;203;251;101m[48;2;203;251;101m▀[0m[38;2;203;251;101m[48;2;203;251;101m▀[0m[38;2;203;251;101m[48;2;203;251;101m▀[0m[38;2;166;207;89m[48;2;152;140;67m▀[0m[38;2;152;140;67m[48;2;152;140;67m▀[0m[38;2;152;140;67m[48;2;152;140;67m▀[0m[38;2;152;140;67m[48;2;152;140;67m▀[0m[38;2;152;140;67m[48;2;152;140;67m▀[0m[38;2;152;140;67m[48;2;152;140;67m▀[0m[38;2;152;140;67m[48;2;152;140;67m▀[0m[38;2;152;140;67m[48;2;166;207;89m▀[0m[38;2;203;251;101m[48;2;203;251;101m▀[0m[38;2;203;251;101m[48;2;203;251;101m▀[0m[38;2;203;251;101m[48;2;203;251;101m▀[0m[38;2;203;251;101m[48;2;203;251;101m▀[0m[38;2;203;251;101m[48;2;203;251;101m▀[0m[38;2;203;251;101m[48;2;203;251;101m▀[0m[38;2;203;251;101m[48;2;203;251;101m▀[0m[38;2;203;251;101m[48;2;203;251;101m▀[0m[38;2;203;251;101m[48;2;203;251;101m▀[0m[38;2;203;251;101m[48;2;203;251;101m▀[0m[38;2;203;251;101m[48;2;203;251;101m▀[0m[38;2;203;251;101m[48;2;203;251;101m▀[0m[38;2;203;251;101m[48;2;203;251;101m▀[0m[38;2;203;251;101m[48;2;203;251;101m▀[0m[38;2;203;251;101m[48;2;203;251;101m▀[0m[38;2;203;251;101m[48;2;203;251;101m▀[0m[38;2;203;251;101m[48;2;203;251;101m▀[0m[38;2;203;251;101m[48;2;203;251;101m▀[0m[38;2;203;251;101m[48;2;162;209;61m▀[0m[38;2;162;209;61m[48;2;162;209;61m▀[0m[38;2;162;209;61m[48;2;162;209;61m▀[0m[38;2;162;209;61m[48;2;162;209;61m▀[0m[38;2;162;209;61m[48;2;162;209;61m▀[0m[38;2;162;209;61m[48;2;97;95;36m▀[0m[38;2;97;95;36m[48;2;97;95;36m▀[0m[38;2;97;95;36m[48;2;97;95;36m▀[0m[38;2;162;209;61m[48;2;162;209;61m▀[0m[38;2;162;209;61m[48;2;162;209;61m▀[0m[38;2;162;209;61m[48;2;162;209;61m▀[0m[38;2;162;209;61m[48;2;162;209;61m▀[0m[38;2;0;0;0m[48;2;0;0;0m▀[0m  
  [38;2;0;0;0m[48;2;0;0;0m▀[0m[38;2;97;95;36m[48;2;97;95;36m▀[0m[38;2;152;140;67m[48;2;152;140;67m▀[0m[38;2;203;251;101m[48;2;203;251;101m▀[0m[38;2;203;251;101m[48;2;203;251;101m▀[0m[38;2;203;251;101m[48;2;203;251;101m▀[0m[38;2;203;251;101m[48;2;203;251;101m▀[0m[38;2;203;251;101m[48;2;203;251;101m▀[0m[38;2;203;251;101m[48;2;203;251;101m▀[0m[38;2;203;251;101m[48;2;203;251;101m▀[0m[38;2;203;251;101m[48;2;203;251;101m▀[0m[38;2;203;251;101m[48;2;203;251;101m▀[0m[38;2;203;251;101m[48;2;203;251;101m▀[0m[38;2;203;251;101m[48;2;203;251;101m▀[0m[38;2;203;251;101m[48;2;203;251;101m▀[0m[38;2;152;140;67m[48;2;203;251;101m▀[0m[38;2;152;140;67m[48;2;152;140;67m▀[0m[38;2;152;140;67m[48;2;152;140;67m▀[0m[38;2;152;140;67m[48;2;203;251;101m▀[0m[38;2;203;251;101m[48;2;203;251;101m▀[0m[38;2;203;251;101m[48;2;203;251;101m▀[0m[38;2;203;251;101m[48;2;203;251;101m▀[0m[38;2;203;251;101m[48;2;203;251;101m▀[0m[38;2;203;251;101m[48;2;203;251;101m▀[0m[38;2;203;251;101m[48;2;203;251;101m▀[0m[38;2;203;251;101m[48;2;203;251;101m▀[0m[38;2;203;251;101m[48;2;203;251;101m▀[0m[38;2;203;251;101m[48;2;203;251;101m▀[0m[38;2;203;251;101m[48;2;203;251;101m▀[0m[38;2;203;251;101m[48;2;203;251;101m▀[0m[38;2;203;251;101m[48;2;203;251;101m▀[0m[38;2;203;251;101m[48;2;203;251;101m▀[0m[38;2;203;251;101m[48;2;203;251;101m▀[0m[38;2;203;251;101m[48;2;203;251;101m▀[0m[38;2;203;251;101m[48;2;203;251;101m▀[0m[38;2;203;251;101m[48;2;203;251;101m▀[0m[38;2;203;251;101m[48;2;203;251;101m▀[0m[38;2;203;251;101m[48;2;162;209;61m▀[0m[38;2;162;209;61m[48;2;162;209;61m▀[0m[38;2;162;209;61m[48;2;162;209;61m▀[0m[38;2;162;209;61m[48;2;162;209;61m▀[0m[38;2;162;209;61m[48;2;162;209;61m▀[0m[38;2;162;209;61m[48;2;162;209;61m▀[0m[38;2;97;95;36m[48;2;97;95;36m▀[0m[38;2;97;95;36m[48;2;97;95;36m▀[0m[38;2;97;95;36m[48;2;97;95;36m▀[0m[38;2;97;95;36m[48;2;97;95;36m▀[0m[38;2;97;95;36m[48;2;97;95;36m▀[0m[38;2;97;95;36m[48;2;97;95;36m▀[0m[38;2;162;209;61m[48;2;162;209;61m▀[0m[38;2;162;209;61m[48;2;162;209;61m▀[0m[38;2;162;209;61m[48;2;91;130;8m▀[0m[38;2;0;0;0m[48;2;0;0;0m▀[0m  
  [38;2;0;0;0m▀[38;2;97;95;36m[48;2;0;0;0m▀[0m[38;2;97;95;36m[48;2;162;209;61m▀[0m[38;2;203;251;101m[48;2;162;209;61m▀[0m[38;2;203;251;101m[48;2;203;251;101m▀[0m[38;2;203;251;101m[48;2;203;251;101m▀[0m[38;2;203;251;101m[48;2;203;251;101m▀[0m[38;2;203;251;101m[48;2;203;251;101m▀[0m[38;2;203;251;101m[48;2;203;251;101m▀[0m[38;2;203;251;101m[48;2;203;251;101m▀[0m[38;2;203;251;101m[48;2;203;251;101m▀[0m[38;2;203;251;101m[48;2;203;251;101m▀[0m[38;2;203;251;101m[48;2;203;251;101m▀[0m[38;2;203;251;101m[48;2;203;251;101m▀[0m[38;2;203;251;101m[48;2;203;251;101m▀[0m[38;2;203;251;101m[48;2;203;251;101m▀[0m[38;2;203;251;101m[48;2;203;251;101m▀[0m[38;2;203;251;101m[48;2;203;251;101m▀[0m[38;2;203;251;101m[48;2;203;251;101m▀[0m[38;2;203;251;101m[48;2;203;251;101m▀[0m[38;2;203;251;101m[48;2;203;251;101m▀[0m[38;2;203;251;101m[48;2;203;251;101m▀[0m[38;2;203;251;101m[48;2;203;251;101m▀[0m[38;2;203;251;101m[48;2;203;251;101m▀[0m[38;2;203;251;101m[48;2;203;251;101m▀[0m[38;2;203;251;101m[48;2;203;251;101m▀[0m[38;2;203;251;101m[48;2;203;251;101m▀[0m[38;2;203;251;101m[48;2;203;251;101m▀[0m[38;2;203;251;101m[48;2;203;251;101m▀[0m[38;2;203;251;101m[48;2;203;251;101m▀[0m[38;2;203;251;101m[48;2;203;251;101m▀[0m[38;2;203;251;101m[48;2;203;251;101m▀[0m[38;2;203;251;101m[48;2;203;251;101m▀[0m[38;2;203;251;101m[48;2;203;251;101m▀[0m[38;2;203;251;101m[48;2;203;251;101m▀[0m[38;2;203;251;101m[48;2;162;209;61m▀[0m[38;2;162;209;61m[48;2;162;209;61m▀[0m[38;2;162;209;61m[48;2;162;209;61m▀[0m[38;2;162;209;61m[48;2;162;209;61m▀[0m[38;2;162;209;61m[48;2;162;209;61m▀[0m[38;2;162;209;61m[48;2;162;209;61m▀[0m[38;2;162;209;61m[48;2;162;209;61m▀[0m[38;2;162;209;61m[48;2;162;209;61m▀[0m[38;2;97;95;36m[48;2;97;95;36m▀[0m[38;2;97;95;36m[48;2;97;95;36m▀[0m[38;2;97;95;36m[48;2;97;95;36m▀[0m[38;2;97;95;36m[48;2;97;95;36m▀[0m[38;2;97;95;36m[48;2;97;95;36m▀[0m[38;2;97;95;36m[48;2;162;209;61m▀[0m[38;2;162;209;61m[48;2;162;209;61m▀[0m[38;2;162;209;61m[48;2;162;209;61m▀[0m[38;2;0;0;0m[48;2;0;0;0m▀[0m   
   [38;2;0;0;0m▀[38;2;162;209;61m[48;2;0;0;0m▀[0m[38;2;162;209;61m[48;2;162;209;61m▀[0m[38;2;162;209;61m[48;2;162;209;61m▀[0m[38;2;203;251;101m[48;2;162;209;61m▀[0m[38;2;203;251;101m[48;2;203;251;101m▀[0m[38;2;203;251;101m[48;2;203;251;101m▀[0m[38;2;203;251;101m[48;2;203;251;101m▀[0m[38;2;203;251;101m[48;2;203;251;101m▀[0m[38;2;203;251;101m[48;2;203;251;101m▀[0m[38;2;203;251;101m[48;2;203;251;101m▀[0m[38;2;203;251;101m[48;2;203;251;101m▀[0m[38;2;203;251;101m[48;2;203;251;101m▀[0m[38;2;203;251;101m[48;2;203;251;101m▀[0m[38;2;203;251;101m[48;2;203;251;101m▀[0m[38;2;203;251;101m[48;2;203;251;101m▀[0m[38;2;203;251;101m[48;2;203;251;101m▀[0m[38;2;203;251;101m[48;2;203;251;101m▀[0m[38;2;203;251;101m[48;2;203;251;101m▀[0m[38;2;203;251;101m[48;2;203;251;101m▀[0m[38;2;203;251;101m[48;2;203;251;101m▀[0m[38;2;203;251;101m[48;2;203;251;101m▀[0m[38;2;203;251;101m[48;2;203;251;101m▀[0m[38;2;203;251;101m[48;2;203;251;101m▀[0m[38;2;203;251;101m[48;2;203;251;101m▀[0m[38;2;203;251;101m[48;2;203;251;101m▀[0m[38;2;203;251;101m[48;2;203;251;101m▀[0m[38;2;203;251;101m[48;2;203;251;101m▀[0m[38;2;203;251;101m[48;2;203;251;101m▀[0m[38;2;203;251;101m[48;2;203;251;101m▀[0m[38;2;203;251;101m[48;2;162;209;61m▀[0m[38;2;203;251;101m[48;2;162;209;61m▀[0m[38;2;162;209;61m[48;2;162;209;61m▀[0m[38;2;162;209;61m[48;2;162;209;61m▀[0m[38;2;162;209;61m[48;2;162;209;61m▀[0m[38;2;162;209;61m[48;2;162;209;61m▀[0m[38;2;162;209;61m[48;2;162;209;61m▀[0m[38;2;162;209;61m[48;2;162;209;61m▀[0m[38;2;162;209;61m[48;2;162;209;61m▀[0m[38;2;162;209;61m[48;2;162;209;61m▀[0m[38;2;162;209;61m[48;2;162;209;61m▀[0m[38;2;162;209;61m[48;2;162;209;61m▀[0m[38;2;97;95;36m[48;2;97;95;36m▀[0m[38;2;97;95;36m[48;2;97;95;36m▀[0m[38;2;97;95;36m[48;2;97;95;36m▀[0m[38;2;97;95;36m[48;2;97;95;36m▀[0m[38;2;162;209;61m[48;2;162;209;61m▀[0m[38;2;162;209;61m[48;2;162;209;61m▀[0m[38;2;162;209;61m[48;2;162;209;61m▀[0m[38;2;0;0;0m[48;2;0;0;0m▀[0m    
    [38;2;0;0;0m▀[38;2;162;209;61m[48;2;0;0;0m▀[0m[38;2;162;209;61m[48;2;162;209;61m▀[0m[38;2;162;209;61m[48;2;162;209;61m▀[0m[38;2;162;209;61m[48;2;162;209;61m▀[0m[38;2;162;209;61m[48;2;162;209;61m▀[0m[38;2;203;251;101m[48;2;162;209;61m▀[0m[38;2;203;251;101m[48;2;162;209;61m▀[0m[38;2;203;251;101m[48;2;162;209;61m▀[0m[38;2;203;251;101m[48;2;162;209;61m▀[0m[38;2;203;251;101m[48;2;162;209;61m▀[0m[38;2;203;251;101m[48;2;203;251;101m▀[0m[38;2;203;251;101m[48;2;203;251;101m▀[0m[38;2;203;251;101m[48;2;203;251;101m▀[0m[38;2;203;251;101m[48;2;203;251;101m▀[0m[38;2;203;251;101m[48;2;203;251;101m▀[0m[38;2;203;251;101m[48;2;203;251;101m▀[0m[38;2;203;251;101m[48;2;162;209;61m▀[0m[38;2;203;251;101m[48;2;162;209;61m▀[0m[38;2;203;251;101m[48;2;162;209;61m▀[0m[38;2;203;251;101m[48;2;162;209;61m▀[0m[38;2;203;251;101m[48;2;162;209;61m▀[0m[38;2;203;251;101m[48;2;162;209;61m▀[0m[38;2;203;251;101m[48;2;162;209;61m▀[0m[38;2;203;251;101m[48;2;162;209;61m▀[0m[38;2;203;251;101m[48;2;162;209;61m▀[0m[38;2;162;209;61m[48;2;162;209;61m▀[0m[38;2;162;209;61m[48;2;162;209;61m▀[0m[38;2;162;209;61m[48;2;162;209;61m▀[0m[38;2;162;209;61m[48;2;162;209;61m▀[0m[38;2;162;209;61m[48;2;162;209;61m▀[0m[38;2;162;209;61m[48;2;162;209;61m▀[0m[38;2;162;209;61m[48;2;162;209;61m▀[0m[38;2;162;209;61m[48;2;162;209;61m▀[0m[38;2;162;209;61m[48;2;162;209;61m▀[0m[38;2;162;209;61m[48;2;162;209;61m▀[0m[38;2;162;209;61m[48;2;162;209;61m▀[0m[38;2;162;209;61m[48;2;162;209;61m▀[0m[38;2;162;209;61m[48;2;162;209;61m▀[0m[38;2;162;209;61m[48;2;162;209;61m▀[0m[38;2;97;95;36m[48;2;97;95;36m▀[0m[38;2;97;95;36m[48;2;97;95;36m▀[0m[38;2;97;95;36m[48;2;97;95;36m▀[0m[38;2;97;95;36m[48;2;162;209;61m▀[0m[38;2;162;209;61m[48;2;162;209;61m▀[0m[38;2;162;209;61m[48;2;162;209;61m▀[0m[38;2;162;209;61m[48;2;0;0;0m▀[0m[38;2;0;0;0m▀     
      [38;2;0;0;0m▀[38;2;162;209;61m[48;2;0;0;0m▀[0m[38;2;162;209;61m[48;2;162;209;61m▀[0m[38;2;162;209;61m[48;2;162;209;61m▀[0m[38;2;162;209;61m[48;2;162;209;61m▀[0m[38;2;162;209;61m[48;2;162;209;61m▀[0m[38;2;162;209;61m[48;2;162;209;61m▀[0m[38;2;162;209;61m[48;2;162;209;61m▀[0m[38;2;162;209;61m[48;2;162;209;61m▀[0m[38;2;162;209;61m[48;2;162;209;61m▀[0m[38;2;162;209;61m[48;2;162;209;61m▀[0m[38;2;162;209;61m[48;2;162;209;61m▀[0m[38;2;162;209;61m[48;2;162;209;61m▀[0m[38;2;162;209;61m[48;2;162;209;61m▀[0m[38;2;162;209;61m[48;2;162;209;61m▀[0m[38;2;162;209;61m[48;2;162;209;61m▀[0m[38;2;162;209;61m[48;2;162;209;61m▀[0m[38;2;162;209;61m[48;2;162;209;61m▀[0m[38;2;162;209;61m[48;2;162;209;61m▀[0m[38;2;162;209;61m[48;2;162;209;61m▀[0m[38;2;162;209;61m[48;2;162;209;61m▀[0m[38;2;162;209;61m[48;2;162;209;61m▀[0m[38;2;162;209;61m[48;2;162;209;61m▀[0m[38;2;162;209;61m[48;2;97;95;36m▀[0m[38;2;97;95;36m[48;2;97;95;36m▀[0m[38;2;162;209;61m[48;2;162;209;61m▀[0m[38;2;162;209;61m[48;2;162;209;61m▀[0m[38;2;162;209;61m[48;2;162;209;61m▀[0m[38;2;162;209;61m[48;2;162;209;61m▀[0m[38;2;162;209;61m[48;2;162;209;61m▀[0m[38;2;162;209;61m[48;2;162;209;61m▀[0m[38;2;162;209;61m[48;2;162;209;61m▀[0m[38;2;162;209;61m[48;2;162;209;61m▀[0m[38;2;162;209;61m[48;2;162;209;61m▀[0m[38;2;162;209;61m[48;2;162;209;61m▀[0m[38;2;162;209;61m[48;2;162;209;61m▀[0m[38;2;162;209;61m[48;2;162;209;61m▀[0m[38;2;162;209;61m[48;2;162;209;61m▀[0m[38;2;97;95;36m[48;2;162;209;61m▀[0m[38;2;162;209;61m[48;2;162;209;61m▀[0m[38;2;162;209;61m[48;2;162;209;61m▀[0m[38;2;162;209;61m[48;2;162;209;61m▀[0m[38;2;162;209;61m[48;2;0;0;0m▀[0m[38;2;0;0;0m▀       
        [38;2;0;0;0m▀[38;2;162;209;61m[48;2;91;130;8m▀[0m[38;2;162;209;61m[48;2;0;0;0m▀[0m[38;2;162;209;61m[48;2;162;209;61m▀[0m[38;2;162;209;61m[48;2;162;209;61m▀[0m[38;2;162;209;61m[48;2;162;209;61m▀[0m[38;2;162;209;61m[48;2;162;209;61m▀[0m[38;2;162;209;61m[48;2;162;209;61m▀[0m[38;2;162;209;61m[48;2;162;209;61m▀[0m[38;2;162;209;61m[48;2;162;209;61m▀[0m[38;2;162;209;61m[48;2;162;209;61m▀[0m[38;2;162;209;61m[48;2;162;209;61m▀[0m[38;2;162;209;61m[48;2;162;209;61m▀[0m[38;2;162;209;61m[48;2;162;209;61m▀[0m[38;2;162;209;61m[48;2;162;209;61m▀[0m[38;2;162;209;61m[48;2;162;209;61m▀[0m[38;2;162;209;61m[48;2;162;209;61m▀[0m[38;2;162;209;61m[48;2;162;209;61m▀[0m[38;2;162;209;61m[48;2;162;209;61m▀[0m[38;2;162;209;61m[48;2;97;95;36m▀[0m[38;2;97;95;36m[48;2;97;95;36m▀[0m[38;2;97;95;36m[48;2;97;95;36m▀[0m[38;2;97;95;36m[48;2;97;95;36m▀[0m[38;2;97;95;36m[48;2;97;95;36m▀[0m[38;2;162;209;61m[48;2;162;209;61m▀[0m[38;2;162;209;61m[48;2;162;209;61m▀[0m[38;2;162;209;61m[48;2;162;209;61m▀[0m[38;2;162;209;61m[48;2;162;209;61m▀[0m[38;2;162;209;61m[48;2;162;209;61m▀[0m[38;2;162;209;61m[48;2;162;209;61m▀[0m[38;2;162;209;61m[48;2;162;209;61m▀[0m[38;2;162;209;61m[48;2;162;209;61m▀[0m[38;2;162;209;61m[48;2;162;209;61m▀[0m[38;2;162;209;61m[48;2;162;209;61m▀[0m[38;2;162;209;61m[48;2;162;209;61m▀[0m[38;2;162;209;61m[48;2;162;209;61m▀[0m[38;2;162;209;61m[48;2;162;209;61m▀[0m[38;2;162;209;61m[48;2;91;130;8m▀[0m[38;2;91;130;8m[48;2;0;0;0m▀[0m[38;2;0;0;0m▀         
           [38;2;0;0;0m▀[38;2;0;0;0m▀[38;2;162;209;61m[48;2;0;0;0m▀[0m[38;2;162;209;61m[48;2;0;0;0m▀[0m[38;2;162;209;61m[48;2;162;209;61m▀[0m[38;2;162;209;61m[48;2;162;209;61m▀[0m[38;2;162;209;61m[48;2;162;209;61m▀[0m[38;2;162;209;61m[48;2;162;209;61m▀[0m[38;2;162;209;61m[48;2;162;209;61m▀[0m[38;2;162;209;61m[48;2;162;209;61m▀[0m[38;2;162;209;61m[48;2;162;209;61m▀[0m[38;2;162;209;61m[48;2;162;209;61m▀[0m[38;2;162;209;61m[48;2;162;209;61m▀[0m[38;2;162;209;61m[48;2;162;209;61m▀[0m[38;2;162;209;61m[48;2;162;209;61m▀[0m[38;2;162;209;61m[48;2;162;209;61m▀[0m[38;2;162;209;61m[48;2;162;209;61m▀[0m[38;2;162;209;61m[48;2;162;209;61m▀[0m[38;2;97;95;36m[48;2;162;209;61m▀[0m[38;2;97;95;36m[48;2;162;209;61m▀[0m[38;2;162;209;61m[48;2;162;209;61m▀[0m[38;2;162;209;61m[48;2;162;209;61m▀[0m[38;2;162;209;61m[48;2;162;209;61m▀[0m[38;2;162;209;61m[48;2;162;209;61m▀[0m[38;2;162;209;61m[48;2;162;209;61m▀[0m[38;2;162;209;61m[48;2;162;209;61m▀[0m[38;2;162;209;61m[48;2;162;209;61m▀[0m[38;2;162;209;61m[48;2;162;209;61m▀[0m[38;2;162;209;61m[48;2;162;209;61m▀[0m[38;2;162;209;61m[48;2;162;209;61m▀[0m[38;2;162;209;61m[48;2;0;0;0m▀[0m[38;2;162;209;61m[48;2;0;0;0m▀[0m[38;2;91;130;8m▀[38;2;0;0;0m▀            
               [38;2;0;0;0m▀[38;2;0;0;0m▀[38;2;0;0;0m▀[38;2;0;0;0m▀[38;2;91;130;8m▀[38;2;162;209;61m[48;2;0;0;0m▀[0m[38;2;162;209;61m[48;2;0;0;0m▀[0m[38;2;162;209;61m[48;2;0;0;0m▀[0m[38;2;162;209;61m[48;2;0;0;0m▀[0m[38;2;162;209;61m[48;2;0;0;0m▀[0m[38;2;162;209;61m[48;2;0;0;0m▀[0m[38;2;162;209;61m[48;2;0;0;0m▀[0m[38;2;162;209;61m[48;2;0;0;0m▀[0m[38;2;162;209;61m[48;2;0;0;0m▀[0m[38;2;162;209;61m[48;2;0;0;0m▀[0m[38;2;162;209;61m[48;2;0;0;0m▀[0m[38;2;162;209;61m[48;2;0;0;0m▀[0m[38;2;162;209;61m[48;2;0;0;0m▀[0m[38;2;162;209;61m[48;2;0;0;0m▀[0m[38;2;162;209;61m[48;2;0;0;0m▀[0m[38;2;91;130;8m[48;2;0;0;0m▀[0m[38;2;91;130;8m▀[38;2;0;0;0m▀[38;2;0;0;0m▀[38;2;0;0;0m▀[38;2;0;0;0m▀                
[0m