                                                                    [38;2;116;131;182m██                      ██                                                          
                                                                  ██[38;2;231;234;244m██[38;2;21;21;21m██                  [38;2;116;131;182m██[38;2;231;234;244m██[38;2;21;21;21m██                                                        
                                                                  [38;2;116;131;182m██[38;2;231;234;244m██[38;2;21;21;21m██                  [38;2;116;131;182m██[38;2;231;234;244m██[38;2;21;21;21m██                                                        
                                                                  [38;2;116;131;182m██[38;2;231;234;244m██[38;2;21;21;21m██                  [38;2;116;131;182m██[38;2;231;234;244m██[38;2;21;21;21m██                                                        
                                                                [38;2;26;99;136m██[38;2;231;234;244m████[38;2;21;21;21m██                [38;2;21;64;87m██[38;2;231;234;244m██████[38;2;21;21;21m██                                                      
                                                                [38;2;26;99;136m██[38;2;34;117;155m██[38;2;21;21;21m██                  [38;2;21;64;87m██[38;2;34;117;155m████[38;2;231;234;244m██[38;2;21;21;21m██                                      [38;2;190;97;65m██              
                                                                [38;2;26;99;136m██[38;2;30;152;187m██[38;2;21;21;21m██                  [38;2;21;64;87m██[38;2;30;152;187m████[38;2;34;117;155m██[38;2;21;21;21m██                                    [38;2;190;97;65m██[38;2;255;193;125m██[38;2;21;21;21m██            
                                [38;2;190;97;65m██                            [38;2;26;99;136m██[38;2;30;152;187m████[38;2;21;21;21m██                ██[38;2;30;152;187m██████[38;2;21;21;21m██                                      [38;2;190;97;65m██[38;2;255;193;125m██[38;2;190;97;65m██[38;2;21;21;21m██          
                              [38;2;190;97;65m██[38;2;255;193;125m██[38;2;43;51;60m██                          [38;2;26;99;136m██[38;2;30;152;187m██[38;2;34;117;155m██[38;2;21;21;21m██  [38;2;21;64;87m████          [38;2;21;21;21m██[38;2;30;152;187m██████[38;2;21;21;21m██                                    [38;2;190;97;65m██[38;2;255;193;125m████[38;2;190;97;65m██[38;2;21;21;21m██          
                              [38;2;190;97;65m██[38;2;255;193;125m██[38;2;190;97;65m██[38;2;43;51;60m██                  [38;2;21;64;87m██    [38;2;26;99;136m██[38;2;30;152;187m██[38;2;21;21;21m██  [38;2;21;64;87m██[38;2;37;184;233m████[38;2;26;99;136m██        [38;2;21;21;21m██[38;2;30;152;187m██████[38;2;21;21;21m██                                    [38;2;190;97;65m██[38;2;255;193;125m████[38;2;190;97;65m████[38;2;21;21;21m██        
                              [38;2;190;97;65m██[38;2;255;193;125m██[38;2;190;97;65m██[38;2;43;51;60m██                [38;2;21;64;87m██[38;2;37;184;233m██[38;2;21;64;87m██[38;2;26;99;136m██[38;2;30;152;187m██[38;2;34;117;155m██[38;2;21;64;87m████[38;2;37;184;233m████[38;2;26;99;136m████[38;2;43;51;60m████  [38;2;21;64;87m██[38;2;30;152;187m██████[38;2;21;21;21m██                                    [38;2;79;97;109m██[38;2;103;121;140m██████[38;2;190;97;65m████[38;2;21;21;21m██        
                              [38;2;190;97;65m██[38;2;255;193;125m██[38;2;190;97;65m██[38;2;43;51;60m██                [38;2;21;64;87m██[38;2;37;184;233m████[38;2;21;64;87m██[38;2;30;152;187m██[38;2;21;64;87m██[38;2;37;184;233m██████[38;2;26;99;136m██[38;2;34;117;155m██[38;2;26;99;136m██[38;2;149;163;172m██[38;2;79;97;109m██[38;2;43;51;60m██[38;2;21;64;87m██[38;2;30;152;187m██████[38;2;21;21;21m██                                    [38;2;79;97;109m██[38;2;149;163;172m████[38;2;79;97;109m██[38;2;103;121;140m██[38;2;190;97;65m██[38;2;21;21;21m██        
                              [38;2;43;51;60m████[38;2;190;97;65m██[38;2;43;51;60m██                [38;2;21;21;21m██[38;2;26;99;136m██[38;2;37;184;233m████[38;2;21;64;87m██[38;2;37;184;233m████[38;2;30;152;187m██[38;2;26;99;136m██[38;2;34;117;155m████[38;2;26;99;136m██[38;2;79;97;109m██[38;2;149;163;172m████[38;2;21;64;87m██[38;2;30;152;187m██████[38;2;21;21;21m██                                  [38;2;79;97;109m██[38;2;149;163;172m██████[38;2;79;97;109m██[38;2;103;121;140m██[38;2;43;51;60m██          
                            ██[38;2;149;163;172m██[38;2;79;97;109m██[38;2;43;51;60m████                [38;2;21;21;21m██[38;2;34;117;155m██[38;2;26;99;136m██[38;2;37;184;233m██████[38;2;30;152;187m██[38;2;26;99;136m██[38;2;34;117;155m██[38;2;21;64;87m██[38;2;34;117;155m██[38;2;26;99;136m██[38;2;149;163;172m██[38;2;103;121;140m██[38;2;21;64;87m██[38;2;30;152;187m████████[38;2;21;21;21m██                                  [38;2;79;97;109m██[38;2;149;163;172m████[38;2;79;97;109m██[38;2;103;121;140m████[38;2;21;21;21m██          
                            [38;2;43;51;60m██[38;2;149;163;172m██[38;2;79;97;109m██[38;2;103;121;140m██[38;2;43;51;60m██                [38;2;21;21;21m██[38;2;34;117;155m████[38;2;26;99;136m██[38;2;30;152;187m██[38;2;26;99;136m████[38;2;21;64;87m██[38;2;34;117;155m██[38;2;21;64;87m██[38;2;26;99;136m██[38;2;255;193;125m██[38;2;79;97;109m██[38;2;103;121;140m██[38;2;21;64;87m██[38;2;30;152;187m████[38;2;34;117;155m██[38;2;21;21;21m██                                  [38;2;79;97;109m██[38;2;149;163;172m██████[38;2;79;97;109m██[38;2;103;121;140m████[38;2;21;21;21m██          
                            [38;2;79;97;109m██[38;2;149;163;172m██[38;2;79;97;109m██[38;2;103;121;140m██[38;2;43;51;60m██                  [38;2;21;21;21m██[38;2;34;117;155m██[38;2;26;99;136m██[38;2;30;152;187m██[38;2;26;99;136m██[38;2;34;117;155m██[38;2;21;64;87m██[38;2;34;117;155m██[38;2;26;99;136m██[38;2;21;21;21m██[38;2;255;193;125m██[38;2;79;97;109m██[38;2;103;121;140m██[38;2;21;64;87m██[38;2;34;117;155m██[38;2;26;99;136m████[38;2;21;21;21m██                                  [38;2;79;97;109m██[38;2;149;163;172m████[38;2;79;97;109m██[38;2;103;121;140m████[38;2;43;51;60m██            
                          ██[38;2;149;163;172m████[38;2;79;97;109m██[38;2;103;121;140m██[38;2;43;51;60m██                  [38;2;26;99;136m██[38;2;21;21;21m██[38;2;26;99;136m██[38;2;30;152;187m██[38;2;26;99;136m██[38;2;34;117;155m████[38;2;26;99;136m██[38;2;255;193;125m██[38;2;190;97;65m██[38;2;79;97;109m██[38;2;103;121;140m██[38;2;21;64;87m██[38;2;26;99;136m████████[38;2;21;21;21m██[38;2;43;51;60m██                              [38;2;79;97;109m██[38;2;149;163;172m██████[38;2;79;97;109m██[38;2;103;121;140m████[38;2;21;21;21m██            
                          [38;2;43;51;60m██[38;2;149;163;172m████[38;2;79;97;109m██[38;2;103;121;140m██[38;2;43;51;60m██                  [38;2;26;99;136m██[38;2;30;152;187m██[38;2;21;21;21m██[38;2;30;152;187m██[38;2;26;99;136m██[38;2;34;117;155m██[38;2;21;64;87m██[38;2;103;121;140m██████[38;2;231;234;244m██[38;2;79;97;109m██[38;2;21;64;87m██[38;2;26;99;136m██████[38;2;21;21;21m██[38;2;79;97;109m██[38;2;149;163;172m██[38;2;43;51;60m██                            [38;2;79;97;109m██[38;2;149;163;172m████[38;2;79;97;109m██[38;2;103;121;140m██████[38;2;21;21;21m██            
                          [38;2;43;51;60m██[38;2;149;163;172m██[38;2;79;97;109m██[38;2;103;121;140m████[38;2;43;51;60m██                  [38;2;26;99;136m██[38;2;30;152;187m██[38;2;21;21;21m██[38;2;30;152;187m██[38;2;26;99;136m██[38;2;34;117;155m██[38;2;21;64;87m██[38;2;103;121;140m████[38;2;116;131;182m██[38;2;231;234;244m██[38;2;116;131;182m██[38;2;21;64;87m██[38;2;26;99;136m██████[38;2;21;21;21m██[38;2;149;163;172m██[38;2;79;97;109m██[38;2;149;163;172m██[38;2;43;51;60m██                        [38;2;79;97;109m██[38;2;149;163;172m██████[38;2;79;97;109m██[38;2;103;121;140m████[38;2;43;51;60m██              
                          [38;2;79;97;109m██[38;2;149;163;172m██[38;2;79;97;109m██[38;2;103;121;140m████[38;2;43;51;60m██                [38;2;26;99;136m██[38;2;30;152;187m██[38;2;21;21;21m████[38;2;30;152;187m██[38;2;26;99;136m██[38;2;34;117;155m████[38;2;21;64;87m██[38;2;231;234;244m██[38;2;116;131;182m██[38;2;231;234;244m██[38;2;116;131;182m██[38;2;21;64;87m██[38;2;26;99;136m██████[38;2;21;21;21m██[38;2;149;163;172m████[38;2;79;97;109m██[38;2;149;163;172m██[38;2;43;51;60m██                      [38;2;79;97;109m██[38;2;149;163;172m██████[38;2;79;97;109m██[38;2;103;121;140m████[38;2;21;21;21m██              
                        [38;2;43;51;60m██[38;2;149;163;172m████[38;2;79;97;109m██[38;2;103;121;140m████[38;2;43;51;60m██                [38;2;26;99;136m██[38;2;30;152;187m██[38;2;34;117;155m██[38;2;21;21;21m██[38;2;30;152;187m██[38;2;26;99;136m██[38;2;34;117;155m████[38;2;21;64;87m██[38;2;21;21;21m██████[38;2;21;64;87m██[38;2;26;99;136m████████[38;2;21;21;21m██[38;2;149;163;172m██████[38;2;79;97;109m██[38;2;149;163;172m██[38;2;43;51;60m██                  ██[38;2;149;163;172m██████[38;2;79;97;109m██[38;2;103;121;140m████[38;2;43;51;60m██                
                        ██[38;2;149;163;172m████[38;2;79;97;109m██[38;2;103;121;140m████[38;2;43;51;60m██                [38;2;26;99;136m██[38;2;37;184;233m██[38;2;34;117;155m██[38;2;30;152;187m██[38;2;21;21;21m████████[38;2;30;152;187m████████[38;2;21;64;87m██[38;2;26;99;136m██████[38;2;21;21;21m██[38;2;149;163;172m████[38;2;79;97;109m████[38;2;149;163;172m██████[38;2;43;51;60m██                ██[38;2;149;163;172m██████[38;2;79;97;109m██[38;2;103;121;140m████[38;2;21;21;21m██                
                        [38;2;43;51;60m██[38;2;149;163;172m████[38;2;79;97;109m██[38;2;103;121;140m████[38;2;43;51;60m██                [38;2;26;99;136m██[38;2;37;184;233m██[38;2;34;117;155m██[38;2;30;152;187m████████████████[38;2;37;184;233m██[38;2;21;64;87m██[38;2;26;99;136m██████[38;2;21;21;21m██[38;2;79;97;109m████[38;2;149;163;172m████████████[38;2;43;51;60m██            ██[38;2;149;163;172m██████[38;2;79;97;109m██[38;2;103;121;140m██████[38;2;21;21;21m██                
                        [38;2;79;97;109m██[38;2;149;163;172m████[38;2;79;97;109m██[38;2;103;121;140m████[38;2;43;51;60m██              [38;2;26;99;136m██[38;2;37;184;233m██[38;2;34;117;155m████[38;2;30;152;187m████████████[38;2;34;117;155m██[38;2;30;152;187m██[38;2;37;184;233m██[38;2;21;64;87m██[38;2;26;99;136m██████[38;2;21;21;21m██[38;2;149;163;172m██[38;2;79;97;109m██[38;2;149;163;172m██████████████[38;2;43;51;60m██          ██[38;2;149;163;172m██████[38;2;79;97;109m██[38;2;103;121;140m████[38;2;43;51;60m██                  
                      ██[38;2;149;163;172m████[38;2;79;97;109m██[38;2;103;121;140m██████[38;2;43;51;60m██              [38;2;26;99;136m██[38;2;37;184;233m██[38;2;34;117;155m██[38;2;149;163;172m██[38;2;34;117;155m██[38;2;30;152;187m████████[38;2;34;117;155m██[38;2;149;163;172m██[38;2;30;152;187m██[38;2;21;64;87m██[38;2;26;99;136m██████[38;2;21;64;87m██[38;2;149;163;172m██████[38;2;79;97;109m██[38;2;149;163;172m██████████████[38;2;43;51;60m██      ██[38;2;149;163;172m████████[38;2;79;97;109m██[38;2;103;121;140m████[38;2;21;21;21m██                  
                      [38;2;43;51;60m██[38;2;149;163;172m████[38;2;79;97;109m██[38;2;103;121;140m██████[38;2;43;51;60m██              [38;2;26;99;136m██[38;2;37;184;233m██[38;2;34;117;155m██[38;2;149;163;172m████[38;2;34;117;155m██[38;2;30;152;187m██[38;2;34;117;155m██[38;2;149;163;172m██████[38;2;30;152;187m██[38;2;21;64;87m██[38;2;26;99;136m██████[38;2;21;64;87m██[38;2;149;163;172m████████[38;2;79;97;109m██[38;2;149;163;172m██████████[38;2;79;97;109m██[38;2;190;97;65m██[38;2;43;51;60m██    ██[38;2;149;163;172m██████[38;2;79;97;109m██[38;2;103;121;140m██████[38;2;21;21;21m██                  
                      [38;2;43;51;60m██[38;2;149;163;172m████[38;2;79;97;109m██[38;2;103;121;140m██████[38;2;43;51;60m██              [38;2;26;99;136m██[38;2;37;184;233m██[38;2;149;163;172m████████[38;2;34;117;155m██[38;2;149;163;172m████████[38;2;37;184;233m██[38;2;21;64;87m██[38;2;26;99;136m██████[38;2;21;64;87m██[38;2;149;163;172m████[38;2;79;97;109m████[38;2;149;163;172m██████████[38;2;79;97;109m██[38;2;190;97;65m██████[38;2;43;51;60m██[38;2;21;21;21m██[38;2;149;163;172m████████[38;2;79;97;109m██[38;2;103;121;140m████[38;2;43;51;60m██                    
                      [38;2;79;97;109m██[38;2;149;163;172m████[38;2;79;97;109m██[38;2;103;121;140m██████[38;2;43;51;60m██            [38;2;26;99;136m██[38;2;37;184;233m██[38;2;34;117;155m██[38;2;149;163;172m████[38;2;34;117;155m████[38;2;30;152;187m██[38;2;34;117;155m██[38;2;149;163;172m████[38;2;34;117;155m██[38;2;37;184;233m██[38;2;21;64;87m██[38;2;26;99;136m████[38;2;21;64;87m██[38;2;149;163;172m██[38;2;79;97;109m████[38;2;149;163;172m████████[38;2;43;51;60m████████████████[38;2;21;21;21m██[38;2;149;163;172m████████[38;2;79;97;109m██[38;2;103;121;140m████[38;2;21;21;21m██                    
                    [38;2;43;51;60m██[38;2;149;163;172m██████[38;2;79;97;109m██[38;2;103;121;140m██████[38;2;43;51;60m██            [38;2;26;99;136m██[38;2;37;184;233m██[38;2;34;117;155m██[38;2;149;163;172m██[38;2;34;117;155m████[38;2;30;152;187m██████[38;2;34;117;155m██[38;2;149;163;172m██[38;2;34;117;155m██[38;2;21;64;87m██[38;2;26;99;136m██████[38;2;21;64;87m██[38;2;79;97;109m██[38;2;149;163;172m██████████[38;2;43;51;60m██              [38;2;21;21;21m██[38;2;149;163;172m████████[38;2;79;97;109m██[38;2;103;121;140m██████[38;2;21;21;21m██                    
                    [38;2;43;51;60m██[38;2;149;163;172m████[38;2;79;97;109m██[38;2;103;121;140m████████[38;2;43;51;60m██            [38;2;26;99;136m██[38;2;37;184;233m██[38;2;34;117;155m██[38;2;30;152;187m██[38;2;34;117;155m██[38;2;149;163;172m██[38;2;34;117;155m██[38;2;30;152;187m██████[38;2;34;117;155m██[38;2;37;184;233m██[38;2;21;64;87m██[38;2;26;99;136m██████[38;2;21;64;87m██[38;2;149;163;172m██[38;2;79;97;109m██[38;2;149;163;172m████████[38;2;43;51;60m██              [38;2;21;21;21m██[38;2;149;163;172m████████[38;2;79;97;109m██[38;2;103;121;140m████[38;2;43;51;60m██                      
                    ██[38;2;149;163;172m████[38;2;79;97;109m██[38;2;103;121;140m████████[38;2;43;51;60m██          [38;2;26;99;136m██[38;2;37;184;233m██[38;2;34;117;155m██[38;2;30;152;187m██[38;2;34;117;155m██[38;2;149;163;172m██████[38;2;34;117;155m██[38;2;30;152;187m██████[38;2;37;184;233m██[38;2;21;64;87m██[38;2;26;99;136m██████[38;2;21;64;87m██[38;2;149;163;172m████[38;2;79;97;109m██[38;2;149;163;172m████[38;2;43;51;60m██              [38;2;21;21;21m██[38;2;149;163;172m████████[38;2;79;97;109m██[38;2;103;121;140m██████[38;2;21;21;21m██                      
                    [38;2;43;51;60m██[38;2;149;163;172m████[38;2;79;97;109m██[38;2;103;121;140m████████[38;2;43;51;60m██          [38;2;26;99;136m██[38;2;37;184;233m██[38;2;34;117;155m████[38;2;149;163;172m██████████[38;2;34;117;155m██[38;2;30;152;187m████[38;2;37;184;233m██[38;2;21;64;87m██[38;2;26;99;136m████[38;2;21;64;87m██[38;2;149;163;172m████████[38;2;79;97;109m██[38;2;149;163;172m██[38;2;43;51;60m██            ██[38;2;149;163;172m██████████[38;2;79;97;109m██[38;2;103;121;140m██████[38;2;21;21;21m██                      
                  [38;2;43;51;60m██[38;2;149;163;172m██████[38;2;79;97;109m██[38;2;103;121;140m████████[38;2;43;51;60m██          [38;2;26;99;136m██[38;2;37;184;233m██[38;2;34;117;155m████████████████[38;2;30;152;187m████[38;2;21;64;87m██[38;2;26;99;136m██████[38;2;21;64;87m██[38;2;149;163;172m████[38;2;79;97;109m████[38;2;149;163;172m████[38;2;43;51;60m██            ██[38;2;149;163;172m████████[38;2;79;97;109m██[38;2;103;121;140m██████[38;2;43;51;60m██                        
                  ██[38;2;149;163;172m██████[38;2;79;97;109m██[38;2;103;121;140m████████[38;2;43;51;60m██  ████████[38;2;26;99;136m██[38;2;34;117;155m████[38;2;149;163;172m██████████[38;2;34;117;155m██[38;2;30;152;187m████[38;2;37;184;233m██[38;2;21;64;87m██[38;2;26;99;136m██████[38;2;21;64;87m██[38;2;79;97;109m████[38;2;149;163;172m██[38;2;43;51;60m████████          ██[38;2;149;163;172m██████████[38;2;79;97;109m██[38;2;103;121;140m██████[38;2;21;21;21m██                        
                [38;2;43;51;60m██[38;2;79;97;109m████████[38;2;103;121;140m████████[38;2;43;51;60m██████[38;2;103;121;140m██[38;2;149;163;172m████[38;2;26;99;136m██[38;2;37;184;233m██[38;2;34;117;155m██[38;2;30;152;187m██[38;2;34;117;155m██[38;2;149;163;172m██████[38;2;34;117;155m██[38;2;30;152;187m██████[38;2;37;184;233m██[38;2;21;64;87m██[38;2;26;99;136m████[38;2;21;64;87m██[38;2;149;163;172m██████████[38;2;103;121;140m██[38;2;149;163;172m████[38;2;43;51;60m████    [38;2;21;21;21m██[38;2;149;163;172m██████████[38;2;79;97;109m██[38;2;103;121;140m████████[38;2;21;21;21m██                        
                [38;2;43;51;60m██[38;2;149;163;172m██████[38;2;79;97;109m████[38;2;103;121;140m██[38;2;43;51;60m████[38;2;103;121;140m██[38;2;149;163;172m████[38;2;103;121;140m██[38;2;149;163;172m████[38;2;26;99;136m██[38;2;37;184;233m██[38;2;34;117;155m██[38;2;30;152;187m████[38;2;34;117;155m██[38;2;149;163;172m██[38;2;34;117;155m██[38;2;30;152;187m██[38;2;34;117;155m██[38;2;30;152;187m████[38;2;37;184;233m██[38;2;21;64;87m██[38;2;26;99;136m████[38;2;21;64;87m██[38;2;149;163;172m██████████[38;2;103;121;140m██[38;2;149;163;172m████[38;2;103;121;140m██[38;2;149;163;172m██[38;2;43;51;60m██  [38;2;21;21;21m██[38;2;79;97;109m████████[38;2;43;51;60m██[38;2;79;97;109m██[38;2;103;121;140m██████[38;2;43;51;60m██                          
              ██[38;2;149;163;172m████████[38;2;79;97;109m██[38;2;103;121;140m██[38;2;43;51;60m██[38;2;149;163;172m████[38;2;103;121;140m██[38;2;149;163;172m████[38;2;103;121;140m██[38;2;149;163;172m████[38;2;26;99;136m██[38;2;37;184;233m██[38;2;149;163;172m██[38;2;34;117;155m██[38;2;30;152;187m████[38;2;34;117;155m██████[38;2;149;163;172m██[38;2;34;117;155m██[38;2;30;152;187m██[38;2;21;64;87m██[38;2;26;99;136m██████[38;2;21;64;87m██[38;2;149;163;172m████████[38;2;79;97;109m██[38;2;149;163;172m██████[38;2;103;121;140m██[38;2;149;163;172m████[38;2;21;21;21m██[38;2;149;163;172m██████████[38;2;79;97;109m██[38;2;43;51;60m██[38;2;103;121;140m██████[38;2;21;21;21m██                          
              [38;2;43;51;60m██[38;2;149;163;172m██████[38;2;79;97;109m██[38;2;103;121;140m██[38;2;43;51;60m██[38;2;149;163;172m██████[38;2;103;121;140m██[38;2;149;163;172m████[38;2;103;121;140m██[38;2;149;163;172m██[38;2;26;99;136m██[38;2;37;184;233m██[38;2;34;117;155m██[38;2;149;163;172m████[38;2;34;117;155m██[38;2;30;152;187m██[38;2;34;117;155m██[38;2;149;163;172m██████[38;2;34;117;155m██[38;2;37;184;233m██[38;2;21;64;87m██[38;2;26;99;136m██████[38;2;21;64;87m██[38;2;149;163;172m████████[38;2;79;97;109m██[38;2;149;163;172m████[38;2;79;97;109m██[38;2;149;163;172m████[38;2;21;21;21m██[38;2;149;163;172m████████████[38;2;79;97;109m██[38;2;43;51;60m██[38;2;103;121;140m██████[38;2;21;21;21m██                          
            [38;2;43;51;60m██[38;2;149;163;172m████████[38;2;79;97;109m██[38;2;103;121;140m██[38;2;149;163;172m████████[38;2;103;121;140m██[38;2;149;163;172m██[38;2;43;51;60m██████[38;2;26;99;136m██[38;2;37;184;233m██[38;2;34;117;155m██[38;2;149;163;172m██████[38;2;34;117;155m██[38;2;149;163;172m████████[38;2;34;117;155m██[38;2;37;184;233m██[38;2;21;64;87m██[38;2;26;99;136m████[38;2;21;64;87m██[38;2;149;163;172m████[38;2;79;97;109m████████[38;2;103;121;140m██[38;2;149;163;172m██[38;2;79;97;109m██[38;2;149;163;172m████[38;2;21;21;21m██[38;2;149;163;172m██████████[38;2;79;97;109m██[38;2;103;121;140m████[38;2;43;51;60m██[38;2;103;121;140m████[38;2;21;21;21m██                          
            [38;2;43;51;60m██[38;2;149;163;172m████████[38;2;79;97;109m██[38;2;103;121;140m██[38;2;149;163;172m████████[38;2;43;51;60m████[38;2;79;97;109m████[38;2;43;51;60m██[38;2;26;99;136m██[38;2;37;184;233m██[38;2;149;163;172m██████[38;2;34;117;155m██[38;2;30;152;187m██[38;2;149;163;172m██████[38;2;34;117;155m██[38;2;30;152;187m██[38;2;37;184;233m██[38;2;21;64;87m██[38;2;26;99;136m████[38;2;21;64;87m██[38;2;149;163;172m████[38;2;103;121;140m████[38;2;43;51;60m██[38;2;103;121;140m██[38;2;79;97;109m██████[38;2;149;163;172m██[38;2;21;21;21m██[38;2;149;163;172m████████████[38;2;79;97;109m██[38;2;103;121;140m████[38;2;43;51;60m██[38;2;103;121;140m██[38;2;21;21;21m██                            
          [38;2;43;51;60m██[38;2;149;163;172m████████[38;2;79;97;109m██[38;2;103;121;140m████[38;2;149;163;172m████[38;2;43;51;60m████[38;2;79;97;109m██[38;2;43;51;60m██[38;2;79;97;109m████[38;2;21;64;87m██[38;2;37;184;233m██[38;2;34;117;155m██[38;2;149;163;172m████[38;2;34;117;155m██[38;2;30;152;187m████[38;2;34;117;155m██[38;2;149;163;172m████[38;2;34;117;155m██[38;2;30;152;187m██[38;2;21;64;87m██[38;2;26;99;136m██████[38;2;21;64;87m██[38;2;149;163;172m████[38;2;103;121;140m████[38;2;43;51;60m██[38;2;103;121;140m████[38;2;43;51;60m██[38;2;79;97;109m████[38;2;21;21;21m██[38;2;149;163;172m██████████[38;2;79;97;109m██[38;2;103;121;140m████████[38;2;43;51;60m██[38;2;21;21;21m██                            
          [38;2;43;51;60m██[38;2;149;163;172m████████[38;2;79;97;109m██[38;2;103;121;140m████[38;2;149;163;172m██[38;2;43;51;60m██[38;2;79;97;109m████████[38;2;43;51;60m██[38;2;21;21;21m██[38;2;21;64;87m██[38;2;37;184;233m██[38;2;34;117;155m██[38;2;149;163;172m██[38;2;34;117;155m██[38;2;30;152;187m████████[38;2;34;117;155m██[38;2;149;163;172m██[38;2;34;117;155m██[38;2;37;184;233m██[38;2;21;64;87m██[38;2;26;99;136m████[38;2;21;64;87m██[38;2;149;163;172m████████[38;2;43;51;60m████[38;2;103;121;140m██████[38;2;43;51;60m██[38;2;21;21;21m██[38;2;149;163;172m████████████[38;2;79;97;109m██[38;2;103;121;140m████████[38;2;43;51;60m██[38;2;21;21;21m██              [38;2;190;97;65m██            
        [38;2;43;51;60m██[38;2;149;163;172m██████████[38;2;79;97;109m██[38;2;103;121;140m████[38;2;43;51;60m██[38;2;79;97;109m████████[38;2;21;21;21m████  [38;2;21;64;87m██[38;2;37;184;233m██[38;2;34;117;155m████[38;2;30;152;187m████████████[38;2;34;117;155m██[38;2;30;152;187m██[38;2;37;184;233m██[38;2;21;64;87m██[38;2;26;99;136m████[38;2;21;64;87m██[38;2;149;163;172m████████████[38;2;43;51;60m████[38;2;103;121;140m██[38;2;21;21;21m██[38;2;149;163;172m████████████[38;2;79;97;109m██[38;2;103;121;140m██████████[38;2;79;97;109m██[38;2;21;21;21m██            [38;2;190;97;65m██[38;2;255;193;125m██[38;2;43;51;60m██          
        ██[38;2;149;163;172m████████[38;2;79;97;109m██[38;2;103;121;140m██████[38;2;79;97;109m████████[38;2;21;21;21m██    [38;2;21;64;87m██[38;2;37;184;233m██[38;2;34;117;155m██[38;2;30;152;187m██[38;2;26;99;136m██[38;2;30;152;187m██████[38;2;26;99;136m██[38;2;30;152;187m████████[38;2;21;64;87m██[38;2;26;99;136m██████[38;2;21;64;87m██[38;2;149;163;172m████████████[38;2;43;51;60m██  ██[38;2;21;21;21m██[38;2;149;163;172m████████████[38;2;79;97;109m██[38;2;103;121;140m██████████[38;2;21;21;21m██              [38;2;190;97;65m██[38;2;255;193;125m██[38;2;43;51;60m██          
      ██[38;2;149;163;172m██████████[38;2;79;97;109m██[38;2;103;121;140m████████[38;2;79;97;109m████[38;2;21;21;21m████    [38;2;21;64;87m██[38;2;37;184;233m██[38;2;34;117;155m██[38;2;26;99;136m██[38;2;231;234;244m██[38;2;26;99;136m██[38;2;30;152;187m██[38;2;26;99;136m██[38;2;231;234;244m██[38;2;26;99;136m██[38;2;30;152;187m████[38;2;37;184;233m██[38;2;21;64;87m██[38;2;26;99;136m██████[38;2;21;64;87m██[38;2;149;163;172m████████████[38;2;43;51;60m██  [38;2;21;21;21m██[38;2;149;163;172m████████████[38;2;79;97;109m██[38;2;103;121;140m████████████[38;2;21;21;21m██              [38;2;190;97;65m██[38;2;255;193;125m██[38;2;43;51;60m██          
      ██[38;2;149;163;172m██████████[38;2;79;97;109m██[38;2;103;121;140m██████████[38;2;43;51;60m██[38;2;103;121;140m██[38;2;21;21;21m██    [38;2;21;64;87m██[38;2;37;184;233m██[38;2;34;117;155m██[38;2;231;234;244m████[38;2;26;99;136m██[38;2;30;152;187m██[38;2;26;99;136m██[38;2;231;234;244m████[38;2;26;99;136m██[38;2;30;152;187m██[38;2;37;184;233m██[38;2;21;64;87m██[38;2;26;99;136m████[38;2;21;64;87m██[38;2;149;163;172m████████████[38;2;43;51;60m██  [38;2;21;21;21m██[38;2;149;163;172m██████████████[38;2;79;97;109m██[38;2;103;121;140m████████████[38;2;21;21;21m██              [38;2;190;97;65m██[38;2;255;193;125m████[38;2;43;51;60m██        
    ██[38;2;149;163;172m██[38;2;103;121;140m██[38;2;149;163;172m██████[38;2;79;97;109m██[38;2;103;121;140m████████[38;2;43;51;60m██[38;2;103;121;140m██████[38;2;21;21;21m██  [38;2;21;64;87m██[38;2;37;184;233m██[38;2;34;117;155m██[38;2;26;99;136m██[38;2;231;234;244m████[38;2;26;99;136m██[38;2;30;152;187m██[38;2;26;99;136m██[38;2;231;234;244m████[38;2;26;99;136m██[38;2;30;152;187m██[38;2;21;64;87m██[38;2;26;99;136m██████[38;2;21;64;87m██[38;2;149;163;172m████████████[38;2;43;51;60m██[38;2;21;21;21m██[38;2;149;163;172m██████████████[38;2;79;97;109m██[38;2;103;121;140m██████████████[38;2;21;21;21m██              [38;2;190;97;65m██[38;2;255;193;125m██[38;2;79;97;109m██[38;2;43;51;60m██        
    ██[38;2;103;121;140m██[38;2;30;152;187m██[38;2;149;163;172m██████[38;2;79;97;109m██[38;2;103;121;140m████████[38;2;43;51;60m██[38;2;103;121;140m██████[38;2;21;21;21m██  [38;2;21;64;87m██[38;2;37;184;233m██[38;2;34;117;155m██[38;2;26;99;136m██[38;2;231;234;244m████[38;2;26;99;136m██[38;2;37;184;233m██[38;2;26;99;136m██[38;2;231;234;244m████[38;2;26;99;136m██[38;2;37;184;233m██[38;2;21;64;87m██[38;2;26;99;136m██████[38;2;21;64;87m██[38;2;149;163;172m██████████[38;2;43;51;60m██[38;2;21;21;21m██[38;2;149;163;172m████████████████[38;2;79;97;109m██[38;2;103;121;140m████████████[38;2;43;51;60m██                [38;2;79;97;109m████[38;2;149;163;172m██[38;2;43;51;60m██        
  ██[38;2;149;163;172m██[38;2;103;121;140m██[38;2;30;152;187m██[38;2;103;121;140m██[38;2;149;163;172m████[38;2;79;97;109m██[38;2;103;121;140m██████[38;2;21;21;21m██[38;2;34;117;155m██[38;2;103;121;140m██████[38;2;21;21;21m██  [38;2;21;64;87m██[38;2;37;184;233m██[38;2;34;117;155m██[38;2;26;99;136m██[38;2;231;234;244m████[38;2;26;99;136m██[38;2;37;184;233m██[38;2;26;99;136m██[38;2;231;234;244m████[38;2;26;99;136m██[38;2;37;184;233m██[38;2;21;64;87m██[38;2;26;99;136m██████[38;2;21;64;87m██[38;2;79;97;109m██[38;2;149;163;172m████████[38;2;21;21;21m██[38;2;149;163;172m████[38;2;103;121;140m██[38;2;149;163;172m██████████[38;2;79;97;109m██[38;2;103;121;140m██████████████[38;2;21;21;21m██      [38;2;43;51;60m██      ██[38;2;149;163;172m████████[38;2;43;51;60m██      
  ██[38;2;103;121;140m██[38;2;30;152;187m████[38;2;103;121;140m██[38;2;149;163;172m██[38;2;79;97;109m██[38;2;103;121;140m████████[38;2;21;21;21m██[38;2;34;117;155m██[38;2;103;121;140m██████[38;2;21;21;21m██  [38;2;21;64;87m██[38;2;37;184;233m██[38;2;34;117;155m██[38;2;26;99;136m██[38;2;231;234;244m████[38;2;26;99;136m██[38;2;37;184;233m██[38;2;26;99;136m██[38;2;231;234;244m████[38;2;26;99;136m██[38;2;37;184;233m██[38;2;21;64;87m██[38;2;26;99;136m████████[38;2;21;64;87m██[38;2;79;97;109m████[38;2;149;163;172m██[38;2;21;21;21m██[38;2;149;163;172m████[38;2;103;121;140m██[38;2;30;152;187m██[38;2;103;121;140m██[38;2;149;163;172m████████[38;2;79;97;109m██[38;2;103;121;140m██████████████[38;2;21;21;21m██    [38;2;43;51;60m██[38;2;149;163;172m██[38;2;43;51;60m██    ██[38;2;149;163;172m████████[38;2;43;51;60m██      
██[38;2;149;163;172m██[38;2;103;121;140m██[38;2;30;152;187m████[38;2;26;99;136m████[38;2;79;97;109m██[38;2;103;121;140m████████[38;2;21;21;21m██[38;2;34;117;155m██[38;2;43;51;60m██[38;2;103;121;140m████[38;2;21;21;21m██  [38;2;21;64;87m██[38;2;37;184;233m██[38;2;34;117;155m██[38;2;26;99;136m██[38;2;231;234;244m████[38;2;26;99;136m██[38;2;30;152;187m██[38;2;26;99;136m██[38;2;231;234;244m████[38;2;26;99;136m██[38;2;30;152;187m██[38;2;34;117;155m██[38;2;21;64;87m██[38;2;26;99;136m██████[38;2;21;64;87m██[38;2;149;163;172m████[38;2;21;21;21m██[38;2;149;163;172m████[38;2;103;121;140m██[38;2;30;152;187m████[38;2;103;121;140m██[38;2;149;163;172m██████[38;2;79;97;109m██[38;2;103;121;140m████████████████[38;2;21;21;21m██[38;2;43;51;60m████[38;2;149;163;172m████[38;2;43;51;60m████  ██[38;2;149;163;172m████████[38;2;43;51;60m██      
[38;2;21;21;21m██[38;2;26;99;136m████████████████[38;2;103;121;140m████[38;2;21;21;21m██[38;2;34;117;155m████[38;2;43;51;60m██[38;2;103;121;140m████[38;2;21;21;21m██    ██[38;2;34;117;155m██[38;2;26;99;136m██[38;2;231;234;244m████[38;2;26;99;136m██[38;2;30;152;187m██[38;2;34;117;155m██[38;2;26;99;136m██[38;2;231;234;244m████[38;2;26;99;136m██[38;2;34;117;155m██[38;2;21;64;87m██[38;2;26;99;136m██████[38;2;21;64;87m██[38;2;149;163;172m██[38;2;21;21;21m██[38;2;149;163;172m████[38;2;103;121;140m██[38;2;30;152;187m██████[38;2;103;121;140m██[38;2;149;163;172m██████[38;2;79;97;109m██[38;2;103;121;140m██████[38;2;43;51;60m██[38;2;103;121;140m██████[38;2;43;51;60m██[38;2;103;121;140m██[38;2;43;51;60m██[38;2;103;121;140m████[38;2;149;163;172m████[38;2;103;121;140m██[38;2;43;51;60m████[38;2;149;163;172m██████[38;2;103;121;140m████[38;2;43;51;60m██    
[38;2;21;21;21m████[38;2;26;99;136m████████████████[38;2;103;121;140m██[38;2;21;21;21m██[38;2;34;117;155m██████[38;2;103;121;140m██████[38;2;21;21;21m██  ██[38;2;34;117;155m████[38;2;26;99;136m██[38;2;231;234;244m████[38;2;26;99;136m██[38;2;34;117;155m██[38;2;26;99;136m██[38;2;231;234;244m████[38;2;26;99;136m██[38;2;34;117;155m██[38;2;21;64;87m██[38;2;26;99;136m████████[38;2;21;21;21m██[38;2;149;163;172m████[38;2;103;121;140m██[38;2;30;152;187m████████[38;2;103;121;140m██[38;2;149;163;172m████[38;2;79;97;109m██[38;2;103;121;140m████████[38;2;43;51;60m██[38;2;103;121;140m██████[38;2;21;21;21m██[38;2;43;51;60m██[38;2;103;121;140m██████[38;2;79;97;109m████[38;2;103;121;140m████[38;2;43;51;60m██[38;2;149;163;172m██[38;2;103;121;140m████████[38;2;43;51;60m██    
    [38;2;21;21;21m████[38;2;26;99;136m██████████████[38;2;21;21;21m██[38;2;34;117;155m██████[38;2;103;121;140m██████[38;2;21;21;21m██  ██[38;2;34;117;155m████[38;2;26;99;136m██[38;2;231;234;244m████[38;2;26;99;136m██[38;2;34;117;155m██[38;2;26;99;136m██[38;2;231;234;244m██████[38;2;34;117;155m██[38;2;21;64;87m██[38;2;26;99;136m████████[38;2;21;21;21m██[38;2;26;99;136m██████████[38;2;30;152;187m████[38;2;103;121;140m██[38;2;149;163;172m████[38;2;79;97;109m██[38;2;103;121;140m██████[38;2;21;21;21m██[38;2;34;117;155m██[38;2;103;121;140m██████[38;2;21;21;21m██[38;2;103;121;140m██████[38;2;79;97;109m██[38;2;103;121;140m██████[38;2;43;51;60m████[38;2;103;121;140m██████████[38;2;43;51;60m██    
        [38;2;21;21;21m████[38;2;26;99;136m████[38;2;21;64;87m██[38;2;21;21;21m████[38;2;34;117;155m████████[38;2;43;51;60m██[38;2;103;121;140m████[38;2;21;21;21m██    ██[38;2;34;117;155m██[38;2;26;99;136m██[38;2;231;234;244m████[38;2;26;99;136m██[38;2;34;117;155m██[38;2;26;99;136m██[38;2;231;234;244m██████[38;2;26;99;136m██[38;2;34;117;155m██[38;2;21;64;87m██[38;2;26;99;136m██████[38;2;21;64;87m██[38;2;21;21;21m██[38;2;26;99;136m████████████[38;2;43;51;60m██████[38;2;103;121;140m████████[38;2;21;21;21m██[38;2;34;117;155m██[38;2;103;121;140m██████[38;2;21;21;21m██[38;2;103;121;140m██[38;2;79;97;109m████[38;2;103;121;140m████[38;2;43;51;60m████[38;2;103;121;140m████████████████[38;2;43;51;60m██  
            [38;2;21;21;21m██████[38;2;34;117;155m████████████[38;2;43;51;60m██[38;2;103;121;140m████[38;2;21;21;21m██    ██[38;2;34;117;155m██[38;2;26;99;136m██[38;2;21;21;21m██[38;2;231;234;244m████[38;2;26;99;136m██[38;2;34;117;155m██[38;2;26;99;136m██[38;2;231;234;244m████[38;2;21;21;21m██[38;2;34;117;155m██[38;2;21;64;87m██[38;2;26;99;136m██████[38;2;21;64;87m██[38;2;79;97;109m██[38;2;21;21;21m██[38;2;26;99;136m████████████████[38;2;43;51;60m██[38;2;103;121;140m████[38;2;21;21;21m██[38;2;34;117;155m████[38;2;103;121;140m██████[38;2;21;21;21m██[38;2;79;97;109m██[38;2;103;121;140m████[38;2;43;51;60m████[38;2;103;121;140m████████████[38;2;79;97;109m██[38;2;103;121;140m██████[38;2;43;51;60m██  
                [38;2;21;64;87m██[38;2;34;117;155m██████[38;2;26;99;136m████████[38;2;103;121;140m██████[38;2;21;21;21m██  ██[38;2;34;117;155m████[38;2;26;99;136m██[38;2;21;21;21m██[38;2;231;234;244m██[38;2;26;99;136m██[38;2;34;117;155m██[38;2;26;99;136m██[38;2;231;234;244m██[38;2;21;21;21m██[38;2;231;234;244m██[38;2;26;99;136m██[38;2;21;64;87m██[38;2;26;99;136m████████[38;2;21;64;87m██[38;2;79;97;109m██[38;2;21;21;21m██[38;2;26;99;136m██████████████[38;2;43;51;60m██[38;2;103;121;140m████[38;2;21;21;21m██[38;2;34;117;155m██[38;2;79;97;109m██[38;2;103;121;140m████[38;2;21;21;21m██[38;2;103;121;140m████[38;2;43;51;60m████[38;2;103;121;140m██████████████[38;2;79;97;109m██[38;2;103;121;140m██[38;2;79;97;109m██[38;2;103;121;140m████[38;2;21;64;87m████
                ██[38;2;26;99;136m██████████████████[38;2;103;121;140m██[38;2;21;21;21m██[38;2;43;51;60m██[38;2;255;193;125m██[38;2;21;21;21m██[38;2;34;117;155m██[38;2;26;99;136m██[38;2;231;234;244m████[38;2;26;99;136m██[38;2;34;117;155m██[38;2;26;99;136m██[38;2;231;234;244m██████[38;2;26;99;136m██[38;2;34;117;155m██[38;2;21;64;87m██[38;2;26;99;136m██████[38;2;21;64;87m██[38;2;103;121;140m██[38;2;79;97;109m██[38;2;21;21;21m██████[38;2;26;99;136m██████████[38;2;43;51;60m██[38;2;21;21;21m██[38;2;34;117;155m████[38;2;103;121;140m██████[38;2;21;21;21m██[38;2;43;51;60m████[38;2;103;121;140m████████████[38;2;79;97;109m██[38;2;103;121;140m████[38;2;79;97;109m██[38;2;103;121;140m████[38;2;79;97;109m██[38;2;21;64;87m██[38;2;26;99;136m██[38;2;21;21;21m██
                  [38;2;21;64;87m████[38;2;26;99;136m██████████████[38;2;21;21;21m██  [38;2;43;51;60m██[38;2;255;193;125m██[38;2;21;21;21m██[38;2;34;117;155m██[38;2;26;99;136m██[38;2;231;234;244m██████[38;2;26;99;136m██[38;2;34;117;155m██[38;2;26;99;136m██[38;2;231;234;244m████[38;2;26;99;136m██[38;2;34;117;155m██[38;2;21;64;87m██[38;2;26;99;136m██████[38;2;21;64;87m██[38;2;103;121;140m██████[38;2;79;97;109m██[38;2;103;121;140m██[38;2;21;21;21m██████[38;2;26;99;136m████[38;2;43;51;60m██[38;2;21;21;21m██[38;2;34;117;155m████[38;2;103;121;140m██████[38;2;21;21;21m██[38;2;103;121;140m██████████████[38;2;79;97;109m██[38;2;103;121;140m██[38;2;79;97;109m██[38;2;103;121;140m██[38;2;79;97;109m██[38;2;103;121;140m██[38;2;21;64;87m████[38;2;26;99;136m██[38;2;21;21;21m██  
                      [38;2;21;64;87m████[38;2;26;99;136m██████[38;2;21;21;21m████  [38;2;43;51;60m██████[38;2;21;21;21m██[38;2;34;117;155m████[38;2;26;99;136m██[38;2;231;234;244m████[38;2;26;99;136m██[38;2;34;117;155m██[38;2;26;99;136m██[38;2;231;234;244m██████[38;2;26;99;136m████[38;2;21;64;87m██[38;2;26;99;136m████[38;2;21;64;87m██[38;2;103;121;140m████[38;2;79;97;109m██[38;2;103;121;140m████[38;2;21;21;21m██[38;2;34;117;155m████[38;2;21;21;21m██████[38;2;34;117;155m██████[38;2;103;121;140m██████[38;2;21;21;21m██[38;2;103;121;140m████████[38;2;79;97;109m██[38;2;103;121;140m████[38;2;79;97;109m██[38;2;103;121;140m████[38;2;79;97;109m████[38;2;21;64;87m██[38;2;26;99;136m████[38;2;21;21;21m██    
                          ██████    [38;2;43;51;60m██[38;2;149;163;172m████████[38;2;21;21;21m██[38;2;34;117;155m██[38;2;26;99;136m██[38;2;231;234;244m████[38;2;26;99;136m██[38;2;34;117;155m████[38;2;26;99;136m██[38;2;231;234;244m██[38;2;116;131;182m██[38;2;26;99;136m████[38;2;21;64;87m██[38;2;26;99;136m██████[38;2;21;64;87m██[38;2;103;121;140m██[38;2;79;97;109m██[38;2;103;121;140m██[38;2;21;21;21m██[38;2;34;117;155m████████████████[38;2;79;97;109m██[38;2;103;121;140m██████[38;2;21;21;21m██[38;2;103;121;140m██████[38;2;79;97;109m██[38;2;103;121;140m██[38;2;79;97;109m██[38;2;103;121;140m██[38;2;79;97;109m██[38;2;103;121;140m████[38;2;21;64;87m████[38;2;26;99;136m████[38;2;21;21;21m██      
                                    [38;2;43;51;60m██[38;2;149;163;172m████████[38;2;21;21;21m██[38;2;26;99;136m████[38;2;21;21;21m██[38;2;116;131;182m████[38;2;26;99;136m██████[38;2;116;131;182m████[38;2;21;21;21m██[38;2;26;99;136m██[38;2;21;64;87m██[38;2;26;99;136m██████[38;2;21;64;87m██[38;2;79;97;109m██[38;2;103;121;140m████[38;2;21;21;21m██[38;2;26;99;136m████████[38;2;34;117;155m████████[38;2;79;97;109m██[38;2;103;121;140m████[38;2;21;21;21m██[38;2;103;121;140m██[38;2;21;21;21m██[38;2;103;121;140m████[38;2;79;97;109m██[38;2;103;121;140m████[38;2;79;97;109m████[38;2;21;64;87m████[38;2;26;99;136m██████[38;2;21;21;21m██        
                                    [38;2;43;51;60m██[38;2;149;163;172m██████████[38;2;21;21;21m██[38;2;26;99;136m████[38;2;21;21;21m██[38;2;116;131;182m██[38;2;26;99;136m██████[38;2;116;131;182m██[38;2;21;21;21m██[38;2;116;131;182m██[38;2;26;99;136m████[38;2;21;64;87m██[38;2;26;99;136m████[38;2;21;64;87m██[38;2;79;97;109m████████[38;2;21;21;21m██[38;2;26;99;136m██████████████[38;2;43;51;60m██[38;2;103;121;140m████[38;2;21;21;21m██[38;2;103;121;140m██[38;2;21;21;21m██[38;2;103;121;140m████[38;2;79;97;109m██[38;2;103;121;140m██████[38;2;21;64;87m██[38;2;26;99;136m████████[38;2;21;21;21m██          
                                    [38;2;43;51;60m██[38;2;149;163;172m██████████[38;2;21;21;21m██[38;2;26;99;136m████[38;2;116;131;182m██████[38;2;26;99;136m████[38;2;21;64;87m██[38;2;116;131;182m████[38;2;26;99;136m████[38;2;21;64;87m██[38;2;26;99;136m██████[38;2;21;64;87m██[38;2;103;121;140m██████[38;2;21;21;21m██[38;2;26;99;136m████████████████[38;2;43;51;60m██[38;2;103;121;140m██[38;2;21;21;21m██[38;2;103;121;140m██[38;2;21;21;21m██[38;2;103;121;140m████[38;2;79;97;109m██[38;2;103;121;140m██[38;2;21;64;87m████[38;2;26;99;136m██████[38;2;21;21;21m████            
                                    [38;2;43;51;60m██[38;2;149;163;172m██████████[38;2;79;97;109m██[38;2;21;21;21m██[38;2;26;99;136m██[38;2;21;64;87m██[38;2;116;131;182m████[38;2;26;99;136m████[38;2;21;64;87m██[38;2;116;131;182m██████[38;2;26;99;136m██[38;2;21;64;87m██[38;2;26;99;136m██████[38;2;21;64;87m██[38;2;103;121;140m████████[38;2;21;21;21m██████[38;2;26;99;136m████████████[38;2;43;51;60m██[38;2;21;21;21m██[38;2;103;121;140m██[38;2;21;21;21m██[38;2;103;121;140m████[38;2;21;64;87m████[38;2;26;99;136m████████[38;2;21;21;21m██                
                                  [38;2;43;51;60m██[38;2;149;163;172m████████████[38;2;79;97;109m██[38;2;21;21;21m██[38;2;26;99;136m██[38;2;21;64;87m██[38;2;116;131;182m██████[38;2;26;99;136m████[38;2;21;64;87m██[38;2;116;131;182m████[38;2;26;99;136m████[38;2;21;64;87m██[38;2;26;99;136m██████[38;2;21;64;87m██[38;2;103;121;140m████[38;2;43;51;60m██[38;2;149;163;172m██████[38;2;21;21;21m██████[38;2;26;99;136m████████[38;2;21;21;21m██[38;2;103;121;140m██[38;2;21;21;21m██[38;2;21;64;87m████[38;2;26;99;136m████████[38;2;21;21;21m████                  
                                  [38;2;43;51;60m██[38;2;149;163;172m████████████[38;2;79;97;109m██[38;2;103;121;140m██[38;2;21;21;21m██[38;2;26;99;136m██[38;2;21;21;21m██[38;2;116;131;182m████[38;2;26;99;136m████[38;2;21;64;87m██[38;2;116;131;182m████[38;2;21;21;21m██[38;2;26;99;136m██[38;2;21;64;87m██[38;2;26;99;136m██████[38;2;21;64;87m██[38;2;103;121;140m██[38;2;79;97;109m██[38;2;43;51;60m██[38;2;149;163;172m████████████[38;2;21;21;21m████████[38;2;103;121;140m████[38;2;21;21;21m██[38;2;26;99;136m██████████[38;2;21;21;21m██                      
                                  [38;2;43;51;60m██[38;2;149;163;172m████████████[38;2;79;97;109m██[38;2;103;121;140m██[38;2;21;21;21m██[38;2;26;99;136m██[38;2;21;64;87m██[38;2;21;21;21m██[38;2;116;131;182m██[38;2;26;99;136m██████[38;2;116;131;182m██[38;2;21;21;21m██[38;2;116;131;182m██[38;2;26;99;136m████[38;2;21;64;87m██[38;2;26;99;136m██████[38;2;21;64;87m██[38;2;103;121;140m██[38;2;43;51;60m██[38;2;149;163;172m██████████████[38;2;79;97;109m██[38;2;103;121;140m████████[38;2;21;21;21m██[38;2;26;99;136m██████[38;2;21;21;21m████                        
                                  [38;2;43;51;60m██[38;2;149;163;172m████████████[38;2;79;97;109m██[38;2;103;121;140m████[38;2;21;21;21m██[38;2;26;99;136m██[38;2;116;131;182m██████[38;2;26;99;136m████[38;2;21;64;87m██[38;2;116;131;182m████[38;2;26;99;136m████[38;2;21;64;87m██[38;2;26;99;136m██████[38;2;21;64;87m██[38;2;103;121;140m██[38;2;43;51;60m██[38;2;149;163;172m██████████████[38;2;79;97;109m██[38;2;103;121;140m████████[38;2;21;21;21m██[38;2;26;99;136m██[38;2;21;21;21m████                            
                                [38;2;43;51;60m██[38;2;149;163;172m██████████████[38;2;79;97;109m██[38;2;103;121;140m████[38;2;21;21;21m██[38;2;26;99;136m██[38;2;21;64;87m██[38;2;116;131;182m████[38;2;26;99;136m████[38;2;21;64;87m██[38;2;116;131;182m██████[38;2;26;99;136m████[38;2;21;64;87m██[38;2;26;99;136m██████[38;2;103;121;140m██[38;2;43;51;60m██[38;2;149;163;172m██████████████[38;2;79;97;109m██[38;2;103;121;140m████████[38;2;21;21;21m████                                
                                [38;2;43;51;60m██[38;2;149;163;172m██████████████[38;2;79;97;109m██[38;2;103;121;140m██████[38;2;21;21;21m██[38;2;21;64;87m██[38;2;116;131;182m██████[38;2;26;99;136m████[38;2;21;64;87m██[38;2;116;131;182m████[38;2;26;99;136m████[38;2;21;64;87m██[38;2;26;99;136m██████[38;2;43;51;60m██[38;2;149;163;172m████████████████[38;2;79;97;109m██[38;2;103;121;140m████████[38;2;21;21;21m██                                  
                                [38;2;43;51;60m██[38;2;149;163;172m██████████████[38;2;79;97;109m██[38;2;103;121;140m██████[38;2;21;21;21m██[38;2;26;99;136m██[38;2;21;64;87m██[38;2;116;131;182m████[38;2;26;99;136m████[38;2;21;64;87m██[38;2;116;131;182m██████[38;2;26;99;136m████[38;2;21;64;87m██[38;2;26;99;136m████[38;2;43;51;60m██[38;2;149;163;172m████████████████[38;2;79;97;109m██[38;2;103;121;140m██████████[38;2;21;21;21m██                                
                              [38;2;43;51;60m██[38;2;149;163;172m██████████████[38;2;79;97;109m██[38;2;103;121;140m██████████[38;2;21;21;21m██[38;2;26;99;136m██[38;2;21;64;87m██[38;2;116;131;182m████[38;2;26;99;136m████[38;2;21;64;87m██[38;2;116;131;182m██████[38;2;26;99;136m████[38;2;21;64;87m██[38;2;26;99;136m██[38;2;43;51;60m██[38;2;149;163;172m████████████████[38;2;79;97;109m██[38;2;103;121;140m██████████[38;2;21;21;21m██                                
                              [38;2;43;51;60m██[38;2;149;163;172m██████████████[38;2;79;97;109m██[38;2;103;121;140m████████[38;2;21;21;21m██[38;2;26;99;136m██[38;2;21;21;21m██████[38;2;116;131;182m████[38;2;26;99;136m████[38;2;21;64;87m██[38;2;116;131;182m██████[38;2;26;99;136m████[38;2;21;21;21m██[38;2;43;51;60m██[38;2;149;163;172m████████████████[38;2;79;97;109m██[38;2;103;121;140m████[38;2;79;97;109m██[38;2;103;121;140m████[38;2;21;21;21m██                                
                              [38;2;43;51;60m██[38;2;149;163;172m██████████████[38;2;79;97;109m██[38;2;103;121;140m████████[38;2;21;21;21m██[38;2;26;99;136m██[38;2;79;97;109m██████[38;2;21;21;21m██████████████████    [38;2;43;51;60m██[38;2;149;163;172m████████████████[38;2;79;97;109m██[38;2;103;121;140m████[38;2;43;51;60m██[38;2;103;121;140m████[38;2;21;21;21m██                                
                            [38;2;43;51;60m██[38;2;149;163;172m██████[38;2;103;121;140m██[38;2;149;163;172m████████[38;2;79;97;109m██[38;2;103;121;140m████████[38;2;21;21;21m██[38;2;26;99;136m██[38;2;79;97;109m██████████[38;2;43;51;60m██              ██[38;2;149;163;172m████████████████[38;2;79;97;109m██[38;2;103;121;140m██████[38;2;43;51;60m██[38;2;103;121;140m██████[38;2;21;21;21m██                              
                            [38;2;43;51;60m██[38;2;149;163;172m████[38;2;103;121;140m██[38;2;30;152;187m██[38;2;103;121;140m██[38;2;149;163;172m██████[38;2;79;97;109m██[38;2;103;121;140m████████[38;2;21;21;21m██[38;2;26;99;136m████[38;2;79;97;109m██████████[38;2;43;51;60m██            ██[38;2;149;163;172m████████████████[38;2;79;97;109m██[38;2;103;121;140m██████[38;2;21;21;21m██[38;2;79;97;109m██[38;2;103;121;140m████[38;2;21;21;21m██                              
                            [38;2;43;51;60m██[38;2;149;163;172m████[38;2;103;121;140m██[38;2;30;152;187m██[38;2;103;121;140m██[38;2;149;163;172m██████[38;2;79;97;109m██[38;2;103;121;140m██████[38;2;43;51;60m██[38;2;26;99;136m██████[38;2;79;97;109m██████████[38;2;43;51;60m██            ██[38;2;149;163;172m████████████████[38;2;79;97;109m██[38;2;103;121;140m██████[38;2;21;21;21m██[38;2;79;97;109m██[38;2;103;121;140m████[38;2;21;21;21m██                              
                          [38;2;43;51;60m██[38;2;149;163;172m████[38;2;103;121;140m██[38;2;30;152;187m████[38;2;103;121;140m██[38;2;149;163;172m████[38;2;79;97;109m██[38;2;103;121;140m████████[38;2;21;21;21m██████[38;2;26;99;136m██[38;2;79;97;109m██████[38;2;43;51;60m████              ██[38;2;149;163;172m████████████████[38;2;79;97;109m██[38;2;103;121;140m██████[38;2;21;21;21m██[38;2;26;99;136m██[38;2;79;97;109m██[38;2;103;121;140m████[38;2;21;21;21m██                            
                          [38;2;43;51;60m██[38;2;149;163;172m████[38;2;103;121;140m██[38;2;30;152;187m██████[38;2;103;121;140m██[38;2;149;163;172m██[38;2;79;97;109m██[38;2;103;121;140m████████[38;2;21;21;21m██    ████████                [38;2;43;51;60m██[38;2;149;163;172m██████[38;2;103;121;140m██[38;2;149;163;172m██████████[38;2;79;97;109m██[38;2;103;121;140m██████[38;2;21;21;21m██[38;2;26;99;136m██[38;2;79;97;109m██[38;2;103;121;140m████[38;2;21;21;21m██                            
                          [38;2;43;51;60m██[38;2;149;163;172m██[38;2;103;121;140m██[38;2;30;152;187m████████[38;2;103;121;140m██[38;2;149;163;172m██[38;2;79;97;109m██[38;2;103;121;140m████████[38;2;21;21;21m██                            [38;2;43;51;60m██[38;2;149;163;172m████[38;2;103;121;140m██[38;2;30;152;187m██[38;2;103;121;140m██[38;2;149;163;172m████████[38;2;79;97;109m██[38;2;103;121;140m██████[38;2;21;21;21m██[38;2;26;99;136m██[38;2;79;97;109m██[38;2;103;121;140m██████[38;2;21;21;21m██                          
                            ██████[38;2;30;152;187m██████[38;2;103;121;140m██[38;2;149;163;172m██[38;2;79;97;109m██[38;2;103;121;140m████[38;2;21;21;21m████                              [38;2;43;51;60m██[38;2;149;163;172m████[38;2;103;121;140m██[38;2;30;152;187m██[38;2;103;121;140m██[38;2;149;163;172m████████[38;2;79;97;109m██[38;2;103;121;140m██████[38;2;21;21;21m██[38;2;26;99;136m████[38;2;79;97;109m██[38;2;103;121;140m████[38;2;21;21;21m██                          
                                  ██████[38;2;103;121;140m██[38;2;149;163;172m██[38;2;79;97;109m██[38;2;21;21;21m████                                [38;2;43;51;60m██[38;2;149;163;172m████[38;2;103;121;140m██[38;2;30;152;187m████[38;2;103;121;140m██[38;2;149;163;172m████████[38;2;79;97;109m██[38;2;103;121;140m██████[38;2;21;21;21m████[38;2;26;99;136m██[38;2;43;51;60m██[38;2;21;21;21m████                            
                                        ██████                                    [38;2;43;51;60m██[38;2;149;163;172m████[38;2;103;121;140m██[38;2;30;152;187m██████[38;2;103;121;140m██[38;2;149;163;172m██████[38;2;79;97;109m██[38;2;103;121;140m██████[38;2;21;21;21m██  ████                                
                                                                                  [38;2;43;51;60m██[38;2;149;163;172m██[38;2;103;121;140m██[38;2;30;152;187m████████[38;2;103;121;140m██[38;2;149;163;172m████[38;2;79;97;109m██[38;2;103;121;140m████████[38;2;21;21;21m██                                      
                                                                                    ████████[38;2;30;152;187m████[38;2;103;121;140m██[38;2;149;163;172m████[38;2;79;97;109m██[38;2;103;121;140m██████[38;2;21;21;21m██                                        
                                                                                            ████████[38;2;149;163;172m██[38;2;79;97;109m██[38;2;103;121;140m██[38;2;21;21;21m████                                          
                                                                                                    ██████                                              
[0m