                                                                      [38;2;55;78;87m██                                        
                                                                    ██[38;2;201;233;237m██[38;2;32;32;32m██                                      
                                                                    [38;2;55;78;87m██[38;2;201;233;237m██[38;2;32;32;32m██                                      
                                                                  [38;2;55;78;87m██[38;2;201;233;237m██[38;2;136;168;171m██[38;2;32;32;32m██                                      
                                                                  [38;2;55;78;87m██[38;2;201;233;237m██[38;2;136;168;171m██[38;2;32;32;32m██                                      
                                                                [38;2;55;78;87m██[38;2;201;233;237m██[38;2;136;168;171m████[38;2;32;32;32m██                                      
                                                              [38;2;55;78;87m████[38;2;201;233;237m██[38;2;136;168;171m████[38;2;32;32;32m██                                      
                                                          [38;2;55;78;87m████[38;2;85;116;120m██[38;2;55;78;87m██[38;2;201;233;237m██[38;2;136;168;171m██[38;2;32;32;32m██[38;2;85;116;120m██[38;2;32;32;32m██                                    
                  [38;2;92;153;158m██████████                  [38;2;82;103;105m██[38;2;32;32;32m██      [38;2;55;78;87m██[38;2;85;116;120m████[38;2;55;78;87m██[38;2;201;233;237m██[38;2;136;168;171m████[38;2;32;32;32m██[38;2;85;116;120m██[38;2;32;32;32m██                                    
              [38;2;92;153;158m████[38;2;129;199;197m██████████[38;2;92;153;158m████              [38;2;82;103;105m██[38;2;201;233;237m██[38;2;32;32;32m██  [38;2;55;78;87m██[38;2;85;116;120m██████[38;2;55;78;87m██[38;2;201;233;237m██[38;2;136;168;171m████[38;2;32;32;32m██[38;2;85;116;120m████[38;2;32;32;32m██                                  
          [38;2;82;103;105m██[38;2;92;153;158m██[38;2;129;199;197m██████████████████[38;2;92;153;158m██            [38;2;82;103;105m██[38;2;201;233;237m██[38;2;136;168;171m██[38;2;32;32;32m██[38;2;85;116;120m████████[38;2;55;78;87m██[38;2;201;233;237m██[38;2;136;168;171m████[38;2;32;32;32m██[38;2;85;116;120m████[38;2;32;32;32m██                                  
        [38;2;82;103;105m██[38;2;201;233;237m██[38;2;92;153;158m██[38;2;129;199;197m████████[38;2;82;103;105m██████[38;2;129;199;197m██████[38;2;92;153;158m██            [38;2;55;78;87m██[38;2;201;233;237m██[38;2;136;168;171m██[38;2;32;32;32m██[38;2;85;116;120m████[38;2;55;78;87m██[38;2;201;233;237m██[38;2;136;168;171m██████[38;2;32;32;32m██[38;2;85;116;120m████[38;2;32;32;32m██                                  
      [38;2;82;103;105m██[38;2;201;233;237m██[38;2;92;153;158m██[38;2;129;199;197m██████[38;2;82;103;105m████[38;2;201;233;237m██████[38;2;82;103;105m██[38;2;129;199;197m██████[38;2;55;78;87m██          ██[38;2;201;233;237m██[38;2;136;168;171m██[38;2;32;32;32m██[38;2;85;116;120m████[38;2;55;78;87m██[38;2;201;233;237m██[38;2;136;168;171m████[38;2;32;32;32m██[38;2;85;116;120m████████[38;2;32;32;32m██                                
      [38;2;82;103;105m██[38;2;201;233;237m██[38;2;129;199;197m██████[38;2;82;103;105m██[38;2;201;233;237m██████[38;2;32;32;32m████[38;2;129;199;197m██████████[38;2;55;78;87m██      ██[38;2;85;116;120m██[38;2;55;78;87m██[38;2;201;233;237m██[38;2;136;168;171m██[38;2;32;32;32m██[38;2;85;116;120m██[38;2;55;78;87m██[38;2;201;233;237m██[38;2;136;168;171m████[38;2;32;32;32m██[38;2;85;116;120m████████[38;2;55;78;87m██████                            
      [38;2;92;153;158m████[38;2;129;199;197m████[38;2;82;103;105m██[38;2;201;233;237m████[38;2;32;32;32m████[38;2;201;157;62m██[38;2;92;153;158m██[38;2;129;199;197m██████████[38;2;55;78;87m██    ██[38;2;85;116;120m████[38;2;55;78;87m██[38;2;201;233;237m██[38;2;136;168;171m████[38;2;32;32;32m██[38;2;201;233;237m██[38;2;136;168;171m██████[38;2;32;32;32m██[38;2;85;116;120m████[38;2;55;78;87m████[38;2;201;233;237m████[38;2;32;32;32m██                            
    [38;2;55;78;87m██[38;2;92;153;158m██[38;2;129;199;197m██[38;2;82;103;105m██[38;2;129;199;197m████[38;2;32;32;32m████[38;2;55;78;87m██[38;2;201;157;62m██[38;2;230;204;97m██[38;2;201;157;62m██[38;2;129;199;197m████████████[38;2;55;78;87m██  ██[38;2;85;116;120m████[38;2;55;78;87m██[38;2;136;168;171m██████[38;2;55;78;87m██[38;2;201;233;237m██[38;2;136;168;171m██████[38;2;32;32;32m██[38;2;55;78;87m████[38;2;201;233;237m████[38;2;136;168;171m██[38;2;32;32;32m██                              
  [38;2;82;103;105m██[38;2;136;168;171m██[38;2;55;78;87m██[38;2;82;103;105m██[38;2;201;233;237m██[38;2;55;78;87m██[38;2;129;199;197m████[38;2;55;78;87m██[38;2;247;247;247m██[38;2;55;78;87m██[38;2;230;204;97m████[38;2;92;153;158m██[38;2;129;199;197m████████████[38;2;55;78;87m██[38;2;85;116;120m████████[38;2;55;78;87m██[38;2;136;168;171m██████████████[38;2;55;78;87m██[38;2;201;233;237m████[38;2;136;168;171m████[38;2;32;32;32m████                              
  [38;2;82;103;105m██[38;2;201;233;237m██[38;2;82;103;105m██[38;2;247;247;247m██[38;2;136;168;171m██[38;2;55;78;87m██[38;2;129;199;197m████[38;2;55;78;87m██████[38;2;230;204;97m████[38;2;92;153;158m██[38;2;129;199;197m████████████[38;2;55;78;87m██[38;2;85;116;120m████████[38;2;55;78;87m██[38;2;136;168;171m██████████████████████[38;2;32;32;32m██[38;2;85;116;120m██[38;2;32;32;32m██                              
[38;2;82;103;105m██[38;2;136;168;171m██[38;2;201;233;237m██[38;2;247;247;247m██[38;2;136;168;171m██[38;2;201;233;237m████[38;2;55;78;87m██[38;2;129;199;197m██[38;2;201;157;62m██[38;2;55;78;87m██[38;2;201;157;62m██[38;2;230;204;97m██[38;2;201;157;62m██[38;2;92;153;158m██[38;2;129;199;197m██████████████[38;2;55;78;87m██[38;2;85;116;120m██████[38;2;55;78;87m██[38;2;136;168;171m████████████████████[38;2;32;32;32m██[38;2;85;116;120m████[38;2;32;32;32m██                              
[38;2;82;103;105m██[38;2;136;168;171m██[38;2;247;247;247m██[38;2;136;168;171m██[38;2;201;233;237m██████[38;2;136;168;171m██[38;2;82;103;105m████████████████[38;2;129;199;197m██████████████[38;2;55;78;87m██[38;2;85;116;120m██████[38;2;55;78;87m██[38;2;136;168;171m████████████████[38;2;32;32;32m██[38;2;85;116;120m██████[38;2;32;32;32m██                              
[38;2;82;103;105m██[38;2;201;233;237m██[38;2;136;168;171m██[38;2;201;233;237m██████████████████████████[38;2;55;78;87m██[38;2;129;199;197m██████████████[38;2;55;78;87m████[38;2;85;116;120m██[38;2;55;78;87m██[38;2;136;168;171m██████████████[38;2;32;32;32m██[38;2;85;116;120m████████[38;2;55;78;87m████████████████                
[38;2;82;103;105m██[38;2;201;233;237m██████████████████████████[38;2;136;168;171m██[38;2;55;78;87m██[38;2;129;199;197m████████████████████[38;2;55;78;87m████[38;2;82;103;105m██[38;2;136;168;171m██████████[38;2;55;78;87m██[38;2;85;116;120m████[38;2;55;78;87m██████[38;2;92;153;158m████████████████[38;2;55;78;87m████████        
  [38;2;82;103;105m██[38;2;201;233;237m██[38;2;82;103;105m██████████[38;2;201;233;237m████████[38;2;136;168;171m██[38;2;55;78;87m████[38;2;92;153;158m██[38;2;129;199;197m████████████████████████[38;2;55;78;87m██████████████████[38;2;92;153;158m██████████████████████████████[38;2;55;78;87m████    
    ██[38;2;201;233;237m████████[38;2;136;168;171m██[38;2;82;103;105m████[38;2;136;168;171m██[38;2;55;78;87m████[38;2;92;153;158m████████[38;2;129;199;197m██████████████████████████[38;2;92;153;158m████████████████████████████████████████████████[38;2;55;78;87m██  
      ██[38;2;136;168;171m██████[38;2;201;233;237m████[38;2;136;168;171m██[38;2;55;78;87m██[38;2;92;153;158m██████████████[38;2;129;199;197m████████████████████████████[38;2;92;153;158m████████████████████████████████████[38;2;32;32;32m████████[38;2;92;153;158m██[38;2;55;78;87m██
        [38;2;32;32;32m██[38;2;136;168;171m████████[38;2;32;32;32m████[38;2;92;153;158m████████████████[38;2;129;199;197m██████████████████████████████[38;2;92;153;158m████████████████████████████[38;2;32;32;32m████        ████
          ████[38;2;136;168;171m██[38;2;32;32;32m██    ████[38;2;92;153;158m██████[38;2;55;78;87m██[38;2;92;153;158m██████[38;2;129;199;197m██████████████████████████████[38;2;92;153;158m██████████████████████[38;2;32;32;32m████                
              ████        ██[38;2;92;153;158m██[38;2;55;78;87m██[38;2;136;168;171m██[38;2;55;78;87m██[38;2;92;153;158m██████[38;2;129;199;197m██████████████████████████████[38;2;92;153;158m██████████████████[38;2;32;32;32m██                    
                            ██[38;2;136;168;171m██████[38;2;55;78;87m██[38;2;92;153;158m████[38;2;129;199;197m██████████████████████████████[38;2;55;78;87m██[38;2;92;153;158m██████████████[38;2;32;32;32m██                      
                            ██[38;2;136;168;171m████████[38;2;55;78;87m██[38;2;92;153;158m████[38;2;129;199;197m██████████████████████████████[38;2;55;78;87m██[38;2;92;153;158m████████████[38;2;32;32;32m██                      
                          ██[38;2;92;153;158m██[38;2;32;32;32m██[38;2;136;168;171m████████[38;2;55;78;87m██[38;2;92;153;158m██[38;2;129;199;197m████████[38;2;55;78;87m██[38;2;129;199;197m████████[38;2;92;153;158m██[38;2;129;199;197m████████████[38;2;55;78;87m██[38;2;92;153;158m████████[38;2;32;32;32m██                        
                          ██[38;2;92;153;158m██[38;2;32;32;32m██[38;2;136;168;171m████████[38;2;55;78;87m██[38;2;92;153;158m██[38;2;55;78;87m██[38;2;129;199;197m██████[38;2;55;78;87m██[38;2;92;153;158m██[38;2;129;199;197m████[38;2;55;78;87m██[38;2;129;199;197m██████████████[38;2;55;78;87m██[38;2;92;153;158m██████[38;2;32;32;32m██                          
                        [38;2;55;78;87m██[38;2;92;153;158m██████[38;2;32;32;32m██[38;2;136;168;171m████[38;2;55;78;87m██[38;2;92;153;158m████[38;2;55;78;87m██[38;2;129;199;197m████████[38;2;55;78;87m██[38;2;92;153;158m████[38;2;55;78;87m██[38;2;129;199;197m████████████████[38;2;55;78;87m████[38;2;92;153;158m██[38;2;32;32;32m██                          
                        [38;2;55;78;87m██[38;2;92;153;158m██████[38;2;32;32;32m██[38;2;136;168;171m████[38;2;55;78;87m████[38;2;92;153;158m██[38;2;55;78;87m██[38;2;129;199;197m████████[38;2;55;78;87m██[38;2;92;153;158m██[38;2;32;32;32m██[38;2;129;199;197m██████████████████[38;2;55;78;87m██[38;2;136;168;171m██[38;2;32;32;32m██                            
                      [38;2;55;78;87m██[38;2;92;153;158m████████[38;2;32;32;32m████[38;2;136;168;171m██████[38;2;55;78;87m██[38;2;129;199;197m██████████[38;2;55;78;87m██[38;2;92;153;158m██[38;2;32;32;32m██[38;2;129;199;197m██████████████████[38;2;55;78;87m██[38;2;32;32;32m██                              
                    [38;2;55;78;87m██[38;2;92;153;158m████████[38;2;32;32;32m██    ██[38;2;136;168;171m████[38;2;55;78;87m██[38;2;129;199;197m██████████[38;2;55;78;87m██[38;2;92;153;158m██[38;2;32;32;32m██[38;2;129;199;197m██████████████████[38;2;32;32;32m██                                
                  [38;2;55;78;87m██[38;2;136;168;171m██[38;2;55;78;87m██[38;2;92;153;158m██████[38;2;32;32;32m██      ██[38;2;55;78;87m██[38;2;129;199;197m██████████[38;2;32;32;32m██[38;2;92;153;158m██[38;2;55;78;87m██[38;2;32;32;32m██[38;2;129;199;197m████████████████[38;2;32;32;32m██                                  
                  [38;2;55;78;87m██[38;2;136;168;171m██[38;2;55;78;87m██[38;2;92;153;158m████[38;2;32;32;32m██        [38;2;55;78;87m██[38;2;129;199;197m████████████[38;2;32;32;32m██[38;2;55;78;87m██[38;2;136;168;171m████[38;2;32;32;32m██[38;2;129;199;197m████████████[38;2;92;153;158m██[38;2;32;32;32m██                                  
                [38;2;214;109;123m██[38;2;242;150;190m██[38;2;32;32;32m██[38;2;136;168;171m██[38;2;55;78;87m██[38;2;92;153;158m██[38;2;32;32;32m██    [38;2;82;103;105m████[38;2;129;199;197m████████████[38;2;32;32;32m██[38;2;136;168;171m████████[38;2;32;32;32m██[38;2;92;153;158m██[38;2;129;199;197m██████[38;2;92;153;158m████[38;2;32;32;32m██                                    
              [38;2;214;109;123m██[38;2;242;150;190m██[38;2;156;65;73m██[38;2;32;32;32m██[38;2;136;168;171m██[38;2;82;103;105m██[38;2;32;32;32m██    [38;2;82;103;105m██[38;2;201;233;237m██[38;2;214;109;123m████████[38;2;129;199;197m██████[38;2;32;32;32m██████████████[38;2;92;153;158m██████████[38;2;32;32;32m██                                    
            [38;2;214;109;123m██[38;2;242;150;190m██[38;2;156;65;73m██  ██[38;2;32;32;32m██[38;2;136;168;171m██[38;2;32;32;32m██    [38;2;214;109;123m████[38;2;242;150;190m████████[38;2;156;65;73m██[38;2;129;199;197m██[38;2;32;32;32m██[38;2;92;153;158m██████[38;2;55;78;87m██      [38;2;32;32;32m██[38;2;92;153;158m████████[38;2;32;32;32m██                                    
            [38;2;156;65;73m████    ██[38;2;214;109;123m██[38;2;32;32;32m██    [38;2;214;109;123m██[38;2;242;150;190m████[38;2;214;109;123m██[38;2;32;32;32m████[38;2;242;150;190m██[38;2;156;65;73m██[38;2;32;32;32m██[38;2;92;153;158m██████████[38;2;55;78;87m██      [38;2;32;32;32m██[38;2;92;153;158m██████[38;2;32;32;32m██                                    
                    [38;2;156;65;73m██[38;2;214;109;123m██[38;2;32;32;32m██      ██████[38;2;136;168;171m██[38;2;156;65;73m██[38;2;242;150;190m██[38;2;156;65;73m██[38;2;32;32;32m██[38;2;55;78;87m████[38;2;92;153;158m██████[38;2;55;78;87m██      [38;2;32;32;32m██[38;2;92;153;158m████████[38;2;32;32;32m██                                  
                      ██            [38;2;82;103;105m██[38;2;156;65;73m██[38;2;214;109;123m██[38;2;242;150;190m██[38;2;32;32;32m██[38;2;136;168;171m██[38;2;55;78;87m██[38;2;136;168;171m██[38;2;55;78;87m██[38;2;92;153;158m████[38;2;55;78;87m██      ██[38;2;92;153;158m████████[38;2;32;32;32m██                                  
                                      [38;2;156;65;73m██[38;2;242;150;190m██[38;2;32;32;32m██[38;2;55;78;87m████[38;2;136;168;171m████[38;2;55;78;87m██████      ██[38;2;129;199;197m████████[38;2;92;153;158m████[38;2;32;32;32m██                                
                                      [38;2;156;65;73m██[38;2;242;150;190m██[38;2;32;32;32m██  [38;2;55;78;87m██████          ██[38;2;136;168;171m██[38;2;92;153;158m████[38;2;129;199;197m██[38;2;92;153;158m██████[38;2;32;32;32m██                                
                                        ██                  [38;2;55;78;87m██[38;2;136;168;171m██[38;2;55;78;87m██[38;2;201;233;237m████[38;2;55;78;87m██[38;2;201;233;237m██[38;2;136;168;171m██[38;2;32;32;32m██                                  
                                                            ████[38;2;55;78;87m██[38;2;201;233;237m██[38;2;32;32;32m██[38;2;55;78;87m██[38;2;201;233;237m██[38;2;32;32;32m██                                    
                                                                ████  ████                                      
[0m