                                                                      [38;2;16;16;16m██                                                                                                    
                                                                    [38;2;98;98;98m██[38;2;230;230;230m██[38;2;16;16;16m██                                            [38;2;132;96;36m████                                                  
                                                                    [38;2;98;98;98m██[38;2;230;230;230m██[38;2;16;16;16m██      [38;2;98;98;98m██                                  [38;2;132;96;36m██[38;2;223;205;74m████[38;2;132;96;36m████    ████                                      
                                                                  [38;2;98;98;98m██[38;2;230;230;230m██████[38;2;16;16;16m██  [38;2;98;98;98m██[38;2;230;230;230m██[38;2;16;16;16m██                                [38;2;132;96;36m██[38;2;223;205;74m████████[38;2;132;96;36m████[38;2;223;205;74m██[38;2;16;16;16m██                      [38;2;223;205;74m██              
                                                                  [38;2;98;98;98m██[38;2;230;230;230m██████[38;2;16;16;16m██  [38;2;98;98;98m██[38;2;230;230;230m██[38;2;16;16;16m██    [38;2;98;98;98m██                          [38;2;16;16;16m██[38;2;223;205;74m██████████████[38;2;16;16;16m██                    [38;2;223;205;74m██[38;2;245;241;158m██[38;2;191;156;49m██        [38;2;223;205;74m██  
                                                                [38;2;98;98;98m██[38;2;164;164;164m██[38;2;230;230;230m████████[38;2;98;98;98m██[38;2;230;230;230m████[38;2;98;98;98m██  ██[38;2;164;164;164m██[38;2;16;16;16m██                          [38;2;132;96;36m██[38;2;223;205;74m████[38;2;191;156;49m██[38;2;223;205;74m████[38;2;16;16;16m██                      [38;2;223;205;74m██[38;2;245;241;158m██[38;2;191;156;49m██      [38;2;223;205;74m██[38;2;245;241;158m██[38;2;191;156;49m██
                                                                [38;2;98;98;98m██[38;2;230;230;230m██████████[38;2;164;164;164m██[38;2;230;230;230m████[38;2;164;164;164m██[38;2;98;98;98m██[38;2;164;164;164m████[38;2;16;16;16m██      [38;2;132;96;36m████                [38;2;16;16;16m██[38;2;223;205;74m██████[38;2;16;16;16m████                          [38;2;191;156;49m██          ██  
                                                                [38;2;98;98;98m██[38;2;230;230;230m██████████████[38;2;132;96;36m██████[38;2;164;164;164m████[38;2;16;16;16m██    [38;2;132;96;36m██[38;2;223;205;74m████[38;2;132;96;36m██      ████      [38;2;16;16;16m██[38;2;223;205;74m██████[38;2;16;16;16m██  [38;2;132;96;36m██████          [38;2;191;156;49m████                    
                                                              [38;2;98;98;98m██[38;2;230;230;230m██████████████[38;2;132;96;36m██[38;2;223;205;74m██████[38;2;132;96;36m████[38;2;164;164;164m██[38;2;16;16;16m██  [38;2;132;96;36m██[38;2;223;205;74m██[38;2;16;16;16m██      [38;2;132;96;36m██[38;2;223;205;74m████[38;2;191;156;49m██[38;2;16;16;16m██  ██[38;2;223;205;74m██████[38;2;191;156;49m██[38;2;132;96;36m██[38;2;223;205;74m██████[38;2;132;96;36m████    [38;2;191;156;49m██[38;2;245;241;158m████[38;2;191;156;49m██  [38;2;223;205;74m████            
                                                              [38;2;98;98;98m██[38;2;230;230;230m████████████[38;2;132;96;36m██[38;2;223;205;74m████████████[38;2;132;96;36m██[38;2;16;16;16m██  [38;2;132;96;36m██[38;2;223;205;74m██[38;2;16;16;16m██      [38;2;132;96;36m██[38;2;223;205;74m████[38;2;16;16;16m██      ██[38;2;223;205;74m██[38;2;191;156;49m██[38;2;132;96;36m██[38;2;223;205;74m████████████[38;2;132;96;36m██  [38;2;191;156;49m██[38;2;245;241;158m████[38;2;191;156;49m██  [38;2;223;205;74m██[38;2;245;241;158m██[38;2;191;156;49m██    [38;2;223;205;74m██    
                                                              [38;2;98;98;98m██[38;2;230;230;230m████████████[38;2;132;96;36m██[38;2;223;205;74m██████[38;2;191;156;49m████[38;2;223;205;74m████[38;2;132;96;36m████[38;2;223;205;74m██████[38;2;16;16;16m██      [38;2;132;96;36m██[38;2;223;205;74m██[38;2;16;16;16m██      ██[38;2;191;156;49m████[38;2;132;96;36m██[38;2;223;205;74m██[38;2;132;96;36m████[38;2;223;205;74m██████[38;2;245;241;158m██[38;2;132;96;36m██[38;2;191;156;49m██[38;2;245;241;158m██████[38;2;223;205;74m██[38;2;245;241;158m████[38;2;16;16;16m██  [38;2;223;205;74m██[38;2;245;241;158m██[38;2;191;156;49m██  
                                                            [38;2;16;16;16m██[38;2;230;230;230m████████████[38;2;164;164;164m██[38;2;132;96;36m██[38;2;223;205;74m████[38;2;191;156;49m██[38;2;223;205;74m████[38;2;132;96;36m██[38;2;223;205;74m████████████[38;2;16;16;16m██      [38;2;132;96;36m██[38;2;223;205;74m████[38;2;16;16;16m████[38;2;132;96;36m██[38;2;191;156;49m██████[38;2;132;96;36m██[38;2;223;205;74m██[38;2;132;96;36m██[38;2;223;205;74m██[38;2;132;96;36m██[38;2;223;205;74m██[38;2;245;241;158m██[38;2;223;205;74m██[38;2;245;241;158m██[38;2;191;156;49m██[38;2;245;241;158m██[38;2;132;96;36m██[38;2;245;241;158m██[38;2;223;205;74m██[38;2;245;241;158m██[38;2;191;156;49m██    [38;2;223;205;74m██[38;2;245;241;158m██[38;2;191;156;49m██  
                                                            [38;2;16;16;16m██[38;2;230;230;230m████████████[38;2;164;164;164m████[38;2;132;96;36m██[38;2;223;205;74m████████[38;2;132;96;36m██[38;2;223;205;74m██████████[38;2;132;96;36m██████████[38;2;191;156;49m██[38;2;223;205;74m██████[38;2;191;156;49m████[38;2;223;205;74m██[38;2;191;156;49m████[38;2;132;96;36m██[38;2;223;205;74m██████[38;2;132;96;36m██[38;2;191;156;49m██[38;2;223;205;74m██[38;2;245;241;158m██[38;2;223;205;74m██[38;2;245;241;158m████[38;2;16;16;16m██[38;2;245;241;158m██████[38;2;16;16;16m██      [38;2;191;156;49m██    
                                                            [38;2;16;16;16m██[38;2;230;230;230m██████████[38;2;164;164;164m████████[38;2;132;96;36m██[38;2;223;205;74m████[38;2;191;156;49m██[38;2;223;205;74m████████[38;2;132;96;36m████[38;2;223;205;74m██████████████████████[38;2;191;156;49m██[38;2;223;205;74m██[38;2;191;156;49m████[38;2;132;96;36m██[38;2;223;205;74m██[38;2;191;156;49m██[38;2;132;96;36m██[38;2;191;156;49m██[38;2;245;241;158m██[38;2;223;205;74m██[38;2;245;241;158m████[38;2;132;96;36m██  [38;2;16;16;16m██[38;2;245;241;158m██[38;2;16;16;16m██              
                                                      [38;2;32;49;57m██████████[38;2;98;98;98m████[38;2;230;230;230m████[38;2;164;164;164m██████████[38;2;132;96;36m████[38;2;223;205;74m████████[38;2;132;96;36m██[38;2;223;205;74m████████████████████████████[38;2;191;156;49m████████[38;2;132;96;36m████[38;2;191;156;49m██████[38;2;223;205;74m██[38;2;245;241;158m████[38;2;16;16;16m██  ██[38;2;245;241;158m██[38;2;16;16;16m██              
                                              [38;2;32;49;57m████████[38;2;65;82;82m██████████████████[38;2;191;156;49m████[38;2;223;205;74m████████████[38;2;191;156;49m██████[38;2;132;96;36m██[38;2;223;205;74m██████████████████████████[38;2;191;156;49m██████████████████[38;2;132;96;36m██[38;2;16;16;16m██████      ██                
                                        [38;2;32;49;57m██████[38;2;65;82;82m████████████████████[38;2;191;156;49m████[38;2;223;205;74m██████████[38;2;191;156;49m██████[38;2;71;135;50m██████[38;2;132;96;36m██[38;2;223;205;74m██████[38;2;191;156;49m████[38;2;223;205;74m████████████████[38;2;191;156;49m████████████████[38;2;132;96;36m██[38;2;16;16;16m██                                
                                    [38;2;32;49;57m████[38;2;65;82;82m████████████████████[38;2;191;156;49m████[38;2;223;205;74m██████████[38;2;191;156;49m████[38;2;71;135;50m██████████████[38;2;16;16;16m██[38;2;223;205;74m████[38;2;191;156;49m██[38;2;223;205;74m████[38;2;191;156;49m██[38;2;223;205;74m██████████████[38;2;191;156;49m██████████████[38;2;132;96;36m██                                    
                        ████    [38;2;32;49;57m████[38;2;65;82;82m██████████████████[38;2;191;156;49m████[38;2;223;205;74m██████████[38;2;191;156;49m████[38;2;71;135;50m██████████[38;2;223;205;74m██[38;2;71;135;50m████████[38;2;16;16;16m██[38;2;223;205;74m████[38;2;191;156;49m██[38;2;223;205;74m██████[38;2;132;96;36m██[38;2;223;205;74m██████████[38;2;191;156;49m████████[38;2;132;96;36m██[38;2;191;156;49m██████[38;2;132;96;36m██  ████                              
                      ██[38;2;191;156;49m██[38;2;132;96;36m██[38;2;32;49;57m████[38;2;65;82;82m████████████████[38;2;191;156;49m████[38;2;223;205;74m████████[38;2;191;156;49m████[38;2;71;135;50m████████████████[38;2;223;205;74m██████[38;2;71;135;50m██[38;2;223;205;74m████[38;2;71;135;50m██[38;2;132;96;36m██[38;2;223;205;74m████[38;2;191;156;49m██[38;2;223;205;74m████[38;2;132;96;36m██[38;2;223;205;74m████████[38;2;191;156;49m██████████[38;2;16;16;16m██[38;2;191;156;49m████████[38;2;132;96;36m██[38;2;191;156;49m████[38;2;16;16;16m██                            
          [38;2;132;96;36m██        ██[38;2;191;156;49m██[38;2;32;49;57m████[38;2;65;82;82m████████████████[38;2;191;156;49m██[38;2;223;205;74m██████████[38;2;191;156;49m████[38;2;71;135;50m██████████████████████[38;2;223;205;74m██[38;2;71;135;50m████[38;2;223;205;74m████[38;2;71;135;50m██[38;2;16;16;16m██[38;2;223;205;74m██████████[38;2;132;96;36m██[38;2;223;205;74m████[38;2;191;156;49m██████████████[38;2;16;16;16m██[38;2;191;156;49m████████████[38;2;16;16;16m████                            
        [38;2;132;96;36m██[38;2;191;156;49m██[38;2;132;96;36m██    ██[38;2;191;156;49m██[38;2;32;49;57m██[38;2;65;82;82m████████████████[38;2;191;156;49m██[38;2;223;205;74m██[38;2;132;96;36m████[38;2;223;205;74m████[38;2;191;156;49m████[38;2;71;135;50m████████████████████████████████████████[38;2;16;16;16m██[38;2;223;205;74m██████[38;2;132;96;36m██[38;2;191;156;49m██████████████████[38;2;132;96;36m██[38;2;191;156;49m████████████[38;2;16;16;16m██                                
        [38;2;132;96;36m██[38;2;191;156;49m██[38;2;132;96;36m██    ██[38;2;65;82;82m████[38;2;132;96;36m████[38;2;65;82;82m████████[38;2;191;156;49m██[38;2;223;205;74m██[38;2;132;96;36m████[38;2;223;205;74m██[38;2;16;16;16m██[38;2;223;205;74m████[38;2;191;156;49m██[38;2;71;135;50m████████████████████████████████████████████[38;2;16;16;16m████[38;2;132;96;36m██[38;2;191;156;49m████████████████████[38;2;16;16;16m████[38;2;191;156;49m██████████[38;2;16;16;16m██                                
      [38;2;132;96;36m██[38;2;191;156;49m████[38;2;132;96;36m████[38;2;32;49;57m██[38;2;65;82;82m████[38;2;132;96;36m██[38;2;223;205;74m██[38;2;16;16;16m██[38;2;65;82;82m████[38;2;191;156;49m██[38;2;223;205;74m██[38;2;132;96;36m████[38;2;223;205;74m████[38;2;16;16;16m██[38;2;223;205;74m████████[38;2;191;156;49m██[38;2;71;135;50m██████████████████[38;2;223;205;74m██[38;2;71;135;50m████████████████[38;2;132;96;36m██[38;2;16;16;16m████[38;2;223;205;74m██[38;2;191;156;49m████████[38;2;132;96;36m████[38;2;191;156;49m██████████[38;2;16;16;16m██    ████[38;2;191;156;49m██████[38;2;16;16;16m██                                
      [38;2;132;96;36m██[38;2;191;156;49m██████[38;2;32;49;57m██[38;2;65;82;82m████[38;2;132;96;36m██[38;2;223;205;74m████[38;2;16;16;16m██[38;2;65;82;82m██[38;2;191;156;49m██[38;2;223;205;74m██[38;2;132;96;36m██[38;2;223;205;74m██████[38;2;16;16;16m██[38;2;61;101;39m██[38;2;191;156;49m██[38;2;223;205;74m████████[38;2;191;156;49m██[38;2;71;135;50m████████████████████████████████[38;2;132;96;36m██[38;2;223;205;74m████████[38;2;191;156;49m██[38;2;223;205;74m██[38;2;191;156;49m██[38;2;132;96;36m██[38;2;191;156;49m████[38;2;132;96;36m██[38;2;191;156;49m██████[38;2;16;16;16m██          ██[38;2;191;156;49m████[38;2;16;16;16m██                                
      [38;2;191;156;49m██████[38;2;32;49;57m██[38;2;65;82;82m████[38;2;132;96;36m██[38;2;223;205;74m██████[38;2;16;16;16m██[38;2;132;96;36m██[38;2;16;16;16m██[38;2;223;205;74m██[38;2;132;96;36m██[38;2;223;205;74m████[38;2;16;16;16m██[38;2;71;135;50m██[38;2;40;56;24m██[38;2;71;135;50m██[38;2;191;156;49m██[38;2;223;205;74m██████[38;2;191;156;49m██[38;2;71;135;50m██████[38;2;223;205;74m████[38;2;71;135;50m████████████████████[38;2;132;96;36m██[38;2;223;205;74m████████[38;2;191;156;49m██[38;2;223;205;74m██[38;2;191;156;49m████[38;2;132;96;36m██[38;2;191;156;49m████[38;2;132;96;36m██[38;2;191;156;49m████[38;2;16;16;16m██              ████                                  
    [38;2;132;96;36m██[38;2;191;156;49m██[38;2;32;49;57m████[38;2;65;82;82m██████[38;2;132;96;36m██[38;2;223;205;74m████[38;2;132;96;36m████[38;2;223;205;74m██[38;2;16;16;16m██[38;2;191;156;49m██[38;2;71;135;50m██[38;2;132;96;36m██[38;2;223;205;74m████[38;2;16;16;16m██[38;2;71;135;50m██[38;2;61;101;39m██[38;2;71;135;50m██[38;2;191;156;49m██[38;2;223;205;74m██████[38;2;191;156;49m██[38;2;71;135;50m████[38;2;223;205;74m████[38;2;71;135;50m██████████████[38;2;223;205;74m██[38;2;71;135;50m████[38;2;132;96;36m██[38;2;223;205;74m████[38;2;132;96;36m████[38;2;191;156;49m██████[38;2;132;96;36m██[38;2;191;156;49m████[38;2;132;96;36m██[38;2;191;156;49m████[38;2;16;16;16m██                                                      
    [38;2;132;96;36m██[38;2;32;49;57m██[38;2;65;82;82m████████[38;2;132;96;36m██[38;2;223;205;74m██████████[38;2;16;16;16m██[38;2;61;101;39m██[38;2;71;135;50m████[38;2;132;96;36m██[38;2;223;205;74m████[38;2;16;16;16m██[38;2;71;135;50m██[38;2;40;56;24m██[38;2;71;135;50m████[38;2;223;205;74m██████[38;2;191;156;49m██[38;2;71;135;50m████████████[38;2;223;205;74m████[38;2;71;135;50m██████████[38;2;132;96;36m██[38;2;223;205;74m████[38;2;191;156;49m██[38;2;223;205;74m██[38;2;191;156;49m██[38;2;132;96;36m██[38;2;191;156;49m████[38;2;16;16;16m████[38;2;191;156;49m████[38;2;16;16;16m████[38;2;164;164;164m██[38;2;16;16;16m██                                                    
    [38;2;132;96;36m██[38;2;32;49;57m██[38;2;65;82;82m████████[38;2;132;96;36m██[38;2;223;205;74m██████████[38;2;16;16;16m██[38;2;71;135;50m████[38;2;132;96;36m██[38;2;223;205;74m████[38;2;132;96;36m██[38;2;71;135;50m██████[38;2;61;101;39m██[38;2;71;135;50m██[38;2;191;156;49m██[38;2;223;205;74m██████[38;2;191;156;49m██[38;2;71;135;50m████████[38;2;223;205;74m████████[38;2;71;135;50m████████[38;2;132;96;36m██[38;2;223;205;74m████████[38;2;191;156;49m██[38;2;16;16;16m██[38;2;191;156;49m██[38;2;16;16;16m██[38;2;61;101;39m████[38;2;16;16;16m████[38;2;164;164;164m████████[38;2;98;98;98m██[38;2;16;16;16m██                                                
    [38;2;32;49;57m██[38;2;65;82;82m████████[38;2;132;96;36m██[38;2;223;205;74m████[38;2;61;101;39m████[38;2;223;205;74m██[38;2;16;16;16m██[38;2;191;156;49m████[38;2;132;96;36m██[38;2;223;205;74m████[38;2;191;156;49m██[38;2;16;16;16m██[38;2;71;135;50m██████[38;2;40;56;24m██[38;2;71;135;50m████[38;2;223;205;74m██████[38;2;191;156;49m██[38;2;71;135;50m████████[38;2;223;205;74m████████[38;2;71;135;50m████████[38;2;132;96;36m██[38;2;191;156;49m██[38;2;223;205;74m████[38;2;191;156;49m████[38;2;16;16;16m████[38;2;61;101;39m████[38;2;16;16;16m██[38;2;164;164;164m████████████████[38;2;16;16;16m██                                              
  [38;2;32;49;57m██[38;2;65;82;82m██████████[38;2;132;96;36m██[38;2;223;205;74m██[38;2;61;101;39m██[38;2;71;135;50m████[38;2;61;101;39m██[38;2;16;16;16m██[38;2;191;156;49m██[38;2;16;16;16m██[38;2;223;205;74m██████[38;2;132;96;36m██[38;2;71;135;50m████████[38;2;40;56;24m██[38;2;71;135;50m████[38;2;191;156;49m██[38;2;223;205;74m██████[38;2;191;156;49m██[38;2;71;135;50m████████[38;2;223;205;74m████[38;2;71;135;50m████████[38;2;61;101;39m██[38;2;132;96;36m██[38;2;191;156;49m██████████[38;2;16;16;16m██[38;2;61;101;39m████[38;2;16;16;16m██[38;2;164;164;164m██████████████[38;2;16;16;16m██████                                              
[38;2;32;49;57m██[38;2;65;82;82m██████████[38;2;191;156;49m██[38;2;132;96;36m██[38;2;191;156;49m██[38;2;71;135;50m████████[38;2;40;56;24m██[38;2;16;16;16m██[38;2;223;205;74m██████[38;2;191;156;49m██[38;2;16;16;16m██[38;2;71;135;50m████████[38;2;40;56;24m██[38;2;71;135;50m██████[38;2;223;205;74m██████[38;2;191;156;49m██[38;2;71;135;50m████████████████[38;2;61;101;39m████████[38;2;132;96;36m██[38;2;191;156;49m██████[38;2;16;16;16m██[38;2;61;101;39m████[38;2;16;16;16m██[38;2;164;164;164m████████████[38;2;98;98;98m██[38;2;16;16;16m██                                                    
[38;2;32;49;57m██[38;2;65;82;82m████████[38;2;191;156;49m██[38;2;223;205;74m██[38;2;191;156;49m██[38;2;61;101;39m██[38;2;223;205;74m██[38;2;16;16;16m██[38;2;223;205;74m██[38;2;230;230;230m██[38;2;16;16;16m██[38;2;223;205;74m████████[38;2;132;96;36m██[38;2;71;135;50m██████████[38;2;40;56;24m██[38;2;71;135;50m██████[38;2;223;205;74m██████[38;2;191;156;49m██[38;2;71;135;50m██████████[38;2;61;101;39m████████████████[38;2;16;16;16m██████[38;2;61;101;39m████[38;2;16;16;16m██[38;2;164;164;164m██████████[38;2;98;98;98m██[38;2;16;16;16m██                                                        
[38;2;32;49;57m██[38;2;65;82;82m██████[38;2;191;156;49m██[38;2;223;205;74m██[38;2;191;156;49m██[38;2;71;135;50m████[38;2;61;101;39m██[38;2;223;205;74m██[38;2;191;156;49m██[38;2;16;16;16m██[38;2;223;205;74m████████[38;2;191;156;49m██[38;2;16;16;16m██[38;2;71;135;50m██████████[38;2;40;56;24m██[38;2;71;135;50m██████[38;2;223;205;74m████[38;2;191;156;49m██[38;2;71;135;50m██████[38;2;61;101;39m██████████████[38;2;191;156;49m████[38;2;61;101;39m██████████[38;2;40;56;24m██[38;2;16;16;16m██[38;2;164;164;164m██████████[38;2;16;16;16m██                                                            
[38;2;132;96;36m██[38;2;191;156;49m██[38;2;223;205;74m██████[38;2;191;156;49m██[38;2;71;135;50m████████[38;2;40;56;24m██[38;2;16;16;16m██[38;2;223;205;74m██[38;2;191;156;49m██████[38;2;223;205;74m██[38;2;132;96;36m██[38;2;71;135;50m████████████[38;2;40;56;24m██[38;2;71;135;50m████[38;2;191;156;49m██[38;2;223;205;74m████[38;2;191;156;49m██[38;2;61;101;39m████████████████████[38;2;191;156;49m████[38;2;61;101;39m██████[38;2;40;56;24m██[38;2;16;16;16m██[38;2;164;164;164m████████████[38;2;16;16;16m██                                                              
[38;2;132;96;36m██[38;2;191;156;49m██[38;2;223;205;74m████████[38;2;191;156;49m██████[38;2;71;135;50m████[38;2;16;16;16m██[38;2;223;205;74m██[38;2;191;156;49m██[38;2;223;205;74m██[38;2;191;156;49m██[38;2;223;205;74m██[38;2;16;16;16m██[38;2;61;101;39m██[38;2;71;135;50m████████[38;2;61;101;39m██[38;2;71;135;50m██████[38;2;191;156;49m██[38;2;32;49;57m██████████[38;2;61;101;39m██████[38;2;191;156;49m██[38;2;61;101;39m██████████████[38;2;16;16;16m████[38;2;164;164;164m██████████████[38;2;16;16;16m██                                                                
  [38;2;132;96;36m██[38;2;223;205;74m████████[38;2;191;156;49m██[38;2;223;205;74m██████[38;2;191;156;49m████[38;2;16;16;16m██[38;2;223;205;74m████[38;2;191;156;49m██[38;2;132;96;36m██[38;2;71;135;50m██[38;2;40;56;24m██[38;2;71;135;50m████████[38;2;40;56;24m██[38;2;71;135;50m████[38;2;61;101;39m██[38;2;223;205;74m██[38;2;16;16;16m██[38;2;164;164;164m████████[38;2;32;49;57m████[38;2;61;101;39m████████████[38;2;40;56;24m██[38;2;16;16;16m████[38;2;164;164;164m████████████████[38;2;16;16;16m██                                                                  
  [38;2;132;96;36m██[38;2;191;156;49m██[38;2;223;205;74m██████[38;2;191;156;49m██[38;2;16;16;16m████[38;2;223;205;74m████████[38;2;16;16;16m██[38;2;191;156;49m██[38;2;223;205;74m██[38;2;16;16;16m██[38;2;71;135;50m████[38;2;61;101;39m██[38;2;71;135;50m████[38;2;40;56;24m██[38;2;71;135;50m██[38;2;61;101;39m████[38;2;191;156;49m██[38;2;223;205;74m██[38;2;191;156;49m██[38;2;16;16;16m██[38;2;164;164;164m██████████[38;2;32;49;57m████[38;2;61;101;39m██[38;2;40;56;24m██[38;2;16;16;16m████[38;2;164;164;164m████████████████████[38;2;98;98;98m██                                                                    
  [38;2;230;230;230m██[38;2;16;16;16m██[38;2;223;205;74m████[38;2;16;16;16m████[38;2;230;230;230m██[38;2;164;164;164m██[38;2;16;16;16m██[38;2;132;96;36m██[38;2;223;205;74m████████[38;2;132;96;36m██[38;2;71;135;50m██████[38;2;40;56;24m██[38;2;71;135;50m██[38;2;40;56;24m██[38;2;71;135;50m██[38;2;61;101;39m██████[38;2;191;156;49m██████[38;2;61;101;39m██[38;2;16;16;16m██[38;2;164;164;164m████████[38;2;230;230;230m████[38;2;98;98;98m██      ████[38;2;164;164;164m████████████████[38;2;16;16;16m██                                                                    
  ██  ████[38;2;99;62;41m████[38;2;230;230;230m██[38;2;16;16;16m██[38;2;99;62;41m████[38;2;16;16;16m██[38;2;132;96;36m██[38;2;223;205;74m████[38;2;16;16;16m██[38;2;71;135;50m████████[38;2;40;56;24m██[38;2;71;135;50m██[38;2;61;101;39m██████[38;2;191;156;49m████████[38;2;61;101;39m████[38;2;16;16;16m██[38;2;164;164;164m████[38;2;230;230;230m████████[38;2;98;98;98m████      ████[38;2;164;164;164m██████████[38;2;16;16;16m██                                                                      
          [38;2;99;62;41m████[38;2;16;16;16m██[38;2;99;62;41m██████████[38;2;16;16;16m██████[38;2;71;135;50m██████████[38;2;61;101;39m██████[38;2;191;156;49m██████[38;2;61;101;39m██████[38;2;16;16;16m██████[38;2;164;164;164m██[38;2;230;230;230m████████████[38;2;98;98;98m████      ██[38;2;164;164;164m████████[38;2;16;16;16m██                                                                      
            [38;2;99;62;41m██  ██████████████[38;2;16;16;16m██[38;2;71;135;50m████████[38;2;61;101;39m██████[38;2;191;156;49m████[38;2;61;101;39m██████[38;2;16;16;16m████    ██[38;2;230;230;230m██████████████████[38;2;98;98;98m██      ██[38;2;164;164;164m████[38;2;16;16;16m██                                                                        
                [38;2;99;62;41m██[38;2;16;16;16m██[38;2;98;98;98m██[38;2;99;62;41m████████[38;2;16;16;16m██[38;2;71;135;50m██████[38;2;61;101;39m████████████[38;2;40;56;24m██[38;2;16;16;16m████          ██[38;2;230;230;230m██████████████████[38;2;98;98;98m██      ██[38;2;164;164;164m██[38;2;16;16;16m██                                                                        
        ██[38;2;98;98;98m██  [38;2;99;62;41m████[38;2;16;16;16m██[38;2;230;230;230m██[38;2;98;98;98m██[38;2;99;62;41m██████[38;2;40;56;24m██[38;2;71;135;50m██████[38;2;61;101;39m████████[38;2;16;16;16m████[38;2;164;164;164m████[38;2;98;98;98m██          [38;2;16;16;16m██[38;2;230;230;230m████████████████████[38;2;98;98;98m██      ██[38;2;16;16;16m██                                                                        
        ██[38;2;230;230;230m██[38;2;98;98;98m██[38;2;99;62;41m████[38;2;16;16;16m██[38;2;230;230;230m██[38;2;164;164;164m██[38;2;16;16;16m██████[38;2;191;156;49m██[38;2;71;135;50m████[38;2;61;101;39m██████[38;2;16;16;16m████[38;2;164;164;164m██████[38;2;98;98;98m██              [38;2;16;16;16m██[38;2;230;230;230m████████████████████[38;2;98;98;98m██                                                                                
        [38;2;16;16;16m██[38;2;191;156;49m██[38;2;16;16;16m██[38;2;99;62;41m████[38;2;16;16;16m████[38;2;191;156;49m██[38;2;223;205;74m██████[38;2;191;156;49m██[38;2;71;135;50m████[38;2;61;101;39m██[38;2;16;16;16m████[38;2;98;98;98m██[38;2;164;164;164m████████[38;2;98;98;98m██              [38;2;16;16;16m██[38;2;230;230;230m██████████████████████[38;2;98;98;98m██                                                                              
          [38;2;16;16;16m██[38;2;191;156;49m██[38;2;16;16;16m████[38;2;223;205;74m████[38;2;191;156;49m██[38;2;223;205;74m██[38;2;191;156;49m██[38;2;71;135;50m██████[38;2;61;101;39m██[38;2;16;16;16m██    ██[38;2;164;164;164m████████[38;2;98;98;98m██              [38;2;16;16;16m██[38;2;230;230;230m██████████████[38;2;16;16;16m██████████                                                                              
          ██[38;2;191;156;49m██[38;2;223;205;74m████████[38;2;191;156;49m██[38;2;71;135;50m████████[38;2;61;101;39m██[38;2;16;16;16m██        [38;2;98;98;98m██[38;2;164;164;164m████[38;2;98;98;98m██                  [38;2;16;16;16m██[38;2;230;230;230m██████[38;2;98;98;98m██[38;2;16;16;16m████                                                                                        
            ██[38;2;223;205;74m██████[38;2;191;156;49m██[38;2;71;135;50m████████[38;2;16;16;16m████          ██[38;2;164;164;164m████[38;2;98;98;98m██                  [38;2;16;16;16m██[38;2;230;230;230m██[38;2;98;98;98m██[38;2;16;16;16m██                                                                                              
            ██[38;2;191;156;49m██[38;2;223;205;74m██[38;2;191;156;49m██[38;2;71;135;50m██████[38;2;16;16;16m████                ██[38;2;164;164;164m██[38;2;98;98;98m██                  [38;2;16;16;16m████                                                                                                  
              ████████████                      ██[38;2;98;98;98m██                                                                                                                        
[0m