                                [38;2;58;82;89m██████████                                                                                                    
                            ████[38;2;76;107;112m██████████[38;2;58;82;89m████                                                                                                
                        [38;2;142;169;172m██[38;2;58;82;89m██[38;2;76;107;112m████[38;2;58;82;89m████[38;2;76;107;112m██████████[38;2;58;82;89m██                                                                                              
                      [38;2;142;169;172m██[38;2;204;234;234m██[38;2;142;169;172m██[38;2;76;107;112m██[38;2;58;82;89m██[38;2;204;234;234m████[38;2;58;82;89m██[38;2;76;107;112m██████████[38;2;34;50;56m██                                                      [38;2;83;106;110m██                                    
                      [38;2;142;169;172m██[38;2;204;234;234m████[38;2;142;169;172m██[38;2;204;234;234m████████[38;2;58;82;89m██[38;2;76;107;112m██████████[38;2;34;50;56m██                                [38;2;83;106;110m██                ██[38;2;204;234;234m██[38;2;83;106;110m██                                  
                    [38;2;142;169;172m██[38;2;204;234;234m████[38;2;142;169;172m██[38;2;204;234;234m██████████[38;2;58;82;89m██[38;2;76;107;112m██████████[38;2;58;82;89m██[38;2;34;50;56m██                            [38;2;83;106;110m██[38;2;204;234;234m██[38;2;83;106;110m██            ██[38;2;204;234;234m████[38;2;83;106;110m██                                  
                    [38;2;142;169;172m██[38;2;204;234;234m████[38;2;142;169;172m██[38;2;204;234;234m██████[38;2;83;106;110m████[38;2;204;234;234m██[38;2;58;82;89m████[38;2;76;107;112m████████[38;2;34;50;56m██                            [38;2;83;106;110m██[38;2;204;234;234m████[38;2;83;106;110m████      ██[38;2;204;234;234m██████[38;2;83;106;110m██                                  
                  [38;2;142;169;172m██[38;2;204;234;234m████[38;2;142;169;172m██[38;2;204;234;234m██████[38;2;20;20;20m████[38;2;244;223;66m██[38;2;83;106;110m██[38;2;204;234;234m████[38;2;58;82;89m██[38;2;76;107;112m████████[38;2;34;50;56m██                          [38;2;83;106;110m██[38;2;204;234;234m████████[38;2;83;106;110m██████[38;2;204;234;234m████████[38;2;83;106;110m██                                  
                  [38;2;142;169;172m██[38;2;204;234;234m████[38;2;142;169;172m██[38;2;204;234;234m████[38;2;142;169;172m██[38;2;244;223;66m██[38;2;20;20;20m██[38;2;244;223;66m██[38;2;218;145;35m██[38;2;142;169;172m██[38;2;204;234;234m████[38;2;58;82;89m██[38;2;76;107;112m██████[38;2;34;50;56m██                          [38;2;83;106;110m██[38;2;204;234;234m██████████████████████[38;2;83;106;110m██                                  
                  [38;2;142;169;172m██[38;2;204;234;234m██[38;2;142;169;172m██[38;2;204;234;234m████[38;2;142;169;172m██[38;2;244;223;66m██[38;2;20;20;20m██[38;2;218;145;35m██[38;2;142;169;172m████[38;2;204;234;234m████[38;2;58;82;89m██[38;2;76;107;112m██████████[38;2;34;50;56m██                      [38;2;83;106;110m██[38;2;204;234;234m████████████████████████[38;2;142;169;172m██[38;2;83;106;110m██        ██████                  
            ████  [38;2;142;169;172m██[38;2;204;234;234m██[38;2;83;106;110m████[38;2;142;169;172m████████[38;2;204;234;234m████████[38;2;58;82;89m██[38;2;76;107;112m████████████[38;2;34;50;56m██                      [38;2;83;106;110m██[38;2;204;234;234m██████[38;2;142;169;172m██[38;2;204;234;234m████████████████████[38;2;83;106;110m████████[38;2;204;234;234m████[38;2;83;106;110m██                  
            ██[38;2;204;234;234m██[38;2;83;106;110m██[38;2;142;169;172m██[38;2;83;106;110m██[38;2;204;234;234m██[38;2;83;106;110m██[38;2;204;234;234m████████████[38;2;142;169;172m██[38;2;83;106;110m██[38;2;58;82;89m██[38;2;76;107;112m██████████████[38;2;34;50;56m██                    [38;2;83;106;110m██[38;2;204;234;234m██████[38;2;34;50;56m████[38;2;204;234;234m██████████████████████████████[38;2;83;106;110m██                  
              ██[38;2;204;234;234m██[38;2;83;106;110m██[38;2;204;234;234m████[38;2;83;106;110m██[38;2;204;234;234m████████████[38;2;20;20;20m██[38;2;142;169;172m████[38;2;58;82;89m██[38;2;76;107;112m████████████[38;2;34;50;56m██                  [38;2;83;106;110m██[38;2;204;234;234m████████[38;2;34;50;56m██[38;2;58;65;73m██[38;2;34;50;56m████[38;2;204;234;234m████████████████████████[38;2;83;106;110m██                    
              ██[38;2;204;234;234m████████[38;2;83;106;110m██[38;2;204;234;234m████[38;2;20;20;20m████[38;2;204;234;234m████[38;2;20;20;20m██[38;2;142;169;172m██████[38;2;58;82;89m██[38;2;76;107;112m██████████[38;2;58;82;89m██[38;2;34;50;56m██                [38;2;83;106;110m██[38;2;204;234;234m████████[38;2;34;50;56m██[38;2;58;65;73m██████[38;2;34;50;56m██████[38;2;204;234;234m██████████████████[38;2;83;106;110m██                    
                ██[38;2;204;234;234m██████[38;2;142;169;172m██[38;2;20;20;20m████[38;2;142;169;172m████[38;2;83;106;110m██[38;2;204;234;234m██[38;2;20;20;20m██[38;2;142;169;172m████[38;2;20;20;20m██[38;2;76;107;112m██████████████[38;2;34;50;56m██                [38;2;83;106;110m██[38;2;204;234;234m██████[38;2;34;50;56m██[38;2;58;65;73m██████████████[38;2;34;50;56m████████████[38;2;204;234;234m████[38;2;83;106;110m██                      
                ██[38;2;20;20;20m████████[38;2;142;169;172m██████████[38;2;83;106;110m██[38;2;142;169;172m████[38;2;20;20;20m██[38;2;76;107;112m████████████████[38;2;34;50;56m██              [38;2;83;106;110m██[38;2;204;234;234m████████[38;2;34;50;56m██[38;2;58;65;73m████████████████████████[38;2;34;50;56m██[38;2;204;234;234m████[38;2;83;106;110m██                      
                ██[38;2;142;169;172m████████[38;2;83;106;110m██[38;2;142;169;172m████████████[38;2;20;20;20m██[38;2;76;107;112m████████████████████[38;2;34;50;56m██            [38;2;83;106;110m██[38;2;204;234;234m████████[38;2;34;50;56m██[38;2;58;65;73m██████████████████████[38;2;34;50;56m██[38;2;204;234;234m██████[38;2;83;106;110m██                      
                ██[38;2;204;234;234m██[38;2;142;169;172m██[38;2;204;234;234m████[38;2;83;106;110m██[38;2;142;169;172m██████[38;2;83;106;110m██[38;2;142;169;172m████[38;2;20;20;20m██[38;2;76;107;112m████████████████████[38;2;34;50;56m██          [38;2;83;106;110m██[38;2;204;234;234m████████[38;2;34;50;56m██[38;2;58;65;73m████████████████████████[38;2;34;50;56m██[38;2;204;234;234m████[38;2;83;106;110m██                        
              ██[38;2;204;234;234m████[38;2;83;106;110m██[38;2;204;234;234m██████[38;2;83;106;110m██[38;2;142;169;172m████[38;2;20;20;20m████[38;2;142;169;172m██[38;2;20;20;20m██[38;2;76;107;112m████████████████████[38;2;34;50;56m██          [38;2;83;106;110m██[38;2;204;234;234m██████[38;2;142;169;172m██[38;2;34;50;56m██[38;2;58;65;73m████████████████████████[38;2;34;50;56m██[38;2;204;234;234m████[38;2;83;106;110m██                        
              ██[38;2;204;234;234m██[38;2;20;20;20m██  [38;2;83;106;110m██[38;2;204;234;234m████[38;2;20;20;20m████[38;2;142;169;172m██[38;2;20;20;20m██[38;2;76;107;112m██[38;2;20;20;20m██[38;2;76;107;112m████████████████████████[38;2;34;50;56m██      [38;2;83;106;110m██[38;2;204;234;234m████[38;2;142;169;172m████[38;2;34;50;56m██[38;2;58;65;73m████████████████████████[38;2;34;50;56m██[38;2;204;234;234m██████[38;2;83;106;110m██                        
              ██[38;2;20;20;20m██      [38;2;83;106;110m██[38;2;204;234;234m██[38;2;20;20;20m██  ██[38;2;34;50;56m██[38;2;76;107;112m████████████████████████████[38;2;34;50;56m██    [38;2;83;106;110m██[38;2;142;169;172m██████████[38;2;34;50;56m██[38;2;58;65;73m████████████████████████[38;2;34;50;56m██[38;2;204;234;234m██████[38;2;83;106;110m██                        
                          ██[38;2;20;20;20m██    [38;2;34;50;56m██[38;2;76;107;112m██████████████████████████████[38;2;34;50;56m██[38;2;83;106;110m██[38;2;142;169;172m██████████[38;2;34;50;56m██[38;2;58;65;73m████[38;2;142;169;172m██[38;2;58;65;73m████████████████████[38;2;34;50;56m██[38;2;204;234;234m██████[38;2;142;169;172m██[38;2;83;106;110m██                      
                                  [38;2;34;50;56m██[38;2;76;107;112m████████████████████████████████[38;2;34;50;56m██[38;2;142;169;172m██████████[38;2;34;50;56m██[38;2;58;65;73m██[38;2;142;169;172m██[38;2;204;234;234m██[38;2;58;65;73m████████[38;2;142;169;172m████[38;2;58;65;73m████████[38;2;34;50;56m██[38;2;204;234;234m██████████[38;2;83;106;110m██                    
                                  [38;2;34;50;56m██[38;2;76;107;112m██████████████████████████████████[38;2;34;50;56m██[38;2;142;169;172m██████[38;2;34;50;56m██[38;2;58;65;73m██[38;2;142;169;172m██[38;2;204;234;234m████[38;2;58;65;73m████[38;2;142;169;172m████[38;2;204;234;234m██[38;2;142;169;172m██[38;2;58;65;73m██████[38;2;34;50;56m██[38;2;204;234;234m██████████████[38;2;83;106;110m██                  
                                  [38;2;34;50;56m██[38;2;76;107;112m████████████████████████████████████[38;2;34;50;56m██[38;2;142;169;172m████[38;2;34;50;56m██[38;2;142;169;172m██[38;2;204;234;234m██████[38;2;142;169;172m████[38;2;204;234;234m████[38;2;142;169;172m██[38;2;58;65;73m████████[38;2;34;50;56m██[38;2;204;234;234m████████████████[38;2;83;106;110m██                
                                [38;2;34;50;56m██[38;2;76;107;112m████████████████████████████████████████[38;2;34;50;56m██[38;2;142;169;172m████[38;2;204;234;234m██████[38;2;142;169;172m██[38;2;204;234;234m████████[38;2;142;169;172m██[38;2;58;65;73m████████[38;2;34;50;56m██[38;2;204;234;234m████████[38;2;20;20;20m██████████                
                                [38;2;34;50;56m██[38;2;76;107;112m██[38;2;142;169;172m████████████[38;2;58;82;89m██[38;2;76;107;112m████████████████████████[38;2;34;50;56m██[38;2;142;169;172m████[38;2;204;234;234m██████[38;2;142;169;172m██[38;2;204;234;234m██████[38;2;142;169;172m██[38;2;58;65;73m██████████[38;2;34;50;56m██[38;2;204;234;234m██████[38;2;83;106;110m██                          
                                [38;2;34;50;56m██[38;2;142;169;172m██[38;2;204;234;234m████████████[38;2;142;169;172m██[38;2;58;82;89m██[38;2;76;107;112m████████████████████████[38;2;34;50;56m██[38;2;142;169;172m██[38;2;204;234;234m████[38;2;142;169;172m██[38;2;204;234;234m██████[38;2;142;169;172m████[38;2;58;65;73m██████████[38;2;34;50;56m██[38;2;204;234;234m██████[38;2;83;106;110m██                          
                              [38;2;34;50;56m██[38;2;142;169;172m██[38;2;204;234;234m████████████████[38;2;142;169;172m██[38;2;58;82;89m██[38;2;76;107;112m██████████████████████[38;2;34;50;56m██[38;2;142;169;172m██[38;2;204;234;234m████[38;2;142;169;172m██[38;2;204;234;234m████[38;2;142;169;172m██[38;2;204;234;234m██████[38;2;142;169;172m██[38;2;58;65;73m████████[38;2;34;50;56m██[38;2;204;234;234m████[38;2;83;106;110m██                          
                            [38;2;34;50;56m██[38;2;76;107;112m██[38;2;142;169;172m██[38;2;204;234;234m████████████████[38;2;142;169;172m██[38;2;58;82;89m██[38;2;76;107;112m████[38;2;58;82;89m██[38;2;76;107;112m██████████████████[38;2;34;50;56m██[38;2;204;234;234m██[38;2;142;169;172m██[38;2;204;234;234m████[38;2;142;169;172m██[38;2;204;234;234m██████[38;2;142;169;172m██[38;2;58;65;73m██████████[38;2;34;50;56m██[38;2;204;234;234m████[38;2;83;106;110m██                          
                            [38;2;34;50;56m██[38;2;76;107;112m██[38;2;142;169;172m██[38;2;204;234;234m████████████████[38;2;142;169;172m██[38;2;58;82;89m██[38;2;76;107;112m████[38;2;58;82;89m██[38;2;76;107;112m██████████████████[38;2;34;50;56m██[38;2;142;169;172m████[38;2;204;234;234m██[38;2;142;169;172m██[38;2;204;234;234m██████[38;2;142;169;172m██[38;2;58;65;73m████[38;2;34;50;56m██████████[38;2;142;169;172m██[38;2;204;234;234m██[38;2;83;106;110m██                          
                          [38;2;34;50;56m██[38;2;76;107;112m████[38;2;34;50;56m██[38;2;142;169;172m██[38;2;204;234;234m████████████[38;2;142;169;172m██[38;2;58;82;89m██[38;2;76;107;112m████████[38;2;58;82;89m██[38;2;76;107;112m████████████████[38;2;34;50;56m██[38;2;142;169;172m██████[38;2;204;234;234m████[38;2;83;106;110m████[38;2;34;50;56m██████[38;2;142;169;172m████████████████[38;2;20;20;20m██                        
                          [38;2;34;50;56m██[38;2;76;107;112m████[38;2;34;50;56m██[38;2;142;169;172m████████████████[38;2;58;82;89m██[38;2;76;107;112m████████[38;2;34;50;56m██[38;2;76;107;112m██████████████████[38;2;20;20;20m██[38;2;142;169;172m████[38;2;83;106;110m████[38;2;142;169;172m██████████████████████████[38;2;20;20;20m██                        
                        [38;2;34;50;56m██[38;2;76;107;112m██████[38;2;34;50;56m██[38;2;204;234;234m████████████████[38;2;58;82;89m██[38;2;76;107;112m██████████[38;2;34;50;56m██[38;2;76;107;112m████████████████[38;2;20;20;20m██[38;2;142;169;172m████████████████████████████████████[38;2;20;20;20m██                      
                        [38;2;34;50;56m██[38;2;76;107;112m████[38;2;34;50;56m██[38;2;204;234;234m██████████████████[38;2;142;169;172m██[38;2;34;50;56m██[38;2;76;107;112m████████[38;2;34;50;56m██[38;2;76;107;112m████████████████[38;2;20;20;20m██[38;2;142;169;172m████████████████[38;2;20;20;20m██████████████████████                      
                      [38;2;34;50;56m██[38;2;76;107;112m██████[38;2;34;50;56m██[38;2;204;234;234m████████████████████[38;2;34;50;56m██[38;2;76;107;112m██████████[38;2;34;50;56m██[38;2;76;107;112m██████████████[38;2;20;20;20m██[38;2;142;169;172m████████[38;2;34;50;56m██[38;2;20;20;20m██████                                            
                      [38;2;34;50;56m██[38;2;76;107;112m████[38;2;34;50;56m██[38;2;204;234;234m██████████████████████[38;2;142;169;172m██[38;2;34;50;56m██[38;2;76;107;112m████████[38;2;34;50;56m██[38;2;76;107;112m██████████████[38;2;20;20;20m██[38;2;34;50;56m██[38;2;142;169;172m████[38;2;34;50;56m██                                                    
                    ██[38;2;76;107;112m██████[38;2;34;50;56m██[38;2;204;234;234m████████████████████████[38;2;34;50;56m██[38;2;76;107;112m████[38;2;58;82;89m████[38;2;34;50;56m██[38;2;76;107;112m██████████████[38;2;20;20;20m██[38;2;34;50;56m██[38;2;142;169;172m██[38;2;34;50;56m██                                                      
                  ██[38;2;76;107;112m████████[38;2;34;50;56m██[38;2;204;234;234m████████████████████████[38;2;34;50;56m██[38;2;58;82;89m████████[38;2;34;50;56m██[38;2;76;107;112m██████████████[38;2;20;20;20m██[38;2;58;82;89m██[38;2;142;169;172m██[38;2;34;50;56m██                                                      
        [38;2;156;86;138m████████[38;2;34;50;56m██[38;2;76;107;112m████[38;2;58;82;89m██████[38;2;34;50;56m██[38;2;204;234;234m██████████████████████[38;2;34;50;56m██[38;2;58;82;89m██████████[38;2;34;50;56m██[38;2;76;107;112m██████████████[38;2;20;20;20m██[38;2;58;82;89m██[38;2;20;20;20m██                                                        
    [38;2;156;86;138m████[38;2;240;141;202m██████[38;2;34;50;56m██[38;2;76;107;112m██[38;2;58;82;89m████████████[38;2;34;50;56m██[38;2;204;234;234m██████████████████[38;2;142;169;172m██[38;2;34;50;56m██[38;2;58;82;89m████████[38;2;34;50;56m██[38;2;76;107;112m████████████████[38;2;20;20;20m██[38;2;58;82;89m██[38;2;20;20;20m██                                                        
  [38;2;156;86;138m██[38;2;240;141;202m██████████[38;2;83;106;110m██[38;2;20;20;20m██[38;2;58;82;89m████████████[38;2;34;50;56m██[38;2;204;234;234m██████████████████[38;2;34;50;56m██[38;2;58;82;89m██████████[38;2;34;50;56m██[38;2;76;107;112m██[38;2;156;86;138m████████[38;2;76;107;112m████[38;2;20;20;20m██[38;2;58;82;89m██████[38;2;20;20;20m██                                                      
    [38;2;156;86;138m██████[38;2;240;141;202m██[38;2;83;106;110m██[38;2;204;234;234m██[38;2;142;169;172m██[38;2;20;20;20m██[38;2;58;82;89m██████████[38;2;34;50;56m██[38;2;142;169;172m██████████████████[38;2;34;50;56m██[38;2;58;82;89m██████████[38;2;156;86;138m████[38;2;240;141;202m████████[38;2;20;20;20m██[38;2;76;107;112m██[38;2;20;20;20m██[38;2;58;82;89m██████[38;2;20;20;20m██                                              [38;2;34;50;56m██████  
      [38;2;156;86;138m██[38;2;240;141;202m██[38;2;83;106;110m██[38;2;204;234;234m██████[38;2;20;20;20m██[38;2;58;82;89m████████[38;2;20;20;20m██[38;2;34;50;56m██[38;2;204;234;234m████████████████[38;2;142;169;172m██[38;2;34;50;56m██[38;2;58;82;89m████████[38;2;156;86;138m██[38;2;240;141;202m██████████████[38;2;20;20;20m██[38;2;58;82;89m██████████[38;2;20;20;20m██                                        [38;2;34;50;56m████[38;2;76;107;112m██████[38;2;20;20;20m██
    [38;2;156;86;138m██[38;2;240;141;202m████[38;2;83;106;110m██[38;2;204;234;234m████[38;2;20;20;20m██[38;2;58;82;89m████████[38;2;20;20;20m██  [38;2;34;50;56m██[38;2;204;234;234m██████████████████[38;2;34;50;56m██[38;2;58;82;89m██████[38;2;156;86;138m██[38;2;240;141;202m██████[38;2;156;86;138m██[38;2;240;141;202m████████[38;2;20;20;20m██[38;2;58;82;89m██████████[38;2;20;20;20m██                                      [38;2;34;50;56m██[38;2;76;107;112m████████[38;2;20;20;20m██  
  [38;2;156;86;138m██[38;2;240;141;202m██████[38;2;20;20;20m██[38;2;204;234;234m██[38;2;83;106;110m██[38;2;142;169;172m██[38;2;20;20;20m██[38;2;58;82;89m████[38;2;20;20;20m██  [38;2;34;50;56m██[38;2;204;234;234m████████████████████[38;2;142;169;172m██[38;2;34;50;56m██[38;2;58;82;89m██[38;2;156;86;138m██[38;2;240;141;202m████[38;2;20;20;20m██[38;2;156;86;138m██[38;2;240;141;202m██████[38;2;156;86;138m██[38;2;240;141;202m██[38;2;156;86;138m██[38;2;20;20;20m██[38;2;58;82;89m██████████[38;2;20;20;20m██                                  [38;2;34;50;56m██[38;2;76;107;112m████████[38;2;20;20;20m██    
  [38;2;156;86;138m██[38;2;240;141;202m████[38;2;20;20;20m████[38;2;83;106;110m██[38;2;142;169;172m████[38;2;20;20;20m██[38;2;58;82;89m██[38;2;20;20;20m██    [38;2;34;50;56m██[38;2;204;234;234m██████████████████████[38;2;34;50;56m██[38;2;58;82;89m████[38;2;20;20;20m████[38;2;142;169;172m██[38;2;156;86;138m██[38;2;240;141;202m██████[38;2;20;20;20m██[38;2;156;86;138m████[38;2;20;20;20m██[38;2;58;82;89m████████████[38;2;20;20;20m██                              [38;2;34;50;56m██[38;2;76;107;112m████████[38;2;20;20;20m██      
[38;2;156;86;138m██[38;2;240;141;202m██[38;2;20;20;20m████[38;2;156;86;138m██[38;2;240;141;202m██[38;2;20;20;20m██[38;2;142;169;172m██[38;2;83;106;110m██[38;2;142;169;172m██[38;2;20;20;20m██      [38;2;34;50;56m██[38;2;204;234;234m██████████████████████[38;2;142;169;172m██[38;2;34;50;56m██[38;2;58;82;89m████[38;2;34;50;56m██[38;2;156;86;138m██[38;2;240;141;202m██████[38;2;20;20;20m████[38;2;156;86;138m████[38;2;20;20;20m██[38;2;58;82;89m██████████████[38;2;20;20;20m██                          [38;2;34;50;56m██[38;2;76;107;112m██████████[38;2;20;20;20m██      
████    [38;2;156;86;138m██[38;2;240;141;202m████[38;2;20;20;20m████[38;2;142;169;172m████[38;2;20;20;20m██    [38;2;34;50;56m██[38;2;204;234;234m██████████████████████[38;2;142;169;172m██[38;2;34;50;56m██[38;2;58;82;89m██████[38;2;156;86;138m██[38;2;240;141;202m████[38;2;20;20;20m██[38;2;142;169;172m████[38;2;20;20;20m██[38;2;156;86;138m██[38;2;20;20;20m██[38;2;76;107;112m████[38;2;58;82;89m████████████[38;2;20;20;20m██                    [38;2;34;50;56m████[38;2;76;107;112m██████████[38;2;34;50;56m██        
        [38;2;156;86;138m██[38;2;240;141;202m██[38;2;20;20;20m██    ████    [38;2;34;50;56m██[38;2;76;107;112m██[38;2;34;50;56m██[38;2;204;234;234m██████████████████[38;2;142;169;172m██[38;2;34;50;56m██[38;2;58;82;89m████████[38;2;156;86;138m██[38;2;240;141;202m██[38;2;20;20;20m████[38;2;142;169;172m██[38;2;20;20;20m████[38;2;156;86;138m██[38;2;20;20;20m██[38;2;76;107;112m████████[38;2;34;50;56m██[38;2;58;82;89m████████[38;2;34;50;56m████          ██████[38;2;76;107;112m██████████████[38;2;20;20;20m██        
        ████            [38;2;34;50;56m██[38;2;76;107;112m████[38;2;34;50;56m██[38;2;142;169;172m████████████████████[38;2;34;50;56m██[38;2;58;82;89m████████[38;2;20;20;20m████[38;2;58;82;89m████[38;2;20;20;20m██[38;2;76;107;112m████[38;2;20;20;20m██[38;2;76;107;112m████████████[38;2;34;50;56m██[38;2;58;82;89m██████████[38;2;34;50;56m██████████[38;2;76;107;112m██████████████████[38;2;34;50;56m██          
                      ██[38;2;76;107;112m██████[38;2;34;50;56m██[38;2;142;169;172m██████████████████[38;2;34;50;56m██[38;2;58;82;89m████████████████[38;2;34;50;56m██[38;2;76;107;112m████████████████████[38;2;34;50;56m██[38;2;58;82;89m████████████████████[38;2;76;107;112m██████████████████[38;2;20;20;20m██          
                    [38;2;34;50;56m██[38;2;76;107;112m██████████[38;2;34;50;56m██[38;2;142;169;172m████████████████[38;2;34;50;56m██[38;2;58;82;89m████████████████[38;2;34;50;56m██[38;2;76;107;112m██████████████████████[38;2;20;20;20m██[38;2;58;82;89m████████████████████[38;2;76;107;112m██████████████[38;2;20;20;20m██            
                    [38;2;34;50;56m██[38;2;76;107;112m██████████[38;2;34;50;56m██[38;2;83;106;110m██████████████████[38;2;34;50;56m██[38;2;58;82;89m████████████[38;2;34;50;56m██[38;2;76;107;112m████████████████████████[38;2;20;20;20m██[38;2;58;82;89m████████████████████████[38;2;76;107;112m████████[38;2;58;82;89m██[38;2;20;20;20m██            
                  [38;2;34;50;56m██[38;2;76;107;112m████████████[38;2;34;50;56m██[38;2;142;169;172m████████████████████[38;2;34;50;56m██[38;2;58;82;89m██████████[38;2;34;50;56m██[38;2;76;107;112m████████████████████████[38;2;20;20;20m██[38;2;58;82;89m████████████████████████████████[38;2;20;20;20m██              
                  [38;2;34;50;56m██[38;2;76;107;112m████████████[38;2;34;50;56m██[38;2;142;169;172m██████████████████████[38;2;34;50;56m██[38;2;58;82;89m██████[38;2;34;50;56m██[38;2;76;107;112m██████████████████████████[38;2;20;20;20m██[38;2;58;82;89m████████████████████████████████[38;2;20;20;20m██              
                [38;2;34;50;56m██[38;2;142;169;172m██████[38;2;76;107;112m████████[38;2;34;50;56m██[38;2;142;169;172m████████████████████████[38;2;34;50;56m██[38;2;58;82;89m████[38;2;34;50;56m██[38;2;76;107;112m██[38;2;142;169;172m██████████[38;2;76;107;112m████████████[38;2;58;82;89m██[38;2;20;20;20m██[38;2;58;82;89m██████████████████████████████[38;2;20;20;20m██                
                [38;2;34;50;56m██[38;2;204;234;234m██████[38;2;142;169;172m██[38;2;76;107;112m██████[38;2;58;82;89m██[38;2;34;50;56m██[38;2;142;169;172m████████████████████████[38;2;34;50;56m██[38;2;58;82;89m██[38;2;34;50;56m██[38;2;142;169;172m██[38;2;204;234;234m██████████[38;2;142;169;172m██[38;2;76;107;112m██████[38;2;58;82;89m████[38;2;20;20;20m██[38;2;58;82;89m██████████████████████████[38;2;34;50;56m████[38;2;20;20;20m██                  
                [38;2;34;50;56m██[38;2;204;234;234m████████[38;2;142;169;172m██[38;2;76;107;112m██[38;2;58;82;89m████[38;2;34;50;56m██[38;2;142;169;172m████████████████████████[38;2;34;50;56m██[38;2;58;82;89m██[38;2;34;50;56m██[38;2;142;169;172m██[38;2;204;234;234m██████████[38;2;142;169;172m██[38;2;58;82;89m██████████[38;2;20;20;20m██[38;2;58;82;89m████████████████████████[38;2;34;50;56m██[38;2;142;169;172m██[38;2;20;20;20m██                    
                [38;2;34;50;56m██[38;2;204;234;234m██████████[38;2;34;50;56m██[38;2;58;82;89m██████[38;2;34;50;56m██[38;2;142;169;172m██████████████████████[38;2;34;50;56m██[38;2;58;82;89m██[38;2;34;50;56m██[38;2;204;234;234m██████████████[38;2;34;50;56m██[38;2;58;82;89m██████[38;2;20;20;20m██[38;2;58;82;89m██████████████████[38;2;34;50;56m████[38;2;58;82;89m██[38;2;34;50;56m██[38;2;142;169;172m██[38;2;20;20;20m██                      
                  ██[38;2;204;234;234m████████[38;2;34;50;56m██[38;2;58;82;89m████████[38;2;20;20;20m██[38;2;142;169;172m██████████████████[38;2;34;50;56m██[38;2;58;82;89m████[38;2;34;50;56m██[38;2;204;234;234m██████████████[38;2;34;50;56m██[38;2;58;82;89m██████[38;2;20;20;20m██[38;2;58;82;89m████████████████[38;2;34;50;56m██[38;2;142;169;172m████[38;2;34;50;56m██[38;2;142;169;172m██[38;2;20;20;20m██                        
                  ██[38;2;204;234;234m██████[38;2;142;169;172m██[38;2;34;50;56m██[38;2;58;82;89m██████████[38;2;20;20;20m██[38;2;142;169;172m████████████████[38;2;34;50;56m██[38;2;58;82;89m████[38;2;34;50;56m██[38;2;142;169;172m██[38;2;204;234;234m██████████[38;2;142;169;172m██[38;2;34;50;56m██[38;2;58;82;89m██████[38;2;20;20;20m██[38;2;58;82;89m██████[38;2;34;50;56m████[38;2;58;82;89m████[38;2;34;50;56m██[38;2;142;169;172m██████[38;2;34;50;56m██[38;2;20;20;20m██                          
                    ██[38;2;142;169;172m██████[38;2;34;50;56m██[38;2;58;82;89m████████████[38;2;20;20;20m████[38;2;83;106;110m██████████████[38;2;34;50;56m██[38;2;58;82;89m████[38;2;20;20;20m██[38;2;204;234;234m██████████[38;2;34;50;56m██[38;2;58;82;89m████████[38;2;20;20;20m██[38;2;58;82;89m██[38;2;34;50;56m████[38;2;142;169;172m████[38;2;34;50;56m████[38;2;142;169;172m██████[38;2;20;20;20m████                            
                      ██[38;2;142;169;172m██[38;2;34;50;56m██[38;2;58;82;89m████████████████[38;2;20;20;20m██[38;2;142;169;172m████████████████[38;2;34;50;56m██[38;2;58;82;89m██[38;2;20;20;20m██[38;2;142;169;172m██[38;2;204;234;234m██████[38;2;142;169;172m██[38;2;34;50;56m██[38;2;58;82;89m██████████[38;2;20;20;20m██[38;2;142;169;172m██████████[38;2;34;50;56m██[38;2;20;20;20m██████                                
                        ██[38;2;58;82;89m████████████████████[38;2;20;20;20m██[38;2;142;169;172m████████████████[38;2;34;50;56m██[38;2;58;82;89m██[38;2;20;20;20m██[38;2;34;50;56m████████[38;2;58;82;89m████████████[38;2;20;20;20m██[38;2;142;169;172m██████[38;2;20;20;20m██████                                      
                          ████[38;2;58;82;89m████████[38;2;34;50;56m██[38;2;58;82;89m████████[38;2;20;20;20m████[38;2;142;169;172m██████████[38;2;83;106;110m████[38;2;34;50;56m██[38;2;20;20;20m██[38;2;58;82;89m██████████████████████[38;2;20;20;20m██████                                            
                        [38;2;34;50;56m████[38;2;58;82;89m██[38;2;34;50;56m████████[38;2;58;82;89m██████████[38;2;20;20;20m██  ██████████[38;2;142;169;172m████████[38;2;20;20;20m██[38;2;58;82;89m████████████[38;2;34;50;56m████[38;2;58;82;89m████[38;2;20;20;20m██                                                
                      [38;2;34;50;56m██[38;2;142;169;172m████[38;2;34;50;56m██[38;2;58;82;89m██████████████████[38;2;20;20;20m██            ████████████[38;2;34;50;56m██████████[38;2;58;82;89m██████████[38;2;20;20;20m██                                              
                    ██[38;2;142;169;172m████[38;2;34;50;56m██[38;2;142;169;172m██[38;2;58;82;89m██[38;2;34;50;56m████[38;2;58;82;89m████████████[38;2;20;20;20m██                      ██[38;2;58;82;89m████████████████████[38;2;20;20;20m██                                              
                    ██[38;2;142;169;172m██[38;2;34;50;56m██[38;2;204;234;234m████[38;2;34;50;56m██[38;2;204;234;234m██[38;2;142;169;172m██[38;2;34;50;56m██[38;2;58;82;89m██████████[38;2;20;20;20m██                    ██[38;2;58;82;89m██[38;2;34;50;56m████[38;2;58;82;89m████[38;2;34;50;56m████[38;2;58;82;89m████████[38;2;20;20;20m██                                              
                      ██[38;2;204;234;234m████[38;2;34;50;56m██[38;2;204;234;234m██████[38;2;34;50;56m██[38;2;58;82;89m██████████[38;2;20;20;20m██                  ██[38;2;142;169;172m██[38;2;34;50;56m██[38;2;204;234;234m██[38;2;142;169;172m██[38;2;34;50;56m████[38;2;204;234;234m██[38;2;142;169;172m██[38;2;34;50;56m██[38;2;58;82;89m██████[38;2;20;20;20m██                                              
                      ██[38;2;204;234;234m████[38;2;34;50;56m██[38;2;204;234;234m██████[38;2;142;169;172m██[38;2;20;20;20m██████████                  ██[38;2;142;169;172m████[38;2;34;50;56m██[38;2;204;234;234m████[38;2;34;50;56m██[38;2;204;234;234m██████[38;2;34;50;56m██[38;2;58;82;89m██████[38;2;20;20;20m██                                              
                        ██████[38;2;204;234;234m██[38;2;20;20;20m██████                            ██[38;2;142;169;172m██[38;2;20;20;20m██[38;2;204;234;234m██████[38;2;20;20;20m██[38;2;204;234;234m██████[38;2;142;169;172m██[38;2;34;50;56m██[38;2;58;82;89m██[38;2;20;20;20m██                                                
                            ████                                  ██[38;2;142;169;172m██[38;2;20;20;20m██[38;2;204;234;234m██████[38;2;20;20;20m██[38;2;204;234;234m██████[38;2;142;169;172m██[38;2;34;50;56m██[38;2;20;20;20m██                                                  
                                                                    ████[38;2;204;234;234m██[38;2;20;20;20m██████[38;2;204;234;234m██[38;2;20;20;20m██████                                                      
                                                                        ██      ██                                                            
[0m