                                                    [38;2;91;79;91m██                                              
                                                  ██[38;2;192;159;186m██[38;2;91;79;91m██                                            
                                        ██        ██[38;2;192;159;186m██[38;2;91;79;91m██            [38;2;130;123;100m██[38;2;60;49;32m██                            
                                      [38;2;91;79;91m██[38;2;192;159;186m██[38;2;91;79;91m██      [38;2;15;15;15m██[38;2;192;159;186m██[38;2;134;108;134m██          [38;2;130;123;100m██[38;2;219;216;181m██[38;2;60;49;32m██                            
                                      [38;2;134;108;134m██[38;2;192;159;186m██[38;2;91;79;91m██      [38;2;15;15;15m██[38;2;192;159;186m████[38;2;91;79;91m████    [38;2;130;123;100m██[38;2;219;216;181m████[38;2;60;49;32m██                            
                              [38;2;130;123;100m██    [38;2;91;79;91m██[38;2;192;159;186m████[38;2;91;79;91m██      [38;2;15;15;15m██[38;2;134;108;134m██[38;2;192;159;186m██████[38;2;60;49;32m████[38;2;219;216;181m████[38;2;160;155;126m██[38;2;60;49;32m██                            
                            [38;2;130;123;100m██[38;2;160;155;126m██[38;2;60;49;32m██  [38;2;91;79;91m██[38;2;192;159;186m██[38;2;134;108;134m██          [38;2;15;15;15m████[38;2;134;108;134m██[38;2;192;159;186m████[38;2;134;108;134m██[38;2;219;216;181m████[38;2;160;155;126m██[38;2;60;49;32m██                            
                            [38;2;130;123;100m██[38;2;160;155;126m██[38;2;60;49;32m██[38;2;91;79;91m██[38;2;192;159;186m████[38;2;91;79;91m██          [38;2;60;49;32m██  [38;2;15;15;15m████[38;2;60;49;32m██[38;2;219;216;181m████████[38;2;130;123;100m██                            
                          ██[38;2;160;155;126m████[38;2;134;108;134m██[38;2;192;159;186m████[38;2;91;79;91m██  ██      [38;2;60;49;32m██[38;2;91;79;91m██[38;2;60;49;32m██  ██[38;2;91;79;91m██[38;2;15;15;15m██[38;2;60;49;32m██[38;2;160;155;126m██[38;2;219;216;181m████[38;2;15;15;15m██                          
                          [38;2;91;79;91m████[38;2;160;155;126m████[38;2;134;108;134m██[38;2;60;49;32m██    [38;2;91;79;91m████    [38;2;60;49;32m██[38;2;91;79;91m██[38;2;60;49;32m██  ██[38;2;91;79;91m██[38;2;60;49;32m██  [38;2;15;15;15m██[38;2;60;49;32m██[38;2;219;216;181m████[38;2;15;15;15m██[38;2;60;49;32m██                      
                      [38;2;91;79;91m████[38;2;192;159;186m██[38;2;15;15;15m██[38;2;160;155;126m████[38;2;60;49;32m██    [38;2;91;79;91m██[38;2;60;49;32m██[38;2;91;79;91m██  [38;2;60;49;32m██[38;2;91;79;91m████[38;2;60;49;32m██    ██[38;2;91;79;91m██[38;2;60;49;32m██    ██[38;2;219;216;181m████[38;2;15;15;15m██[38;2;60;49;32m██                    
    ██[38;2;130;123;100m██          [38;2;60;49;32m████[38;2;192;159;186m████[38;2;15;15;15m██[38;2;160;155;126m████[38;2;60;49;32m██      ██[38;2;186;160;105m██[38;2;15;15;15m██  [38;2;60;49;32m██[38;2;91;79;91m████[38;2;60;49;32m██    ██[38;2;91;79;91m████[38;2;60;49;32m██  [38;2;15;15;15m██[38;2;219;216;181m████[38;2;15;15;15m██[38;2;160;155;126m██[38;2;60;49;32m██                  
    ██[38;2;219;216;181m██[38;2;130;123;100m██      [38;2;60;49;32m██[38;2;219;216;181m██[38;2;134;108;134m██[38;2;192;159;186m██[38;2;15;15;15m██[38;2;160;155;126m████[38;2;60;49;32m██      ██[38;2;186;160;105m████[38;2;15;15;15m██  [38;2;60;49;32m██[38;2;91;79;91m████[38;2;60;49;32m██    ██[38;2;91;79;91m██████[38;2;60;49;32m██[38;2;15;15;15m██[38;2;160;155;126m██[38;2;219;216;181m██[38;2;15;15;15m██[38;2;160;155;126m████[38;2;60;49;32m██                
    ██[38;2;219;216;181m████[38;2;130;123;100m██[38;2;60;49;32m████[38;2;219;216;181m██████[38;2;15;15;15m██[38;2;160;155;126m████[38;2;60;49;32m██        ██[38;2;186;160;105m██[38;2;129;111;73m██[38;2;15;15;15m██  [38;2;60;49;32m██[38;2;91;79;91m████[38;2;60;49;32m██      ██[38;2;91;79;91m████[38;2;15;15;15m██[38;2;219;216;181m████████[38;2;15;15;15m██[38;2;160;155;126m██[38;2;60;49;32m██                
      ██[38;2;219;216;181m████[38;2;130;123;100m██[38;2;219;216;181m██████[38;2;15;15;15m██[38;2;160;155;126m██████[38;2;60;49;32m██  ██████[38;2;186;160;105m████[38;2;71;58;39m██[38;2;15;15;15m████  [38;2;60;49;32m██[38;2;91;79;91m██[38;2;60;49;32m██        ██[38;2;15;15;15m██[38;2;219;216;181m████[38;2;160;155;126m██[38;2;219;216;181m████[38;2;15;15;15m██[38;2;160;155;126m████[38;2;60;49;32m████[38;2;15;15;15m██          
      [38;2;60;49;32m██[38;2;219;216;181m██████████[38;2;15;15;15m██[38;2;160;155;126m██████[38;2;60;49;32m██    [38;2;15;15;15m██[38;2;186;160;105m██████████████[38;2;15;15;15m██[38;2;60;49;32m██[38;2;130;123;100m████[38;2;60;49;32m██        [38;2;15;15;15m██████[38;2;60;49;32m██[38;2;160;155;126m██[38;2;219;216;181m████[38;2;60;49;32m████[38;2;219;216;181m████[38;2;15;15;15m██          
        [38;2;130;123;100m██[38;2;219;216;181m██████[38;2;15;15;15m██[38;2;60;49;32m██[38;2;160;155;126m██[38;2;15;15;15m██[38;2;160;155;126m██[38;2;60;49;32m██[38;2;15;15;15m██    ██[38;2;71;58;39m██[38;2;186;160;105m██[38;2;129;111;73m████[38;2;15;15;15m████  [38;2;60;49;32m██[38;2;130;123;100m████[38;2;60;49;32m██          ██[38;2;130;123;100m████[38;2;60;49;32m██[38;2;219;216;181m██████████[38;2;15;15;15m██            
        ██[38;2;219;216;181m████[38;2;15;15;15m██[38;2;60;49;32m██[38;2;160;155;126m██[38;2;15;15;15m██[38;2;186;160;105m██[38;2;15;15;15m████[38;2;186;160;105m██[38;2;15;15;15m██  [38;2;71;58;39m██[38;2;15;15;15m██[38;2;186;160;105m██[38;2;71;58;39m██[38;2;15;15;15m██[38;2;60;49;32m██      ██[38;2;15;15;15m██[38;2;130;123;100m██[38;2;60;49;32m██        ██[38;2;130;123;100m████[38;2;15;15;15m██[38;2;219;216;181m████[38;2;160;155;126m██[38;2;219;216;181m██[38;2;15;15;15m██[38;2;160;155;126m██[38;2;60;49;32m██          
      [38;2;130;123;100m██[38;2;219;216;181m████[38;2;15;15;15m██  [38;2;60;49;32m██[38;2;160;155;126m██[38;2;71;58;39m██[38;2;186;160;105m██[38;2;71;58;39m██[38;2;186;160;105m████[38;2;71;58;39m██[38;2;15;15;15m██[38;2;186;160;105m██[38;2;15;15;15m██[38;2;186;160;105m██[38;2;15;15;15m██[38;2;60;49;32m████  [38;2;15;15;15m██  [38;2;71;58;39m██[38;2;186;160;105m██[38;2;15;15;15m██[38;2;60;49;32m██[38;2;15;15;15m██        [38;2;60;49;32m██[38;2;130;123;100m████[38;2;60;49;32m██[38;2;219;216;181m██[38;2;160;155;126m██[38;2;60;49;32m██[38;2;160;155;126m██████[38;2;60;49;32m██        
      [38;2;130;123;100m██[38;2;219;216;181m██[38;2;15;15;15m██  [38;2;60;49;32m██[38;2;160;155;126m██[38;2;15;15;15m██[38;2;186;160;105m████████████[38;2;71;58;39m██[38;2;186;160;105m██[38;2;15;15;15m██[38;2;186;160;105m██[38;2;15;15;15m██[38;2;60;49;32m████[38;2;15;15;15m██[38;2;186;160;105m██[38;2;15;15;15m██[38;2;71;58;39m██[38;2;186;160;105m██[38;2;71;58;39m██[38;2;15;15;15m██[38;2;186;160;105m██[38;2;71;58;39m██      [38;2;60;49;32m██[38;2;130;123;100m████[38;2;15;15;15m██[38;2;219;216;181m████[38;2;15;15;15m██[38;2;60;49;32m██[38;2;160;155;126m██████[38;2;60;49;32m████[38;2;130;123;100m██  
    ██[38;2;219;216;181m████[38;2;15;15;15m██[38;2;60;49;32m██[38;2;160;155;126m██[38;2;15;15;15m██[38;2;186;160;105m████[38;2;71;58;39m████[38;2;15;15;15m██[38;2;71;58;39m██[38;2;186;160;105m██████[38;2;60;49;32m██[38;2;186;160;105m██[38;2;15;15;15m██[38;2;60;49;32m████[38;2;15;15;15m██[38;2;186;160;105m██[38;2;129;111;73m██[38;2;186;160;105m██████[38;2;129;111;73m██[38;2;186;160;105m██[38;2;71;58;39m██      [38;2;60;49;32m██[38;2;130;123;100m████[38;2;15;15;15m██[38;2;219;216;181m████[38;2;15;15;15m██  [38;2;60;49;32m██[38;2;160;155;126m██████████[38;2;15;15;15m██
    [38;2;130;123;100m██[38;2;219;216;181m██[38;2;15;15;15m██[38;2;160;155;126m████[38;2;15;15;15m██[38;2;186;160;105m████[38;2;71;58;39m██[38;2;160;155;126m██[38;2;15;15;15m██[38;2;33;36;41m██[38;2;15;15;15m██[38;2;71;58;39m██[38;2;186;160;105m██[38;2;60;49;32m██[38;2;129;111;73m██[38;2;186;160;105m██[38;2;15;15;15m██[38;2;60;49;32m████[38;2;15;15;15m██[38;2;186;160;105m████[38;2;71;58;39m██[38;2;15;15;15m██[38;2;71;58;39m██[38;2;15;15;15m██[38;2;186;160;105m████[38;2;71;58;39m██  [38;2;60;49;32m████[38;2;130;123;100m██████[38;2;60;49;32m██[38;2;219;216;181m████[38;2;15;15;15m██  [38;2;60;49;32m██[38;2;160;155;126m██████[38;2;15;15;15m██  
  [38;2;130;123;100m██[38;2;219;216;181m████[38;2;15;15;15m██[38;2;60;49;32m██[38;2;160;155;126m██[38;2;15;15;15m██[38;2;186;160;105m██[38;2;71;58;39m██[38;2;160;155;126m████[38;2;33;36;41m██[38;2;243;179;139m██[38;2;33;36;41m██[38;2;160;155;126m██[38;2;60;49;32m██[38;2;186;160;105m██████[38;2;15;15;15m██[38;2;60;49;32m██[38;2;15;15;15m██[38;2;186;160;105m████[38;2;71;58;39m██[38;2;15;15;15m██[38;2;243;179;139m██[38;2;15;15;15m██[38;2;129;111;73m██[38;2;15;15;15m██[38;2;186;160;105m████[38;2;15;15;15m██[38;2;130;123;100m██████████[38;2;15;15;15m██[38;2;219;216;181m████[38;2;15;15;15m██  [38;2;60;49;32m██[38;2;160;155;126m████[38;2;15;15;15m██    
  [38;2;130;123;100m██[38;2;219;216;181m████[38;2;15;15;15m██  [38;2;60;49;32m██[38;2;15;15;15m██[38;2;186;160;105m██[38;2;71;58;39m██[38;2;160;155;126m██[38;2;15;15;15m██[38;2;33;36;41m██[38;2;243;179;139m██[38;2;33;36;41m██[38;2;15;15;15m██[38;2;186;160;105m██████[38;2;129;111;73m██[38;2;15;15;15m██  ██[38;2;186;160;105m██[38;2;71;58;39m██[38;2;60;49;32m██[38;2;243;179;139m██[38;2;33;36;41m██[38;2;243;179;139m██[38;2;129;111;73m████[38;2;71;58;39m██[38;2;186;160;105m██[38;2;15;15;15m██[38;2;130;123;100m██[38;2;60;49;32m████[38;2;130;123;100m████[38;2;15;15;15m██[38;2;219;216;181m████[38;2;15;15;15m██  [38;2;60;49;32m██[38;2;160;155;126m██[38;2;60;49;32m██      
██[38;2;219;216;181m██████[38;2;15;15;15m██  [38;2;60;49;32m██[38;2;160;155;126m██[38;2;15;15;15m██[38;2;186;160;105m██[38;2;71;58;39m██[38;2;15;15;15m██[38;2;33;36;41m██[38;2;243;179;139m██[38;2;33;36;41m██[38;2;60;49;32m██[38;2;186;160;105m████[38;2;15;15;15m████    ██[38;2;186;160;105m██[38;2;71;58;39m██[38;2;15;15;15m██[38;2;243;179;139m██[38;2;33;36;41m██[38;2;243;179;139m██[38;2;15;15;15m██[38;2;129;111;73m██[38;2;15;15;15m██[38;2;186;160;105m██[38;2;15;15;15m██[38;2;60;49;32m██  ██[38;2;130;123;100m████[38;2;60;49;32m██[38;2;219;216;181m████[38;2;15;15;15m██[38;2;60;49;32m██[38;2;160;155;126m████[38;2;60;49;32m██      
██[38;2;219;216;181m██████[38;2;60;49;32m██  ██[38;2;160;155;126m████[38;2;15;15;15m██[38;2;186;160;105m██  [38;2;15;15;15m██[38;2;33;36;41m██[38;2;15;15;15m██[38;2;186;160;105m████[38;2;15;15;15m██[38;2;60;49;32m████    [38;2;15;15;15m██[38;2;186;160;105m██[38;2;71;58;39m██[38;2;15;15;15m██[38;2;243;179;139m██[38;2;33;36;41m██[38;2;243;179;139m██[38;2;15;15;15m██[38;2;71;58;39m██[38;2;15;15;15m██[38;2;186;160;105m██[38;2;15;15;15m██    [38;2;60;49;32m██[38;2;130;123;100m██[38;2;60;49;32m██[38;2;219;216;181m██████[38;2;15;15;15m██[38;2;160;155;126m██████[38;2;15;15;15m██      
  [38;2;60;49;32m██[38;2;219;216;181m████[38;2;60;49;32m██    ██[38;2;160;155;126m████[38;2;15;15;15m██    ████[38;2;186;160;105m████[38;2;15;15;15m██[38;2;60;49;32m██[38;2;130;123;100m██[38;2;60;49;32m██    [38;2;15;15;15m██[38;2;186;160;105m██[38;2;71;58;39m██[38;2;15;15;15m██[38;2;243;179;139m██[38;2;15;15;15m██[38;2;71;58;39m██[38;2;15;15;15m██[38;2;186;160;105m██[38;2;15;15;15m██      [38;2;60;49;32m██[38;2;130;123;100m██[38;2;15;15;15m██[38;2;219;216;181m████[38;2;160;155;126m██[38;2;15;15;15m██[38;2;60;49;32m██[38;2;160;155;126m████[38;2;15;15;15m██      
  ██[38;2;219;216;181m████[38;2;60;49;32m██    ██[38;2;160;155;126m████[38;2;130;123;100m██      [38;2;60;49;32m██[38;2;186;160;105m██[38;2;129;111;73m██[38;2;15;15;15m██[38;2;60;49;32m██[38;2;130;123;100m████[38;2;60;49;32m██    [38;2;15;15;15m██[38;2;186;160;105m██[38;2;60;49;32m██[38;2;15;15;15m██[38;2;71;58;39m████[38;2;186;160;105m██[38;2;15;15;15m██        [38;2;60;49;32m██[38;2;130;123;100m██[38;2;15;15;15m██[38;2;219;216;181m████[38;2;15;15;15m██    [38;2;60;49;32m██[38;2;160;155;126m██[38;2;15;15;15m██      
  ██[38;2;219;216;181m██████[38;2;15;15;15m██    [38;2;60;49;32m██[38;2;160;155;126m██[38;2;130;123;100m████  [38;2;15;15;15m██[38;2;186;160;105m████[38;2;15;15;15m██[38;2;130;123;100m████[38;2;60;49;32m██[38;2;130;123;100m████[38;2;60;49;32m████    ████[38;2;71;58;39m██[38;2;60;49;32m████        ██[38;2;130;123;100m████[38;2;15;15;15m██[38;2;219;216;181m████[38;2;15;15;15m██    [38;2;60;49;32m██[38;2;160;155;126m██[38;2;15;15;15m██      
    ██[38;2;219;216;181m████[38;2;15;15;15m██  [38;2;60;49;32m████[38;2;160;155;126m████[38;2;130;123;100m██[38;2;71;58;39m██[38;2;15;15;15m██[38;2;186;160;105m████[38;2;15;15;15m██[38;2;130;123;100m██[38;2;60;49;32m██  ████[38;2;130;123;100m████[38;2;60;49;32m██████████    ██[38;2;15;15;15m██  [38;2;60;49;32m████[38;2;130;123;100m██[38;2;60;49;32m██[38;2;219;216;181m████[38;2;160;155;126m██[38;2;15;15;15m██    [38;2;60;49;32m██[38;2;160;155;126m██[38;2;60;49;32m██      
    ██[38;2;219;216;181m████[38;2;60;49;32m██  [38;2;15;15;15m██[38;2;186;160;105m██[38;2;60;49;32m██[38;2;160;155;126m██[38;2;71;58;39m██[38;2;186;160;105m██[38;2;15;15;15m██[38;2;186;160;105m██[38;2;129;111;73m██[38;2;15;15;15m██[38;2;130;123;100m██[38;2;60;49;32m██      ██[38;2;15;15;15m██[38;2;130;123;100m██████████  [38;2;60;49;32m██[38;2;186;160;105m██[38;2;15;15;15m██[38;2;60;49;32m██[38;2;130;123;100m██████[38;2;15;15;15m██[38;2;219;216;181m████[38;2;15;15;15m██      [38;2;60;49;32m██[38;2;160;155;126m████[38;2;60;49;32m██    
  ██[38;2;219;216;181m████████[38;2;15;15;15m██  [38;2;71;58;39m██[38;2;186;160;105m██[38;2;71;58;39m██[38;2;186;160;105m████[38;2;15;15;15m██[38;2;129;111;73m████[38;2;15;15;15m██[38;2;130;123;100m██[38;2;60;49;32m██      [38;2;15;15;15m██[38;2;186;160;105m██[38;2;15;15;15m██[38;2;130;123;100m██████[38;2;60;49;32m██[38;2;71;58;39m██[38;2;186;160;105m██[38;2;15;15;15m██[38;2;130;123;100m██████████[38;2;15;15;15m██[38;2;219;216;181m████[38;2;15;15;15m██    [38;2;60;49;32m██[38;2;160;155;126m████████[38;2;60;49;32m██  
██[38;2;219;216;181m████[38;2;130;123;100m██[38;2;219;216;181m████[38;2;60;49;32m██  [38;2;71;58;39m██[38;2;186;160;105m██████[38;2;71;58;39m██[38;2;15;15;15m██[38;2;129;111;73m████[38;2;71;58;39m██[38;2;15;15;15m██[38;2;130;123;100m██[38;2;60;49;32m██    [38;2;15;15;15m██[38;2;186;160;105m██[38;2;71;58;39m██[38;2;60;49;32m████[38;2;71;58;39m██[38;2;186;160;105m████[38;2;15;15;15m██[38;2;130;123;100m████[38;2;60;49;32m████[38;2;130;123;100m██[38;2;15;15;15m██[38;2;219;216;181m██████[38;2;15;15;15m██    [38;2;60;49;32m██[38;2;160;155;126m████[38;2;60;49;32m██[38;2;15;15;15m██    
  ██████[38;2;219;216;181m████[38;2;160;155;126m██[38;2;60;49;32m██[38;2;15;15;15m██[38;2;186;160;105m██[38;2;15;15;15m██[38;2;186;160;105m██████[38;2;71;58;39m██[38;2;129;111;73m████[38;2;15;15;15m██[38;2;130;123;100m██[38;2;60;49;32m██  [38;2;15;15;15m████[38;2;186;160;105m████████████[38;2;71;58;39m██[38;2;130;123;100m██[38;2;60;49;32m████  ██[38;2;71;58;39m██[38;2;15;15;15m██[38;2;160;155;126m████[38;2;219;216;181m████[38;2;15;15;15m██[38;2;60;49;32m██[38;2;160;155;126m████[38;2;60;49;32m██        
        [38;2;15;15;15m██[38;2;160;155;126m██████[38;2;15;15;15m████[38;2;160;155;126m██[38;2;15;15;15m██[38;2;71;58;39m██[38;2;129;111;73m██████████[38;2;15;15;15m██████[38;2;186;160;105m██████[38;2;15;15;15m██████[38;2;71;58;39m██[38;2;186;160;105m██[38;2;15;15;15m██[38;2;60;49;32m██      ██[38;2;15;15;15m██[38;2;160;155;126m██████████[38;2;219;216;181m██[38;2;15;15;15m██[38;2;160;155;126m████[38;2;15;15;15m██        
          ██[38;2;160;155;126m██████[38;2;60;49;32m██[38;2;160;155;126m██[38;2;130;123;100m██[38;2;15;15;15m████[38;2;129;111;73m████████████████[38;2;15;15;15m████  [38;2;60;49;32m██[38;2;71;58;39m██[38;2;15;15;15m██[38;2;186;160;105m██[38;2;15;15;15m██      [38;2;60;49;32m██[38;2;71;58;39m██[38;2;15;15;15m██[38;2;160;155;126m██████[38;2;15;15;15m██████[38;2;160;155;126m██████[38;2;15;15;15m██        
          ██[38;2;160;155;126m██████[38;2;60;49;32m██[38;2;130;123;100m██[38;2;71;58;39m██████[38;2;15;15;15m██[38;2;71;58;39m██[38;2;129;111;73m████[38;2;71;58;39m██[38;2;60;49;32m██[38;2;15;15;15m████      [38;2;60;49;32m██[38;2;71;58;39m████[38;2;15;15;15m██      [38;2;60;49;32m██[38;2;71;58;39m██[38;2;15;15;15m██[38;2;160;155;126m██████[38;2;15;15;15m██[38;2;130;123;100m████[38;2;160;155;126m██████[38;2;15;15;15m██          
            ██[38;2;160;155;126m██████[38;2;60;49;32m██[38;2;71;58;39m████████[38;2;15;15;15m██[38;2;129;111;73m██████[38;2;15;15;15m██[38;2;71;58;39m██[38;2;60;49;32m██    ██[38;2;71;58;39m██████[38;2;60;49;32m██  ████[38;2;71;58;39m████[38;2;15;15;15m██[38;2;160;155;126m████[38;2;15;15;15m██[38;2;130;123;100m██████████[38;2;15;15;15m██            
            ██[38;2;160;155;126m████[38;2;130;123;100m██[38;2;129;111;73m██[38;2;60;49;32m████[38;2;71;58;39m████[38;2;15;15;15m██[38;2;129;111;73m██████[38;2;60;49;32m██[38;2;71;58;39m████[38;2;60;49;32m████[38;2;71;58;39m██████[38;2;60;49;32m██████[38;2;71;58;39m██████[38;2;15;15;15m██[38;2;160;155;126m██████[38;2;15;15;15m██[38;2;130;123;100m████████[38;2;15;15;15m██              
              ████[38;2;129;111;73m████████[38;2;60;49;32m████[38;2;129;111;73m██[38;2;60;49;32m██[38;2;129;111;73m██████[38;2;60;49;32m██[38;2;71;58;39m████████████████████[38;2;15;15;15m████[38;2;160;155;126m██████[38;2;15;15;15m██[38;2;130;123;100m████[38;2;60;49;32m██[38;2;15;15;15m████                
                  ████[38;2;129;111;73m████████[38;2;71;58;39m██[38;2;15;15;15m██[38;2;129;111;73m██████[38;2;60;49;32m██[38;2;71;58;39m████████████████[38;2;60;49;32m████[38;2;129;111;73m████[38;2;130;123;100m██[38;2;160;155;126m██[38;2;15;15;15m██[38;2;130;123;100m██[38;2;60;49;32m████                      
                      [38;2;15;15;15m██[38;2;60;49;32m██[38;2;129;111;73m████████[38;2;15;15;15m██[38;2;129;111;73m██████[38;2;60;49;32m██████[38;2;129;111;73m██████[38;2;60;49;32m████[38;2;129;111;73m██████████[38;2;130;123;100m██[38;2;15;15;15m██[38;2;60;49;32m██                          
                          [38;2;15;15;15m████[38;2;60;49;32m██[38;2;129;111;73m████[38;2;15;15;15m██[38;2;129;111;73m██████████████████████████[38;2;60;49;32m██[38;2;15;15;15m████                              
                                [38;2;60;49;32m██[38;2;129;111;73m████[38;2;15;15;15m██[38;2;129;111;73m████████████[38;2;60;49;32m██[38;2;129;111;73m████[38;2;60;49;32m████[38;2;15;15;15m██                                    
                                  [38;2;60;49;32m████  [38;2;15;15;15m██[38;2;129;111;73m██████[38;2;15;15;15m████[38;2;60;49;32m██[38;2;129;111;73m██████[38;2;15;15;15m██                                      
                                          ██████      ██[38;2;129;111;73m████[38;2;15;15;15m██                                      
                                                        ██[38;2;129;111;73m██[38;2;15;15;15m██                                      
                                                          ██                                        
[0m