                                                                                                      [38;2;255;139;16m██                                              
                                                                                                    [38;2;189;82;24m██[38;2;255;139;16m██[38;2;189;82;24m██                                            
                                                                                                    ██[38;2;255;139;16m██[38;2;189;82;24m██                                            
                                                                                                  ██[38;2;255;139;16m████[38;2;189;82;24m██                                            
                                                                                                ██[38;2;255;139;16m████[38;2;189;82;24m██                                              
                                                                                                ██[38;2;255;139;16m████[38;2;189;82;24m██                                              
                                                                                                ██[38;2;255;139;16m██████[38;2;189;82;24m██                                            
                                                                                                ██[38;2;255;139;16m████████[38;2;189;82;24m████                                        
                                                                                                  ██[38;2;255;139;16m██████████[38;2;189;82;24m██                                      
                                                                                                    ██[38;2;255;139;16m████████[38;2;189;82;24m██                                      
                                                                                                    ██[38;2;255;139;16m██████████                                      
                                                                                                  [38;2;189;82;24m██[38;2;255;139;16m████████████                                      
                                                                                                [38;2;189;82;24m██[38;2;255;139;16m██████████████                                      
                                                                                              [38;2;189;82;24m██[38;2;255;139;16m████████████████                                      
                                                                                        [38;2;189;82;24m██████[38;2;255;139;16m██████████████████                                      
                                                                                      [38;2;189;82;24m██[38;2;255;139;16m████████████████████████                                      
                                                                                    [38;2;189;82;24m██[38;2;255;139;16m████████████████████████[38;2;189;82;24m██                                      
                                                                                  ██[38;2;255;139;16m██████████████████████[38;2;189;82;24m████                                        
                                                                                ██[38;2;255;139;16m██████████████████[38;2;189;82;24m██                                                
                                                                              ██[38;2;255;139;16m██████████████████[38;2;189;82;24m██                                                  
                                                                              ██[38;2;255;139;16m████████[38;2;255;255;255m██[38;2;255;139;16m██████[38;2;189;82;24m██                                                    
                                                                              ██[38;2;255;139;16m████████[38;2;255;255;255m██[38;2;246;180;65m██[38;2;255;139;16m██[38;2;189;82;24m██                                                      
                                                                                ██[38;2;255;139;16m██████[38;2;255;255;255m████[38;2;255;139;16m██[38;2;189;82;24m██                                                      
                                                                                ██[38;2;255;139;16m██[38;2;0;0;0m██[38;2;246;180;65m██[38;2;255;255;255m████[38;2;255;139;16m██[38;2;189;82;24m██                                                      
                                                                                  [38;2;0;0;0m██[38;2;37;37;37m██[38;2;246;180;65m██[38;2;255;255;255m████[38;2;246;180;65m██[38;2;255;139;16m██[38;2;0;0;0m██                                                    
                                                                          ████    ██[38;2;37;37;37m██[38;2;0;0;0m██[38;2;255;255;255m████[38;2;246;180;65m██[38;2;255;139;16m██[38;2;0;0;0m████                                                  
                                                                          ██[38;2;37;37;37m██[38;2;0;0;0m██  ██[38;2;37;37;37m██[38;2;0;0;0m██[38;2;255;255;255m████[38;2;246;180;65m██[38;2;0;0;0m██[38;2;37;37;37m██[38;2;0;0;0m██                                                  
                                                                            ██[38;2;37;37;37m██[38;2;0;0;0m████[38;2;37;37;37m██[38;2;0;0;0m██[38;2;255;255;255m████[38;2;246;180;65m██[38;2;0;0;0m██[38;2;37;37;37m██[38;2;0;0;0m██  ████                                            
                                                                              ██[38;2;37;37;37m██[38;2;0;0;0m██[38;2;37;37;37m██[38;2;0;0;0m██[38;2;255;255;255m████[38;2;0;0;0m██[38;2;37;37;37m██[38;2;0;0;0m██  ██[38;2;37;37;37m██[38;2;0;0;0m██                                            
                                                                                ████████[38;2;255;255;255m██[38;2;255;139;16m██[38;2;0;0;0m██[38;2;37;37;37m██[38;2;0;0;0m████[38;2;37;37;37m██[38;2;0;0;0m██                                              
                                                                          ██[38;2;72;72;72m██[38;2;37;37;37m████[38;2;72;72;72m██[38;2;37;37;37m██[38;2;255;139;16m██[38;2;255;255;255m██[38;2;255;139;16m██[38;2;37;37;37m██[38;2;72;72;72m██[38;2;0;0;0m██[38;2;37;37;37m██[38;2;0;0;0m██                                                
                                                                        ██[38;2;72;72;72m██[38;2;37;37;37m██[38;2;246;180;65m██[38;2;72;72;72m██[38;2;37;37;37m██[38;2;255;139;16m██[38;2;255;255;255m████[38;2;246;180;65m██[38;2;255;139;16m██[38;2;37;37;37m██[38;2;72;72;72m██[38;2;0;0;0m██[38;2;37;37;37m██[38;2;0;0;0m██                                              
                                                                        ██[38;2;72;72;72m██[38;2;246;180;65m██[38;2;37;37;37m██[38;2;72;72;72m██[38;2;37;37;37m██[38;2;246;180;65m██[38;2;255;255;255m██████[38;2;255;139;16m██[38;2;37;37;37m██[38;2;72;72;72m██[38;2;37;37;37m██[38;2;0;0;0m██[38;2;37;37;37m██[38;2;0;0;0m██                                            
                                                                        ██[38;2;72;72;72m██[38;2;246;180;65m██[38;2;37;37;37m██[38;2;72;72;72m██[38;2;37;37;37m██[38;2;246;180;65m██[38;2;255;255;255m██████[38;2;246;180;65m██[38;2;37;37;37m██[38;2;72;72;72m██[38;2;37;37;37m██[38;2;246;180;65m██[38;2;37;37;37m██[38;2;0;0;0m██                                            
                                                                        ██[38;2;37;37;37m████[38;2;246;180;65m██[38;2;37;37;37m████[38;2;0;0;0m██[38;2;255;255;255m██████[38;2;37;37;37m██[38;2;72;72;72m████[38;2;0;0;0m██[38;2;246;180;65m██[38;2;37;37;37m██[38;2;0;0;0m██                                            
                                                                          ████[38;2;246;180;65m██[38;2;0;0;0m██[38;2;37;37;37m██[38;2;0;0;0m██[38;2;255;255;255m██████[38;2;0;0;0m██[38;2;72;72;72m██[38;2;0;0;0m██[38;2;246;180;65m██[38;2;0;0;0m██[38;2;37;37;37m██[38;2;0;0;0m██                                            
                                                                            ██[38;2;37;37;37m██[38;2;246;180;65m██[38;2;37;37;37m██[38;2;0;0;0m██[38;2;255;255;255m████[38;2;0;0;0m██[38;2;37;37;37m██[38;2;0;0;0m██[38;2;246;180;65m██[38;2;0;0;0m██[38;2;37;37;37m██[38;2;0;0;0m██                                              
                                  [38;2;189;82;24m██                                          [38;2;0;0;0m██[38;2;37;37;37m████[38;2;0;0;0m██[38;2;255;255;255m████[38;2;0;0;0m██[38;2;37;37;37m██[38;2;0;0;0m██[38;2;37;37;37m████[38;2;0;0;0m██                                                
                                [38;2;189;82;24m██[38;2;255;139;16m██[38;2;189;82;24m██                                        [38;2;0;0;0m██[38;2;37;37;37m████[38;2;0;0;0m██████[38;2;37;37;37m██[38;2;0;0;0m██[38;2;37;37;37m██[38;2;0;0;0m████                                                  
                            [38;2;189;82;24m████[38;2;255;139;16m████[38;2;189;82;24m██                  ██                      [38;2;0;0;0m██[38;2;37;37;37m██[38;2;0;0;0m██[38;2;37;37;37m██[38;2;0;0;0m██[38;2;37;37;37m████[38;2;0;0;0m████                                                    
                        [38;2;189;82;24m████[38;2;255;139;16m██████[38;2;189;82;24m██                  ██[38;2;255;139;16m██[38;2;189;82;24m██                    [38;2;0;0;0m██[38;2;37;37;37m██[38;2;0;0;0m██[38;2;37;37;37m██[38;2;0;0;0m██[38;2;37;37;37m████[38;2;0;0;0m██                                                      
                      [38;2;189;82;24m██[38;2;255;139;16m████████[38;2;189;82;24m██                    ██[38;2;255;139;16m████                    [38;2;0;0;0m██[38;2;135;134;135m██[38;2;37;37;37m██[38;2;196;195;196m██[38;2;37;37;37m██[38;2;135;134;135m██[38;2;0;0;0m██                                                        
                  [38;2;189;82;24m██[38;2;255;139;16m██████████[38;2;189;82;24m██                      ██[38;2;255;139;16m██████              [38;2;72;72;72m████████[38;2;0;0;0m██████████                                                        
                [38;2;189;82;24m██[38;2;255;139;16m████████████[38;2;189;82;24m██                        ██[38;2;255;139;16m████[38;2;189;82;24m██      [38;2;0;0;0m████[38;2;72;72;72m██[38;2;197;246;197m████[38;2;236;213;156m██[38;2;72;72;72m██[38;2;236;213;156m████[38;2;72;72;72m██[38;2;236;213;156m██[38;2;197;246;197m██[38;2;72;72;72m██[38;2;0;0;0m██                            [38;2;189;82;24m██                      
              ██[38;2;255;139;16m████████████[38;2;189;82;24m██                          ██[38;2;255;139;16m████[38;2;189;82;24m██    [38;2;0;0;0m██[38;2;72;72;72m██[38;2;197;246;197m██[38;2;255;255;255m████[38;2;236;213;156m██[38;2;72;72;72m██[38;2;236;213;156m████████[38;2;72;72;72m██[38;2;236;213;156m██[38;2;197;246;197m████[38;2;0;0;0m████                      [38;2;189;82;24m██[38;2;255;139;16m██[38;2;189;82;24m██                    
              [38;2;255;139;16m██████████████[38;2;189;82;24m██                          ██[38;2;255;139;16m██████[38;2;0;0;0m████[38;2;72;72;72m██[38;2;197;246;197m██[38;2;255;255;255m██████[38;2;72;72;72m██[38;2;255;255;255m██[38;2;236;213;156m████████[38;2;72;72;72m██[38;2;236;213;156m████[38;2;197;246;197m████[38;2;72;72;72m██[38;2;0;0;0m██                [38;2;189;82;24m████[38;2;255;139;16m████[38;2;189;82;24m██      ████          
            ██[38;2;255;139;16m██████████████[38;2;189;82;24m██                          ██[38;2;255;139;16m██████[38;2;0;0;0m██[38;2;197;246;197m██[38;2;72;72;72m██[38;2;255;255;255m████████[38;2;72;72;72m██[38;2;255;255;255m████[38;2;236;213;156m████████[38;2;72;72;72m██[38;2;236;213;156m██[38;2;197;246;197m██████[38;2;72;72;72m██[38;2;0;0;0m██          [38;2;255;139;16m██[38;2;189;82;24m██[38;2;255;139;16m████████[38;2;189;82;24m██      ██[38;2;255;139;16m██[38;2;189;82;24m██        
            ██[38;2;255;139;16m████████████[38;2;189;82;24m██                            ██[38;2;255;139;16m████[38;2;37;37;37m██[38;2;197;246;197m██[38;2;72;72;72m██[38;2;197;246;197m██[38;2;255;255;255m██████[38;2;72;72;72m██[38;2;255;255;255m██████[38;2;236;213;156m████████[38;2;72;72;72m██[38;2;236;213;156m████[38;2;197;246;197m████[38;2;72;72;72m██[38;2;197;246;197m██[38;2;0;0;0m██      [38;2;189;82;24m██[38;2;255;139;16m██████████[38;2;189;82;24m██        ██[38;2;255;139;16m████[38;2;189;82;24m██      
            [38;2;255;139;16m██████████████[38;2;189;82;24m██                            ██[38;2;255;139;16m████[38;2;37;37;37m████[38;2;72;72;72m██[38;2;197;246;197m████[38;2;255;255;255m████[38;2;72;72;72m██[38;2;255;255;255m████[38;2;236;213;156m██████████[38;2;72;72;72m██[38;2;236;213;156m████[38;2;197;246;197m██████[38;2;72;72;72m██[38;2;197;246;197m██[38;2;0;0;0m██  [38;2;189;82;24m██[38;2;255;139;16m██████████[38;2;189;82;24m██          ██[38;2;255;139;16m████[38;2;189;82;24m██      
            [38;2;246;180;65m██[38;2;255;139;16m██████████████[38;2;189;82;24m██                          ██[38;2;246;180;65m██[38;2;72;72;72m██[38;2;246;62;108m██[38;2;37;37;37m████[38;2;197;246;197m████[38;2;236;213;156m████[38;2;72;72;72m██[38;2;236;213;156m██████████████[38;2;72;72;72m██[38;2;236;213;156m████[38;2;197;246;197m██████[38;2;72;72;72m██[38;2;197;246;197m██[38;2;0;0;0m██  [38;2;255;139;16m████████████[38;2;189;82;24m██          ██[38;2;255;139;16m██████[38;2;189;82;24m██    
            [38;2;246;180;65m██████[38;2;135;134;135m██[38;2;255;139;16m██████[38;2;246;180;65m██[38;2;189;82;24m██                        ██[38;2;246;180;65m████[38;2;37;37;37m██[38;2;246;62;108m████[38;2;37;37;37m██[38;2;197;246;197m██[38;2;37;37;37m██[38;2;236;213;156m████[38;2;37;37;37m██[38;2;236;213;156m████[38;2;37;37;37m██[38;2;236;213;156m████████[38;2;37;37;37m████[38;2;72;72;72m██[38;2;197;246;197m████████[38;2;72;72;72m██[38;2;197;246;197m██[38;2;189;82;24m██[38;2;255;139;16m██████████[38;2;189;82;24m██            ██[38;2;255;139;16m██████[38;2;189;82;24m██    
            [38;2;135;134;135m██[38;2;246;180;65m████[38;2;196;195;196m██[38;2;246;180;65m████████[38;2;78;77;78m██                        [38;2;189;82;24m██[38;2;246;180;65m████[38;2;37;37;37m██[38;2;246;62;108m████[38;2;37;37;37m████████████████████[38;2;236;213;156m████[38;2;37;37;37m██[38;2;138;222;135m████[38;2;37;37;37m██[38;2;72;72;72m██[38;2;197;246;197m██████[38;2;72;72;72m██[38;2;189;82;24m██[38;2;255;139;16m████████████[38;2;189;82;24m██            ██[38;2;255;139;16m██████[38;2;189;82;24m██    
            [38;2;196;195;196m██[38;2;246;180;65m██[38;2;135;134;135m██[38;2;196;195;196m██[38;2;135;134;135m██[38;2;246;180;65m████[38;2;196;195;196m██[38;2;78;77;78m██                        [38;2;189;82;24m██[38;2;135;134;135m██[38;2;246;180;65m██[38;2;72;72;72m██[38;2;246;62;108m██[38;2;37;37;37m██[38;2;197;246;197m████[38;2;37;37;37m██[38;2;236;213;156m████[38;2;37;37;37m██[38;2;236;213;156m████[38;2;37;37;37m██[38;2;236;213;156m██[38;2;37;37;37m████[38;2;138;222;135m████████[38;2;37;37;37m██[38;2;197;246;197m██████[38;2;72;72;72m██[38;2;189;82;24m██[38;2;255;139;16m████████████[38;2;189;82;24m██            ██[38;2;255;139;16m████████[38;2;189;82;24m██  
            [38;2;196;195;196m██[38;2;246;180;65m██[38;2;196;195;196m██████[38;2;246;180;65m██[38;2;196;195;196m████[38;2;78;77;78m██                        ██[38;2;135;134;135m██[38;2;246;180;65m██[38;2;0;0;0m██[38;2;37;37;37m████[38;2;197;246;197m████[38;2;236;213;156m██████[38;2;37;37;37m██[38;2;236;213;156m██████████[38;2;37;37;37m██[38;2;138;222;135m████████[38;2;37;37;37m██[38;2;197;246;197m██████[38;2;189;82;24m██[38;2;255;139;16m██████████████[38;2;189;82;24m██          ██[38;2;255;139;16m██████████[38;2;189;82;24m██  
            [38;2;0;0;0m██[38;2;72;72;72m████[38;2;135;134;135m██████[38;2;72;72;72m██[38;2;0;0;0m██                            ██[38;2;37;37;37m████[38;2;197;246;197m██[38;2;0;0;0m██[38;2;197;246;197m████[38;2;236;213;156m██████[38;2;37;37;37m██[38;2;236;213;156m██████████████[38;2;37;37;37m████[38;2;72;72;72m██[38;2;197;246;197m██████[38;2;189;82;24m██[38;2;246;180;65m██████[38;2;255;139;16m██[38;2;196;195;196m██[38;2;255;139;16m████[38;2;189;82;24m██          ██[38;2;246;180;65m██[38;2;196;195;196m██[38;2;255;139;16m██████[38;2;196;195;196m██[38;2;255;139;16m██[38;2;189;82;24m██
            [38;2;0;0;0m██[38;2;72;72;72m██████████[38;2;0;0;0m██                                ██[38;2;37;37;37m██[38;2;197;246;197m██[38;2;0;0;0m██[38;2;197;246;197m██████[38;2;236;213;156m████[38;2;37;37;37m██[38;2;236;213;156m██████████████[38;2;37;37;37m██[38;2;236;213;156m████[38;2;197;246;197m██████[38;2;78;77;78m██[38;2;196;195;196m██[38;2;246;180;65m████[38;2;135;134;135m██[38;2;196;195;196m██[38;2;246;180;65m██████[38;2;189;82;24m██        [38;2;78;77;78m██[38;2;135;134;135m██[38;2;196;195;196m██[38;2;246;180;65m██[38;2;255;139;16m████[38;2;196;195;196m██[38;2;255;139;16m██[38;2;189;82;24m██
              [38;2;0;0;0m██[38;2;72;72;72m██████[38;2;0;0;0m██                                    ████[38;2;197;246;197m██[38;2;0;0;0m██[38;2;197;246;197m████[38;2;236;213;156m██████[38;2;37;37;37m██[38;2;236;213;156m████████████[38;2;37;37;37m██[38;2;236;213;156m████[38;2;197;246;197m████[38;2;0;0;0m██[38;2;78;77;78m██[38;2;196;195;196m██[38;2;246;180;65m████[38;2;196;195;196m████[38;2;135;134;135m██[38;2;246;180;65m████[38;2;78;77;78m██        ██[38;2;196;195;196m████[38;2;246;180;65m████[38;2;135;134;135m██[38;2;196;195;196m██[38;2;246;180;65m██[38;2;78;77;78m██
                [38;2;37;37;37m██[38;2;72;72;72m████[38;2;0;0;0m██                                      [38;2;37;37;37m██[38;2;0;0;0m████[38;2;197;246;197m██████[38;2;236;213;156m████[38;2;37;37;37m██[38;2;236;213;156m██████████[38;2;37;37;37m██[38;2;236;213;156m████[38;2;197;246;197m████[38;2;72;72;72m██[38;2;0;0;0m██[38;2;78;77;78m██[38;2;196;195;196m██[38;2;246;180;65m████[38;2;196;195;196m██████[38;2;246;180;65m████[38;2;78;77;78m██        ██[38;2;72;72;72m██[38;2;196;195;196m██[38;2;246;180;65m████[38;2;196;195;196m████[38;2;135;134;135m██[38;2;78;77;78m██
                [38;2;37;37;37m██[38;2;72;72;72m████[38;2;0;0;0m██              [38;2;37;37;37m██████[38;2;0;0;0m██                [38;2;37;37;37m████[38;2;0;0;0m████[38;2;197;246;197m██████[38;2;236;213;156m██[38;2;37;37;37m██[38;2;236;213;156m██████████[38;2;37;37;37m██[38;2;236;213;156m██[38;2;197;246;197m██████[38;2;0;0;0m████[38;2;78;77;78m██[38;2;196;195;196m████[38;2;246;180;65m██[38;2;196;195;196m██████[38;2;246;180;65m██[38;2;196;195;196m██[38;2;78;77;78m██        [38;2;0;0;0m██[38;2;72;72;72m██[38;2;135;134;135m██[38;2;246;180;65m██[38;2;196;195;196m██████[38;2;135;134;135m██[38;2;78;77;78m██
                [38;2;37;37;37m██[38;2;72;72;72m████[38;2;0;0;0m██          [38;2;37;37;37m████[38;2;72;72;72m██████[38;2;37;37;37m██[38;2;0;0;0m████            ██[38;2;37;37;37m████[38;2;0;0;0m████████[38;2;236;213;156m████[38;2;37;37;37m██[38;2;236;213;156m██████[38;2;37;37;37m██[38;2;236;213;156m██[38;2;197;246;197m████[38;2;0;0;0m████  ████[38;2;135;134;135m██[38;2;196;195;196m██[38;2;135;134;135m██[38;2;196;195;196m██████[38;2;246;180;65m██[38;2;196;195;196m██[38;2;78;77;78m██        [38;2;0;0;0m██[38;2;72;72;72m████[38;2;135;134;135m██████[38;2;72;72;72m██[38;2;0;0;0m██  
                ██[38;2;72;72;72m████[38;2;0;0;0m██        [38;2;37;37;37m██[38;2;72;72;72m████[38;2;37;37;37m██[38;2;0;0;0m████[38;2;37;37;37m██████[38;2;0;0;0m██            ██[38;2;37;37;37m████[38;2;0;0;0m████[38;2;72;72;72m████[38;2;37;37;37m████████[38;2;0;0;0m████████████      ██[38;2;72;72;72m████[38;2;135;134;135m██[38;2;196;195;196m██████[38;2;135;134;135m██[38;2;78;77;78m██            [38;2;0;0;0m██[38;2;72;72;72m████████[38;2;0;0;0m██    
                ██[38;2;72;72;72m████[38;2;0;0;0m██      [38;2;37;37;37m██[38;2;72;72;72m██████[38;2;0;0;0m██    ████[38;2;37;37;37m██[38;2;0;0;0m██          ████████████████[38;2;72;72;72m████████████[38;2;0;0;0m██████          ██[38;2;72;72;72m████[38;2;135;134;135m██████[38;2;72;72;72m██[38;2;0;0;0m██            ██[38;2;37;37;37m██[38;2;72;72;72m██[38;2;0;0;0m████      
                ██[38;2;72;72;72m████[38;2;37;37;37m██      ██[38;2;72;72;72m████[38;2;0;0;0m██          ██[38;2;37;37;37m██[38;2;0;0;0m██        [38;2;72;72;72m██████████[38;2;0;0;0m██[38;2;37;37;37m████[38;2;0;0;0m████████████[38;2;37;37;37m██████[38;2;0;0;0m██  ██████  ██[38;2;72;72;72m████████[38;2;0;0;0m██[38;2;37;37;37m██[38;2;0;0;0m██          ██[38;2;37;37;37m██[38;2;0;0;0m██          
                  [38;2;37;37;37m██[38;2;72;72;72m██[38;2;37;37;37m██    ██[38;2;72;72;72m████[38;2;0;0;0m██    ████    ██[38;2;37;37;37m██[38;2;0;0;0m██      ██[38;2;72;72;72m████████████[38;2;0;0;0m██[38;2;37;37;37m██████████[38;2;0;0;0m██[38;2;37;37;37m██████████[38;2;0;0;0m██[38;2;37;37;37m██[38;2;72;72;72m████[38;2;0;0;0m██  ██[38;2;72;72;72m████[38;2;0;0;0m████[38;2;37;37;37m████[38;2;0;0;0m██        ██[38;2;37;37;37m██[38;2;0;0;0m██          
                  ██[38;2;72;72;72m██[38;2;37;37;37m██    ██[38;2;72;72;72m████[38;2;0;0;0m██  ██[38;2;37;37;37m██[38;2;0;0;0m██    ██[38;2;37;37;37m██[38;2;0;0;0m██    ██[38;2;72;72;72m████[38;2;0;0;0m████████[38;2;37;37;37m████[38;2;0;0;0m██[38;2;37;37;37m██████[38;2;0;0;0m██[38;2;72;72;72m██[38;2;0;0;0m██████[38;2;37;37;37m████[38;2;0;0;0m██[38;2;72;72;72m████████[38;2;0;0;0m████[38;2;72;72;72m██[38;2;0;0;0m██    ██[38;2;37;37;37m██[38;2;0;0;0m██        ██[38;2;37;37;37m██            
                  [38;2;0;0;0m██[38;2;72;72;72m████[38;2;37;37;37m██  ██[38;2;72;72;72m██[38;2;37;37;37m██    [38;2;0;0;0m████    ██[38;2;37;37;37m████[38;2;0;0;0m██    ██[38;2;72;72;72m██[38;2;0;0;0m██[38;2;37;37;37m██[38;2;0;0;0m██    ████[38;2;37;37;37m████████[38;2;72;72;72m██████[38;2;0;0;0m██  ████[38;2;72;72;72m████[38;2;37;37;37m██[38;2;0;0;0m██[38;2;72;72;72m██[38;2;37;37;37m██[38;2;0;0;0m██[38;2;72;72;72m██[38;2;0;0;0m██      ██[38;2;37;37;37m██[38;2;0;0;0m██      ██[38;2;37;37;37m██            
                    [38;2;0;0;0m██[38;2;72;72;72m████[38;2;37;37;37m████[38;2;72;72;72m██[38;2;37;37;37m██      [38;2;0;0;0m██[38;2;37;37;37m██████[38;2;0;0;0m██      ██[38;2;72;72;72m████[38;2;37;37;37m██[38;2;0;0;0m██    ██[38;2;37;37;37m██[38;2;0;0;0m████[38;2;37;37;37m████████[38;2;0;0;0m██[38;2;72;72;72m████[38;2;0;0;0m██  ██[38;2;72;72;72m██[38;2;0;0;0m████[38;2;37;37;37m██[38;2;0;0;0m██[38;2;72;72;72m██[38;2;0;0;0m██[38;2;72;72;72m██[38;2;0;0;0m██[38;2;37;37;37m██[38;2;0;0;0m██  ██[38;2;37;37;37m██[38;2;0;0;0m██    ██[38;2;37;37;37m██[38;2;0;0;0m██            
          [38;2;189;82;24m██          [38;2;0;0;0m██[38;2;72;72;72m████[38;2;37;37;37m██[38;2;72;72;72m████[38;2;37;37;37m██      [38;2;0;0;0m██████        [38;2;37;37;37m██[38;2;72;72;72m██[38;2;37;37;37m████[38;2;0;0;0m██  ██[38;2;37;37;37m██[38;2;0;0;0m██  ██[38;2;37;37;37m████████[38;2;0;0;0m██[38;2;72;72;72m████[38;2;0;0;0m██  ██[38;2;72;72;72m██[38;2;0;0;0m██[38;2;72;72;72m██[38;2;0;0;0m████[38;2;72;72;72m██[38;2;37;37;37m██[38;2;72;72;72m██[38;2;0;0;0m██[38;2;37;37;37m██[38;2;0;0;0m██  ██[38;2;37;37;37m██[38;2;0;0;0m██  ██[38;2;37;37;37m████[38;2;0;0;0m██            
        [38;2;189;82;24m██[38;2;255;139;16m██            [38;2;0;0;0m██[38;2;72;72;72m████[38;2;37;37;37m██[38;2;72;72;72m██[38;2;37;37;37m██                  [38;2;0;0;0m██[38;2;72;72;72m████[38;2;0;0;0m████[38;2;37;37;37m██[38;2;0;0;0m██[38;2;37;37;37m████[38;2;0;0;0m██  ██[38;2;37;37;37m████████[38;2;0;0;0m████[38;2;72;72;72m██[38;2;0;0;0m██  ██[38;2;72;72;72m██[38;2;37;37;37m██[38;2;72;72;72m████[38;2;0;0;0m██[38;2;72;72;72m██[38;2;37;37;37m██[38;2;0;0;0m██[38;2;37;37;37m██[38;2;0;0;0m██    ██[38;2;37;37;37m██[38;2;0;0;0m████[38;2;37;37;37m████[38;2;0;0;0m██              
        [38;2;189;82;24m██[38;2;255;139;16m██            [38;2;0;0;0m████[38;2;72;72;72m████[38;2;37;37;37m██[38;2;72;72;72m██[38;2;37;37;37m██              ██[38;2;72;72;72m████[38;2;0;0;0m██  ██[38;2;37;37;37m██████[38;2;0;0;0m██      ██[38;2;37;37;37m██████[38;2;0;0;0m████[38;2;72;72;72m██[38;2;0;0;0m██    ██[38;2;72;72;72m██[38;2;0;0;0m██[38;2;72;72;72m██[38;2;0;0;0m██[38;2;72;72;72m██[38;2;37;37;37m██[38;2;0;0;0m████      ██[38;2;37;37;37m██[38;2;0;0;0m████[38;2;37;37;37m██[38;2;0;0;0m██                
      [38;2;189;82;24m██[38;2;255;139;16m████            [38;2;189;82;24m██[38;2;255;139;16m██[38;2;0;0;0m██[38;2;72;72;72m████████          [38;2;0;0;0m██[38;2;37;37;37m██[38;2;72;72;72m████[38;2;0;0;0m██      ██████[38;2;255;139;16m██[38;2;189;82;24m██    [38;2;0;0;0m██[38;2;37;37;37m████[38;2;0;0;0m██  ██[38;2;72;72;72m██[38;2;0;0;0m██    ██[38;2;37;37;37m██[38;2;72;72;72m██[38;2;0;0;0m██[38;2;72;72;72m██[38;2;37;37;37m██[38;2;72;72;72m██[38;2;0;0;0m██[38;2;189;82;24m████  [38;2;0;0;0m██[38;2;37;37;37m██[38;2;0;0;0m██[38;2;37;37;37m████[38;2;0;0;0m██                  
    [38;2;189;82;24m██[38;2;255;139;16m██████            [38;2;189;82;24m██[38;2;255;139;16m████[38;2;0;0;0m████[38;2;72;72;72m████[38;2;37;37;37m██████████[38;2;72;72;72m██████[38;2;0;0;0m██  ██████  [38;2;189;82;24m██[38;2;255;139;16m██████[38;2;189;82;24m██  [38;2;0;0;0m██[38;2;37;37;37m████[38;2;0;0;0m██  ██[38;2;72;72;72m████[38;2;0;0;0m██    ██████[38;2;72;72;72m██[38;2;37;37;37m██[38;2;72;72;72m██[38;2;0;0;0m██[38;2;255;139;16m██[38;2;189;82;24m██[38;2;0;0;0m██[38;2;37;37;37m██[38;2;0;0;0m██[38;2;37;37;37m████[38;2;0;0;0m██              [38;2;189;82;24m██    
  ██[38;2;255;139;16m████████            [38;2;189;82;24m██[38;2;255;139;16m██[38;2;189;82;24m██[38;2;255;139;16m████[38;2;0;0;0m██[38;2;37;37;37m██[38;2;72;72;72m██████████[38;2;0;0;0m██████████[38;2;37;37;37m██████[38;2;0;0;0m████████[38;2;255;139;16m████[38;2;189;82;24m██[38;2;0;0;0m████████    ██[38;2;72;72;72m████[38;2;0;0;0m████████[38;2;72;72;72m██[38;2;37;37;37m██[38;2;72;72;72m██[38;2;37;37;37m██[38;2;255;139;16m██[38;2;0;0;0m████[38;2;37;37;37m██████[38;2;0;0;0m████              [38;2;189;82;24m██[38;2;255;139;16m██[38;2;189;82;24m██  
  ██[38;2;255;139;16m████████[38;2;189;82;24m██            ██[38;2;255;139;16m████[38;2;189;82;24m██    [38;2;0;0;0m██████████    ██[38;2;37;37;37m██████[38;2;0;0;0m████[38;2;37;37;37m████████[38;2;0;0;0m██[38;2;255;139;16m██[38;2;0;0;0m██[38;2;37;37;37m██████[38;2;0;0;0m████  ██████[38;2;255;139;16m██████[38;2;0;0;0m██[38;2;37;37;37m██████[38;2;0;0;0m████[38;2;37;37;37m██████[38;2;0;0;0m████                  [38;2;189;82;24m██[38;2;255;139;16m██[38;2;189;82;24m██  
██[38;2;246;180;65m████[38;2;255;139;16m██████[38;2;189;82;24m██          ██[38;2;255;139;16m██████[38;2;189;82;24m██                [38;2;0;0;0m██[38;2;37;37;37m████[38;2;0;0;0m██████[38;2;37;37;37m████[38;2;0;0;0m██████[38;2;37;37;37m██[38;2;0;0;0m██[38;2;37;37;37m██████[38;2;0;0;0m██[38;2;37;37;37m████[38;2;0;0;0m██[38;2;255;139;16m██████████[38;2;0;0;0m██[38;2;37;37;37m██████[38;2;0;0;0m██[38;2;37;37;37m████[38;2;0;0;0m██████[38;2;78;77;78m██                  [38;2;189;82;24m██[38;2;255;139;16m██[38;2;189;82;24m██[38;2;255;139;16m██[38;2;189;82;24m██
[38;2;78;77;78m██[38;2;196;195;196m██[38;2;246;180;65m██████[38;2;196;195;196m██[38;2;189;82;24m██        ██[38;2;255;139;16m████████[38;2;189;82;24m██              [38;2;0;0;0m██[38;2;37;37;37m████[38;2;0;0;0m██  ████[38;2;37;37;37m██[38;2;0;0;0m██  ██[38;2;37;37;37m██[38;2;0;0;0m██[38;2;37;37;37m██[38;2;0;0;0m██[38;2;37;37;37m██[38;2;0;0;0m██[38;2;37;37;37m██████[38;2;255;139;16m██████████[38;2;0;0;0m██[38;2;37;37;37m██████[38;2;0;0;0m████████[38;2;255;139;16m████[38;2;135;134;135m██[38;2;78;77;78m██                [38;2;189;82;24m██[38;2;255;139;16m████[38;2;189;82;24m██[38;2;255;139;16m██[38;2;189;82;24m██
[38;2;78;77;78m██[38;2;196;195;196m████[38;2;246;180;65m██[38;2;196;195;196m████[38;2;189;82;24m██        ██[38;2;255;139;16m██████████[38;2;189;82;24m██            [38;2;0;0;0m██[38;2;37;37;37m██[38;2;0;0;0m██  ████████    ██[38;2;37;37;37m██[38;2;0;0;0m████[38;2;37;37;37m██[38;2;0;0;0m████[38;2;37;37;37m████[38;2;0;0;0m██[38;2;255;139;16m████████[38;2;0;0;0m██[38;2;37;37;37m████[38;2;0;0;0m██████    [38;2;135;134;135m██[38;2;255;139;16m██[38;2;135;134;135m████[38;2;78;77;78m██                [38;2;255;139;16m██████[38;2;189;82;24m██[38;2;255;139;16m██[38;2;189;82;24m██
  [38;2;78;77;78m██[38;2;196;195;196m██████[38;2;135;134;135m██          [38;2;78;77;78m██[38;2;246;180;65m██[38;2;196;195;196m██[38;2;255;139;16m████[38;2;246;180;65m██[38;2;189;82;24m██          [38;2;78;77;78m██[38;2;135;134;135m██[38;2;0;0;0m██    ████[38;2;37;37;37m██[38;2;0;0;0m██    ██[38;2;135;134;135m██[38;2;0;0;0m██[38;2;135;134;135m██[38;2;0;0;0m██████[38;2;37;37;37m██[38;2;0;0;0m██[38;2;255;139;16m██████████[38;2;0;0;0m██████[38;2;37;37;37m██[38;2;0;0;0m██[38;2;37;37;37m██[38;2;0;0;0m██  [38;2;78;77;78m██[38;2;135;134;135m██████[38;2;78;77;78m██                [38;2;255;139;16m██████[38;2;189;82;24m██[38;2;255;139;16m██[38;2;189;82;24m██
      [38;2;78;77;78m██[38;2;135;134;135m██[38;2;78;77;78m██          ██[38;2;196;195;196m██████[38;2;246;180;65m██[38;2;196;195;196m██[38;2;78;77;78m██        ██[38;2;135;134;135m██[38;2;0;0;0m██    ████[38;2;78;77;78m██[38;2;135;134;135m██      [38;2;0;0;0m██[38;2;135;134;135m██[38;2;78;77;78m██[38;2;196;195;196m██[38;2;78;77;78m██  [38;2;0;0;0m████[38;2;246;180;65m██[38;2;255;139;16m████████[38;2;246;180;65m██[38;2;0;0;0m██    ██[38;2;135;134;135m██[38;2;0;0;0m██[38;2;37;37;37m██[38;2;78;77;78m██  ██[38;2;135;134;135m██[38;2;78;77;78m██                [38;2;189;82;24m██[38;2;255;139;16m████[38;2;135;134;135m██[38;2;246;180;65m██[38;2;78;77;78m██  
      ██[38;2;135;134;135m██[38;2;78;77;78m██            ██[38;2;196;195;196m██████[38;2;78;77;78m██          ██[38;2;135;134;135m██[38;2;0;0;0m██    ████[38;2;78;77;78m██[38;2;135;134;135m██      [38;2;0;0;0m██[38;2;135;134;135m██[38;2;78;77;78m██[38;2;196;195;196m██[38;2;78;77;78m██  ██[38;2;0;0;0m██[38;2;246;180;65m██[38;2;196;195;196m██[38;2;255;139;16m████[38;2;196;195;196m██[38;2;246;180;65m██[38;2;0;0;0m██      [38;2;78;77;78m██[38;2;135;134;135m██[38;2;0;0;0m██[38;2;78;77;78m██  ██[38;2;135;134;135m██[38;2;78;77;78m██                ██[38;2;246;180;65m████[38;2;135;134;135m██[38;2;196;195;196m██[38;2;78;77;78m██  
      ██[38;2;135;134;135m██[38;2;78;77;78m██            ██[38;2;135;134;135m██████[38;2;78;77;78m██          ██[38;2;135;134;135m██[38;2;0;0;0m██    ████[38;2;78;77;78m██[38;2;135;134;135m██      [38;2;0;0;0m██[38;2;135;134;135m██[38;2;78;77;78m██[38;2;196;195;196m██[38;2;78;77;78m██  ██[38;2;0;0;0m██[38;2;246;180;65m██[38;2;196;195;196m██[38;2;246;180;65m████[38;2;196;195;196m████[38;2;0;0;0m██      [38;2;78;77;78m██[38;2;135;134;135m██[38;2;0;0;0m██[38;2;78;77;78m██  ██[38;2;135;134;135m██[38;2;78;77;78m██                ██[38;2;196;195;196m██[38;2;246;180;65m██[38;2;196;195;196m████[38;2;78;77;78m██  
        ██[38;2;135;134;135m██              [38;2;91;52;47m██[38;2;196;195;196m██[38;2;78;77;78m██[38;2;0;0;0m██        [38;2;78;77;78m██[38;2;135;134;135m██[38;2;0;0;0m██    ██[38;2;78;77;78m██[38;2;0;0;0m██[38;2;196;195;196m██[38;2;78;77;78m██      [38;2;0;0;0m██[38;2;135;134;135m████[38;2;196;195;196m██[38;2;78;77;78m██  ██[38;2;0;0;0m████[38;2;196;195;196m██[38;2;246;180;65m██[38;2;196;195;196m████[38;2;135;134;135m██[38;2;0;0;0m██      [38;2;78;77;78m██[38;2;196;195;196m██[38;2;0;0;0m██████[38;2;135;134;135m████[38;2;78;77;78m██                  [38;2;196;195;196m██████[38;2;78;77;78m██    
        ██[38;2;135;134;135m██              [38;2;91;52;47m██[38;2;196;195;196m██[38;2;78;77;78m████[38;2;0;0;0m██      [38;2;78;77;78m██[38;2;135;134;135m██[38;2;0;0;0m██  ██[38;2;78;77;78m██[38;2;0;0;0m████[38;2;196;195;196m██[38;2;78;77;78m██        ██[38;2;196;195;196m██[38;2;78;77;78m██    [38;2;0;0;0m██[38;2;135;134;135m██[38;2;0;0;0m██[38;2;78;77;78m██[38;2;196;195;196m████[38;2;135;134;135m██[38;2;0;0;0m██[38;2;135;134;135m██[38;2;78;77;78m██      ██[38;2;135;134;135m██[38;2;0;0;0m████[38;2;135;134;135m██[38;2;78;77;78m██                    ██[38;2;135;134;135m██[38;2;78;77;78m██      
          ████            [38;2;91;52;47m██[38;2;196;195;196m██[38;2;78;77;78m██[38;2;0;0;0m██[38;2;78;77;78m██[38;2;0;0;0m████[38;2;78;77;78m██[38;2;135;134;135m██[38;2;0;0;0m██  [38;2;78;77;78m████[38;2;0;0;0m██  [38;2;78;77;78m██[38;2;196;195;196m██[38;2;78;77;78m██        ██[38;2;196;195;196m██[38;2;78;77;78m██    [38;2;0;0;0m██[38;2;135;134;135m██[38;2;0;0;0m██  [38;2;135;134;135m████[38;2;0;0;0m██  ██[38;2;135;134;135m██[38;2;78;77;78m████████[38;2;196;195;196m██[38;2;0;0;0m██[38;2;135;134;135m██[38;2;0;0;0m██                      [38;2;78;77;78m██[38;2;196;195;196m██[38;2;78;77;78m██      
            [38;2;135;134;135m██[38;2;78;77;78m██          [38;2;91;52;47m██[38;2;196;195;196m██[38;2;78;77;78m██  [38;2;0;0;0m████[38;2;78;77;78m██[38;2;135;134;135m██[38;2;0;0;0m██[38;2;78;77;78m████[38;2;0;0;0m████  [38;2;78;77;78m██[38;2;196;195;196m██[38;2;78;77;78m██            ██      [38;2;0;0;0m██[38;2;135;134;135m██[38;2;0;0;0m██  [38;2;78;77;78m██[38;2;196;195;196m██[38;2;0;0;0m██    ██[38;2;135;134;135m██████[38;2;78;77;78m██[38;2;196;195;196m██[38;2;78;77;78m██[38;2;135;134;135m██[38;2;78;77;78m██                      ██[38;2;196;195;196m██[38;2;78;77;78m██      
            ██[38;2;135;134;135m██[38;2;78;77;78m████        ██[38;2;196;195;196m██[38;2;78;77;78m██████[38;2;135;134;135m██[38;2;0;0;0m████████      [38;2;135;134;135m██[38;2;196;195;196m██[38;2;78;77;78m██                    [38;2;0;0;0m██[38;2;135;134;135m██[38;2;0;0;0m██  [38;2;78;77;78m██[38;2;196;195;196m██[38;2;0;0;0m██      ██████[38;2;78;77;78m██[38;2;196;195;196m██[38;2;78;77;78m██[38;2;0;0;0m██[38;2;135;134;135m██[38;2;78;77;78m██                    [38;2;196;195;196m██[38;2;78;77;78m██        
              ██[38;2;135;134;135m████[38;2;78;77;78m██████████[38;2;196;195;196m██[38;2;78;77;78m██[38;2;135;134;135m████[38;2;0;0;0m██            [38;2;78;77;78m██[38;2;196;195;196m██[38;2;78;77;78m██                      [38;2;0;0;0m██[38;2;135;134;135m██[38;2;0;0;0m██  [38;2;78;77;78m██[38;2;196;195;196m██[38;2;0;0;0m████            [38;2;78;77;78m██[38;2;196;195;196m██  [38;2;0;0;0m██[38;2;135;134;135m██[38;2;78;77;78m████              ██[38;2;196;195;196m██[38;2;78;77;78m██        
                ████[38;2;135;134;135m████████[38;2;78;77;78m██[38;2;196;195;196m████[38;2;78;77;78m██[38;2;0;0;0m██            [38;2;78;77;78m██[38;2;196;195;196m████[38;2;78;77;78m██                        [38;2;0;0;0m██[38;2;135;134;135m██[38;2;0;0;0m██[38;2;78;77;78m██[38;2;196;195;196m██[38;2;0;0;0m██[38;2;37;37;37m██[38;2;0;0;0m██            [38;2;78;77;78m██[38;2;135;134;135m██  [38;2;0;0;0m██[38;2;135;134;135m████[38;2;78;77;78m██████████████████          
                    ████████████[38;2;196;195;196m████[38;2;78;77;78m██          ██[38;2;196;195;196m████[38;2;78;77;78m██                          [38;2;0;0;0m██[38;2;135;134;135m██[38;2;0;0;0m██[38;2;78;77;78m██[38;2;196;195;196m██[38;2;0;0;0m██[38;2;37;37;37m████[38;2;0;0;0m██            [38;2;196;195;196m██[38;2;135;134;135m██[38;2;78;77;78m██[38;2;0;0;0m████[38;2;135;134;135m██████████[38;2;78;77;78m████[38;2;196;195;196m██            
                                [38;2;78;77;78m██[38;2;196;195;196m████[38;2;78;77;78m██████[38;2;135;134;135m████[38;2;196;195;196m████[38;2;78;77;78m██                            [38;2;0;0;0m██[38;2;135;134;135m██[38;2;0;0;0m██[38;2;78;77;78m██[38;2;196;195;196m██[38;2;0;0;0m██[38;2;37;37;37m██████[38;2;0;0;0m██          [38;2;78;77;78m██[38;2;196;195;196m████[38;2;78;77;78m██████████████[38;2;196;195;196m████[38;2;78;77;78m██            
                                      ██████████                                  [38;2;0;0;0m██[38;2;135;134;135m████[38;2;196;195;196m██[38;2;0;0;0m██[38;2;37;37;37m████[38;2;135;134;135m████[38;2;0;0;0m██                [38;2;78;77;78m██████████████                  
                                                                                    ██[38;2;135;134;135m██[38;2;196;195;196m██[38;2;0;0;0m██[38;2;135;134;135m████████[38;2;0;0;0m██                                                
                                                                                    [38;2;78;77;78m██[38;2;196;195;196m██[38;2;0;0;0m██  [38;2;78;77;78m██[38;2;196;195;196m████[38;2;135;134;135m██[38;2;0;0;0m██                                                
                                                                                      [38;2;78;77;78m██      ██[38;2;196;195;196m████[38;2;0;0;0m██                                                
                                                                                                [38;2;78;77;78m██[38;2;196;195;196m██[38;2;0;0;0m██                                                
                                                                                                  [38;2;78;77;78m██[38;2;0;0;0m██                                                
[0m