                                                    [38;2;48;56;66m██                                      
                                                    [38;2;65;79;94m██[38;2;39;43;48m██                                    
                                                  [38;2;48;56;66m██[38;2;65;79;94m██[38;2;39;43;48m██          ████                      
                                              [38;2;48;56;66m████[38;2;65;79;94m██[38;2;39;43;48m██          ██[38;2;48;56;66m████[38;2;39;43;48m██                    
                                        [38;2;48;56;66m██████[38;2;65;79;94m██████[38;2;39;43;48m██        ██[38;2;48;56;66m████[38;2;39;43;48m██              [38;2;48;56;66m██████  
                                      ██[38;2;65;79;94m██████████[38;2;39;43;48m██          ██[38;2;48;56;66m██[38;2;39;43;48m██            [38;2;48;56;66m████[38;2;65;79;94m██████[38;2;12;12;12m██
                                    [38;2;48;56;66m██[38;2;65;79;94m████████[38;2;39;43;48m████            ██[38;2;48;56;66m██[38;2;39;43;48m██          [38;2;48;56;66m██[38;2;65;79;94m██████[38;2;12;12;12m██    
                                    [38;2;48;56;66m██[38;2;65;79;94m██████[38;2;39;43;48m██              ██[38;2;48;56;66m████[38;2;39;43;48m██          [38;2;48;56;66m██[38;2;65;79;94m████[38;2;12;12;12m██      
                              [38;2;48;56;66m██████[38;2;65;79;94m████████[38;2;39;43;48m██          ████[38;2;48;56;66m██████[38;2;39;43;48m██          [38;2;48;56;66m██[38;2;65;79;94m████[38;2;12;12;12m██      
                          [38;2;48;56;66m████[38;2;65;79;94m████████████████[38;2;39;43;48m██      ██[38;2;48;56;66m████████[38;2;39;43;48m██          [38;2;48;56;66m██[38;2;65;79;94m██████[38;2;12;12;12m██      
                        [38;2;48;56;66m██[38;2;65;79;94m████████████████[38;2;84;180;232m██[38;2;65;79;94m██[38;2;39;43;48m██    ██[38;2;48;56;66m████████[38;2;39;43;48m██        ██[38;2;48;56;66m██[38;2;65;79;94m████████[38;2;12;12;12m██      
                        [38;2;48;56;66m██[38;2;65;79;94m██[38;2;84;180;232m██████[38;2;65;79;94m████[38;2;84;180;232m████[38;2;65;79;94m████[38;2;39;43;48m██    ██[38;2;48;56;66m██[38;2;65;143;191m██[38;2;48;56;66m████[38;2;39;43;48m██    ██[38;2;48;56;66m██[38;2;65;79;94m██████████[38;2;12;12;12m██        
                      [38;2;48;56;66m██[38;2;65;79;94m██[38;2;84;180;232m██████████████[38;2;65;79;94m████[38;2;12;12;12m██    ████[38;2;65;143;191m██[38;2;48;56;66m████████[38;2;39;43;48m████[38;2;65;79;94m██████████████[38;2;12;12;12m██        
                      [38;2;48;56;66m██[38;2;65;79;94m██[38;2;84;180;232m██[38;2;171;235;237m████[38;2;84;180;232m████[38;2;171;235;237m██[38;2;84;180;232m██[38;2;65;79;94m██[38;2;12;12;12m██  ████[38;2;65;79;94m██[38;2;12;12;12m██[38;2;65;143;191m██[38;2;48;56;66m██████[38;2;39;43;48m██[38;2;65;79;94m████[38;2;84;180;232m████████[38;2;65;79;94m████[38;2;12;12;12m██          
                      [38;2;48;56;66m██[38;2;84;180;232m██[38;2;171;235;237m████████████[38;2;84;180;232m████[38;2;12;12;12m████[38;2;65;79;94m████[38;2;12;12;12m██[38;2;65;143;191m████████[38;2;39;43;48m██[38;2;65;79;94m██[38;2;84;180;232m████████[38;2;65;79;94m██████[38;2;12;12;12m██            
                      [38;2;48;56;66m██[38;2;84;180;232m██[38;2;171;235;237m██████████████[38;2;84;180;232m██████[38;2;171;235;237m██[38;2;65;79;94m██[38;2;12;12;12m██[38;2;65;143;191m████████[38;2;39;43;48m██[38;2;84;180;232m████████[38;2;65;79;94m████████[38;2;12;12;12m██            
            [38;2;36;78;67m████    [38;2;48;56;66m██[38;2;84;180;232m██[38;2;171;235;237m████[38;2;36;78;67m██████████[38;2;171;235;237m████████[38;2;84;180;232m██[38;2;12;12;12m██  [38;2;39;43;48m██[38;2;65;143;191m██[38;2;112;167;184m██[38;2;39;43;48m██[38;2;84;180;232m██████████████[38;2;65;79;94m██████[38;2;12;12;12m██          
        [38;2;36;78;67m████[38;2;199;215;207m████[38;2;48;56;66m████[38;2;84;180;232m██[38;2;171;235;237m██[38;2;36;78;67m████[38;2;199;215;207m██[38;2;242;242;242m████████[38;2;119;152;132m██[38;2;36;78;67m██[38;2;171;235;237m████████[38;2;12;12;12m██[38;2;39;43;48m██[38;2;112;167;184m████[38;2;39;43;48m██[38;2;84;180;232m██[38;2;171;235;237m██████[38;2;84;180;232m████████[38;2;65;79;94m████[38;2;12;12;12m██          
      [38;2;36;78;67m██[38;2;119;152;132m██████[38;2;48;56;66m██[38;2;84;180;232m██████[38;2;36;78;67m██[38;2;119;152;132m██[38;2;199;215;207m██[38;2;119;152;132m██[38;2;199;215;207m████████[38;2;242;242;242m████[38;2;119;152;132m██[38;2;171;235;237m████████[38;2;12;12;12m██[38;2;39;43;48m██[38;2;112;167;184m██[38;2;39;43;48m██[38;2;171;235;237m██████████[38;2;84;180;232m██████[38;2;65;79;94m████[38;2;12;12;12m██          
    [38;2;36;78;67m██[38;2;119;152;132m██[38;2;57;111;84m██[38;2;119;152;132m██[38;2;48;56;66m██[38;2;84;180;232m██████[38;2;36;78;67m██[38;2;119;152;132m██████[38;2;199;215;207m██[38;2;119;152;132m██[38;2;199;215;207m████████████[38;2;119;152;132m██[38;2;84;180;232m██[38;2;171;235;237m██████[38;2;12;12;12m██[38;2;112;167;184m██[38;2;39;43;48m██[38;2;171;235;237m████████████[38;2;84;180;232m████[38;2;65;79;94m████[38;2;12;12;12m██          
  [38;2;36;78;67m██[38;2;57;111;84m████[38;2;119;152;132m██[38;2;48;56;66m██[38;2;171;235;237m██[38;2;84;180;232m████[38;2;36;78;67m██[38;2;119;152;132m████[38;2;57;111;84m██[38;2;119;152;132m████████[38;2;12;12;12m██████████[38;2;199;215;207m██[38;2;119;152;132m██[38;2;84;180;232m██[38;2;171;235;237m████[38;2;12;12;12m██[38;2;112;167;184m████[38;2;39;43;48m██[38;2;171;235;237m██████████[38;2;84;180;232m████[38;2;65;79;94m██[38;2;12;12;12m██            
  [38;2;36;78;67m██[38;2;57;111;84m██████[38;2;48;56;66m██[38;2;84;180;232m██[38;2;171;235;237m██[38;2;36;78;67m██[38;2;57;111;84m██████[38;2;119;152;132m██[38;2;57;111;84m██[38;2;119;152;132m██[38;2;12;12;12m████[38;2;112;167;184m██████[38;2;171;235;237m██[38;2;41;45;55m██████[38;2;84;180;232m██[38;2;171;235;237m██████[38;2;12;12;12m██[38;2;112;167;184m██[38;2;39;43;48m██[38;2;171;235;237m██████████[38;2;84;180;232m██[38;2;65;79;94m████[38;2;12;12;12m██            
[38;2;36;78;67m██[38;2;57;111;84m██████[38;2;48;56;66m██[38;2;84;180;232m████[38;2;171;235;237m██[38;2;36;78;67m██[38;2;57;111;84m████████[38;2;119;152;132m██[38;2;12;12;12m██[38;2;153;138;158m██[38;2;242;242;242m██████[38;2;153;138;158m██[38;2;41;45;55m██[38;2;36;78;67m██████[38;2;41;45;55m██[38;2;171;235;237m██████[38;2;12;12;12m██[38;2;112;167;184m██[38;2;39;43;48m██[38;2;171;235;237m████████[38;2;84;180;232m████[38;2;65;79;94m██[38;2;12;12;12m██              
[38;2;36;78;67m██[38;2;57;111;84m██████[38;2;48;56;66m██[38;2;171;235;237m██[38;2;84;180;232m██[38;2;36;78;67m██[38;2;57;111;84m████████████[38;2;12;12;12m██[38;2;242;242;242m██[38;2;153;138;158m██[38;2;12;12;12m██████[38;2;153;138;158m██[38;2;36;78;67m██[38;2;41;45;55m████[38;2;36;78;67m██[38;2;41;45;55m██[38;2;84;180;232m██[38;2;171;235;237m████[38;2;12;12;12m██[38;2;171;235;237m████████[38;2;84;180;232m████[38;2;12;12;12m████                
[38;2;36;78;67m██[38;2;57;111;84m████[38;2;39;43;48m██[38;2;84;180;232m██[38;2;171;235;237m██[38;2;84;180;232m██[38;2;36;78;67m██[38;2;57;111;84m██████████[38;2;12;12;12m██[38;2;242;242;242m██[38;2;153;138;158m██[38;2;12;12;12m██[38;2;153;138;158m████[38;2;41;45;55m██[38;2;12;12;12m██[38;2;41;45;55m██████[38;2;57;111;84m██[38;2;41;45;55m██[38;2;84;180;232m████[38;2;171;235;237m██████████[38;2;12;12;12m██████                    
[38;2;36;78;67m██[38;2;57;111;84m████[38;2;39;43;48m██[38;2;171;235;237m██[38;2;84;180;232m██[38;2;171;235;237m██[38;2;36;78;67m██[38;2;57;111;84m██████████[38;2;12;12;12m██[38;2;242;242;242m██[38;2;12;12;12m████[38;2;153;138;158m████[38;2;41;45;55m██[38;2;12;12;12m██[38;2;41;45;55m██[38;2;57;111;84m██████[38;2;41;45;55m██[38;2;171;235;237m██[38;2;84;180;232m██[38;2;171;235;237m████████[38;2;12;12;12m██                          
██[38;2;57;111;84m████[38;2;39;43;48m██[38;2;171;235;237m██[38;2;84;180;232m██[38;2;171;235;237m██[38;2;12;12;12m██[38;2;57;111;84m████[38;2;41;45;55m████[38;2;57;111;84m██[38;2;12;12;12m██[38;2;242;242;242m██[38;2;12;12;12m████[38;2;41;45;55m██████[38;2;12;12;12m██[38;2;41;45;55m██[38;2;57;111;84m██████[38;2;41;45;55m██[38;2;84;180;232m████[38;2;171;235;237m██████████[38;2;48;56;66m████████                  
[38;2;12;12;12m██[38;2;36;78;67m████[38;2;39;43;48m██[38;2;171;235;237m██████[38;2;12;12;12m██[38;2;36;78;67m██[38;2;57;111;84m██[38;2;41;45;55m████[38;2;36;78;67m██[38;2;12;12;12m██[38;2;242;242;242m██[38;2;153;138;158m██[38;2;12;12;12m██████████[38;2;41;45;55m██[38;2;57;111;84m██████[38;2;41;45;55m██[38;2;84;180;232m██[38;2;171;235;237m████[38;2;12;12;12m██[38;2;171;235;237m████████[38;2;84;180;232m████[38;2;65;79;94m██[38;2;48;56;66m████              
  [38;2;12;12;12m██[38;2;36;78;67m████[38;2;39;43;48m██[38;2;171;235;237m██████[38;2;12;12;12m██[38;2;36;78;67m██████[38;2;12;12;12m████[38;2;153;138;158m██[38;2;242;242;242m██[38;2;153;138;158m██[38;2;12;12;12m██████[38;2;153;138;158m██[38;2;57;111;84m████████[38;2;41;45;55m██[38;2;171;235;237m██[38;2;112;167;184m██[38;2;12;12;12m██[38;2;112;167;184m██[38;2;12;12;12m██[38;2;171;235;237m████████[38;2;84;180;232m████[38;2;65;79;94m████[38;2;48;56;66m██            
  [38;2;36;78;67m██[38;2;12;12;12m████[38;2;39;43;48m██[38;2;112;167;184m██[38;2;171;235;237m████[38;2;112;167;184m██[38;2;12;12;12m██████[38;2;112;167;184m████[38;2;12;12;12m██[38;2;153;138;158m██[38;2;242;242;242m██████[38;2;153;138;158m██[38;2;41;45;55m██[38;2;119;152;132m██[38;2;57;111;84m████[38;2;41;45;55m██[38;2;112;167;184m██████[38;2;12;12;12m██[38;2;112;167;184m██[38;2;12;12;12m██[38;2;171;235;237m████████[38;2;84;180;232m████[38;2;65;79;94m████[38;2;48;56;66m██            
    [38;2;36;78;67m██[38;2;199;215;207m██[38;2;12;12;12m██[38;2;39;43;48m██[38;2;112;167;184m██████[38;2;41;45;55m██[38;2;242;242;242m██[38;2;57;111;84m████[38;2;112;167;184m████[38;2;12;12;12m████████[38;2;41;45;55m██[38;2;119;152;132m██[38;2;57;111;84m██[38;2;119;152;132m██[38;2;57;111;84m██[38;2;41;45;55m██[38;2;112;167;184m████[38;2;12;12;12m██[38;2;65;143;191m██[38;2;112;167;184m██[38;2;12;12;12m██[38;2;84;180;232m██[38;2;171;235;237m████[38;2;84;180;232m████[38;2;65;79;94m████████[38;2;48;56;66m██          
    [38;2;36;78;67m██[38;2;199;215;207m████[38;2;12;12;12m████[38;2;112;167;184m████[38;2;41;45;55m██[38;2;199;215;207m██[38;2;242;242;242m████[38;2;57;111;84m████████[38;2;242;242;242m████[38;2;119;152;132m██████[38;2;57;111;84m██[38;2;41;45;55m██[38;2;48;56;66m████[38;2;112;167;184m██[38;2;12;12;12m██[38;2;65;143;191m████[38;2;12;12;12m██[38;2;84;180;232m████████[38;2;65;79;94m██████████[38;2;48;56;66m██          
      [38;2;36;78;67m██[38;2;199;215;207m██[38;2;119;152;132m████[38;2;12;12;12m████[38;2;112;167;184m██[38;2;41;45;55m██[38;2;199;215;207m████[38;2;242;242;242m████████[38;2;199;215;207m██████[38;2;119;152;132m████[38;2;41;45;55m██[38;2;171;235;237m████[38;2;84;180;232m██[38;2;12;12;12m██  [38;2;39;43;48m██[38;2;65;143;191m████[38;2;12;12;12m██[38;2;84;180;232m██████████[38;2;65;79;94m██████[38;2;48;56;66m████        
        [38;2;36;78;67m██[38;2;119;152;132m████[38;2;48;56;66m██[38;2;65;143;191m██[38;2;12;12;12m██████[38;2;199;215;207m████████████████[38;2;119;152;132m██[38;2;41;45;55m██[38;2;171;235;237m██████[38;2;84;180;232m██[38;2;65;79;94m██[38;2;12;12;12m██  [38;2;39;43;48m██[38;2;48;56;66m████[38;2;12;12;12m████[38;2;65;79;94m████████████████[38;2;48;56;66m██      
          [38;2;36;78;67m██[38;2;39;43;48m██[38;2;48;56;66m██[38;2;65;143;191m██[38;2;112;167;184m██████[38;2;12;12;12m████[38;2;199;215;207m████████[38;2;119;152;132m██[38;2;41;45;55m████[38;2;171;235;237m██████[38;2;84;180;232m████[38;2;65;79;94m██[38;2;12;12;12m██    [38;2;39;43;48m██[38;2;48;56;66m██[38;2;39;43;48m██  [38;2;12;12;12m████████████[38;2;65;79;94m██████[38;2;48;56;66m██    
            [38;2;39;43;48m██[38;2;48;56;66m██[38;2;65;143;191m████[38;2;112;167;184m██[38;2;12;12;12m██    ██████████  ██[38;2;84;180;232m████████[38;2;65;79;94m████[38;2;12;12;12m██    [38;2;39;43;48m██[38;2;48;56;66m██                [38;2;12;12;12m████[38;2;65;79;94m██[38;2;48;56;66m██    
            [38;2;39;43;48m██[38;2;48;56;66m████[38;2;65;143;191m██[38;2;12;12;12m██                    ██[38;2;84;180;232m████████[38;2;65;79;94m████[38;2;12;12;12m██    [38;2;39;43;48m██                    [38;2;12;12;12m██[38;2;48;56;66m██    
              [38;2;39;43;48m██[38;2;48;56;66m██[38;2;12;12;12m██                        ██[38;2;65;79;94m████████████[38;2;12;12;12m████                              
              [38;2;39;43;48m██[38;2;48;56;66m██[38;2;12;12;12m██                          ████[38;2;65;79;94m████████████[38;2;12;12;12m██                            
                ██                                ████████████                              
[0m