                                                                                                        [38;2;92;59;50m██████                                ████████              
                                                                                                      [38;2;59;38;35m██[38;2;153;126;103m██████[38;2;92;59;50m████    ██████████████    ██████[38;2;153;126;103m████████[38;2;59;38;35m██            
                                                                                                      ██[38;2;153;126;103m██████████[38;2;92;59;50m████[38;2;183;184;196m██[38;2;153;126;103m██████[38;2;183;184;196m██[38;2;233;234;240m████[38;2;92;59;50m████[38;2;153;126;103m████████████[38;2;92;59;50m██[38;2;59;38;35m██            
                                                                                                      ██[38;2;153;126;103m████████[38;2;117;89;73m██[38;2;233;234;240m██[38;2;183;184;196m██[38;2;153;126;103m██████[38;2;183;184;196m██[38;2;233;234;240m████[38;2;183;184;196m██[38;2;153;126;103m████████████████[38;2;92;59;50m██[38;2;59;38;35m██            
                                                                                                        [38;2;7;7;7m██[38;2;153;126;103m████[38;2;117;89;73m██[38;2;183;184;196m██[38;2;233;234;240m██[38;2;183;184;196m██[38;2;153;126;103m██████[38;2;183;184;196m██[38;2;233;234;240m██[38;2;183;184;196m██[38;2;153;126;103m████████████████[38;2;92;59;50m██[38;2;117;89;73m██[38;2;7;7;7m██            
                                                                                                        ██[38;2;153;126;103m██[38;2;59;38;35m██[38;2;153;126;103m██[38;2;183;184;196m██[38;2;233;234;240m██[38;2;153;126;103m██████[38;2;183;184;196m██[38;2;233;234;240m██[38;2;183;184;196m██[38;2;153;126;103m██████[38;2;59;38;35m████[38;2;153;126;103m████████[38;2;92;59;50m██[38;2;117;89;73m██[38;2;7;7;7m██            
                                                                                                          ██[38;2;74;142;239m██[38;2;59;38;35m██[38;2;153;126;103m██[38;2;183;184;196m██[38;2;153;126;103m██████[38;2;183;184;196m████[38;2;153;126;103m████[38;2;59;38;35m████[38;2;74;142;239m████[38;2;117;89;73m██[38;2;153;126;103m████[38;2;92;59;50m██[38;2;117;89;73m██[38;2;7;7;7m██              
                                                                                                          ██[38;2;74;142;239m██[38;2;59;38;35m██[38;2;153;126;103m████████████████[38;2;59;38;35m██[38;2;237;245;255m██[38;2;74;142;239m██████[38;2;117;89;73m██[38;2;153;126;103m██[38;2;92;59;50m██[38;2;117;89;73m████[38;2;7;7;7m██              
                                                                                    [38;2;183;184;196m████████████          [38;2;7;7;7m██[38;2;74;142;239m██[38;2;237;245;255m██[38;2;59;38;35m██[38;2;153;126;103m████████████[38;2;59;38;35m██[38;2;237;245;255m████[38;2;74;142;239m██████[38;2;153;126;103m████[38;2;117;89;73m████[38;2;7;7;7m██                
                                                                                  [38;2;121;123;143m██[38;2;233;234;240m████████████[38;2;183;184;196m████      [38;2;7;7;7m██[38;2;74;142;239m██[38;2;237;245;255m██[38;2;59;38;35m██[38;2;117;89;73m██████[38;2;153;126;103m████[38;2;59;38;35m██[38;2;74;142;239m████[38;2;237;245;255m██[38;2;74;142;239m████[38;2;117;89;73m██[38;2;153;126;103m██████[38;2;7;7;7m██                  
                                                                                    [38;2;121;123;143m████[38;2;183;184;196m████[38;2;233;234;240m████████[38;2;183;184;196m████[38;2;42;65;71m████[38;2;117;89;73m██[38;2;74;142;239m██[38;2;117;89;73m██[38;2;153;126;103m██████████[38;2;117;89;73m██[38;2;74;142;239m████████[38;2;117;89;73m██[38;2;153;126;103m████████[38;2;7;7;7m██  [38;2;183;184;196m████████        
                                                                                        [38;2;121;123;143m████[38;2;183;184;196m██████[38;2;233;234;240m████[38;2;42;65;71m██[38;2;106;123;135m████[38;2;42;65;71m██[38;2;153;126;103m██████████████[38;2;42;65;71m████████[38;2;153;126;103m████████[38;2;183;184;196m████████[38;2;233;234;240m████████[38;2;183;184;196m██████  
                                                                                            [38;2;121;123;143m██████████[38;2;42;65;71m██[38;2;92;59;50m████[38;2;153;126;103m██[38;2;183;184;196m████[38;2;233;234;240m██[38;2;183;184;196m████[38;2;153;126;103m██[38;2;42;65;71m██[38;2;106;123;135m████████[38;2;42;65;71m██[38;2;153;126;103m████[38;2;183;184;196m██[38;2;233;234;240m████████[38;2;183;184;196m████[38;2;233;234;240m██████████[38;2;121;123;143m██
                                                                                                    [38;2;59;38;35m██[38;2;153;126;103m██████[38;2;183;184;196m██[38;2;233;234;240m██████████[38;2;183;184;196m██[38;2;153;126;103m██[38;2;92;59;50m████████[38;2;153;126;103m████████[38;2;121;123;143m██████[38;2;183;184;196m████████[38;2;121;123;143m████████  
                                                                                                    [38;2;59;38;35m██[38;2;153;126;103m████████[38;2;183;184;196m██[38;2;233;234;240m████[38;2;183;184;196m████[38;2;153;126;103m██████████████████████[38;2;59;38;35m██[38;2;117;89;73m██[38;2;121;123;143m████████          
                                                                                                    [38;2;59;38;35m██[38;2;153;126;103m████[38;2;117;89;73m██[38;2;153;126;103m████[38;2;183;184;196m████[38;2;153;126;103m██████████████████████[38;2;59;38;35m██[38;2;153;126;103m██[38;2;59;38;35m██[38;2;117;89;73m██[38;2;7;7;7m██                
                              [38;2;121;123;143m████                                                                    [38;2;59;38;35m██[38;2;153;126;103m██[38;2;59;38;35m██[38;2;153;126;103m████████████████[38;2;92;59;50m██[38;2;153;126;103m████[38;2;92;59;50m██[38;2;153;126;103m██████[38;2;59;38;35m██[38;2;153;126;103m██[38;2;59;38;35m██[38;2;117;89;73m██[38;2;7;7;7m██                
                          [38;2;121;123;143m████[38;2;183;184;196m██[38;2;233;234;240m██[38;2;121;123;143m████                                                                [38;2;59;38;35m██[38;2;153;126;103m██[38;2;59;38;35m██[38;2;153;126;103m██████[38;2;59;38;35m██[38;2;153;126;103m██████[38;2;117;89;73m██[38;2;59;38;35m████████[38;2;153;126;103m████[38;2;59;38;35m██[38;2;117;89;73m██[38;2;59;38;35m██[38;2;117;89;73m██[38;2;121;123;143m██[38;2;183;184;196m██[38;2;7;7;7m██              
                        [38;2;92;59;50m██[38;2;183;184;196m██████[38;2;233;234;240m██████[38;2;92;59;50m████                                                            [38;2;82;151;154m██[38;2;7;7;7m██[38;2;59;38;35m██[38;2;117;89;73m██[38;2;153;126;103m████[38;2;59;38;35m██[38;2;153;126;103m██████[38;2;59;38;35m██[38;2;106;123;135m██[38;2;107;198;197m████[38;2;106;123;135m██[38;2;59;38;35m██[38;2;153;126;103m██[38;2;59;38;35m██[38;2;117;89;73m██████[38;2;121;123;143m██[38;2;183;184;196m██[38;2;7;7;7m██              
                    [38;2;92;59;50m████[38;2;153;126;103m████[38;2;183;184;196m████[38;2;233;234;240m██[38;2;183;184;196m████[38;2;153;126;103m████[38;2;92;59;50m████                              ██████████████████        [38;2;82;151;154m██[38;2;7;7;7m██[38;2;106;123;135m██[38;2;59;38;35m██[38;2;153;126;103m██[38;2;7;7;7m██  [38;2;59;38;35m██[38;2;153;126;103m██[38;2;117;89;73m██[38;2;7;7;7m██[38;2;106;123;135m██[38;2;107;198;197m██[38;2;42;65;71m██[38;2;106;123;135m██[38;2;7;7;7m██[38;2;117;89;73m██[38;2;59;38;35m██[38;2;117;89;73m██████[38;2;121;123;143m██[38;2;183;184;196m██[38;2;7;7;7m██              
            [38;2;121;123;143m████[38;2;92;59;50m████[38;2;153;126;103m██████████████████████████[38;2;59;38;35m██                      [38;2;92;59;50m██████[38;2;233;234;240m██████[38;2;153;126;103m████[38;2;233;234;240m████[38;2;183;184;196m████[38;2;92;59;50m██████  [38;2;82;151;154m██[38;2;107;198;197m██[38;2;106;123;135m██[38;2;59;38;35m██[38;2;153;126;103m██[38;2;7;7;7m██  [38;2;59;38;35m██[38;2;153;126;103m██[38;2;59;38;35m██[38;2;7;7;7m██[38;2;106;123;135m██[38;2;82;151;154m██[38;2;42;65;71m██[38;2;106;123;135m██[38;2;7;7;7m██[38;2;59;38;35m██[38;2;117;89;73m████████[38;2;121;123;143m██[38;2;7;7;7m██                
        [38;2;121;123;143m████[38;2;233;234;240m████[38;2;183;184;196m██[38;2;153;126;103m██████████████████████████████[38;2;59;38;35m██                [38;2;92;59;50m████[38;2;183;184;196m██[38;2;153;126;103m████[38;2;183;184;196m████[38;2;233;234;240m██████[38;2;183;184;196m████[38;2;153;126;103m██████████[38;2;92;59;50m██[38;2;7;7;7m██[38;2;107;198;197m██[38;2;106;123;135m██[38;2;7;7;7m████  [38;2;121;123;143m██[38;2;183;184;196m██[38;2;59;38;35m██[38;2;117;89;73m██[38;2;7;7;7m██[38;2;106;123;135m██[38;2;42;65;71m████[38;2;106;123;135m██[38;2;7;7;7m██[38;2;117;89;73m██████████[38;2;121;123;143m██[38;2;7;7;7m██                
      [38;2;121;123;143m██[38;2;233;234;240m██████[38;2;183;184;196m██[38;2;153;126;103m██████████████[38;2;183;184;196m████[38;2;153;126;103m██████████████[38;2;59;38;35m██            [38;2;92;59;50m████[38;2;233;234;240m██[38;2;183;184;196m██[38;2;153;126;103m██████████[38;2;183;184;196m██████[38;2;153;126;103m████████████████[38;2;7;7;7m██[38;2;82;151;154m██[38;2;106;123;135m██[38;2;7;7;7m██  [38;2;121;123;143m██[38;2;183;184;196m████[38;2;59;38;35m██[38;2;117;89;73m██[38;2;7;7;7m██[38;2;106;123;135m██[38;2;42;65;71m██[38;2;107;198;197m██[38;2;106;123;135m██[38;2;7;7;7m██[38;2;117;89;73m██████████[38;2;7;7;7m██                  
      [38;2;121;123;143m██[38;2;183;184;196m██[38;2;233;234;240m██[38;2;183;184;196m██[38;2;153;126;103m████████████[38;2;117;89;73m██[38;2;121;123;143m██[38;2;233;234;240m████[38;2;121;123;143m██[38;2;153;126;103m████████████[38;2;59;38;35m██          [38;2;92;59;50m██[38;2;233;234;240m████[38;2;183;184;196m██[38;2;153;126;103m██████████████████████████[38;2;183;184;196m████[38;2;153;126;103m████[38;2;7;7;7m██[38;2;42;65;71m██[38;2;106;123;135m██[38;2;7;7;7m██[38;2;59;38;35m██[38;2;121;123;143m██[38;2;183;184;196m██[38;2;59;38;35m██[38;2;117;89;73m████[38;2;7;7;7m██[38;2;106;123;135m██[38;2;82;151;154m██[38;2;107;198;197m██[38;2;106;123;135m██[38;2;7;7;7m██[38;2;117;89;73m██████████[38;2;7;7;7m██                  
      [38;2;121;123;143m██[38;2;183;184;196m████[38;2;153;126;103m████[38;2;183;184;196m████[38;2;153;126;103m██[38;2;117;89;73m████████[38;2;121;123;143m████[38;2;117;89;73m██████[38;2;153;126;103m██████[38;2;117;89;73m██[38;2;59;38;35m██        [38;2;92;59;50m██[38;2;233;234;240m██[38;2;183;184;196m████[38;2;153;126;103m████████████████[38;2;183;184;196m██████[38;2;153;126;103m██████[38;2;233;234;240m████[38;2;183;184;196m████[38;2;7;7;7m██[38;2;107;198;197m██[38;2;106;123;135m██[38;2;7;7;7m██[38;2;153;126;103m██[38;2;59;38;35m████[38;2;117;89;73m██████[38;2;7;7;7m██[38;2;106;123;135m██[38;2;107;198;197m██[38;2;42;65;71m██[38;2;106;123;135m██[38;2;7;7;7m██[38;2;117;89;73m██████████[38;2;7;7;7m██                  
      [38;2;121;123;143m██[38;2;183;184;196m██[38;2;153;126;103m████[38;2;183;184;196m██[38;2;233;234;240m████[38;2;121;123;143m██[38;2;117;89;73m████[38;2;7;7;7m████████████[38;2;117;89;73m████████[38;2;59;38;35m██        [38;2;92;59;50m██[38;2;183;184;196m██[38;2;153;126;103m██████████████████[38;2;183;184;196m████[38;2;233;234;240m██████[38;2;183;184;196m████[38;2;153;126;103m████[38;2;183;184;196m██[38;2;233;234;240m████[38;2;82;151;154m██[38;2;107;198;197m██[38;2;106;123;135m██[38;2;7;7;7m██[38;2;153;126;103m████[38;2;117;89;73m████████[38;2;7;7;7m██[38;2;106;123;135m██[38;2;107;198;197m██[38;2;42;65;71m██[38;2;106;123;135m██[38;2;7;7;7m██[38;2;117;89;73m██████████[38;2;7;7;7m██                  
      [38;2;59;38;35m██[38;2;117;89;73m██[38;2;153;126;103m████[38;2;183;184;196m██[38;2;233;234;240m██[38;2;121;123;143m██[38;2;117;89;73m██[38;2;7;7;7m████            ████████        [38;2;92;59;50m██[38;2;153;126;103m██████[38;2;183;184;196m████████[38;2;153;126;103m██████[38;2;183;184;196m██[38;2;233;234;240m██████[38;2;183;184;196m████[38;2;233;234;240m████[38;2;121;123;143m██[38;2;153;126;103m████[38;2;183;184;196m██[38;2;233;234;240m██[38;2;82;151;154m██[38;2;42;65;71m██[38;2;106;123;135m██[38;2;7;7;7m██[38;2;153;126;103m██[38;2;121;123;143m██████[38;2;117;89;73m████[38;2;7;7;7m██[38;2;106;123;135m██[38;2;82;151;154m██[38;2;107;198;197m██[38;2;106;123;135m██[38;2;7;7;7m██[38;2;117;89;73m████████[38;2;7;7;7m██                    
      [38;2;59;38;35m██[38;2;153;126;103m████████[38;2;121;123;143m██[38;2;117;89;73m██[38;2;59;38;35m██                              [38;2;92;59;50m██[38;2;153;126;103m██████[38;2;183;184;196m██[38;2;233;234;240m████████[38;2;121;123;143m██[38;2;153;126;103m██████[38;2;121;123;143m████[38;2;183;184;196m██████[38;2;121;123;143m████[38;2;153;126;103m██████[38;2;183;184;196m██[38;2;233;234;240m██[38;2;82;151;154m██[38;2;42;65;71m██[38;2;106;123;135m██[38;2;7;7;7m██[38;2;121;123;143m██[38;2;183;184;196m██████[38;2;121;123;143m██[38;2;117;89;73m██[38;2;7;7;7m██[38;2;106;123;135m██[38;2;42;65;71m██[38;2;107;198;197m██[38;2;106;123;135m██[38;2;7;7;7m██[38;2;117;89;73m████████[38;2;7;7;7m██                    
      [38;2;59;38;35m██[38;2;153;126;103m██████████[38;2;117;89;73m██[38;2;59;38;35m██                          [38;2;121;123;143m████[38;2;153;126;103m██████[38;2;183;184;196m██[38;2;233;234;240m████[38;2;183;184;196m████[38;2;121;123;143m██[38;2;153;126;103m████████████[38;2;121;123;143m██████[38;2;153;126;103m██████████[38;2;183;184;196m██[38;2;233;234;240m██[38;2;82;151;154m██[38;2;107;198;197m██[38;2;106;123;135m██[38;2;7;7;7m██[38;2;183;184;196m████[38;2;121;123;143m████[38;2;117;89;73m████[38;2;7;7;7m██[38;2;106;123;135m██[38;2;42;65;71m████[38;2;106;123;135m██[38;2;7;7;7m██[38;2;117;89;73m████████[38;2;7;7;7m██                    
    [38;2;121;123;143m██[38;2;117;89;73m██[38;2;153;126;103m██████████[38;2;59;38;35m██                        [38;2;121;123;143m████[38;2;233;234;240m██[38;2;183;184;196m██[38;2;153;126;103m████[38;2;183;184;196m██[38;2;233;234;240m██████[38;2;183;184;196m██[38;2;121;123;143m██[38;2;153;126;103m████████████████████████████████[38;2;183;184;196m██[38;2;7;7;7m██[38;2;107;198;197m██[38;2;106;123;135m██[38;2;7;7;7m██[38;2;183;184;196m██[38;2;121;123;143m██[38;2;117;89;73m████████[38;2;7;7;7m██[38;2;106;123;135m██[38;2;107;198;197m██[38;2;42;65;71m██[38;2;106;123;135m██[38;2;7;7;7m██[38;2;117;89;73m██████[38;2;7;7;7m██                      
    [38;2;121;123;143m██[38;2;117;89;73m██[38;2;153;126;103m██████████[38;2;59;38;35m██                      [38;2;121;123;143m██[38;2;233;234;240m████[38;2;183;184;196m██[38;2;153;126;103m████████[38;2;121;123;143m████████[38;2;153;126;103m██████████████[38;2;117;89;73m██████████████[38;2;153;126;103m████████[38;2;7;7;7m██[38;2;42;65;71m██[38;2;106;123;135m██[38;2;7;7;7m██[38;2;121;123;143m██[38;2;117;89;73m██████████[38;2;7;7;7m██[38;2;106;123;135m██[38;2;82;151;154m████[38;2;106;123;135m██[38;2;7;7;7m██[38;2;117;89;73m██████[38;2;7;7;7m██                      
  [38;2;121;123;143m██[38;2;233;234;240m██[38;2;121;123;143m██[38;2;153;126;103m██████████[38;2;59;38;35m██                      [38;2;121;123;143m██[38;2;233;234;240m████[38;2;183;184;196m██[38;2;153;126;103m████████████████████████[38;2;117;89;73m████████████████████████[38;2;7;7;7m██████[38;2;82;151;154m██[38;2;106;123;135m██[38;2;7;7;7m██[38;2;117;89;73m████████████[38;2;7;7;7m██[38;2;106;123;135m██[38;2;42;65;71m██[38;2;107;198;197m██[38;2;106;123;135m██[38;2;7;7;7m██[38;2;117;89;73m██████[38;2;7;7;7m██                      
  [38;2;121;123;143m██[38;2;233;234;240m██[38;2;121;123;143m██[38;2;153;126;103m██████[38;2;183;184;196m██[38;2;153;126;103m██[38;2;59;38;35m██                      [38;2;121;123;143m██[38;2;233;234;240m██[38;2;183;184;196m██[38;2;153;126;103m████████████[38;2;183;184;196m██████[38;2;153;126;103m████[38;2;117;89;73m██████████████████████████[38;2;7;7;7m██[38;2;42;65;71m██████[38;2;107;198;197m██[38;2;42;65;71m██[38;2;7;7;7m██[38;2;117;89;73m████████████[38;2;7;7;7m██[38;2;106;123;135m██[38;2;82;151;154m██[38;2;107;198;197m██[38;2;106;123;135m██[38;2;7;7;7m██[38;2;117;89;73m████[38;2;7;7;7m██                        
[38;2;121;123;143m██[38;2;233;234;240m██████[38;2;121;123;143m██[38;2;153;126;103m██[38;2;183;184;196m██[38;2;233;234;240m██[38;2;183;184;196m██[38;2;59;38;35m██                      [38;2;121;123;143m██[38;2;183;184;196m██[38;2;153;126;103m██████████[38;2;183;184;196m████[38;2;233;234;240m████[38;2;183;184;196m██[38;2;153;126;103m██[38;2;117;89;73m██████████[38;2;7;7;7m██████████████[38;2;117;89;73m████[38;2;7;7;7m██[38;2;42;65;71m████[38;2;82;151;154m██[38;2;107;198;197m██[38;2;82;151;154m██[38;2;42;65;71m██[38;2;7;7;7m████[38;2;117;89;73m████████[38;2;7;7;7m██[38;2;106;123;135m██[38;2;107;198;197m██[38;2;42;65;71m██[38;2;106;123;135m██[38;2;7;7;7m██[38;2;117;89;73m████[38;2;7;7;7m██                        
[38;2;121;123;143m██[38;2;233;234;240m██[38;2;183;184;196m████[38;2;121;123;143m██[38;2;153;126;103m██[38;2;183;184;196m██[38;2;233;234;240m██[38;2;183;184;196m██[38;2;153;126;103m██[38;2;59;38;35m██                    [38;2;121;123;143m██[38;2;153;126;103m████████[38;2;183;184;196m████[38;2;233;234;240m██████[38;2;183;184;196m██[38;2;153;126;103m████[38;2;117;89;73m██[38;2;92;59;50m██[38;2;117;89;73m██[38;2;7;7;7m████[38;2;92;59;50m██████[38;2;59;38;35m██      [38;2;7;7;7m████[38;2;117;89;73m██[38;2;7;7;7m████[38;2;42;65;71m██[38;2;107;198;197m██[38;2;82;151;154m██[38;2;42;65;71m██████[38;2;7;7;7m██[38;2;117;89;73m██████[38;2;7;7;7m██[38;2;106;123;135m██[38;2;107;198;197m██[38;2;42;65;71m██[38;2;7;7;7m██[38;2;117;89;73m████[38;2;7;7;7m██                          
  [38;2;121;123;143m██[38;2;183;184;196m████[38;2;121;123;143m██[38;2;153;126;103m████[38;2;183;184;196m██[38;2;153;126;103m████[38;2;59;38;35m██                  ██[38;2;153;126;103m████████[38;2;59;38;35m██[38;2;233;234;240m████[38;2;183;184;196m████[38;2;233;234;240m██[38;2;183;184;196m██[38;2;153;126;103m██████[38;2;92;59;50m██[38;2;59;38;35m██[38;2;92;59;50m██████████[38;2;59;38;35m██          ██[38;2;153;126;103m████[38;2;7;7;7m██[38;2;107;198;197m██[38;2;42;65;71m████████[38;2;7;7;7m██[38;2;117;89;73m████████[38;2;7;7;7m██[38;2;106;123;135m██[38;2;42;65;71m██[38;2;7;7;7m██[38;2;117;89;73m████[38;2;7;7;7m██                          
    ██[38;2;183;184;196m██[38;2;121;123;143m██[38;2;153;126;103m████████████[38;2;59;38;35m████          ████[38;2;153;126;103m██[38;2;183;184;196m██[38;2;153;126;103m██████[38;2;59;38;35m██[38;2;233;234;240m██[38;2;183;184;196m██[38;2;153;126;103m████[38;2;183;184;196m██[38;2;153;126;103m████████[38;2;59;38;35m██[38;2;92;59;50m████████████[38;2;59;38;35m██          ██[38;2;153;126;103m████[38;2;7;7;7m██[38;2;42;65;71m████[38;2;7;7;7m██████[38;2;117;89;73m██████████[38;2;7;7;7m██[38;2;106;123;135m██[38;2;42;65;71m██[38;2;7;7;7m██[38;2;117;89;73m██[38;2;59;38;35m██[38;2;7;7;7m██                          
      ██[38;2;117;89;73m████[38;2;153;126;103m██████████████[38;2;59;38;35m██████████[38;2;153;126;103m████[38;2;183;184;196m██[38;2;233;234;240m██[38;2;121;123;143m██[38;2;153;126;103m████[38;2;59;38;35m██[38;2;233;234;240m██[38;2;183;184;196m██[38;2;153;126;103m██████████████[38;2;59;38;35m██[38;2;92;59;50m██████████[38;2;59;38;35m██          [38;2;121;123;143m██[38;2;183;184;196m██[38;2;153;126;103m████[38;2;7;7;7m██[38;2;42;65;71m██[38;2;7;7;7m██[38;2;117;89;73m████████████████[38;2;7;7;7m██[38;2;106;123;135m██[38;2;42;65;71m██[38;2;106;123;135m██[38;2;7;7;7m██[38;2;92;59;50m██[38;2;7;7;7m██                          
      ██[38;2;117;89;73m████[38;2;153;126;103m████████████[38;2;183;184;196m████[38;2;153;126;103m██████████[38;2;183;184;196m██[38;2;233;234;240m████[38;2;121;123;143m██[38;2;153;126;103m██[38;2;117;89;73m██[38;2;59;38;35m██[38;2;233;234;240m██[38;2;183;184;196m████[38;2;153;126;103m████████████[38;2;59;38;35m██[38;2;92;59;50m██████████[38;2;59;38;35m██        [38;2;121;123;143m██[38;2;233;234;240m██[38;2;183;184;196m██[38;2;153;126;103m██[38;2;121;123;143m██[38;2;42;65;71m████[38;2;7;7;7m██[38;2;117;89;73m████[38;2;59;38;35m██[38;2;117;89;73m████████[38;2;7;7;7m██[38;2;106;123;135m██[38;2;42;65;71m████[38;2;106;123;135m██[38;2;7;7;7m██[38;2;92;59;50m████[38;2;7;7;7m██                        
        ██[38;2;117;89;73m████[38;2;153;126;103m████████[38;2;183;184;196m██[38;2;233;234;240m████[38;2;183;184;196m██[38;2;153;126;103m██████████[38;2;121;123;143m████[38;2;153;126;103m██[38;2;117;89;73m██[38;2;59;38;35m██[38;2;153;126;103m██[38;2;183;184;196m██[38;2;233;234;240m████[38;2;183;184;196m██[38;2;153;126;103m████████[38;2;59;38;35m██[38;2;92;59;50m██████████[38;2;59;38;35m██        [38;2;121;123;143m██[38;2;233;234;240m████[38;2;183;184;196m██[38;2;121;123;143m██[38;2;183;184;196m██[38;2;42;65;71m████[38;2;7;7;7m██[38;2;117;89;73m██[38;2;59;38;35m██[38;2;117;89;73m██████████[38;2;7;7;7m██[38;2;106;123;135m██[38;2;42;65;71m██[38;2;107;198;197m██[38;2;42;65;71m██[38;2;106;123;135m██[38;2;7;7;7m██[38;2;92;59;50m██[38;2;7;7;7m██                        
          ██[38;2;117;89;73m████[38;2;153;126;103m████████[38;2;183;184;196m████[38;2;153;126;103m██████████████[38;2;117;89;73m██████[38;2;59;38;35m██[38;2;153;126;103m██[38;2;183;184;196m██[38;2;233;234;240m██[38;2;183;184;196m██[38;2;153;126;103m██████████[38;2;59;38;35m██[38;2;92;59;50m██████[38;2;59;38;35m████          [38;2;121;123;143m██[38;2;233;234;240m████[38;2;121;123;143m██[38;2;233;234;240m██[38;2;183;184;196m██[38;2;121;123;143m██[38;2;42;65;71m████[38;2;7;7;7m██[38;2;59;38;35m██[38;2;7;7;7m████[38;2;117;89;73m████[38;2;7;7;7m██[38;2;106;123;135m██[38;2;42;65;71m██[38;2;82;151;154m██[38;2;107;198;197m████[38;2;42;65;71m██[38;2;7;7;7m██[38;2;92;59;50m██[38;2;7;7;7m██                        
            ██[38;2;121;123;143m████[38;2;117;89;73m██[38;2;153;126;103m████████████████[38;2;117;89;73m██████████[38;2;7;7;7m██[38;2;153;126;103m██[38;2;183;184;196m██[38;2;233;234;240m██[38;2;183;184;196m██[38;2;153;126;103m██████████[38;2;59;38;35m██[38;2;92;59;50m██████[38;2;59;38;35m██              [38;2;121;123;143m██[38;2;233;234;240m██[38;2;183;184;196m██[38;2;121;123;143m██[38;2;233;234;240m██[38;2;121;123;143m████████[38;2;183;184;196m██[38;2;7;7;7m██    ██████[38;2;106;123;135m██[38;2;42;65;71m██[38;2;107;198;197m████[38;2;82;151;154m██[38;2;42;65;71m██[38;2;7;7;7m██[38;2;92;59;50m████[38;2;7;7;7m██                      
            ██[38;2;233;234;240m████[38;2;121;123;143m████[38;2;117;89;73m████████████████████[38;2;121;123;143m██[38;2;7;7;7m██[38;2;153;126;103m████[38;2;183;184;196m████[38;2;153;126;103m██████████[38;2;7;7;7m██[38;2;92;59;50m████████[38;2;59;38;35m██              [38;2;121;123;143m██[38;2;183;184;196m██[38;2;153;126;103m██[38;2;121;123;143m██[38;2;233;234;240m██[38;2;183;184;196m██[38;2;121;123;143m████████[38;2;233;234;240m██[38;2;7;7;7m██        ██[38;2;42;65;71m████[38;2;107;198;197m██[38;2;42;65;71m██[38;2;121;123;143m██[38;2;7;7;7m██[38;2;92;59;50m████[38;2;7;7;7m██                      
              ██[38;2;233;234;240m██████[38;2;121;123;143m████[38;2;117;89;73m████████████[38;2;121;123;143m████[38;2;183;184;196m██[38;2;7;7;7m██[38;2;153;126;103m██████████████[38;2;7;7;7m████[38;2;92;59;50m████████████[38;2;59;38;35m██            [38;2;121;123;143m██[38;2;153;126;103m██████[38;2;121;123;143m██[38;2;233;234;240m██[38;2;121;123;143m██████[38;2;183;184;196m██[38;2;233;234;240m██[38;2;7;7;7m██        ██[38;2;121;123;143m██[38;2;42;65;71m████[38;2;121;123;143m████[38;2;233;234;240m██[38;2;7;7;7m██[38;2;92;59;50m██[38;2;7;7;7m██                      
              ██[38;2;183;184;196m██████████[38;2;7;7;7m████████████[38;2;183;184;196m██████[38;2;7;7;7m██[38;2;153;126;103m████████[38;2;117;89;73m████[38;2;7;7;7m██    ██[38;2;92;59;50m████████████[38;2;59;38;35m██          [38;2;121;123;143m██[38;2;153;126;103m██████[38;2;121;123;143m██[38;2;233;234;240m██[38;2;183;184;196m██[38;2;121;123;143m████[38;2;233;234;240m██[38;2;7;7;7m██        [38;2;121;123;143m██[38;2;233;234;240m██[38;2;121;123;143m████████[38;2;183;184;196m██[38;2;233;234;240m██[38;2;7;7;7m██[38;2;92;59;50m████[38;2;7;7;7m██                    
                ██████████            [38;2;121;123;143m██████[38;2;7;7;7m██[38;2;153;126;103m██████████[38;2;7;7;7m██        ██[38;2;92;59;50m████████████[38;2;59;38;35m██████  [38;2;121;123;143m██[38;2;233;234;240m██[38;2;183;184;196m██[38;2;153;126;103m██████[38;2;121;123;143m██[38;2;233;234;240m██[38;2;121;123;143m██[38;2;183;184;196m██[38;2;233;234;240m██[38;2;7;7;7m██        [38;2;121;123;143m██[38;2;233;234;240m██[38;2;183;184;196m██[38;2;121;123;143m██████[38;2;233;234;240m██[38;2;7;7;7m██[38;2;92;59;50m██████[38;2;7;7;7m██                    
                                            ██[38;2;153;126;103m██████████[38;2;7;7;7m██          ██[38;2;92;59;50m████████████████[38;2;59;38;35m██[38;2;121;123;143m██[38;2;233;234;240m████[38;2;121;123;143m██[38;2;153;126;103m████[38;2;121;123;143m██[38;2;233;234;240m██[38;2;183;184;196m██[38;2;233;234;240m██[38;2;7;7;7m██            [38;2;121;123;143m██[38;2;233;234;240m██[38;2;121;123;143m████[38;2;183;184;196m██[38;2;233;234;240m██[38;2;7;7;7m██[38;2;92;59;50m████████[38;2;7;7;7m██                  
                                          ██[38;2;153;126;103m████████████[38;2;7;7;7m██            ██[38;2;92;59;50m████████████████[38;2;121;123;143m██[38;2;233;234;240m████[38;2;121;123;143m██[38;2;153;126;103m████[38;2;7;7;7m██[38;2;233;234;240m██████[38;2;7;7;7m██            [38;2;121;123;143m██[38;2;233;234;240m██[38;2;183;184;196m██[38;2;121;123;143m██[38;2;233;234;240m██[38;2;7;7;7m██[38;2;92;59;50m████████████[38;2;7;7;7m████              
                                          ██[38;2;153;126;103m██[38;2;183;184;196m██[38;2;153;126;103m████[38;2;183;184;196m██[38;2;153;126;103m██[38;2;183;184;196m██[38;2;7;7;7m██            ██[38;2;92;59;50m████████[38;2;121;123;143m████[38;2;92;59;50m██[38;2;121;123;143m██[38;2;183;184;196m██[38;2;233;234;240m██[38;2;121;123;143m██[38;2;153;126;103m██████[38;2;121;123;143m██[38;2;233;234;240m██[38;2;7;7;7m██                [38;2;121;123;143m██[38;2;233;234;240m██[38;2;183;184;196m██[38;2;233;234;240m██[38;2;7;7;7m██[38;2;92;59;50m████████████████[38;2;7;7;7m████          
                                        ██[38;2;153;126;103m██[38;2;183;184;196m██[38;2;233;234;240m██[38;2;153;126;103m████[38;2;183;184;196m██[38;2;153;126;103m██[38;2;183;184;196m██[38;2;233;234;240m██[38;2;7;7;7m██          ██[38;2;92;59;50m██████████[38;2;121;123;143m████[38;2;92;59;50m██[38;2;121;123;143m██[38;2;183;184;196m██[38;2;121;123;143m██[38;2;153;126;103m██████[38;2;7;7;7m██[38;2;233;234;240m██[38;2;7;7;7m██                ██[38;2;233;234;240m██████[38;2;7;7;7m██[38;2;92;59;50m████████████████████[38;2;7;7;7m██        
                                        ██[38;2;183;184;196m██[38;2;233;234;240m██[38;2;183;184;196m██[38;2;153;126;103m██[38;2;183;184;196m██[38;2;233;234;240m██[38;2;183;184;196m██[38;2;153;126;103m██[38;2;183;184;196m██[38;2;233;234;240m██[38;2;7;7;7m██          ████[38;2;92;59;50m██████[38;2;121;123;143m████[38;2;7;7;7m██  [38;2;121;123;143m██[38;2;153;126;103m██████████[38;2;7;7;7m██                    [38;2;121;123;143m██[38;2;233;234;240m██[38;2;7;7;7m██  ██[38;2;92;59;50m██████████████[38;2;121;123;143m████[38;2;92;59;50m██[38;2;7;7;7m██      
                                        ██[38;2;183;184;196m██[38;2;233;234;240m██[38;2;183;184;196m██[38;2;153;126;103m██[38;2;183;184;196m██[38;2;233;234;240m██[38;2;183;184;196m██[38;2;153;126;103m██[38;2;183;184;196m██[38;2;233;234;240m██[38;2;7;7;7m██              ██████████    [38;2;59;38;35m██[38;2;153;126;103m████████████[38;2;59;38;35m██                  [38;2;7;7;7m██[38;2;233;234;240m██[38;2;7;7;7m██  ██[38;2;92;59;50m██████████[38;2;121;123;143m██[38;2;92;59;50m████[38;2;121;123;143m████[38;2;7;7;7m██      
                                          ██[38;2;233;234;240m██[38;2;183;184;196m██[38;2;153;126;103m██[38;2;183;184;196m██[38;2;233;234;240m██[38;2;183;184;196m██[38;2;153;126;103m██[38;2;183;184;196m██[38;2;233;234;240m██[38;2;7;7;7m██                            [38;2;59;38;35m██[38;2;153;126;103m████████████[38;2;59;38;35m██                    [38;2;7;7;7m██    ██[38;2;92;59;50m██████████[38;2;121;123;143m████[38;2;92;59;50m██[38;2;121;123;143m████[38;2;7;7;7m██      
                                            ████[38;2;117;89;73m██[38;2;183;184;196m██[38;2;233;234;240m██[38;2;183;184;196m██[38;2;117;89;73m██[38;2;7;7;7m████                              [38;2;59;38;35m██[38;2;153;126;103m██████████████[38;2;59;38;35m██                          [38;2;7;7;7m████[38;2;92;59;50m██████[38;2;121;123;143m████[38;2;92;59;50m██[38;2;7;7;7m████        
                                                ██████████                                  [38;2;59;38;35m██[38;2;153;126;103m████[38;2;183;184;196m██[38;2;153;126;103m████[38;2;183;184;196m██[38;2;153;126;103m██[38;2;183;184;196m██[38;2;59;38;35m██                            [38;2;7;7;7m████████████            
                                                                                          ██[38;2;153;126;103m████[38;2;183;184;196m██[38;2;233;234;240m██[38;2;153;126;103m████[38;2;183;184;196m██[38;2;153;126;103m██[38;2;183;184;196m██[38;2;233;234;240m██[38;2;59;38;35m██                                                  
                                                                                          [38;2;7;7;7m██[38;2;153;126;103m██[38;2;183;184;196m██[38;2;233;234;240m██[38;2;183;184;196m██[38;2;153;126;103m██[38;2;183;184;196m██[38;2;233;234;240m██[38;2;183;184;196m██[38;2;153;126;103m██[38;2;183;184;196m██[38;2;233;234;240m██[38;2;7;7;7m██                                                
                                                                                          ██[38;2;117;89;73m██[38;2;183;184;196m██[38;2;233;234;240m██[38;2;183;184;196m██[38;2;153;126;103m██[38;2;183;184;196m██[38;2;233;234;240m██[38;2;183;184;196m██[38;2;153;126;103m██[38;2;183;184;196m██[38;2;233;234;240m██[38;2;7;7;7m██                                                
                                                                                            ██[38;2;183;184;196m██[38;2;233;234;240m██[38;2;183;184;196m██[38;2;153;126;103m██[38;2;183;184;196m██[38;2;233;234;240m██[38;2;183;184;196m██[38;2;117;89;73m██[38;2;183;184;196m██[38;2;7;7;7m██                                                  
                                                                                              ████[38;2;183;184;196m██[38;2;117;89;73m██[38;2;183;184;196m██[38;2;233;234;240m██[38;2;183;184;196m██[38;2;7;7;7m████                                                    
                                                                                                  ██████████                                                        
[0m