                                                                                                                      [38;2;116;134;147m██                                                                        
                                                                                                                    ██[38;2;164;179;190m██                                                                        
                                                                                                                [38;2;116;134;147m██[38;2;164;179;190m██[38;2;116;134;147m██                                                                          
                                                                                                              ██[38;2;164;179;190m██[38;2;116;134;147m██                                                                            
                                                                                                            ██[38;2;164;179;190m██[38;2;73;53;87m██                                                                              
                                                                                                          [38;2;116;134;147m██[38;2;164;179;190m████                                                                                
                                                                                                          [38;2;116;134;147m██[38;2;164;179;190m██[38;2;73;53;87m██                                                                                
                                                                                                          [38;2;116;134;147m██[38;2;164;179;190m██[38;2;116;134;147m██                                                                                
                                                                                                        ██[38;2;164;179;190m████[38;2;116;134;147m██                                                                                
                                                                                                        [38;2;164;179;190m████[38;2;73;53;87m██                                                                                  
                                                                                                [38;2;116;134;147m████[38;2;223;241;254m██[38;2;164;179;190m████[38;2;73;53;87m██                                                                                    
                                                                                                [38;2;223;241;254m████████[38;2;73;53;87m██                                                                                      
                                                                                              [38;2;116;134;147m██[38;2;223;241;254m██████[38;2;73;53;87m██                                                                                        
                                                                                              [38;2;116;134;147m██[38;2;223;241;254m████[38;2;73;53;87m██                                                                                          
                                                                                                [38;2;223;241;254m████[38;2;116;134;147m██                                                                                          
                                                                                                [38;2;223;241;254m██████[38;2;116;134;147m██                                                                                        
                                                                                                ██[38;2;223;241;254m████[38;2;164;179;190m██                                                                                        
                                                                                  [38;2;16;16;16m██            [38;2;116;134;147m██[38;2;223;241;254m████[38;2;164;179;190m██                                                                                        
                                                                                [38;2;16;16;16m██[38;2;73;53;87m██[38;2;16;16;16m██    [38;2;116;134;147m██[38;2;223;241;254m████████[38;2;164;179;190m██[38;2;116;134;147m██                                                                                        
                                                                                [38;2;16;16;16m██[38;2;73;53;87m████[38;2;16;16;16m██[38;2;116;134;147m██[38;2;223;241;254m██████████[38;2;73;53;87m██        [38;2;16;16;16m██                                                                                
                                                                                  ██[38;2;73;53;87m████[38;2;116;134;147m██[38;2;223;241;254m████████[38;2;73;53;87m██        [38;2;16;16;16m██[38;2;73;53;87m██                                                                                
                                                                                    [38;2;16;16;16m██[38;2;73;53;87m██[38;2;223;241;254m████████        [38;2;16;16;16m██[38;2;73;53;87m████[38;2;16;16;16m██                                                                                
                                                                                    ██[38;2;45;25;59m██[38;2;223;241;254m████████      [38;2;16;16;16m██[38;2;73;53;87m████[38;2;16;16;16m██                                                                                  
                                                                                  ██[38;2;45;25;59m██[38;2;16;16;16m██[38;2;223;241;254m████████      [38;2;16;16;16m██[38;2;73;53;87m██[38;2;16;16;16m██                                                                                    
                                                                                ██[38;2;45;25;59m████[38;2;16;16;16m██[38;2;223;241;254m████████[38;2;73;53;87m██    [38;2;16;16;16m████                                                                                      
                                                                  ██[38;2;73;53;87m████[38;2;16;16;16m██        ██████[38;2;116;134;147m██[38;2;223;241;254m████████[38;2;73;53;87m██    [38;2;45;25;59m████[38;2;16;16;16m██        ██[38;2;45;25;59m██[38;2;16;16;16m██████                                                                
                                                                  [38;2;73;53;87m██[38;2;16;16;16m██[38;2;73;53;87m██[38;2;16;16;16m██              [38;2;116;134;147m██[38;2;223;241;254m████████[38;2;116;134;147m██    [38;2;45;25;59m████[38;2;16;16;16m██        ██████[38;2;45;25;59m████[38;2;16;16;16m██                                                              
                                                                  ██  ████              [38;2;116;134;147m██[38;2;223;241;254m██████████[38;2;73;53;87m██[38;2;16;16;16m██[38;2;45;25;59m██[38;2;16;16;16m██        ██[38;2;45;25;59m██[38;2;16;16;16m██  ██[38;2;45;25;59m██[38;2;16;16;16m██                                                              
                                                                ████  ████              [38;2;223;241;254m██████████████[38;2;73;53;87m██[38;2;45;25;59m██[38;2;16;16;16m██      ██[38;2;45;25;59m████[38;2;16;16;16m██    ██                                                                
                                                              ████    ██[38;2;45;25;59m████[38;2;16;16;16m████      ██[38;2;116;134;147m██[38;2;223;241;254m██████████████[38;2;16;16;16m████[38;2;45;25;59m██[38;2;16;16;16m██████[38;2;45;25;59m████                                                                        
                                                                      [38;2;16;16;16m██[38;2;45;25;59m████████[38;2;16;16;16m████  ██[38;2;255;94;255m██[38;2;116;134;147m██[38;2;223;241;254m████[38;2;116;134;147m██[38;2;223;241;254m██████[38;2;16;16;16m██[38;2;54;50;56m██[38;2;16;16;16m██[38;2;145;117;140m██[38;2;16;16;16m██[38;2;45;25;59m██[38;2;16;16;16m██████                                                                      
                                                                        ████[38;2;45;25;59m████████[38;2;16;16;16m████[38;2;83;131;255m██[38;2;255;243;255m██[38;2;16;16;16m██[38;2;223;241;254m██[38;2;73;53;87m██[38;2;223;241;254m████[38;2;116;134;147m██[38;2;16;16;16m██[38;2;145;117;140m████[38;2;16;16;16m██[38;2;45;25;59m████[38;2;173;146;150m██[38;2;45;25;59m██[38;2;16;16;16m██                                                                      
                                                                            ██[38;2;45;25;59m██[38;2;16;16;16m████[38;2;145;117;140m██[38;2;16;16;16m██[38;2;255;94;255m██[38;2;255;243;255m██[38;2;16;16;16m██[38;2;223;241;254m██[38;2;16;16;16m██[38;2;223;241;254m████[38;2;16;16;16m████[38;2;145;117;140m██████[38;2;45;25;59m██[38;2;173;146;150m██[38;2;45;25;59m██[38;2;173;146;150m██[38;2;45;25;59m██[38;2;16;16;16m██                                                                    
                                                        ██[38;2;45;25;59m████[38;2;16;16;16m██            ██[38;2;45;25;59m██[38;2;16;16;16m██[38;2;225;196;203m██[38;2;145;117;140m██[38;2;16;16;16m████[38;2;45;25;59m██[38;2;73;53;87m████[38;2;16;16;16m████[38;2;45;25;59m██[38;2;16;16;16m████[38;2;225;196;203m████[38;2;54;50;56m██[38;2;145;117;140m██████[38;2;16;16;16m██[38;2;45;25;59m██████                                                                  
                                                      [38;2;16;16;16m██[38;2;45;25;59m████[38;2;73;53;87m██[38;2;16;16;16m██          ██[38;2;45;25;59m████[38;2;225;196;203m████[38;2;54;50;56m██[38;2;16;16;16m██[38;2;116;134;147m██[38;2;16;16;16m██[38;2;45;25;59m██[38;2;73;53;87m██[38;2;45;25;59m████[38;2;16;16;16m████[38;2;164;179;190m██[38;2;16;16;16m██[38;2;225;196;203m████[38;2;145;117;140m████████[38;2;16;16;16m████[38;2;45;25;59m██[38;2;16;16;16m██                ██████                                          
                                                      ██[38;2;45;25;59m██[38;2;16;16;16m██[38;2;73;53;87m████[38;2;16;16;16m██████  ██[38;2;45;25;59m████[38;2;173;146;150m██[38;2;225;196;203m██[38;2;54;50;56m██[38;2;225;196;203m██[38;2;145;117;140m██[38;2;164;179;190m██[38;2;16;16;16m██████[38;2;45;25;59m██[38;2;16;16;16m██[38;2;45;25;59m██[38;2;16;16;16m██[38;2;164;179;190m████[38;2;16;16;16m██[38;2;145;117;140m██████████████[38;2;16;16;16m████              ██[38;2;73;53;87m████[38;2;45;25;59m██                                          
                                                    [38;2;16;16;16m██[38;2;45;25;59m██[38;2;16;16;16m████[38;2;73;53;87m████████[38;2;45;25;59m██[38;2;16;16;16m██[38;2;45;25;59m██[38;2;173;146;150m████[38;2;16;16;16m██[38;2;225;196;203m████████[38;2;164;179;190m████[38;2;16;16;16m██[38;2;45;25;59m██[38;2;16;16;16m██[38;2;45;25;59m██████[38;2;164;179;190m████[38;2;16;16;16m██[38;2;54;50;56m██[38;2;145;117;140m██████████████[38;2;45;25;59m██[38;2;16;16;16m██████      ██[38;2;73;53;87m████████[38;2;16;16;16m████                                      
████                                              ██[38;2;73;53;87m██[38;2;16;16;16m██      ████[38;2;45;25;59m████[38;2;16;16;16m██[38;2;45;25;59m██[38;2;16;16;16m██[38;2;225;196;203m██[38;2;145;117;140m██[38;2;225;196;203m████[38;2;54;50;56m██[38;2;225;196;203m██[38;2;16;16;16m██[38;2;164;179;190m████[38;2;16;16;16m████[38;2;45;25;59m████[38;2;16;16;16m██[38;2;164;179;190m██[38;2;16;16;16m██[38;2;145;117;140m██[38;2;225;196;203m██[38;2;145;117;140m██[38;2;16;16;16m██[38;2;45;25;59m████████████[38;2;16;16;16m██[38;2;45;25;59m████████[38;2;73;53;87m██████████[38;2;45;25;59m████████[38;2;16;16;16m██                                  
██[38;2;73;53;87m██[38;2;16;16;16m████                                            ██[38;2;73;53;87m██[38;2;16;16;16m██        ██[38;2;45;25;59m██[38;2;16;16;16m████[38;2;225;196;203m██████████[38;2;145;117;140m██[38;2;225;196;203m██[38;2;54;50;56m████[38;2;164;179;190m████[38;2;225;196;203m██[38;2;16;16;16m██[38;2;45;25;59m██[38;2;16;16;16m██[38;2;164;179;190m██[38;2;54;50;56m██[38;2;16;16;16m██[38;2;225;196;203m██[38;2;145;117;140m██[38;2;16;16;16m██[38;2;173;146;150m████[38;2;45;25;59m████████[38;2;16;16;16m██[38;2;45;25;59m████████[38;2;73;53;87m██████████[38;2;45;25;59m████████[38;2;16;16;16m██                                  
  ██[38;2;73;53;87m████[38;2;16;16;16m████                                          ████          ██[38;2;45;25;59m██[38;2;225;196;203m██████████████████[38;2;54;50;56m██[38;2;223;241;254m██[38;2;164;179;190m██[38;2;225;196;203m████[38;2;16;16;16m██[38;2;45;25;59m██[38;2;164;179;190m████[38;2;54;50;56m██[38;2;145;117;140m██[38;2;16;16;16m██[38;2;45;25;59m████[38;2;237;206;210m██[38;2;45;25;59m████████[38;2;16;16;16m██[38;2;45;25;59m██████████[38;2;73;53;87m██████[38;2;45;25;59m██████████[38;2;16;16;16m██      ████                        
    ██[38;2;73;53;87m██████[38;2;16;16;16m██                                                      ████[38;2;225;196;203m████████[38;2;145;117;140m██[38;2;225;196;203m████[38;2;145;117;140m██[38;2;54;50;56m██[38;2;223;241;254m████[38;2;54;50;56m██[38;2;225;196;203m██████[38;2;16;16;16m████[38;2;54;50;56m██[38;2;164;179;190m██[38;2;54;50;56m██[38;2;16;16;16m██[38;2;45;25;59m████████████████████████████[38;2;73;53;87m██[38;2;45;25;59m██████████████  [38;2;16;16;16m████[38;2;73;53;87m██[38;2;45;25;59m██[38;2;16;16;16m██                      
          ██[38;2;73;53;87m████[38;2;16;16;16m██                                ████████      ██[38;2;45;25;59m██[38;2;16;16;16m██[38;2;145;117;140m██[38;2;16;16;16m████[38;2;73;53;87m██████[38;2;16;16;16m██[38;2;225;196;203m██████[38;2;54;50;56m██[38;2;223;241;254m██[38;2;54;50;56m██[38;2;225;196;203m████[38;2;145;117;140m████[38;2;54;50;56m██[38;2;145;117;140m██████[38;2;16;16;16m██[38;2;45;25;59m████████[38;2;237;206;210m██[38;2;173;146;150m██[38;2;45;25;59m██[38;2;16;16;16m██[38;2;45;25;59m████████████████[38;2;16;16;16m██  ██[38;2;45;25;59m██████████[38;2;73;53;87m████[38;2;45;25;59m████[38;2;16;16;16m██                    
            [38;2;45;25;59m████[38;2;16;16;16m██                              ██[38;2;73;53;87m██████[38;2;45;25;59m██[38;2;16;16;16m██  ██[38;2;45;25;59m████[38;2;16;16;16m████[38;2;45;25;59m██[38;2;73;53;87m████[38;2;237;206;210m██[38;2;73;53;87m████[38;2;16;16;16m██[38;2;145;117;140m██[38;2;225;196;203m██[38;2;54;50;56m██[38;2;223;241;254m██[38;2;54;50;56m██[38;2;225;196;203m██[38;2;145;117;140m██████████[38;2;16;16;16m██[38;2;145;117;140m████[38;2;16;16;16m██[38;2;45;25;59m████████████[38;2;16;16;16m██[38;2;45;25;59m████████[38;2;16;16;16m████████      ██[38;2;45;25;59m████████████████[38;2;16;16;16m██                    
            [38;2;45;25;59m██████[38;2;16;16;16m██          ████          ████[38;2;73;53;87m██████████[38;2;45;25;59m██[38;2;16;16;16m██[38;2;45;25;59m████████████[38;2;73;53;87m████[38;2;173;146;150m██[38;2;73;53;87m████[38;2;16;16;16m██[38;2;145;117;140m██████[38;2;54;50;56m██[38;2;73;53;87m██[38;2;145;117;140m██████████[38;2;16;16;16m██[38;2;45;25;59m██[38;2;16;16;16m██[38;2;145;117;140m██[38;2;16;16;16m██[38;2;45;25;59m████████████[38;2;16;16;16m██[38;2;45;25;59m████[38;2;16;16;16m████              ██[38;2;45;25;59m████████████[38;2;16;16;16m██[38;2;45;25;59m██[38;2;16;16;16m██                    
            ██[38;2;45;25;59m██████      [38;2;16;16;16m████[38;2;73;53;87m████[38;2;16;16;16m██      ██[38;2;73;53;87m██████████████[38;2;45;25;59m████████████████[38;2;73;53;87m██[38;2;237;206;210m██[38;2;73;53;87m████[38;2;16;16;16m██[38;2;145;117;140m████[38;2;16;16;16m████[38;2;145;117;140m████████████[38;2;16;16;16m██[38;2;45;25;59m██████[38;2;145;117;140m██[38;2;16;16;16m██[38;2;45;25;59m████████████[38;2;16;16;16m██[38;2;45;25;59m████                    [38;2;16;16;16m██[38;2;45;25;59m██████[38;2;16;16;16m████[38;2;45;25;59m██████                    
              [38;2;16;16;16m██[38;2;45;25;59m██████[38;2;73;53;87m████████████[38;2;45;25;59m██[38;2;16;16;16m██    [38;2;73;53;87m████████████████[38;2;45;25;59m██████████[38;2;16;16;16m██[38;2;45;25;59m██████[38;2;73;53;87m██[38;2;237;206;210m██[38;2;73;53;87m██[38;2;16;16;16m██[38;2;145;117;140m██[38;2;16;16;16m██[38;2;73;53;87m██████████[38;2;45;25;59m████████[38;2;237;206;210m██[38;2;45;25;59m██████████████████[38;2;16;16;16m██                                      [38;2;45;25;59m██████[38;2;16;16;16m██[38;2;73;53;87m██████[38;2;16;16;16m██          
                ██[38;2;45;25;59m██[38;2;73;53;87m████████████[38;2;45;25;59m██████[38;2;16;16;16m████[38;2;73;53;87m████████[38;2;45;25;59m██[38;2;73;53;87m████[38;2;45;25;59m██████████████[38;2;16;16;16m██[38;2;45;25;59m██[38;2;173;146;150m██[38;2;237;206;210m██[38;2;73;53;87m████[38;2;16;16;16m████[38;2;73;53;87m██████[38;2;237;206;210m██[38;2;73;53;87m██████████[38;2;45;25;59m██[38;2;237;206;210m████[38;2;173;146;150m██[38;2;45;25;59m██████████████                                        [38;2;16;16;16m██[38;2;45;25;59m████[38;2;73;53;87m████████[38;2;45;25;59m██[38;2;16;16;16m██        
                  ██[38;2;45;25;59m██[38;2;73;53;87m████[38;2;16;16;16m██████[38;2;45;25;59m████████[38;2;73;53;87m████████[38;2;45;25;59m██████████████████████[38;2;16;16;16m██[38;2;173;146;150m██[38;2;237;206;210m██[38;2;45;25;59m██[38;2;73;53;87m████████████████[38;2;237;206;210m██[38;2;73;53;87m██████[38;2;45;25;59m████████[38;2;237;206;210m████[38;2;45;25;59m████████████                                        [38;2;16;16;16m██[38;2;45;25;59m██████[38;2;73;53;87m██[38;2;45;25;59m████████[38;2;16;16;16m██      
                    ██████      ██[38;2;45;25;59m████[38;2;73;53;87m████████[38;2;45;25;59m████[38;2;16;16;16m██████[38;2;45;25;59m████[38;2;16;16;16m██████[38;2;45;25;59m████████████████[38;2;73;53;87m██[38;2;45;25;59m██[38;2;73;53;87m████[38;2;173;146;150m██[38;2;237;206;210m██[38;2;73;53;87m██████[38;2;45;25;59m██████████████[38;2;237;206;210m██[38;2;45;25;59m████████[38;2;16;16;16m██                                          ██[38;2;45;25;59m██[38;2;16;16;16m████████[38;2;45;25;59m████[38;2;16;16;16m██      
                                  ██[38;2;73;53;87m████████[38;2;45;25;59m██[38;2;16;16;16m██                      ████[38;2;45;25;59m██████████████████████████████████████[38;2;173;146;150m██[38;2;45;25;59m██████[38;2;16;16;16m██                                                            ██[38;2;45;25;59m████    
                                    [38;2;16;16;16m██[38;2;73;53;87m████[38;2;16;16;16m████                          [38;2;45;25;59m██[38;2;16;16;16m██[38;2;45;25;59m████████████[38;2;237;206;210m██[38;2;45;25;59m██████████████████████████████                                                                [38;2;16;16;16m██[38;2;45;25;59m██    
                                      [38;2;16;16;16m████              ████████████████[38;2;45;25;59m████[38;2;16;16;16m██[38;2;45;25;59m████████████[38;2;173;146;150m██[38;2;45;25;59m████████████[38;2;16;16;16m██[38;2;45;25;59m██████████[38;2;16;16;16m████                                                                  ████  
                                                      ██[38;2;73;53;87m████████[38;2;45;25;59m██████████████[38;2;16;16;16m██[38;2;45;25;59m██████████████████[38;2;16;16;16m████[38;2;73;53;87m██[38;2;45;25;59m████[38;2;16;16;16m██[38;2;45;25;59m██[38;2;16;16;16m████                                                                        [38;2;45;25;59m██[38;2;16;16;16m██
                                                            ██████[38;2;45;25;59m██████████████████[38;2;16;16;16m████[38;2;45;25;59m████████[38;2;16;16;16m██[38;2;73;53;87m████████[38;2;45;25;59m██[38;2;16;16;16m██                                                                                  
                                                                  ████[38;2;45;25;59m██████████████████[38;2;16;16;16m██████████[38;2;73;53;87m████████[38;2;16;16;16m██                                                                                    
                                                                      ██[38;2;45;25;59m██████████████████████████[38;2;16;16;16m██[38;2;73;53;87m██████[38;2;16;16;16m██                                                                                    
                                                                  ████[38;2;45;25;59m██████████████████████████████[38;2;16;16;16m██[38;2;73;53;87m██████[38;2;16;16;16m████                                                                                
                                                              ████[38;2;73;53;87m██[38;2;45;25;59m██[38;2;73;53;87m██[38;2;45;25;59m██████████████████████████████[38;2;16;16;16m██[38;2;73;53;87m██[38;2;45;25;59m████████[38;2;16;16;16m██                                                                            
                                                            ██[38;2;73;53;87m████████[38;2;45;25;59m██████████████████████████████████[38;2;16;16;16m██[38;2;45;25;59m██████████[38;2;16;16;16m██                                                                          
                                                          ██[38;2;73;53;87m████████████[38;2;45;25;59m██████████████████████████████████[38;2;16;16;16m██████[38;2;45;25;59m██████[38;2;16;16;16m██                                                                        
                                                        ██[38;2;73;53;87m████████████[38;2;45;25;59m████████████████████████████████████[38;2;16;16;16m██    ██[38;2;45;25;59m██████                                                                        
                                                  [38;2;16;16;16m████[38;2;73;53;87m████████[38;2;45;25;59m████[38;2;16;16;16m████[38;2;73;53;87m██████[38;2;45;25;59m██████████████████████████████[38;2;16;16;16m██    [38;2;73;53;87m██[38;2;45;25;59m██████                                                                        
                                                  [38;2;73;53;87m██████[38;2;16;16;16m████████████[38;2;73;53;87m████████████[38;2;45;25;59m████████████████████████[38;2;16;16;16m██      [38;2;73;53;87m████[38;2;16;16;16m████                                                                        
                                                  ██████  ██[38;2;225;196;203m██████[38;2;73;53;87m████████████████[38;2;45;25;59m██████████████████████[38;2;16;16;16m██      [38;2;73;53;87m██[38;2;16;16;16m██                                                                            
                                                      ████[38;2;225;196;203m████[38;2;16;16;16m██[38;2;73;53;87m██████████████████████████[38;2;45;25;59m██████████████[38;2;16;16;16m██    ████                                                                              
                                                    [38;2;90;67;86m██[38;2;225;196;203m██████[38;2;16;16;16m██[38;2;73;53;87m████████████[38;2;45;25;59m██[38;2;16;16;16m██[38;2;73;53;87m████████[38;2;45;25;59m██████████████████      [38;2;16;16;16m████                                                                              
                                                  [38;2;90;67;86m██[38;2;225;196;203m██████[38;2;16;16;16m██[38;2;73;53;87m██████████[38;2;45;25;59m██[38;2;16;16;16m████[38;2;73;53;87m████[38;2;45;25;59m██[38;2;16;16;16m██[38;2;45;25;59m████████████████████    [38;2;16;16;16m██[38;2;73;53;87m██[38;2;16;16;16m██                                                                              
                                              [38;2;90;67;86m████[38;2;225;196;203m████████[38;2;73;53;87m████████[38;2;16;16;16m████  ██[38;2;73;53;87m██████[38;2;16;16;16m████[38;2;45;25;59m██████████[38;2;16;16;16m██[38;2;45;25;59m████████  [38;2;16;16;16m██[38;2;73;53;87m████                                                                                
                                [38;2;90;67;86m██[38;2;145;117;140m██████████████[38;2;225;196;203m██████████[38;2;16;16;16m██            ████  ██[38;2;145;117;140m██[38;2;16;16;16m██[38;2;45;25;59m████████[38;2;16;16;16m██  ██[38;2;45;25;59m██████                                                                                        
                              [38;2;90;67;86m██[38;2;225;196;203m██[38;2;145;117;140m██████████████████[38;2;225;196;203m████[38;2;16;16;16m██                    ██[38;2;145;117;140m██[38;2;16;16;16m██[38;2;45;25;59m██████[38;2;16;16;16m██    ██[38;2;45;25;59m████[38;2;16;16;16m██                                                                                        
                            [38;2;145;117;140m██[38;2;225;196;203m██[38;2;145;117;140m████████████████████[38;2;16;16;16m████                    ██[38;2;145;117;140m████[38;2;16;16;16m██[38;2;45;25;59m██████[38;2;16;16;16m██    ██[38;2;45;25;59m████[38;2;16;16;16m██                                                                                        
                          [38;2;145;117;140m██[38;2;225;196;203m██████[38;2;145;117;140m██[38;2;16;16;16m██████[38;2;145;117;140m████████[38;2;16;16;16m██                [38;2;90;67;86m████    [38;2;16;16;16m██[38;2;145;117;140m████[38;2;16;16;16m██[38;2;45;25;59m████[38;2;16;16;16m██      ██[38;2;45;25;59m████[38;2;16;16;16m██                                                                                        
                          [38;2;225;196;203m██████[38;2;16;16;16m██                                [38;2;145;117;140m██████████████[38;2;16;16;16m██[38;2;45;25;59m██████        ████[38;2;16;16;16m██                                                                                          
                        [38;2;145;117;140m██[38;2;225;196;203m██████[38;2;16;16;16m██                              [38;2;90;67;86m██[38;2;145;117;140m██████████████[38;2;16;16;16m██[38;2;45;25;59m████[38;2;16;16;16m██        [38;2;45;25;59m████[38;2;16;16;16m██                                                                                          
                      [38;2;145;117;140m██[38;2;225;196;203m██████[38;2;16;16;16m██                                [38;2;90;67;86m██[38;2;145;117;140m██████[38;2;16;16;16m████[38;2;145;117;140m████[38;2;16;16;16m██[38;2;45;25;59m████[38;2;16;16;16m██        [38;2;45;25;59m██[38;2;16;16;16m██                                                                                            
                      [38;2;145;117;140m██[38;2;225;196;203m████[38;2;16;16;16m██                                [38;2;145;117;140m██[38;2;225;196;203m████[38;2;145;117;140m██[38;2;16;16;16m██    ██████[38;2;45;25;59m██[38;2;16;16;16m██          [38;2;45;25;59m██[38;2;16;16;16m██                                                                                            
                    [38;2;225;196;203m██████[38;2;16;16;16m██                                [38;2;145;117;140m██[38;2;225;196;203m████[38;2;16;16;16m██                                                                                                                            
                  [38;2;145;117;140m██[38;2;225;196;203m██████                                [38;2;145;117;140m██[38;2;225;196;203m██████[38;2;16;16;16m██                                                                                                                            
              [38;2;145;117;140m████[38;2;225;196;203m██████[38;2;16;16;16m██                              [38;2;145;117;140m██[38;2;225;196;203m████████                                                                                                                              
          [38;2;145;117;140m████[38;2;225;196;203m██████[38;2;145;117;140m██[38;2;90;67;86m██                            [38;2;145;117;140m████[38;2;225;196;203m████████[38;2;16;16;16m██                                                                                                                              
  [38;2;145;117;140m██[38;2;225;196;203m████████[38;2;90;67;86m██████                        [38;2;145;117;140m██[38;2;225;196;203m██████████[38;2;145;117;140m██[38;2;90;67;86m████                                                                                                                                    
    [38;2;145;117;140m██[38;2;90;67;86m██████                                [38;2;145;117;140m████[38;2;90;67;86m██████                                                                                                                                          
[0m