                                                                                                                                            [38;2;150;14;1m██                                                  
                                                            ██                      [38;2;112;93;110m██                        ████                        [38;2;150;14;1m██[38;2;255;143;132m██[38;2;150;14;1m██      [38;2;70;49;40m██                                        
                                                          [38;2;15;16;16m██[38;2;255;143;132m██[38;2;150;14;1m██                  [38;2;112;93;110m██[38;2;229;224;219m██[38;2;112;93;110m██                    ██[38;2;229;224;219m██[38;2;112;93;110m██                    [38;2;150;14;1m████[38;2;255;143;132m████[38;2;150;14;1m██    [38;2;70;49;40m██[38;2;148;112;90m██[38;2;70;49;40m██                                      
                                                          [38;2;15;16;16m██[38;2;255;143;132m████[38;2;150;14;1m██    ██████      [38;2;112;93;110m██[38;2;229;224;219m██[38;2;112;93;110m██                  ██[38;2;229;224;219m████[38;2;112;93;110m██              [38;2;150;14;1m██████[38;2;255;143;132m████████[38;2;150;14;1m██    [38;2;70;49;40m██[38;2;148;112;90m██[38;2;115;76;65m██[38;2;70;49;40m██                                    
                                                          [38;2;15;16;16m██[38;2;255;143;132m██████[38;2;150;14;1m████[38;2;237;97;84m██████[38;2;150;14;1m████  [38;2;112;93;110m██[38;2;229;224;219m████[38;2;15;16;16m██              [38;2;112;93;110m██[38;2;229;224;219m████[38;2;173;167;171m██[38;2;112;93;110m██  [38;2;150;14;1m████████████[38;2;237;97;84m██[38;2;255;143;132m██████████[38;2;150;14;1m██        [38;2;15;16;16m██[38;2;115;76;65m██[38;2;148;112;90m██[38;2;70;49;40m██          ████                    
                                                          [38;2;15;16;16m██[38;2;255;143;132m████████[38;2;237;97;84m██████████[38;2;208;68;55m██[38;2;150;14;1m██[38;2;112;93;110m██[38;2;229;224;219m████[38;2;15;16;16m██            [38;2;112;93;110m██[38;2;229;224;219m████[38;2;112;93;110m██[38;2;173;167;171m██[38;2;15;16;16m████[38;2;237;97;84m████████████████[38;2;255;143;132m████████[38;2;150;14;1m██          [38;2;15;16;16m██[38;2;148;112;90m████[38;2;70;49;40m██    [38;2;15;16;16m██[38;2;70;49;40m██[38;2;148;112;90m██[38;2;70;49;40m██  [38;2;247;88;183m██████            
                                                          [38;2;15;16;16m██[38;2;255;143;132m██████[38;2;237;97;84m██████████████[38;2;208;68;55m██[38;2;112;93;110m██[38;2;229;224;219m██[38;2;173;167;171m██[38;2;15;16;16m██            [38;2;112;93;110m██[38;2;229;224;219m████[38;2;112;93;110m██[38;2;15;16;16m██[38;2;237;97;84m██████████████████████[38;2;255;143;132m████[38;2;150;14;1m██              [38;2;15;16;16m██[38;2;148;112;90m████[38;2;70;49;40m██[38;2;15;16;16m██[38;2;115;76;65m████[38;2;70;49;40m██  [38;2;247;88;183m██[38;2;246;175;94m██████[38;2;247;88;183m████        
                                                            [38;2;15;16;16m██[38;2;255;143;132m██[38;2;237;97;84m██████████████████[38;2;112;93;110m██[38;2;173;167;171m████[38;2;15;16;16m██          [38;2;112;93;110m██[38;2;229;224;219m████[38;2;112;93;110m██[38;2;15;16;16m██[38;2;237;97;84m████████████████████████████[38;2;15;16;16m██                ██[38;2;148;112;90m████[38;2;115;76;65m████████[38;2;15;16;16m██[38;2;247;248;138m████████[38;2;246;175;94m████[38;2;247;88;183m██      
                                                            [38;2;15;16;16m██[38;2;237;97;84m██████████████████[38;2;208;68;55m██[38;2;173;167;171m██████[38;2;15;16;16m██[38;2;62;57;67m██        [38;2;173;167;171m██[38;2;229;224;219m████[38;2;150;14;1m██[38;2;237;97;84m████████████████████████████[38;2;15;16;16m██                    ██[38;2;115;76;65m████[38;2;15;16;16m████[38;2;115;76;65m██[38;2;70;49;40m██[38;2;247;248;138m██████████[38;2;246;175;94m████[38;2;247;88;183m██    
                                                            [38;2;15;16;16m██[38;2;237;97;84m██████████████████[38;2;112;93;110m██[38;2;173;167;171m██████[38;2;112;93;110m██[38;2;120;108;132m██[38;2;62;57;67m██    [38;2;112;93;110m██[38;2;229;224;219m████[38;2;150;14;1m██[38;2;237;97;84m████████████████████████████[38;2;15;16;16m██                        ████  [38;2;247;88;183m██[38;2;15;16;16m██[38;2;115;76;65m██[38;2;70;49;40m██[38;2;247;248;138m██████████[38;2;246;175;94m████[38;2;247;88;183m██  
                                                              [38;2;15;16;16m██[38;2;237;97;84m████████████████[38;2;112;93;110m██[38;2;173;167;171m████████[38;2;62;57;67m██[38;2;120;108;132m██[38;2;62;57;67m██[38;2;112;93;110m██[38;2;229;224;219m██████[38;2;208;68;55m██[38;2;237;97;84m██████████████████████[38;2;15;16;16m██████                                [38;2;247;88;183m██[38;2;247;248;138m██[38;2;15;16;16m██[38;2;115;76;65m██[38;2;70;49;40m██[38;2;247;248;138m██████████[38;2;246;175;94m██[38;2;247;88;183m██  
                                                                [38;2;150;14;1m██[38;2;15;16;16m██[38;2;150;14;1m████[38;2;237;97;84m████████[38;2;112;93;110m██[38;2;173;167;171m████████[38;2;62;57;67m██[38;2;120;108;132m██[38;2;62;57;67m██[38;2;112;93;110m██[38;2;229;224;219m████[38;2;150;14;1m██[38;2;237;97;84m██████████████[38;2;150;14;1m████████[38;2;86;27;33m██[38;2;196;118;131m██████[38;2;15;16;16m████                          [38;2;247;88;183m██[38;2;247;248;138m██████[38;2;70;49;40m██[38;2;247;248;138m████████████[38;2;246;175;94m██[38;2;247;88;183m████
                                                                [38;2;15;16;16m██[38;2;237;97;84m████[38;2;208;68;55m██[38;2;150;14;1m██[38;2;237;97;84m██████[38;2;112;93;110m██[38;2;173;167;171m████████[38;2;62;57;67m██[38;2;120;108;132m██[38;2;112;93;110m██[38;2;229;224;219m██████[38;2;150;14;1m██[38;2;237;97;84m██████████[38;2;208;68;55m██[38;2;150;14;1m██[38;2;237;97;84m██████████[38;2;86;27;33m████[38;2;196;118;131m██████[38;2;15;16;16m██                        [38;2;247;88;183m██[38;2;247;248;138m████████████████████[38;2;247;88;183m██████
                                                              [38;2;150;14;1m██[38;2;237;97;84m██████████[38;2;208;68;55m██[38;2;237;97;84m████[38;2;112;93;110m██[38;2;173;167;171m████████[38;2;112;93;110m██████[38;2;229;224;219m████[38;2;150;14;1m██[38;2;237;97;84m██████████[38;2;208;68;55m██[38;2;237;97;84m██████████████████[38;2;86;27;33m██[38;2;196;118;131m██████[38;2;62;57;67m██                        [38;2;247;88;183m██[38;2;247;248;138m████████████████[38;2;246;175;94m██[38;2;247;88;183m██[38;2;240;0;98m██  
  [38;2;70;49;40m██████                  ████                              [38;2;15;16;16m██[38;2;237;97;84m██████████████████[38;2;112;93;110m██[38;2;173;167;171m████[38;2;112;93;110m██[38;2;229;224;219m██████[38;2;173;167;171m██[38;2;229;224;219m████[38;2;15;16;16m██[38;2;237;97;84m████████████████████████████████[38;2;86;27;33m██[38;2;196;118;131m██[38;2;192;176;203m██[38;2;196;118;131m██[38;2;62;57;67m██                      [38;2;247;88;183m██[38;2;246;175;94m██[38;2;247;248;138m████████████[38;2;246;175;94m██[38;2;247;88;183m██[38;2;246;175;94m██[38;2;240;0;98m████
[38;2;70;49;40m██[38;2;148;112;90m██[38;2;115;76;65m██[38;2;148;112;90m██[38;2;70;49;40m██            ████[38;2;115;76;65m████[38;2;15;16;16m██    [38;2;247;88;183m██████                  [38;2;15;16;16m██[38;2;237;97;84m██████████████████[38;2;112;93;110m██[38;2;173;167;171m██[38;2;112;93;110m██[38;2;229;224;219m██[38;2;201;60;58m██[38;2;229;224;219m██████████[38;2;15;16;16m██[38;2;237;97;84m██████████████████████████[38;2;175;59;56m██[38;2;118;59;65m████[38;2;86;27;33m██[38;2;192;176;203m██[38;2;196;118;131m██[38;2;192;176;203m████[38;2;62;57;67m██                      [38;2;247;88;183m██[38;2;246;175;94m██[38;2;247;248;138m████[38;2;246;175;94m██████[38;2;247;88;183m██[38;2;246;175;94m██[38;2;240;0;98m██████
  [38;2;15;16;16m██[38;2;148;112;90m██████[38;2;15;16;16m██[38;2;70;49;40m██    ████[38;2;148;112;90m████[38;2;15;16;16m██[38;2;70;49;40m██  [38;2;247;88;183m████[38;2;246;175;94m██████[38;2;247;88;183m████            [38;2;86;27;33m██[38;2;118;59;65m████[38;2;175;59;56m████[38;2;237;97;84m██████████[38;2;208;68;55m████[38;2;15;16;16m██[38;2;229;224;219m██[38;2;201;60;58m████[38;2;229;224;219m██[38;2;201;60;58m████[38;2;229;224;219m██████[38;2;150;14;1m██[38;2;237;97;84m████████████████████[38;2;175;59;56m██[38;2;118;59;65m██████████[38;2;86;27;33m██[38;2;192;176;203m████████[38;2;62;57;67m██                      [38;2;247;88;183m██[38;2;246;175;94m██[38;2;247;88;183m██[38;2;246;175;94m████[38;2;247;88;183m██████[38;2;240;0;98m████  
    [38;2;70;49;40m██[38;2;15;16;16m██[38;2;148;112;90m████[38;2;115;76;65m██[38;2;70;49;40m████[38;2;148;112;90m██████[38;2;115;76;65m████[38;2;15;16;16m██[38;2;247;88;183m██[38;2;247;248;138m████████[38;2;246;175;94m██████[38;2;247;88;183m██          [38;2;15;16;16m██[38;2;118;59;65m████████[38;2;175;59;56m██[38;2;237;97;84m██████[38;2;208;68;55m██████[38;2;15;16;16m██[38;2;201;60;58m██[38;2;149;49;56m██[38;2;201;60;58m██████[38;2;229;224;219m████████[38;2;15;16;16m██[38;2;237;97;84m██████████████████[38;2;175;59;56m██[38;2;118;59;65m██████████████[38;2;86;27;33m██[38;2;192;176;203m████████[38;2;62;57;67m██                          [38;2;247;88;183m██████  [38;2;240;0;98m████    
        [38;2;15;16;16m██[38;2;115;76;65m██[38;2;148;112;90m████████[38;2;15;16;16m██████[38;2;115;76;65m████[38;2;70;49;40m██[38;2;247;248;138m██████████[38;2;246;175;94m██████[38;2;247;88;183m██        [38;2;15;16;16m██[38;2;118;59;65m████████████[38;2;237;97;84m██[38;2;208;68;55m██████[38;2;15;16;16m██[38;2;93;20;30m██[38;2;201;60;58m██[38;2;149;49;56m██[38;2;201;60;58m██[38;2;149;49;56m██[38;2;229;224;219m██[38;2;173;167;171m██[38;2;15;16;16m██[38;2;112;93;110m██[38;2;229;224;219m██[38;2;173;167;171m██[38;2;15;16;16m██[38;2;237;97;84m██████████████████[38;2;175;59;56m██[38;2;118;59;65m██████████████[38;2;86;27;33m████[38;2;192;176;203m██████[38;2;120;108;132m██                                        
          [38;2;15;16;16m████[38;2;148;112;90m████[38;2;70;49;40m██      [38;2;15;16;16m██[38;2;115;76;65m████[38;2;70;49;40m██[38;2;247;248;138m██████████[38;2;246;175;94m████[38;2;247;88;183m████      [38;2;15;16;16m██[38;2;118;59;65m██████████[38;2;208;68;55m██████████[38;2;15;16;16m██[38;2;201;60;58m██[38;2;149;49;56m██[38;2;201;60;58m██[38;2;149;49;56m██[38;2;15;16;16m██████[38;2;183;181;193m██[38;2;112;93;110m██[38;2;229;224;219m████[38;2;15;16;16m██[38;2;237;97;84m████[38;2;208;68;55m██[38;2;150;14;1m████[38;2;208;68;55m██████[38;2;237;97;84m████[38;2;175;59;56m██[38;2;118;59;65m████████████████[38;2;86;27;33m██████[38;2;192;176;203m██[38;2;120;108;132m██                                      
              [38;2;70;49;40m████          [38;2;15;16;16m██[38;2;115;76;65m████[38;2;70;49;40m██[38;2;247;248;138m████████[38;2;246;175;94m████[38;2;247;88;183m██████    [38;2;15;16;16m██[38;2;118;59;65m████████[38;2;134;34;26m██[38;2;208;68;55m██████████[38;2;15;16;16m██[38;2;201;60;58m██████[38;2;240;241;248m██[38;2;255;143;132m██[38;2;124;41;26m██[38;2;240;241;248m██[38;2;173;167;171m██[38;2;229;224;219m██████[38;2;150;14;1m██[38;2;237;97;84m████████[38;2;208;68;55m██[38;2;15;16;16m██[38;2;208;68;55m████████[38;2;237;97;84m██[38;2;118;59;65m████████████████████[38;2;86;27;33m██[38;2;192;176;203m████[38;2;120;108;132m████              ████                
                          [38;2;247;88;183m██[38;2;247;248;138m██[38;2;15;16;16m████[38;2;247;248;138m██████████[38;2;246;175;94m██[38;2;247;88;183m██[38;2;246;175;94m██[38;2;247;88;183m████    [38;2;15;16;16m██[38;2;118;59;65m████[38;2;86;27;33m████[38;2;208;68;55m██████[38;2;150;14;1m██[38;2;15;16;16m████[38;2;229;224;219m██[38;2;255;143;132m████[38;2;229;224;219m████[38;2;201;60;58m██[38;2;255;143;132m██[38;2;229;224;219m██████████[38;2;150;14;1m██[38;2;208;68;55m██[38;2;237;97;84m████████[38;2;208;68;55m██[38;2;15;16;16m████[38;2;208;68;55m████████[38;2;86;27;33m██████[38;2;118;59;65m██████████[38;2;15;16;16m██  [38;2;62;57;67m██[38;2;192;176;203m██████[38;2;120;108;132m████      ████[38;2;192;176;203m████[38;2;120;108;132m██              
                          [38;2;247;88;183m██[38;2;247;248;138m██████████████[38;2;246;175;94m██████[38;2;247;88;183m██[38;2;240;0;98m██    [38;2;15;16;16m██[38;2;86;27;33m████████[38;2;134;34;26m██[38;2;208;68;55m██████[38;2;15;16;16m██[38;2;201;60;58m██[38;2;149;49;56m██[38;2;229;224;219m████████████████████[38;2;247;248;255m████[38;2;150;14;1m██[38;2;208;68;55m████[38;2;237;97;84m████████[38;2;150;14;1m██  [38;2;15;16;16m██[38;2;208;68;55m██████[38;2;134;35;26m██[38;2;86;27;33m████████████[38;2;15;16;16m██      [38;2;62;57;67m██[38;2;192;176;203m████████[38;2;120;108;132m██████[38;2;192;176;203m██████[38;2;120;108;132m██      ██████████
                          [38;2;247;88;183m██[38;2;246;175;94m██[38;2;247;248;138m████████████[38;2;246;175;94m████[38;2;247;88;183m██[38;2;246;175;94m██[38;2;240;0;98m██  [38;2;15;16;16m██[38;2;86;27;33m██████████[38;2;208;68;55m██████████[38;2;15;16;16m██[38;2;173;167;171m████[38;2;229;224;219m██████████████[38;2;247;248;255m████████[38;2;183;181;193m██[38;2;208;68;55m████████[38;2;237;97;84m████[38;2;150;14;1m██    [38;2;15;16;16m████[38;2;208;68;55m████[38;2;134;35;26m██[38;2;86;27;33m██████[38;2;15;16;16m████          [38;2;62;57;67m██[38;2;192;176;203m██████████████[38;2;120;108;132m████████████[38;2;192;176;203m████████[38;2;62;57;67m██
                            [38;2;247;88;183m██[38;2;246;175;94m██[38;2;247;248;138m████████[38;2;246;175;94m██[38;2;247;88;183m████████[38;2;240;0;98m██    [38;2;15;16;16m████[38;2;86;27;33m██████[38;2;208;68;55m████[38;2;15;16;16m████[38;2;208;68;55m████[38;2;15;16;16m██[38;2;247;248;255m████[38;2;183;181;193m██[38;2;140;124;130m████[38;2;247;248;255m████████████████[38;2;15;16;16m██[38;2;208;68;55m████████████[38;2;150;14;1m██      [38;2;15;16;16m████████████                [38;2;62;57;67m██[38;2;192;176;203m██████████████████████████████[38;2;62;57;67m██  
                              [38;2;247;88;183m████[38;2;246;175;94m██████[38;2;247;88;183m██[38;2;246;175;94m██[38;2;247;88;183m████[38;2;240;0;98m██████      [38;2;15;16;16m██████████  ██[38;2;208;68;55m██████[38;2;15;16;16m████[38;2;183;181;193m██[38;2;247;248;255m████[38;2;183;181;193m████████[38;2;247;248;255m████████[38;2;15;16;16m████[38;2;208;68;55m██████████[38;2;150;14;1m██[38;2;15;16;16m██                                  [38;2;62;57;67m██[38;2;192;176;203m██████████████████████████[38;2;62;57;67m██    
                                  [38;2;247;88;183m████████████[38;2;240;0;98m██████████                  [38;2;15;16;16m██[38;2;208;68;55m████[38;2;15;16;16m██[38;2;183;181;193m██████[38;2;140;124;130m██[38;2;106;91;96m████[38;2;183;181;193m████[38;2;247;248;255m████████[38;2;15;16;16m██[38;2;120;108;132m██[38;2;15;16;16m████[38;2;208;68;55m████████[38;2;150;14;1m██[38;2;15;16;16m██[38;2;62;57;67m██                                ██[38;2;192;176;203m████████████[38;2;120;108;132m██[38;2;192;176;203m████[38;2;62;57;67m████[38;2;120;108;132m██      
                                          [38;2;247;88;183m██[38;2;240;0;98m████  ████                      [38;2;15;16;16m██[38;2;208;68;55m██[38;2;112;93;110m██[38;2;183;181;193m████████████[38;2;15;16;16m██[38;2;183;181;193m████[38;2;247;248;255m████████[38;2;15;16;16m██[38;2;120;108;132m████[38;2;15;16;16m██████████[38;2;120;108;132m████[38;2;62;57;67m██                                ██[38;2;192;176;203m████████████[38;2;62;57;67m████            
                                            [38;2;240;0;98m████                          [38;2;112;93;110m██████[38;2;173;167;171m██[38;2;15;16;16m██[38;2;183;181;193m██████████[38;2;106;91;96m██[38;2;15;16;16m██[38;2;183;181;193m██[38;2;247;248;255m████[38;2;183;181;193m██[38;2;247;248;255m██[38;2;15;16;16m██[38;2;120;108;132m██[38;2;15;16;16m██[38;2;120;108;132m████████████████[38;2;62;57;67m██                                ████[38;2;192;176;203m████████████[38;2;120;108;132m██          
                                                                          [38;2;15;16;16m██[38;2;229;224;219m██████[38;2;15;16;16m██[38;2;183;181;193m████[38;2;140;124;130m██[38;2;183;181;193m████[38;2;106;91;96m██[38;2;173;167;171m██[38;2;15;16;16m██[38;2;247;248;255m████[38;2;183;181;193m██[38;2;247;248;255m██[38;2;106;91;96m██[38;2;15;16;16m██[38;2;229;224;219m██[38;2;15;16;16m██[38;2;120;108;132m██████[38;2;62;57;67m██[38;2;120;108;132m██████[38;2;62;57;67m██                                    ████████████            
                                                                            [38;2;15;16;16m██[38;2;229;224;219m██[38;2;112;93;110m████[38;2;15;16;16m██[38;2;183;181;193m██[38;2;140;124;130m██[38;2;183;181;193m██████[38;2;106;91;96m██[38;2;173;167;171m██[38;2;106;91;96m██[38;2;247;248;255m████[38;2;183;181;193m██[38;2;106;91;96m██[38;2;229;224;219m██[38;2;173;167;171m██[38;2;15;16;16m██[38;2;120;108;132m████████[38;2;62;57;67m██[38;2;120;108;132m██████[38;2;62;57;67m████                                                        
                                                                              [38;2;15;16;16m████[38;2;229;224;219m████[38;2;15;16;16m██[38;2;183;181;193m██[38;2;140;124;130m██[38;2;183;181;193m████[38;2;106;91;96m██[38;2;173;167;171m██[38;2;15;16;16m██[38;2;247;248;255m████[38;2;183;181;193m██[38;2;106;91;96m██[38;2;112;93;110m██[38;2;173;167;171m██[38;2;15;16;16m████████[38;2;120;108;132m████[38;2;62;57;67m████[38;2;120;108;132m██████[38;2;62;57;67m██                                                      
                                                                          [38;2;86;27;33m████[38;2;201;60;58m████[38;2;86;27;33m██[38;2;15;16;16m██[38;2;173;167;171m██[38;2;15;16;16m██[38;2;140;124;130m██[38;2;183;181;193m████[38;2;106;91;96m██[38;2;173;167;171m██[38;2;106;91;96m██[38;2;15;16;16m██[38;2;247;248;255m████[38;2;106;91;96m██[38;2;229;224;219m██[38;2;15;16;16m██        ██████████████                                                        
                                                  [38;2;120;108;132m████████████████████[38;2;86;27;33m████[38;2;201;60;58m████████████[38;2;15;16;16m██[38;2;173;167;171m██[38;2;106;91;96m██[38;2;183;181;193m████[38;2;106;91;96m██[38;2;173;167;171m██[38;2;106;91;96m██[38;2;15;16;16m██[38;2;247;248;255m████[38;2;183;181;193m██[38;2;106;91;96m██                                                                                
                                          [38;2;15;16;16m████████[38;2;192;176;203m████████████[38;2;196;118;131m██[38;2;192;176;203m██[38;2;196;118;131m████[38;2;201;60;58m████████████[38;2;15;16;16m██████[38;2;173;167;171m██[38;2;106;91;96m██[38;2;183;181;193m████[38;2;86;27;33m██[38;2;173;167;171m██[38;2;86;27;33m██[38;2;183;181;193m██[38;2;106;91;96m██[38;2;247;248;255m████[38;2;120;108;132m██[38;2;86;27;33m██                                                                              
                                        [38;2;15;16;16m██[38;2;106;91;96m██[38;2;15;16;16m██[38;2;54;54;56m████[38;2;15;16;16m██[38;2;192;176;203m████████████[38;2;196;118;131m██[38;2;192;176;203m██[38;2;196;118;131m████[38;2;201;60;58m██[38;2;15;16;16m████████    ██[38;2;173;167;171m████[38;2;106;91;96m██[38;2;183;181;193m██[38;2;86;27;33m██[38;2;173;167;171m██[38;2;86;27;33m██[38;2;183;181;193m██[38;2;106;91;96m██[38;2;247;248;255m████[38;2;120;108;132m██[38;2;201;60;58m██[38;2;86;27;33m██                                                                            
                                    [38;2;15;16;16m████[38;2;106;91;96m██[38;2;54;54;56m██[38;2;106;91;96m████[38;2;15;16;16m████[38;2;120;108;132m██████[38;2;192;176;203m████████[38;2;15;16;16m████████              ██[38;2;173;167;171m██[38;2;106;91;96m██[38;2;183;181;193m██[38;2;86;27;33m██████[38;2;183;181;193m████[38;2;106;91;96m██[38;2;247;248;255m██[38;2;120;108;132m██[38;2;201;60;58m████[38;2;86;27;33m████        [38;2;62;57;67m████████                                                        
                                  [38;2;15;16;16m██[38;2;54;54;56m██[38;2;15;16;16m██[38;2;106;91;96m██[38;2;15;16;16m██[38;2;106;91;96m██[38;2;15;16;16m██[38;2;120;108;132m████████[38;2;62;57;67m██████[38;2;120;108;132m██[38;2;15;16;16m██                      ██[38;2;173;167;171m██[38;2;86;27;33m██[38;2;183;181;193m██[38;2;86;27;33m██[38;2;130;71;77m██[38;2;86;27;33m██[38;2;183;181;193m████[38;2;106;91;96m██[38;2;247;248;255m████[38;2;120;108;132m██[38;2;201;60;58m██████[38;2;62;57;67m████████[38;2;120;108;132m████████[38;2;62;57;67m████                                                    
                                  [38;2;15;16;16m████████[38;2;120;108;132m██[38;2;15;16;16m██[38;2;120;108;132m██████[38;2;62;57;67m██████[38;2;120;108;132m████[38;2;15;16;16m██                          [38;2;86;27;33m████[38;2;183;181;193m██[38;2;86;27;33m██[38;2;130;71;77m██[38;2;86;27;33m██[38;2;183;181;193m██[38;2;106;91;96m██  ██[38;2;247;248;255m██[38;2;120;108;132m██[38;2;201;60;58m██████[38;2;196;118;131m████[38;2;192;176;203m██[38;2;120;108;132m██████████████[38;2;15;16;16m████████                                            
                                      [38;2;62;57;67m██[38;2;120;108;132m██████████[38;2;62;57;67m██[38;2;120;108;132m██[38;2;62;57;67m██[38;2;120;108;132m██████[38;2;62;57;67m██████                      [38;2;15;16;16m██[38;2;130;71;77m██[38;2;183;181;193m██[38;2;86;27;33m██[38;2;130;71;77m██[38;2;86;27;33m██[38;2;183;181;193m██[38;2;106;91;96m██    ██[38;2;247;248;255m██[38;2;120;108;132m██[38;2;201;60;58m██[38;2;196;118;131m████[38;2;192;176;203m████[38;2;120;108;132m██████████████[38;2;62;57;67m██[38;2;54;54;56m██[38;2;15;16;16m██[38;2;54;54;56m██[38;2;15;16;16m██                                          
                                    [38;2;62;57;67m██[38;2;120;108;132m██████████[38;2;62;57;67m██[38;2;120;108;132m██[38;2;62;57;67m██[38;2;120;108;132m██████████████[38;2;15;16;16m██                    ██[38;2;130;71;77m██[38;2;86;27;33m██[38;2;183;181;193m██[38;2;86;27;33m██[38;2;201;60;58m██[38;2;86;27;33m██[38;2;183;181;193m██[38;2;106;91;96m██    ██[38;2;120;108;132m██[38;2;196;118;131m████[38;2;192;176;203m██[38;2;196;118;131m██[38;2;120;108;132m████████████████[38;2;62;57;67m██[38;2;106;91;96m████[38;2;15;16;16m██[38;2;106;91;96m██[38;2;15;16;16m██                                        
                                    [38;2;62;57;67m██[38;2;120;108;132m████████[38;2;62;57;67m██[38;2;120;108;132m████[38;2;62;57;67m██[38;2;120;108;132m██████████[38;2;15;16;16m████                    ██[38;2;86;27;33m██[38;2;130;71;77m██[38;2;86;27;33m██[38;2;183;181;193m██[38;2;86;27;33m██[38;2;201;60;58m██[38;2;86;27;33m██[38;2;183;181;193m██[38;2;106;91;96m██        [38;2;15;16;16m██[38;2;192;176;203m██[38;2;196;118;131m██[38;2;120;108;132m██████████████████[38;2;62;57;67m██[38;2;15;16;16m██[38;2;106;91;96m██[38;2;15;16;16m████[38;2;106;91;96m██[38;2;15;16;16m██                                      
                                    [38;2;62;57;67m██[38;2;120;108;132m████████[38;2;62;57;67m██[38;2;120;108;132m██████[38;2;62;57;67m██[38;2;120;108;132m██[38;2;15;16;16m██████                      ██[38;2;86;27;33m██[38;2;130;71;77m██[38;2;201;60;58m████[38;2;86;27;33m██[38;2;201;60;58m████[38;2;86;27;33m██[38;2;183;181;193m██[38;2;106;91;96m██          [38;2;15;16;16m████[38;2;120;108;132m██████████████████[38;2;62;57;67m██  [38;2;15;16;16m████  ████                                      
                                    [38;2;62;57;67m██[38;2;120;108;132m████████[38;2;62;57;67m██[38;2;120;108;132m██████[38;2;15;16;16m████                          [38;2;112;93;110m██[38;2;173;167;171m██[38;2;86;27;33m██[38;2;201;60;58m████████████[38;2;86;27;33m██[38;2;183;181;193m████[38;2;106;91;96m██            [38;2;15;16;16m██[38;2;120;108;132m████[38;2;62;57;67m██[38;2;120;108;132m████[38;2;62;57;67m██[38;2;120;108;132m██████[38;2;62;57;67m██                                                
                                      ████[38;2;120;108;132m██████[38;2;15;16;16m██████                                [38;2;86;27;33m██[38;2;201;60;58m████████████[38;2;86;27;33m██[38;2;247;248;255m██[38;2;183;181;193m████[38;2;106;91;96m██              [38;2;15;16;16m██[38;2;120;108;132m████[38;2;62;57;67m██[38;2;120;108;132m████[38;2;62;57;67m██[38;2;120;108;132m████[38;2;62;57;67m██                                                
                                          [38;2;15;16;16m██████                                  ████[38;2;201;60;58m██████████████[38;2;86;27;33m██[38;2;247;248;255m██[38;2;183;181;193m████[38;2;106;91;96m██                [38;2;15;16;16m██[38;2;120;108;132m██[38;2;62;57;67m██[38;2;120;108;132m████[38;2;62;57;67m██[38;2;120;108;132m██████[38;2;62;57;67m██                                              
                                                                            [38;2;15;16;16m██████[38;2;201;60;58m██████████████████[38;2;86;27;33m██[38;2;247;248;255m████[38;2;183;181;193m██[38;2;247;248;255m██[38;2;106;91;96m██              [38;2;15;16;16m██[38;2;120;108;132m████[38;2;62;57;67m██[38;2;120;108;132m████[38;2;62;57;67m██[38;2;120;108;132m████[38;2;62;57;67m██                                              
                                        ██                            [38;2;120;108;132m██████[38;2;196;118;131m██████████[38;2;201;60;58m██████████████[38;2;130;71;77m██[38;2;247;248;255m████[38;2;183;181;193m██[38;2;247;248;255m██[38;2;106;91;96m██              [38;2;15;16;16m██[38;2;120;108;132m████[38;2;62;57;67m██[38;2;120;108;132m████[38;2;62;57;67m██[38;2;120;108;132m████[38;2;62;57;67m██                                              
                                      ██[38;2;120;108;132m██[38;2;62;57;67m██                      [38;2;120;108;132m████[38;2;192;176;203m██████████[38;2;196;118;131m████████[38;2;201;60;58m██[38;2;196;118;131m██[38;2;201;60;58m████████[38;2;130;71;77m██[38;2;247;248;255m██████[38;2;183;181;193m██[38;2;247;248;255m██[38;2;106;91;96m██              [38;2;15;16;16m██[38;2;120;108;132m██[38;2;62;57;67m██[38;2;120;108;132m████[38;2;62;57;67m██[38;2;120;108;132m████[38;2;62;57;67m██                                              
                                      ██[38;2;120;108;132m██[38;2;62;57;67m██                    [38;2;120;108;132m██[38;2;192;176;203m██████████████████[38;2;196;118;131m██████[38;2;201;60;58m██[38;2;196;118;131m██[38;2;201;60;58m██████[38;2;130;71;77m██[38;2;86;27;33m██[38;2;247;248;255m██████████[38;2;106;91;96m██            [38;2;15;16;16m██[38;2;192;176;203m██[38;2;62;57;67m██[38;2;120;108;132m████[38;2;62;57;67m██[38;2;120;108;132m████[38;2;62;57;67m██████████                                      
                                    ██[38;2;120;108;132m████[38;2;62;57;67m██                  [38;2;120;108;132m██[38;2;192;176;203m██████████████████████[38;2;196;118;131m██████[38;2;201;60;58m██████████[38;2;86;27;33m██[38;2;247;248;255m████████████[38;2;106;91;96m██          [38;2;15;16;16m██[38;2;192;176;203m██[38;2;120;108;132m██[38;2;192;176;203m████[38;2;120;108;132m██[38;2;192;176;203m████[38;2;62;57;67m██[38;2;120;108;132m████████[38;2;62;57;67m██                                    
                                    ██[38;2;120;108;132m██████[38;2;62;57;67m██              ██[38;2;192;176;203m██████████████████████████[38;2;196;118;131m██████[38;2;201;60;58m████████[38;2;86;27;33m██[38;2;247;248;255m██████████████[38;2;15;16;16m██      ████[38;2;192;176;203m██[38;2;120;108;132m██[38;2;192;176;203m████[38;2;120;108;132m██[38;2;192;176;203m████[38;2;62;57;67m██[38;2;120;108;132m██████████[38;2;62;57;67m████                                
                                    ██[38;2;120;108;132m██████[38;2;62;57;67m██            ██[38;2;192;176;203m████████████████████████████[38;2;196;118;131m████████[38;2;201;60;58m██████[38;2;86;27;33m██[38;2;247;248;255m████[38;2;183;181;193m██[38;2;247;248;255m██████[38;2;183;181;193m██[38;2;247;248;255m██[38;2;15;16;16m██████[38;2;120;108;132m████[38;2;192;176;203m██[38;2;120;108;132m██[38;2;192;176;203m██████[38;2;120;108;132m██[38;2;192;176;203m████[38;2;62;57;67m██[38;2;120;108;132m██[38;2;62;57;67m██████[38;2;120;108;132m████[38;2;62;57;67m██████                          
                              ██    [38;2;15;16;16m████[38;2;120;108;132m██████[38;2;62;57;67m██          ██[38;2;192;176;203m██[38;2;62;57;67m██[38;2;192;176;203m██████████████████████████[38;2;196;118;131m██████[38;2;201;60;58m██████[38;2;130;71;77m██[38;2;86;27;33m██[38;2;247;248;255m██[38;2;140;124;130m██[38;2;247;248;255m████████[38;2;140;124;130m██[38;2;62;57;67m██[38;2;120;108;132m████████[38;2;62;57;67m██[38;2;192;176;203m██[38;2;120;108;132m██[38;2;192;176;203m████[38;2;120;108;132m██[38;2;192;176;203m████[38;2;62;57;67m██[38;2;120;108;132m████████[38;2;62;57;67m██[38;2;120;108;132m████████[38;2;15;16;16m██                        
                            [38;2;62;57;67m██[38;2;120;108;132m██[38;2;62;57;67m██[38;2;15;16;16m██[38;2;148;112;90m████[38;2;15;16;16m██[38;2;120;108;132m██████[38;2;62;57;67m██      ██[38;2;192;176;203m██[38;2;62;57;67m██[38;2;192;176;203m██[38;2;62;57;67m██[38;2;192;176;203m████████████████████████[38;2;196;118;131m████████[38;2;201;60;58m██████[38;2;86;27;33m██[38;2;247;248;255m██[38;2;86;27;33m██[38;2;247;248;255m████[38;2;140;124;130m██[38;2;247;248;255m████[38;2;183;181;193m██[38;2;62;57;67m██[38;2;120;108;132m██████[38;2;62;57;67m██[38;2;192;176;203m██[38;2;120;108;132m██[38;2;192;176;203m██████[38;2;62;57;67m████[38;2;192;176;203m██[38;2;62;57;67m██[38;2;120;108;132m████[38;2;15;16;16m██████████[38;2;62;57;67m██                          
                            ██[38;2;120;108;132m████[38;2;70;49;40m██[38;2;148;112;90m████[38;2;115;76;65m██[38;2;15;16;16m██[38;2;120;108;132m██████[38;2;62;57;67m██    ██[38;2;192;176;203m██[38;2;62;57;67m██[38;2;192;176;203m██[38;2;62;57;67m██[38;2;192;176;203m████████████████████████[38;2;196;118;131m████████[38;2;201;60;58m████████[38;2;86;27;33m██[38;2;201;60;58m██[38;2;86;27;33m██[38;2;247;248;255m██[38;2;140;124;130m██[38;2;247;248;255m████[38;2;183;181;193m██[38;2;192;176;203m██[38;2;62;57;67m██[38;2;120;108;132m██████[38;2;62;57;67m██[38;2;192;176;203m██[38;2;62;57;67m██[38;2;192;176;203m████[38;2;62;57;67m██[38;2;120;108;132m██[38;2;62;57;67m████[38;2;15;16;16m██[38;2;62;57;67m██                                      
                            ██[38;2;120;108;132m██[38;2;15;16;16m██[38;2;148;112;90m████[38;2;70;49;40m██[38;2;148;112;90m██[38;2;15;16;16m██[38;2;120;108;132m████████[38;2;62;57;67m██  ████[38;2;120;108;132m██[38;2;192;176;203m██[38;2;62;57;67m██[38;2;192;176;203m██████████████████████████[38;2;196;118;131m████████[38;2;201;60;58m██████████[38;2;196;118;131m██[38;2;86;27;33m██[38;2;247;248;255m██[38;2;140;124;130m██[38;2;247;248;255m████[38;2;62;57;67m████[38;2;120;108;132m████████[38;2;62;57;67m██████[38;2;192;176;203m████[38;2;62;57;67m██[38;2;15;16;16m██                                            
                            [38;2;62;57;67m██[38;2;120;108;132m██[38;2;15;16;16m██[38;2;148;112;90m████[38;2;70;49;40m██[38;2;148;112;90m████[38;2;15;16;16m██[38;2;120;108;132m████████[38;2;62;57;67m██████[38;2;120;108;132m████[38;2;192;176;203m██[38;2;62;57;67m██[38;2;192;176;203m████████████████████████[38;2;196;118;131m████████[38;2;201;60;58m██[38;2;196;118;131m██[38;2;201;60;58m██████[38;2;196;118;131m████[38;2;15;16;16m██[38;2;106;91;96m██[38;2;247;248;255m██████[38;2;62;57;67m██[38;2;120;108;132m██████████████[38;2;62;57;67m██████                                              
                            ██[38;2;120;108;132m██[38;2;15;16;16m██[38;2;148;112;90m██[38;2;70;49;40m██[38;2;115;76;65m████[38;2;148;112;90m██[38;2;15;16;16m██[38;2;120;108;132m██████████[38;2;62;57;67m██[38;2;120;108;132m██████[38;2;192;176;203m██[38;2;62;57;67m██[38;2;192;176;203m██████████████████████████[38;2;196;118;131m████████[38;2;201;60;58m██[38;2;196;118;131m██[38;2;201;60;58m██[38;2;196;118;131m████[38;2;125;90;105m████[38;2;15;16;16m████[38;2;247;248;255m██████[38;2;62;57;67m██[38;2;120;108;132m████████████████[38;2;15;16;16m██                                              
                              [38;2;62;57;67m██[38;2;120;108;132m██[38;2;15;16;16m██[38;2;115;76;65m████████[38;2;148;112;90m██[38;2;15;16;16m██[38;2;120;108;132m████████[38;2;62;57;67m██[38;2;120;108;132m████████[38;2;192;176;203m██[38;2;62;57;67m██[38;2;192;176;203m████████████████████████[38;2;196;118;131m██████████████[38;2;201;60;58m██[38;2;125;90;105m████████[38;2;120;108;132m██[38;2;15;16;16m██████[38;2;120;108;132m████████████████[38;2;15;16;16m██                                                
                              [38;2;62;57;67m██[38;2;120;108;132m████[38;2;15;16;16m██[38;2;115;76;65m████████[38;2;148;112;90m██[38;2;15;16;16m██[38;2;120;108;132m██████[38;2;15;16;16m██[38;2;120;108;132m████████████[38;2;62;57;67m██[38;2;192;176;203m████████████████████████[38;2;196;118;131m████████████[38;2;125;90;105m██████████[38;2;120;108;132m██████[38;2;62;57;67m██[38;2;15;16;16m████[38;2;120;108;132m████████[38;2;15;16;16m████                                                  
                                [38;2;62;57;67m██[38;2;120;108;132m████[38;2;15;16;16m██[38;2;148;112;90m██[38;2;115;76;65m██[38;2;148;112;90m██[38;2;115;76;65m██[38;2;148;112;90m██[38;2;15;16;16m████[38;2;120;108;132m██[38;2;15;16;16m██[38;2;120;108;132m██████████████[38;2;62;57;67m██[38;2;192;176;203m██████████████████████████[38;2;196;118;131m████████[38;2;125;90;105m████[38;2;120;108;132m██[38;2;125;90;105m██[38;2;120;108;132m████████[38;2;62;57;67m██    [38;2;15;16;16m████████        [38;2;247;88;183m████                                          
                                  [38;2;62;57;67m██[38;2;120;108;132m████[38;2;15;16;16m██[38;2;148;112;90m██████[38;2;115;76;65m██[38;2;148;112;90m██[38;2;15;16;16m████████[38;2;120;108;132m████████[38;2;62;57;67m████[38;2;120;108;132m████[38;2;192;176;203m██████████████████████████[38;2;196;118;131m████[38;2;125;90;105m████[38;2;120;108;132m██[38;2;125;90;105m██[38;2;120;108;132m██████████[38;2;62;57;67m██              [38;2;247;88;183m████████████  [38;2;240;0;98m████                                  
                              [38;2;62;57;67m████  ██[38;2;120;108;132m████[38;2;15;16;16m██[38;2;148;112;90m██████[38;2;115;76;65m██[38;2;15;16;16m██[38;2;120;108;132m████[38;2;15;16;16m████[38;2;120;108;132m██████[38;2;62;57;67m██[38;2;192;176;203m██[38;2;62;57;67m██████[38;2;120;108;132m██[38;2;192;176;203m████████████████████████[38;2;120;108;132m████████████████████[38;2;62;57;67m██████        [38;2;247;88;183m██████████████[38;2;240;0;98m████████                                
                            [38;2;62;57;67m██[38;2;120;108;132m████[38;2;62;57;67m████████[38;2;120;108;132m██[38;2;15;16;16m██[38;2;148;112;90m████████[38;2;15;16;16m████[38;2;54;54;56m████[38;2;15;16;16m██[38;2;120;108;132m████[38;2;62;57;67m██[38;2;120;108;132m██[38;2;192;176;203m████████[38;2;120;108;132m██[38;2;192;176;203m██████████████████████[38;2;120;108;132m████████████████████[38;2;62;57;67m██[38;2;120;108;132m████[38;2;62;57;67m██████████████[38;2;247;88;183m████████[38;2;240;0;98m██████████                              
                              [38;2;62;57;67m██[38;2;120;108;132m██████████[38;2;62;57;67m████[38;2;15;16;16m██[38;2;148;112;90m████[38;2;115;76;65m██[38;2;70;49;40m██[38;2;15;16;16m██[38;2;106;91;96m██[38;2;15;16;16m██[38;2;54;54;56m██[38;2;15;16;16m████[38;2;62;57;67m██[38;2;120;108;132m████[38;2;192;176;203m████████[38;2;120;108;132m██[38;2;192;176;203m██████████████████[38;2;120;108;132m████████████████████████[38;2;62;57;67m██[38;2;120;108;132m████████████████[38;2;15;16;16m██[38;2;247;88;183m████████[38;2;240;0;98m██████████                            
                                [38;2;62;57;67m████[38;2;120;108;132m██████████[38;2;62;57;67m██[38;2;15;16;16m██[38;2;148;112;90m████[38;2;15;16;16m██[38;2;106;91;96m██[38;2;15;16;16m████[38;2;106;91;96m████[38;2;54;54;56m██[38;2;15;16;16m██[38;2;120;108;132m██████[38;2;192;176;203m████████████████████████[38;2;120;108;132m████████████████████████████[38;2;62;57;67m████[38;2;120;108;132m████████[38;2;15;16;16m████[38;2;246;175;94m██[38;2;247;88;183m██████████    [38;2;240;0;98m████                            
                                    [38;2;62;57;67m████[38;2;120;108;132m████████[38;2;15;16;16m██[38;2;148;112;90m██████[38;2;15;16;16m████[38;2;106;91;96m████[38;2;15;16;16m██[38;2;54;54;56m████[38;2;15;16;16m██[38;2;120;108;132m██████[38;2;192;176;203m████[38;2;62;57;67m██[38;2;192;176;203m██[38;2;120;108;132m██[38;2;192;176;203m██████[38;2;120;108;132m██████████████████████████████████████[38;2;62;57;67m████████[38;2;247;248;138m████████[38;2;247;88;183m██[38;2;246;175;94m██[38;2;247;88;183m██[38;2;246;175;94m██[38;2;247;88;183m██                                  
                                      [38;2;15;16;16m██[38;2;62;57;67m██████████[38;2;15;16;16m██[38;2;148;112;90m██████[38;2;15;16;16m██[38;2;106;91;96m██[38;2;15;16;16m██████[38;2;54;54;56m████[38;2;15;16;16m████[38;2;120;108;132m████[38;2;62;57;67m██[38;2;192;176;203m██████[38;2;120;108;132m██████████████████████████████████████[38;2;62;57;67m████[38;2;120;108;132m██████████[38;2;62;57;67m████[38;2;247;248;138m████████[38;2;246;175;94m██[38;2;247;88;183m██[38;2;246;175;94m██[38;2;247;88;183m██                                
                                    [38;2;15;16;16m██[38;2;120;108;132m██████████████[38;2;15;16;16m██[38;2;148;112;90m██████[38;2;15;16;16m██[38;2;115;76;65m██████[38;2;15;16;16m██████[38;2;120;108;132m██[38;2;15;16;16m████[38;2;62;57;67m██[38;2;192;176;203m████████[38;2;120;108;132m████████████████████████████████████████[38;2;62;57;67m████[38;2;120;108;132m██████████[38;2;15;16;16m██[38;2;247;248;138m██████[38;2;246;175;94m████████[38;2;247;88;183m██                              
                                      [38;2;15;16;16m████[38;2;120;108;132m████████[38;2;15;16;16m██████[38;2;148;112;90m██[38;2;115;76;65m████████████████[38;2;15;16;16m██[38;2;120;108;132m██████[38;2;62;57;67m██[38;2;192;176;203m████████[38;2;62;57;67m██[38;2;192;176;203m██[38;2;120;108;132m████████████████████████[38;2;62;57;67m██[38;2;120;108;132m████████████[38;2;62;57;67m████[38;2;15;16;16m██████[38;2;247;248;138m██████████[38;2;246;175;94m██████[38;2;247;88;183m██                              
                                          [38;2;15;16;16m████████    [38;2;62;57;67m██[38;2;15;16;16m██[38;2;115;76;65m██████████████████[38;2;15;16;16m██████[38;2;115;76;65m██[38;2;62;57;67m██[38;2;192;176;203m████[38;2;15;16;16m██[38;2;62;57;67m██[38;2;192;176;203m██████[38;2;120;108;132m██████████████████████[38;2;62;57;67m████[38;2;120;108;132m████████████[38;2;62;57;67m██[38;2;247;248;138m████████████████[38;2;246;175;94m██████[38;2;247;88;183m██                            
                                                    [38;2;62;57;67m██[38;2;120;108;132m████[38;2;15;16;16m██████████[38;2;115;76;65m██████████████████[38;2;15;16;16m████[38;2;115;76;65m████[38;2;62;57;67m██[38;2;192;176;203m████[38;2;62;57;67m██[38;2;192;176;203m████████[38;2;62;57;67m██[38;2;120;108;132m████████████[38;2;62;57;67m██[38;2;15;16;16m████[38;2;120;108;132m██████████[38;2;15;16;16m██[38;2;247;248;138m████████████████[38;2;246;175;94m████[38;2;247;88;183m██                            
                                                  [38;2;62;57;67m██[38;2;120;108;132m██████████[38;2;62;57;67m████  [38;2;70;49;40m████[38;2;15;16;16m██████[38;2;115;76;65m████████████[38;2;70;49;40m████[38;2;15;16;16m██[38;2;192;176;203m████[38;2;62;57;67m██[38;2;15;16;16m██[38;2;192;176;203m████████[38;2;62;57;67m██[38;2;120;108;132m████████████[38;2;62;57;67m██[38;2;246;175;94m██[38;2;15;16;16m██████████[38;2;247;248;138m██████████████████[38;2;246;175;94m████[38;2;247;88;183m██                            
                                                    [38;2;15;16;16m██████████                ██[38;2;115;76;65m████[38;2;70;49;40m██[38;2;15;16;16m████      ██[38;2;192;176;203m██[38;2;62;57;67m██  [38;2;15;16;16m██[38;2;192;176;203m████████[38;2;62;57;67m██[38;2;120;108;132m████████████[38;2;62;57;67m██[38;2;247;248;138m████████████████████████████[38;2;246;175;94m████[38;2;247;88;183m██                            
                                                                                [38;2;70;49;40m██[38;2;115;76;65m████[38;2;15;16;16m██          ██      ████[38;2;192;176;203m██████[38;2;15;16;16m████[38;2;120;108;132m██████████[38;2;62;57;67m██[38;2;247;248;138m██████████████████████████[38;2;246;175;94m████[38;2;247;88;183m██  ██[38;2;240;0;98m██                      
                                                                                  [38;2;70;49;40m██[38;2;115;76;65m████[38;2;70;49;40m██                    [38;2;15;16;16m██████  [38;2;247;88;183m██[38;2;15;16;16m██████████[38;2;247;248;138m██████████████████████████[38;2;246;175;94m████[38;2;247;88;183m████████[38;2;240;0;98m████                    
                                                                                    [38;2;70;49;40m██[38;2;115;76;65m████[38;2;70;49;40m██                          [38;2;247;88;183m██[38;2;247;248;138m██████████████████████████████████[38;2;246;175;94m████[38;2;247;88;183m██[38;2;246;175;94m██[38;2;247;88;183m██████[38;2;240;0;98m████                    
                                                                                      [38;2;70;49;40m██[38;2;115;76;65m████[38;2;70;49;40m██                        [38;2;247;88;183m██[38;2;247;248;138m██████████████████████████████████[38;2;246;175;94m██████[38;2;247;88;183m████████[38;2;240;0;98m██████                  
                                                                                        [38;2;70;49;40m██████                        [38;2;247;88;183m██[38;2;246;175;94m██[38;2;247;248;138m██████████████████████████████[38;2;246;175;94m██████[38;2;247;88;183m████████[38;2;240;0;98m████████                  
                                                                                                                        [38;2;247;88;183m██[38;2;247;248;138m██████████████████████████████[38;2;246;175;94m████████[38;2;247;88;183m██████[38;2;240;0;98m██████████                
                                                                                                                        [38;2;247;88;183m██[38;2;246;175;94m██[38;2;247;248;138m████████████████████████████[38;2;246;175;94m██████[38;2;247;88;183m████████[38;2;240;0;98m██████████  ██            
                                                                                                                          [38;2;247;88;183m██[38;2;246;175;94m██[38;2;247;248;138m████████████████████████[38;2;246;175;94m██████[38;2;247;88;183m████████[38;2;240;0;98m██████████████████      ████
                                                                                                                            [38;2;247;88;183m██[38;2;246;175;94m██[38;2;247;248;138m████████[38;2;246;175;94m██████[38;2;247;248;138m████[38;2;246;175;94m████████[38;2;247;88;183m████  ██[38;2;240;0;98m██████  ██████████████  ██████
                                                                                                                              [38;2;247;88;183m████[38;2;246;175;94m██[38;2;247;248;138m██[38;2;246;175;94m████████████[38;2;247;88;183m██[38;2;246;175;94m████[38;2;247;88;183m████[38;2;240;0;98m██    ████    ████████████████████  
                                                                                                                                  [38;2;247;88;183m██████[38;2;246;175;94m████[38;2;247;88;183m██[38;2;246;175;94m██[38;2;247;88;183m██[38;2;246;175;94m██[38;2;247;88;183m████[38;2;240;0;98m██████              ████████████████    
                                                                                                                                        [38;2;247;88;183m████████████  [38;2;240;0;98m██████                        ████        
                                                                                                                                                        ██████                                  
                                                                                                                                                          ████                                  
[0m