                                                                                                        [38;2;189;139;128m██████████████                                                                          
                                                                                                    ████[38;2;255;254;251m██████████████[38;2;189;139;128m████████                                                                  
                                                [38;2;146;103;87m████████████                                      ██[38;2;255;254;251m██████████████████████████[38;2;189;139;128m██████                                                            
                                        [38;2;146;103;87m██████[38;2;189;139;128m██[38;2;255;243;217m████████████[38;2;146;103;87m██                                    ██[38;2;255;254;251m████████████████████████████████[38;2;111;64;61m████[38;2;146;103;87m██                                                      
                                    [38;2;111;64;61m████[38;2;255;243;217m████████[38;2;224;200;175m██████[38;2;255;243;217m████████[38;2;146;103;87m██                                  ██[38;2;255;254;251m██████████████████████████████████████[38;2;111;64;61m██████                                                
                                ████[38;2;255;243;217m████[38;2;224;200;175m████[38;2;189;139;128m████████████[38;2;224;200;175m██[38;2;255;243;217m████[38;2;111;64;61m██                                    ██[38;2;146;103;87m██[38;2;224;200;175m██[38;2;255;254;251m██████████████████████████████████████[38;2;111;64;61m████                                            
                            ████[38;2;255;243;217m██[38;2;224;200;175m████[38;2;189;139;128m████████████████████[38;2;255;243;217m██████[38;2;111;64;61m██                                  ██[38;2;189;139;128m████[38;2;111;64;61m████[38;2;255;254;251m██████████████████████████████[38;2;189;139;128m████[38;2;255;254;251m████[38;2;111;64;61m██                                          
                        ████[38;2;255;243;217m████[38;2;224;200;175m██[38;2;189;139;128m██████████████████████[38;2;146;103;87m██[38;2;189;139;128m██[38;2;255;243;217m████[38;2;111;64;61m██                                    ██[38;2;189;139;128m██████[38;2;111;64;61m██[38;2;224;200;175m██[38;2;255;254;251m██████████████████[38;2;189;139;128m████[38;2;255;254;251m████████[38;2;146;103;87m████                                            
                        [38;2;255;243;217m████[38;2;224;200;175m████[38;2;189;139;128m████████████████████████[38;2;146;103;87m██[38;2;189;139;128m██[38;2;255;243;217m████[38;2;111;64;61m██                                    ██[38;2;189;139;128m██████[38;2;146;103;87m████[38;2;111;64;61m██[38;2;255;254;251m████████████████████[38;2;146;103;87m██████████                                              
                    ██[38;2;111;64;61m██[38;2;224;200;175m██████[38;2;189;139;128m██████████████████[38;2;146;103;87m██[38;2;189;139;128m██████[38;2;146;103;87m████[38;2;255;243;217m████[38;2;111;64;61m██                                    ██[38;2;189;139;128m██████[38;2;146;103;87m██[38;2;189;139;128m████[38;2;111;64;61m██[38;2;255;254;251m████████[38;2;189;139;128m████[38;2;255;254;251m████████[38;2;146;103;87m██[38;2;224;200;175m██████[38;2;111;64;61m████                                          
                  ██[38;2;189;139;128m██[38;2;255;243;217m██[38;2;224;200;175m████[38;2;189;139;128m████████████████████[38;2;146;103;87m██[38;2;189;139;128m████[38;2;146;103;87m██[38;2;189;139;128m██[38;2;146;103;87m██[38;2;255;243;217m████[38;2;111;64;61m██                                    ██[38;2;189;139;128m██████[38;2;146;103;87m██[38;2;189;139;128m██████[38;2;111;64;61m██[38;2;255;254;251m██████████[38;2;189;139;128m████[38;2;255;254;251m██████[38;2;146;103;87m██[38;2;255;243;217m████████[38;2;111;64;61m██[38;2;146;103;87m██                                      
              [38;2;111;64;61m██[38;2;255;243;217m████[38;2;224;200;175m██████[38;2;189;139;128m████████████[38;2;146;103;87m██[38;2;189;139;128m██████[38;2;146;103;87m██[38;2;189;139;128m██[38;2;146;103;87m████[38;2;189;139;128m████[38;2;146;103;87m██[38;2;255;243;217m████[38;2;111;64;61m██                                    ██[38;2;189;139;128m████[38;2;146;103;87m██[38;2;189;139;128m██████████[38;2;111;64;61m████[38;2;255;254;251m████████[38;2;146;103;87m██[38;2;255;243;217m██████████████████[38;2;255;254;251m████[38;2;146;103;87m██                                  
            [38;2;111;64;61m██[38;2;255;243;217m████[38;2;224;200;175m██[38;2;146;103;87m██[38;2;224;200;175m██[38;2;189;139;128m████████████[38;2;146;103;87m██[38;2;189;139;128m██████[38;2;146;103;87m██[38;2;189;139;128m████████████[38;2;146;103;87m██[38;2;255;243;217m████[38;2;111;64;61m██                                  ██[38;2;224;200;175m██[38;2;189;139;128m████[38;2;146;103;87m██[38;2;189;139;128m██████████████[38;2;111;64;61m██[38;2;255;254;251m██████[38;2;146;103;87m██[38;2;255;243;217m██████████████████[38;2;255;254;251m██████[38;2;146;103;87m██                                
          [38;2;111;64;61m██[38;2;255;243;217m████[38;2;111;64;61m████[38;2;224;200;175m████[38;2;189;139;128m████[38;2;146;103;87m██[38;2;224;200;175m██[38;2;189;139;128m████[38;2;146;103;87m██[38;2;189;139;128m████[38;2;146;103;87m██[38;2;189;139;128m██████████████[38;2;255;243;217m██[38;2;146;103;87m██[38;2;255;243;217m████[38;2;111;64;61m██                                ██[38;2;224;200;175m████[38;2;189;139;128m████████████████████[38;2;111;64;61m██[38;2;224;200;175m██[38;2;255;254;251m████[38;2;146;103;87m██[38;2;255;243;217m██████████████████[38;2;255;254;251m██████[38;2;146;103;87m██                              
          [38;2;111;64;61m██████[38;2;189;139;128m██[38;2;146;103;87m██[38;2;224;200;175m████[38;2;189;139;128m██[38;2;146;103;87m██[38;2;224;200;175m██[38;2;189;139;128m████[38;2;146;103;87m██[38;2;189;139;128m██[38;2;146;103;87m████[38;2;189;139;128m██████[38;2;146;103;87m██[38;2;189;139;128m████████[38;2;255;243;217m██[38;2;146;103;87m██[38;2;255;243;217m████[38;2;111;64;61m██                              ██[38;2;255;243;217m██[38;2;224;200;175m████[38;2;146;103;87m██[38;2;189;139;128m████████████████████[38;2;111;64;61m██[38;2;255;254;251m████[38;2;111;64;61m████[38;2;255;243;217m████████████████[38;2;255;254;251m████████[38;2;111;64;61m██                            
              ██[38;2;146;103;87m██[38;2;224;200;175m██████[38;2;146;103;87m██[38;2;224;200;175m██[38;2;189;139;128m████[38;2;146;103;87m██[38;2;189;139;128m██████████████[38;2;111;64;61m██[38;2;189;139;128m██████[38;2;111;64;61m██[38;2;255;243;217m██[38;2;146;103;87m██[38;2;255;243;217m████[38;2;111;64;61m██                          ████[38;2;255;243;217m████[38;2;224;200;175m██[38;2;146;103;87m██[38;2;189;139;128m████████████████████████[38;2;111;64;61m██[38;2;255;254;251m██[38;2;111;64;61m██  ██[38;2;255;243;217m██████████████[38;2;255;254;251m████[38;2;189;139;128m██[38;2;255;254;251m████[38;2;111;64;61m██                          
            ██[38;2;189;139;128m██[38;2;146;103;87m██[38;2;224;200;175m██████████[38;2;189;139;128m██[38;2;146;103;87m██[38;2;189;139;128m████[38;2;146;103;87m██[38;2;189;139;128m██████████[38;2;111;64;61m██[38;2;189;139;128m██████[38;2;111;64;61m██[38;2;255;243;217m██[38;2;189;139;128m██[38;2;255;243;217m██████[38;2;111;64;61m██                ████████[38;2;255;243;217m██████[38;2;224;200;175m██[38;2;146;103;87m██[38;2;189;139;128m████████████████████████████[38;2;111;64;61m████    ██[38;2;255;243;217m████████████[38;2;255;254;251m██████[38;2;189;139;128m██[38;2;255;254;251m████[38;2;111;64;61m██                        
          ██[38;2;224;200;175m██[38;2;189;139;128m██[38;2;146;103;87m██[38;2;224;200;175m████[38;2;146;103;87m██[38;2;224;200;175m████[38;2;146;103;87m██[38;2;189;139;128m██████[38;2;111;64;61m██[38;2;189;139;128m████████[38;2;111;64;61m████[38;2;189;139;128m████[38;2;111;64;61m██[38;2;146;103;87m██[38;2;255;243;217m████[38;2;146;103;87m██[38;2;255;243;217m██████[38;2;111;64;61m██        ████[38;2;189;139;128m██[38;2;255;243;217m████████████[38;2;146;103;87m████[38;2;189;139;128m████████████████████████████████[38;2;111;64;61m██      ██[38;2;255;243;217m██████████[38;2;255;254;251m████████[38;2;189;139;128m██[38;2;255;254;251m██[38;2;111;64;61m██                        
          [38;2;146;103;87m██[38;2;224;200;175m██[38;2;189;139;128m████[38;2;146;103;87m████[38;2;189;139;128m██[38;2;146;103;87m████[38;2;189;139;128m████████[38;2;111;64;61m██[38;2;146;103;87m██[38;2;189;139;128m████[38;2;111;64;61m██    ████    [38;2;146;103;87m██[38;2;255;243;217m████[38;2;146;103;87m██[38;2;255;243;217m██████[38;2;111;64;61m██  ████[38;2;255;243;217m████████████[38;2;146;103;87m██████[38;2;189;139;128m██████████████████[38;2;111;64;61m██[38;2;189;139;128m████████[38;2;224;200;175m██[38;2;189;139;128m██[38;2;224;200;175m██[38;2;111;64;61m██          ██[38;2;255;243;217m██████[38;2;255;254;251m████████████[38;2;189;139;128m██[38;2;255;254;251m██                        
        [38;2;111;64;61m██[38;2;255;243;217m██[38;2;224;200;175m██[38;2;189;139;128m████████████████████[38;2;111;64;61m██  [38;2;146;103;87m██[38;2;111;64;61m████              ██[38;2;255;243;217m██████[38;2;189;139;128m████[38;2;146;103;87m██[38;2;224;200;175m██[38;2;111;64;61m██[38;2;189;139;128m██[38;2;255;243;217m██████[38;2;146;103;87m████████[38;2;189;139;128m██████████████████████████[38;2;111;64;61m██[38;2;189;139;128m████[38;2;224;200;175m██[38;2;189;139;128m██[38;2;224;200;175m██[38;2;111;64;61m██              ██[38;2;255;243;217m████[38;2;255;254;251m████[38;2;189;139;128m██[38;2;255;254;251m██████[38;2;146;103;87m██[38;2;255;254;251m██                        
      [38;2;111;64;61m██[38;2;255;243;217m████[38;2;224;200;175m████[38;2;146;103;87m██[38;2;189;139;128m██████[38;2;146;103;87m██[38;2;189;139;128m████████[38;2;146;103;87m██                      [38;2;111;64;61m██[38;2;255;243;217m██[38;2;111;64;61m██[38;2;255;243;217m████[38;2;189;139;128m██[38;2;255;255;255m██[38;2;224;200;175m██[38;2;111;64;61m██[38;2;255;243;217m██████[38;2;146;103;87m██[38;2;189;139;128m██████████████████████████████████[38;2;111;64;61m████████████                  ██[38;2;255;243;217m██[38;2;255;254;251m██████[38;2;189;139;128m██[38;2;255;254;251m██████[38;2;146;103;87m██                        
      [38;2;111;64;61m██[38;2;255;243;217m████[38;2;224;200;175m████[38;2;146;103;87m██[38;2;189;139;128m██████[38;2;111;64;61m██[38;2;189;139;128m██████[38;2;111;64;61m██                          [38;2;146;103;87m██[38;2;111;64;61m██[38;2;255;243;217m████[38;2;146;103;87m██[38;2;255;255;255m██[38;2;111;64;61m██[38;2;189;139;128m██[38;2;255;243;217m████[38;2;65;78;107m██[38;2;189;139;128m██████████████████████████████████████                            [38;2;111;64;61m██[38;2;255;254;251m████████[38;2;146;103;87m██[38;2;255;254;251m██████[38;2;111;64;61m██                        
    ██[38;2;255;243;217m████████[38;2;146;103;87m██[38;2;224;200;175m██[38;2;189;139;128m██████[38;2;146;103;87m██[38;2;189;139;128m████[38;2;111;64;61m██                              ██[38;2;255;243;217m██[38;2;82;106;153m██[38;2;111;64;61m██[38;2;255;255;255m██[38;2;205;205;205m██[38;2;0;0;0m██[38;2;255;243;217m████[38;2;106;142;218m██[38;2;65;78;107m██[38;2;189;139;128m████████████████████████████████████                              [38;2;111;64;61m██[38;2;255;254;251m████████[38;2;146;103;87m██[38;2;255;254;251m████[38;2;111;64;61m██                        
    ██[38;2;255;243;217m████████[38;2;146;103;87m██[38;2;224;200;175m██[38;2;189;139;128m██████  [38;2;111;64;61m████                                  [38;2;82;106;153m██[38;2;177;212;255m██[38;2;65;78;107m██[38;2;255;255;255m██[38;2;205;205;205m██[38;2;106;142;218m████[38;2;177;212;255m████[38;2;106;142;218m██[38;2;65;78;107m██[38;2;189;139;128m██████████████[38;2;111;64;61m████[38;2;189;139;128m████████████████                                [38;2;146;103;87m██[38;2;255;254;251m██████[38;2;146;103;87m██[38;2;255;254;251m██████                        
  [38;2;111;64;61m██[38;2;255;243;217m████████[38;2;146;103;87m██[38;2;255;243;217m██[38;2;224;200;175m████[38;2;189;139;128m██[38;2;111;64;61m██                                        [38;2;0;0;0m██[38;2;177;212;255m██[38;2;209;246;255m██[38;2;106;142;218m██[38;2;177;212;255m██████████████[38;2;82;106;153m██[38;2;189;139;128m████████████[38;2;146;103;87m██  [38;2;111;64;61m████[38;2;189;139;128m██████████[38;2;111;64;61m██                                ██[38;2;255;254;251m████████[38;2;146;103;87m██[38;2;255;254;251m████                        
  [38;2;111;64;61m██[38;2;255;243;217m████████[38;2;146;103;87m██[38;2;255;243;217m████[38;2;224;200;175m██[38;2;189;139;128m██[38;2;146;103;87m██                                      [38;2;82;106;153m██[38;2;177;212;255m██[38;2;209;246;255m████████[38;2;177;212;255m██████████████[38;2;146;103;87m██[38;2;111;64;61m████[38;2;189;139;128m██████[38;2;111;64;61m██      ██████████                                    ██[38;2;255;254;251m██████[38;2;146;103;87m██[38;2;255;254;251m████                        
  [38;2;111;64;61m██[38;2;255;243;217m██████[38;2;111;64;61m██[38;2;146;103;87m██[38;2;255;243;217m██████[38;2;111;64;61m██                                        [38;2;0;0;0m██[38;2;177;212;255m██[38;2;209;246;255m████████[38;2;177;212;255m████[38;2;82;106;153m██[38;2;106;142;218m██[38;2;177;212;255m██████[38;2;65;78;107m██    [38;2;111;64;61m██████                                                      ██[38;2;255;254;251m██████[38;2;111;64;61m██[38;2;189;139;128m██[38;2;255;254;251m██                        
[38;2;146;103;87m██[38;2;255;243;217m██████[38;2;146;103;87m██  ██[38;2;255;243;217m████[38;2;111;64;61m██                                          [38;2;0;0;0m██[38;2;177;212;255m██[38;2;209;246;255m████████[38;2;177;212;255m██[38;2;110;51;104m██[38;2;167;67;156m██[38;2;205;205;205m██[38;2;82;106;153m██[38;2;177;212;255m████[38;2;65;78;107m██                                                                  [38;2;111;64;61m██[38;2;255;254;251m████[38;2;111;64;61m██[38;2;189;139;128m██[38;2;255;254;251m██                        
[38;2;146;103;87m██[38;2;255;243;217m██████[38;2;111;64;61m██    ████                                            [38;2;65;78;107m██[38;2;106;142;218m██████[38;2;209;246;255m██[38;2;177;212;255m████[38;2;167;67;156m██[38;2;255;255;255m██[38;2;205;205;205m██[38;2;65;78;107m██[38;2;177;212;255m████[38;2;106;142;218m██[38;2;65;78;107m██                                                                [38;2;111;64;61m██[38;2;255;254;251m██[38;2;111;64;61m██    [38;2;146;103;87m██                        
██[38;2;255;243;217m████[38;2;111;64;61m██                                                    [38;2;65;78;107m██[38;2;106;142;218m██[38;2;177;212;255m████████████[38;2;167;67;156m██[38;2;110;51;104m██[38;2;255;255;255m██[38;2;65;78;107m██[38;2;177;212;255m████[38;2;106;142;218m██[38;2;0;0;0m██                                                                [38;2;111;64;61m██[38;2;255;254;251m██[38;2;111;64;61m██                              
[38;2;146;103;87m██[38;2;255;243;217m██[38;2;146;103;87m██                                                    [38;2;65;78;107m██[38;2;106;142;218m██[38;2;177;212;255m██████████████[38;2;110;51;104m██[38;2;167;67;156m██[38;2;255;255;255m██[38;2;106;142;218m██[38;2;177;212;255m████[38;2;106;142;218m██[38;2;0;0;0m██                                                                  [38;2;111;64;61m██                                
  [38;2;146;103;87m██                                                      [38;2;65;78;107m██[38;2;177;212;255m████████████████████████████[38;2;106;142;218m██[38;2;0;0;0m██                                                                                                    
                                                        [38;2;65;78;107m██[38;2;177;212;255m████████████████████████████[38;2;106;142;218m████[38;2;0;0;0m██                                                                                                    
                                                        ██[38;2;177;212;255m██[38;2;106;142;218m██[38;2;177;212;255m████████[38;2;106;142;218m██[38;2;177;212;255m██████████[38;2;65;78;107m██[38;2;106;142;218m██████[38;2;0;0;0m██                                                                                                    
                                                          [38;2;65;78;107m██[38;2;177;212;255m██[38;2;82;106;153m██[38;2;177;212;255m████[38;2;82;106;153m██[38;2;177;212;255m██████████[38;2;106;142;218m██[38;2;65;78;107m██[38;2;106;142;218m████[38;2;0;0;0m██                                                                                                      
                                                          ██[38;2;106;142;218m████████[38;2;177;212;255m████████[38;2;106;142;218m████[38;2;65;78;107m██[38;2;106;142;218m██████[38;2;0;0;0m██        [38;2;110;51;104m████████                                                                                      
                                                            [38;2;0;0;0m██[38;2;106;142;218m████████████████[38;2;65;78;107m██[38;2;106;142;218m██[38;2;65;78;107m██[38;2;106;142;218m████[38;2;0;0;0m██        [38;2;110;51;104m██[38;2;212;88;202m██████[38;2;110;51;104m██                                                                                    
                                                [38;2;98;98;98m██            [38;2;0;0;0m████[38;2;106;142;218m████████[38;2;0;0;0m████[38;2;65;78;107m████[38;2;106;142;218m██████[38;2;0;0;0m██        [38;2;110;51;104m██[38;2;212;88;202m████████[38;2;110;51;104m██                                                                                  
                                              [38;2;98;98;98m██[38;2;255;255;255m██[38;2;0;0;0m██              ██████[38;2;65;78;107m██[38;2;106;142;218m████████████████[38;2;0;0;0m██    ██[38;2;110;51;104m████[38;2;212;88;202m████████[38;2;110;51;104m██                                                                                
                                            [38;2;65;78;107m██[38;2;255;255;255m████[38;2;98;98;98m██[38;2;0;0;0m██████        ██[38;2;106;142;218m██████████████████████[38;2;0;0;0m██    ██[38;2;110;51;104m████[38;2;212;88;202m██[38;2;0;0;0m████████                                                                                
                                          [38;2;65;78;107m██[38;2;209;246;255m██[38;2;177;212;255m██[38;2;82;106;153m██[38;2;65;78;107m██[38;2;82;106;153m██[38;2;205;205;205m██[38;2;0;0;0m██        ██[38;2;106;142;218m████[38;2;82;106;153m██[38;2;106;142;218m████████████████[38;2;65;78;107m██[38;2;0;0;0m████[38;2;110;51;104m████[38;2;0;0;0m████                                                                                        
                                        [38;2;65;78;107m██[38;2;209;246;255m██████[38;2;177;212;255m██████[38;2;82;106;153m██[38;2;0;0;0m██        ██[38;2;106;142;218m██[38;2;82;106;153m██[38;2;224;200;175m██[38;2;82;106;153m██[38;2;106;142;218m██████████████[38;2;177;212;255m██[38;2;0;0;0m██[38;2;110;51;104m████[38;2;0;0;0m██                  [38;2;146;103;87m██████                                                                    
                                        [38;2;65;78;107m██[38;2;209;246;255m██████[38;2;177;212;255m████████[38;2;0;0;0m██        ██[38;2;82;106;153m██[38;2;224;200;175m██████[38;2;82;106;153m██[38;2;106;142;218m██████████[38;2;177;212;255m████[38;2;82;106;153m██[38;2;0;0;0m████            [38;2;146;103;87m████████[38;2;255;243;217m████[38;2;111;64;61m██                                                                    
                                      [38;2;65;78;107m██[38;2;177;212;255m████[38;2;209;246;255m██[38;2;82;106;153m██[38;2;98;98;98m████[38;2;177;212;255m██████[38;2;0;0;0m██    ████[38;2;224;200;175m████████[38;2;82;106;153m██[38;2;106;142;218m████████[38;2;177;212;255m██████████[38;2;82;106;153m██[38;2;65;78;107m████████████[38;2;224;200;175m████[38;2;255;243;217m██████[38;2;111;64;61m██                                                                      
                                      [38;2;65;78;107m██[38;2;177;212;255m████[38;2;82;106;153m██[38;2;255;255;255m████[38;2;0;0;0m██[38;2;177;212;255m██████[38;2;0;0;0m██████[38;2;106;142;218m██[38;2;0;0;0m██[38;2;255;243;217m██[38;2;224;200;175m██████[38;2;82;106;153m██[38;2;106;142;218m████[38;2;177;212;255m████████████████████████[38;2;255;243;217m████████████[38;2;111;64;61m██                                                                        
                                      [38;2;65;78;107m██[38;2;177;212;255m██████[38;2;205;205;205m██[38;2;98;98;98m██[38;2;177;212;255m████████[38;2;65;78;107m██[38;2;106;142;218m████[38;2;65;78;107m██[38;2;255;243;217m██████[38;2;224;200;175m████[38;2;255;243;217m██[38;2;189;139;128m██[38;2;177;212;255m██████████████████████████████[38;2;255;243;217m████[38;2;189;139;128m██[38;2;111;64;61m██                                                                          
                                      [38;2;65;78;107m██[38;2;177;212;255m██████[38;2;82;106;153m██[38;2;0;0;0m██[38;2;177;212;255m██████[38;2;106;142;218m██[38;2;65;78;107m██[38;2;106;142;218m████[38;2;0;0;0m██[38;2;255;243;217m████████████[38;2;189;139;128m██[38;2;177;212;255m████████████[38;2;106;142;218m██[38;2;177;212;255m████████[38;2;224;200;175m████[38;2;255;243;217m████████████[38;2;111;64;61m██                                                                        
                                      [38;2;65;78;107m██[38;2;106;142;218m██[38;2;177;212;255m████████████[38;2;106;142;218m████[38;2;65;78;107m██[38;2;106;142;218m████[38;2;0;0;0m██[38;2;255;243;217m████████████[38;2;189;139;128m██[38;2;177;212;255m██████████████[38;2;65;78;107m██[38;2;255;243;217m██████████[38;2;111;64;61m██[38;2;189;139;128m████[38;2;111;64;61m██████                                                                          
                                      [38;2;65;78;107m██[38;2;106;142;218m████[38;2;177;212;255m████████[38;2;106;142;218m████[38;2;82;106;153m██[38;2;106;142;218m██████[38;2;0;0;0m██[38;2;255;243;217m████████████[38;2;189;139;128m██[38;2;177;212;255m████████████████[38;2;65;78;107m████[38;2;255;243;217m████████[38;2;0;0;0m████                                                                                
                                        [38;2;65;78;107m██[38;2;106;142;218m██████████████[38;2;82;106;153m██[38;2;106;142;218m████[38;2;0;0;0m██[38;2;255;243;217m██[38;2;189;139;128m██[38;2;255;243;217m████████[38;2;189;139;128m████[38;2;177;212;255m██████████████████[38;2;106;142;218m██[38;2;111;64;61m████████[38;2;177;212;255m████[38;2;0;0;0m████                    [38;2;65;78;107m██████████████████████                                  
                                        [38;2;0;0;0m██[38;2;106;142;218m████████████████████[38;2;0;0;0m██[38;2;255;243;217m████[38;2;189;139;128m██[38;2;255;243;217m██[38;2;189;139;128m████[38;2;255;243;217m██[38;2;189;139;128m██[38;2;177;212;255m████████████[38;2;82;106;153m████[38;2;177;212;255m████████████████████[38;2;65;78;107m████          ██████[38;2;177;212;255m██████████████████████[38;2;65;78;107m████████                          
                                          [38;2;0;0;0m██[38;2;106;142;218m████████████████[38;2;0;0;0m████[38;2;255;243;217m██████[38;2;189;139;128m██[38;2;255;243;217m████████[38;2;189;139;128m██[38;2;177;212;255m██████████████[38;2;65;78;107m████[38;2;177;212;255m██████████████████[38;2;106;142;218m██[38;2;65;78;107m██  ██████[38;2;177;212;255m████████████████████████████████████[38;2;65;78;107m██                        
                                            [38;2;0;0;0m██[38;2;106;142;218m██████████[38;2;0;0;0m████  ██[38;2;255;243;217m████████████████[38;2;189;139;128m██[38;2;177;212;255m████████████████[38;2;106;142;218m██[38;2;65;78;107m██[38;2;177;212;255m██████████████████[38;2;106;142;218m██[38;2;65;78;107m██[38;2;177;212;255m████████████████████████████████████████████[38;2;65;78;107m████                    
                                              [38;2;0;0;0m██████████    ██[38;2;255;243;217m██████████████████[38;2;189;139;128m██[38;2;177;212;255m████████████████████[38;2;65;78;107m██[38;2;177;212;255m████████████████[38;2;106;142;218m████[38;2;65;78;107m██[38;2;177;212;255m████████████████████████████████████████████[38;2;106;142;218m██[38;2;65;78;107m██[38;2;0;0;0m██                
                                                            ██[38;2;255;243;217m██████████████████[38;2;189;139;128m██[38;2;177;212;255m██████████████████████[38;2;0;0;0m██[38;2;177;212;255m████████████[38;2;106;142;218m████████[38;2;65;78;107m██[38;2;177;212;255m████████████████████████████████████████████[38;2;106;142;218m████[38;2;0;0;0m██              
                                                            ██[38;2;255;243;217m██████████████████[38;2;189;139;128m██[38;2;177;212;255m██████████████████████████[38;2;0;0;0m██[38;2;106;142;218m██████████████[38;2;0;0;0m██[38;2;255;255;255m████[38;2;0;0;0m██[38;2;177;212;255m██████████████████████████████████████████[38;2;106;142;218m██████[38;2;0;0;0m██          
                                                            ██[38;2;255;243;217m████████████████████[38;2;189;139;128m██[38;2;177;212;255m██████████████████████████[38;2;0;0;0m██[38;2;106;142;218m██████[38;2;98;98;98m████[38;2;106;142;218m████[38;2;0;0;0m████[38;2;177;212;255m████████████████████████████████████████████[38;2;106;142;218m████████[38;2;0;0;0m██        
                                                            ██[38;2;255;243;217m██████████████████[38;2;189;139;128m████[38;2;177;212;255m████████████████████████████[38;2;0;0;0m████[38;2;106;142;218m██[38;2;82;106;153m██[38;2;255;255;255m██[38;2;98;98;98m██[38;2;0;0;0m██[38;2;177;212;255m██████████████[38;2;146;103;87m██[38;2;177;212;255m██████████████████████████████[38;2;106;142;218m████████████[38;2;0;0;0m██      
                                                            ██[38;2;189;139;128m██[38;2;255;243;217m██████████████[38;2;189;139;128m██[38;2;255;243;217m██[38;2;189;139;128m██[38;2;177;212;255m████████████████████████████[38;2;106;142;218m████[38;2;0;0;0m████████[38;2;106;142;218m██[38;2;177;212;255m████████████[38;2;146;103;87m██[38;2;255;243;217m██[38;2;111;64;61m██[38;2;177;212;255m████████████████████████[38;2;106;142;218m████████████████[38;2;0;0;0m██      
                                                            ██[38;2;255;243;217m██[38;2;189;139;128m██[38;2;255;243;217m████████[38;2;189;139;128m████[38;2;255;243;217m████[38;2;189;139;128m██[38;2;177;212;255m████████████████████████████[38;2;106;142;218m██████████████[38;2;65;78;107m██[38;2;177;212;255m██████[38;2;111;64;61m██[38;2;177;212;255m██[38;2;146;103;87m██[38;2;255;243;217m██[38;2;111;64;61m██[38;2;177;212;255m██████████████████[38;2;106;142;218m████████████████████████[38;2;0;0;0m██    
                                                              ██[38;2;255;243;217m██[38;2;189;139;128m██[38;2;255;243;217m████[38;2;189;139;128m██[38;2;255;243;217m██████████[38;2;189;139;128m██[38;2;177;212;255m██████████████████████████[38;2;82;106;153m██[38;2;106;142;218m██[38;2;177;212;255m██████[38;2;106;142;218m██████[38;2;65;78;107m██[38;2;177;212;255m██[38;2;111;64;61m██[38;2;255;243;217m██[38;2;146;103;87m██[38;2;255;243;217m████[38;2;111;64;61m██[38;2;177;212;255m████████████████[38;2;106;142;218m██████████████████████████[38;2;0;0;0m██    
                                                              ██[38;2;255;243;217m████[38;2;189;139;128m████[38;2;255;243;217m████████████[38;2;189;139;128m██[38;2;177;212;255m██████████████████████████[38;2;82;106;153m██[38;2;177;212;255m██████████[38;2;106;142;218m████[38;2;65;78;107m██[38;2;177;212;255m██[38;2;111;64;61m██[38;2;255;243;217m██[38;2;146;103;87m██[38;2;255;243;217m████[38;2;65;78;107m██[38;2;177;212;255m████[38;2;0;0;0m████████████████[38;2;106;142;218m████████████████████████[38;2;0;0;0m██  
                                                              ██[38;2;224;200;175m██[38;2;255;243;217m████████████████████[38;2;189;139;128m██[38;2;177;212;255m██████████████████████[38;2;82;106;153m██[38;2;177;212;255m████[38;2;209;246;255m████[38;2;177;212;255m██████[38;2;106;142;218m████[38;2;65;78;107m██[38;2;224;200;175m██[38;2;255;243;217m██[38;2;224;200;175m██[38;2;255;243;217m██[38;2;111;64;61m██[38;2;106;142;218m██[38;2;0;0;0m████                ████[38;2;106;142;218m████████████████████[38;2;0;0;0m██  
                                                              ██[38;2;224;200;175m████[38;2;255;243;217m██████████████████[38;2;189;139;128m██[38;2;177;212;255m██████████████████████[38;2;82;106;153m██[38;2;177;212;255m██[38;2;209;246;255m██████[38;2;177;212;255m██████[38;2;106;142;218m████[38;2;111;64;61m██[38;2;224;200;175m██[38;2;255;243;217m██████[38;2;111;64;61m██[38;2;0;0;0m██                        ██[38;2;106;142;218m██████████████████[38;2;0;0;0m██  
                                                                ██[38;2;224;200;175m████[38;2;255;243;217m██████████████████[38;2;189;139;128m██[38;2;177;212;255m██████████████████[38;2;106;142;218m██[38;2;177;212;255m████[38;2;209;246;255m██████[38;2;177;212;255m██████[38;2;106;142;218m████[38;2;111;64;61m██[38;2;224;200;175m██[38;2;255;243;217m██████[38;2;0;0;0m██                            ██[38;2;106;142;218m██████████████████[38;2;0;0;0m██
                                                                ██[38;2;224;200;175m██████[38;2;255;243;217m████████████████[38;2;189;139;128m██[38;2;177;212;255m██████████████[38;2;106;142;218m██████[38;2;177;212;255m████[38;2;209;246;255m██████[38;2;177;212;255m██████[38;2;106;142;218m████[38;2;111;64;61m██[38;2;224;200;175m██[38;2;255;243;217m████[38;2;0;0;0m██                                ██[38;2;106;142;218m████████████████[38;2;0;0;0m██
                                                              [38;2;65;78;107m██[38;2;106;142;218m██[38;2;0;0;0m██[38;2;224;200;175m██████████[38;2;255;243;217m██████████[38;2;189;139;128m██[38;2;82;106;153m██[38;2;177;212;255m████████[38;2;106;142;218m██████████[38;2;177;212;255m██████[38;2;209;246;255m██[38;2;177;212;255m████████[38;2;106;142;218m██[38;2;65;78;107m██[38;2;224;200;175m██[38;2;177;212;255m██[38;2;255;243;217m██[38;2;177;212;255m██[38;2;0;0;0m██                                  [38;2;65;78;107m██[38;2;106;142;218m██████████████[38;2;0;0;0m██
                                                              [38;2;65;78;107m██[38;2;106;142;218m██[38;2;0;0;0m██[38;2;189;139;128m██[38;2;224;200;175m████████████████[38;2;189;139;128m██[38;2;224;200;175m████[38;2;82;106;153m██[38;2;106;142;218m██████████████[38;2;65;78;107m██[38;2;177;212;255m██████████████[38;2;106;142;218m████[38;2;65;78;107m██[38;2;224;200;175m██[38;2;177;212;255m████[38;2;0;0;0m██                                    ██[38;2;106;142;218m██████████████[38;2;0;0;0m██
                                                              [38;2;65;78;107m██[38;2;106;142;218m████[38;2;0;0;0m██[38;2;189;139;128m██[38;2;224;200;175m████████████[38;2;189;139;128m██[38;2;224;200;175m████████[38;2;82;106;153m██[38;2;106;142;218m████████████[38;2;65;78;107m██[38;2;106;142;218m██[38;2;177;212;255m████████████[38;2;106;142;218m████[38;2;65;78;107m██[38;2;106;142;218m██[38;2;177;212;255m██[38;2;0;0;0m██                                        [38;2;65;78;107m██[38;2;106;142;218m██████████[38;2;65;78;107m██  
                                                                ██[38;2;106;142;218m████[38;2;0;0;0m██[38;2;189;139;128m████[38;2;224;200;175m██████[38;2;189;139;128m██[38;2;224;200;175m████████████[38;2;82;106;153m██[38;2;106;142;218m██████████[38;2;65;78;107m██[38;2;106;142;218m████[38;2;177;212;255m██████[38;2;106;142;218m████████[38;2;65;78;107m██[38;2;106;142;218m████[38;2;0;0;0m██                                        [38;2;65;78;107m██[38;2;106;142;218m██████████[38;2;0;0;0m██  
                                                                [38;2;65;78;107m██[38;2;106;142;218m██████[38;2;224;200;175m████[38;2;189;139;128m██████[38;2;224;200;175m████████████████[38;2;82;106;153m██[38;2;106;142;218m████████[38;2;0;0;0m██[38;2;106;142;218m██████████████████[38;2;65;78;107m██[38;2;106;142;218m████[38;2;0;0;0m██                                        [38;2;65;78;107m██[38;2;106;142;218m██████████[38;2;0;0;0m██  
                                                                  [38;2;65;78;107m██[38;2;106;142;218m████[38;2;0;0;0m██[38;2;224;200;175m██████████████████████████[38;2;189;139;128m██[38;2;82;106;153m██[38;2;106;142;218m████[38;2;0;0;0m██[38;2;106;142;218m██████████████████████[38;2;0;0;0m██                                          [38;2;65;78;107m██[38;2;106;142;218m██████████[38;2;0;0;0m██  
                                                                    [38;2;65;78;107m██[38;2;106;142;218m████[38;2;0;0;0m████[38;2;224;200;175m██████████████████████████[38;2;82;106;153m██████[38;2;0;0;0m██[38;2;106;142;218m████████████████████[38;2;0;0;0m██                                  [38;2;133;59;173m██████[38;2;65;78;107m██[38;2;106;142;218m██████████[38;2;65;78;107m██    
                                                                      [38;2;0;0;0m██[38;2;106;142;218m██████[38;2;0;0;0m████[38;2;224;200;175m██████████████████[38;2;189;139;128m██████████[38;2;0;0;0m██[38;2;106;142;218m██████████████████[38;2;0;0;0m██[38;2;106;142;218m██[38;2;0;0;0m██                                [38;2;163;127;237m██████[38;2;65;78;107m██[38;2;106;142;218m██████████[38;2;0;0;0m██    
                                                                        ██[38;2;65;78;107m████[38;2;106;142;218m████[38;2;0;0;0m████[38;2;224;200;175m████████[38;2;189;139;128m██████████████████[38;2;0;0;0m██[38;2;106;142;218m██████████████[38;2;82;106;153m██[38;2;106;142;218m██████[38;2;0;0;0m██                            [38;2;133;59;173m██[38;2;213;175;255m██[38;2;163;127;237m██[38;2;65;78;107m██[38;2;106;142;218m██████████[38;2;0;0;0m██      
                                                                          [38;2;65;78;107m██[38;2;106;142;218m██████████[38;2;0;0;0m██████████[38;2;189;139;128m████████████[38;2;0;0;0m████  ████[38;2;106;142;218m██████████████████[38;2;0;0;0m██                          [38;2;133;59;173m██[38;2;213;175;255m██[38;2;255;255;255m██[38;2;213;175;255m██[38;2;133;59;173m██[38;2;106;142;218m████████[38;2;0;0;0m██        
                                                                          [38;2;65;78;107m██[38;2;106;142;218m████████████████[38;2;0;0;0m██  ████████████          ██[38;2;65;78;107m██[38;2;106;142;218m██████████████[38;2;0;0;0m██                          [38;2;133;59;173m██[38;2;213;175;255m██[38;2;255;255;255m██[38;2;213;175;255m██[38;2;163;127;237m████[38;2;133;59;173m██████[38;2;161;255;253m██[38;2;0;0;0m██      
                                                                        [38;2;65;78;107m██[38;2;98;98;98m██[38;2;106;142;218m██████████████[38;2;0;0;0m██                          ██[38;2;106;142;218m██████████████[38;2;0;0;0m██                            [38;2;133;59;173m██[38;2;163;127;237m██████████[38;2;114;214;255m██████[38;2;161;255;253m██[38;2;0;0;0m██      
                                                                        ██[38;2;205;205;205m██[38;2;82;106;153m██[38;2;98;98;98m██[38;2;106;142;218m██████████[38;2;0;0;0m██                          ██[38;2;106;142;218m██████████████[38;2;0;0;0m██                            [38;2;133;59;173m██[38;2;163;127;237m████████[38;2;114;214;255m██[38;2;163;160;233m████[38;2;114;214;255m██[38;2;161;255;253m██[38;2;0;0;0m██      
                                                                        ██[38;2;205;205;205m██[38;2;0;0;0m██[38;2;205;205;205m██[38;2;98;98;98m██[38;2;106;142;218m████████[38;2;0;0;0m██                          ██[38;2;106;142;218m██████████████[38;2;0;0;0m██                          [38;2;65;78;107m██[38;2;106;142;218m██[38;2;133;59;173m██[38;2;163;127;237m████[38;2;114;214;255m██[38;2;163;160;233m██████[38;2;161;255;253m██[38;2;133;59;173m██        
                                                                          [38;2;0;0;0m████[38;2;205;205;205m████[38;2;98;98;98m████[38;2;106;142;218m██[38;2;0;0;0m██                          ██[38;2;106;142;218m████████████████[38;2;0;0;0m██                        [38;2;65;78;107m██[38;2;106;142;218m████[38;2;65;78;107m██[38;2;114;214;255m██████[38;2;163;160;233m████[38;2;161;255;253m██[38;2;163;160;233m██[38;2;0;0;0m██        
                                                                            ██[38;2;205;205;205m██[38;2;0;0;0m██[38;2;205;205;205m████[38;2;0;0;0m██                            ██[38;2;106;142;218m██████████████████[38;2;0;0;0m██                        ████  [38;2;133;59;173m██[38;2;114;214;255m██[38;2;161;255;253m██████[38;2;0;0;0m████          
                                                                              ██  ██[38;2;205;205;205m██[38;2;0;0;0m██                            ██[38;2;98;98;98m██[38;2;106;142;218m████████████████[38;2;0;0;0m██                                ████████              
                                                                                    ██                              ██[38;2;205;205;205m██[38;2;82;106;153m██[38;2;98;98;98m████[38;2;106;142;218m██████████[38;2;0;0;0m██                                                      
                                                                                                                    ██[38;2;255;255;255m██[38;2;0;0;0m██[38;2;205;205;205m██[38;2;255;255;255m██[38;2;98;98;98m████[38;2;205;205;205m██[38;2;98;98;98m████[38;2;0;0;0m██                                                      
                                                                                                                    ██[38;2;255;255;255m██  [38;2;0;0;0m██[38;2;255;255;255m████[38;2;0;0;0m██[38;2;255;255;255m████[38;2;0;0;0m██                                                        
                                                                                                                      ██  ██[38;2;255;255;255m██[38;2;0;0;0m██  ██[38;2;255;255;255m██[38;2;0;0;0m██                                                        
                                                                                                                            ████    ████                                                        
[0m