                                                                                                                                                    [38;2;161;39;87m██    
                                                                                                                                                ████[38;2;245;137;166m██[38;2;16;16;16m██  
                                                                                                                                            [38;2;161;39;87m████[38;2;245;137;166m██████[38;2;16;16;16m██  
                                                                                                                                        [38;2;161;39;87m████[38;2;245;137;166m████[38;2;199;84;122m████[38;2;245;137;166m██[38;2;16;16;16m██  
                                                                                                                                      ██[38;2;245;137;166m████████████[38;2;199;84;122m██[38;2;245;137;166m██[38;2;16;16;16m██
                                                                                                                                      ██[38;2;199;84;122m████████[38;2;245;137;166m██████[38;2;199;84;122m██[38;2;16;16;16m██
                                                                                                                                        ██[38;2;161;39;87m████[38;2;199;84;122m██████[38;2;245;137;166m████[38;2;16;16;16m██
                                                                                                                                      [38;2;131;106;74m██[38;2;246;230;123m██████[38;2;161;39;87m████[38;2;199;84;122m████[38;2;245;137;166m██[38;2;16;16;16m██
                                                                                                                                    [38;2;131;106;74m██[38;2;246;230;123m████████████[38;2;161;39;87m██[38;2;199;84;122m████[38;2;16;16;16m██
                                                                                                                                  [38;2;131;106;74m██[38;2;189;139;32m████████[38;2;246;230;123m██████[38;2;222;189;57m██[38;2;16;16;16m████  
                                                                                                                                [38;2;131;106;74m██[38;2;246;230;123m██████████[38;2;189;139;32m████[38;2;222;189;57m████[38;2;16;16;16m██    
                                                                                                                              [38;2;131;106;74m██[38;2;246;230;123m████████████████[38;2;189;139;32m████[38;2;16;16;16m██    
                                                                                                                            [38;2;131;106;74m██[38;2;246;230;123m██████████████████[38;2;222;189;57m████[38;2;16;16;16m██    
                                                                                                                          [38;2;131;106;74m██[38;2;189;139;32m████████████[38;2;246;230;123m██████[38;2;222;189;57m██████[38;2;16;16;16m██    
                                                                                                                        [38;2;131;106;74m██[38;2;246;230;123m██████████████[38;2;189;139;32m██████[38;2;222;189;57m██████[38;2;16;16;16m██    
                                                                                                                        [38;2;131;106;74m██[38;2;246;230;123m████████████████████[38;2;189;139;32m████[38;2;222;189;57m██[38;2;16;16;16m██    
                                                                                                                      ██[38;2;246;230;123m██████████████████████[38;2;222;189;57m████[38;2;189;139;32m██[38;2;16;16;16m██    
                                                                                                                      ██[38;2;246;230;123m██[38;2;189;139;32m██████████[38;2;246;230;123m████████[38;2;222;189;57m████████[38;2;16;16;16m██    
                                                                                                                        ██[38;2;222;189;57m██████████[38;2;189;139;32m██████[38;2;222;189;57m██████████[38;2;16;16;16m██    
                                                                                                                        ██[38;2;222;189;57m████████████████[38;2;189;139;32m████[38;2;222;189;57m██████[38;2;16;16;16m██    
                                                                                                                          ██[38;2;222;189;57m██████████████████[38;2;189;139;32m██[38;2;222;189;57m██[38;2;16;16;16m██      
                                                                                                                            ██[38;2;189;139;32m████[38;2;222;189;57m██████████████[38;2;189;139;32m██[38;2;16;16;16m██      
                                                                                                                            [38;2;131;106;74m██[38;2;189;139;32m██[38;2;222;189;57m████[38;2;189;139;32m██[38;2;222;189;57m████████[38;2;16;16;16m████        
                                                                                                                            [38;2;131;106;74m██[38;2;222;189;57m██████[38;2;16;16;16m██████████            
                                                                                                                          [38;2;131;106;74m██[38;2;222;189;57m████████[38;2;16;16;16m██                    
                                                                                      [38;2;115;90;90m████                    [38;2;189;139;32m████████████[38;2;131;106;74m██[38;2;222;189;57m██████[38;2;16;16;16m██                      
                                                                                    [38;2;115;90;90m██[38;2;230;197;189m██[38;2;255;246;246m██[38;2;16;16;16m██            [38;2;189;139;32m██████[38;2;255;246;197m██████████████[38;2;189;139;32m████[38;2;222;189;57m██[38;2;16;16;16m██                      
                                                                                    [38;2;115;90;90m██[38;2;255;246;246m████[38;2;16;16;16m██        [38;2;189;139;32m████[38;2;255;246;197m████████████████████████[38;2;131;106;74m████                      
                                                                                    [38;2;115;90;90m██[38;2;255;246;246m████[38;2;246;213;213m██[38;2;16;16;16m██    [38;2;189;139;32m██[38;2;245;137;166m████████████████[38;2;255;246;197m██████████████[38;2;222;189;57m██[38;2;131;106;74m██                    
                                                                                    [38;2;115;90;90m██[38;2;255;246;246m████[38;2;246;213;213m██[38;2;16;16;16m██  [38;2;189;139;32m██[38;2;199;84;122m████████████████████[38;2;245;137;166m██[38;2;255;246;197m████████████[38;2;222;189;57m██[38;2;131;106;74m██                  
                                                                                    [38;2;115;90;90m██[38;2;255;246;246m████[38;2;246;213;213m██[38;2;16;16;16m██[38;2;189;139;32m██[38;2;199;84;122m██████████████████████████[38;2;245;137;166m██[38;2;255;246;197m████████[38;2;222;189;57m████[38;2;131;106;74m██                
                                                                [38;2;115;90;90m████                ██[38;2;255;246;246m██[38;2;246;213;213m████[38;2;189;139;32m██[38;2;199;84;122m████[38;2;255;246;197m████████████[38;2;245;137;166m████[38;2;199;84;122m████████████[38;2;255;246;197m██[38;2;115;90;90m██████[38;2;222;189;57m██[38;2;131;106;74m██                
                                                              [38;2;115;90;90m██[38;2;230;197;189m██[38;2;255;246;246m██[38;2;115;90;90m██              ██[38;2;255;246;246m██[38;2;246;213;213m████[38;2;189;139;32m██[38;2;255;246;197m██████████████████████[38;2;245;137;166m██[38;2;199;84;122m██████[38;2;115;90;90m████[38;2;255;246;246m██████[38;2;115;90;90m██[38;2;222;189;57m██[38;2;16;16;16m██              
                            [38;2;115;90;90m████                              ██[38;2;255;246;246m████[38;2;115;90;90m██                ██[38;2;246;213;213m██[38;2;189;139;32m██[38;2;255;246;197m████████████████████████████[38;2;199;84;122m██[38;2;115;90;90m██[38;2;255;246;246m██████████[38;2;115;90;90m██[38;2;222;189;57m██[38;2;16;16;16m██              
                          [38;2;115;90;90m██[38;2;255;246;246m████[38;2;115;90;90m██                            ██[38;2;255;246;246m██████[38;2;115;90;90m██              ██[38;2;246;213;213m██[38;2;189;139;32m██[38;2;255;246;197m████[38;2;222;189;57m████████████[38;2;255;246;197m████████████[38;2;115;90;90m██[38;2;255;246;246m██████████[38;2;115;90;90m██[38;2;222;189;57m████[38;2;16;16;16m██              
                          [38;2;115;90;90m██[38;2;255;246;246m████[38;2;115;90;90m██████                        ██[38;2;255;246;246m██████[38;2;115;90;90m██[38;2;16;16;16m██              [38;2;115;90;90m██[38;2;189;139;32m██[38;2;222;189;57m████[38;2;246;230;123m████████████[38;2;222;189;57m████[38;2;255;246;197m██████[38;2;115;90;90m██[38;2;255;246;246m████████[38;2;246;213;213m██[38;2;16;16;16m██[38;2;222;189;57m██████[38;2;16;16;16m██              
                          [38;2;115;90;90m██[38;2;255;246;246m██████[38;2;115;90;90m██[38;2;246;213;213m██[38;2;16;16;16m██                      [38;2;115;90;90m██[38;2;246;213;213m██[38;2;255;246;246m████[38;2;115;90;90m██[38;2;246;213;213m██[38;2;16;16;16m██            [38;2;189;139;32m██████████████[38;2;246;230;123m██████████[38;2;222;189;57m████[38;2;115;90;90m██[38;2;255;246;246m████[38;2;246;213;213m████[38;2;16;16;16m████[38;2;222;189;57m████████[38;2;16;16;16m██              
                            [38;2;115;90;90m██[38;2;255;246;246m████[38;2;115;90;90m██[38;2;246;213;213m██[38;2;115;90;90m██[38;2;16;16;16m██                    [38;2;115;90;90m██[38;2;246;213;213m██[38;2;255;246;246m████[38;2;230;197;189m██[38;2;246;213;213m██[38;2;16;16;16m██      [38;2;189;139;32m██████[38;2;255;246;197m██████[38;2;199;84;122m████████[38;2;189;139;32m██████[38;2;246;230;123m██████[38;2;115;90;90m██[38;2;246;213;213m██████[38;2;16;16;16m████[38;2;222;189;57m██████████[38;2;199;84;122m██[38;2;16;16;16m██              
                            [38;2;115;90;90m██[38;2;246;213;213m██[38;2;255;246;246m████[38;2;246;213;213m██[38;2;115;90;90m██[38;2;230;197;189m██[38;2;16;16;16m██                    [38;2;115;90;90m██[38;2;255;246;246m████[38;2;246;213;213m████[38;2;16;16;16m██  [38;2;189;139;32m████[38;2;245;137;166m██████████[38;2;255;246;197m██████[38;2;245;137;166m██[38;2;199;84;122m██████[38;2;255;246;197m██[38;2;189;139;32m████[38;2;222;189;57m████[38;2;16;16;16m██████[38;2;222;189;57m██████████████[38;2;16;16;16m██                
                        [38;2;131;106;74m████████████████[38;2;230;197;189m██[38;2;16;16;16m██                    [38;2;115;90;90m██[38;2;246;213;213m██[38;2;255;246;246m██[38;2;246;213;213m████[38;2;16;16;16m██[38;2;189;139;32m██[38;2;199;84;122m████████████████[38;2;245;137;166m██[38;2;255;246;197m██████[38;2;245;137;166m██[38;2;199;84;122m████[38;2;255;246;197m████[38;2;189;139;32m██[38;2;222;189;57m████████████████████[38;2;199;84;122m██[38;2;16;16;16m██                
                  [38;2;131;106;74m██████[38;2;246;230;123m████████████████[38;2;131;106;74m██████                    [38;2;115;90;90m██[38;2;246;213;213m████[38;2;16;16;16m██[38;2;189;139;32m██[38;2;222;189;57m██[38;2;255;246;197m██████████[38;2;245;137;166m██[38;2;199;84;122m██████[38;2;245;137;166m██[38;2;255;246;197m████[38;2;115;90;90m████████[38;2;255;246;197m██[38;2;222;189;57m████████████████████[38;2;199;84;122m██[38;2;16;16;16m██                  
              [38;2;161;39;87m████[38;2;246;230;123m████████████████████████████[38;2;131;106;74m████          [38;2;189;139;32m██████████████[38;2;246;230;123m████[38;2;115;90;90m████[38;2;255;246;197m██████████[38;2;199;84;122m██████[38;2;115;90;90m████[38;2;255;246;246m████████[38;2;115;90;90m██[38;2;222;189;57m████[38;2;189;139;32m██[38;2;222;189;57m████████████[38;2;199;84;122m████[38;2;16;16;16m██                  
          [38;2;161;39;87m████[38;2;245;137;166m██[38;2;246;230;123m██████████████████████████████████[38;2;131;106;74m████[38;2;189;139;32m██████[38;2;199;84;122m██████[38;2;245;137;166m██[38;2;255;246;197m██████[38;2;115;90;90m████[38;2;255;246;246m████[38;2;115;90;90m██[38;2;222;189;57m██[38;2;255;246;197m████████[38;2;115;90;90m████[38;2;255;246;246m██████████[38;2;230;197;189m██[38;2;115;90;90m██[38;2;222;189;57m████[38;2;189;139;32m██[38;2;222;189;57m████████[38;2;199;84;122m██████[38;2;16;16;16m██                    
        [38;2;189;139;32m██[38;2;255;246;197m██[38;2;245;137;166m████[38;2;246;230;123m██████████████████████████████████████[38;2;131;106;74m██[38;2;255;246;197m████████[38;2;199;84;122m██████[38;2;115;90;90m████[38;2;255;246;246m████████[38;2;115;90;90m██[38;2;246;230;123m██[38;2;222;189;57m████[38;2;255;246;197m██[38;2;115;90;90m██[38;2;255;246;246m████████████[38;2;230;197;189m██[38;2;16;16;16m██[38;2;222;189;57m████████[38;2;131;106;74m██[38;2;199;84;122m██████████[38;2;16;16;16m██                      
      [38;2;189;139;32m██[38;2;255;246;197m██[38;2;245;137;166m████[38;2;246;230;123m██████████████████████████████████████████[38;2;131;106;74m██[38;2;199;84;122m██[38;2;245;137;166m██[38;2;255;246;197m████[38;2;16;16;16m████[38;2;255;246;246m██████████[38;2;115;90;90m██[38;2;255;246;197m██[38;2;131;106;74m██[38;2;246;230;123m████[38;2;16;16;16m██[38;2;255;246;246m██████████[38;2;230;197;189m██[38;2;16;16;16m████[38;2;222;189;57m██████████[38;2;131;106;74m██[38;2;199;84;122m██████[38;2;16;16;16m████                        
    [38;2;189;139;32m██[38;2;115;90;90m████[38;2;245;137;166m████[38;2;246;230;123m██████████████████████████[38;2;245;137;166m██████████[38;2;246;230;123m████████[38;2;131;106;74m██[38;2;199;84;122m████[38;2;16;16;16m██[38;2;255;246;246m██████████[38;2;230;197;189m██[38;2;115;90;90m██████[38;2;255;246;197m██[38;2;131;106;74m██[38;2;16;16;16m██[38;2;246;213;213m████[38;2;255;246;246m████[38;2;230;197;189m██[38;2;115;90;90m████[38;2;222;189;57m██████████████[38;2;131;106;74m██[38;2;16;16;16m██████                            
  [38;2;189;139;32m██[38;2;255;246;246m████[38;2;245;137;166m██████[38;2;246;230;123m██████████████████████[38;2;245;137;166m██████████████████[38;2;246;230;123m██████[38;2;131;106;74m██[38;2;16;16;16m██[38;2;255;246;246m████████[38;2;246;213;213m████[38;2;255;246;246m██████[38;2;16;16;16m██[38;2;199;84;122m██[38;2;255;246;197m██[38;2;16;16;16m██[38;2;230;197;189m██[38;2;246;213;213m██████████[38;2;115;90;90m██[38;2;222;189;57m██████████████[38;2;16;16;16m██                                  
  [38;2;189;139;32m██[38;2;115;90;90m████[38;2;245;137;166m████[38;2;246;230;123m██████████████████████[38;2;245;137;166m████████[38;2;255;246;197m██████[38;2;245;137;166m████████[38;2;246;230;123m████[38;2;131;106;74m██[38;2;246;213;213m████[38;2;255;246;246m████████████[38;2;16;16;16m████[38;2;199;84;122m████[38;2;222;189;57m████[38;2;16;16;16m████████████[38;2;222;189;57m████████████████[38;2;16;16;16m██                                  
[38;2;189;139;32m██[38;2;255;246;197m████[38;2;245;137;166m██████[38;2;246;230;123m████████████████████[38;2;245;137;166m██████[38;2;255;246;197m██████████████[38;2;245;137;166m██████[38;2;246;230;123m████[38;2;131;106;74m██[38;2;246;213;213m██████[38;2;230;197;189m██[38;2;115;90;90m██[38;2;16;16;16m████[38;2;199;84;122m██[38;2;255;246;197m██[38;2;199;84;122m████[38;2;222;189;57m████[38;2;189;139;32m██[38;2;222;189;57m████████████████████████[38;2;199;84;122m██[38;2;16;16;16m██                                  
[38;2;189;139;32m██[38;2;255;246;197m██[38;2;245;137;166m██████[38;2;246;230;123m██████████████████████[38;2;245;137;166m████[38;2;115;90;90m████[38;2;255;246;197m██████████████[38;2;245;137;166m████[38;2;246;230;123m████[38;2;131;106;74m██[38;2;246;213;213m██████████[38;2;16;16;16m██[38;2;199;84;122m████[38;2;222;189;57m██████████████████████████████████[38;2;199;84;122m██[38;2;16;16;16m██                                    
[38;2;189;139;32m██[38;2;245;137;166m██████[38;2;246;230;123m██████████████████████[38;2;245;137;166m████[38;2;199;84;122m██[38;2;255;246;246m████[38;2;115;90;90m████[38;2;255;246;197m██████████[38;2;245;137;166m████[38;2;199;84;122m██[38;2;222;189;57m████[38;2;131;106;74m██[38;2;16;16;16m████████[38;2;222;189;57m██[38;2;199;84;122m████[38;2;222;189;57m████████████████████████████████[38;2;199;84;122m████[38;2;16;16;16m██                                    
[38;2;161;39;87m██[38;2;245;137;166m████[38;2;246;230;123m████████████████████████[38;2;245;137;166m████[38;2;255;246;197m██[38;2;115;90;90m████[38;2;255;246;246m████[38;2;115;90;90m████[38;2;255;246;197m██████[38;2;246;230;123m██[38;2;199;84;122m████[38;2;222;189;57m████[38;2;131;106;74m██[38;2;246;230;123m████████[38;2;222;189;57m██████████████████[38;2;189;139;32m██[38;2;222;189;57m██████████████[38;2;199;84;122m██████[38;2;16;16;16m██                                      
[38;2;161;39;87m██[38;2;245;137;166m██[38;2;246;230;123m██████████████████████████[38;2;245;137;166m████[38;2;255;246;197m██████[38;2;115;90;90m████[38;2;255;246;246m████[38;2;115;90;90m████[38;2;246;230;123m████[38;2;199;84;122m████[38;2;222;189;57m████[38;2;131;106;74m██[38;2;246;230;123m████[38;2;222;189;57m██████████████████████[38;2;131;106;74m██[38;2;222;189;57m████████[38;2;199;84;122m██████████[38;2;16;16;16m██                                        
[38;2;131;106;74m██[38;2;222;189;57m██[38;2;246;230;123m████[38;2;189;139;32m██████[38;2;222;189;57m██[38;2;246;230;123m██████████████[38;2;245;137;166m████[38;2;255;246;197m██████████[38;2;115;90;90m████[38;2;255;246;246m████[38;2;16;16;16m████[38;2;199;84;122m████[38;2;222;189;57m████[38;2;131;106;74m██[38;2;222;189;57m██████████████████████████[38;2;131;106;74m██[38;2;199;84;122m██████████████[38;2;16;16;16m████                                          
  ██[38;2;222;189;57m██[38;2;189;139;32m██[38;2;131;106;74m████████[38;2;189;139;32m██[38;2;222;189;57m██[38;2;246;230;123m██████████[38;2;245;137;166m██████[38;2;255;246;197m████████████[38;2;16;16;16m████[38;2;255;246;246m██[38;2;199;84;122m██████[38;2;222;189;57m████[38;2;189;139;32m██[38;2;222;189;57m██████████████████████████[38;2;16;16;16m██[38;2;199;84;122m██████████[38;2;16;16;16m████                                              
  ██[38;2;189;139;32m██[38;2;131;106;74m██████████████[38;2;222;189;57m██[38;2;246;230;123m██████████[38;2;245;137;166m████[38;2;255;246;197m████████[38;2;246;230;123m████████[38;2;16;16;16m██[38;2;199;84;122m████[38;2;222;189;57m████████████████████████████████[38;2;131;106;74m██[38;2;16;16;16m████████████                                                  
    ██[38;2;131;106;74m██████████[38;2;189;125;156m██████[38;2;131;106;74m██[38;2;246;230;123m████████[38;2;245;137;166m██████[38;2;246;230;123m██████████████[38;2;199;84;122m██████[38;2;222;189;57m██████████████████████████████[38;2;199;84;122m██[38;2;16;16;16m██                                                              
      ██[38;2;131;106;74m██████[38;2;189;125;156m██████████[38;2;131;106;74m██[38;2;246;230;123m████[38;2;222;189;57m████[38;2;199;84;122m████████[38;2;246;230;123m██████[38;2;199;84;122m████████[38;2;222;189;57m████████████████████████████[38;2;199;84;122m████[38;2;16;16;16m██                                                                
        ██[38;2;131;106;74m██[38;2;161;39;87m██████[38;2;189;125;156m████████[38;2;131;106;74m██[38;2;222;189;57m████████[38;2;199;84;122m██████████████████[38;2;222;189;57m████████[38;2;189;139;32m██[38;2;222;189;57m████████████████[38;2;199;84;122m██████[38;2;16;16;16m██                                                                  
          [38;2;161;39;87m██[38;2;199;84;122m██████[38;2;161;39;87m████[38;2;189;125;156m██████[38;2;131;106;74m██[38;2;222;189;57m██████████[38;2;199;84;122m██████████[38;2;222;189;57m████████████[38;2;131;106;74m██[38;2;222;189;57m████████[38;2;199;84;122m████████████[38;2;16;16;16m██                                                                    
        [38;2;161;39;87m██[38;2;199;84;122m████████████[38;2;161;39;87m██[38;2;189;125;156m██████[38;2;131;106;74m████[38;2;222;189;57m██████████████████████████[38;2;131;106;74m██[38;2;199;84;122m██████████████████[38;2;16;16;16m████                                                                      
        [38;2;161;39;87m██[38;2;245;137;166m████[38;2;199;84;122m██████████[38;2;161;39;87m████[38;2;189;125;156m██████[38;2;131;106;74m██[38;2;189;139;32m██[38;2;222;189;57m████████████████████[38;2;16;16;16m██[38;2;199;84;122m██████████████[38;2;16;16;16m██████                                                                          
      [38;2;161;39;87m██[38;2;245;137;166m████[38;2;16;16;16m██[38;2;161;39;87m██[38;2;245;137;166m████[38;2;199;84;122m████████[38;2;161;39;87m████[38;2;189;125;156m██████[38;2;131;106;74m██[38;2;189;139;32m██[38;2;222;189;57m████████████[38;2;189;139;32m██[38;2;16;16;16m██████████████████                                                                                
      ██████  [38;2;161;39;87m██[38;2;245;137;166m██████[38;2;161;39;87m██[38;2;199;84;122m██████████[38;2;161;39;87m██████████[38;2;189;139;32m████████[38;2;16;16;16m████                                                                                                  
              [38;2;161;39;87m██[38;2;245;137;166m████[38;2;16;16;16m██[38;2;161;39;87m██[38;2;245;137;166m████[38;2;199;84;122m██[38;2;16;16;16m██[38;2;199;84;122m██████████████[38;2;16;16;16m██████                                                                                                      
              [38;2;161;39;87m██[38;2;245;137;166m██[38;2;16;16;16m██  [38;2;161;39;87m██[38;2;245;137;166m██████[38;2;16;16;16m████████████████                                                                                                            
              ████      [38;2;161;39;87m██[38;2;245;137;166m██[38;2;16;16;16m██                                                                                                                            
                        [38;2;161;39;87m██[38;2;245;137;166m██[38;2;16;16;16m██                                                                                                                            
                          ██                                                                                                                              
[0m