                                                                                                            [38;2;16;88;130m████████                                                          
                                                                                                          ██[38;2;45;201;250m████████[38;2;16;88;130m████                                                      
                                                                                          ████          ██[38;2;45;201;250m██████████████[38;2;16;88;130m██                                                    
                                                                                      ████[38;2;45;201;250m████[38;2;16;88;130m████    ██[38;2;45;201;250m██████[38;2;117;235;253m██[38;2;181;254;254m██████[38;2;45;201;250m████[38;2;16;88;130m██                                                  
                                                                                    ██[38;2;45;201;250m████████████[38;2;16;88;130m██  ██[38;2;45;201;250m████[38;2;181;254;254m██████[38;2;117;235;253m████[38;2;181;254;254m██[38;2;45;201;250m████[38;2;16;88;130m██                                                
                                                                                  ██[38;2;45;201;250m██████[38;2;117;235;253m██████[38;2;45;201;250m████[38;2;16;88;130m████[38;2;45;201;250m██[38;2;117;235;253m██[38;2;181;254;254m████[38;2;45;201;250m████[38;2;16;88;130m██████[38;2;45;201;250m██[38;2;16;88;130m██                                                
                                                                                  ██[38;2;45;201;250m████[38;2;181;254;254m████████[38;2;117;235;253m██[38;2;45;201;250m████[38;2;16;88;130m██[38;2;45;201;250m██[38;2;181;254;254m████[38;2;117;235;253m██[38;2;45;201;250m██[38;2;16;88;130m██      ██                                                  
                                                                                  ██[38;2;45;201;250m██[38;2;117;235;253m██[38;2;181;254;254m██[38;2;45;201;250m████[38;2;181;254;254m██████[38;2;45;201;250m██████[38;2;181;254;254m████[38;2;45;201;250m██[38;2;16;88;130m██                                                            
                                                                                  ██[38;2;45;201;250m██[38;2;181;254;254m██[38;2;117;235;253m██[38;2;16;88;130m████[38;2;45;201;250m██[38;2;117;235;253m██[38;2;181;254;254m████[38;2;45;201;250m████[38;2;181;254;254m████[38;2;45;201;250m██[38;2;16;88;130m██                                                            
                                                                                  ██[38;2;45;201;250m██[38;2;181;254;254m██[38;2;16;88;130m██    ██[38;2;45;201;250m██[38;2;117;235;253m██[38;2;181;254;254m████[38;2;45;201;250m██[38;2;181;254;254m██[38;2;117;235;253m██[38;2;45;201;250m██[38;2;16;88;130m██                                                            
                                                                                    ██[38;2;181;254;254m██[38;2;16;88;130m██      ██[38;2;45;201;250m██[38;2;181;254;254m████[38;2;117;235;253m██[38;2;181;254;254m██[38;2;117;235;253m██[38;2;45;201;250m██[38;2;16;88;130m██                                                            
                                                                                      ██          ██[38;2;45;201;250m██[38;2;181;254;254m██████[38;2;117;235;253m██[38;2;45;201;250m████[38;2;16;88;130m██                                                          
  ████                                                                                              ██[38;2;45;201;250m██[38;2;181;254;254m██████[38;2;45;201;250m██████[38;2;16;88;130m██                                                        
██[38;2;45;201;250m████[38;2;16;88;130m████                                                [38;2;16;16;16m██████                      ████████        [38;2;16;88;130m██[38;2;45;201;250m██[38;2;117;235;253m██[38;2;181;254;254m████[38;2;45;201;250m██████[38;2;16;88;130m██                          ████                        
  ██[38;2;45;201;250m██████[38;2;16;88;130m██                                              [38;2;16;16;16m██[38;2;49;49;49m████[38;2;16;16;16m████              ████[38;2;49;49;49m██████[38;2;16;16;16m██          [38;2;16;88;130m██[38;2;45;201;250m██[38;2;181;254;254m██████[38;2;45;201;250m████[38;2;16;88;130m██                      ████[38;2;45;201;250m████[38;2;16;88;130m██                      
    ██[38;2;45;201;250m██████[38;2;16;88;130m████                                            [38;2;16;16;16m██[38;2;49;49;49m██████[38;2;16;16;16m██          ██[38;2;49;49;49m████████[38;2;16;16;16m██              [38;2;16;88;130m██[38;2;45;201;250m██[38;2;117;235;253m██[38;2;181;254;254m████[38;2;45;201;250m████[38;2;16;88;130m██                  ██[38;2;45;201;250m██████[38;2;16;88;130m██                        
    ██[38;2;45;201;250m██████████[38;2;16;88;130m██████████                                    [38;2;16;16;16m██[38;2;49;49;49m██████[38;2;16;16;16m██        ██[38;2;49;49;49m██████[38;2;16;16;16m██                  [38;2;16;88;130m██[38;2;45;201;250m██[38;2;181;254;254m████[38;2;117;235;253m██[38;2;45;201;250m████[38;2;16;88;130m██            ████[38;2;45;201;250m██████[38;2;16;88;130m██                          
      ██[38;2;45;201;250m██████████████████[38;2;16;88;130m████                                [38;2;16;16;16m██[38;2;49;49;49m██████[38;2;16;16;16m██  ██  ██[38;2;49;49;49m████████[38;2;16;16;16m██                    [38;2;16;88;130m██[38;2;45;201;250m██[38;2;181;254;254m████[38;2;45;201;250m██████[38;2;16;88;130m██  ████████[38;2;45;201;250m██████████[38;2;16;88;130m██                          
      ██[38;2;45;201;250m██████████████████████[38;2;16;88;130m██                              [38;2;16;16;16m██[38;2;49;49;49m████████[38;2;16;16;16m██[38;2;49;49;49m██[38;2;16;16;16m████[38;2;49;49;49m██████[38;2;16;16;16m██                        [38;2;16;88;130m██[38;2;45;201;250m██[38;2;181;254;254m████[38;2;45;201;250m████[38;2;16;88;130m████[38;2;45;201;250m████████████████[38;2;16;88;130m██                            
        ██[38;2;45;201;250m██████████████████████[38;2;16;88;130m██                              [38;2;16;16;16m██[38;2;49;49;49m██████[38;2;16;16;16m██[38;2;49;49;49m██[38;2;16;16;16m██[38;2;49;49;49m████████[38;2;16;16;16m██                        [38;2;16;88;130m██[38;2;45;201;250m██[38;2;181;254;254m████[38;2;45;201;250m████[38;2;16;88;130m██[38;2;45;201;250m██████████████████[38;2;16;88;130m██                            
          ████[38;2;45;201;250m██████████████████[38;2;16;88;130m██                              [38;2;16;16;16m██[38;2;49;49;49m████████████████████[38;2;16;16;16m██                        [38;2;16;88;130m██[38;2;45;201;250m██[38;2;181;254;254m████[38;2;45;201;250m██[38;2;16;88;130m██[38;2;45;201;250m██████[38;2;117;235;253m██[38;2;45;201;250m██████████[38;2;16;88;130m██                              
              ██[38;2;45;201;250m██████████████████[38;2;16;88;130m██                            [38;2;16;16;16m██[38;2;49;49;49m████████[38;2;32;32;32m████████████[38;2;16;16;16m██                        [38;2;16;88;130m██[38;2;45;201;250m██[38;2;181;254;254m██[38;2;117;235;253m██[38;2;45;201;250m██[38;2;16;88;130m██[38;2;45;201;250m████[38;2;117;235;253m██[38;2;45;201;250m████████[38;2;16;88;130m████                                
                ██[38;2;45;201;250m████████████████[38;2;16;88;130m██                            [38;2;16;16;16m██[38;2;32;32;32m██████████████████[38;2;16;16;16m██                        [38;2;16;88;130m██[38;2;45;201;250m██[38;2;117;235;253m██[38;2;181;254;254m██[38;2;45;201;250m████[38;2;16;88;130m██[38;2;45;201;250m██[38;2;117;235;253m████[38;2;45;201;250m██████[38;2;16;88;130m██                                    
                  ██[38;2;45;201;250m████████████████[38;2;16;88;130m██                            [38;2;16;16;16m██[38;2;32;32;32m██████████████[38;2;16;16;16m██                          [38;2;16;88;130m██[38;2;45;201;250m██[38;2;181;254;254m████[38;2;45;201;250m██[38;2;16;88;130m██[38;2;45;201;250m████[38;2;117;235;253m██[38;2;45;201;250m██████[38;2;16;88;130m██                                      
                  ██[38;2;45;201;250m████████████████[38;2;16;88;130m██                [38;2;16;16;16m██            ████[38;2;32;32;32m██████[38;2;16;16;16m████    ██          [38;2;16;88;130m████████    ██[38;2;45;201;250m██[38;2;181;254;254m██[38;2;117;235;253m██[38;2;45;201;250m██[38;2;16;88;130m██[38;2;45;201;250m████[38;2;117;235;253m██[38;2;45;201;250m████[38;2;16;88;130m██                                        
                  ██[38;2;45;201;250m██████████████[38;2;117;235;253m██[38;2;16;88;130m██    ████████  [38;2;16;16;16m██[38;2;49;49;49m██[38;2;16;16;16m██              ██[38;2;32;32;32m██[38;2;16;16;16m██      ██[38;2;49;49;49m██[38;2;16;16;16m██      [38;2;16;88;130m██[38;2;45;201;250m████████[38;2;16;88;130m████[38;2;45;201;250m██[38;2;117;235;253m██[38;2;181;254;254m██[38;2;45;201;250m████[38;2;16;88;130m██[38;2;45;201;250m████[38;2;117;235;253m██[38;2;45;201;250m██[38;2;117;235;253m██[38;2;16;88;130m██                                        
                  ██[38;2;45;201;250m██████████████[38;2;117;235;253m██[38;2;16;88;130m██  ██[38;2;45;201;250m██████[38;2;16;88;130m██  [38;2;16;16;16m██[38;2;49;49;49m██[38;2;16;16;16m██        ██    ██[38;2;32;32;32m██[38;2;16;16;16m██  ██  ██[38;2;49;49;49m██[38;2;16;16;16m██        [38;2;16;88;130m████[38;2;45;201;250m██████[38;2;16;88;130m██[38;2;45;201;250m██[38;2;181;254;254m████[38;2;45;201;250m██[38;2;16;88;130m██[38;2;45;201;250m████████[38;2;117;235;253m████[38;2;16;88;130m██                                        
                  ██[38;2;45;201;250m██████████████[38;2;117;235;253m██[38;2;45;201;250m██[38;2;16;88;130m██[38;2;45;201;250m██████[38;2;16;88;130m██    [38;2;16;16;16m██[38;2;49;49;49m██[38;2;16;16;16m██      ██[38;2;32;32;32m██  [38;2;16;16;16m██[38;2;32;32;32m████[38;2;16;16;16m██  [38;2;32;32;32m██[38;2;16;16;16m████[38;2;49;49;49m██[38;2;16;16;16m██            [38;2;16;88;130m██[38;2;45;201;250m████[38;2;16;88;130m██[38;2;45;201;250m██[38;2;181;254;254m████[38;2;45;201;250m██[38;2;16;88;130m██[38;2;45;201;250m████████[38;2;117;235;253m██[38;2;45;201;250m██[38;2;16;88;130m██                                        
                ██[38;2;117;235;253m██[38;2;45;201;250m██████████████[38;2;117;235;253m██[38;2;45;201;250m██[38;2;16;88;130m██[38;2;45;201;250m████[38;2;16;88;130m██      [38;2;16;16;16m██[38;2;49;49;49m████[38;2;16;16;16m██  ██[38;2;32;32;32m████[38;2;16;16;16m██[38;2;32;32;32m████████[38;2;16;16;16m██[38;2;32;32;32m████[38;2;16;16;16m██[38;2;49;49;49m██[38;2;16;16;16m██              [38;2;16;88;130m██[38;2;45;201;250m██[38;2;16;88;130m██[38;2;45;201;250m██[38;2;117;235;253m██[38;2;181;254;254m██[38;2;45;201;250m████[38;2;16;88;130m██[38;2;45;201;250m██████[38;2;117;235;253m██[38;2;45;201;250m██[38;2;16;88;130m██                                        
                ██[38;2;117;235;253m██[38;2;45;201;250m████████████████[38;2;117;235;253m██[38;2;45;201;250m██████[38;2;16;88;130m██      [38;2;16;16;16m██[38;2;49;49;49m████[38;2;16;16;16m██  ██[38;2;32;32;32m████[38;2;16;16;16m████████████[38;2;32;32;32m████[38;2;16;16;16m██[38;2;49;49;49m██[38;2;16;16;16m██              [38;2;16;88;130m██[38;2;45;201;250m████[38;2;16;88;130m██[38;2;45;201;250m██[38;2;181;254;254m████[38;2;45;201;250m████[38;2;16;88;130m██[38;2;45;201;250m██████████[38;2;16;88;130m██                                      
                ██[38;2;117;235;253m██[38;2;45;201;250m████████████████[38;2;117;235;253m████[38;2;45;201;250m████[38;2;117;235;253m██[38;2;16;88;130m██  [38;2;16;16;16m████[38;2;49;49;49m██████[38;2;16;16;16m██[38;2;32;32;32m██[38;2;16;16;16m██[38;2;115;41;0m██[38;2;238;98;32m██████████[38;2;115;41;0m██[38;2;16;16;16m████[38;2;49;49;49m████[38;2;16;16;16m████          [38;2;16;88;130m██[38;2;45;201;250m████████[38;2;16;88;130m██[38;2;45;201;250m██[38;2;181;254;254m████[38;2;45;201;250m████[38;2;16;88;130m████[38;2;45;201;250m██████[38;2;16;88;130m██                                      
                ██[38;2;117;235;253m████[38;2;45;201;250m████████████████[38;2;117;235;253m████[38;2;45;201;250m██[38;2;117;235;253m██[38;2;45;201;250m██[38;2;16;88;130m██[38;2;255;255;255m██[38;2;16;16;16m██[38;2;49;49;49m██████[38;2;32;32;32m██[38;2;16;16;16m██[38;2;189;82;32m██[38;2;238;98;32m████████████████[38;2;16;16;16m██[38;2;49;49;49m████[38;2;16;16;16m██[38;2;255;255;255m██[38;2;16;16;16m██  [38;2;16;88;130m██████[38;2;45;201;250m████████████[38;2;16;88;130m██[38;2;45;201;250m██[38;2;181;254;254m████[38;2;45;201;250m██████[38;2;16;88;130m██[38;2;45;201;250m████[38;2;16;88;130m██                                      
                  ██[38;2;117;235;253m████[38;2;45;201;250m████████████████[38;2;117;235;253m██████[38;2;45;201;250m██[38;2;16;16;16m██[38;2;255;255;255m██[38;2;16;16;16m████[38;2;49;49;49m████[38;2;16;16;16m██[38;2;238;98;32m██████████████████[38;2;32;32;32m██[38;2;49;49;49m██████[38;2;16;16;16m██[38;2;255;255;255m██[38;2;16;16;16m██[38;2;16;88;130m██[38;2;45;201;250m████████████████████[38;2;16;88;130m██[38;2;45;201;250m██[38;2;181;254;254m████[38;2;45;201;250m██████[38;2;16;88;130m██[38;2;45;201;250m██[38;2;16;88;130m██                                      
                  ██[38;2;45;201;250m██[38;2;117;235;253m██████[38;2;45;201;250m████████████[38;2;117;235;253m████[38;2;45;201;250m████[38;2;16;16;16m██[38;2;255;255;255m██[38;2;16;16;16m████[38;2;49;49;49m██████[38;2;32;32;32m████[38;2;238;98;32m██████[38;2;32;32;32m████[38;2;238;98;32m████[38;2;32;32;32m██[38;2;49;49;49m██████[38;2;172;172;172m██[38;2;255;255;255m██[38;2;16;16;16m██[38;2;45;201;250m██████████[38;2;16;88;130m██[38;2;45;201;250m████████████[38;2;16;88;130m██[38;2;45;201;250m██[38;2;181;254;254m████[38;2;45;201;250m██████[38;2;16;88;130m██                                        
                    ████[38;2;117;235;253m██████[38;2;45;201;250m██████████[38;2;117;235;253m██[38;2;45;201;250m██[38;2;16;88;130m██[38;2;45;201;250m██[38;2;16;16;16m██[38;2;255;255;255m██[38;2;16;16;16m██[38;2;189;82;32m██[38;2;49;49;49m████[38;2;32;32;32m██[38;2;49;49;49m████[38;2;32;32;32m██[38;2;238;98;32m██[38;2;32;32;32m██[38;2;49;49;49m████[38;2;32;32;32m████[38;2;49;49;49m██████[38;2;16;16;16m██[38;2;255;255;255m████[38;2;16;16;16m██[38;2;45;201;250m████████[38;2;16;88;130m██[38;2;45;201;250m██[38;2;16;88;130m██[38;2;45;201;250m████████████[38;2;16;88;130m██[38;2;45;201;250m██[38;2;181;254;254m████[38;2;45;201;250m██████[38;2;16;88;130m██                                      
                        ████[38;2;45;201;250m██[38;2;117;235;253m██[38;2;45;201;250m██████████[38;2;16;88;130m██[38;2;45;201;250m██[38;2;16;88;130m██[38;2;16;16;16m██[38;2;255;255;255m████[38;2;189;82;32m██[38;2;49;49;49m████[38;2;32;32;32m██[38;2;49;49;49m██████[38;2;32;32;32m██[38;2;49;49;49m██████[38;2;32;32;32m██[38;2;49;49;49m████████[38;2;16;16;16m██[38;2;255;255;255m████[38;2;16;16;16m██[38;2;45;201;250m████████[38;2;16;88;130m██[38;2;45;201;250m████[38;2;16;88;130m██[38;2;45;201;250m████████████[38;2;16;88;130m██[38;2;45;201;250m██[38;2;181;254;254m████[38;2;45;201;250m██████[38;2;16;88;130m██                                    
                            ██[38;2;45;201;250m██[38;2;117;235;253m██[38;2;45;201;250m██████[38;2;16;88;130m██[38;2;45;201;250m████[38;2;16;88;130m██[38;2;16;16;16m██[38;2;255;255;255m████[38;2;189;82;32m██[38;2;16;16;16m██[38;2;32;32;32m██[38;2;49;49;49m██[38;2;32;32;32m██[38;2;49;49;49m████[38;2;32;32;32m██[38;2;49;49;49m██[38;2;32;32;32m████[38;2;49;49;49m██████[38;2;16;16;16m████[38;2;255;255;255m████[38;2;16;16;16m██[38;2;16;88;130m██[38;2;45;201;250m████████[38;2;16;88;130m██[38;2;45;201;250m████[38;2;16;88;130m██[38;2;45;201;250m████████[38;2;117;235;253m██[38;2;45;201;250m████[38;2;16;88;130m██[38;2;181;254;254m████[38;2;117;235;253m██[38;2;45;201;250m████[38;2;16;88;130m██                                    
                            ██[38;2;45;201;250m██████████[38;2;16;88;130m██[38;2;45;201;250m████[38;2;16;88;130m██[38;2;45;201;250m██[38;2;16;16;16m██[38;2;172;172;172m██[38;2;16;16;16m██[38;2;189;82;32m██[38;2;16;16;16m████[38;2;49;49;49m████[38;2;32;32;32m██[38;2;189;82;32m██[38;2;32;32;32m██[38;2;49;49;49m██████[38;2;16;16;16m████[38;2;189;82;32m██[38;2;16;16;16m██[38;2;255;255;255m████[38;2;16;16;16m██[38;2;189;82;32m██[38;2;16;88;130m██[38;2;45;201;250m██████[38;2;16;88;130m██[38;2;45;201;250m██████[38;2;16;88;130m██[38;2;45;201;250m██████[38;2;117;235;253m██[38;2;45;201;250m████[38;2;16;88;130m██[38;2;117;235;253m██[38;2;181;254;254m██[38;2;45;201;250m████[38;2;16;88;130m██                                      
                            ██[38;2;45;201;250m████████[38;2;16;88;130m██[38;2;45;201;250m██████[38;2;16;88;130m██[38;2;45;201;250m██[38;2;16;16;16m██[38;2;172;172;172m██[38;2;255;255;255m██[38;2;16;16;16m██[38;2;255;255;255m██[38;2;45;201;250m██[38;2;16;16;16m████[38;2;238;98;32m██████[38;2;16;16;16m████[38;2;45;201;250m██[38;2;16;88;130m██[38;2;255;255;255m██[38;2;189;82;32m████[38;2;172;172;172m██[38;2;255;255;255m██[38;2;189;82;32m██[38;2;238;98;32m██[38;2;16;88;130m██[38;2;45;201;250m██████[38;2;16;88;130m██[38;2;45;201;250m██████[38;2;16;88;130m██[38;2;117;235;253m██[38;2;45;201;250m████[38;2;117;235;253m██[38;2;45;201;250m██[38;2;16;88;130m██[38;2;45;201;250m██[38;2;181;254;254m██[38;2;117;235;253m██[38;2;45;201;250m██[38;2;16;88;130m██                                        
                          ██[38;2;45;201;250m██████████[38;2;16;88;130m██[38;2;45;201;250m██████[38;2;16;88;130m██[38;2;45;201;250m████[38;2;16;16;16m██[38;2;255;255;255m████[38;2;16;16;16m██[38;2;238;98;32m████[38;2;21;124;175m██████[38;2;238;98;32m████[38;2;172;172;172m██[38;2;255;255;255m████[38;2;189;82;32m██[38;2;255;255;255m██[38;2;16;16;16m██[38;2;172;172;172m████[38;2;238;98;32m████[38;2;16;88;130m████[38;2;45;201;250m██[38;2;16;88;130m██[38;2;45;201;250m████████[38;2;16;88;130m██[38;2;117;235;253m██[38;2;45;201;250m██[38;2;117;235;253m██[38;2;45;201;250m████[38;2;16;88;130m██[38;2;45;201;250m██[38;2;181;254;254m██[38;2;45;201;250m████[38;2;16;88;130m██                                        
                          ██[38;2;45;201;250m██████████[38;2;16;88;130m██[38;2;45;201;250m████████[38;2;16;88;130m██[38;2;45;201;250m██[38;2;16;88;130m██[38;2;16;16;16m██[38;2;172;172;172m████[38;2;238;98;32m██[38;2;16;88;130m██[38;2;16;16;16m██[38;2;16;88;130m██[38;2;16;16;16m██[38;2;16;88;130m██[38;2;238;98;32m██████[38;2;189;82;32m██[38;2;172;172;172m██[38;2;255;255;255m██[38;2;172;172;172m██[38;2;16;16;16m████[38;2;238;98;32m██[38;2;189;82;32m██[38;2;16;88;130m██[38;2;45;201;250m██[38;2;16;88;130m████[38;2;45;201;250m████████[38;2;16;88;130m██[38;2;117;235;253m████[38;2;45;201;250m████[38;2;16;88;130m██[38;2;45;201;250m██[38;2;181;254;254m██[38;2;117;235;253m██[38;2;45;201;250m██[38;2;16;88;130m██                                          
                          ██[38;2;45;201;250m██████████[38;2;16;88;130m██[38;2;45;201;250m████████[38;2;16;88;130m██[38;2;45;201;250m██[38;2;16;88;130m██[38;2;238;98;32m██[38;2;16;16;16m████[38;2;16;88;130m████[38;2;32;32;32m██[38;2;16;88;130m██[38;2;32;32;32m██[38;2;16;88;130m████[38;2;238;98;32m████[38;2;16;16;16m████████[38;2;238;98;32m████[38;2;189;82;32m██[38;2;16;88;130m██[38;2;45;201;250m████[38;2;16;88;130m██[38;2;45;201;250m██████████[38;2;16;88;130m██[38;2;117;235;253m██[38;2;45;201;250m██████[38;2;16;88;130m██[38;2;45;201;250m██[38;2;181;254;254m██[38;2;45;201;250m████[38;2;16;88;130m██                                          
                            ██[38;2;45;201;250m██████████[38;2;16;88;130m██[38;2;45;201;250m████████[38;2;16;88;130m██[38;2;45;201;250m██[38;2;16;88;130m██[38;2;238;98;32m████[38;2;16;16;16m██[38;2;16;88;130m██████████[38;2;16;16;16m██████[38;2;238;98;32m████████████[38;2;16;88;130m██[38;2;45;201;250m██████[38;2;16;88;130m██[38;2;45;201;250m██████████████████[38;2;16;88;130m██[38;2;45;201;250m██[38;2;117;235;253m██[38;2;181;254;254m██[38;2;45;201;250m██[38;2;16;88;130m██        [38;2;16;16;16m██                                  
                    [38;2;16;88;130m████    [38;2;16;16;16m██[38;2;45;201;250m██████[38;2;117;235;253m██[38;2;45;201;250m██████████[38;2;16;88;130m██[38;2;45;201;250m██[38;2;16;88;130m██[38;2;45;201;250m██[38;2;16;88;130m██[38;2;238;98;32m████[38;2;16;16;16m██████████[38;2;238;98;32m██████[38;2;189;82;32m██[38;2;16;88;130m████[38;2;238;98;32m██[38;2;16;88;130m████[38;2;45;201;250m██████[38;2;16;88;130m██[38;2;45;201;250m████████[38;2;117;235;253m██[38;2;45;201;250m██████████[38;2;16;88;130m██[38;2;45;201;250m██[38;2;181;254;254m████[38;2;45;201;250m████[38;2;16;88;130m██    [38;2;16;16;16m██[38;2;32;32;32m██[38;2;16;16;16m██                                
                    [38;2;16;88;130m██[38;2;45;201;250m██[38;2;16;88;130m██[38;2;16;16;16m██[38;2;32;32;32m██[38;2;16;16;16m██[38;2;45;201;250m████[38;2;181;254;254m██[38;2;45;201;250m██████████[38;2;16;88;130m██[38;2;45;201;250m████[38;2;16;88;130m████[38;2;238;98;32m██[38;2;16;88;130m████[38;2;238;98;32m████████████[38;2;16;88;130m██[38;2;181;254;254m████[38;2;16;88;130m████[38;2;45;201;250m████████[38;2;16;88;130m██[38;2;45;201;250m██████████[38;2;181;254;254m██[38;2;45;201;250m██████████[38;2;16;16;16m████[38;2;45;201;250m██[38;2;181;254;254m████[38;2;45;201;250m████[38;2;16;88;130m██[38;2;16;16;16m████[38;2;32;32;32m████[38;2;16;16;16m██                              
            ██      [38;2;16;88;130m██[38;2;45;201;250m██████[38;2;16;16;16m████[38;2;45;201;250m████[38;2;181;254;254m████[38;2;45;201;250m██████████[38;2;16;88;130m██[38;2;45;201;250m██████[38;2;16;88;130m██[38;2;181;254;254m████[38;2;189;82;32m██[38;2;16;88;130m██[38;2;238;98;32m██████[38;2;16;88;130m██[38;2;181;254;254m████[38;2;16;88;130m██[38;2;45;201;250m██████████████████████[38;2;181;254;254m████[38;2;117;235;253m██[38;2;45;201;250m██████[38;2;16;16;16m██[38;2;32;32;32m██[38;2;16;16;16m██████[38;2;117;235;253m██[38;2;181;254;254m██[38;2;45;201;250m████[38;2;16;88;130m██[38;2;16;16;16m██[38;2;32;32;32m████[38;2;16;16;16m████                            
          ██[38;2;49;49;49m██[38;2;16;16;16m██      ██[38;2;45;201;250m████████████[38;2;181;254;254m████[38;2;117;235;253m██[38;2;45;201;250m████[38;2;181;254;254m██[38;2;45;201;250m████████████[38;2;16;88;130m██[38;2;181;254;254m██████[38;2;16;88;130m██[38;2;238;98;32m██[38;2;16;88;130m██[38;2;181;254;254m██████[38;2;45;201;250m██████████████████████[38;2;117;235;253m██[38;2;181;254;254m██████[38;2;45;201;250m████[38;2;16;88;130m██[38;2;32;32;32m██[38;2;16;16;16m██[38;2;45;201;250m██[38;2;16;16;16m██[38;2;32;32;32m██[38;2;16;16;16m██[38;2;117;235;253m██[38;2;181;254;254m██[38;2;45;201;250m██████[38;2;16;16;16m██[38;2;16;88;130m████[38;2;49;49;49m██[38;2;16;16;16m████                        
      ██  ██[38;2;49;49;49m██[38;2;16;16;16m██        ██[38;2;45;201;250m██████████[38;2;181;254;254m██████[38;2;117;235;253m██[38;2;45;201;250m██[38;2;181;254;254m████[38;2;117;235;253m██[38;2;45;201;250m██████████[38;2;117;235;253m██[38;2;181;254;254m██████[38;2;16;88;130m██[38;2;181;254;254m██████[38;2;117;235;253m██[38;2;45;201;250m██████████████[38;2;181;254;254m██[38;2;45;201;250m████[38;2;117;235;253m██[38;2;181;254;254m████████[38;2;45;201;250m████[38;2;16;88;130m██[38;2;16;16;16m██[38;2;45;201;250m████[38;2;16;16;16m██[38;2;32;32;32m████[38;2;16;16;16m██[38;2;45;201;250m██[38;2;181;254;254m██[38;2;45;201;250m██████[38;2;16;16;16m████[38;2;49;49;49m██████[38;2;16;16;16m██                      
    ██[38;2;49;49;49m██[38;2;16;16;16m██[38;2;49;49;49m████[38;2;16;16;16m██      ██[38;2;32;32;32m██[38;2;16;16;16m██[38;2;45;201;250m████████[38;2;117;235;253m██[38;2;181;254;254m██████[38;2;117;235;253m██[38;2;45;201;250m██[38;2;181;254;254m██████[38;2;45;201;250m██████████[38;2;117;235;253m██[38;2;181;254;254m████████████[38;2;45;201;250m████████████[38;2;117;235;253m██[38;2;181;254;254m████[38;2;45;201;250m██[38;2;117;235;253m██[38;2;181;254;254m██████████[38;2;45;201;250m██[38;2;16;88;130m██[38;2;45;201;250m████████[38;2;16;16;16m██[38;2;32;32;32m██████[38;2;16;16;16m████[38;2;181;254;254m██[38;2;45;201;250m████████[38;2;16;16;16m██[38;2;49;49;49m██████[38;2;16;16;16m██                    
    ██[38;2;49;49;49m██[38;2;16;16;16m██[38;2;49;49;49m████[38;2;16;16;16m██    ██[38;2;32;32;32m██████[38;2;16;16;16m██[38;2;16;88;130m██[38;2;45;201;250m████[38;2;117;235;253m██[38;2;181;254;254m██████████[38;2;45;201;250m██[38;2;181;254;254m██████[38;2;117;235;253m██[38;2;45;201;250m████████[38;2;181;254;254m██████████[38;2;117;235;253m██[38;2;45;201;250m██████████[38;2;181;254;254m██████[38;2;45;201;250m██[38;2;181;254;254m████████████[38;2;117;235;253m██[38;2;45;201;250m██████████[38;2;16;16;16m██[38;2;32;32;32m██████[38;2;16;88;130m████[38;2;32;32;32m██[38;2;16;16;16m██[38;2;181;254;254m██[38;2;45;201;250m████████[38;2;16;16;16m██[38;2;49;49;49m██████[38;2;16;16;16m██                  
    ██[38;2;49;49;49m██[38;2;16;16;16m██[38;2;49;49;49m████[38;2;16;16;16m██  ████████[38;2;16;88;130m██[38;2;45;201;250m██████████[38;2;181;254;254m████████████████████[38;2;117;235;253m██[38;2;45;201;250m██████[38;2;181;254;254m██████████[38;2;45;201;250m██████████[38;2;181;254;254m██████[38;2;117;235;253m██[38;2;181;254;254m██████████████[38;2;45;201;250m██████████[38;2;16;16;16m██[38;2;32;32;32m██████[38;2;16;88;130m████[38;2;32;32;32m████[38;2;16;16;16m██[38;2;117;235;253m██[38;2;181;254;254m██[38;2;45;201;250m████[38;2;16;16;16m██[38;2;49;49;49m██████████[38;2;16;16;16m██                
      ██[38;2;49;49;49m██████[38;2;16;16;16m██  ██[38;2;45;201;250m██████████████████[38;2;117;235;253m██[38;2;181;254;254m████████████████████[38;2;45;201;250m██████[38;2;117;235;253m██[38;2;181;254;254m████████[38;2;45;201;250m████████[38;2;181;254;254m██████████████████████[38;2;117;235;253m██[38;2;45;201;250m████████[38;2;16;88;130m████[38;2;16;16;16m██████[38;2;16;88;130m██[38;2;16;16;16m████[38;2;32;32;32m██[38;2;16;16;16m██[38;2;45;201;250m██[38;2;181;254;254m██[38;2;45;201;250m████[38;2;16;16;16m██[38;2;49;49;49m██████████[38;2;16;16;16m██                
      ██[38;2;49;49;49m██████[38;2;16;16;16m████[38;2;32;32;32m██[38;2;16;16;16m████[38;2;45;201;250m████████████████[38;2;181;254;254m████████████████████[38;2;117;235;253m██[38;2;45;201;250m██████[38;2;181;254;254m████████[38;2;45;201;250m██████[38;2;117;235;253m██[38;2;181;254;254m████████████████████[38;2;117;235;253m██[38;2;45;201;250m████████████████████[38;2;16;16;16m██[38;2;172;172;172m████[38;2;16;16;16m████[38;2;45;201;250m██[38;2;181;254;254m██[38;2;45;201;250m██[38;2;16;88;130m██[38;2;49;49;49m██[38;2;255;255;255m████[38;2;172;172;172m██[38;2;49;49;49m██████[38;2;16;16;16m██              
      ██[38;2;49;49;49m██████[38;2;16;16;16m██[38;2;49;49;49m██[38;2;32;32;32m██████[38;2;16;16;16m████[38;2;16;88;130m████[38;2;45;201;250m██████████[38;2;117;235;253m██[38;2;181;254;254m██████████████████[38;2;45;201;250m██████[38;2;181;254;254m██████[38;2;117;235;253m██[38;2;45;201;250m██████[38;2;181;254;254m████████████████████[38;2;117;235;253m██[38;2;45;201;250m██████████████████[38;2;16;16;16m████[38;2;172;172;172m████████[38;2;16;16;16m██[38;2;181;254;254m██[38;2;117;235;253m██[38;2;45;201;250m██[38;2;16;16;16m██[38;2;255;255;255m████████[38;2;172;172;172m██[38;2;49;49;49m████[38;2;16;16;16m██              
      ██[38;2;49;49;49m██████[38;2;16;16;16m██[38;2;49;49;49m████[38;2;32;32;32m████████[38;2;16;16;16m██[38;2;45;201;250m██████████████████[38;2;117;235;253m██[38;2;181;254;254m████████████[38;2;117;235;253m██[38;2;45;201;250m████[38;2;181;254;254m██████[38;2;117;235;253m██[38;2;45;201;250m████[38;2;117;235;253m██[38;2;181;254;254m████████████████[38;2;117;235;253m██[38;2;45;201;250m██████████████████[38;2;16;88;130m██[38;2;16;16;16m██[38;2;32;32;32m██[38;2;16;16;16m██[38;2;172;172;172m██████[38;2;255;255;255m██[38;2;16;16;16m██[38;2;181;254;254m██[38;2;45;201;250m████[38;2;16;16;16m██[38;2;255;255;255m██████████[38;2;49;49;49m████[38;2;16;16;16m██              
        ██[38;2;49;49;49m████[38;2;16;16;16m██[38;2;49;49;49m██████[38;2;32;32;32m████[38;2;16;16;16m██[38;2;45;201;250m██████████████████████████[38;2;117;235;253m██[38;2;181;254;254m██████[38;2;117;235;253m██[38;2;45;201;250m████[38;2;117;235;253m██[38;2;181;254;254m████[38;2;45;201;250m██████[38;2;117;235;253m██[38;2;181;254;254m██████████[38;2;117;235;253m██[38;2;45;201;250m██████████████████████[38;2;16;88;130m██    [38;2;16;16;16m██████[38;2;172;172;172m██[38;2;255;255;255m██████[38;2;16;88;130m██[38;2;45;201;250m██[38;2;16;88;130m██[38;2;255;255;255m████████████[38;2;49;49;49m██[38;2;32;32;32m██[38;2;16;16;16m██              
        ██[38;2;49;49;49m██████████████[38;2;16;16;16m██[38;2;45;201;250m██████[38;2;16;16;16m██████[38;2;16;88;130m██[38;2;45;201;250m██████████████████[38;2;117;235;253m██[38;2;181;254;254m████[38;2;45;201;250m██████[38;2;181;254;254m████[38;2;45;201;250m██████[38;2;181;254;254m██████[38;2;117;235;253m██[38;2;45;201;250m██████████████████████████████[38;2;16;88;130m██        [38;2;16;16;16m██[38;2;172;172;172m██[38;2;255;255;255m██████[38;2;16;88;130m████[38;2;172;172;172m██[38;2;255;255;255m████████[38;2;32;32;32m████[38;2;16;16;16m██                
        ██[38;2;49;49;49m██████████████[38;2;16;16;16m██[38;2;45;201;250m██[38;2;16;16;16m████  ██[38;2;32;32;32m██[38;2;104;173;187m██[38;2;16;88;130m████[38;2;45;201;250m████████████████[38;2;117;235;253m██[38;2;181;254;254m██[38;2;45;201;250m██████[38;2;181;254;254m████[38;2;45;201;250m██████[38;2;181;254;254m████[38;2;45;201;250m████████████████████[38;2;16;88;130m██████████[38;2;45;201;250m██████[38;2;16;88;130m██        [38;2;16;16;16m████████[38;2;16;88;130m██[38;2;172;172;172m██████[38;2;255;255;255m████[38;2;32;32;32m██████[38;2;16;16;16m██                
        ██[38;2;49;49;49m████████████████[38;2;16;16;16m████    ██[38;2;104;173;187m██[38;2;181;254;254m██████[38;2;16;88;130m████[38;2;45;201;250m██████████████[38;2;181;254;254m██[38;2;45;201;250m██████[38;2;181;254;254m██[38;2;117;235;253m██[38;2;45;201;250m██████[38;2;181;254;254m██[38;2;45;201;250m██████████████████[38;2;16;88;130m████[38;2;181;254;254m██████[38;2;104;173;187m██[38;2;32;32;32m██[38;2;16;88;130m████[38;2;45;201;250m██[38;2;16;88;130m██              [38;2;16;16;16m██[38;2;181;254;254m██[38;2;16;88;130m████[38;2;16;16;16m████[38;2;32;32;32m██████████[38;2;16;16;16m██              
      ██[38;2;49;49;49m██████████████████[38;2;32;32;32m██[38;2;16;16;16m██  ██[38;2;104;173;187m██[38;2;181;254;254m██████████[38;2;32;32;32m██[38;2;16;88;130m████[38;2;45;201;250m██████████████████[38;2;181;254;254m██[38;2;117;235;253m██[38;2;45;201;250m██████████████████████[38;2;16;88;130m████[38;2;32;32;32m██[38;2;181;254;254m██████████[38;2;104;173;187m██[38;2;16;16;16m██  [38;2;16;88;130m████                [38;2;16;16;16m██[38;2;181;254;254m██[38;2;117;235;253m██[38;2;45;201;250m██[38;2;16;88;130m██[38;2;32;32;32m████[38;2;255;255;255m████[38;2;32;32;32m██[38;2;16;16;16m██              
      ██[38;2;49;49;49m██[38;2;104;173;187m██[38;2;181;254;254m██████[38;2;104;173;187m██[38;2;49;49;49m██████[38;2;32;32;32m██[38;2;16;16;16m██  ██[38;2;181;254;254m████[38;2;50;115;128m████[38;2;181;254;254m████[38;2;104;173;187m██[38;2;32;32;32m██[38;2;49;49;49m████[38;2;16;88;130m██[38;2;45;201;250m██████████████[38;2;181;254;254m██[38;2;45;201;250m████████████████████[38;2;16;88;130m████[38;2;49;49;49m██[38;2;32;32;32m██[38;2;181;254;254m████████[38;2;50;115;128m████[38;2;181;254;254m██[38;2;16;16;16m██                        ██[38;2;16;88;130m████[38;2;16;16;16m████[38;2;255;255;255m████████[38;2;16;16;16m██              
      ██[38;2;104;173;187m██[38;2;181;254;254m████████[38;2;104;173;187m██████[38;2;50;115;128m██[38;2;49;49;49m██[38;2;16;16;16m██  ██[38;2;181;254;254m██[38;2;104;173;187m██[38;2;181;254;254m████[38;2;50;115;128m██[38;2;181;254;254m██[38;2;104;173;187m██[38;2;32;32;32m██[38;2;49;49;49m██████[38;2;16;88;130m██[38;2;45;201;250m████████████[38;2;181;254;254m██[38;2;45;201;250m████████████████[38;2;16;88;130m████[38;2;49;49;49m██████[38;2;32;32;32m██[38;2;181;254;254m██████[38;2;50;115;128m██[38;2;181;254;254m██[38;2;104;173;187m██████[38;2;16;16;16m██                      ██[38;2;172;172;172m██████[38;2;255;255;255m████████[38;2;172;172;172m██[38;2;16;16;16m██              
    ██[38;2;104;173;187m██[38;2;21;124;175m████████[38;2;16;88;130m████[38;2;104;173;187m████████[38;2;16;16;16m██  ██[38;2;181;254;254m██[38;2;50;115;128m██[38;2;181;254;254m████[38;2;104;173;187m██[38;2;181;254;254m██[38;2;104;173;187m██[38;2;32;32;32m████████[38;2;49;49;49m██[38;2;16;88;130m██[38;2;45;201;250m██████████[38;2;117;235;253m██[38;2;45;201;250m██████████████[38;2;16;88;130m██[38;2;49;49;49m██████████[38;2;32;32;32m██[38;2;181;254;254m██████[38;2;104;173;187m██[38;2;181;254;254m████[38;2;50;115;128m██[38;2;104;173;187m██[38;2;16;16;16m██                        ██[38;2;172;172;172m██████[38;2;255;255;255m████[38;2;172;172;172m██[38;2;16;16;16m██                
    ██[38;2;16;88;130m██[38;2;45;201;250m██████████[38;2;21;124;175m████[38;2;16;88;130m██[38;2;104;173;187m████[38;2;16;16;16m██  ██[38;2;181;254;254m██[38;2;50;115;128m██[38;2;181;254;254m████████[38;2;32;32;32m██[38;2;104;173;187m████████[38;2;32;32;32m██[38;2;16;88;130m██[38;2;45;201;250m██████████[38;2;117;235;253m██[38;2;45;201;250m████████████[38;2;16;88;130m██[38;2;32;32;32m██████████[38;2;49;49;49m██[38;2;32;32;32m██[38;2;181;254;254m████████████[38;2;50;115;128m██[38;2;104;173;187m██[38;2;16;16;16m██                          ██[38;2;172;172;172m██████[38;2;16;16;16m████                  
    ██[38;2;45;201;250m████████████[38;2;21;124;175m██████[38;2;16;88;130m██[38;2;50;115;128m██[38;2;16;16;16m██  ██[38;2;181;254;254m██[38;2;104;173;187m██[38;2;50;115;128m██[38;2;181;254;254m████[38;2;50;115;128m██[38;2;181;254;254m████████[38;2;16;88;130m████[38;2;45;201;250m████████████████████████████[38;2;16;88;130m████[38;2;104;173;187m██████[38;2;32;32;32m██████[38;2;181;254;254m████████[38;2;104;173;187m██[38;2;50;115;128m██[38;2;104;173;187m██[38;2;16;16;16m██                          [38;2;16;88;130m████[38;2;16;16;16m████                      
    ██[38;2;45;201;250m██[38;2;16;88;130m██[38;2;49;49;49m████████[38;2;16;88;130m██[38;2;21;124;175m██████[38;2;16;88;130m██    [38;2;16;16;16m██[38;2;181;254;254m████[38;2;104;173;187m██[38;2;50;115;128m████[38;2;181;254;254m████████[38;2;16;88;130m██[38;2;45;201;250m████████████████████████████████████[38;2;16;88;130m██[38;2;181;254;254m████████[38;2;104;173;187m██[38;2;50;115;128m██[38;2;181;254;254m████[38;2;104;173;187m██[38;2;50;115;128m██[38;2;104;173;187m██[38;2;16;88;130m██[38;2;21;124;175m██[38;2;16;16;16m██                        [38;2;16;88;130m██[38;2;181;254;254m██[38;2;45;201;250m██[38;2;16;88;130m██                      
    [38;2;16;16;16m██[38;2;49;49;49m██████████████[38;2;32;32;32m██[38;2;16;88;130m██[38;2;21;124;175m██[38;2;16;16;16m██  ██[38;2;16;88;130m██[38;2;104;173;187m██[38;2;181;254;254m██████████████████[38;2;16;88;130m████[38;2;45;201;250m██████[38;2;16;88;130m████[38;2;45;201;250m██████████[38;2;16;88;130m██[38;2;45;201;250m██████[38;2;16;88;130m████[38;2;181;254;254m██████████████[38;2;50;115;128m██████[38;2;104;173;187m████[38;2;16;88;130m██[38;2;21;124;175m██[38;2;16;16;16m██                          [38;2;16;88;130m██[38;2;117;235;253m██[38;2;16;88;130m██                      
    [38;2;16;16;16m██[38;2;49;49;49m████████████[38;2;32;32;32m████████[38;2;16;16;16m██  ██[38;2;45;201;250m██[38;2;16;88;130m██[38;2;181;254;254m██████[38;2;16;88;130m██[38;2;181;254;254m██████████████[38;2;16;88;130m██████[38;2;181;254;254m██[38;2;16;88;130m██[38;2;45;201;250m████████[38;2;16;88;130m██[38;2;181;254;254m██[38;2;16;88;130m██████[38;2;181;254;254m████████████████████[38;2;104;173;187m████████[38;2;16;88;130m██[38;2;21;124;175m██[38;2;16;16;16m██                          [38;2;16;88;130m██[38;2;181;254;254m██[38;2;45;201;250m██[38;2;16;88;130m██                    
    [38;2;16;16;16m██[38;2;49;49;49m██████████[38;2;32;32;32m██████████[38;2;16;16;16m██  ██[38;2;45;201;250m██[38;2;16;88;130m██[38;2;32;32;32m██[38;2;181;254;254m██[38;2;16;88;130m██[38;2;21;124;175m██[38;2;16;88;130m██[38;2;181;254;254m████[38;2;104;173;187m██[38;2;50;115;128m██████[38;2;181;254;254m██████████[38;2;16;88;130m██[38;2;45;201;250m██████[38;2;16;88;130m██[38;2;181;254;254m████████[38;2;104;173;187m██[38;2;50;115;128m████[38;2;104;173;187m██[38;2;181;254;254m██████████[38;2;104;173;187m████████[38;2;32;32;32m██[38;2;16;88;130m██[38;2;21;124;175m██[38;2;16;16;16m██                          [38;2;16;88;130m██[38;2;181;254;254m██[38;2;45;201;250m██[38;2;16;88;130m██                    
    [38;2;16;16;16m██[38;2;172;172;172m████[38;2;49;49;49m████[38;2;32;32;32m████[38;2;172;172;172m████[38;2;32;32;32m██[38;2;16;16;16m██    [38;2;16;88;130m██[38;2;45;201;250m██[38;2;16;88;130m██[38;2;32;32;32m████[38;2;16;88;130m██[38;2;45;201;250m██[38;2;16;88;130m██[38;2;32;32;32m██[38;2;50;115;128m██[38;2;104;173;187m██[38;2;181;254;254m██████[38;2;50;115;128m██[38;2;181;254;254m████████[38;2;16;88;130m██[38;2;45;201;250m████[38;2;16;88;130m██[38;2;181;254;254m████████[38;2;50;115;128m██[38;2;181;254;254m████████[38;2;50;115;128m██[38;2;32;32;32m██[38;2;181;254;254m██[38;2;104;173;187m████[38;2;16;88;130m██[38;2;104;173;187m████[38;2;32;32;32m████[38;2;21;124;175m████[38;2;16;88;130m██                          ██[38;2;117;235;253m██[38;2;181;254;254m██[38;2;45;201;250m██[38;2;16;88;130m██                  
    [38;2;16;16;16m██[38;2;255;255;255m████[38;2;172;172;172m██[38;2;32;32;32m████[38;2;255;255;255m██████[38;2;172;172;172m██[38;2;16;16;16m██  ██[38;2;45;201;250m██████[38;2;16;88;130m██[38;2;32;32;32m██[38;2;16;88;130m██[38;2;45;201;250m██[38;2;16;88;130m██[38;2;32;32;32m██[38;2;104;173;187m██[38;2;181;254;254m██████████[38;2;104;173;187m██[38;2;181;254;254m████████[38;2;16;88;130m██[38;2;45;201;250m██[38;2;16;88;130m██[38;2;181;254;254m██████[38;2;50;115;128m██[38;2;181;254;254m████████████[38;2;50;115;128m██[38;2;32;32;32m████[38;2;16;88;130m██[38;2;45;201;250m██[38;2;16;16;16m██[38;2;32;32;32m████[38;2;16;88;130m██[38;2;21;124;175m██████[38;2;16;16;16m██                          [38;2;16;88;130m██[38;2;181;254;254m██[38;2;45;201;250m██[38;2;16;88;130m██                  
    [38;2;16;16;16m██[38;2;255;255;255m██████[38;2;172;172;172m██[38;2;32;32;32m██[38;2;255;255;255m████████[38;2;16;16;16m██  ██[38;2;45;201;250m██████[38;2;16;88;130m██[38;2;32;32;32m██[38;2;16;88;130m██[38;2;45;201;250m████[38;2;16;88;130m██[38;2;181;254;254m████████████[38;2;50;115;128m██[38;2;181;254;254m██████████[38;2;16;88;130m██[38;2;181;254;254m████████[38;2;50;115;128m██[38;2;181;254;254m██████████████[38;2;32;32;32m██[38;2;16;88;130m██[38;2;45;201;250m████[38;2;16;16;16m██[38;2;32;32;32m████[38;2;21;124;175m████████[38;2;16;16;16m██              [38;2;16;88;130m██          ██[38;2;117;235;253m██[38;2;181;254;254m██[38;2;45;201;250m██[38;2;16;88;130m██                
      [38;2;16;16;16m██[38;2;255;255;255m██████[38;2;32;32;32m██[38;2;172;172;172m██[38;2;255;255;255m████[38;2;16;16;16m██    ██[38;2;45;201;250m████████[38;2;16;88;130m██[38;2;45;201;250m██████[38;2;16;88;130m██[38;2;181;254;254m██████[38;2;104;173;187m██[38;2;181;254;254m████[38;2;50;115;128m██[38;2;181;254;254m██████████████████████[38;2;50;115;128m██[38;2;181;254;254m████[38;2;104;173;187m██[38;2;181;254;254m██████[38;2;32;32;32m██[38;2;16;88;130m██[38;2;45;201;250m████[38;2;16;88;130m██[38;2;32;32;32m██[38;2;16;88;130m██[38;2;21;124;175m████████[38;2;16;16;16m██            [38;2;16;88;130m██[38;2;21;124;175m██[38;2;16;88;130m██          ██[38;2;181;254;254m██[38;2;45;201;250m████[38;2;16;88;130m██              
      [38;2;16;16;16m██[38;2;255;255;255m████[38;2;172;172;172m██[38;2;49;49;49m██[38;2;172;172;172m████[38;2;255;255;255m██[38;2;16;16;16m██    ██[38;2;45;201;250m████████[38;2;16;88;130m██[38;2;45;201;250m████████[38;2;16;88;130m██[38;2;181;254;254m██████[38;2;50;115;128m████[38;2;181;254;254m████████████[38;2;32;32;32m██[38;2;181;254;254m████████████[38;2;50;115;128m████[38;2;181;254;254m████████[38;2;16;88;130m██[38;2;45;201;250m██████[38;2;16;88;130m██[38;2;16;16;16m██[38;2;21;124;175m██████████[38;2;16;16;16m██          [38;2;16;88;130m██[38;2;21;124;175m████[38;2;16;88;130m██            ██[38;2;181;254;254m██[38;2;45;201;250m██[38;2;16;88;130m██              
        [38;2;16;16;16m██[38;2;172;172;172m██[38;2;49;49;49m████[38;2;172;172;172m████[38;2;16;16;16m██      ██[38;2;45;201;250m██████████[38;2;21;124;175m██[38;2;45;201;250m██████[38;2;16;88;130m██[38;2;181;254;254m████████████████████[38;2;32;32;32m██[38;2;49;49;49m██[38;2;181;254;254m████████████████████[38;2;104;173;187m██[38;2;16;88;130m██[38;2;45;201;250m████████[38;2;16;88;130m██[38;2;21;124;175m████████████[38;2;16;16;16m██        [38;2;16;88;130m██[38;2;21;124;175m██████[38;2;16;88;130m██            ██[38;2;181;254;254m██[38;2;45;201;250m████[38;2;16;88;130m██            
          [38;2;16;16;16m██[38;2;172;172;172m████[38;2;49;49;49m██[38;2;16;16;16m██        ██[38;2;45;201;250m████████████████████[38;2;16;88;130m██[38;2;181;254;254m██████████[38;2;16;88;130m██[38;2;181;254;254m██[38;2;104;173;187m██[38;2;32;32;32m██[38;2;49;49;49m████[38;2;32;32;32m██[38;2;181;254;254m██████[38;2;16;88;130m██[38;2;181;254;254m████[38;2;104;173;187m██████[38;2;16;88;130m██[38;2;45;201;250m██████████[38;2;21;124;175m██████████████[38;2;16;16;16m██    [38;2;16;88;130m████[38;2;21;124;175m██████[38;2;16;88;130m██              ██[38;2;181;254;254m██[38;2;117;235;253m██[38;2;45;201;250m██[38;2;16;88;130m██            
            [38;2;16;16;16m██████        ████[38;2;21;124;175m██[38;2;45;201;250m████████████████████[38;2;16;88;130m██[38;2;181;254;254m████[38;2;104;173;187m██[38;2;16;88;130m██[38;2;45;201;250m██[38;2;16;88;130m██[38;2;32;32;32m██[38;2;49;49;49m████████[38;2;32;32;32m██[38;2;104;173;187m██[38;2;16;88;130m██[38;2;45;201;250m██[38;2;16;88;130m██[38;2;104;173;187m██████[38;2;16;88;130m██[38;2;45;201;250m██████████[38;2;21;124;175m████████████████[38;2;16;16;16m██[38;2;16;88;130m████[38;2;21;124;175m██████████[38;2;16;88;130m██            ██[38;2;45;201;250m██[38;2;181;254;254m████[38;2;45;201;250m████[38;2;16;88;130m██          
                      [38;2;16;16;16m████[38;2;21;124;175m████████[38;2;45;201;250m████████████████████[38;2;16;88;130m██[38;2;32;32;32m████[38;2;16;88;130m██[38;2;45;201;250m████[38;2;16;88;130m██[38;2;49;49;49m████████[38;2;32;32;32m██[38;2;16;88;130m██[38;2;45;201;250m████[38;2;16;88;130m██[38;2;104;173;187m████[38;2;16;88;130m██[38;2;45;201;250m██████████[38;2;21;124;175m████████████████[38;2;16;88;130m██[38;2;16;16;16m████[38;2;21;124;175m██████████████[38;2;16;88;130m████        ██[38;2;45;201;250m██[38;2;181;254;254m████[38;2;45;201;250m████[38;2;16;88;130m██          
                    [38;2;16;16;16m██[38;2;21;124;175m████[38;2;16;88;130m██[38;2;21;124;175m████████[38;2;45;201;250m████████████████████[38;2;16;88;130m██[38;2;32;32;32m██[38;2;16;88;130m██[38;2;45;201;250m██████[38;2;16;88;130m██[38;2;49;49;49m██████[38;2;16;88;130m██[38;2;45;201;250m██████[38;2;16;88;130m██[38;2;32;32;32m██[38;2;16;88;130m██[38;2;45;201;250m██████████[38;2;21;124;175m██████████████████[38;2;16;88;130m██[38;2;21;124;175m████[38;2;16;16;16m████[38;2;21;124;175m██████████████[38;2;16;88;130m████    ██[38;2;45;201;250m██[38;2;117;235;253m██[38;2;181;254;254m██[38;2;117;235;253m██[38;2;45;201;250m██[38;2;16;88;130m██          
                  [38;2;16;16;16m██[38;2;21;124;175m████[38;2;16;88;130m██[38;2;21;124;175m████████████[38;2;45;201;250m████████████████████[38;2;16;88;130m████[38;2;45;201;250m████████[38;2;16;88;130m██[38;2;49;49;49m██[38;2;16;88;130m██[38;2;45;201;250m████████[38;2;16;88;130m████[38;2;45;201;250m██████████[38;2;21;124;175m██████████████████████████████[38;2;16;16;16m██[38;2;21;124;175m████████████████[38;2;16;88;130m██    ██[38;2;45;201;250m██[38;2;181;254;254m████[38;2;45;201;250m██[38;2;16;88;130m██          
                [38;2;16;16;16m██[38;2;21;124;175m██████[38;2;16;88;130m██[38;2;21;124;175m██████████████[38;2;45;201;250m████████████████████[38;2;16;88;130m██[38;2;45;201;250m██████████[38;2;16;88;130m██[38;2;45;201;250m██████████[38;2;21;124;175m██[38;2;45;201;250m██████████[38;2;21;124;175m████████████████████████[38;2;16;88;130m██[38;2;21;124;175m████████[38;2;16;16;16m██[38;2;21;124;175m██████████[38;2;16;88;130m████      ██[38;2;45;201;250m██[38;2;117;235;253m██[38;2;181;254;254m██[38;2;45;201;250m██[38;2;16;88;130m██          
                  [38;2;16;16;16m██████[38;2;21;124;175m██████████[38;2;16;88;130m██[38;2;21;124;175m██████[38;2;45;201;250m████████████████████[38;2;21;124;175m██[38;2;45;201;250m████████[38;2;21;124;175m██[38;2;45;201;250m██████████████████[38;2;21;124;175m████████████████████████████[38;2;16;88;130m██[38;2;21;124;175m██████████[38;2;16;16;16m██[38;2;21;124;175m████[38;2;16;88;130m████            ██[38;2;45;201;250m██[38;2;181;254;254m██[38;2;45;201;250m██[38;2;16;88;130m██          
                      [38;2;16;16;16m██[38;2;21;124;175m████████[38;2;16;16;16m██[38;2;16;88;130m██[38;2;21;124;175m██████████[38;2;45;201;250m████████████████████████████████████████████[38;2;21;124;175m████████████████████████████████[38;2;16;16;16m██[38;2;21;124;175m████[38;2;16;16;16m████[38;2;21;124;175m██████[38;2;16;88;130m██                ██[38;2;45;201;250m██[38;2;181;254;254m██[38;2;45;201;250m██[38;2;16;88;130m██        
                    [38;2;16;16;16m██[38;2;21;124;175m██████[38;2;16;16;16m████[38;2;104;173;187m██[38;2;16;16;16m██[38;2;21;124;175m████████████████[38;2;45;201;250m████████████████████████████████[38;2;21;124;175m██████████████████████████████████████[38;2;16;16;16m██████[38;2;21;124;175m██████████[38;2;16;88;130m██                  ██[38;2;181;254;254m██[38;2;45;201;250m████[38;2;16;88;130m██      
                    [38;2;16;16;16m██████████[38;2;104;173;187m████[38;2;16;16;16m██[38;2;21;124;175m██████████████████████[38;2;45;201;250m████████████████████[38;2;21;124;175m████████████████████████████████[38;2;16;16;16m██[38;2;21;124;175m██████████[38;2;16;16;16m██[38;2;21;124;175m████████[38;2;16;16;16m████[38;2;21;124;175m████[38;2;16;88;130m██                ██[38;2;117;235;253m██[38;2;181;254;254m██[38;2;45;201;250m████[38;2;16;88;130m██    
                            [38;2;16;16;16m██[38;2;21;124;175m██[38;2;50;115;128m██[38;2;16;16;16m██[38;2;21;124;175m██████████[38;2;16;16;16m██[38;2;21;124;175m████████████████████████████████████████████████████████████[38;2;16;16;16m██[38;2;104;173;187m██[38;2;16;16;16m██[38;2;21;124;175m██████████[38;2;16;16;16m████[38;2;21;124;175m████[38;2;16;16;16m██  ████[38;2;16;88;130m██                ██[38;2;45;201;250m██[38;2;181;254;254m████[38;2;45;201;250m████[38;2;16;88;130m██  
                            [38;2;16;16;16m██[38;2;21;124;175m████[38;2;16;16;16m██[38;2;21;124;175m████████[38;2;16;16;16m██[38;2;104;173;187m██[38;2;16;16;16m██[38;2;21;124;175m██████████████████████████████████████████████[38;2;16;88;130m██[38;2;21;124;175m██████████[38;2;16;16;16m██[38;2;104;173;187m██[38;2;50;115;128m██[38;2;16;16;16m██[38;2;21;124;175m████████[38;2;16;16;16m██  ██[38;2;21;124;175m██[38;2;16;16;16m██                        [38;2;16;88;130m██[38;2;45;201;250m██[38;2;181;254;254m████[38;2;117;235;253m██[38;2;45;201;250m████[38;2;16;88;130m██
                            [38;2;16;16;16m██[38;2;32;32;32m██[38;2;21;124;175m████[38;2;16;16;16m██[38;2;21;124;175m████[38;2;16;16;16m██[38;2;104;173;187m██[38;2;50;115;128m██[38;2;16;16;16m██[38;2;21;124;175m████████████████████████████████████████████[38;2;16;88;130m██[38;2;21;124;175m██████████[38;2;16;16;16m██[38;2;104;173;187m██[38;2;21;124;175m██████[38;2;16;16;16m████[38;2;21;124;175m████[38;2;16;16;16m██    ██                          [38;2;16;88;130m██[38;2;45;201;250m██[38;2;181;254;254m██████[38;2;45;201;250m████[38;2;16;88;130m██
                            [38;2;16;16;16m██[38;2;32;32;32m████[38;2;21;124;175m██[38;2;16;16;16m██[38;2;21;124;175m██[38;2;16;16;16m██[38;2;21;124;175m████████[38;2;16;16;16m██[38;2;21;124;175m████████[38;2;16;88;130m██[38;2;21;124;175m██████████████████[38;2;16;88;130m██[38;2;21;124;175m██████████[38;2;16;16;16m████[38;2;21;124;175m████████[38;2;16;16;16m██[38;2;50;115;128m██[38;2;21;124;175m████[38;2;49;49;49m████[38;2;21;124;175m██[38;2;16;16;16m████[38;2;21;124;175m██[38;2;16;16;16m██                                  [38;2;16;88;130m██[38;2;181;254;254m██████[38;2;45;201;250m████[38;2;16;88;130m██
                              [38;2;16;16;16m██[38;2;32;32;32m██████[38;2;16;16;16m██[38;2;21;124;175m████[38;2;32;32;32m████████[38;2;16;16;16m██[38;2;21;124;175m██████[38;2;16;88;130m██[38;2;16;16;16m██[38;2;21;124;175m██████████████[38;2;16;16;16m██[38;2;16;88;130m██[38;2;21;124;175m████████[38;2;16;16;16m██    ██[38;2;21;124;175m████[38;2;16;16;16m██[38;2;21;124;175m████[38;2;49;49;49m████████[38;2;21;124;175m██[38;2;16;16;16m██  ██                                    [38;2;16;88;130m██[38;2;117;235;253m██[38;2;181;254;254m████[38;2;45;201;250m██[38;2;16;88;130m██  
                              [38;2;16;16;16m██[38;2;32;32;32m██████████████████[38;2;16;16;16m██  ██[38;2;21;124;175m████[38;2;16;16;16m████[38;2;21;124;175m████████████[38;2;16;16;16m████[38;2;21;124;175m████████[38;2;16;16;16m██      ██[38;2;21;124;175m██[38;2;16;16;16m██[38;2;32;32;32m████[38;2;49;49;49m██████████[38;2;16;16;16m██                                            [38;2;16;88;130m██[38;2;181;254;254m████[38;2;45;201;250m██[38;2;16;88;130m██  
                              [38;2;49;49;49m██[38;2;16;16;16m██[38;2;32;32;32m████████████████[38;2;16;16;16m██    ██[38;2;21;124;175m██[38;2;16;16;16m██  ██[38;2;21;124;175m████████[38;2;16;16;16m██  ██[38;2;21;124;175m████[38;2;16;16;16m████        ██[38;2;32;32;32m██████[38;2;49;49;49m████████████[38;2;16;16;16m██                                              [38;2;16;88;130m██[38;2;181;254;254m██[38;2;45;201;250m██[38;2;16;88;130m██  
                          [38;2;49;49;49m████[38;2;172;172;172m██[38;2;32;32;32m████[38;2;172;172;172m████[38;2;32;32;32m██████████[38;2;16;16;16m██      ██      ██[38;2;21;124;175m████[38;2;16;16;16m██  ██[38;2;21;124;175m████[38;2;16;16;16m██              ██[38;2;32;32;32m██[38;2;16;16;16m██[38;2;172;172;172m██[38;2;16;16;16m██[38;2;49;49;49m██[38;2;172;172;172m████[38;2;16;16;16m██                                                [38;2;16;88;130m██[38;2;117;235;253m██[38;2;45;201;250m██[38;2;16;88;130m██  
                        [38;2;49;49;49m██[38;2;172;172;172m████[38;2;49;49;49m██[38;2;172;172;172m██[38;2;255;255;255m████[38;2;172;172;172m████[38;2;32;32;32m████[38;2;16;16;16m████                  ████    ██████                ██[38;2;32;32;32m██[38;2;255;255;255m██████[38;2;172;172;172m██[38;2;49;49;49m██[38;2;255;255;255m████[38;2;49;49;49m██                                                [38;2;16;88;130m██[38;2;45;201;250m████[38;2;16;88;130m██
                        [38;2;16;16;16m██████[38;2;172;172;172m██[38;2;255;255;255m████[38;2;16;16;16m██████████                                                      ██████[38;2;255;255;255m████[38;2;16;16;16m████[38;2;255;255;255m████[38;2;49;49;49m██                                                [38;2;16;88;130m██[38;2;45;201;250m██[38;2;16;88;130m██
                            [38;2;16;16;16m████████                                                                      ██████  ██████                                                  [38;2;16;88;130m██  
[0m