                                                                                    [38;2;153;83;7m██                                                                                            
                                                                                  ██[38;2;255;254;191m██[38;2;153;83;7m██                                                                                          
                                                                                  ██[38;2;255;254;191m██[38;2;153;83;7m██                                                                                          
                                                                                  ██[38;2;255;254;191m██[38;2;153;83;7m██                                                                                          
                                                                                  ██[38;2;255;254;191m██[38;2;255;242;118m██[38;2;153;83;7m██                                                                                        
                                                                                  ██[38;2;255;242;118m████[38;2;153;83;7m██                                                                                        
                                                                                  ██[38;2;255;242;118m████[38;2;153;83;7m██                                                                                        
                                                                                ██[38;2;255;242;118m██████[38;2;153;83;7m██                                                                                        
                                                                                ██[38;2;255;242;118m████████[38;2;153;83;7m██                                                                                      
                                                                                ██[38;2;255;242;118m████████[38;2;153;83;7m██                                                                                      
                                                                                ██[38;2;255;242;118m████████[38;2;153;83;7m██                                                                                      
                                                                                ██[38;2;255;242;118m████████[38;2;153;83;7m██                                                                                      
                                                                                ██[38;2;255;242;118m██████████[38;2;153;83;7m██                                                                                    
                                                                                ██[38;2;255;242;118m██████████[38;2;16;16;16m██                                                                                    
                                                                                [38;2;153;83;7m██[38;2;255;242;118m██████████[38;2;16;16;16m██                                                                                    
                                                                                [38;2;153;83;7m██[38;2;255;242;118m██████████[38;2;234;181;97m██[38;2;153;83;7m██                                                                                  
                                                                                ██[38;2;255;242;118m██[38;2;153;83;7m██[38;2;255;242;118m██████[38;2;234;181;97m██[38;2;153;83;7m██                                                                                  
                                                                              ██[38;2;234;181;97m██[38;2;153;83;7m██[38;2;246;194;167m██[38;2;153;83;7m██[38;2;255;242;118m████[38;2;234;181;97m██[38;2;255;242;118m██[38;2;153;83;7m██                                                                                
                                                                              ██[38;2;234;181;97m██[38;2;153;83;7m██[38;2;246;194;167m██[38;2;153;83;7m██[38;2;255;242;118m██[38;2;234;181;97m████[38;2;255;242;118m██[38;2;153;83;7m██                                                                                
                                                                              [38;2;16;16;16m██[38;2;234;181;97m██[38;2;153;83;7m██[38;2;246;194;167m██[38;2;153;83;7m██[38;2;234;181;97m██████[38;2;255;242;118m██[38;2;153;83;7m██                                                                                
                                                                              [38;2;16;16;16m██[38;2;234;181;97m██[38;2;204;140;109m██████[38;2;153;83;7m██[38;2;234;181;97m████[38;2;255;242;118m████[38;2;153;83;7m██                                                                              
                                                                              [38;2;16;16;16m██[38;2;153;83;7m██[38;2;204;140;109m██████[38;2;153;83;7m██[38;2;234;181;97m████[38;2;16;16;16m████[38;2;153;83;7m██                                                            [38;2;96;64;60m██████████        
                                                                          ████[38;2;153;83;7m██[38;2;204;140;109m██[38;2;142;95;89m████[38;2;204;140;109m████[38;2;16;16;16m██[38;2;153;83;7m██[38;2;204;140;109m████[38;2;96;64;60m████                                                      ████[38;2;204;140;109m██████████[38;2;96;64;60m██      
                                                                        ██[38;2;204;140;109m████[38;2;16;16;16m██[38;2;204;140;109m██[38;2;142;95;89m██████[38;2;204;140;109m██[38;2;16;16;16m██[38;2;204;140;109m████████[38;2;142;95;89m██[38;2;96;64;60m██                                                ████[38;2;204;140;109m████████████████[38;2;16;16;16m██    
                                                                      ██[38;2;142;95;89m██[38;2;90;82;77m████[38;2;16;16;16m██[38;2;204;140;109m██[38;2;142;95;89m██████[38;2;16;16;16m██[38;2;57;52;51m████[38;2;142;95;89m██[38;2;204;140;109m██████[38;2;142;95;89m██[38;2;16;16;16m██                                            [38;2;96;64;60m██[38;2;246;194;167m██████[38;2;204;140;109m██████████████[38;2;96;64;60m██    
                                                                ██  [38;2;16;16;16m██[38;2;204;140;109m██[38;2;90;82;77m████████[38;2;16;16;16m██[38;2;142;95;89m██████[38;2;16;16;16m██[38;2;57;52;51m████████[38;2;204;140;109m██████[38;2;142;95;89m██[38;2;16;16;16m██                                        [38;2;96;64;60m██[38;2;246;194;167m████████[38;2;204;140;109m████████████████[38;2;16;16;16m██  
                                                              [38;2;96;64;60m██[38;2;204;140;109m██[38;2;16;16;16m██[38;2;204;140;109m██[38;2;255;255;255m██[38;2;90;82;77m████[38;2;85;211;253m██[38;2;90;82;77m██[38;2;16;16;16m██[38;2;142;95;89m████[38;2;16;16;16m██[38;2;90;82;77m██[38;2;85;211;253m██[38;2;57;52;51m████[38;2;255;255;255m██[38;2;57;52;51m██[38;2;204;140;109m████[38;2;142;95;89m██[38;2;96;64;60m██[38;2;16;16;16m██  ██                                [38;2;96;64;60m██[38;2;204;140;109m████[38;2;246;194;167m██████[38;2;204;140;109m████████████████[38;2;16;16;16m██  
                                                              [38;2;96;64;60m██[38;2;204;140;109m██[38;2;16;16;16m██[38;2;204;140;109m██[38;2;85;211;253m██[38;2;90;82;77m██[38;2;85;211;253m██[38;2;255;255;255m██[38;2;85;211;253m██[38;2;90;82;77m██[38;2;16;16;16m████[38;2;90;82;77m██[38;2;85;211;253m██[38;2;255;255;255m██[38;2;85;211;253m██[38;2;57;52;51m██[38;2;85;211;253m██[38;2;57;52;51m████[38;2;204;140;109m██[38;2;142;95;89m████[38;2;16;16;16m██[38;2;96;64;60m██[38;2;204;140;109m██[38;2;16;16;16m██                            [38;2;96;64;60m██[38;2;204;140;109m██████[38;2;246;194;167m████████[38;2;204;140;109m██████████████[38;2;16;16;16m██  
                                        [38;2;153;83;7m██[38;2;96;64;60m██████            ██[38;2;204;140;109m██[38;2;96;64;60m██[38;2;204;140;109m██[38;2;90;82;77m██████[38;2;85;211;253m██[38;2;255;255;255m██[38;2;85;211;253m██[38;2;90;82;77m████████[38;2;85;211;253m██[38;2;255;255;255m██[38;2;85;211;253m██[38;2;57;52;51m██[38;2;90;82;77m██[38;2;57;52;51m████[38;2;204;140;109m██[38;2;142;95;89m████[38;2;96;64;60m██[38;2;16;16;16m██[38;2;204;140;109m██[38;2;16;16;16m██                [38;2;96;64;60m████████  [38;2;16;16;16m██[38;2;204;140;109m██████████[38;2;246;194;167m██████[38;2;204;140;109m████[38;2;142;95;89m████████[38;2;204;140;109m██[38;2;16;16;16m██  
                                    [38;2;96;64;60m██[38;2;153;83;7m██[38;2;255;242;118m██[38;2;153;83;7m██[38;2;169;206;235m██[38;2;255;255;255m██[38;2;16;16;16m████        [38;2;96;64;60m██[38;2;204;140;109m██[38;2;16;16;16m██[38;2;204;140;109m██[38;2;90;82;77m██[38;2;255;255;255m██[38;2;90;82;77m██[38;2;85;211;253m██[38;2;255;255;255m██[38;2;85;211;253m██[38;2;90;82;77m████████[38;2;85;211;253m██[38;2;255;255;255m██[38;2;85;211;253m██[38;2;57;52;51m██[38;2;255;255;255m██[38;2;57;52;51m████[38;2;204;140;109m██[38;2;142;95;89m██████[38;2;16;16;16m██[38;2;204;140;109m████[38;2;16;16;16m██  ██████  ██[38;2;96;64;60m██[38;2;204;140;109m████████[38;2;16;16;16m██[38;2;204;140;109m████████████[38;2;246;194;167m██████[38;2;142;95;89m████[38;2;204;140;109m████████[38;2;142;95;89m██[38;2;16;16;16m██  
                                  [38;2;96;64;60m██[38;2;255;255;255m██[38;2;153;83;7m██[38;2;255;242;118m████[38;2;153;83;7m██[38;2;255;255;255m████[38;2;96;64;60m██[38;2;16;16;16m████████[38;2;96;64;60m██[38;2;204;140;109m██[38;2;16;16;16m██[38;2;204;140;109m██[38;2;90;82;77m██[38;2;85;211;253m██[38;2;90;82;77m████[38;2;85;211;253m██[38;2;90;82;77m████████████[38;2;85;211;253m██[38;2;57;52;51m████[38;2;85;211;253m██[38;2;57;52;51m████[38;2;204;140;109m██[38;2;142;95;89m██████[38;2;16;16;16m██[38;2;204;140;109m████[38;2;16;16;16m████[38;2;57;52;51m██████[38;2;16;16;16m██[38;2;204;140;109m████[38;2;142;95;89m████[38;2;204;140;109m██[38;2;16;16;16m██[38;2;96;64;60m██[38;2;204;140;109m██████████████[38;2;246;194;167m██[38;2;142;95;89m██[38;2;246;194;167m██[38;2;204;140;109m████████████[38;2;16;16;16m██  
                                [38;2;96;64;60m██[38;2;255;255;255m██████[38;2;153;83;7m████[38;2;255;255;255m██████[38;2;142;95;89m██[38;2;204;140;109m██[38;2;16;16;16m██[38;2;57;52;51m████[38;2;16;16;16m██[38;2;204;140;109m██[38;2;16;16;16m██[38;2;204;140;109m██[38;2;90;82;77m██████████████████████████[38;2;57;52;51m████████[38;2;142;95;89m████████[38;2;16;16;16m██[38;2;204;140;109m██[38;2;142;95;89m██[38;2;16;16;16m████[38;2;57;52;51m████[38;2;16;16;16m██[38;2;204;140;109m████[38;2;142;95;89m██[38;2;204;140;109m████[38;2;142;95;89m██[38;2;16;16;16m██[38;2;204;140;109m████████████████[38;2;142;95;89m██[38;2;246;194;167m██████[38;2;204;140;109m██████████[38;2;16;16;16m██  
                              ██[38;2;142;95;89m██[38;2;255;255;255m██████████████[38;2;142;95;89m██[38;2;204;140;109m██[38;2;57;52;51m██[38;2;16;16;16m██[38;2;57;52;51m████[38;2;16;16;16m██[38;2;142;95;89m██[38;2;16;16;16m██[38;2;204;140;109m██[38;2;57;52;51m██[38;2;90;82;77m████████████[38;2;57;52;51m██[38;2;90;82;77m████████[38;2;57;52;51m████████[38;2;204;140;109m██[38;2;142;95;89m████████[38;2;16;16;16m██[38;2;204;140;109m██[38;2;142;95;89m██[38;2;16;16;16m████[38;2;57;52;51m████[38;2;16;16;16m██[38;2;204;140;109m██████[38;2;142;95;89m████[38;2;96;64;60m██[38;2;204;140;109m████████████████[38;2;142;95;89m██[38;2;204;140;109m████[38;2;246;194;167m████[38;2;204;140;109m██████████[38;2;16;16;16m██  
                              ██[38;2;204;140;109m██[38;2;142;95;89m██[38;2;255;255;255m████████[38;2;169;206;235m██[38;2;142;95;89m██[38;2;204;140;109m██[38;2;57;52;51m████[38;2;16;16;16m██[38;2;57;52;51m████[38;2;16;16;16m██[38;2;142;95;89m██[38;2;16;16;16m██[38;2;142;95;89m██[38;2;204;140;109m██[38;2;57;52;51m██[38;2;90;82;77m████████[38;2;57;52;51m██[38;2;204;140;109m██[38;2;57;52;51m██████████████[38;2;204;140;109m████[38;2;142;95;89m████████[38;2;16;16;16m██[38;2;142;95;89m████[38;2;16;16;16m██[38;2;234;181;97m██[38;2;16;16;16m████[38;2;90;82;77m██[38;2;57;52;51m██[38;2;204;140;109m████████[38;2;16;16;16m██[38;2;204;140;109m██████████████[38;2;142;95;89m██[38;2;204;140;109m██████[38;2;246;194;167m████[38;2;204;140;109m████[38;2;142;95;89m████[38;2;204;140;109m██[38;2;16;16;16m██  
                            ██[38;2;142;95;89m██[38;2;204;140;109m████[38;2;142;95;89m████████[38;2;204;140;109m████[38;2;57;52;51m██[38;2;90;82;77m██[38;2;57;52;51m████[38;2;16;16;16m██████[38;2;142;95;89m██[38;2;16;16;16m██[38;2;142;95;89m██[38;2;204;140;109m████[38;2;57;52;51m██████[38;2;96;64;60m██[38;2;204;140;109m██████[38;2;96;64;60m██[38;2;57;52;51m████████[38;2;204;140;109m████[38;2;142;95;89m██████████[38;2;16;16;16m██[38;2;142;95;89m████[38;2;16;16;16m████[38;2;234;181;97m██[38;2;16;16;16m██[38;2;90;82;77m████[38;2;57;52;51m██[38;2;204;140;109m████[38;2;16;16;16m██[38;2;204;140;109m██████████████[38;2;142;95;89m██[38;2;204;140;109m██████████[38;2;246;194;167m██[38;2;142;95;89m████[38;2;255;255;255m████[38;2;142;95;89m██[38;2;16;16;16m██  
                          [38;2;153;83;7m██[38;2;16;16;16m██[38;2;204;140;109m██[38;2;142;95;89m██[38;2;204;140;109m██████████[38;2;90;82;77m██████████[38;2;57;52;51m████[38;2;16;16;16m████[38;2;142;95;89m██[38;2;16;16;16m██[38;2;142;95;89m████[38;2;204;140;109m████████████████████████████[38;2;142;95;89m██████████[38;2;96;64;60m██[38;2;16;16;16m██[38;2;142;95;89m████[38;2;16;16;16m██[38;2;57;52;51m██[38;2;16;16;16m██[38;2;57;52;51m██[38;2;90;82;77m████████[38;2;57;52;51m██[38;2;16;16;16m██[38;2;204;140;109m██████████████[38;2;142;95;89m██[38;2;204;140;109m██████████[38;2;142;95;89m██[38;2;255;255;255m██████████[38;2;16;16;16m██  
                        [38;2;153;83;7m██[38;2;234;181;97m██[38;2;16;16;16m██[38;2;204;140;109m████[38;2;142;95;89m████[38;2;57;52;51m████[38;2;90;82;77m████████████[38;2;57;52;51m████[38;2;16;16;16m██[38;2;234;181;97m██[38;2;16;16;16m██[38;2;142;95;89m██[38;2;16;16;16m██[38;2;142;95;89m████[38;2;204;140;109m████████████████████████[38;2;142;95;89m████████████[38;2;16;16;16m████[38;2;142;95;89m████[38;2;16;16;16m██[38;2;57;52;51m██[38;2;16;16;16m██[38;2;57;52;51m██[38;2;90;82;77m████████[38;2;16;16;16m██[38;2;204;140;109m██████████████[38;2;142;95;89m██[38;2;204;140;109m██████████[38;2;142;95;89m██[38;2;255;255;255m████████████[38;2;16;16;16m██  
                      [38;2;153;83;7m██[38;2;234;181;97m████[38;2;16;16;16m██[38;2;204;140;109m██████[38;2;57;52;51m██[38;2;90;82;77m██[38;2;86;198;254m██[38;2;90;82;77m████████████[38;2;57;52;51m████[38;2;16;16;16m██████[38;2;142;95;89m██[38;2;16;16;16m██[38;2;142;95;89m██████████[38;2;204;140;109m██████████████[38;2;142;95;89m██████████████[38;2;96;64;60m██[38;2;16;16;16m████[38;2;142;95;89m██[38;2;16;16;16m██  ████[38;2;57;52;51m████[38;2;90;82;77m██████[38;2;16;16;16m██[38;2;204;140;109m████████████[38;2;142;95;89m██[38;2;204;140;109m██████████[38;2;142;95;89m██[38;2;255;255;255m████████████[38;2;16;16;16m██    
                    [38;2;153;83;7m██[38;2;234;181;97m██████[38;2;153;83;7m██[38;2;16;16;16m████[38;2;204;140;109m██[38;2;57;52;51m██[38;2;90;82;77m██[38;2;86;198;254m██████[38;2;85;211;253m██[38;2;90;82;77m████[38;2;57;52;51m██████[38;2;16;16;16m██[38;2;57;52;51m██[38;2;16;16;16m██[38;2;142;95;89m██[38;2;16;16;16m████[38;2;142;95;89m██████████████████████████████████[38;2;96;64;60m██[38;2;16;16;16m██  ██[38;2;142;95;89m██[38;2;16;16;16m██    ██[38;2;57;52;51m██████[38;2;90;82;77m██[38;2;57;52;51m██[38;2;96;64;60m██[38;2;204;140;109m████████████[38;2;142;95;89m██[38;2;204;140;109m████████[38;2;142;95;89m██[38;2;255;255;255m██████████[38;2;153;83;7m██[38;2;255;255;255m██[38;2;16;16;16m██    
                    [38;2;153;83;7m██[38;2;234;181;97m██████[38;2;16;16;16m██[38;2;234;181;97m████[38;2;16;16;16m████[38;2;90;82;77m██[38;2;86;198;254m██[38;2;255;255;255m██████[38;2;86;198;254m██[38;2;57;52;51m████████[38;2;16;16;16m██[38;2;57;52;51m██  [38;2;16;16;16m██    ██[38;2;142;95;89m██████████████████████████████[38;2;16;16;16m██████    ██      ██[38;2;57;52;51m████████[38;2;16;16;16m██[38;2;204;140;109m██████████████[38;2;142;95;89m██[38;2;204;140;109m████████[38;2;142;95;89m██[38;2;255;255;255m████████[38;2;234;181;97m██[38;2;255;242;118m██[38;2;153;83;7m██[38;2;16;16;16m██    
                    [38;2;153;83;7m██[38;2;234;181;97m████[38;2;16;16;16m██[38;2;234;181;97m██████████[38;2;16;16;16m██[38;2;57;52;51m██[38;2;86;198;254m██████[38;2;57;52;51m████████[38;2;16;16;16m██████      ██[38;2;57;52;51m██[38;2;16;16;16m████[38;2;142;95;89m████████████████████████[38;2;16;16;16m██[38;2;57;52;51m████[38;2;16;16;16m██              ██[38;2;85;211;253m██[38;2;57;52;51m████[38;2;16;16;16m██[38;2;204;140;109m████████████[38;2;142;95;89m██[38;2;204;140;109m████████[38;2;142;95;89m██[38;2;255;255;255m████████[38;2;234;181;97m██[38;2;255;254;191m██[38;2;255;242;118m██[38;2;234;181;97m██[38;2;16;16;16m██    
                    [38;2;153;83;7m██[38;2;234;181;97m██[38;2;16;16;16m██[38;2;234;181;97m██████████████[38;2;16;16;16m██[38;2;57;52;51m██████████████[38;2;16;16;16m██          ██[38;2;57;52;51m██████[38;2;16;16;16m████[38;2;142;95;89m████████[38;2;16;16;16m██[38;2;142;95;89m██████[38;2;16;16;16m████[38;2;57;52;51m████████[38;2;16;16;16m██              ██[38;2;85;211;253m██[38;2;57;52;51m██[38;2;16;16;16m██[38;2;204;140;109m████████████[38;2;142;95;89m██[38;2;204;140;109m████████[38;2;142;95;89m██[38;2;255;255;255m██████[38;2;234;181;97m██[38;2;255;242;118m████[38;2;255;254;191m██[38;2;255;242;118m██[38;2;153;83;7m██    
                      [38;2;16;16;16m██[38;2;234;181;97m████████████████[38;2;16;16;16m██[38;2;57;52;51m████████████[38;2;16;16;16m██            ██[38;2;57;52;51m████████[38;2;16;16;16m██████████[38;2;255;242;118m██[38;2;16;16;16m██████  ██[38;2;57;52;51m████████[38;2;16;16;16m██                ████[38;2;204;140;109m██████████████[38;2;142;95;89m██[38;2;204;140;109m████████[38;2;142;95;89m██[38;2;255;255;255m██████[38;2;234;181;97m██[38;2;255;242;118m██████[38;2;255;254;191m██[38;2;255;242;118m██[38;2;153;83;7m██  
                    [38;2;16;16;16m██[38;2;234;181;97m████████████████[38;2;16;16;16m██[38;2;57;52;51m██[38;2;86;198;254m██████[38;2;57;52;51m██[38;2;16;16;16m████                ██[38;2;57;52;51m████[38;2;16;16;16m██      ██[38;2;153;83;7m██[38;2;255;242;118m██[38;2;16;16;16m██        ██[38;2;57;52;51m██[38;2;16;16;16m████                    ██[38;2;204;140;109m██████████████[38;2;142;95;89m██[38;2;204;140;109m██████[38;2;142;95;89m██[38;2;255;255;255m██████[38;2;234;181;97m██████[38;2;255;242;118m██████[38;2;255;254;191m██[38;2;234;181;97m██  
                  [38;2;153;83;7m██[38;2;255;242;118m████[38;2;234;181;97m████████████[38;2;16;16;16m██████████████                [38;2;96;64;60m██████[38;2;16;16;16m████      ██[38;2;153;83;7m██[38;2;234;181;97m██[38;2;255;242;118m██[38;2;153;83;7m██[38;2;16;16;16m████    ██[38;2;96;64;60m██[38;2;204;140;109m████[38;2;96;64;60m██[38;2;16;16;16m██                ██[38;2;204;140;109m████████████[38;2;142;95;89m██[38;2;204;140;109m████████[38;2;142;95;89m██[38;2;255;255;255m██[38;2;169;206;235m████[38;2;153;83;7m██[38;2;234;181;97m██████████[38;2;255;242;118m██[38;2;255;254;191m██[38;2;153;83;7m██
                ██[38;2;255;242;118m████████[38;2;234;181;97m██████[38;2;16;16;16m████                            ██[38;2;204;140;109m██████[38;2;142;95;89m██[38;2;96;64;60m██[38;2;16;16;16m██  ██[38;2;204;140;109m██[38;2;153;83;7m██[38;2;234;181;97m████[38;2;96;64;60m██[38;2;204;140;109m████[38;2;16;16;16m██[38;2;142;95;89m████[38;2;204;140;109m██████████[38;2;16;16;16m██              ██[38;2;204;140;109m████████████[38;2;142;95;89m██[38;2;204;140;109m██[38;2;142;95;89m██████[38;2;96;64;60m██[38;2;169;206;235m██████[38;2;153;83;7m██[38;2;234;181;97m██████████[38;2;153;83;7m████[38;2;234;181;97m██
              [38;2;153;83;7m██[38;2;255;242;118m████████████[38;2;234;181;97m██[38;2;16;16;16m██                                  ████[38;2;204;140;109m██████[38;2;142;95;89m██[38;2;16;16;16m██[38;2;204;140;109m██████[38;2;153;83;7m████[38;2;204;140;109m████████[38;2;16;16;16m████████[38;2;96;64;60m████[38;2;16;16;16m██              ██[38;2;142;95;89m██[38;2;204;140;109m██████[38;2;142;95;89m██████[38;2;96;64;60m██[38;2;142;95;89m████████[38;2;96;64;60m██[38;2;169;206;235m██████[38;2;153;83;7m██[38;2;234;181;97m██████[38;2;16;16;16m████      
            [38;2;153;83;7m██[38;2;255;242;118m████████████[38;2;16;16;16m████                                        [38;2;96;64;60m██[38;2;16;16;16m████  ██[38;2;204;140;109m██[38;2;90;82;77m████[38;2;204;140;109m████[38;2;90;82;77m████[38;2;204;140;109m██[38;2;96;64;60m██[38;2;16;16;16m██  ██[38;2;142;95;89m██[38;2;16;16;16m██                  ██[38;2;142;95;89m██████████████[38;2;96;64;60m██[38;2;142;95;89m████████[38;2;96;64;60m██[38;2;169;206;235m████████[38;2;16;16;16m██████          
          [38;2;153;83;7m██[38;2;255;242;118m██[38;2;255;254;191m██[38;2;255;242;118m██████[38;2;16;16;16m████                                            ██[38;2;142;95;89m████[38;2;16;16;16m██[38;2;142;95;89m██[38;2;57;52;51m██[38;2;90;82;77m████████████[38;2;57;52;51m██[38;2;96;64;60m██[38;2;142;95;89m██[38;2;16;16;16m██[38;2;142;95;89m████[38;2;16;16;16m██                  ██[38;2;142;95;89m██████████████[38;2;96;64;60m██[38;2;142;95;89m████████[38;2;96;64;60m██[38;2;169;206;235m██████████[38;2;16;16;16m██            
        [38;2;153;83;7m██[38;2;255;242;118m██[38;2;255;254;191m██[38;2;255;242;118m██████[38;2;153;83;7m██                                                ██[38;2;16;16;16m██[38;2;142;95;89m██[38;2;16;16;16m██[38;2;142;95;89m██[38;2;57;52;51m██[38;2;86;198;254m██[38;2;90;82;77m████████[38;2;86;198;254m██[38;2;57;52;51m██[38;2;142;95;89m████[38;2;16;16;16m██[38;2;142;95;89m██[38;2;16;16;16m██  [38;2;153;83;7m██                [38;2;16;16;16m██[38;2;142;95;89m██████████████[38;2;96;64;60m██[38;2;142;95;89m████████[38;2;96;64;60m██[38;2;169;206;235m████████[38;2;16;16;16m██              
        [38;2;153;83;7m██[38;2;255;254;191m██[38;2;255;242;118m████[38;2;153;83;7m████                                                ██[38;2;234;181;97m██[38;2;16;16;16m████[38;2;96;64;60m██[38;2;16;16;16m██[38;2;57;52;51m████[38;2;86;198;254m██[38;2;57;52;51m████[38;2;86;198;254m██[38;2;57;52;51m████[38;2;96;64;60m██[38;2;142;95;89m██[38;2;16;16;16m████  [38;2;153;83;7m██[38;2;234;181;97m██[38;2;16;16;16m██              ██[38;2;142;95;89m██████████████[38;2;96;64;60m██[38;2;142;95;89m██████████[38;2;96;64;60m██[38;2;169;206;235m████[38;2;16;16;16m██                
      [38;2;153;83;7m██[38;2;255;254;191m██[38;2;255;242;118m████[38;2;153;83;7m██                                                    ██[38;2;234;181;97m██[38;2;16;16;16m██  ████[38;2;57;52;51m██[38;2;86;198;254m██[38;2;57;52;51m████████[38;2;86;198;254m██[38;2;57;52;51m████[38;2;16;16;16m██      [38;2;153;83;7m██[38;2;234;181;97m██[38;2;16;16;16m██              ██[38;2;142;95;89m████████████████[38;2;96;64;60m██[38;2;142;95;89m██████████[38;2;96;64;60m██[38;2;16;16;16m██                  
    [38;2;153;83;7m██[38;2;255;254;191m██[38;2;255;242;118m██[38;2;153;83;7m████                                                    ██[38;2;234;181;97m████[38;2;16;16;16m██    ████[38;2;57;52;51m██████████████[38;2;16;16;16m████    [38;2;153;83;7m██[38;2;234;181;97m████[38;2;16;16;16m██                [38;2;96;64;60m██[38;2;142;95;89m██████████████[38;2;96;64;60m██[38;2;142;95;89m██████████[38;2;16;16;16m██                    
  [38;2;153;83;7m██[38;2;255;254;191m██[38;2;255;242;118m██[38;2;153;83;7m██                                                        ██[38;2;234;181;97m████[38;2;153;83;7m██[38;2;16;16;16m████[38;2;57;52;51m████[38;2;16;16;16m████[38;2;57;52;51m██████[38;2;16;16;16m████[38;2;57;52;51m████[38;2;16;16;16m██  [38;2;153;83;7m██[38;2;234;181;97m████[38;2;153;83;7m██[38;2;16;16;16m██              ██[38;2;142;95;89m████████████████[38;2;96;64;60m██[38;2;142;95;89m████[38;2;16;16;16m████                      
[38;2;153;83;7m██[38;2;255;254;191m██[38;2;153;83;7m████                                                        [38;2;16;16;16m██[38;2;142;95;89m██[38;2;153;83;7m████[38;2;204;140;109m████[38;2;16;16;16m██[38;2;57;52;51m████[38;2;16;16;16m██  ██████  ██[38;2;57;52;51m████[38;2;16;16;16m████[38;2;204;140;109m██[38;2;153;83;7m████[38;2;204;140;109m████[38;2;16;16;16m██            ██[38;2;142;95;89m██████████████████[38;2;96;64;60m██[38;2;16;16;16m██                          
[38;2;153;83;7m████                                                          [38;2;16;16;16m██[38;2;204;140;109m██████████████[38;2;16;16;16m████              ████[38;2;142;95;89m██[38;2;204;140;109m██████████████[38;2;16;16;16m██            ██[38;2;142;95;89m██████████████[38;2;16;16;16m████                            
                                                            ██[38;2;204;140;109m██[38;2;90;82;77m████[38;2;204;140;109m████[38;2;57;52;51m████[38;2;204;140;109m██[38;2;96;64;60m██[38;2;16;16;16m██                ██[38;2;204;140;109m██[38;2;90;82;77m████[38;2;204;140;109m████[38;2;57;52;51m████[38;2;204;140;109m██[38;2;96;64;60m██[38;2;16;16;16m██            ██[38;2;142;95;89m██████[38;2;16;16;16m██████                                
                                                          ██[38;2;142;95;89m██[38;2;86;198;254m████[38;2;90;82;77m████[38;2;86;198;254m████[38;2;57;52;51m████[38;2;142;95;89m████[38;2;16;16;16m██            ██[38;2;142;95;89m██[38;2;90;82;77m██[38;2;86;198;254m████[38;2;90;82;77m████[38;2;86;198;254m████[38;2;57;52;51m██[38;2;96;64;60m██[38;2;169;206;235m██[38;2;16;16;16m██            ██████                                      
                                                        ██[38;2;234;181;97m██[38;2;142;95;89m██[38;2;57;52;51m██[38;2;255;255;255m██[38;2;90;82;77m████[38;2;255;255;255m██[38;2;57;52;51m████[38;2;96;64;60m██[38;2;142;95;89m██[38;2;169;206;235m██[38;2;16;16;16m██          ██[38;2;234;181;97m██[38;2;142;95;89m██[38;2;57;52;51m████[38;2;255;255;255m██[38;2;90;82;77m████[38;2;255;255;255m██[38;2;57;52;51m████[38;2;142;95;89m██[38;2;169;206;235m██[38;2;16;16;16m██                                                        
                                                          ██[38;2;142;95;89m██[38;2;57;52;51m██[38;2;86;198;254m██[38;2;57;52;51m████[38;2;86;198;254m██[38;2;57;52;51m████[38;2;142;95;89m██[38;2;96;64;60m██[38;2;153;83;7m██[38;2;234;181;97m██[38;2;16;16;16m██          ██[38;2;142;95;89m██[38;2;57;52;51m████[38;2;85;211;253m██[38;2;57;52;51m████[38;2;86;198;254m██[38;2;57;52;51m████[38;2;142;95;89m██[38;2;153;83;7m██[38;2;234;181;97m██[38;2;153;83;7m██                                                      
                                                            [38;2;16;16;16m██[38;2;57;52;51m██████████████[38;2;142;95;89m██[38;2;96;64;60m██[38;2;169;206;235m██[38;2;16;16;16m██              ██[38;2;57;52;51m████████████████[38;2;142;95;89m██[38;2;169;206;235m██[38;2;16;16;16m██                                                        
                                                              ██[38;2;57;52;51m████████████[38;2;96;64;60m██[38;2;142;95;89m██[38;2;16;16;16m██                  ██[38;2;57;52;51m██████████████[38;2;96;64;60m██[38;2;16;16;16m██                                                          
                                                            ██[38;2;57;52;51m██[38;2;16;16;16m██[38;2;57;52;51m████████[38;2;16;16;16m██████                  ██[38;2;57;52;51m██[38;2;16;16;16m██[38;2;57;52;51m████████[38;2;16;16;16m██████                                                            
                                                            ██[38;2;57;52;51m████[38;2;16;16;16m████████[38;2;57;52;51m████[38;2;16;16;16m██                  ██[38;2;57;52;51m████[38;2;16;16;16m████████[38;2;57;52;51m████[38;2;16;16;16m██                                                            
                                                              ████        ████                      ████        ████                                                              
[0m