                [38;2;150;89;71m██████                                                              
            [38;2;222;182;80m████[38;2;252;226;91m██[38;2;217;163;121m████[38;2;150;89;71m████                                                          
          [38;2;222;182;80m██[38;2;252;226;91m████[38;2;217;163;121m██████████[38;2;222;182;80m██████████████                                            
        ██[38;2;252;226;91m████[38;2;217;163;121m██[38;2;222;182;80m████[38;2;217;163;121m██[38;2;222;182;80m████[38;2;252;226;91m██████████████[38;2;222;182;80m████    [38;2;150;89;71m████████                            
      [38;2;222;182;80m██[38;2;217;163;121m██████[38;2;222;182;80m██[38;2;252;226;91m██[38;2;217;163;121m██[38;2;115;60;49m██[38;2;252;226;91m████[38;2;222;182;80m██████[38;2;217;163;121m██[38;2;252;226;91m██████████[38;2;150;89;71m████[38;2;217;163;121m████████[38;2;150;89;71m████                        
    [38;2;222;182;80m██[38;2;252;226;91m██[38;2;217;163;121m████[38;2;222;182;80m██[38;2;252;226;91m████[38;2;217;163;121m██[38;2;150;89;71m██[38;2;217;163;121m██[38;2;222;182;80m██[38;2;252;226;91m████[38;2;217;163;121m██[38;2;115;60;49m██[38;2;217;163;121m██[38;2;252;226;91m██████[38;2;150;89;71m██[38;2;217;163;121m██████[38;2;252;226;91m██████[38;2;217;163;121m████[38;2;166;130;63m██                      
    [38;2;222;182;80m██[38;2;252;226;91m██[38;2;217;163;121m████[38;2;222;182;80m██[38;2;252;226;91m██[38;2;217;163;121m██[38;2;150;89;71m██[38;2;217;163;121m████[38;2;222;182;80m██[38;2;252;226;91m████[38;2;217;163;121m██[38;2;115;60;49m██[38;2;217;163;121m██████[38;2;150;89;71m██[38;2;217;163;121m██████[38;2;252;226;91m██████████[38;2;217;163;121m██[38;2;252;226;91m██[38;2;166;130;63m██                    
  [38;2;222;182;80m██[38;2;252;226;91m████[38;2;217;163;121m██████[38;2;150;89;71m████[38;2;217;163;121m██████[38;2;150;89;71m██[38;2;252;226;91m██[38;2;217;163;121m██[38;2;191;126;96m██[38;2;115;60;49m██[38;2;217;163;121m██████[38;2;150;89;71m██[38;2;217;163;121m██████[38;2;252;226;91m████[38;2;166;130;63m██[38;2;252;226;91m██████████[38;2;166;130;63m██      ██████      
  [38;2;222;182;80m██[38;2;252;226;91m██[38;2;217;163;121m██████[38;2;74;77;74m██[38;2;217;163;121m████████████[38;2;150;89;71m██████[38;2;217;163;121m██████[38;2;150;89;71m██[38;2;217;163;121m██████[38;2;252;226;91m████[38;2;166;130;63m██[38;2;252;226;91m████████[38;2;222;182;80m██[38;2;166;130;63m████  ██[38;2;222;182;80m██[38;2;252;226;91m██████[38;2;222;182;80m██[38;2;166;130;63m██  
[38;2;150;89;71m██[38;2;252;226;91m██[38;2;217;163;121m██████[38;2;74;77;74m████[38;2;191;126;96m██[38;2;217;163;121m██████████████████████[38;2;150;89;71m██[38;2;217;163;121m████[38;2;252;226;91m██████[38;2;166;130;63m██[38;2;252;226;91m██████[38;2;222;182;80m██[38;2;166;130;63m██[38;2;252;226;91m██[38;2;222;182;80m██[38;2;16;16;16m██[38;2;252;226;91m████████████[38;2;222;182;80m██[38;2;166;130;63m██
[38;2;150;89;71m██[38;2;217;163;121m████████[38;2;16;16;16m██[38;2;254;254;254m██[38;2;150;89;71m██[38;2;217;163;121m██████████[38;2;74;77;74m████[38;2;217;163;121m████████[38;2;150;89;71m██[38;2;217;163;121m████[38;2;252;226;91m██████[38;2;222;182;80m██[38;2;166;130;63m██[38;2;252;226;91m████[38;2;166;130;63m██[38;2;252;226;91m██████[38;2;16;16;16m██[38;2;217;163;121m██[38;2;252;226;91m██████[38;2;217;163;121m██[38;2;252;226;91m████[38;2;166;130;63m██
[38;2;115;60;49m██[38;2;217;163;121m██████[38;2;150;89;71m██[38;2;16;16;16m████[38;2;150;89;71m██[38;2;217;163;121m████████[38;2;74;77;74m██[38;2;254;254;254m██[38;2;74;77;74m██[38;2;16;16;16m██[38;2;217;163;121m██████[38;2;150;89;71m██[38;2;217;163;121m████[38;2;252;226;91m████████[38;2;222;182;80m██[38;2;166;130;63m██████[38;2;252;226;91m██████[38;2;222;182;80m██[38;2;16;16;16m██[38;2;217;163;121m██████████[38;2;252;226;91m██[38;2;166;130;63m██
[38;2;115;60;49m██[38;2;191;126;96m██[38;2;217;163;121m████[38;2;150;89;71m██[38;2;191;126;96m██[38;2;115;60;49m██████[38;2;217;163;121m██████[38;2;74;77;74m████[38;2;16;16;16m████[38;2;217;163;121m██████[38;2;115;60;49m██[38;2;217;163;121m████[38;2;252;226;91m████████████████[38;2;166;130;63m██[38;2;252;226;91m██[38;2;222;182;80m████[38;2;16;16;16m██[38;2;217;163;121m████████[38;2;191;126;96m████[38;2;16;16;16m██
[38;2;115;60;49m██[38;2;191;126;96m██████[38;2;150;89;71m██[38;2;115;60;49m██[38;2;217;163;121m██████[38;2;150;89;71m████[38;2;217;163;121m██[38;2;150;89;71m██[38;2;16;16;16m██████[38;2;217;163;121m██████[38;2;115;60;49m██[38;2;217;163;121m██████[38;2;252;226;91m████████████████[38;2;166;130;63m██[38;2;222;182;80m████[38;2;16;16;16m██[38;2;166;130;63m██[38;2;191;126;96m██████████[38;2;16;16;16m██
  [38;2;115;60;49m██[38;2;191;126;96m████[38;2;115;60;49m██[38;2;191;126;96m██[38;2;217;163;121m████[38;2;150;89;71m██[38;2;217;163;121m████[38;2;150;89;71m██[38;2;217;163;121m████████████████[38;2;150;89;71m██[38;2;217;163;121m██████[38;2;252;226;91m██████████████[38;2;166;130;63m██[38;2;222;182;80m████[38;2;16;16;16m██[38;2;252;226;91m██[38;2;166;130;63m██████[38;2;191;126;96m██[38;2;16;16;16m██  
  ██[38;2;115;60;49m██[38;2;191;126;96m██[38;2;115;60;49m██[38;2;217;163;121m██[38;2;150;89;71m████[38;2;217;163;121m████████[38;2;150;89;71m██[38;2;217;163;121m██████████████[38;2;115;60;49m██[38;2;217;163;121m██████[38;2;252;226;91m████████████[38;2;222;182;80m██[38;2;166;130;63m██[38;2;222;182;80m████[38;2;16;16;16m██[38;2;252;226;91m██[38;2;115;60;49m██[38;2;252;226;91m████[38;2;166;130;63m██    
    [38;2;16;16;16m██[38;2;115;60;49m██[38;2;217;163;121m████████████████[38;2;150;89;71m██[38;2;217;163;121m████████████████[38;2;150;89;71m██[38;2;217;163;121m████[38;2;252;226;91m████████[38;2;222;182;80m████[38;2;166;130;63m██[38;2;222;182;80m██████[38;2;16;16;16m██[38;2;217;163;121m██[38;2;115;60;49m██[38;2;217;163;121m██[38;2;252;226;91m████[38;2;166;130;63m██  
      [38;2;115;60;49m██[38;2;217;163;121m██[38;2;191;126;96m██[38;2;255;173;209m██[38;2;191;126;96m██[38;2;217;163;121m██████████[38;2;150;89;71m██[38;2;217;163;121m██████████████[38;2;115;60;49m██[38;2;191;126;96m██[38;2;217;163;121m████[38;2;222;182;80m██████[38;2;191;126;96m██[38;2;222;182;80m████████[38;2;16;16;16m██[38;2;217;163;121m████[38;2;150;89;71m██[38;2;115;60;49m██[38;2;217;163;121m██[38;2;252;226;91m██[38;2;166;130;63m██  
      [38;2;115;60;49m██[38;2;217;163;121m████[38;2;191;126;96m████[38;2;217;163;121m████████[38;2;191;126;96m██[38;2;150;89;71m██[38;2;217;163;121m████████[38;2;191;126;96m████████[38;2;16;16;16m██[38;2;191;126;96m██████████████[38;2;222;182;80m████[38;2;191;126;96m██[38;2;16;16;16m██[38;2;217;163;121m██[38;2;150;89;71m██[38;2;217;163;121m██[38;2;191;126;96m██[38;2;150;89;71m██[38;2;217;163;121m██[38;2;115;60;49m██  
        [38;2;16;16;16m██[38;2;217;163;121m██████████[38;2;191;126;96m██████[38;2;150;89;71m██[38;2;191;126;96m██████████████████[38;2;16;16;16m██[38;2;191;126;96m████████████████[38;2;16;16;16m██[38;2;217;163;121m██████████[38;2;150;89;71m██[38;2;191;126;96m██[38;2;115;60;49m██  
          [38;2;16;16;16m████[38;2;191;126;96m██████████[38;2;115;60;49m██[38;2;191;126;96m████████████████[38;2;16;16;16m████[38;2;222;182;80m██[38;2;16;16;16m████[38;2;191;126;96m████████[38;2;115;60;49m██[38;2;16;16;16m██[38;2;217;163;121m██████████████[38;2;115;60;49m██    
              [38;2;16;16;16m██████████[38;2;191;126;96m██████████████[38;2;16;16;16m████[38;2;222;182;80m██████████[38;2;16;16;16m████████[38;2;217;163;121m██████████████████[38;2;16;16;16m██    
              [38;2;115;60;49m██[38;2;252;226;91m██[38;2;222;182;80m██████[38;2;16;16;16m██████████████[38;2;222;182;80m████████[38;2;252;226;91m██[38;2;222;182;80m██[38;2;191;126;96m████[38;2;115;60;49m██[38;2;217;163;121m██████████████████████[38;2;16;16;16m██    
              [38;2;115;60;49m██[38;2;252;226;91m████[38;2;222;182;80m██████████████████████[38;2;252;226;91m██████[38;2;217;163;121m██[38;2;191;126;96m████[38;2;115;60;49m██[38;2;217;163;121m████████████████████[38;2;191;126;96m██[38;2;16;16;16m██    
                [38;2;115;60;49m██[38;2;217;163;121m██[38;2;252;226;91m████[38;2;222;182;80m██████████████[38;2;252;226;91m████[38;2;217;163;121m██████[38;2;191;126;96m████[38;2;115;60;49m██[38;2;191;126;96m████[38;2;217;163;121m████████████████[38;2;191;126;96m████[38;2;16;16;16m██    
                [38;2;115;60;49m██[38;2;217;163;121m██[38;2;252;226;91m██████████[38;2;217;163;121m██[38;2;252;226;91m██████████[38;2;217;163;121m████[38;2;191;126;96m██████[38;2;115;60;49m██[38;2;217;163;121m████████████████[38;2;191;126;96m██████[38;2;115;60;49m██      
              ██[38;2;191;126;96m██[38;2;115;60;49m██[38;2;217;163;121m██[38;2;252;226;91m██████[38;2;217;163;121m██████[38;2;252;226;91m██████[38;2;217;163;121m██[38;2;191;126;96m████████[38;2;16;16;16m██[38;2;217;163;121m██████[38;2;150;89;71m██[38;2;217;163;121m████[38;2;191;126;96m████████████[38;2;16;16;16m██      
              [38;2;115;60;49m██[38;2;191;126;96m████[38;2;16;16;16m██[38;2;191;126;96m██[38;2;217;163;121m████████████[38;2;191;126;96m██████████[38;2;115;60;49m██[38;2;16;16;16m██[38;2;191;126;96m██[38;2;217;163;121m██████[38;2;150;89;71m██[38;2;191;126;96m████████[38;2;115;60;49m██[38;2;191;126;96m██████[38;2;16;16;16m██      
              [38;2;115;60;49m██[38;2;191;126;96m██████[38;2;16;16;16m████[38;2;191;126;96m██████████████[38;2;115;60;49m██[38;2;16;16;16m████[38;2;191;126;96m██[38;2;217;163;121m████████[38;2;115;60;49m██[38;2;191;126;96m██████[38;2;115;60;49m████[38;2;191;126;96m██████[38;2;115;60;49m██        
                ██[38;2;191;126;96m████████[38;2;16;16;16m██████████████  [38;2;115;60;49m██[38;2;191;126;96m██[38;2;217;163;121m██████████[38;2;115;60;49m██[38;2;16;16;16m████[38;2;115;60;49m██[38;2;191;126;96m██████████[38;2;16;16;16m██        
                [38;2;115;60;49m██[38;2;191;126;96m██████[38;2;16;16;16m██              [38;2;115;60;49m██[38;2;217;163;121m████████████[38;2;191;126;96m██[38;2;16;16;16m██    ██[38;2;191;126;96m████████[38;2;16;16;16m██          
                  ██████                [38;2;115;60;49m██[38;2;217;163;121m██████████[38;2;191;126;96m██[38;2;16;16;16m██      ██[38;2;191;126;96m██████[38;2;16;16;16m██            
                                        [38;2;115;60;49m██[38;2;217;163;121m████████[38;2;191;126;96m██[38;2;16;16;16m██          ██████              
                                          ██[38;2;217;163;121m██[38;2;191;126;96m██[38;2;16;16;16m████                                
                                            ████                                    
[0m