            [38;2;181;91;0m██  ██                                                                                                      
          ██[38;2;224;122;27m██[38;2;181;91;0m██[38;2;224;122;27m██[38;2;181;91;0m██                                                                                                    
    ██    ██[38;2;224;122;27m██[38;2;181;91;0m██[38;2;224;122;27m████[38;2;181;91;0m██                                                              ████                                
  ██[38;2;255;173;20m██[38;2;181;91;0m██  ██[38;2;224;122;27m████[38;2;181;91;0m██[38;2;224;122;27m██[38;2;181;91;0m██                                                        ██████[38;2;255;173;20m████[38;2;15;15;15m██                              
  [38;2;181;91;0m██[38;2;255;173;20m████[38;2;181;91;0m██  ██[38;2;224;122;27m██[38;2;181;91;0m██[38;2;224;122;27m████[38;2;181;91;0m██                                                  ████[38;2;255;173;20m██████████[38;2;15;15;15m██                              
  [38;2;181;91;0m██[38;2;255;173;20m██████[38;2;15;15;15m██[38;2;181;91;0m██[38;2;224;122;27m██[38;2;94;102;58m██[38;2;181;91;0m██[38;2;224;122;27m██[38;2;181;91;0m██                                                ██[38;2;255;173;20m████████████[38;2;15;15;15m██                                
[38;2;181;91;0m██[38;2;255;173;20m██[38;2;181;91;0m██[38;2;255;173;20m████[38;2;15;15;15m██[38;2;131;145;60m██[38;2;94;102;58m██[38;2;131;145;60m██[38;2;94;102;58m██[38;2;181;91;0m██[38;2;94;102;58m██                                            [38;2;181;91;0m████[38;2;255;173;20m██████████████[38;2;15;15;15m██                      [38;2;181;91;0m████████  
██[38;2;255;173;20m██[38;2;224;122;27m████[38;2;255;173;20m██[38;2;94;102;58m██[38;2;15;15;15m██[38;2;94;102;58m██[38;2;131;145;60m██████[38;2;94;102;58m██                                          [38;2;181;91;0m██[38;2;255;173;20m████████████████[38;2;15;15;15m██                  [38;2;181;91;0m██████[38;2;255;173;20m████████[38;2;181;91;0m██
██[38;2;255;173;20m████[38;2;181;91;0m██[38;2;94;102;58m██[38;2;156;194;87m██[38;2;15;15;15m██[38;2;131;145;60m██████████[38;2;94;102;58m██                                      [38;2;181;91;0m██[38;2;255;173;20m████████[38;2;224;122;27m██[38;2;255;173;20m██████[38;2;15;15;15m██              [38;2;181;91;0m██████[38;2;255;173;20m████████████[38;2;15;15;15m██  
  [38;2;181;91;0m██[38;2;255;173;20m██[38;2;94;102;58m██[38;2;131;145;60m██[38;2;156;194;87m████[38;2;15;15;15m██[38;2;131;145;60m████████[38;2;94;102;58m██                                    [38;2;181;91;0m██[38;2;131;145;60m████[38;2;255;173;20m████[38;2;224;122;27m██[38;2;255;173;20m██████[38;2;181;91;0m██[38;2;255;173;20m██[38;2;15;15;15m██    [38;2;94;102;58m████████[38;2;255;173;20m██████████████[38;2;224;122;27m██[38;2;15;15;15m██    
  [38;2;181;91;0m██[38;2;94;102;58m██[38;2;156;194;87m██[38;2;131;145;60m████[38;2;156;194;87m██[38;2;94;102;58m██[38;2;131;145;60m████████[38;2;94;102;58m██                                    [38;2;131;145;60m██[38;2;232;232;232m████[38;2;131;145;60m██[38;2;224;122;27m██[38;2;255;173;20m██████[38;2;224;122;27m██[38;2;255;173;20m████[38;2;15;15;15m██[38;2;94;102;58m████[38;2;156;194;87m████[38;2;131;145;60m██[38;2;255;173;20m██████[38;2;224;122;27m████[38;2;255;173;20m████[38;2;15;15;15m████      
    [38;2;94;102;58m██[38;2;131;145;60m██[38;2;156;194;87m████[38;2;131;145;60m██[38;2;156;194;87m██[38;2;15;15;15m██[38;2;131;145;60m██████[38;2;94;102;58m██          [38;2;98;23;43m██                      [38;2;131;145;60m██[38;2;232;232;232m██████[38;2;131;145;60m██[38;2;255;173;20m████████████[38;2;181;91;0m██[38;2;15;15;15m██[38;2;156;194;87m██████████[38;2;131;145;60m██[38;2;224;122;27m████[38;2;255;173;20m████[38;2;224;122;27m██[38;2;15;15;15m██          
    [38;2;94;102;58m██[38;2;131;145;60m██[38;2;156;194;87m████████[38;2;15;15;15m██[38;2;131;145;60m██████[38;2;94;102;58m██        [38;2;98;23;43m██[38;2;239;89;82m██[38;2;98;23;43m██    ██            [38;2;131;145;60m██[38;2;232;232;232m████████[38;2;131;145;60m██████[38;2;255;173;20m████████[38;2;15;15;15m██[38;2;156;194;87m██[38;2;131;145;60m████[38;2;156;194;87m██████[38;2;131;145;60m██[38;2;255;173;20m██████[38;2;15;15;15m████[38;2;181;91;0m████████    
      [38;2;94;102;58m██[38;2;156;194;87m████████[38;2;15;15;15m██[38;2;131;145;60m████[38;2;94;102;58m██          [38;2;98;23;43m██[38;2;239;89;82m██[38;2;98;23;43m██  ██[38;2;166;38;57m██[38;2;98;23;43m██          [38;2;131;145;60m██[38;2;232;232;232m██[38;2;156;194;87m██[38;2;131;145;60m████[38;2;156;194;87m██[38;2;232;232;232m████[38;2;131;145;60m██[38;2;255;173;20m██[38;2;224;122;27m██[38;2;15;15;15m██[38;2;156;194;87m██[38;2;131;145;60m██[38;2;156;194;87m████[38;2;131;145;60m██[38;2;156;194;87m██[38;2;131;145;60m██[38;2;181;91;0m██[38;2;15;15;15m██████[38;2;224;122;27m██[38;2;255;173;20m██████████[38;2;181;91;0m██  
      [38;2;94;102;58m██[38;2;131;145;60m██[38;2;156;194;87m██████[38;2;15;15;15m██[38;2;131;145;60m████[38;2;94;102;58m██      [38;2;98;23;43m██  ██[38;2;239;89;82m████[38;2;15;15;15m██[38;2;98;23;43m██[38;2;166;38;57m██[38;2;98;23;43m██        [38;2;131;145;60m██[38;2;232;232;232m██[38;2;156;194;87m██[38;2;232;232;232m██████[38;2;131;145;60m██[38;2;232;232;232m██████[38;2;131;145;60m██[38;2;15;15;15m██[38;2;156;194;87m██████████[38;2;131;145;60m██████[38;2;255;173;20m████████████████[38;2;224;122;27m██[38;2;15;15;15m██    
      [38;2;94;102;58m██[38;2;156;194;87m████████[38;2;15;15;15m██[38;2;131;145;60m████[38;2;94;102;58m██    [38;2;98;23;43m██[38;2;239;89;82m██[38;2;15;15;15m██[38;2;239;89;82m██████[38;2;15;15;15m██[38;2;166;38;57m██████[38;2;98;23;43m██  [38;2;131;145;60m████[38;2;232;232;232m████████████[38;2;131;145;60m██[38;2;232;232;232m██████[38;2;15;15;15m██[38;2;156;194;87m████████████[38;2;131;145;60m██[38;2;156;194;87m████[38;2;131;145;60m██[38;2;224;122;27m██████[38;2;255;173;20m██████[38;2;181;91;0m██[38;2;15;15;15m██      
    [38;2;94;102;58m██[38;2;156;194;87m████████[38;2;94;102;58m██[38;2;131;145;60m████[38;2;94;102;58m██      [38;2;98;23;43m██[38;2;239;89;82m██[38;2;15;15;15m██[38;2;239;89;82m██████[38;2;166;38;57m██[38;2;15;15;15m██[38;2;166;38;57m██[38;2;131;145;60m██████[38;2;232;232;232m████████████████[38;2;156;194;87m██[38;2;232;232;232m██████[38;2;15;15;15m██[38;2;156;194;87m██████████[38;2;131;145;60m████[38;2;156;194;87m██████[38;2;131;145;60m██[38;2;255;173;20m██████[38;2;224;122;27m██[38;2;15;15;15m██          
    [38;2;94;102;58m██[38;2;156;194;87m████████[38;2;15;15;15m██[38;2;131;145;60m████[38;2;94;102;58m██    [38;2;98;23;43m██[38;2;239;89;82m████[38;2;15;15;15m██[38;2;239;89;82m████████[38;2;131;145;60m████[38;2;232;232;232m████████████████████[38;2;156;194;87m██[38;2;232;232;232m██████[38;2;15;15;15m██[38;2;156;194;87m████████████████[38;2;131;145;60m██[38;2;156;194;87m████[38;2;131;145;60m██[38;2;255;173;20m██[38;2;181;91;0m██[38;2;15;15;15m████[38;2;181;91;0m████        
    [38;2;94;102;58m██[38;2;156;194;87m████████[38;2;15;15;15m██[38;2;131;145;60m██[38;2;94;102;58m██      [38;2;98;23;43m██[38;2;239;89;82m████[38;2;166;38;57m██[38;2;15;15;15m██[38;2;239;89;82m██[38;2;166;38;57m██[38;2;131;145;60m██[38;2;232;232;232m██████████████████████████████[38;2;15;15;15m██[38;2;94;102;58m██[38;2;156;194;87m████████████████[38;2;131;145;60m██████[38;2;15;15;15m████[38;2;255;173;20m██████████[38;2;181;91;0m██      
  [38;2;94;102;58m██[38;2;156;194;87m██████████[38;2;15;15;15m██[38;2;131;145;60m██[38;2;94;102;58m██      [38;2;98;23;43m██[38;2;239;89;82m██████[38;2;15;15;15m██[38;2;166;38;57m██[38;2;131;145;60m██[38;2;232;232;232m██████████████████████████████[38;2;15;15;15m██  [38;2;94;102;58m██[38;2;156;194;87m████████████████[38;2;131;145;60m██[38;2;156;194;87m████[38;2;131;145;60m██[38;2;255;173;20m████████[38;2;15;15;15m████        
  [38;2;94;102;58m██[38;2;156;194;87m████████████[38;2;15;15;15m██      [38;2;98;23;43m██[38;2;239;89;82m████████[38;2;15;15;15m██[38;2;131;145;60m██[38;2;232;232;232m██[38;2;131;145;60m████[38;2;232;232;232m████████████████████████[38;2;15;15;15m██    [38;2;94;102;58m██[38;2;156;194;87m██████████████[38;2;131;145;60m██[38;2;156;194;87m██████[38;2;131;145;60m██[38;2;255;173;20m████[38;2;15;15;15m████            
  [38;2;94;102;58m██[38;2;156;194;87m████████████[38;2;15;15;15m██    [38;2;94;102;58m██[38;2;98;23;43m██[38;2;239;89;82m██████[38;2;166;38;57m██[38;2;94;102;58m██[38;2;232;232;232m██[38;2;131;145;60m██[38;2;156;194;87m████[38;2;131;145;60m██[38;2;232;232;232m████████████████[38;2;15;15;15m██████    ██[38;2;156;194;87m██████████████████████[38;2;131;145;60m██[38;2;224;122;27m██[38;2;15;15;15m████                
  [38;2;94;102;58m██[38;2;156;194;87m████████████[38;2;94;102;58m██  ██[38;2;156;194;87m████[38;2;166;38;57m████[38;2;156;194;87m██[38;2;94;102;58m██[38;2;232;232;232m██[38;2;131;145;60m████[38;2;156;194;87m████[38;2;131;145;60m██[38;2;232;232;232m██████████[38;2;15;15;15m██████[38;2;181;91;0m██[38;2;224;122;27m████[38;2;181;91;0m██  [38;2;15;15;15m██[38;2;156;194;87m██████████████████[38;2;131;145;60m██[38;2;15;15;15m██████                    
    [38;2;94;102;58m██[38;2;156;194;87m████████████[38;2;94;102;58m██[38;2;156;194;87m████████████[38;2;94;102;58m██[38;2;131;145;60m██[38;2;156;194;87m████[38;2;131;145;60m██████[38;2;232;232;232m██████[38;2;15;15;15m████[38;2;131;145;60m████[38;2;94;102;58m██[38;2;224;122;27m██████[38;2;181;91;0m██  [38;2;94;102;58m██[38;2;156;194;87m████████████████[38;2;15;15;15m████                          
    ██[38;2;156;194;87m████████████[38;2;94;102;58m██[38;2;156;194;87m██████████[38;2;94;102;58m██[38;2;156;194;87m████████[38;2;131;145;60m██[38;2;156;194;87m████[38;2;131;145;60m██[38;2;15;15;15m████[38;2;131;145;60m██████████[38;2;94;102;58m██[38;2;224;122;27m██[38;2;181;91;0m██  [38;2;94;102;58m██[38;2;156;194;87m████████████████[38;2;15;15;15m██                              
  [38;2;94;102;58m██[38;2;131;145;60m██[38;2;94;102;58m██[38;2;156;194;87m████████████[38;2;94;102;58m██[38;2;156;194;87m████████[38;2;94;102;58m██[38;2;156;194;87m██████████████[38;2;15;15;15m██[38;2;131;145;60m██████[38;2;94;102;58m████[38;2;131;145;60m████[38;2;94;102;58m██[38;2;181;91;0m██[38;2;15;15;15m██[38;2;94;102;58m██[38;2;156;194;87m████████████████[38;2;15;15;15m██                                
  [38;2;94;102;58m██[38;2;131;145;60m██[38;2;15;15;15m██[38;2;156;194;87m████████████[38;2;94;102;58m██[38;2;156;194;87m██████[38;2;94;102;58m██[38;2;156;194;87m██████████████[38;2;15;15;15m██[38;2;131;145;60m██████████[38;2;156;194;87m██[38;2;15;15;15m████████[38;2;156;194;87m██████████████████[38;2;131;145;60m██[38;2;15;15;15m██                                
[38;2;94;102;58m██[38;2;131;145;60m██████[38;2;15;15;15m██[38;2;156;194;87m██████████[38;2;94;102;58m██[38;2;156;194;87m██████[38;2;94;102;58m██[38;2;156;194;87m██████████████[38;2;94;102;58m██[38;2;131;145;60m████████[38;2;156;194;87m██[38;2;131;145;60m██[38;2;156;194;87m██████████████████████████[38;2;15;15;15m██                                  
[38;2;94;102;58m██[38;2;131;145;60m████████[38;2;15;15;15m██[38;2;156;194;87m████████[38;2;131;145;60m██[38;2;156;194;87m██████[38;2;131;145;60m██[38;2;156;194;87m████████████[38;2;94;102;58m██[38;2;131;145;60m████████[38;2;156;194;87m██[38;2;131;145;60m██[38;2;156;194;87m██████████████████████████[38;2;131;145;60m██[38;2;15;15;15m██                                  
[38;2;94;102;58m██[38;2;131;145;60m██████████[38;2;15;15;15m██[38;2;156;194;87m████████████████████████████████[38;2;15;15;15m████[38;2;131;145;60m████[38;2;156;194;87m██[38;2;131;145;60m██[38;2;156;194;87m████████████████████████[38;2;15;15;15m██                                    
██[38;2;131;145;60m██████████[38;2;15;15;15m██[38;2;156;194;87m████████████████████████████[38;2;15;15;15m██████[38;2;94;102;58m██[38;2;131;145;60m██████[38;2;156;194;87m██████████████████████[38;2;131;145;60m██[38;2;15;15;15m██                                      
██[38;2;131;145;60m██████████[38;2;15;15;15m██████[38;2;156;194;87m██████████████████[38;2;15;15;15m██████[38;2;166;38;57m██[38;2;15;15;15m██[38;2;94;102;58m██[38;2;131;145;60m██████[38;2;156;194;87m████████████████████████[38;2;15;15;15m██                                        
  ██[38;2;131;145;60m██████[38;2;15;15;15m████[38;2;239;89;82m██[38;2;189;148;49m██[38;2;15;15;15m████[38;2;94;102;58m██[38;2;156;194;87m██████[38;2;94;102;58m██[38;2;15;15;15m████[38;2;189;148;49m██[38;2;166;38;57m██████[38;2;15;15;15m██[38;2;131;145;60m██████[38;2;94;102;58m██[38;2;15;15;15m██[38;2;156;194;87m██████████████████[38;2;131;145;60m██[38;2;15;15;15m██                                          
    ██████    ██[38;2;238;230;98m██[38;2;15;15;15m██[38;2;238;230;98m██[38;2;131;145;60m██[38;2;156;194;87m██████[38;2;131;145;60m██[38;2;238;230;98m██[38;2;15;15;15m██[38;2;238;230;98m██[38;2;239;89;82m██[38;2;166;38;57m████[38;2;94;102;58m██[38;2;131;145;60m██████████[38;2;15;15;15m████[38;2;94;102;58m██[38;2;156;194;87m██████████[38;2;15;15;15m████                                            
              ██[38;2;239;89;82m██[38;2;238;230;98m██[38;2;166;38;57m██[38;2;156;194;87m██████████[38;2;166;38;57m██[38;2;238;230;98m██[38;2;239;89;82m████[38;2;166;38;57m██[38;2;15;15;15m██[38;2;131;145;60m████████████[38;2;15;15;15m██    ██████████                                                
                ██[38;2;166;38;57m██[38;2;131;145;60m████[38;2;156;194;87m████████[38;2;131;145;60m██[38;2;166;38;57m████[38;2;15;15;15m████[38;2;131;145;60m████████████[38;2;15;15;15m██                                                                
                  ██[38;2;131;145;60m████[38;2;94;102;58m████[38;2;156;194;87m██[38;2;94;102;58m██[38;2;131;145;60m██████████████[38;2;98;23;43m████[38;2;131;145;60m██[38;2;15;15;15m██                                                                  
                [38;2;98;23;43m██[38;2;166;38;57m██[38;2;15;15;15m██[38;2;131;145;60m██████[38;2;94;102;58m██[38;2;131;145;60m██████████[38;2;98;23;43m██████[38;2;166;38;57m████[38;2;98;23;43m██                                                                    
                ██[38;2;166;38;57m██[38;2;98;23;43m████[38;2;131;145;60m██████████[38;2;15;15;15m████[38;2;98;23;43m██[38;2;239;89;82m████[38;2;166;38;57m██[38;2;98;23;43m██[38;2;166;38;57m██[38;2;15;15;15m██                                                                    
                  [38;2;98;23;43m██[38;2;239;89;82m██[38;2;166;38;57m██[38;2;98;23;43m██████[38;2;131;145;60m██[38;2;98;23;43m██[38;2;239;89;82m████[38;2;15;15;15m██[38;2;239;89;82m████[38;2;166;38;57m██[38;2;98;23;43m██[38;2;15;15;15m██[38;2;131;145;60m██[38;2;94;102;58m████                                                                
                [38;2;98;23;43m██[38;2;239;89;82m████[38;2;98;23;43m██[38;2;239;89;82m████[38;2;166;38;57m██[38;2;98;23;43m██[38;2;166;38;57m██[38;2;239;89;82m████[38;2;166;38;57m██[38;2;15;15;15m██[38;2;166;38;57m████[38;2;15;15;15m██[38;2;131;145;60m████████[38;2;94;102;58m████                                                            
                [38;2;98;23;43m██[38;2;166;38;57m██[38;2;98;23;43m██[38;2;239;89;82m██[38;2;249;249;249m██[38;2;239;89;82m████[38;2;166;38;57m██[38;2;98;23;43m██[38;2;166;38;57m██████[38;2;15;15;15m██████[38;2;131;145;60m██████[38;2;94;102;58m██[38;2;131;145;60m██████[38;2;94;102;58m██                                                          
                  [38;2;98;23;43m██[38;2;15;15;15m██[38;2;239;89;82m████████[38;2;166;38;57m██[38;2;15;15;15m██[38;2;166;38;57m████[38;2;15;15;15m██[38;2;131;145;60m██████████████[38;2;94;102;58m██[38;2;131;145;60m██[38;2;94;102;58m██                                                            
                    [38;2;15;15;15m██[38;2;166;38;57m██[38;2;239;89;82m████[38;2;166;38;57m████[38;2;15;15;15m██████[38;2;131;145;60m██████████████████[38;2;15;15;15m██                                                              
                  [38;2;94;102;58m██[38;2;131;145;60m██[38;2;15;15;15m██[38;2;166;38;57m██████[38;2;15;15;15m██[38;2;156;194;87m██████[38;2;131;145;60m████████████████████[38;2;15;15;15m██                                                            
                  [38;2;94;102;58m██[38;2;131;145;60m████[38;2;15;15;15m██████[38;2;156;194;87m██████████[38;2;131;145;60m████[38;2;98;23;43m██[38;2;131;145;60m██████████████[38;2;15;15;15m██                                                          
                  [38;2;94;102;58m██[38;2;156;194;87m████████████████████[38;2;131;145;60m████[38;2;166;38;57m██[38;2;98;23;43m██[38;2;131;145;60m██[38;2;15;15;15m████[38;2;131;145;60m████████[38;2;15;15;15m██                                                        
                [38;2;94;102;58m██[38;2;156;194;87m████████[38;2;131;145;60m██[38;2;156;194;87m████████████[38;2;131;145;60m██[38;2;98;23;43m██[38;2;166;38;57m██████[38;2;98;23;43m██  [38;2;15;15;15m████████                                                          
                [38;2;94;102;58m██[38;2;156;194;87m████████[38;2;94;102;58m██[38;2;156;194;87m████████████[38;2;98;23;43m██[38;2;166;38;57m████████[38;2;98;23;43m██                                                                    
                [38;2;94;102;58m██[38;2;156;194;87m██████[38;2;15;15;15m████[38;2;156;194;87m██████████[38;2;131;145;60m██[38;2;15;15;15m██[38;2;166;38;57m████████[38;2;98;23;43m██                                                                    
                [38;2;94;102;58m██[38;2;156;194;87m██[38;2;15;15;15m████    ██[38;2;156;194;87m████████[38;2;15;15;15m██  ██[38;2;166;38;57m████[38;2;98;23;43m██                                                                      
                  [38;2;15;15;15m██        ██[38;2;156;194;87m██████[38;2;15;15;15m██      ██[38;2;166;38;57m██[38;2;98;23;43m██                                                                      
                              [38;2;15;15;15m██[38;2;156;194;87m████[38;2;15;15;15m██        ██                                                                        
                              ██[38;2;156;194;87m██[38;2;15;15;15m██                                                                                    
                                ██                                                                                      
[0m