                                                                                                                  [38;2;219;164;92m████                                              
                                                                                                                ██[38;2;255;223;143m████[38;2;219;164;92m██    ████[38;2;125;75;28m████                                
                                                                                                                [38;2;219;164;92m████[38;2;255;223;143m████[38;2;219;164;92m████[38;2;255;223;143m████████[38;2;125;75;28m████                            
                                                                                                                    [38;2;219;164;92m██[38;2;255;223;143m████████████████[38;2;219;164;92m██[38;2;125;75;28m██                          
                                                                                                                    [38;2;219;164;92m██[38;2;255;223;143m████████████████[38;2;219;164;92m████[38;2;125;75;28m██                        
                                                                                                                      ██[38;2;255;223;143m████[38;2;125;75;28m████[38;2;255;223;143m██████[38;2;219;164;92m████[38;2;15;15;15m██                        
                                                                                                                        [38;2;125;75;28m████    ██[38;2;219;164;92m████████[38;2;15;15;15m██                        
                                                                                                                                [38;2;125;75;28m██[38;2;219;164;92m██████[38;2;15;15;15m██                          
                                                                                                                              [38;2;219;164;92m██[38;2;255;223;143m████[38;2;219;164;92m████[38;2;15;15;15m██                          
                                                                        [38;2;99;59;30m██                                                  [38;2;219;164;92m██[38;2;255;223;143m██████[38;2;219;164;92m██████[38;2;15;15;15m██                        
                                                                      [38;2;125;75;28m██[38;2;255;223;143m██[38;2;15;15;15m██                                              [38;2;219;164;92m██[38;2;255;223;143m██████████[38;2;219;164;92m████[38;2;15;15;15m██                        
                                                                      [38;2;125;75;28m██[38;2;255;223;143m██[38;2;219;164;92m██[38;2;15;15;15m██                                            [38;2;125;75;28m██[38;2;255;223;143m████████████████[38;2;15;15;15m██[38;2;125;75;28m██                    
                                                                      ██[38;2;255;223;143m██[38;2;219;164;92m██[38;2;15;15;15m██                                            [38;2;125;75;28m██[38;2;219;164;92m██[38;2;255;223;143m██████████████████[38;2;125;75;28m██                  
                                                          ████        ██[38;2;255;223;143m██[38;2;219;164;92m████[38;2;15;15;15m██                                            [38;2;125;75;28m██[38;2;255;223;143m████████████████████[38;2;125;75;28m██                
                                                          ██[38;2;255;223;143m██[38;2;76;46;31m██      [38;2;125;75;28m██[38;2;255;223;143m██[38;2;219;164;92m████[38;2;15;15;15m██                                              [38;2;125;75;28m██[38;2;219;164;92m████[38;2;255;223;143m██████████████[38;2;15;15;15m██                
                                                          [38;2;125;75;28m██[38;2;255;223;143m██[38;2;76;46;31m██    [38;2;125;75;28m██[38;2;255;223;143m████[38;2;219;164;92m████[38;2;15;15;15m██                                              [38;2;125;75;28m██[38;2;255;223;143m████[38;2;219;164;92m██[38;2;255;223;143m██████████[38;2;219;164;92m██[38;2;15;15;15m██                
                                    [38;2;125;75;28m██████                ██[38;2;255;223;143m██[38;2;219;164;92m██[38;2;76;46;31m██  [38;2;125;75;28m██[38;2;255;223;143m██[38;2;219;164;92m██████[38;2;15;15;15m██                                            [38;2;125;75;28m██[38;2;255;223;143m████████████████[38;2;219;164;92m████[38;2;15;15;15m██                
                                    [38;2;76;46;31m██[38;2;255;223;143m████[38;2;125;75;28m████            ██[38;2;255;223;143m██[38;2;219;164;92m██[38;2;76;46;31m██  [38;2;125;75;28m██[38;2;255;223;143m██[38;2;219;164;92m██████[38;2;15;15;15m██                    [38;2;150;149;141m██                  [38;2;125;75;28m████[38;2;255;223;143m██████████████[38;2;219;164;92m██████[38;2;15;15;15m██                  
                                      [38;2;76;46;31m██[38;2;255;223;143m██████[38;2;125;75;28m██          ██[38;2;255;223;143m██[38;2;219;164;92m████[38;2;125;75;28m██[38;2;255;161;61m██[38;2;255;223;143m██[38;2;219;164;92m██████[38;2;15;15;15m██                  [38;2;150;149;141m██[38;2;217;215;208m██[38;2;15;15;15m██              [38;2;125;75;28m██[38;2;255;223;143m██████████████████[38;2;219;164;92m██████[38;2;15;15;15m██[38;2;99;59;30m████              
                          [38;2;125;75;28m████████████  [38;2;76;46;31m██[38;2;255;223;143m██████[38;2;76;46;31m██        [38;2;125;75;28m██[38;2;255;223;143m██[38;2;219;164;92m████[38;2;125;75;28m██[38;2;255;161;61m██[38;2;204;121;61m██[38;2;219;164;92m██████[38;2;15;15;15m██                  [38;2;150;149;141m██[38;2;217;215;208m██[38;2;15;15;15m██            [38;2;99;59;30m██[38;2;255;223;143m████████████████████[38;2;219;164;92m████████████[38;2;99;59;30m██            
                    [38;2;125;75;28m██████[38;2;255;223;143m████████████[38;2;125;75;28m████[38;2;76;46;31m██[38;2;255;223;143m██████[38;2;76;46;31m██      [38;2;125;75;28m██[38;2;255;223;143m██[38;2;204;121;61m████[38;2;125;75;28m██[38;2;255;161;61m██[38;2;204;121;61m██[38;2;219;164;92m██[38;2;204;121;61m████[38;2;15;15;15m██                  [38;2;150;149;141m██[38;2;217;215;208m██[38;2;15;15;15m██            [38;2;99;59;30m██[38;2;255;223;143m██████████████████████[38;2;219;164;92m████████████[38;2;15;15;15m██          
                  [38;2;76;46;31m██[38;2;255;223;143m██████████████████████[38;2;76;46;31m██[38;2;255;223;143m██████[38;2;76;46;31m██      [38;2;125;75;28m██[38;2;255;161;61m██[38;2;204;121;61m██[38;2;76;46;31m██[38;2;255;161;61m████[38;2;204;121;61m████████[38;2;15;15;15m██                [38;2;150;149;141m██[38;2;217;215;208m████[38;2;150;149;141m██[38;2;15;15;15m██          [38;2;99;59;30m██[38;2;255;223;143m████████████████████[38;2;219;164;92m██[38;2;255;223;143m██[38;2;219;164;92m██████████[38;2;15;15;15m██          
                    [38;2;76;46;31m██████[38;2;219;164;92m██[38;2;255;223;143m████████████[38;2;255;161;61m████[38;2;76;46;31m██[38;2;255;223;143m████[38;2;255;161;61m██[38;2;76;46;31m██  ██[38;2;255;161;61m██[38;2;204;121;61m████[38;2;76;46;31m██[38;2;255;161;61m██[38;2;204;121;61m██████████[38;2;15;15;15m██                [38;2;150;149;141m██[38;2;217;215;208m██[38;2;150;149;141m████[38;2;15;15;15m██          [38;2;99;59;30m██[38;2;255;223;143m████████████████[38;2;219;164;92m████[38;2;255;223;143m██[38;2;219;164;92m████████████[38;2;99;59;30m██          
                          [38;2;76;46;31m██████[38;2;219;164;92m██[38;2;255;223;143m████[38;2;255;161;61m██████[38;2;76;46;31m██[38;2;255;161;61m██████[38;2;76;46;31m██  ██[38;2;255;161;61m██[38;2;204;121;61m██[38;2;76;46;31m██[38;2;255;161;61m████[38;2;204;121;61m██████████[38;2;15;15;15m██                [38;2;150;149;141m██[38;2;217;215;208m██[38;2;150;149;141m████[38;2;15;15;15m██            [38;2;99;59;30m██[38;2;255;223;143m██████████[38;2;219;164;92m██[38;2;255;223;143m██████[38;2;219;164;92m████████████████[38;2;99;59;30m██[38;2;15;15;15m██      
                                [38;2;76;46;31m████[38;2;219;164;92m██[38;2;255;161;61m████████[38;2;204;121;61m██[38;2;255;161;61m████[38;2;76;46;31m██  ██[38;2;255;161;61m██[38;2;204;121;61m██[38;2;255;161;61m████[38;2;204;121;61m██████████[38;2;15;15;15m██        ██      [38;2;150;149;141m██[38;2;217;215;208m████[38;2;150;149;141m████[38;2;15;15;15m██            [38;2;99;59;30m██[38;2;219;164;92m██[38;2;255;223;143m██████[38;2;219;164;92m██[38;2;255;223;143m██████████[38;2;219;164;92m██████████████████[38;2;15;15;15m██    
                                    [38;2;76;46;31m██[38;2;204;121;61m██[38;2;255;161;61m██████[38;2;204;121;61m██[38;2;255;161;61m██████[38;2;76;46;31m██[38;2;255;161;61m██[38;2;204;121;61m████[38;2;255;161;61m████[38;2;204;121;61m██████████[38;2;15;15;15m████    ██[38;2;150;149;141m██[38;2;15;15;15m██    [38;2;150;149;141m██[38;2;217;215;208m██[38;2;150;149;141m██████[38;2;15;15;15m██    [38;2;150;149;141m██[38;2;15;15;15m██      [38;2;99;59;30m██████[38;2;219;164;92m████[38;2;255;223;143m██████████[38;2;219;164;92m████████████████████[38;2;15;15;15m██  
                                      [38;2;76;46;31m██[38;2;204;121;61m██[38;2;255;161;61m████[38;2;204;121;61m██[38;2;255;161;61m██████[38;2;76;46;31m██[38;2;255;161;61m██[38;2;204;121;61m██[38;2;255;161;61m████[38;2;204;121;61m████████[38;2;76;46;31m████[38;2;204;121;61m████[38;2;15;15;15m██  ██[38;2;150;149;141m██[38;2;15;15;15m██    ████[38;2;150;149;141m████████[38;2;15;15;15m██[38;2;150;149;141m██[38;2;217;215;208m██[38;2;15;15;15m██            [38;2;99;59;30m██[38;2;219;164;92m██[38;2;255;223;143m████████[38;2;219;164;92m██████████████████████[38;2;15;15;15m██  
                                        [38;2;76;46;31m██[38;2;204;121;61m██[38;2;255;161;61m████[38;2;204;121;61m██[38;2;255;161;61m████[38;2;76;46;31m██[38;2;255;161;61m██████[38;2;204;121;61m██████[38;2;76;46;31m████[38;2;255;161;61m████[38;2;99;59;30m██[38;2;204;121;61m████[38;2;15;15;15m██[38;2;150;149;141m██████[38;2;15;15;15m████[38;2;255;223;143m██[38;2;15;15;15m██[38;2;150;149;141m████████[38;2;15;15;15m██[38;2;217;215;208m████[38;2;15;15;15m██          [38;2;99;59;30m████[38;2;219;164;92m████[38;2;255;223;143m████[38;2;219;164;92m██[38;2;255;223;143m██[38;2;219;164;92m██[38;2;255;223;143m██[38;2;219;164;92m██████████████████[38;2;15;15;15m██
                                          [38;2;76;46;31m██[38;2;204;121;61m██[38;2;255;161;61m████[38;2;204;121;61m██[38;2;255;161;61m██[38;2;204;121;61m██[38;2;255;161;61m████[38;2;204;121;61m██████[38;2;76;46;31m██[38;2;68;201;179m██[38;2;255;161;61m████████[38;2;99;59;30m██[38;2;204;121;61m██[38;2;15;15;15m██[38;2;150;149;141m██[38;2;15;15;15m████[38;2;255;223;143m████[38;2;219;164;92m██[38;2;15;15;15m██[38;2;150;149;141m████████[38;2;15;15;15m██[38;2;217;215;208m██[38;2;150;149;141m██[38;2;15;15;15m██    [38;2;99;59;30m██████[38;2;219;164;92m████████████[38;2;255;223;143m██[38;2;219;164;92m██[38;2;255;223;143m██[38;2;219;164;92m████████████████████[38;2;15;15;15m██
                                            [38;2;76;46;31m██[38;2;204;121;61m██[38;2;255;161;61m██████[38;2;204;121;61m██[38;2;255;161;61m████[38;2;204;121;61m████[38;2;76;46;31m██[38;2;68;201;179m██████[38;2;255;161;61m████████[38;2;204;121;61m██[38;2;15;15;15m████[38;2;255;223;143m████[38;2;219;164;92m██████[38;2;15;15;15m██[38;2;150;149;141m██████████████[38;2;15;15;15m██[38;2;99;59;30m████[38;2;219;164;92m████████████████████████████████████████████[38;2;15;15;15m██
                          [38;2;125;75;28m██████████      [38;2;76;46;31m██[38;2;255;161;61m██[38;2;204;121;61m██[38;2;255;161;61m██████████[38;2;204;121;61m████[38;2;76;46;31m██[38;2;68;201;179m██████████[38;2;255;161;61m████[38;2;99;59;30m████[38;2;255;223;143m██████[38;2;219;164;92m████████[38;2;15;15;15m██[38;2;150;149;141m██████████████[38;2;15;15;15m██[38;2;219;164;92m████[38;2;15;15;15m████[38;2;219;164;92m██████████████████████████████████████[38;2;15;15;15m██  
                        [38;2;76;46;31m██[38;2;255;223;143m██████████[38;2;125;75;28m████  [38;2;76;46;31m██[38;2;255;161;61m████[38;2;204;121;61m██[38;2;255;161;61m██████[38;2;204;121;61m████[38;2;76;46;31m██[38;2;68;201;179m████████████[38;2;255;161;61m██[38;2;99;59;30m██[38;2;255;161;61m██████[38;2;219;164;92m██████████[38;2;15;15;15m██[38;2;150;149;141m████████████████[38;2;15;15;15m██[38;2;219;164;92m██[38;2;15;15;15m██[38;2;217;215;208m██[38;2;15;15;15m██[38;2;219;164;92m██████████████████████████████████████[38;2;15;15;15m██  
                          [38;2;76;46;31m████[38;2;255;223;143m████████[38;2;255;161;61m██[38;2;99;59;30m██[38;2;255;161;61m████[38;2;68;201;179m██[38;2;204;121;61m██[38;2;255;161;61m████[38;2;204;121;61m██████[38;2;76;46;31m██[38;2;68;201;179m████████████[38;2;99;59;30m██[38;2;255;161;61m██████[38;2;204;121;61m██[38;2;219;164;92m██████████[38;2;15;15;15m██[38;2;150;149;141m████████████████[38;2;15;15;15m████[38;2;217;215;208m██[38;2;150;149;141m██[38;2;15;15;15m██[38;2;219;164;92m████████████████████████████████████[38;2;15;15;15m██    
                              [38;2;76;46;31m██[38;2;219;164;92m██[38;2;255;223;143m████[38;2;255;161;61m████[38;2;99;59;30m██[38;2;68;201;179m██████[38;2;204;121;61m██[38;2;255;161;61m██████[38;2;76;46;31m██[38;2;68;201;179m████████████[38;2;99;59;30m██[38;2;255;161;61m████[38;2;204;121;61m██████████[38;2;219;164;92m████[38;2;15;15;15m██[38;2;150;149;141m██████████████████[38;2;15;15;15m██[38;2;217;215;208m██[38;2;150;149;141m████[38;2;15;15;15m██[38;2;219;164;92m██████████████████████████████[38;2;125;75;28m██[38;2;15;15;15m████      
                                [38;2;76;46;31m██[38;2;219;164;92m████[38;2;255;161;61m██████[38;2;99;59;30m██[38;2;68;201;179m████[38;2;204;121;61m██[38;2;255;161;61m██████[38;2;76;46;31m██[38;2;68;201;179m██[38;2;113;95;95m████[38;2;68;201;179m████[38;2;99;59;30m██[38;2;255;161;61m████[38;2;204;121;61m██████████████[38;2;15;15;15m██[38;2;150;149;141m████████████████████████[38;2;76;46;31m████[38;2;15;15;15m██[38;2;219;164;92m████████████████████████████████[38;2;15;15;15m██        
                                  [38;2;76;46;31m██[38;2;219;164;92m██[38;2;204;121;61m██[38;2;255;161;61m████[38;2;99;59;30m██[38;2;68;201;179m██[38;2;113;95;95m██[38;2;204;121;61m██[38;2;255;161;61m████[38;2;204;121;61m██[38;2;68;201;179m██[38;2;113;95;95m████████[38;2;99;59;30m██[38;2;255;161;61m██[38;2;204;121;61m████████████████[38;2;15;15;15m██[38;2;150;149;141m████████████████████████[38;2;76;46;31m██[38;2;204;121;61m██[38;2;76;46;31m██[38;2;219;164;92m████████████████████████████████████[38;2;15;15;15m██      
                                    [38;2;76;46;31m██[38;2;204;121;61m████[38;2;255;161;61m████[38;2;99;59;30m██[38;2;113;95;95m██[38;2;204;121;61m██[38;2;255;161;61m████[38;2;76;46;31m██[38;2;113;95;95m████████[38;2;99;59;30m██[38;2;255;161;61m██[38;2;204;121;61m████████[38;2;76;46;31m██████[38;2;15;15;15m████[38;2;150;149;141m██[38;2;99;59;30m██[38;2;15;15;15m██[38;2;150;149;141m██████████[38;2;15;15;15m██[38;2;150;149;141m████[38;2;76;46;31m████[38;2;204;121;61m████[38;2;76;46;31m██[38;2;219;164;92m████[38;2;76;46;31m██[38;2;219;164;92m████[38;2;76;46;31m████████[38;2;219;164;92m██████████████████[38;2;15;15;15m██      
              [38;2;125;75;28m██        ████          [38;2;76;46;31m████[38;2;204;121;61m██[38;2;255;161;61m██[38;2;99;59;30m██[38;2;113;95;95m██[38;2;204;121;61m██[38;2;255;161;61m████[38;2;76;46;31m██[38;2;113;95;95m██████[38;2;99;59;30m██[38;2;255;161;61m██[38;2;204;121;61m████[38;2;76;46;31m██████[38;2;255;161;61m██[38;2;204;121;61m████[38;2;15;15;15m██[38;2;150;149;141m██[38;2;99;59;30m██[38;2;255;223;143m██[38;2;15;15;15m██[38;2;150;149;141m████████[38;2;15;15;15m██[38;2;204;121;61m██[38;2;15;15;15m██[38;2;76;46;31m██[38;2;204;121;61m██[38;2;99;59;30m██[38;2;204;121;61m██[38;2;76;46;31m██[38;2;219;164;92m██[38;2;76;46;31m████[38;2;204;121;61m██[38;2;76;46;31m████[38;2;204;121;61m██████[38;2;15;15;15m██[38;2;219;164;92m██████████████████[38;2;15;15;15m██      
            [38;2;99;59;30m██[38;2;255;223;143m██[38;2;125;75;28m██      [38;2;76;46;31m██[38;2;255;223;143m██[38;2;125;75;28m████      [38;2;76;46;31m██[38;2;255;161;61m██[38;2;76;46;31m████[38;2;99;59;30m██[38;2;113;95;95m██[38;2;204;121;61m██[38;2;255;161;61m████[38;2;76;46;31m██[38;2;113;95;95m████████[38;2;76;46;31m██████[38;2;68;201;179m████[38;2;255;161;61m████[38;2;204;121;61m████[38;2;15;15;15m██[38;2;99;59;30m██[38;2;255;223;143m██[38;2;219;164;92m██[38;2;15;15;15m██[38;2;150;149;141m████████[38;2;15;15;15m██[38;2;204;121;61m██[38;2;15;15;15m██[38;2;204;121;61m████████[38;2;76;46;31m████[38;2;204;121;61m██████[38;2;125;75;28m██[38;2;204;121;61m████████[38;2;15;15;15m██[38;2;219;164;92m██████████████████[38;2;15;15;15m██      
            [38;2;99;59;30m██[38;2;255;223;143m██[38;2;125;75;28m██      [38;2;76;46;31m██[38;2;219;164;92m██[38;2;255;223;143m████[38;2;125;75;28m████  [38;2;76;46;31m██[38;2;255;161;61m██[38;2;68;201;179m██[38;2;113;95;95m██████[38;2;204;121;61m██[38;2;255;161;61m████[38;2;76;46;31m██[38;2;113;95;95m██████████[38;2;68;201;179m████████[38;2;255;161;61m████[38;2;204;121;61m██[38;2;99;59;30m████[38;2;255;223;143m██[38;2;219;164;92m████[38;2;15;15;15m██[38;2;150;149;141m██████[38;2;15;15;15m██[38;2;204;121;61m████████████[38;2;125;75;28m██[38;2;204;121;61m██████████████████[38;2;15;15;15m██[38;2;219;164;92m██████████████████[38;2;15;15;15m██        
            [38;2;99;59;30m██[38;2;255;223;143m████[38;2;125;75;28m██      [38;2;76;46;31m██[38;2;219;164;92m██[38;2;255;223;143m██████[38;2;99;59;30m██████[38;2;68;201;179m██[38;2;113;95;95m██████[38;2;204;121;61m██[38;2;255;161;61m████[38;2;76;46;31m██[38;2;113;95;95m██████████[38;2;68;201;179m████████[38;2;99;59;30m██████[38;2;255;223;143m████[38;2;219;164;92m██████[38;2;15;15;15m████[38;2;150;149;141m████[38;2;15;15;15m██[38;2;204;121;61m██████████████████████████████[38;2;15;15;15m██[38;2;219;164;92m████████[38;2;125;75;28m██[38;2;219;164;92m████████[38;2;15;15;15m██          
            [38;2;99;59;30m██[38;2;255;223;143m████[38;2;125;75;28m██      [38;2;76;46;31m██[38;2;219;164;92m██████[38;2;255;223;143m████[38;2;255;161;61m████[38;2;99;59;30m██[38;2;113;95;95m██████[38;2;204;121;61m██[38;2;255;161;61m██[38;2;204;121;61m██[38;2;113;95;95m██████████[38;2;68;201;179m████[38;2;99;59;30m██████[38;2;255;161;61m██[38;2;255;223;143m████[38;2;219;164;92m██████████[38;2;15;15;15m██[38;2;99;59;30m██[38;2;15;15;15m████[38;2;204;121;61m██████████████████████████████[38;2;76;46;31m██████[38;2;219;164;92m████████[38;2;125;75;28m████[38;2;15;15;15m████            
            [38;2;99;59;30m██[38;2;255;223;143m██████[38;2;125;75;28m██      [38;2;76;46;31m██[38;2;219;164;92m██████[38;2;204;121;61m██[38;2;255;161;61m██████[38;2;99;59;30m██[38;2;113;95;95m████[38;2;204;121;61m██[38;2;255;161;61m██[38;2;76;46;31m██[38;2;113;95;95m████████[38;2;99;59;30m██████[38;2;255;161;61m████████[38;2;204;121;61m██[38;2;219;164;92m██████████[38;2;15;15;15m██[38;2;99;59;30m██████[38;2;15;15;15m██[38;2;204;121;61m████████████████████████████[38;2;76;46;31m██[38;2;204;121;61m██████[38;2;76;46;31m██[38;2;219;164;92m████████[38;2;15;15;15m██                
              [38;2;99;59;30m██[38;2;255;223;143m████[38;2;125;75;28m██        [38;2;76;46;31m██[38;2;219;164;92m██[38;2;204;121;61m██████████[38;2;255;161;61m██[38;2;99;59;30m██[38;2;113;95;95m██[38;2;204;121;61m██[38;2;255;161;61m██[38;2;76;46;31m██[38;2;113;95;95m██████[38;2;99;59;30m██[38;2;255;161;61m████████[38;2;204;121;61m████████████[38;2;219;164;92m██████[38;2;15;15;15m██[38;2;99;59;30m████[38;2;15;15;15m██[38;2;204;121;61m████████████████████████████████████████[38;2;76;46;31m██[38;2;219;164;92m██████[38;2;15;15;15m██                
              [38;2;99;59;30m██[38;2;255;223;143m██████[38;2;125;75;28m██        [38;2;76;46;31m██[38;2;204;121;61m██████[38;2;76;46;31m██████[38;2;113;95;95m██[38;2;204;121;61m██[38;2;255;161;61m████[38;2;76;46;31m██[38;2;113;95;95m████████[38;2;76;46;31m████████[38;2;204;121;61m████████████[38;2;219;164;92m████[38;2;15;15;15m██[38;2;99;59;30m████[38;2;15;15;15m██[38;2;125;75;28m██[38;2;204;121;61m██████████████████████████████████████[38;2;15;15;15m██[38;2;219;164;92m██████████[38;2;15;15;15m██              
              [38;2;99;59;30m██[38;2;255;223;143m████[38;2;219;164;92m██[38;2;255;223;143m██[38;2;125;75;28m██        [38;2;76;46;31m██████[38;2;68;201;179m██████[38;2;113;95;95m██[38;2;204;121;61m██[38;2;255;161;61m████[38;2;76;46;31m██[38;2;113;95;95m██████[38;2;68;201;179m██████████[38;2;76;46;31m████████[38;2;204;121;61m██████[38;2;15;15;15m██[38;2;99;59;30m████[38;2;15;15;15m██[38;2;125;75;28m██[38;2;204;121;61m██[38;2;125;75;28m██[38;2;204;121;61m██████████████████████████████████[38;2;15;15;15m██[38;2;219;164;92m████████████[38;2;15;15;15m██              
                [38;2;99;59;30m██[38;2;255;223;143m██[38;2;219;164;92m██[38;2;255;223;143m████[38;2;125;75;28m██████  [38;2;76;46;31m██[38;2;255;161;61m████[38;2;68;201;179m██████[38;2;113;95;95m██[38;2;204;121;61m██[38;2;255;161;61m██[38;2;76;46;31m██[38;2;113;95;95m██████[38;2;68;201;179m████████████[38;2;255;161;61m██████[38;2;204;121;61m██[38;2;99;59;30m██[38;2;204;121;61m██[38;2;15;15;15m██[38;2;99;59;30m██[38;2;15;15;15m████[38;2;125;75;28m██████[38;2;204;121;61m██[38;2;125;75;28m██[38;2;204;121;61m██████████████████████████████[38;2;125;75;28m██[38;2;15;15;15m██[38;2;219;164;92m████████████[38;2;15;15;15m██              
                [38;2;99;59;30m██[38;2;255;223;143m████[38;2;219;164;92m██[38;2;255;223;143m████████[38;2;125;75;28m██████[38;2;255;161;61m██[38;2;68;201;179m██████[38;2;204;121;61m██[38;2;255;161;61m████[38;2;76;46;31m██[38;2;113;95;95m██[38;2;68;201;179m██████████████[38;2;255;161;61m██████[38;2;99;59;30m██[38;2;204;121;61m████[38;2;99;59;30m██[38;2;15;15;15m████[38;2;125;75;28m████[38;2;76;46;31m██[38;2;15;15;15m██[38;2;125;75;28m████[38;2;204;121;61m██[38;2;125;75;28m██[38;2;204;121;61m████████████████████████████[38;2;76;46;31m██[38;2;219;164;92m██████████████[38;2;15;15;15m██              
                [38;2;99;59;30m██[38;2;255;223;143m████[38;2;219;164;92m██[38;2;255;223;143m██████████[38;2;255;161;61m████[38;2;99;59;30m██[38;2;68;201;179m██████[38;2;204;121;61m██[38;2;255;161;61m████[38;2;76;46;31m██[38;2;68;201;179m██[38;2;99;59;30m████████████[38;2;255;161;61m██████[38;2;99;59;30m██[38;2;204;121;61m██████[38;2;15;15;15m██[38;2;125;75;28m██████[38;2;76;46;31m██[38;2;255;223;143m██[38;2;15;15;15m██[38;2;125;75;28m██████[38;2;204;121;61m████████████████████████████████[38;2;76;46;31m██[38;2;219;164;92m██████████[38;2;15;15;15m██                
                  [38;2;99;59;30m██[38;2;255;223;143m████[38;2;219;164;92m██[38;2;255;223;143m██████████[38;2;255;161;61m████[38;2;99;59;30m██[38;2;68;201;179m██[38;2;204;121;61m██[38;2;255;161;61m██████[38;2;99;59;30m████[38;2;255;161;61m████████████[38;2;99;59;30m████[38;2;255;161;61m██[38;2;204;121;61m██████[38;2;15;15;15m██[38;2;125;75;28m████[38;2;76;46;31m████[38;2;255;223;143m██[38;2;219;164;92m██[38;2;15;15;15m██[38;2;125;75;28m████████[38;2;204;121;61m██████████████████████████████[38;2;76;46;31m██[38;2;219;164;92m██████[38;2;15;15;15m████                  
                  [38;2;99;59;30m██[38;2;255;223;143m████[38;2;219;164;92m████████[38;2;255;223;143m████[38;2;255;161;61m██████[38;2;99;59;30m██[38;2;204;121;61m██[38;2;255;161;61m██[38;2;99;59;30m████[38;2;255;161;61m████████████████████[38;2;76;46;31m████[38;2;204;121;61m██[38;2;15;15;15m██[38;2;99;59;30m██[38;2;76;46;31m████[38;2;255;223;143m████[38;2;219;164;92m██[38;2;15;15;15m██[38;2;125;75;28m████████[38;2;204;121;61m██[38;2;125;75;28m██[38;2;204;121;61m██████████████████████[38;2;125;75;28m██[38;2;204;121;61m██████[38;2;15;15;15m██████                      
                  [38;2;99;59;30m██[38;2;255;223;143m████████[38;2;219;164;92m████████[38;2;204;121;61m██[38;2;255;161;61m██████[38;2;99;59;30m████[38;2;255;161;61m████████[38;2;204;121;61m████████████[38;2;255;161;61m████████[38;2;76;46;31m██████[38;2;255;223;143m████[38;2;219;164;92m████[38;2;15;15;15m██[38;2;125;75;28m████████████[38;2;204;121;61m██[38;2;125;75;28m██[38;2;204;121;61m██████████████████████[38;2;125;75;28m██[38;2;15;15;15m██████                          
                    [38;2;76;46;31m████████[38;2;219;164;92m████████[38;2;204;121;61m████[38;2;255;161;61m████[38;2;204;121;61m██[38;2;255;161;61m██████[38;2;204;121;61m████████████████████[38;2;255;161;61m████████[38;2;255;223;143m██[38;2;219;164;92m██████[38;2;15;15;15m██[38;2;125;75;28m████████████████[38;2;204;121;61m██████████████████████[38;2;15;15;15m████                                
                        [38;2;82;66;66m████[38;2;76;46;31m████[38;2;219;164;92m██[38;2;204;121;61m████████[38;2;255;161;61m██[38;2;204;121;61m██[38;2;255;161;61m██[38;2;204;121;61m██████████[38;2;15;15;15m████████[38;2;204;121;61m████████████████[38;2;219;164;92m████[38;2;15;15;15m██[38;2;125;75;28m████████████████[38;2;204;121;61m██[38;2;125;75;28m██[38;2;204;121;61m████████████[38;2;125;75;28m██[38;2;204;121;61m████[38;2;15;15;15m██[38;2;99;59;30m██[38;2;15;15;15m██                                
                    [38;2;82;66;66m████[38;2;113;95;95m████[38;2;82;66;66m██[38;2;68;201;179m██[38;2;15;15;15m██[38;2;204;121;61m████████████████████[38;2;15;15;15m████[38;2;68;201;179m████████[38;2;15;15;15m██████[38;2;204;121;61m████████████[38;2;15;15;15m██[38;2;125;75;28m████████████████████[38;2;204;121;61m██[38;2;125;75;28m██[38;2;204;121;61m████[38;2;125;75;28m██[38;2;204;121;61m██████[38;2;15;15;15m████[38;2;68;201;179m██[38;2;99;59;30m████[38;2;15;15;15m██                              
                  [38;2;76;46;31m██[38;2;113;95;95m████████[38;2;82;66;66m██[38;2;68;201;179m██[38;2;253;253;253m██[38;2;15;15;15m██[38;2;204;121;61m██████████████[38;2;15;15;15m████[38;2;253;253;253m██[38;2;68;201;179m████[38;2;82;66;66m██████[38;2;113;95;95m██████[38;2;15;15;15m████[38;2;204;121;61m████[38;2;15;15;15m████[38;2;125;75;28m████████████████████████[38;2;204;121;61m████████[38;2;125;75;28m██[38;2;15;15;15m████[38;2;68;201;179m████[38;2;99;59;30m████[38;2;15;15;15m██[38;2;150;149;141m██[38;2;15;15;15m██                            
                    [38;2;76;46;31m██[38;2;82;66;66m██[38;2;113;95;95m████[38;2;82;66;66m██[38;2;68;201;179m██[38;2;253;253;253m██[38;2;99;89;214m██[38;2;15;15;15m██[38;2;204;121;61m████████[38;2;15;15;15m████[38;2;99;89;214m████[38;2;253;253;253m██[38;2;68;201;179m████[38;2;82;66;66m██[38;2;113;95;95m██████████████[38;2;15;15;15m████[38;2;99;59;30m████[38;2;125;75;28m██████████████████████[38;2;204;121;61m██[38;2;125;75;28m██[38;2;204;121;61m████████[38;2;15;15;15m██[38;2;68;201;179m████[38;2;99;59;30m██████[38;2;15;15;15m██[38;2;150;149;141m██[38;2;15;15;15m████                          
                      [38;2;76;46;31m██[38;2;82;66;66m████[38;2;113;95;95m██[38;2;82;66;66m██[38;2;68;201;179m██[38;2;99;89;214m██[38;2;15;15;15m████[38;2;204;121;61m████[38;2;15;15;15m████[38;2;99;89;214m██[38;2;15;15;15m██[38;2;99;89;214m██[38;2;253;253;253m██[38;2;68;201;179m██[38;2;82;66;66m██[38;2;113;95;95m████████████████████[38;2;15;15;15m████[38;2;125;75;28m████████████████████████[38;2;204;121;61m██[38;2;15;15;15m██████████[38;2;68;201;179m████[38;2;99;59;30m████[38;2;15;15;15m██[38;2;150;149;141m██[38;2;15;15;15m██████                          
                        [38;2;76;46;31m██[38;2;82;66;66m██████████[38;2;150;149;141m██[38;2;217;215;208m██[38;2;15;15;15m████[38;2;217;215;208m██[38;2;150;149;141m██[38;2;82;66;66m██████████[38;2;113;95;95m██████████████████████████[38;2;15;15;15m██[38;2;125;75;28m████████████████████[38;2;15;15;15m████[38;2;76;46;31m██[38;2;99;59;30m████[38;2;68;201;179m██████[38;2;99;59;30m██████[38;2;15;15;15m██[38;2;150;149;141m██[38;2;15;15;15m████████                        
                          [38;2;76;46;31m██[38;2;82;66;66m████[38;2;150;149;141m████[38;2;217;215;208m████████████[38;2;150;149;141m████[38;2;82;66;66m██████████████████████████[38;2;15;15;15m██████[38;2;125;75;28m████████████████████[38;2;15;15;15m██[38;2;125;75;28m████[38;2;15;15;15m██[38;2;99;59;30m██████████████[38;2;15;15;15m██[38;2;150;149;141m██[38;2;15;15;15m██████[38;2;99;59;30m████[38;2;15;15;15m██                      
                          [38;2;76;46;31m██[38;2;113;95;95m██[38;2;15;15;15m██[38;2;217;215;208m████████████████████[38;2;150;149;141m████[38;2;82;66;66m████████████████[38;2;15;15;15m██████[38;2;99;59;30m████[38;2;125;75;28m████████████████████[38;2;15;15;15m██[38;2;76;46;31m████[38;2;125;75;28m████[38;2;15;15;15m██[38;2;99;59;30m████████[38;2;15;15;15m████[38;2;150;149;141m██[38;2;15;15;15m████████[38;2;99;59;30m████[38;2;15;15;15m██                      
                          [38;2;76;46;31m██[38;2;113;95;95m██[38;2;15;15;15m██[38;2;217;215;208m██[38;2;150;149;141m██[38;2;217;215;208m████████████████████[38;2;15;15;15m██[38;2;82;66;66m████████[38;2;15;15;15m██████[38;2;99;59;30m██████████[38;2;125;75;28m████████████████[38;2;15;15;15m████[38;2;150;149;141m██████[38;2;76;46;31m██[38;2;125;75;28m████[38;2;15;15;15m██[38;2;76;46;31m██[38;2;15;15;15m████[38;2;150;149;141m████[38;2;15;15;15m████████[38;2;99;59;30m████████[38;2;15;15;15m██                    
                          [38;2;76;46;31m██[38;2;113;95;95m██[38;2;15;15;15m██[38;2;150;149;141m██[38;2;15;15;15m██[38;2;217;215;208m██[38;2;150;149;141m██[38;2;15;15;15m██[38;2;217;215;208m████████████[38;2;150;149;141m██[38;2;15;15;15m██[38;2;82;66;66m██████[38;2;15;15;15m██[38;2;99;59;30m██████████████[38;2;125;75;28m██████████████[38;2;15;15;15m██████████████[38;2;150;149;141m██[38;2;76;46;31m██[38;2;125;75;28m██[38;2;15;15;15m██████████████████[38;2;99;59;30m██████████[38;2;15;15;15m██                    
                          [38;2;76;46;31m██[38;2;113;95;95m██[38;2;15;15;15m██[38;2;150;149;141m██[38;2;15;15;15m██[38;2;217;215;208m██[38;2;15;15;15m██[38;2;219;164;92m██[38;2;15;15;15m██[38;2;217;215;208m████[38;2;15;15;15m██[38;2;217;215;208m██[38;2;150;149;141m████[38;2;15;15;15m██[38;2;82;66;66m██████[38;2;15;15;15m██████[38;2;99;59;30m██████████[38;2;125;75;28m██████████[38;2;15;15;15m████████████████████[38;2;76;46;31m██[38;2;125;75;28m██[38;2;15;15;15m██  ████████████[38;2;99;59;30m██████████████[38;2;15;15;15m██                  
                      ██████[38;2;113;95;95m██[38;2;15;15;15m██[38;2;150;149;141m████[38;2;15;15;15m██[38;2;219;164;92m██[38;2;82;66;66m████[38;2;15;15;15m██[38;2;217;215;208m██[38;2;15;15;15m██[38;2;150;149;141m██████[38;2;15;15;15m██[38;2;82;66;66m██████[38;2;15;15;15m██[38;2;219;164;92m████[38;2;15;15;15m████████████████████[38;2;99;59;30m██[38;2;125;75;28m██[38;2;15;15;15m████████████████[38;2;125;75;28m████[38;2;15;15;15m██    ██████[38;2;99;59;30m██████████████████[38;2;15;15;15m██                  
                    ████[38;2;150;149;141m████[38;2;113;95;95m██[38;2;15;15;15m██[38;2;150;149;141m██[38;2;15;15;15m██[38;2;76;46;31m██[38;2;219;164;92m██[38;2;82;66;66m██████[38;2;15;15;15m██[38;2;219;164;92m██[38;2;15;15;15m██[38;2;150;149;141m████[38;2;15;15;15m██[38;2;82;66;66m██████[38;2;15;15;15m██[38;2;219;164;92m██████████████[38;2;15;15;15m████[38;2;99;59;30m████████[38;2;125;75;28m██████████[38;2;76;46;31m██[38;2;15;15;15m████[38;2;76;46;31m██[38;2;125;75;28m████[38;2;15;15;15m██      ██[38;2;99;59;30m████████████████████[38;2;15;15;15m██                  
                  [38;2;76;46;31m██[38;2;15;15;15m████████[38;2;113;95;95m██[38;2;15;15;15m██[38;2;150;149;141m██[38;2;15;15;15m██[38;2;99;59;30m██[38;2;15;15;15m██[38;2;219;164;92m██[38;2;76;46;31m████[38;2;219;164;92m████[38;2;15;15;15m██[38;2;150;149;141m████[38;2;15;15;15m██[38;2;82;66;66m██████[38;2;15;15;15m██[38;2;219;164;92m██████████████████[38;2;15;15;15m████[38;2;99;59;30m██[38;2;125;75;28m████[38;2;15;15;15m██████[38;2;76;46;31m██[38;2;125;75;28m████████████[38;2;15;15;15m██      ██[38;2;99;59;30m████████████████[38;2;15;15;15m██[38;2;99;59;30m██[38;2;15;15;15m██                  
            [38;2;76;46;31m██████[38;2;125;75;28m██████[38;2;15;15;15m██████[38;2;113;95;95m██[38;2;15;15;15m██[38;2;99;59;30m██████[38;2;15;15;15m██[38;2;219;164;92m██████[38;2;15;15;15m██  ██[38;2;150;149;141m██[38;2;15;15;15m██[38;2;82;66;66m██████[38;2;15;15;15m██[38;2;219;164;92m██████████████████████[38;2;15;15;15m██[38;2;125;75;28m██[38;2;15;15;15m██[38;2;150;149;141m████████[38;2;15;15;15m████[38;2;125;75;28m████████[38;2;15;15;15m██    ██[38;2;99;59;30m██[38;2;76;46;31m██[38;2;99;59;30m██[38;2;76;46;31m██[38;2;99;59;30m██[38;2;15;15;15m██[38;2;99;59;30m██[38;2;15;15;15m██[38;2;99;59;30m██[38;2;15;15;15m██[38;2;99;59;30m██[38;2;15;15;15m██                  
            [38;2;76;46;31m██[38;2;125;75;28m██████████████[38;2;15;15;15m██[38;2;113;95;95m██[38;2;15;15;15m████[38;2;99;59;30m██████[38;2;15;15;15m██████    ██[38;2;150;149;141m██[38;2;15;15;15m██[38;2;82;66;66m████[38;2;15;15;15m██[38;2;219;164;92m██[38;2;15;15;15m██[38;2;219;164;92m████[38;2;99;59;30m██[38;2;219;164;92m██████[38;2;99;59;30m████[38;2;15;15;15m████[38;2;76;46;31m██[38;2;125;75;28m██[38;2;15;15;15m████████[38;2;150;149;141m██████[38;2;15;15;15m██[38;2;125;75;28m██████[38;2;15;15;15m██    ████[38;2;99;59;30m██[38;2;15;15;15m████[38;2;99;59;30m██[38;2;15;15;15m████[38;2;150;149;141m██[38;2;15;15;15m████[38;2;99;59;30m████[38;2;15;15;15m██                
        ██████████[38;2;76;46;31m██[38;2;125;75;28m██████████[38;2;15;15;15m██████[38;2;125;75;28m██[38;2;99;59;30m██████[38;2;15;15;15m██      ██[38;2;150;149;141m██[38;2;15;15;15m██[38;2;82;66;66m████[38;2;15;15;15m████  ██[38;2;219;164;92m██[38;2;99;59;30m██[38;2;15;15;15m██[38;2;219;164;92m██[38;2;15;15;15m██[38;2;219;164;92m██[38;2;15;15;15m██    [38;2;76;46;31m██[38;2;125;75;28m██[38;2;15;15;15m████████████████[38;2;125;75;28m████[38;2;15;15;15m██    ██[38;2;150;149;141m██[38;2;15;15;15m████[38;2;150;149;141m████[38;2;15;15;15m██[38;2;150;149;141m██████████[38;2;15;15;15m██[38;2;99;59;30m██[38;2;15;15;15m██                
    ██[38;2;82;66;66m████[38;2;217;215;208m██████[38;2;76;46;31m██[38;2;125;75;28m████[38;2;76;46;31m██[38;2;125;75;28m████████[38;2;15;15;15m██[38;2;125;75;28m████[38;2;99;59;30m████[38;2;15;15;15m██          ██  ██[38;2;82;66;66m██[38;2;15;15;15m██      ████  ██  ████  [38;2;76;46;31m██[38;2;125;75;28m████[38;2;76;46;31m██[38;2;15;15;15m██████████████[38;2;125;75;28m████[38;2;15;15;15m██    ██[38;2;150;149;141m████[38;2;15;15;15m██[38;2;150;149;141m██████[38;2;15;15;15m██[38;2;150;149;141m██████████[38;2;15;15;15m████                
  ██[38;2;82;66;66m██[38;2;113;95;95m██[38;2;217;215;208m████[38;2;82;66;66m████[38;2;15;15;15m██████[38;2;125;75;28m████████████████[38;2;99;59;30m████[38;2;15;15;15m██              ██[38;2;82;66;66m██[38;2;15;15;15m██                    [38;2;76;46;31m██[38;2;99;59;30m██[38;2;125;75;28m████████████[38;2;15;15;15m██████[38;2;76;46;31m██[38;2;125;75;28m██[38;2;15;15;15m██      ██[38;2;150;149;141m████[38;2;15;15;15m██[38;2;150;149;141m██████[38;2;15;15;15m██[38;2;150;149;141m██████████[38;2;15;15;15m██                  
  ██[38;2;113;95;95m██[38;2;217;215;208m████[38;2;82;66;66m██[38;2;113;95;95m██[38;2;217;215;208m████████[38;2;15;15;15m██[38;2;125;75;28m██[38;2;76;46;31m██[38;2;125;75;28m████████[38;2;76;46;31m██[38;2;99;59;30m██████[38;2;15;15;15m██              ██                    [38;2;76;46;31m██[38;2;125;75;28m██████████████████████████[38;2;15;15;15m██        ██████[38;2;150;149;141m██████[38;2;15;15;15m██[38;2;150;149;141m████████[38;2;15;15;15m██                    
██[38;2;113;95;95m████[38;2;217;215;208m██[38;2;82;66;66m██[38;2;113;95;95m██[38;2;217;215;208m████████[38;2;82;66;66m████[38;2;15;15;15m████[38;2;125;75;28m██[38;2;76;46;31m██[38;2;125;75;28m██████[38;2;76;46;31m██[38;2;99;59;30m████[38;2;15;15;15m██                                      ████[38;2;76;46;31m██[38;2;125;75;28m████████████████████[38;2;15;15;15m██              ██████  ████████                      
██[38;2;113;95;95m██[38;2;15;15;15m████[38;2;113;95;95m████[38;2;217;215;208m██████[38;2;82;66;66m██[38;2;113;95;95m██[38;2;217;215;208m██████[38;2;15;15;15m██[38;2;76;46;31m██[38;2;125;75;28m██[38;2;99;59;30m██[38;2;125;75;28m██[38;2;15;15;15m████████                                  ████[38;2;217;215;208m████[38;2;76;46;31m██[38;2;125;75;28m██[38;2;76;46;31m██[38;2;125;75;28m████████████████[38;2;15;15;15m██                                                    
  ██  ██[38;2;113;95;95m██[38;2;82;66;66m██[38;2;217;215;208m████[38;2;82;66;66m██[38;2;113;95;95m██[38;2;217;215;208m████████[38;2;150;149;141m██[38;2;15;15;15m██[38;2;125;75;28m████[38;2;15;15;15m██                                        ██[38;2;113;95;95m██[38;2;217;215;208m██████[38;2;15;15;15m████[38;2;76;46;31m██[38;2;125;75;28m████[38;2;99;59;30m██[38;2;125;75;28m████████████[38;2;15;15;15m██                                                  
      ██[38;2;113;95;95m██[38;2;15;15;15m██████[38;2;113;95;95m████[38;2;217;215;208m██████[38;2;150;149;141m██████[38;2;15;15;15m██████                                      ██[38;2;113;95;95m████[38;2;217;215;208m████[38;2;82;66;66m████[38;2;217;215;208m██[38;2;76;46;31m██[38;2;125;75;28m██[38;2;15;15;15m████[38;2;125;75;28m██[38;2;99;59;30m██[38;2;15;15;15m██[38;2;125;75;28m████[38;2;15;15;15m██                                                    
        ██    ██[38;2;113;95;95m██[38;2;15;15;15m██████[38;2;150;149;141m██████[38;2;15;15;15m██                                            ██[38;2;113;95;95m██[38;2;217;215;208m████[38;2;82;66;66m██[38;2;113;95;95m██[38;2;217;215;208m████[38;2;15;15;15m████[38;2;217;215;208m████[38;2;15;15;15m████[38;2;150;149;141m██[38;2;15;15;15m████                                                      
              ██[38;2;113;95;95m██[38;2;15;15;15m██    ██████                                              ██[38;2;113;95;95m██[38;2;15;15;15m████[38;2;113;95;95m████[38;2;217;215;208m██████[38;2;82;66;66m██[38;2;113;95;95m██[38;2;217;215;208m██████[38;2;150;149;141m████[38;2;15;15;15m██                                                      
                ██                                                            ██  ██[38;2;113;95;95m██[38;2;217;215;208m██████[38;2;82;66;66m██[38;2;113;95;95m████[38;2;217;215;208m██████[38;2;150;149;141m████[38;2;15;15;15m██                                                      
                                                                                  ██[38;2;113;95;95m██[38;2;217;215;208m██[38;2;15;15;15m██████[38;2;113;95;95m██[38;2;217;215;208m██████[38;2;150;149;141m██[38;2;15;15;15m████                                                        
                                                                                  ██[38;2;113;95;95m██[38;2;15;15;15m██    ██[38;2;113;95;95m██[38;2;217;215;208m██[38;2;15;15;15m██████                                                            
                                                                                    ██      ██[38;2;113;95;95m██[38;2;15;15;15m██                                                                  
                                                                                              ██                                                                    
[0m