                                      [38;2;129;86;178m██                                            
                                    ██[38;2;187;149;213m██[38;2;129;86;178m██                                          
                                  ██[38;2;187;149;213m████[38;2;129;86;178m██                                          
                                ██[38;2;187;149;213m████████[38;2;129;86;178m██                                        
                                ██[38;2;187;149;213m████████[38;2;129;86;178m██                                        
                              ██[38;2;187;149;213m████[38;2;255;213;140m██[38;2;187;149;213m██████[38;2;129;86;178m██                                      
                              ██[38;2;187;149;213m██[38;2;255;213;140m████[38;2;187;149;213m██████[38;2;129;86;178m██                                      
                              ██[38;2;187;149;213m██[38;2;255;213;140m██████[38;2;187;149;213m██[38;2;129;86;178m██                                        
                              ██[38;2;187;149;213m██[38;2;255;213;140m██████[38;2;187;149;213m██[38;2;129;86;178m██                                        
                                ██[38;2;187;149;213m██[38;2;255;213;140m██[38;2;187;149;213m██[38;2;129;86;178m██                                          
                                  ██[38;2;16;16;16m██[38;2;129;86;178m██                                            
                                [38;2;140;125;121m████[38;2;16;16;16m██[38;2;140;125;121m████                                          
                              ██[38;2;199;199;191m████[38;2;16;16;16m██[38;2;199;199;191m████[38;2;16;16;16m██                                        
                            [38;2;140;125;121m██[38;2;245;246;249m██[38;2;199;199;191m██████████[38;2;245;246;249m██[38;2;16;16;16m██                            [38;2;140;125;121m████      
                            ██[38;2;245;246;249m██████████████[38;2;16;16;16m██                          [38;2;140;125;121m██[38;2;245;246;249m██[38;2;16;16;16m██      
                            [38;2;140;125;121m██[38;2;199;199;191m██[38;2;245;246;249m██████[38;2;140;125;121m██[38;2;245;246;249m██[38;2;199;199;191m██[38;2;16;16;16m██                        [38;2;140;125;121m██[38;2;245;246;249m██[38;2;16;16;16m██        
                              [38;2;140;125;121m██[38;2;199;199;191m████[38;2;140;125;121m██████[38;2;16;16;16m██                          [38;2;140;125;121m██[38;2;245;246;249m██[38;2;16;16;16m██        
                                [38;2;140;125;121m████[38;2;199;199;191m████[38;2;16;16;16m██                          [38;2;140;125;121m██[38;2;245;246;249m████[38;2;16;16;16m██        
                                [38;2;140;125;121m██[38;2;199;199;191m██████[38;2;16;16;16m██                          [38;2;140;125;121m██[38;2;245;246;249m██[38;2;199;199;191m██[38;2;245;246;249m██[38;2;16;16;16m██      
                        [38;2;130;105;79m████████[38;2;237;212;102m████[38;2;194;161;85m████[38;2;16;16;16m██                          [38;2;140;125;121m██[38;2;245;246;249m██[38;2;199;199;191m██[38;2;245;246;249m████[38;2;16;16;16m██    
                    [38;2;130;105;79m████[38;2;237;212;102m████████████████[38;2;194;161;85m██[38;2;16;16;16m████                        [38;2;130;105;79m██[38;2;245;246;249m██[38;2;199;199;191m██[38;2;245;246;249m██[38;2;16;16;16m██    
                  [38;2;130;105;79m██[38;2;237;212;102m██████[38;2;194;161;85m██[38;2;237;212;102m████████[38;2;245;232;162m██[38;2;237;212;102m████████[38;2;16;16;16m██                      [38;2;130;105;79m██[38;2;237;212;102m██[38;2;199;199;191m██[38;2;245;232;162m██[38;2;16;16;16m██    
              [38;2;130;105;79m████████[38;2;237;212;102m██[38;2;130;105;79m██[38;2;237;212;102m████████████[38;2;245;232;162m████[38;2;237;212;102m██████[38;2;16;16;16m██                  [38;2;130;105;79m██[38;2;237;212;102m██[38;2;194;161;85m██[38;2;237;212;102m████[38;2;16;16;16m██    
          [38;2;130;105;79m████[38;2;237;212;102m████████[38;2;130;105;79m████[38;2;237;212;102m████[38;2;130;105;79m██[38;2;237;212;102m████████[38;2;245;232;162m████[38;2;237;212;102m██[38;2;245;232;162m██[38;2;16;16;16m██    [38;2;130;105;79m████████    ██[38;2;237;212;102m██[38;2;194;161;85m██[38;2;237;212;102m████[38;2;16;16;16m██      
        [38;2;130;105;79m██[38;2;16;16;16m██████[38;2;130;105;79m██[38;2;237;212;102m████████[38;2;130;105;79m██[38;2;237;212;102m██[38;2;130;105;79m██[38;2;237;212;102m██████████[38;2;245;232;162m████████[38;2;16;16;16m██[38;2;130;105;79m██[38;2;237;212;102m████████[38;2;130;105;79m████[38;2;194;161;85m████[38;2;237;212;102m██[38;2;16;16;16m████        
      [38;2;130;105;79m██[38;2;237;212;102m██[38;2;130;105;79m██[38;2;16;16;16m██[38;2;130;105;79m██[38;2;237;212;102m████████████[38;2;130;105;79m██[38;2;194;161;85m██[38;2;130;105;79m██[38;2;237;212;102m██[38;2;130;105;79m██[38;2;237;212;102m████[38;2;245;232;162m████[38;2;237;212;102m██[38;2;245;232;162m██[38;2;16;16;16m██[38;2;237;212;102m██████████████[38;2;16;16;16m██████            
      [38;2;130;105;79m██[38;2;237;212;102m██[38;2;194;161;85m██[38;2;237;212;102m██████[38;2;130;105;79m██[38;2;237;212;102m██████████[38;2;194;161;85m██[38;2;130;105;79m██[38;2;237;212;102m██[38;2;130;105;79m██[38;2;237;212;102m██████████████[38;2;16;16;16m██[38;2;237;212;102m████[38;2;245;232;162m██[38;2;237;212;102m██[38;2;245;232;162m████[38;2;237;212;102m██[38;2;16;16;16m██              
    [38;2;130;105;79m██[38;2;237;212;102m██[38;2;194;161;85m██[38;2;237;212;102m██████████████████████[38;2;194;161;85m██[38;2;130;105;79m██[38;2;194;161;85m██[38;2;130;105;79m██[38;2;237;212;102m██████████████[38;2;16;16;16m██[38;2;237;212;102m████[38;2;245;232;162m████[38;2;237;212;102m██[38;2;245;232;162m██[38;2;237;212;102m██[38;2;16;16;16m██            
    [38;2;130;105;79m██[38;2;237;212;102m██[38;2;194;161;85m██[38;2;237;212;102m██████[38;2;130;105;79m██[38;2;237;212;102m████[38;2;130;105;79m██[38;2;237;212;102m████████[38;2;194;161;85m██████[38;2;130;105;79m██[38;2;237;212;102m████████[38;2;194;161;85m██[38;2;237;212;102m██████[38;2;16;16;16m██[38;2;237;212;102m██[38;2;245;232;162m████[38;2;237;212;102m██████[38;2;16;16;16m██            
    [38;2;130;105;79m██[38;2;237;212;102m██[38;2;194;161;85m██[38;2;237;212;102m████████████████████[38;2;16;16;16m██[38;2;194;161;85m████[38;2;16;16;16m██[38;2;194;161;85m██[38;2;130;105;79m██[38;2;237;212;102m████████[38;2;194;161;85m██[38;2;237;212;102m████[38;2;16;16;16m██[38;2;237;212;102m██████████[38;2;194;161;85m████[38;2;16;16;16m██          
    [38;2;130;105;79m██[38;2;237;212;102m██████████████████[38;2;194;161;85m██[38;2;237;212;102m██[38;2;194;161;85m██[38;2;120;53;50m██[38;2;16;16;16m██[38;2;194;161;85m██[38;2;120;53;50m██[38;2;16;16;16m██[38;2;194;161;85m██[38;2;130;105;79m██[38;2;237;212;102m██████[38;2;194;161;85m██[38;2;237;212;102m██████[38;2;16;16;16m██[38;2;237;212;102m████[38;2;194;161;85m████████[38;2;16;16;16m██          
    [38;2;130;105;79m██[38;2;237;212;102m██[38;2;16;16;16m██[38;2;237;212;102m██████[38;2;16;16;16m██[38;2;237;212;102m████[38;2;194;161;85m██[38;2;16;16;16m██[38;2;237;212;102m██[38;2;16;16;16m██[38;2;120;53;50m████[38;2;16;16;16m██[38;2;120;53;50m██[38;2;16;16;16m██[38;2;194;161;85m██[38;2;130;105;79m██[38;2;237;212;102m██████████[38;2;245;232;162m██[38;2;245;246;249m██[38;2;16;16;16m██[38;2;194;161;85m████████████[38;2;16;16;16m██          
      ██  ██[38;2;237;212;102m██[38;2;16;16;16m██[38;2;120;53;50m██[38;2;16;16;16m██[38;2;237;212;102m██[38;2;16;16;16m██[38;2;120;53;50m██[38;2;16;16;16m██[38;2;120;53;50m██████████[38;2;16;16;16m██[38;2;194;161;85m██[38;2;130;105;79m██[38;2;237;212;102m██[38;2;245;232;162m████[38;2;245;246;249m████████[38;2;16;16;16m██[38;2;194;161;85m████[38;2;130;105;79m██[38;2;194;161;85m██████[38;2;130;105;79m██          
        ██  [38;2;16;16;16m██[38;2;194;161;85m██[38;2;120;53;50m████[38;2;16;16;16m██[38;2;120;53;50m██████████████[38;2;16;16;16m████[38;2;194;161;85m██[38;2;16;16;16m██[38;2;245;232;162m██[38;2;245;246;249m██████████[38;2;16;16;16m██[38;2;194;161;85m██████[38;2;130;105;79m██[38;2;194;161;85m████████[38;2;16;16;16m██        
      [38;2;130;105;79m██[38;2;194;161;85m██[38;2;16;16;16m████[38;2;194;161;85m██[38;2;120;53;50m██████[38;2;16;16;16m██████[38;2;120;53;50m████[38;2;16;16;16m██[38;2;120;53;50m██[38;2;16;16;16m██[38;2;237;212;102m████[38;2;16;16;16m██[38;2;245;246;249m██████[38;2;199;199;191m██[38;2;245;246;249m████[38;2;16;16;16m██[38;2;194;161;85m██[38;2;130;105;79m██[38;2;194;161;85m████[38;2;140;125;121m██[38;2;194;161;85m██[38;2;199;199;191m████[38;2;16;16;16m██        
    [38;2;130;105;79m████[38;2;194;161;85m██[38;2;120;53;50m██████[38;2;16;16;16m████[38;2;180;81;75m██████████[38;2;16;16;16m██[38;2;237;212;102m██[38;2;16;16;16m██[38;2;130;105;79m██[38;2;237;212;102m██████[38;2;16;16;16m██[38;2;245;246;249m████[38;2;199;199;191m██[38;2;245;246;249m████[38;2;16;16;16m██[38;2;194;161;85m██[38;2;130;105;79m██[38;2;194;161;85m██[38;2;199;199;191m██[38;2;140;125;121m██[38;2;199;199;191m██[38;2;140;125;121m██[38;2;199;199;191m██[38;2;16;16;16m██        
  [38;2;130;105;79m██[38;2;237;212;102m██[38;2;16;16;16m██[38;2;120;53;50m██[38;2;130;105;79m██[38;2;120;53;50m██[38;2;16;16;16m██[38;2;180;81;75m██████[38;2;130;105;79m██[38;2;180;81;75m██████[38;2;130;105;79m██[38;2;237;212;102m████[38;2;130;105;79m██[38;2;237;212;102m██████[38;2;16;16;16m██[38;2;245;246;249m████[38;2;199;199;191m██[38;2;245;246;249m██[38;2;140;125;121m██[38;2;245;246;249m██[38;2;16;16;16m██[38;2;130;105;79m██[38;2;199;199;191m████[38;2;140;125;121m██[38;2;199;199;191m██[38;2;140;125;121m██[38;2;199;199;191m████[38;2;16;16;16m██      
  [38;2;130;105;79m██[38;2;237;212;102m██[38;2;16;16;16m██[38;2;130;105;79m██[38;2;237;212;102m██[38;2;16;16;16m██[38;2;180;81;75m██████[38;2;130;105;79m██[38;2;237;212;102m██[38;2;130;105;79m██[38;2;180;81;75m██[38;2;16;16;16m██[38;2;237;212;102m██████████████[38;2;16;16;16m██[38;2;245;246;249m██[38;2;140;125;121m██[38;2;245;246;249m████[38;2;16;16;16m████[38;2;245;246;249m██[38;2;16;16;16m██[38;2;199;199;191m████[38;2;140;125;121m██[38;2;199;199;191m████[38;2;140;125;121m██[38;2;199;199;191m████[38;2;16;16;16m████  
[38;2;130;105;79m██[38;2;237;212;102m████[38;2;130;105;79m██[38;2;237;212;102m██████[38;2;16;16;16m██[38;2;180;81;75m██[38;2;130;105;79m██[38;2;237;212;102m██████[38;2;194;161;85m██[38;2;130;105;79m██[38;2;237;212;102m████████████[38;2;16;16;16m██[38;2;245;246;249m████[38;2;16;16;16m██[38;2;245;246;249m██[38;2;16;16;16m██[38;2;199;199;191m████[38;2;16;16;16m████[38;2;199;199;191m████[38;2;140;125;121m████[38;2;199;199;191m██[38;2;140;125;121m██[38;2;199;199;191m██[38;2;140;125;121m██[38;2;199;199;191m████[38;2;16;16;16m██
[38;2;130;105;79m██[38;2;237;212;102m████[38;2;194;161;85m██[38;2;237;212;102m██████[38;2;194;161;85m██[38;2;130;105;79m██[38;2;237;212;102m██████████[38;2;194;161;85m██[38;2;237;212;102m██████████[38;2;194;161;85m██[38;2;16;16;16m██[38;2;245;246;249m██[38;2;16;16;16m████[38;2;245;246;249m██[38;2;16;16;16m██[38;2;199;199;191m████████[38;2;140;125;121m██[38;2;199;199;191m██[38;2;140;125;121m██[38;2;16;16;16m██[38;2;199;199;191m████[38;2;16;16;16m██[38;2;199;199;191m██[38;2;16;16;16m████  
[38;2;130;105;79m██[38;2;237;212;102m██████████████[38;2;194;161;85m██[38;2;237;212;102m████████████████████[38;2;194;161;85m██████[38;2;16;16;16m██[38;2;130;105;79m████[38;2;16;16;16m██[38;2;199;199;191m██[38;2;140;125;121m██[38;2;199;199;191m██[38;2;140;125;121m██[38;2;199;199;191m██[38;2;16;16;16m██[38;2;199;199;191m██[38;2;16;16;16m██[38;2;130;105;79m██[38;2;16;16;16m██[38;2;199;199;191m██[38;2;16;16;16m██████    
  [38;2;130;105;79m██[38;2;237;212;102m██████████████████████████████[38;2;194;161;85m████[38;2;130;105;79m██[38;2;194;161;85m██[38;2;130;105;79m██[38;2;16;16;16m██[38;2;130;105;79m████[38;2;16;16;16m██[38;2;199;199;191m██[38;2;140;125;121m██[38;2;199;199;191m██[38;2;16;16;16m██[38;2;199;199;191m██[38;2;16;16;16m██[38;2;199;199;191m██[38;2;16;16;16m██[38;2;194;161;85m████[38;2;16;16;16m████        
  ██[38;2;194;161;85m██[38;2;237;212;102m████████████████████████[38;2;194;161;85m████████[38;2;16;16;16m██[38;2;194;161;85m██[38;2;16;16;16m██[38;2;130;105;79m████[38;2;16;16;16m██  ██[38;2;199;199;191m██[38;2;16;16;16m██[38;2;130;105;79m██[38;2;16;16;16m██[38;2;194;161;85m██[38;2;16;16;16m██[38;2;194;161;85m████████[38;2;16;16;16m██        
    ██[38;2;194;161;85m██[38;2;237;212;102m████████████████[38;2;194;161;85m████████[38;2;130;105;79m██[38;2;194;161;85m██[38;2;16;16;16m██[38;2;130;105;79m██[38;2;16;16;16m██[38;2;194;161;85m██████[38;2;16;16;16m██  ██[38;2;199;199;191m██[38;2;16;16;16m██[38;2;140;125;121m██[38;2;194;161;85m██████[38;2;140;125;121m██[38;2;194;161;85m██████[38;2;199;199;191m██[38;2;16;16;16m██      
      ████[38;2;194;161;85m██████████████████████[38;2;130;105;79m██[38;2;194;161;85m██[38;2;16;16;16m██[38;2;194;161;85m████████████[38;2;16;16;16m██  ██[38;2;130;105;79m██[38;2;140;125;121m██[38;2;199;199;191m██[38;2;194;161;85m██[38;2;140;125;121m██[38;2;194;161;85m████[38;2;199;199;191m██████[38;2;16;16;16m██      
          ████[38;2;194;161;85m████[38;2;130;105;79m██[38;2;194;161;85m██████[38;2;130;105;79m██[38;2;194;161;85m██[38;2;130;105;79m██[38;2;140;125;121m██[38;2;16;16;16m██[38;2;194;161;85m████[38;2;140;125;121m██[38;2;194;161;85m████████[38;2;199;199;191m██[38;2;16;16;16m██  ██[38;2;140;125;121m██[38;2;199;199;191m████[38;2;140;125;121m██[38;2;199;199;191m████████[38;2;16;16;16m██        
              ██[38;2;194;161;85m██[38;2;16;16;16m██[38;2;194;161;85m████[38;2;130;105;79m██[38;2;16;16;16m██[38;2;194;161;85m██[38;2;16;16;16m██[38;2;140;125;121m██[38;2;199;199;191m██[38;2;194;161;85m██[38;2;140;125;121m██[38;2;194;161;85m██████[38;2;199;199;191m██████[38;2;16;16;16m██    ████[38;2;199;199;191m██[38;2;140;125;121m██[38;2;199;199;191m████[38;2;16;16;16m████          
                ██  ██[38;2;194;161;85m██[38;2;16;16;16m██  ████[38;2;140;125;121m██[38;2;199;199;191m████[38;2;140;125;121m██[38;2;199;199;191m██████████[38;2;16;16;16m██          ████████              
                      ██        ████[38;2;199;199;191m██[38;2;140;125;121m██[38;2;199;199;191m██████[38;2;16;16;16m████                                  
                                    ██████████                                      
[0m