                                                                                      [38;2;156;140;53m████                                                                                                  
                                                                                  ████[38;2;208;217;82m██[38;2;156;140;53m██                    ████████                                                                      
                                                                                ██[38;2;208;217;82m██████[38;2;156;140;53m██      ██████    ████[38;2;208;217;82m████████[38;2;0;0;0m██                                                                    
                                                                        [38;2;156;140;53m████  ██[38;2;208;217;82m████████[38;2;156;140;53m██  ████[38;2;208;217;82m████[38;2;156;140;53m██████[38;2;208;217;82m██████████[38;2;0;0;0m██                                                                      
                                                                      [38;2;156;140;53m██[38;2;208;217;82m██[38;2;156;140;53m████[38;2;208;217;82m██████████[38;2;156;140;53m██[38;2;51;36;35m██[38;2;208;217;82m████[38;2;87;53;49m████[38;2;156;140;53m██[38;2;208;217;82m████████████[38;2;0;0;0m██                                                                        
                                                                    [38;2;156;140;53m██[38;2;208;217;82m████[38;2;156;140;53m██[38;2;208;217;82m██████████[38;2;156;140;53m██[38;2;51;36;35m██[38;2;148;88;71m██████[38;2;156;140;53m████[38;2;208;217;82m████████████[38;2;156;140;53m██[38;2;0;0;0m██                                                                        
                                                                  [38;2;156;140;53m██[38;2;208;217;82m████[38;2;156;140;53m██[38;2;208;217;82m████████[38;2;156;140;53m██[38;2;51;36;35m████████[38;2;156;140;53m████[38;2;208;217;82m██[38;2;156;140;53m██[38;2;51;36;35m██████████████[38;2;156;140;53m██████    ██████████                                                      
                                                                  ██[38;2;208;217;82m██[38;2;51;36;35m██[38;2;156;140;53m██[38;2;208;217;82m████[38;2;156;140;53m██[38;2;51;36;35m████[38;2;148;88;71m██████[38;2;156;140;53m██[38;2;208;217;82m██████[38;2;156;140;53m██[38;2;51;36;35m██[38;2;148;88;71m████████[38;2;156;140;53m████[38;2;208;217;82m████[38;2;0;0;0m██[38;2;156;140;53m████[38;2;208;217;82m██████████[38;2;156;140;53m████                                                  
                                                            ██  ██[38;2;208;217;82m██[38;2;51;36;35m██[38;2;148;88;71m██[38;2;51;36;35m████████[38;2;148;88;71m████████[38;2;156;140;53m██[38;2;208;217;82m██████[38;2;51;36;35m████[38;2;148;88;71m██[38;2;51;36;35m██[38;2;87;53;49m██[38;2;148;88;71m██[38;2;156;140;53m██[38;2;208;217;82m██████[38;2;156;140;53m██[38;2;0;0;0m██[38;2;51;36;35m██[38;2;208;217;82m████████████████[38;2;156;140;53m██                                                
                                                          ██[38;2;208;217;82m██[38;2;156;140;53m██[38;2;87;53;49m████████████████████[38;2;148;88;71m██[38;2;156;140;53m██[38;2;208;217;82m██[38;2;156;140;53m██[38;2;51;36;35m████[38;2;148;88;71m██[38;2;87;53;49m██████[38;2;51;36;35m████[38;2;87;53;49m██[38;2;51;36;35m████████[38;2;87;53;49m██[38;2;0;0;0m██[38;2;51;36;35m████[38;2;156;140;53m████████[38;2;208;217;82m██[38;2;156;140;53m██                                                  
                                                        ██[38;2;208;217;82m████[38;2;156;140;53m██[38;2;51;36;35m██████████████████[38;2;87;53;49m██████[38;2;51;36;35m████[38;2;148;88;71m██[38;2;87;53;49m████[38;2;148;88;71m██████[38;2;51;36;35m██[38;2;87;53;49m██[38;2;51;36;35m██[38;2;87;53;49m██[38;2;51;36;35m██[38;2;87;53;49m██████[38;2;0;0;0m██[38;2;87;53;49m██[38;2;51;36;35m██[38;2;208;217;82m████████[38;2;0;0;0m██                                                    
                      [38;2;130;108;96m████████████                    [38;2;156;140;53m██[38;2;208;217;82m██████[38;2;156;140;53m██[38;2;148;88;71m██████████████████[38;2;51;36;35m██████[38;2;87;53;49m██████[38;2;148;88;71m██████████[38;2;51;36;35m██[38;2;87;53;49m████[38;2;51;36;35m██[38;2;87;53;49m██[38;2;51;36;35m██[38;2;87;53;49m██████[38;2;0;0;0m██[38;2;87;53;49m████[38;2;51;36;35m██[38;2;208;217;82m██[38;2;0;0;0m██                                                      
                [38;2;130;108;96m██████[38;2;229;224;214m████████████[38;2;130;108;96m████            [38;2;156;140;53m██  ██[38;2;208;217;82m██████[38;2;156;140;53m██[38;2;130;108;96m████████[38;2;148;88;71m██[38;2;156;140;53m████[38;2;148;88;71m██████████[38;2;51;36;35m██████[38;2;87;53;49m██[38;2;148;88;71m████████[38;2;51;36;35m██[38;2;87;53;49m██████[38;2;51;36;35m██[38;2;87;53;49m████████[38;2;0;0;0m██[38;2;51;36;35m██[38;2;87;53;49m████[38;2;51;36;35m██[38;2;0;0;0m██                                                      
            [38;2;130;108;96m████[38;2;229;224;214m██████████████████████[38;2;130;108;96m██        [38;2;156;140;53m██[38;2;208;217;82m██[38;2;156;140;53m██[38;2;208;217;82m██████[38;2;130;108;96m████[38;2;229;224;214m████████[38;2;130;108;96m████[38;2;156;140;53m██[38;2;148;88;71m██████[38;2;87;53;49m████[38;2;148;88;71m██████[38;2;51;36;35m████[38;2;87;53;49m██[38;2;148;88;71m████[38;2;51;36;35m██[38;2;87;53;49m██████[38;2;51;36;35m██[38;2;87;53;49m████████[38;2;0;0;0m██[38;2;87;53;49m██[38;2;51;36;35m██[38;2;87;53;49m██████[38;2;0;0;0m██                                                    
          [38;2;130;108;96m██[38;2;229;224;214m████████████████████████████[38;2;0;0;0m██    [38;2;156;140;53m██[38;2;208;217;82m████[38;2;156;140;53m██[38;2;208;217;82m████[38;2;0;0;0m██[38;2;229;224;214m████████████████[38;2;130;108;96m████[38;2;148;88;71m██[38;2;87;53;49m██[38;2;148;88;71m██████████████[38;2;51;36;35m████[38;2;148;88;71m██[38;2;51;36;35m██[38;2;148;88;71m██[38;2;87;53;49m██[38;2;51;36;35m██[38;2;97;145;129m██[38;2;51;36;35m██[38;2;87;53;49m██████[38;2;0;0;0m██[38;2;51;36;35m████[38;2;87;53;49m██████[38;2;0;0;0m████████                                              
        ██[38;2;229;224;214m████████████████████████████[38;2;186;170;162m██[38;2;0;0;0m██    [38;2;156;140;53m██[38;2;208;217;82m██[38;2;156;140;53m██[38;2;208;217;82m████[38;2;0;0;0m██[38;2;186;170;162m██[38;2;229;224;214m██████████████████[38;2;186;170;162m██[38;2;130;108;96m██[38;2;148;88;71m████████████████████[38;2;51;36;35m████[38;2;148;88;71m██████[38;2;51;36;35m████[38;2;87;53;49m██████[38;2;0;0;0m██[38;2;97;145;129m██[38;2;51;36;35m██[38;2;87;53;49m██████[38;2;0;0;0m████[38;2;156;140;53m████[38;2;0;0;0m████                                          
      ██[38;2;229;224;214m████████████████[38;2;186;170;162m██[38;2;0;0;0m████████[38;2;186;170;162m████████[38;2;0;0;0m██[38;2;156;140;53m██[38;2;208;217;82m████[38;2;156;140;53m██[38;2;208;217;82m████[38;2;0;0;0m██[38;2;186;170;162m██[38;2;229;224;214m██████████████████████[38;2;130;108;96m██[38;2;148;88;71m████████████████████████████████[38;2;51;36;35m████[38;2;87;53;49m██[38;2;0;0;0m██[38;2;97;145;129m████[38;2;51;36;35m██[38;2;87;53;49m████[38;2;0;0;0m██[38;2;87;53;49m██[38;2;0;0;0m██[38;2;156;140;53m██████[38;2;0;0;0m██                                        
    ██[38;2;229;224;214m██████████████[38;2;186;170;162m██[38;2;0;0;0m████        ██[38;2;186;170;162m██████[38;2;0;0;0m████[38;2;208;217;82m██[38;2;0;0;0m██[38;2;156;140;53m██[38;2;208;217;82m██[38;2;0;0;0m██[38;2;186;170;162m██████[38;2;229;224;214m██████████████████████[38;2;130;108;96m██[38;2;148;88;71m████████████████████████████████[38;2;87;53;49m██[38;2;51;36;35m██████[38;2;97;145;129m██[38;2;51;36;35m██[38;2;87;53;49m████[38;2;0;0;0m██[38;2;87;53;49m████[38;2;0;0;0m██[38;2;156;140;53m██[38;2;0;0;0m██                                          
    ██[38;2;229;224;214m████████████[38;2;186;170;162m██[38;2;0;0;0m██              ██[38;2;186;170;162m████[38;2;0;0;0m██████[38;2;87;53;49m██[38;2;156;140;53m██[38;2;208;217;82m██[38;2;0;0;0m██[38;2;186;170;162m██████[38;2;0;0;0m██████[38;2;229;224;214m██████████████████[38;2;0;0;0m██[38;2;148;88;71m██████[38;2;51;36;35m████[38;2;87;53;49m██[38;2;148;88;71m██████████████████████[38;2;87;53;49m████[38;2;51;36;35m██████████████[38;2;87;53;49m██[38;2;0;0;0m██                                            
  ██[38;2;229;224;214m████████████[38;2;186;170;162m██[38;2;0;0;0m██          [38;2;51;36;35m██████[38;2;0;0;0m██[38;2;186;170;162m████[38;2;0;0;0m██[38;2;148;88;71m██████[38;2;87;53;49m██[38;2;0;0;0m████[38;2;186;170;162m████[38;2;0;0;0m██[38;2;148;88;71m████[38;2;156;140;53m██[38;2;0;0;0m████[38;2;229;224;214m████████████████[38;2;0;0;0m██[38;2;87;53;49m██[38;2;51;36;35m██[38;2;87;53;49m██████[38;2;51;36;35m████[38;2;87;53;49m██[38;2;148;88;71m██████████████████████████████████[38;2;51;36;35m██[38;2;87;53;49m██[38;2;0;0;0m██                                          
  ██[38;2;229;224;214m████████████[38;2;0;0;0m██      [38;2;51;36;35m██████[38;2;87;53;49m████████[38;2;0;0;0m██[38;2;186;170;162m██[38;2;0;0;0m██[38;2;87;53;49m██████████[38;2;0;0;0m██[38;2;186;170;162m██[38;2;0;0;0m██[38;2;87;53;49m██████[38;2;148;88;71m████[38;2;87;53;49m██[38;2;0;0;0m██[38;2;229;224;214m████████████████[38;2;0;0;0m██[38;2;87;53;49m██████████████[38;2;51;36;35m████[38;2;87;53;49m██[38;2;148;88;71m████████████████████████[38;2;87;53;49m██[38;2;51;36;35m██████████[38;2;0;0;0m██████                                  
  [38;2;130;108;96m██[38;2;229;224;214m██[38;2;186;170;162m██[38;2;229;224;214m██████[38;2;186;170;162m██[38;2;0;0;0m██  [38;2;51;36;35m████[38;2;87;53;49m████████[38;2;51;36;35m██[38;2;0;0;0m██████[38;2;186;170;162m██[38;2;0;0;0m██[38;2;156;140;53m██[38;2;51;36;35m████████[38;2;0;0;0m██[38;2;186;170;162m██[38;2;0;0;0m██[38;2;51;36;35m██████[38;2;87;53;49m████████[38;2;0;0;0m██[38;2;229;224;214m████████████████[38;2;0;0;0m██[38;2;87;53;49m████████████████████████[38;2;148;88;71m██████████████████████████████[38;2;51;36;35m██[38;2;156;140;53m████[38;2;0;0;0m██                                
██[38;2;229;224;214m████[38;2;186;170;162m██[38;2;229;224;214m██████[38;2;0;0;0m██  [38;2;51;36;35m██[38;2;87;53;49m████[38;2;51;36;35m██[38;2;0;0;0m████[38;2;128;31;44m██████████[38;2;0;0;0m██[38;2;156;140;53m██[38;2;208;217;82m██[38;2;156;140;53m██[38;2;148;88;71m████████[38;2;0;0;0m██[38;2;148;88;71m████████[38;2;51;36;35m████[38;2;87;53;49m██████[38;2;0;0;0m██[38;2;229;224;214m████████████████[38;2;0;0;0m██[38;2;87;53;49m██████[38;2;0;0;0m████████████████[38;2;87;53;49m██████[38;2;148;88;71m████████████████████[38;2;87;53;49m██[38;2;51;36;35m████████                                  
[38;2;0;0;0m██[38;2;229;224;214m██[38;2;186;170;162m██[38;2;229;224;214m████████[38;2;0;0;0m██  ██████            [38;2;156;140;53m██[38;2;128;31;44m██[38;2;51;36;35m██[38;2;156;140;53m██[38;2;208;217;82m██[38;2;156;140;53m██[38;2;148;88;71m██████[38;2;156;140;53m██[38;2;148;88;71m████████[38;2;51;36;35m██[38;2;87;53;49m████[38;2;51;36;35m████[38;2;87;53;49m████[38;2;0;0;0m██[38;2;229;224;214m██[38;2;186;170;162m██[38;2;229;224;214m██████████[38;2;186;170;162m██[38;2;0;0;0m██████[38;2;97;145;129m████████████████[38;2;0;0;0m████████████[38;2;51;36;35m██[38;2;148;88;71m██████████████████████[38;2;51;36;35m██                                
[38;2;0;0;0m██[38;2;229;224;214m██[38;2;186;170;162m██[38;2;229;224;214m████████[38;2;0;0;0m██                  [38;2;156;140;53m██[38;2;208;217;82m██[38;2;156;140;53m██[38;2;87;53;49m██[38;2;156;140;53m██[38;2;208;217;82m████[38;2;51;36;35m██[38;2;87;53;49m██[38;2;156;140;53m██[38;2;208;217;82m██[38;2;156;140;53m██[38;2;148;88;71m████[38;2;51;36;35m██[38;2;87;53;49m██████████[38;2;51;36;35m████[38;2;0;0;0m██[38;2;229;224;214m████[38;2;186;170;162m██[38;2;229;224;214m██████████[38;2;0;0;0m██[38;2;97;145;129m██████[38;2;145;194;165m████████████████████████████[38;2;0;0;0m████████████[38;2;148;88;71m██████[38;2;87;53;49m██[38;2;0;0;0m██                                  
██[38;2;229;224;214m██[38;2;186;170;162m██[38;2;229;224;214m████████[38;2;0;0;0m██                  [38;2;156;140;53m██[38;2;208;217;82m████[38;2;156;140;53m██[38;2;208;217;82m██████[38;2;51;36;35m██[38;2;148;88;71m██[38;2;156;140;53m██[38;2;208;217;82m██[38;2;156;140;53m██[38;2;51;36;35m██[38;2;87;53;49m████████████████████[38;2;0;0;0m██[38;2;229;224;214m██[38;2;186;170;162m██[38;2;229;224;214m████████████[38;2;0;0;0m██[38;2;145;194;165m████████████████████████████████████[38;2;97;145;129m████[38;2;0;0;0m██[38;2;87;53;49m██[38;2;0;0;0m████[38;2;87;53;49m██████[38;2;0;0;0m██    ██████                      
██[38;2;229;224;214m██[38;2;186;170;162m██[38;2;229;224;214m██[38;2;186;170;162m██[38;2;229;224;214m████[38;2;0;0;0m██                  [38;2;156;140;53m██[38;2;208;217;82m██[38;2;51;36;35m██[38;2;156;140;53m██[38;2;208;217;82m████[38;2;51;36;35m██[38;2;148;88;71m██[38;2;156;140;53m██[38;2;208;217;82m████[38;2;51;36;35m██[38;2;148;88;71m██[38;2;51;36;35m██[38;2;87;53;49m████████████████[38;2;0;0;0m████[38;2;229;224;214m██████████[38;2;186;170;162m██[38;2;229;224;214m████[38;2;0;0;0m██[38;2;145;194;165m████████████████████████[38;2;97;145;129m██[38;2;187;33;61m████[38;2;145;194;165m██████[38;2;97;145;129m██████[38;2;0;0;0m██[38;2;87;53;49m██[38;2;51;36;35m██[38;2;0;0;0m████[38;2;87;53;49m████[38;2;0;0;0m████[38;2;156;140;53m████[38;2;0;0;0m██                      
██[38;2;229;224;214m██████[38;2;186;170;162m██[38;2;229;224;214m████[38;2;0;0;0m██                  [38;2;156;140;53m██[38;2;208;217;82m██[38;2;51;36;35m██[38;2;156;140;53m██[38;2;208;217;82m████[38;2;51;36;35m██[38;2;148;88;71m██[38;2;156;140;53m██[38;2;208;217;82m██[38;2;51;36;35m██[38;2;148;88;71m██[38;2;51;36;35m██[38;2;87;53;49m██[38;2;51;36;35m██[38;2;87;53;49m██████████[38;2;51;36;35m██[38;2;0;0;0m██[38;2;227;207;94m████[38;2;0;0;0m██[38;2;229;224;214m██████████[38;2;186;170;162m██[38;2;229;224;214m████[38;2;0;0;0m██[38;2;145;194;165m██████████████████████[38;2;128;31;44m██[38;2;187;33;61m████[38;2;145;194;165m████████[38;2;97;145;129m████[38;2;0;0;0m██[38;2;87;53;49m██[38;2;51;36;35m██[38;2;87;53;49m██[38;2;51;36;35m██[38;2;0;0;0m██[38;2;87;53;49m██[38;2;0;0;0m██[38;2;156;140;53m████[38;2;0;0;0m██      ██████            
██[38;2;229;224;214m██████[38;2;186;170;162m██[38;2;229;224;214m████[38;2;0;0;0m██                [38;2;51;36;35m██[38;2;148;88;71m██[38;2;51;36;35m██[38;2;87;53;49m██[38;2;156;140;53m██[38;2;208;217;82m██[38;2;51;36;35m██[38;2;148;88;71m████[38;2;156;140;53m██[38;2;208;217;82m██[38;2;51;36;35m██[38;2;148;88;71m██[38;2;51;36;35m██[38;2;87;53;49m██[38;2;51;36;35m██[38;2;87;53;49m████████[38;2;0;0;0m████[38;2;227;207;94m██████[38;2;0;0;0m██[38;2;229;224;214m██████████[38;2;186;170;162m██[38;2;229;224;214m████[38;2;0;0;0m██[38;2;145;194;165m██████████████[38;2;97;145;129m██[38;2;187;33;61m████[38;2;145;194;165m██[38;2;128;31;44m████[38;2;145;194;165m██████████[38;2;97;145;129m████[38;2;0;0;0m██[38;2;87;53;49m██[38;2;51;36;35m██[38;2;87;53;49m██[38;2;51;36;35m██[38;2;87;53;49m██[38;2;0;0;0m██████████    ██[38;2;156;140;53m████[38;2;0;0;0m██            
██[38;2;229;224;214m████████████[38;2;186;170;162m██[38;2;0;0;0m██              [38;2;51;36;35m██[38;2;148;88;71m██████[38;2;156;140;53m██[38;2;208;217;82m██[38;2;51;36;35m██[38;2;148;88;71m██████[38;2;51;36;35m██[38;2;148;88;71m██[38;2;51;36;35m██[38;2;87;53;49m██████[38;2;51;36;35m██[38;2;87;53;49m████[38;2;0;0;0m██[38;2;227;207;94m██[38;2;0;0;0m██[38;2;227;207;94m██[38;2;128;31;44m██[38;2;187;33;61m████[38;2;0;0;0m██[38;2;229;224;214m██████████[38;2;186;170;162m██[38;2;229;224;214m████[38;2;0;0;0m██[38;2;145;194;165m██████████[38;2;97;145;129m██[38;2;187;33;61m████████[38;2;145;194;165m████[38;2;97;145;129m██[38;2;187;33;61m████[38;2;145;194;165m████[38;2;97;145;129m██████[38;2;0;0;0m██[38;2;51;36;35m██[38;2;64;82;72m██[38;2;51;36;35m██[38;2;87;53;49m████[38;2;51;36;35m████[38;2;87;53;49m████[38;2;0;0;0m██████████████          
██[38;2;229;224;214m██████████████[38;2;0;0;0m██              [38;2;51;36;35m██[38;2;148;88;71m████████[38;2;51;36;35m██[38;2;148;88;71m████████████[38;2;51;36;35m██[38;2;87;53;49m██████[38;2;51;36;35m██[38;2;87;53;49m██[38;2;0;0;0m██[38;2;128;31;44m████[38;2;187;33;61m████████[38;2;128;31;44m██[38;2;0;0;0m██[38;2;229;224;214m██████████[38;2;186;170;162m██[38;2;229;224;214m████[38;2;0;0;0m██[38;2;145;194;165m██████████[38;2;128;31;44m██[38;2;187;33;61m████████[38;2;145;194;165m████[38;2;97;145;129m██[38;2;187;33;61m████[38;2;145;194;165m████[38;2;97;145;129m██████[38;2;0;0;0m██[38;2;97;145;129m████[38;2;64;82;72m██[38;2;51;36;35m██[38;2;87;53;49m██[38;2;51;36;35m██[38;2;87;53;49m██[38;2;51;36;35m██[38;2;87;53;49m████[38;2;51;36;35m██[38;2;87;53;49m██[38;2;51;36;35m██[38;2;87;53;49m██[38;2;51;36;35m██[38;2;87;53;49m██[38;2;51;36;35m████      
  [38;2;130;108;96m██[38;2;229;224;214m████████████[38;2;186;170;162m██[38;2;0;0;0m██            [38;2;51;36;35m██[38;2;87;53;49m████████████████████████████[38;2;51;36;35m██[38;2;87;53;49m██[38;2;0;0;0m██[38;2;97;145;129m██████[38;2;145;194;165m██████████[38;2;0;0;0m██[38;2;229;224;214m████████████████[38;2;0;0;0m██[38;2;145;194;165m██████████[38;2;128;31;44m██[38;2;187;33;61m████████[38;2;145;194;165m██████[38;2;128;31;44m██[38;2;97;145;129m██[38;2;145;194;165m████[38;2;97;145;129m██████[38;2;0;0;0m██[38;2;97;145;129m██████[38;2;51;36;35m██[38;2;87;53;49m██[38;2;51;36;35m████████[38;2;87;53;49m██[38;2;51;36;35m██████[38;2;87;53;49m██[38;2;51;36;35m████[38;2;87;53;49m████[38;2;51;36;35m██    
  [38;2;0;0;0m██[38;2;186;170;162m██[38;2;229;224;214m████████[38;2;186;170;162m██████[38;2;0;0;0m██          [38;2;51;36;35m██[38;2;87;53;49m██[38;2;51;36;35m████████████████[38;2;87;53;49m██████[38;2;51;36;35m████[38;2;87;53;49m████[38;2;0;0;0m██[38;2;97;145;129m████[38;2;145;194;165m████████████[38;2;0;0;0m██[38;2;186;170;162m██[38;2;229;224;214m██████████████[38;2;186;170;162m██[38;2;0;0;0m██[38;2;145;194;165m████████[38;2;97;145;129m██[38;2;128;31;44m██[38;2;187;33;61m████[38;2;128;31;44m██[38;2;145;194;165m██████████████[38;2;97;145;129m██████[38;2;0;0;0m██[38;2;97;145;129m████████[38;2;51;36;35m██[38;2;97;145;129m██████[38;2;51;36;35m██[38;2;87;53;49m██[38;2;51;36;35m██[38;2;64;82;72m████[38;2;51;36;35m██[38;2;64;82;72m████[38;2;51;36;35m██[38;2;87;53;49m████[38;2;51;36;35m██  
  [38;2;0;0;0m██[38;2;186;170;162m██████████████████[38;2;0;0;0m████      ██[38;2;51;36;35m██[38;2;87;53;49m██[38;2;148;88;71m████████████[38;2;87;53;49m██[38;2;51;36;35m██████[38;2;87;53;49m██████[38;2;0;0;0m██[38;2;97;145;129m██████[38;2;145;194;165m██[38;2;97;145;129m██[38;2;145;194;165m████████[38;2;64;82;72m██[38;2;0;0;0m██[38;2;186;170;162m██[38;2;229;224;214m████████████[38;2;186;170;162m██[38;2;0;0;0m██[38;2;145;194;165m██[38;2;97;145;129m██[38;2;145;194;165m██████[38;2;97;145;129m██[38;2;128;31;44m████[38;2;145;194;165m██████████████[38;2;97;145;129m██████[38;2;64;82;72m██[38;2;0;0;0m██[38;2;97;145;129m██[38;2;64;82;72m██[38;2;97;145;129m██████████████[38;2;51;36;35m██[38;2;97;145;129m████[38;2;0;0;0m████████[38;2;64;82;72m██[38;2;51;36;35m██[38;2;87;53;49m██[38;2;51;36;35m██  
    [38;2;0;0;0m██[38;2;186;170;162m██████████████████[38;2;130;108;96m██[38;2;0;0;0m██████[38;2;186;170;162m██[38;2;51;36;35m██[38;2;148;88;71m████████████████[38;2;51;36;35m██[38;2;87;53;49m██████████[38;2;0;0;0m██[38;2;97;145;129m██████[38;2;145;194;165m██[38;2;0;0;0m██[38;2;97;145;129m██[38;2;145;194;165m██████[38;2;64;82;72m██[38;2;0;0;0m██[38;2;186;170;162m██████[38;2;229;224;214m██████[38;2;186;170;162m████[38;2;0;0;0m██[38;2;145;194;165m██[38;2;97;145;129m██[38;2;145;194;165m██████████████████████████[38;2;97;145;129m████████[38;2;64;82;72m████[38;2;97;145;129m██[38;2;0;0;0m██[38;2;97;145;129m██████████████[38;2;0;0;0m████        ████[38;2;87;53;49m████[38;2;51;36;35m██
    [38;2;0;0;0m██[38;2;186;170;162m████████████████████[38;2;130;108;96m██[38;2;186;170;162m██████[38;2;51;36;35m██[38;2;148;88;71m████████████████[38;2;87;53;49m██████████[38;2;0;0;0m██[38;2;97;145;129m██[38;2;0;0;0m██[38;2;97;145;129m████[38;2;64;82;72m████[38;2;0;0;0m██[38;2;145;194;165m████[38;2;64;82;72m██[38;2;97;145;129m██[38;2;0;0;0m██[38;2;186;170;162m██████████████████[38;2;0;0;0m██[38;2;145;194;165m██[38;2;97;145;129m██[38;2;145;194;165m██████████████████████[38;2;97;145;129m████████████████[38;2;0;0;0m██[38;2;97;145;129m████████[38;2;0;0;0m██████                ████  
      ██[38;2;186;170;162m██████████████████████████[38;2;51;36;35m██[38;2;148;88;71m██████████████[38;2;51;36;35m██[38;2;87;53;49m██████████[38;2;0;0;0m██[38;2;97;145;129m████[38;2;0;0;0m██[38;2;97;145;129m██[38;2;0;0;0m██[38;2;97;145;129m████[38;2;0;0;0m██[38;2;145;194;165m██[38;2;64;82;72m██[38;2;97;145;129m██[38;2;0;0;0m██[38;2;186;170;162m██████████████████[38;2;0;0;0m██[38;2;145;194;165m██[38;2;64;82;72m██[38;2;145;194;165m██████████████████████[38;2;97;145;129m██████████████[38;2;0;0;0m██[38;2;97;145;129m██[38;2;0;0;0m████████                            
        ██[38;2;186;170;162m██████████████████████[38;2;51;36;35m██[38;2;156;140;53m██[38;2;0;0;0m██[38;2;51;36;35m██████[38;2;87;53;49m██[38;2;148;88;71m████[38;2;51;36;35m██[38;2;87;53;49m██████████[38;2;0;0;0m██[38;2;97;145;129m██████[38;2;0;0;0m██[38;2;97;145;129m████████[38;2;64;82;72m██[38;2;97;145;129m██████[38;2;0;0;0m██[38;2;186;170;162m████████████████[38;2;0;0;0m██[38;2;145;194;165m██[38;2;64;82;72m██[38;2;145;194;165m████████████████████[38;2;97;145;129m████████████[38;2;64;82;72m████[38;2;97;145;129m██[38;2;0;0;0m██                                    
          ██[38;2;186;170;162m████████████████████[38;2;51;36;35m██[38;2;156;140;53m██[38;2;208;217;82m██[38;2;0;0;0m██[38;2;148;88;71m████[38;2;87;53;49m██[38;2;51;36;35m██████[38;2;87;53;49m████████[38;2;0;0;0m██[38;2;97;145;129m██████████████████████████[38;2;0;0;0m██[38;2;186;170;162m████████████████[38;2;130;108;96m██[38;2;0;0;0m██[38;2;97;145;129m██[38;2;145;194;165m██████████[38;2;64;82;72m██[38;2;145;194;165m████[38;2;97;145;129m████[38;2;64;82;72m██[38;2;97;145;129m████████████████[38;2;0;0;0m██                                    
            ██[38;2;186;170;162m████████████████[38;2;51;36;35m██[38;2;148;88;71m██[38;2;156;140;53m██[38;2;208;217;82m████[38;2;51;36;35m██[38;2;148;88;71m████████[38;2;87;53;49m██[38;2;51;36;35m██[38;2;87;53;49m██████[38;2;0;0;0m██[38;2;97;145;129m████[38;2;64;82;72m██[38;2;97;145;129m████████████████████[38;2;0;0;0m██[38;2;186;170;162m██████████████████[38;2;0;0;0m██[38;2;145;194;165m████████████[38;2;0;0;0m██[38;2;97;145;129m██████[38;2;64;82;72m██[38;2;97;145;129m████████████████[38;2;0;0;0m██                                      
              ██[38;2;130;108;96m██[38;2;186;170;162m████████████[38;2;51;36;35m██[38;2;148;88;71m██[38;2;156;140;53m██[38;2;208;217;82m████[38;2;51;36;35m██[38;2;148;88;71m████████[38;2;87;53;49m████[38;2;51;36;35m██[38;2;87;53;49m████[38;2;0;0;0m██[38;2;97;145;129m██████[38;2;64;82;72m████[38;2;97;145;129m████████████████[38;2;0;0;0m██[38;2;186;170;162m██████████████████[38;2;0;0;0m██[38;2;145;194;165m██████████[38;2;97;145;129m██[38;2;0;0;0m████[38;2;64;82;72m████[38;2;97;145;129m████████████████[38;2;0;0;0m██                                        
                  ████[38;2;130;108;96m██[38;2;186;170;162m██████[38;2;51;36;35m██[38;2;148;88;71m████[38;2;156;140;53m██[38;2;208;217;82m██[38;2;51;36;35m██[38;2;148;88;71m████████[38;2;51;36;35m██[38;2;87;53;49m████[38;2;51;36;35m██[38;2;87;53;49m██[38;2;0;0;0m██[38;2;97;145;129m██████████[38;2;0;0;0m████[38;2;97;145;129m████████████[38;2;0;0;0m██[38;2;186;170;162m██████████████████[38;2;0;0;0m██[38;2;145;194;165m██████████[38;2;0;0;0m██  ████[38;2;97;145;129m██████[38;2;0;0;0m████[38;2;97;145;129m██[38;2;0;0;0m██████  ████                                    
                        ██████[38;2;51;36;35m██[38;2;148;88;71m████[38;2;156;140;53m██[38;2;208;217;82m██[38;2;51;36;35m██[38;2;148;88;71m████████[38;2;51;36;35m██[38;2;87;53;49m████[38;2;51;36;35m██[38;2;87;53;49m██[38;2;0;0;0m████[38;2;97;145;129m████████████[38;2;0;0;0m██████████████[38;2;186;170;162m██████████████████[38;2;0;0;0m██[38;2;145;194;165m████████[38;2;97;145;129m██[38;2;0;0;0m████[38;2;156;140;53m████[38;2;0;0;0m██████[38;2;156;140;53m████[38;2;0;0;0m██[38;2;156;140;53m██████[38;2;0;0;0m██[38;2;156;140;53m██[38;2;0;0;0m██                                    
                              [38;2;51;36;35m██[38;2;87;53;49m██[38;2;148;88;71m████[38;2;51;36;35m██[38;2;87;53;49m██[38;2;148;88;71m████████[38;2;51;36;35m██[38;2;87;53;49m██[38;2;51;36;35m██[38;2;87;53;49m████[38;2;0;0;0m██[38;2;156;140;53m██[38;2;0;0;0m██[38;2;97;145;129m████[38;2;0;0;0m██████[38;2;97;145;129m████[38;2;0;0;0m██        ██[38;2;186;170;162m████████████████[38;2;0;0;0m██[38;2;156;140;53m██████[38;2;97;145;129m██[38;2;0;0;0m████[38;2;156;140;53m██[38;2;0;0;0m██[38;2;156;140;53m████[38;2;0;0;0m██[38;2;156;140;53m████[38;2;0;0;0m██[38;2;156;140;53m██████████[38;2;0;0;0m██                                      
                                [38;2;51;36;35m████[38;2;87;53;49m██[38;2;148;88;71m██████████[38;2;87;53;49m████[38;2;51;36;35m██[38;2;87;53;49m██████[38;2;0;0;0m██[38;2;156;140;53m████[38;2;0;0;0m████[38;2;156;140;53m████[38;2;0;0;0m██████          ██[38;2;186;170;162m██████████████[38;2;130;108;96m██[38;2;156;140;53m██[38;2;208;217;82m██████[38;2;156;140;53m████[38;2;208;217;82m██[38;2;0;0;0m██[38;2;156;140;53m██████████████████████[38;2;0;0;0m██████                                    
                                  [38;2;51;36;35m██[38;2;87;53;49m██[38;2;51;36;35m██████████████[38;2;87;53;49m████████[38;2;0;0;0m██[38;2;156;140;53m████[38;2;0;0;0m██[38;2;156;140;53m████[38;2;0;0;0m██[38;2;156;140;53m██████[38;2;0;0;0m██      [38;2;156;140;53m██[38;2;0;0;0m██[38;2;130;108;96m██[38;2;186;170;162m██████████[38;2;130;108;96m██[38;2;0;0;0m██[38;2;208;217;82m████████████[38;2;0;0;0m██[38;2;156;140;53m████████████████████████████[38;2;0;0;0m██                                    
                                  [38;2;51;36;35m██[38;2;148;88;71m██████████████[38;2;51;36;35m██[38;2;87;53;49m██████████[38;2;0;0;0m██[38;2;156;140;53m██████████████[38;2;0;0;0m██        [38;2;156;140;53m██[38;2;208;217;82m██[38;2;0;0;0m████[38;2;186;170;162m██████[38;2;0;0;0m████[38;2;208;217;82m████████████[38;2;156;140;53m████[38;2;0;0;0m██[38;2;156;140;53m██████████████[38;2;0;0;0m██[38;2;156;140;53m██████[38;2;0;0;0m████                                      
                                    [38;2;51;36;35m██[38;2;148;88;71m██████████████[38;2;87;53;49m██████████[38;2;0;0;0m██[38;2;156;140;53m██████████[38;2;0;0;0m████          [38;2;156;140;53m██[38;2;208;217;82m██████[38;2;0;0;0m██████[38;2;208;217;82m████████████[38;2;156;140;53m████[38;2;208;217;82m████[38;2;0;0;0m████[38;2;156;140;53m████[38;2;0;0;0m████[38;2;156;140;53m██████[38;2;0;0;0m██████                                          
                                    [38;2;51;36;35m██[38;2;87;53;49m██[38;2;148;88;71m████████████[38;2;51;36;35m██[38;2;87;53;49m██████████[38;2;0;0;0m██[38;2;156;140;53m██████████[38;2;0;0;0m██          ██[38;2;208;217;82m██████████████████████████████[38;2;0;0;0m██[38;2;186;170;162m████[38;2;0;0;0m████[38;2;186;170;162m████[38;2;0;0;0m██████[38;2;186;170;162m████[38;2;0;0;0m██                                          
                                      [38;2;51;36;35m████████████████████████[38;2;87;53;49m████[38;2;0;0;0m██████████              ██[38;2;208;217;82m██████████████[38;2;156;140;53m██[38;2;208;217;82m████████[38;2;0;0;0m████  ██████[38;2;186;170;162m████████[38;2;130;108;96m██[38;2;0;0;0m████████                                          
                                      [38;2;51;36;35m██[38;2;148;88;71m██████████████[38;2;51;36;35m██[38;2;87;53;49m████[38;2;51;36;35m██[38;2;87;53;49m██████[38;2;0;0;0m██[38;2;186;170;162m████[38;2;0;0;0m██                ████[38;2;208;217;82m████████████[38;2;156;140;53m██[38;2;0;0;0m██████            ██████████                                                  
                                        [38;2;51;36;35m██[38;2;87;53;49m██████████████[38;2;51;36;35m██[38;2;87;53;49m██[38;2;51;36;35m██[38;2;87;53;49m████████[38;2;0;0;0m██████              [38;2;130;108;96m██[38;2;186;170;162m████[38;2;0;0;0m██[38;2;208;217;82m██[38;2;156;140;53m████[38;2;208;217;82m██████[38;2;156;140;53m██[38;2;186;170;162m██[38;2;130;108;96m██                                                                        
                                          [38;2;0;0;0m██[38;2;87;53;49m██████████████[38;2;51;36;35m██[38;2;87;53;49m██████████[38;2;0;0;0m██                [38;2;130;108;96m██[38;2;186;170;162m██████[38;2;130;108;96m██[38;2;0;0;0m████[38;2;186;170;162m██[38;2;156;140;53m████████[38;2;229;224;214m████[38;2;130;108;96m██                                                                      
                                            [38;2;0;0;0m████[38;2;51;36;35m██████████[38;2;87;53;49m██[38;2;51;36;35m██[38;2;87;53;49m██████[38;2;0;0;0m██                    ██████[38;2;229;224;214m██████████[38;2;130;108;96m██[38;2;0;0;0m██████████                                                                      
                                                ████[38;2;87;53;49m████████████[38;2;0;0;0m████                            ██[38;2;229;224;214m██████[38;2;130;108;96m██[38;2;0;0;0m██                                                                                
                                                    ████████████                                  ████████                                                                                  
[0m