                                                                                                                              [38;2;87;87;94m████████████████████████████        
                                  [38;2;191;40;128m████                                                                                    [38;2;87;87;94m████[38;2;190;190;196m████[38;2;87;87;94m██[38;2;190;190;196m██████████████████████[38;2;87;87;94m██      
                            ██████[38;2;191;40;128m██[38;2;242;92;177m██[38;2;191;40;128m██[38;2;87;87;94m██████                                                                        ████[38;2;190;190;196m████[38;2;87;87;94m██████[38;2;140;140;150m████████████[38;2;87;87;94m██[38;2;16;16;16m████████        
                      [38;2;87;87;94m██████[38;2;190;190;196m██████[38;2;191;40;128m██[38;2;242;92;177m████[38;2;191;40;128m██[38;2;190;190;196m████[38;2;87;87;94m██████                                                              ████[38;2;190;190;196m████[38;2;87;87;94m██[38;2;140;140;150m████████[38;2;16;16;16m████████████                  
                    [38;2;87;87;94m██[38;2;190;190;196m██████[38;2;140;140;150m██████[38;2;191;40;128m██[38;2;242;92;177m████[38;2;191;40;128m██[38;2;190;190;196m██████████[38;2;87;87;94m██████                                                    ████[38;2;190;190;196m████[38;2;87;87;94m██[38;2;140;140;150m████████[38;2;16;16;16m████                              
                      ████████████[38;2;191;40;128m██[38;2;242;92;177m██████[38;2;191;40;128m██[38;2;140;140;150m██[38;2;190;190;196m████████████[38;2;191;40;128m██[38;2;87;87;94m██                                            ████[38;2;190;190;196m████[38;2;87;87;94m██[38;2;140;140;150m████████[38;2;16;16;16m████                                  
              [38;2;191;40;128m████                ██[38;2;242;92;177m████████[38;2;191;40;128m██[38;2;16;16;16m████[38;2;140;140;150m██[38;2;190;190;196m████[38;2;191;40;128m██[38;2;242;92;177m██[38;2;16;16;16m██[38;2;87;87;94m██                                        ██[38;2;190;190;196m██[38;2;87;87;94m████[38;2;140;140;150m████████[38;2;16;16;16m████                                      
              [38;2;191;40;128m██[38;2;242;92;177m██[38;2;191;40;128m████              ██[38;2;242;92;177m████████[38;2;191;40;128m██  [38;2;16;16;16m████[38;2;140;140;150m██[38;2;191;40;128m██[38;2;242;92;177m██[38;2;16;16;16m██[38;2;190;190;196m██[38;2;87;87;94m██                                    ██[38;2;190;190;196m████[38;2;87;87;94m██[38;2;140;140;150m████████[38;2;16;16;16m██                                          
                [38;2;191;40;128m██[38;2;242;92;177m████[38;2;191;40;128m████          ██[38;2;242;92;177m████████[38;2;191;40;128m██      ██[38;2;242;92;177m████[38;2;16;16;16m██[38;2;190;190;196m████[38;2;87;87;94m██                                ██[38;2;190;190;196m████[38;2;87;87;94m██[38;2;140;140;150m██[38;2;87;87;94m██[38;2;140;140;150m██[38;2;16;16;16m████                                            
                [38;2;191;40;128m██[38;2;242;92;177m████████[38;2;191;40;128m████      ██[38;2;242;92;177m████[38;2;235;235;235m██[38;2;242;92;177m████[38;2;191;40;128m██    ██[38;2;242;92;177m████[38;2;16;16;16m██[38;2;190;190;196m██████[38;2;87;87;94m██                            ██[38;2;190;190;196m████[38;2;87;87;94m██[38;2;140;140;150m██████[38;2;16;16;16m██                                                
                  [38;2;191;40;128m██[38;2;242;92;177m██████████[38;2;191;40;128m████  ██[38;2;242;92;177m████████████[38;2;191;40;128m██  ██[38;2;242;92;177m██████[38;2;16;16;16m██[38;2;190;190;196m██████[38;2;16;16;16m██                        [38;2;87;87;94m██[38;2;190;190;196m████[38;2;87;87;94m██[38;2;140;140;150m██████[38;2;16;16;16m██                  [38;2;87;87;94m██████████████                  
                    [38;2;191;40;128m██[38;2;242;92;177m████████████[38;2;191;40;128m████[38;2;242;92;177m██████████████[38;2;191;40;128m██[38;2;242;92;177m████████[38;2;16;16;16m██[38;2;140;140;150m██[38;2;190;190;196m██████[38;2;16;16;16m██                    [38;2;87;87;94m██[38;2;190;190;196m████[38;2;87;87;94m██[38;2;140;140;150m██████[38;2;16;16;16m██            [38;2;87;87;94m████████[38;2;190;190;196m██████████████[38;2;87;87;94m████              
                    [38;2;191;40;128m██[38;2;242;92;177m██████[38;2;235;235;235m██[38;2;242;92;177m████████[38;2;191;40;128m██[38;2;242;92;177m████████████[38;2;191;40;128m██[38;2;242;92;177m████████[38;2;16;16;16m████[38;2;140;140;150m██[38;2;87;87;94m████[38;2;190;190;196m██[38;2;16;16;16m██                [38;2;87;87;94m██[38;2;190;190;196m████[38;2;87;87;94m██[38;2;140;140;150m██████[38;2;16;16;16m██          [38;2;87;87;94m████[38;2;190;190;196m████████[38;2;140;140;150m████████████[38;2;87;87;94m██[38;2;190;190;196m████[38;2;87;87;94m████          
                      [38;2;191;40;128m██[38;2;242;92;177m██████████████[38;2;191;40;128m██[38;2;242;92;177m████████████[38;2;191;40;128m██[38;2;242;92;177m████[38;2;235;235;235m██[38;2;242;92;177m██[38;2;16;16;16m██[38;2;140;140;150m██[38;2;16;16;16m██[38;2;190;190;196m████[38;2;87;87;94m██[38;2;16;16;16m██                [38;2;87;87;94m████[38;2;140;140;150m████████[38;2;16;16;16m██          [38;2;87;87;94m██[38;2;190;190;196m████[38;2;87;87;94m██[38;2;140;140;150m████████[38;2;87;87;94m██[38;2;16;16;16m██████████[38;2;140;140;150m████[38;2;190;190;196m████[38;2;87;87;94m████      
                        [38;2;191;40;128m██[38;2;242;92;177m██████████████[38;2;191;40;128m██[38;2;242;92;177m████████[38;2;191;40;128m██[38;2;242;92;177m██████████[38;2;16;16;16m██[38;2;140;140;150m██[38;2;16;16;16m██[38;2;140;140;150m██[38;2;190;190;196m████[38;2;140;140;150m██[38;2;16;16;16m████          [38;2;87;87;94m██[38;2;190;190;196m██[38;2;87;87;94m████[38;2;140;140;150m████[38;2;16;16;16m██        [38;2;87;87;94m████[38;2;190;190;196m████[38;2;140;140;150m████[38;2;87;87;94m██[38;2;16;16;16m██████            ████[38;2;87;87;94m██[38;2;140;140;150m██[38;2;190;190;196m████[38;2;87;87;94m████  
                        [38;2;191;40;128m██[38;2;242;92;177m██████████████[38;2;191;40;128m██[38;2;242;92;177m████████[38;2;191;40;128m██[38;2;242;92;177m██████████[38;2;16;16;16m██[38;2;87;87;94m██[38;2;140;140;150m██[38;2;16;16;16m██[38;2;190;190;196m██[38;2;140;140;150m██[38;2;190;190;196m██[38;2;87;87;94m██[38;2;140;140;150m██[38;2;16;16;16m██        [38;2;87;87;94m██[38;2;190;190;196m██[38;2;87;87;94m██[38;2;140;140;150m██[38;2;87;87;94m██[38;2;16;16;16m██        [38;2;87;87;94m██[38;2;190;190;196m████[38;2;140;140;150m████████[38;2;16;16;16m██                        ████[38;2;87;87;94m██[38;2;190;190;196m████[38;2;87;87;94m██
                          [38;2;191;40;128m██[38;2;242;92;177m██████[38;2;235;235;235m██[38;2;242;92;177m██████[38;2;191;40;128m██[38;2;242;92;177m██████[38;2;191;40;128m██[38;2;242;92;177m██[38;2;235;235;235m██[38;2;242;92;177m██████[38;2;16;16;16m██  [38;2;87;87;94m██[38;2;16;16;16m██[38;2;140;140;150m██[38;2;190;190;196m██[38;2;140;140;150m██[38;2;87;87;94m██[38;2;140;140;150m██[38;2;16;16;16m██        [38;2;87;87;94m██[38;2;190;190;196m██[38;2;87;87;94m██[38;2;140;140;150m████[38;2;16;16;16m████    [38;2;87;87;94m██[38;2;190;190;196m████[38;2;140;140;150m██████[38;2;87;87;94m██[38;2;16;16;16m██                                ██████
              [38;2;191;40;128m████████████████[38;2;242;92;177m████████████[38;2;191;40;128m██[38;2;242;92;177m██████[38;2;191;40;128m██[38;2;242;92;177m██████████[38;2;16;16;16m██    ██[38;2;140;140;150m████████[38;2;87;87;94m██[38;2;140;140;150m██[38;2;16;16;16m████  [38;2;87;87;94m██[38;2;190;190;196m████[38;2;140;140;150m██████[38;2;16;16;16m██[38;2;242;92;177m██[38;2;16;16;16m████[38;2;190;190;196m██[38;2;140;140;150m████████[38;2;16;16;16m██                                          
      [38;2;191;40;128m████████[38;2;242;92;177m████████████████[38;2;191;40;128m██[38;2;242;92;177m████[38;2;71;81;148m██████████[38;2;191;40;128m██[38;2;242;92;177m██[38;2;191;40;128m██[38;2;242;92;177m████████[38;2;191;40;128m██████████████[38;2;140;140;150m████[38;2;87;87;94m██[38;2;140;140;150m██[38;2;87;87;94m██[38;2;140;140;150m██[38;2;16;16;16m██[38;2;87;87;94m██[38;2;190;190;196m██[38;2;87;87;94m██[38;2;140;140;150m██████[38;2;16;16;16m██[38;2;242;92;177m██████[38;2;16;16;16m████[38;2;140;140;150m████[38;2;16;16;16m██    ██                                      
    [38;2;191;40;128m██[38;2;242;92;177m████████████████████[38;2;235;235;235m██[38;2;242;92;177m████[38;2;71;81;148m████[38;2;111;139;209m██[38;2;156;182;247m██[38;2;111;139;209m██[38;2;71;81;148m██████████[38;2;242;92;177m██████[38;2;191;40;128m██[38;2;242;92;177m██████[38;2;235;235;235m██[38;2;242;92;177m████[38;2;16;16;16m██[38;2;87;87;94m██[38;2;140;140;150m██[38;2;87;87;94m██[38;2;140;140;150m████[38;2;87;87;94m██[38;2;140;140;150m██[38;2;87;87;94m██[38;2;190;190;196m██[38;2;87;87;94m██[38;2;140;140;150m████[38;2;16;16;16m██  ██[38;2;242;92;177m██[38;2;235;235;235m██[38;2;242;92;177m██[38;2;191;40;128m██[38;2;16;16;16m██[38;2;87;87;94m██    [38;2;16;16;16m██[38;2;242;92;177m██[38;2;16;16;16m██[38;2;87;87;94m██████████                          
      [38;2;16;16;16m██[38;2;191;40;128m██[38;2;242;92;177m████████████████████[38;2;71;81;148m██[38;2;156;182;247m██[38;2;111;139;209m██[38;2;156;182;247m██[38;2;111;139;209m██[38;2;71;81;148m██[38;2;111;139;209m██[38;2;156;182;247m██[38;2;111;139;209m██[38;2;156;182;247m██[38;2;111;139;209m██[38;2;71;81;148m██[38;2;242;92;177m██[38;2;191;40;128m██[38;2;242;92;177m████████████[38;2;16;16;16m██[38;2;140;140;150m████[38;2;87;87;94m████[38;2;140;140;150m████[38;2;87;87;94m██[38;2;140;140;150m██[38;2;87;87;94m██[38;2;190;190;196m██[38;2;87;87;94m██[38;2;140;140;150m████[38;2;16;16;16m██  ██[38;2;242;92;177m████████[38;2;191;40;128m██[38;2;16;16;16m██  ██[38;2;242;92;177m████[38;2;16;16;16m██[38;2;140;140;150m██████████[38;2;87;87;94m████                      
          [38;2;16;16;16m██[38;2;191;40;128m██[38;2;242;92;177m████[38;2;235;235;235m██[38;2;242;92;177m████████[38;2;71;81;148m██[38;2;156;182;247m██[38;2;111;139;209m██[38;2;156;182;247m██[38;2;111;139;209m██[38;2;71;81;148m██[38;2;111;139;209m██[38;2;156;182;247m██[38;2;71;81;148m████[38;2;111;139;209m██[38;2;156;182;247m██[38;2;111;139;209m██[38;2;71;81;148m██[38;2;242;92;177m████████████[38;2;16;16;16m████[38;2;140;140;150m████████[38;2;87;87;94m██[38;2;140;140;150m██[38;2;191;40;128m██████[38;2;190;190;196m██[38;2;87;87;94m██[38;2;140;140;150m████[38;2;16;16;16m██[38;2;87;87;94m██[38;2;140;140;150m██[38;2;16;16;16m██[38;2;242;92;177m████████[38;2;191;40;128m██[38;2;16;16;16m██[38;2;191;40;128m██[38;2;242;92;177m████[38;2;191;40;128m██[38;2;16;16;16m██[38;2;140;140;150m████████[38;2;87;87;94m██[38;2;140;140;150m██[38;2;87;87;94m████                  
              [38;2;16;16;16m████[38;2;242;92;177m██████████[38;2;71;81;148m██[38;2;111;139;209m██[38;2;156;182;247m██[38;2;111;139;209m██[38;2;71;81;148m██[38;2;111;139;209m██[38;2;156;182;247m██[38;2;79;74;73m██████[38;2;71;81;148m██[38;2;111;139;209m██[38;2;156;182;247m██[38;2;71;81;148m██[38;2;242;92;177m██[38;2;235;235;235m██[38;2;242;92;177m██████[38;2;16;16;16m██[38;2;79;74;73m██[38;2;16;16;16m██[38;2;140;140;150m██[38;2;16;16;16m████[38;2;140;140;150m████[38;2;16;16;16m██[38;2;242;92;177m██████[38;2;191;40;128m████████[38;2;16;16;16m██[38;2;140;140;150m████[38;2;16;16;16m██[38;2;242;92;177m██[38;2;191;40;128m██████████[38;2;242;92;177m██████[38;2;191;40;128m██[38;2;16;16;16m██████████[38;2;140;140;150m████████[38;2;87;87;94m████              
                  [38;2;16;16;16m████[38;2;242;92;177m████[38;2;71;81;148m██[38;2;111;139;209m██[38;2;156;182;247m██[38;2;111;139;209m██[38;2;156;182;247m██[38;2;71;81;148m██[38;2;156;182;247m██[38;2;71;81;148m██[38;2;79;74;73m████████[38;2;156;182;247m██[38;2;111;139;209m██[38;2;156;182;247m██[38;2;71;81;148m██[38;2;242;92;177m██████[38;2;16;16;16m██[38;2;79;74;73m████[38;2;54;47;46m██[38;2;16;16;16m██[38;2;79;74;73m██[38;2;16;16;16m██[38;2;140;140;150m████[38;2;87;87;94m██[38;2;16;16;16m██[38;2;242;92;177m██████[38;2;235;235;235m██[38;2;242;92;177m████[38;2;191;40;128m██████████[38;2;235;235;235m██[38;2;242;92;177m████████[38;2;191;40;128m████[38;2;242;92;177m████[38;2;16;16;16m██[38;2;87;87;94m██      [38;2;16;16;16m████[38;2;140;140;150m████████[38;2;87;87;94m██            
                      [38;2;191;40;128m████[38;2;71;81;148m██[38;2;156;182;247m██[38;2;111;139;209m██[38;2;156;182;247m██[38;2;71;81;148m██[38;2;156;182;247m██[38;2;111;139;209m██[38;2;79;74;73m██[38;2;191;40;128m██[38;2;242;92;177m██[38;2;79;74;73m██[38;2;71;81;148m██[38;2;111;139;209m██[38;2;156;182;247m██[38;2;111;139;209m██[38;2;71;81;148m██[38;2;242;92;177m████[38;2;16;16;16m████████[38;2;54;47;46m██[38;2;79;74;73m████[38;2;16;16;16m██[38;2;140;140;150m██[38;2;87;87;94m██[38;2;140;140;150m████[38;2;16;16;16m██[38;2;191;40;128m██[38;2;242;92;177m████████████[38;2;191;40;128m██[38;2;242;92;177m████[38;2;71;81;148m████████[38;2;242;92;177m████[38;2;235;235;235m██[38;2;191;40;128m██[38;2;242;92;177m██[38;2;191;40;128m██[38;2;140;140;150m██[38;2;87;87;94m██        [38;2;16;16;16m████[38;2;140;140;150m████[38;2;87;87;94m████          
                    [38;2;191;40;128m██[38;2;242;92;177m████[38;2;71;81;148m██[38;2;111;139;209m██[38;2;156;182;247m██[38;2;111;139;209m██[38;2;71;81;148m██[38;2;111;139;209m██[38;2;156;182;247m██[38;2;79;74;73m██[38;2;242;92;177m████[38;2;79;74;73m██[38;2;111;139;209m██[38;2;156;182;247m██[38;2;111;139;209m██[38;2;156;182;247m██[38;2;71;81;148m██[38;2;191;40;128m████[38;2;16;16;16m██      ██[38;2;79;74;73m██[38;2;54;47;46m██[38;2;79;74;73m██[38;2;16;16;16m██[38;2;190;190;196m████[38;2;140;140;150m██████[38;2;16;16;16m██[38;2;242;92;177m████[38;2;235;235;235m██[38;2;242;92;177m██[38;2;191;40;128m██[38;2;242;92;177m██[38;2;71;81;148m████[38;2;156;182;247m██[38;2;111;139;209m██[38;2;156;182;247m██[38;2;111;139;209m██[38;2;71;81;148m████[38;2;242;92;177m████[38;2;191;40;128m████[38;2;140;140;150m████[38;2;87;87;94m██          [38;2;16;16;16m██[38;2;87;87;94m██[38;2;140;140;150m██[38;2;190;190;196m██[38;2;87;87;94m██        
                [38;2;191;40;128m████[38;2;242;92;177m████████[38;2;71;81;148m██[38;2;111;139;209m██[38;2;156;182;247m██[38;2;111;139;209m██[38;2;156;182;247m██[38;2;111;139;209m██[38;2;79;74;73m██████[38;2;111;139;209m██[38;2;156;182;247m██[38;2;111;139;209m██[38;2;156;182;247m██[38;2;111;139;209m██[38;2;16;16;16m██[38;2;242;92;177m████[38;2;191;40;128m██[38;2;16;16;16m██  [38;2;87;87;94m██[38;2;190;190;196m██[38;2;16;16;16m██[38;2;54;47;46m██[38;2;79;74;73m██[38;2;16;16;16m██[38;2;190;190;196m██████[38;2;87;87;94m████[38;2;140;140;150m██[38;2;16;16;16m██[38;2;191;40;128m██[38;2;242;92;177m████[38;2;191;40;128m██[38;2;71;81;148m██[38;2;111;139;209m██[38;2;156;182;247m██[38;2;111;139;209m██[38;2;156;182;247m██[38;2;111;139;209m██[38;2;156;182;247m██[38;2;111;139;209m██[38;2;156;182;247m██[38;2;71;81;148m██[38;2;242;92;177m████[38;2;191;40;128m████████            [38;2;16;16;16m████[38;2;140;140;150m██[38;2;190;190;196m██[38;2;87;87;94m██      
              [38;2;191;40;128m██[38;2;242;92;177m████████████[38;2;71;81;148m██[38;2;156;182;247m██[38;2;111;139;209m██[38;2;156;182;247m██[38;2;111;139;209m██[38;2;156;182;247m██[38;2;111;139;209m██[38;2;156;182;247m██[38;2;111;139;209m██[38;2;156;182;247m██[38;2;16;16;16m████[38;2;111;139;209m██[38;2;156;182;247m██[38;2;16;16;16m██[38;2;242;92;177m██████[38;2;16;16;16m██[38;2;87;87;94m████[38;2;190;190;196m██[38;2;16;16;16m██[38;2;79;74;73m██[38;2;16;16;16m██[38;2;190;190;196m████[38;2;87;87;94m████[38;2;140;140;150m██████████[38;2;16;16;16m██[38;2;191;40;128m██[38;2;71;81;148m██[38;2;111;139;209m██[38;2;156;182;247m██[38;2;235;235;235m██[38;2;156;182;247m██[38;2;111;139;209m██[38;2;156;182;247m██[38;2;79;74;73m████[38;2;111;139;209m██[38;2;156;182;247m██[38;2;71;81;148m██[38;2;242;92;177m██[38;2;191;40;128m██[38;2;242;92;177m██████[38;2;191;40;128m████            [38;2;16;16;16m██[38;2;140;140;150m██[38;2;190;190;196m██[38;2;87;87;94m██    
          [38;2;191;40;128m████[38;2;242;92;177m██████[38;2;235;235;235m██[38;2;242;92;177m████[38;2;71;81;148m██[38;2;156;182;247m██[38;2;235;235;235m██[38;2;156;182;247m██[38;2;111;139;209m██[38;2;156;182;247m██[38;2;111;139;209m██[38;2;156;182;247m██[38;2;111;139;209m██[38;2;16;16;16m████[38;2;90;90;97m████[38;2;16;16;16m████[38;2;242;92;177m██████████[38;2;16;16;16m██[38;2;190;190;196m██[38;2;140;140;150m██[38;2;190;190;196m██[38;2;16;16;16m██[38;2;190;190;196m████[38;2;140;140;150m██[38;2;190;190;196m████[38;2;140;140;150m████[38;2;191;40;128m██████[38;2;242;92;177m██[38;2;191;40;128m██[38;2;71;81;148m██[38;2;156;182;247m██[38;2;235;235;235m██[38;2;156;182;247m██[38;2;111;139;209m██[38;2;156;182;247m██[38;2;71;81;148m██[38;2;79;74;73m██████[38;2;111;139;209m██[38;2;71;81;148m██[38;2;242;92;177m████[38;2;191;40;128m██[38;2;242;92;177m████████[38;2;16;16;16m██            ██[38;2;87;87;94m██[38;2;190;190;196m██[38;2;87;87;94m██  
        [38;2;191;40;128m██[38;2;242;92;177m██████████████[38;2;71;81;148m██[38;2;156;182;247m██[38;2;235;235;235m██[38;2;156;182;247m██[38;2;111;139;209m██[38;2;156;182;247m██[38;2;111;139;209m██[38;2;156;182;247m██[38;2;111;139;209m██[38;2;16;16;16m██[38;2;142;142;153m██[38;2;90;90;97m██████[38;2;193;193;199m██[38;2;16;16;16m██[38;2;242;92;177m██████[38;2;235;235;235m██[38;2;242;92;177m████[38;2;16;16;16m██[38;2;140;140;150m██[38;2;190;190;196m██████[38;2;140;140;150m██[38;2;190;190;196m██[38;2;191;40;128m████████[38;2;242;92;177m████████[38;2;71;81;148m██[38;2;156;182;247m██[38;2;111;139;209m██[38;2;156;182;247m██[38;2;111;139;209m██[38;2;156;182;247m██[38;2;111;139;209m██[38;2;79;74;73m██████[38;2;71;81;148m██[38;2;156;182;247m██[38;2;111;139;209m██[38;2;71;81;148m██[38;2;242;92;177m██[38;2;191;40;128m██[38;2;235;235;235m██[38;2;242;92;177m████[38;2;16;16;16m██                  ██[38;2;190;190;196m██[38;2;87;87;94m██
          [38;2;16;16;16m██████████████[38;2;71;81;148m██[38;2;111;139;209m██[38;2;156;182;247m██[38;2;111;139;209m██[38;2;156;182;247m██[38;2;111;139;209m██[38;2;156;182;247m██[38;2;111;139;209m██[38;2;16;16;16m██[38;2;142;142;153m██[38;2;90;90;97m██[38;2;142;142;153m██[38;2;90;90;97m████[38;2;193;193;199m██[38;2;16;16;16m██████[38;2;242;92;177m████[38;2;16;16;16m████[38;2;190;190;196m████████████[38;2;191;40;128m██[38;2;242;92;177m██████████[38;2;235;235;235m██[38;2;242;92;177m████[38;2;71;81;148m██[38;2;111;139;209m██[38;2;156;182;247m██[38;2;111;139;209m██[38;2;156;182;247m██[38;2;111;139;209m██[38;2;156;182;247m██[38;2;111;139;209m██[38;2;156;182;247m██[38;2;111;139;209m██[38;2;156;182;247m██[38;2;111;139;209m██[38;2;156;182;247m██[38;2;71;81;148m██[38;2;242;92;177m██[38;2;191;40;128m██[38;2;242;92;177m██[38;2;16;16;16m████                      ████
                        [38;2;71;81;148m██[38;2;156;182;247m██[38;2;111;139;209m██[38;2;156;182;247m██[38;2;111;139;209m██[38;2;156;182;247m██[38;2;111;139;209m██[38;2;16;16;16m██[38;2;142;142;153m██████[38;2;90;90;97m████[38;2;193;193;199m██[38;2;16;16;16m██      ████[38;2;190;190;196m██████████████████[38;2;16;16;16m██████[38;2;242;92;177m██████████[38;2;71;81;148m██[38;2;156;182;247m██[38;2;111;139;209m██[38;2;156;182;247m██[38;2;111;139;209m██[38;2;156;182;247m██[38;2;111;139;209m██[38;2;156;182;247m██[38;2;111;139;209m██[38;2;16;16;16m████[38;2;156;182;247m██[38;2;111;139;209m██[38;2;71;81;148m██[38;2;242;92;177m██[38;2;191;40;128m██[38;2;16;16;16m██                              
          [38;2;191;40;128m████            [38;2;71;81;148m██[38;2;156;182;247m██[38;2;16;16;16m██████[38;2;156;182;247m██[38;2;16;16;16m██[38;2;142;142;153m████[38;2;90;90;97m██[38;2;193;193;199m██████[38;2;16;16;16m██      [38;2;87;87;94m██[38;2;190;190;196m██████████████████████████[38;2;16;16;16m████████[38;2;242;92;177m██[38;2;71;81;148m██[38;2;111;139;209m██[38;2;156;182;247m██[38;2;111;139;209m██[38;2;156;182;247m██[38;2;16;16;16m██████[38;2;90;90;97m██████[38;2;16;16;16m████[38;2;242;92;177m██[38;2;191;40;128m██[38;2;242;92;177m██[38;2;191;40;128m██                              
        [38;2;16;16;16m██[38;2;242;92;177m████[38;2;191;40;128m██[38;2;87;87;94m████        [38;2;16;16;16m████    ████[38;2;90;90;97m██[38;2;142;142;153m████[38;2;90;90;97m██[38;2;193;193;199m██[38;2;16;16;16m██        [38;2;87;87;94m██[38;2;190;190;196m██████████████████████████████[38;2;140;140;150m████[38;2;191;40;128m██[38;2;242;92;177m██[38;2;16;16;16m████████[38;2;90;90;97m██[38;2;142;142;153m██[38;2;90;90;97m██[38;2;142;142;153m██[38;2;90;90;97m████[38;2;193;193;199m██[38;2;16;16;16m██[38;2;242;92;177m██[38;2;191;40;128m██[38;2;242;92;177m████[38;2;191;40;128m██                            
          [38;2;16;16;16m██[38;2;242;92;177m██████[38;2;191;40;128m██[38;2;87;87;94m████              [38;2;90;90;97m██[38;2;193;193;199m████████[38;2;16;16;16m██        [38;2;87;87;94m██[38;2;190;190;196m██████[38;2;87;87;94m██[38;2;190;190;196m████████████[38;2;16;16;16m██[38;2;190;190;196m████████████[38;2;191;40;128m██[38;2;242;92;177m██[38;2;235;235;235m██[38;2;242;92;177m██[38;2;191;40;128m██[38;2;242;92;177m██[38;2;16;16;16m██[38;2;90;90;97m██[38;2;142;142;153m████[38;2;90;90;97m██[38;2;142;142;153m██[38;2;90;90;97m██[38;2;193;193;199m██[38;2;16;16;16m██[38;2;191;40;128m██[38;2;242;92;177m██[38;2;235;235;235m██[38;2;242;92;177m██[38;2;191;40;128m██                            
            [38;2;16;16;16m██[38;2;242;92;177m██[38;2;235;235;235m██[38;2;242;92;177m████[38;2;191;40;128m██[38;2;87;87;94m████            [38;2;16;16;16m████████          [38;2;87;87;94m██[38;2;190;190;196m████[38;2;16;16;16m██[38;2;87;87;94m██[38;2;190;190;196m██████████[38;2;16;16;16m██[38;2;79;74;73m██[38;2;16;16;16m██[38;2;190;190;196m████████[38;2;191;40;128m██[38;2;242;92;177m██████████[38;2;16;16;16m████[38;2;90;90;97m██[38;2;142;142;153m██████[38;2;90;90;97m██[38;2;193;193;199m██[38;2;16;16;16m██[38;2;242;92;177m██[38;2;16;16;16m████[38;2;242;92;177m██████[38;2;191;40;128m██                          
              [38;2;16;16;16m██[38;2;242;92;177m██████[38;2;235;235;235m██[38;2;242;92;177m██[38;2;191;40;128m██[38;2;87;87;94m████                          ██[38;2;190;190;196m██[38;2;16;16;16m██  [38;2;87;87;94m██[38;2;190;190;196m██████████[38;2;16;16;16m██[38;2;79;74;73m████[38;2;16;16;16m██[38;2;190;190;196m████[38;2;191;40;128m██[38;2;242;92;177m██████[38;2;16;16;16m██████[38;2;142;142;153m██[38;2;16;16;16m██[38;2;193;193;199m██[38;2;142;142;153m████[38;2;90;90;97m██[38;2;193;193;199m████[38;2;16;16;16m████    ████████                          
  [38;2;191;40;128m██████████████[38;2;16;16;16m██[38;2;242;92;177m██████[38;2;87;87;94m████████████████                  ██[38;2;16;16;16m████  [38;2;87;87;94m██[38;2;190;190;196m████████[38;2;16;16;16m██[38;2;79;74;73m████████[38;2;16;16;16m██[38;2;190;190;196m████[38;2;16;16;16m██████[38;2;242;92;177m████[38;2;191;40;128m██[38;2;142;142;153m████[38;2;193;193;199m██[38;2;90;90;97m████[38;2;193;193;199m████[38;2;16;16;16m██                                          
[38;2;191;40;128m██[38;2;242;92;177m██████████[38;2;235;235;235m██[38;2;242;92;177m████[38;2;191;40;128m██[38;2;242;92;177m██[38;2;87;87;94m██[38;2;190;190;196m████████████████[38;2;87;87;94m████            ██[38;2;190;190;196m████[38;2;16;16;16m██    [38;2;87;87;94m██[38;2;190;190;196m██████[38;2;16;16;16m██[38;2;79;74;73m██████████[38;2;16;16;16m████[38;2;190;190;196m████[38;2;16;16;16m██[38;2;242;92;177m████[38;2;191;40;128m██[38;2;142;142;153m████[38;2;16;16;16m██[38;2;193;193;199m████[38;2;16;16;16m████[38;2;90;90;97m████                                        
  [38;2;16;16;16m██████[38;2;242;92;177m████████████[38;2;191;40;128m██[38;2;242;92;177m██[38;2;16;16;16m████[38;2;190;190;196m██████████████[38;2;140;140;150m██[38;2;87;87;94m████  ██████[38;2;190;190;196m████[38;2;16;16;16m██      [38;2;87;87;94m██[38;2;190;190;196m████[38;2;16;16;16m██[38;2;191;40;128m██[38;2;54;47;46m██[38;2;79;74;73m████████[38;2;54;47;46m██[38;2;79;74;73m██[38;2;16;16;16m██████[38;2;191;40;128m██████[38;2;142;142;153m██████[38;2;16;16;16m████[38;2;54;47;46m██[38;2;90;90;97m██[38;2;142;142;153m████[38;2;90;90;97m██                                      
        [38;2;16;16;16m██████[38;2;242;92;177m████[38;2;191;40;128m██[38;2;242;92;177m██[38;2;71;81;148m████[38;2;111;139;209m██[38;2;16;16;16m████[38;2;190;190;196m██████████[38;2;140;140;150m██████[38;2;87;87;94m██[38;2;190;190;196m████[38;2;54;47;46m████[38;2;140;140;150m██[38;2;16;16;16m██      [38;2;87;87;94m██[38;2;190;190;196m██[38;2;16;16;16m██[38;2;242;92;177m██[38;2;191;40;128m██[38;2;79;74;73m██[38;2;54;47;46m██[38;2;79;74;73m██████[38;2;54;47;46m██[38;2;79;74;73m████[38;2;191;40;128m██[38;2;242;92;177m██[38;2;235;235;235m██[38;2;242;92;177m████[38;2;191;40;128m██[38;2;142;142;153m██████[38;2;16;16;16m██[38;2;54;47;46m██[38;2;90;90;97m██[38;2;142;142;153m██████[38;2;90;90;97m██                                    
              [38;2;16;16;16m████[38;2;191;40;128m██[38;2;71;81;148m██[38;2;156;182;247m██[38;2;111;139;209m██[38;2;156;182;247m██[38;2;111;139;209m██[38;2;156;182;247m██[38;2;16;16;16m████████████[38;2;87;87;94m██[38;2;140;140;150m████[38;2;87;87;94m██[38;2;190;190;196m████[38;2;54;47;46m██[38;2;16;16;16m██          ██[38;2;242;92;177m████[38;2;191;40;128m██[38;2;79;74;73m██[38;2;54;47;46m██[38;2;79;74;73m██████[38;2;54;47;46m██[38;2;79;74;73m████[38;2;191;40;128m██[38;2;242;92;177m████████[38;2;191;40;128m██[38;2;142;142;153m████████[38;2;16;16;16m██[38;2;90;90;97m██[38;2;142;142;153m████████[38;2;90;90;97m██                                  
                  [38;2;71;81;148m██[38;2;156;182;247m██[38;2;235;235;235m██[38;2;156;182;247m██[38;2;71;81;148m██[38;2;79;74;73m██[38;2;71;81;148m██[38;2;156;182;247m██[38;2;111;139;209m██[38;2;87;87;94m████[38;2;190;190;196m████[38;2;140;140;150m██████[38;2;87;87;94m██[38;2;140;140;150m████[38;2;16;16;16m██              [38;2;191;40;128m██████[38;2;79;74;73m████[38;2;54;47;46m██[38;2;79;74;73m██████[38;2;54;47;46m██[38;2;79;74;73m████[38;2;191;40;128m██[38;2;242;92;177m████████[38;2;191;40;128m██[38;2;142;142;153m████████[38;2;16;16;16m██[38;2;142;142;153m████████[38;2;90;90;97m██                                  
              [38;2;191;40;128m██[38;2;71;81;148m██[38;2;156;182;247m██[38;2;235;235;235m██[38;2;156;182;247m██[38;2;71;81;148m██[38;2;79;74;73m██████[38;2;87;87;94m████[38;2;190;190;196m████████[38;2;140;140;150m██[38;2;87;87;94m██[38;2;140;140;150m██[38;2;87;87;94m██[38;2;140;140;150m██[38;2;16;16;16m██                ██[38;2;242;92;177m██[38;2;235;235;235m██[38;2;191;40;128m██[38;2;79;74;73m██[38;2;54;47;46m██[38;2;79;74;73m██████[38;2;54;47;46m██[38;2;79;74;73m████[38;2;191;40;128m████████[38;2;235;235;235m██[38;2;242;92;177m██[38;2;191;40;128m██[38;2;142;142;153m██████[38;2;16;16;16m██[38;2;142;142;153m██████████[38;2;90;90;97m██                                
          [38;2;191;40;128m████[38;2;242;92;177m██[38;2;71;81;148m██[38;2;111;139;209m██[38;2;156;182;247m██[38;2;111;139;209m██[38;2;79;74;73m██████[38;2;87;87;94m██[38;2;190;190;196m██████████[38;2;140;140;150m██[38;2;16;16;16m██[38;2;140;140;150m████[38;2;16;16;16m████                    ██[38;2;242;92;177m████[38;2;54;47;46m██[38;2;79;74;73m██[38;2;54;47;46m██[38;2;79;74;73m██████[38;2;16;16;16m██[38;2;79;74;73m████[38;2;191;40;128m██[38;2;242;92;177m██████████[38;2;191;40;128m██[38;2;142;142;153m████[38;2;16;16;16m██[38;2;142;142;153m██████████[38;2;90;90;97m██                                
      [38;2;191;40;128m████[38;2;235;235;235m██[38;2;242;92;177m██[38;2;71;81;148m██[38;2;111;139;209m██[38;2;156;182;247m██[38;2;111;139;209m██[38;2;156;182;247m██[38;2;111;139;209m██[38;2;156;182;247m██[38;2;111;139;209m██[38;2;156;182;247m██[38;2;16;16;16m████████████[38;2;140;140;150m████[38;2;16;16;16m██                        [38;2;90;90;97m██[38;2;16;16;16m██[38;2;191;40;128m████[38;2;54;47;46m██[38;2;16;16;16m██[38;2;79;74;73m████████[38;2;16;16;16m██[38;2;54;47;46m████[38;2;191;40;128m██[38;2;242;92;177m██████[38;2;191;40;128m██████[38;2;16;16;16m██  [38;2;90;90;97m██[38;2;142;142;153m████████[38;2;193;193;199m██[38;2;90;90;97m██                              
    [38;2;191;40;128m██[38;2;242;92;177m████████[38;2;71;81;148m██[38;2;156;182;247m██[38;2;111;139;209m██[38;2;156;182;247m██[38;2;111;139;209m██[38;2;156;182;247m██[38;2;16;16;16m██████[38;2;156;182;247m██[38;2;111;139;209m██[38;2;156;182;247m██[38;2;87;87;94m██[38;2;190;190;196m██████[38;2;140;140;150m██[38;2;16;16;16m██                        [38;2;90;90;97m██[38;2;142;142;153m██[38;2;16;16;16m██[38;2;242;92;177m██[38;2;191;40;128m██[38;2;54;47;46m██[38;2;16;16;16m██[38;2;54;47;46m████████[38;2;16;16;16m████[38;2;54;47;46m████[38;2;191;40;128m██[38;2;235;235;235m██[38;2;242;92;177m████[38;2;16;16;16m██[38;2;90;90;97m██  [38;2;16;16;16m██[38;2;142;142;153m██████[38;2;193;193;199m████[38;2;90;90;97m██                              
      [38;2;16;16;16m████████[38;2;71;81;148m██[38;2;111;139;209m██[38;2;156;182;247m██[38;2;16;16;16m██████[38;2;90;90;97m██████[38;2;16;16;16m██[38;2;156;182;247m██[38;2;111;139;209m██[38;2;87;87;94m██[38;2;190;190;196m██████[38;2;16;16;16m██                        [38;2;90;90;97m██[38;2;142;142;153m████[38;2;90;90;97m██[38;2;16;16;16m████[38;2;191;40;128m██[38;2;16;16;16m██[38;2;54;47;46m████████████[38;2;16;16;16m████[38;2;54;47;46m████[38;2;16;16;16m████[38;2;142;142;153m██[38;2;90;90;97m██  [38;2;16;16;16m██[38;2;193;193;199m██████████[38;2;90;90;97m██                              
              [38;2;16;16;16m██████[38;2;191;40;128m██[38;2;242;92;177m██[38;2;90;90;97m██[38;2;142;142;153m██[38;2;90;90;97m██████[38;2;16;16;16m██[38;2;87;87;94m██[38;2;190;190;196m██████[38;2;140;140;150m██[38;2;16;16;16m██                        [38;2;90;90;97m██[38;2;142;142;153m██[38;2;90;90;97m██[38;2;142;142;153m██████[38;2;16;16;16m████[38;2;54;47;46m████████████████[38;2;16;16;16m████[38;2;191;40;128m██[38;2;142;142;153m████[38;2;90;90;97m██    ██[38;2;193;193;199m████████[38;2;90;90;97m██                              
                  [38;2;191;40;128m██[38;2;242;92;177m██[38;2;90;90;97m██[38;2;142;142;153m██████[38;2;90;90;97m████[38;2;193;193;199m██[38;2;87;87;94m██[38;2;190;190;196m████[38;2;16;16;16m████                          [38;2;90;90;97m██[38;2;142;142;153m██[38;2;90;90;97m██[38;2;142;142;153m██████████[38;2;16;16;16m████████████████[38;2;242;92;177m████[38;2;191;40;128m██[38;2;142;142;153m████[38;2;90;90;97m██    [38;2;16;16;16m██[38;2;193;193;199m████[38;2;142;142;153m██[38;2;193;193;199m██[38;2;16;16;16m██                              
                [38;2;191;40;128m██[38;2;242;92;177m██[38;2;235;235;235m██[38;2;90;90;97m██[38;2;142;142;153m██[38;2;90;90;97m████[38;2;193;193;199m████[38;2;87;87;94m██[38;2;190;190;196m██[38;2;16;16;16m████                              [38;2;90;90;97m██[38;2;142;142;153m██[38;2;90;90;97m██[38;2;142;142;153m██████████[38;2;90;90;97m██      [38;2;16;16;16m██[38;2;142;142;153m██[38;2;191;40;128m██[38;2;242;92;177m████[38;2;235;235;235m██[38;2;191;40;128m██[38;2;142;142;153m████[38;2;90;90;97m██    [38;2;16;16;16m██[38;2;193;193;199m████[38;2;90;90;97m██[38;2;193;193;199m██[38;2;16;16;16m██                              
              [38;2;191;40;128m██[38;2;242;92;177m████[38;2;16;16;16m████[38;2;193;193;199m████████[38;2;16;16;16m██████                                  [38;2;90;90;97m██[38;2;142;142;153m██[38;2;90;90;97m██[38;2;142;142;153m██████████[38;2;90;90;97m██      [38;2;16;16;16m██[38;2;142;142;153m██[38;2;191;40;128m██[38;2;242;92;177m██████[38;2;191;40;128m██[38;2;142;142;153m████[38;2;16;16;16m██      ██[38;2;193;193;199m██[38;2;90;90;97m██[38;2;16;16;16m██                                
              ██████    ████████                                        [38;2;90;90;97m██[38;2;142;142;153m██████████████[38;2;90;90;97m██        [38;2;16;16;16m██[38;2;142;142;153m██[38;2;235;235;235m██[38;2;242;92;177m████[38;2;191;40;128m██[38;2;142;142;153m████[38;2;16;16;16m██      ██[38;2;193;193;199m██[38;2;90;90;97m██[38;2;16;16;16m██                                
                                                                          [38;2;90;90;97m██[38;2;193;193;199m██[38;2;142;142;153m██████████[38;2;16;16;16m██        ██[38;2;142;142;153m██[38;2;242;92;177m██████[38;2;191;40;128m██[38;2;142;142;153m██[38;2;54;47;46m██[38;2;16;16;16m██        ████                                  
                                                                          [38;2;90;90;97m██[38;2;193;193;199m██[38;2;142;142;153m████████[38;2;90;90;97m██[38;2;16;16;16m██          ██[38;2;191;40;128m██████[38;2;54;47;46m██████                                                
                                                                            [38;2;90;90;97m██[38;2;193;193;199m██[38;2;142;142;153m██[38;2;90;90;97m██[38;2;142;142;153m██[38;2;90;90;97m██[38;2;16;16;16m██        ██[38;2;142;142;153m██[38;2;242;92;177m██████[38;2;191;40;128m██[38;2;142;142;153m██[38;2;16;16;16m██                                                
                                                                            [38;2;90;90;97m██[38;2;193;193;199m██[38;2;142;142;153m██[38;2;90;90;97m██[38;2;142;142;153m██[38;2;16;16;16m██          ██[38;2;142;142;153m██[38;2;242;92;177m██[38;2;235;235;235m██[38;2;242;92;177m██[38;2;191;40;128m██[38;2;142;142;153m██[38;2;16;16;16m██                                                
                                                                              ██[38;2;193;193;199m██[38;2;90;90;97m██[38;2;16;16;16m██            ██[38;2;191;40;128m██[38;2;242;92;177m████[38;2;191;40;128m██[38;2;142;142;153m████[38;2;16;16;16m██                                                
                                                                                ████              ██[38;2;191;40;128m██[38;2;242;92;177m████[38;2;191;40;128m██[38;2;142;142;153m██[38;2;16;16;16m██                                                  
                                                                                                    [38;2;191;40;128m██████[38;2;142;142;153m████[38;2;16;16;16m██                                                  
                                                                                                  [38;2;191;40;128m██[38;2;242;92;177m████[38;2;191;40;128m██[38;2;54;47;46m████[38;2;16;16;16m██                                                  
                                                                                                  [38;2;191;40;128m██[38;2;235;235;235m██[38;2;242;92;177m██[38;2;191;40;128m██[38;2;142;142;153m██[38;2;16;16;16m██                                                    
                                                                                                [38;2;87;87;94m██[38;2;242;92;177m████[38;2;191;40;128m██[38;2;193;193;199m██[38;2;142;142;153m██[38;2;16;16;16m██                                                    
                                                                                                [38;2;87;87;94m██[38;2;191;40;128m██[38;2;142;142;153m██[38;2;193;193;199m████[38;2;16;16;16m██                                                      
                                                                                              [38;2;87;87;94m██[38;2;190;190;196m████[38;2;142;142;153m██[38;2;193;193;199m██[38;2;142;142;153m██[38;2;16;16;16m██                                                      
                                                                                            [38;2;87;87;94m██[38;2;190;190;196m██[38;2;140;140;150m██[38;2;190;190;196m████[38;2;142;142;153m██[38;2;16;16;16m██                                                        
                                                                                            [38;2;87;87;94m██[38;2;140;140;150m██[38;2;190;190;196m██████[38;2;16;16;16m██                                                          
                                                                                            ██[38;2;190;190;196m██[38;2;140;140;150m██[38;2;190;190;196m██[38;2;16;16;16m██                                                            
                                                                                            ██[38;2;87;87;94m██[38;2;190;190;196m██[38;2;16;16;16m██                                                              
                                                                                              ████                                                                
[0m