                                  [38;2;115;115;115m██████        [38;2;120;120;120m██                  ██              [38;2;115;115;115m██████                                                                
                                ██[38;2;250;250;250m██████[38;2;115;115;115m██    [38;2;120;120;120m██[38;2;209;209;209m██[38;2;120;120;120m██  ██          [38;2;0;0;0m██[38;2;209;209;209m██[38;2;120;120;120m██          [38;2;115;115;115m██[38;2;250;250;250m██████[38;2;115;115;115m██                                                              
                              ██[38;2;250;250;250m██████████[38;2;115;115;115m██  [38;2;120;120;120m██[38;2;209;209;209m████[38;2;120;120;120m██[38;2;166;166;166m██[38;2;120;120;120m██      [38;2;0;0;0m██[38;2;120;120;120m██[38;2;209;209;209m██[38;2;166;166;166m██[38;2;120;120;120m████    [38;2;115;115;115m██[38;2;250;250;250m██████████[38;2;115;115;115m██                                                            
                            ██[38;2;250;250;250m██████████████[38;2;0;0;0m██[38;2;166;166;166m████[38;2;209;209;209m██[38;2;166;166;166m████[38;2;120;120;120m██[38;2;17;107;146m████[38;2;120;120;120m████[38;2;166;166;166m████████[38;2;120;120;120m██[38;2;17;107;146m██[38;2;115;115;115m██[38;2;250;250;250m██████████████[38;2;0;0;0m██            [38;2;17;107;146m████                                          
                            [38;2;115;115;115m██[38;2;250;250;250m████[38;2;0;0;0m██[38;2;250;250;250m██████[38;2;198;198;198m██[38;2;0;0;0m██[38;2;120;120;120m████[38;2;166;166;166m████[38;2;120;120;120m██[38;2;0;0;0m██[38;2;57;181;234m████[38;2;0;0;0m██[38;2;209;209;209m████[38;2;166;166;166m██[38;2;120;120;120m██[38;2;166;166;166m██[38;2;0;0;0m██[38;2;57;181;234m██[38;2;115;115;115m██[38;2;250;250;250m████[38;2;0;0;0m██[38;2;250;250;250m██████[38;2;198;198;198m██[38;2;0;0;0m██[38;2;17;107;146m████      ██[38;2;102;217;240m██[38;2;31;141;189m██[38;2;0;0;0m██                                        
                            [38;2;115;115;115m██[38;2;198;198;198m██[38;2;250;250;250m████████[38;2;198;198;198m████[38;2;0;0;0m████[38;2;120;120;120m██[38;2;166;166;166m██[38;2;120;120;120m██[38;2;0;0;0m██[38;2;140;120;81m████████[38;2;0;0;0m██[38;2;166;166;166m██[38;2;120;120;120m████[38;2;0;0;0m██[38;2;140;120;81m████[38;2;115;115;115m██[38;2;198;198;198m██[38;2;250;250;250m████████[38;2;198;198;198m████[38;2;0;0;0m██[38;2;57;181;234m████[38;2;17;107;146m██████[38;2;102;217;240m██[38;2;31;141;189m██████[38;2;0;0;0m██                                      
                    ██[38;2;17;107;146m████    [38;2;0;0;0m██[38;2;198;198;198m██████████[38;2;0;0;0m██[38;2;17;107;146m██[38;2;199;189;141m██[38;2;0;0;0m██████[38;2;199;189;141m██[38;2;242;241;206m████████[38;2;199;189;141m██[38;2;0;0;0m██████[38;2;199;189;141m██[38;2;242;241;206m████[38;2;199;189;141m██[38;2;0;0;0m██[38;2;198;198;198m██████████[38;2;0;0;0m██████[38;2;57;181;234m████[38;2;102;217;240m████[38;2;31;141;189m██████████[38;2;0;0;0m██                                    
                    ██[38;2;57;181;234m████[38;2;17;107;146m████[38;2;102;217;240m██[38;2;0;0;0m██[38;2;198;198;198m██████[38;2;0;0;0m██████[38;2;199;189;141m██[38;2;242;241;206m██████████████████████████████[38;2;199;189;141m██[38;2;17;107;146m██[38;2;0;0;0m██[38;2;198;198;198m██████[38;2;0;0;0m██[38;2;17;107;146m████[38;2;242;241;206m██[38;2;0;0;0m████[38;2;31;141;189m██████████████[38;2;17;107;146m██                                    
                    [38;2;0;0;0m██[38;2;31;141;189m██[38;2;57;181;234m██[38;2;102;217;240m████[38;2;57;181;234m██[38;2;31;141;189m██[38;2;0;0;0m████████████[38;2;242;241;206m██████████████████████████████████[38;2;17;107;146m████[38;2;0;0;0m██████[38;2;17;107;146m██████[38;2;242;241;206m████[38;2;199;189;141m██[38;2;140;120;81m██[38;2;0;0;0m██[38;2;31;141;189m████████████[38;2;0;0;0m██                                  
                      [38;2;17;107;146m██[38;2;31;141;189m████████[38;2;140;120;81m██[38;2;242;241;206m██[38;2;0;0;0m██[38;2;17;107;146m████[38;2;0;0;0m██[38;2;242;241;206m████████[38;2;140;120;81m████████████████████[38;2;199;189;141m██[38;2;242;241;206m████████[38;2;17;107;146m████[38;2;0;0;0m████[38;2;17;107;146m████[38;2;242;241;206m██████████[38;2;199;189;141m██[38;2;0;0;0m██[38;2;31;141;189m████████████[38;2;0;0;0m██                                
                      ██[38;2;31;141;189m██████[38;2;140;120;81m██[38;2;242;241;206m██████[38;2;17;107;146m████[38;2;242;241;206m████████[38;2;140;120;81m██[38;2;242;241;206m████████[38;2;140;120;81m██[38;2;242;241;206m██████████[38;2;140;120;81m██[38;2;242;241;206m██████████[38;2;17;107;146m██[38;2;0;0;0m████[38;2;17;107;146m██[38;2;242;241;206m████████████████[38;2;140;120;81m██[38;2;0;0;0m██[38;2;31;141;189m████████[38;2;17;107;146m██                                
                        ██[38;2;31;141;189m████[38;2;199;189;141m██[38;2;242;241;206m██████████████████[38;2;140;120;81m██[38;2;242;241;206m████████[38;2;140;120;81m██[38;2;242;241;206m██████████[38;2;140;120;81m██[38;2;242;241;206m████████████████████████[38;2;232;116;116m████[38;2;242;241;206m████████[38;2;199;189;141m██[38;2;0;0;0m██[38;2;31;141;189m████████[38;2;0;0;0m██                              
                        ██[38;2;31;141;189m██[38;2;0;0;0m██[38;2;242;241;206m████████[38;2;199;189;141m██[38;2;140;120;81m████[38;2;199;189;141m██[38;2;242;241;206m████[38;2;140;120;81m██[38;2;242;241;206m████████[38;2;199;189;141m██[38;2;242;241;206m██████████[38;2;199;189;141m████[38;2;242;241;206m██████[38;2;140;120;81m██████[38;2;199;189;141m██[38;2;242;241;206m██████[38;2;232;116;116m████████[38;2;242;241;206m████████[38;2;199;189;141m██[38;2;0;0;0m██[38;2;31;141;189m██████[38;2;0;0;0m██                              
                          ████[38;2;242;241;206m██[38;2;232;116;116m██[38;2;242;241;206m████[38;2;140;120;81m██[38;2;242;241;206m████[38;2;140;120;81m██████[38;2;199;189;141m██[38;2;242;241;206m██████████████████████[38;2;199;189;141m██[38;2;140;120;81m██████[38;2;242;241;206m██████[38;2;140;120;81m██[38;2;242;241;206m████[38;2;232;116;116m████████████[38;2;242;241;206m████████[38;2;199;189;141m██[38;2;0;0;0m██[38;2;31;141;189m██████[38;2;0;0;0m██                            
                            ██[38;2;242;241;206m██[38;2;232;116;116m████[38;2;242;241;206m██[38;2;140;120;81m██[38;2;242;241;206m████████████████████████████████████████████████[38;2;140;120;81m██[38;2;242;241;206m████[38;2;232;116;116m████████████[38;2;242;241;206m████████[38;2;199;189;141m██[38;2;140;120;81m██[38;2;0;0;0m██[38;2;31;141;189m████[38;2;0;0;0m██                            
                              [38;2;140;120;81m██[38;2;232;116;116m████[38;2;242;241;206m██[38;2;140;120;81m██[38;2;242;241;206m████████████████████████████████████████████████[38;2;140;120;81m██[38;2;242;241;206m████[38;2;232;116;116m████████████[38;2;242;241;206m██████[38;2;199;189;141m██████[38;2;0;0;0m██[38;2;31;141;189m████[38;2;0;0;0m██                            
                [38;2;120;120;120m██            [38;2;0;0;0m██[38;2;232;116;116m████[38;2;242;241;206m████[38;2;140;120;81m██[38;2;242;241;206m██████████[38;2;199;189;141m████████████████████████[38;2;242;241;206m████████████[38;2;140;120;81m██[38;2;242;241;206m██████[38;2;232;116;116m████████[38;2;242;241;206m████[38;2;199;189;141m████████████[38;2;0;0;0m██[38;2;31;141;189m████[38;2;0;0;0m██                          
              [38;2;120;120;120m██[38;2;209;209;209m██[38;2;0;0;0m██            ██[38;2;232;116;116m██[38;2;199;189;141m██[38;2;242;241;206m██[38;2;140;120;81m██[38;2;242;241;206m████[38;2;199;189;141m██[38;2;140;120;81m████[38;2;199;189;141m██[38;2;242;241;206m████████[38;2;199;189;141m██[38;2;242;241;206m████████████[38;2;140;120;81m████████[38;2;242;241;206m████[38;2;140;120;81m██[38;2;242;241;206m████████[38;2;232;116;116m████[38;2;242;241;206m██[38;2;140;120;81m██████[38;2;199;189;141m██████████[38;2;140;120;81m██[38;2;0;0;0m██[38;2;31;141;189m██[38;2;0;0;0m██                          
      [38;2;120;120;120m████████[38;2;209;209;209m████[38;2;166;166;166m██[38;2;0;0;0m██[38;2;120;120;120m████[38;2;0;0;0m██      ██[38;2;199;189;141m██████[38;2;140;120;81m████[38;2;242;241;206m████████████████[38;2;199;189;141m██[38;2;242;241;206m████████████████████[38;2;140;120;81m████████[38;2;242;241;206m████[38;2;199;189;141m██████[38;2;140;120;81m██[38;2;242;241;206m██████[38;2;140;120;81m██[38;2;199;189;141m██████████[38;2;0;0;0m██[38;2;31;141;189m██[38;2;120;120;120m██                          
      ██[38;2;209;209;209m████████[38;2;166;166;166m████[38;2;120;120;120m██[38;2;209;209;209m████[38;2;0;0;0m██        ██[38;2;140;120;81m████[38;2;199;189;141m██████[38;2;242;241;206m████████████[38;2;140;120;81m████████[38;2;242;241;206m████████████[38;2;199;189;141m████████████[38;2;140;120;81m██████[38;2;199;189;141m██[38;2;120;120;120m██[38;2;242;241;206m██████[38;2;120;120;120m██[38;2;199;189;141m██[38;2;0;0;0m██[38;2;140;120;81m██[38;2;0;0;0m██[38;2;120;120;120m██[38;2;199;189;141m██[38;2;140;120;81m██[38;2;120;120;120m██[38;2;209;209;209m██[38;2;120;120;120m██                        
      [38;2;0;0;0m██[38;2;166;166;166m██[38;2;209;209;209m████[38;2;17;107;146m██████[38;2;209;209;209m████[38;2;166;166;166m██[38;2;0;0;0m██  ████████[38;2;199;189;141m████[38;2;140;120;81m██[38;2;199;189;141m████████████[38;2;140;120;81m████[38;2;199;189;141m████████[38;2;140;120;81m██████[38;2;199;189;141m████████████████████████[38;2;120;120;120m██[38;2;209;209;209m██[38;2;120;120;120m██[38;2;199;189;141m██[38;2;120;120;120m██[38;2;209;209;209m██[38;2;120;120;120m██[38;2;0;0;0m██[38;2;199;189;141m██[38;2;0;0;0m██[38;2;166;166;166m██[38;2;120;120;120m████[38;2;209;209;209m████[38;2;120;120;120m██      [38;2;0;0;0m██                
  [38;2;120;120;120m████████[38;2;166;166;166m██[38;2;17;107;146m██[38;2;57;181;234m██████[38;2;0;0;0m██[38;2;166;166;166m████[38;2;120;120;120m██[38;2;0;0;0m██[38;2;31;141;189m████████[38;2;0;0;0m██[38;2;199;189;141m████[38;2;0;0;0m██[38;2;199;189;141m████████[38;2;140;120;81m██[38;2;199;189;141m██████████████████[38;2;140;120;81m██████[38;2;199;189;141m████████████████[38;2;120;120;120m██[38;2;209;209;209m████[38;2;166;166;166m██[38;2;120;120;120m██[38;2;209;209;209m████[38;2;166;166;166m██[38;2;120;120;120m██████[38;2;166;166;166m██████[38;2;209;209;209m██[38;2;166;166;166m████[38;2;120;120;120m██████[38;2;166;166;166m██[38;2;0;0;0m██              
██[38;2;209;209;209m████[38;2;166;166;166m██[38;2;120;120;120m██[38;2;17;107;146m██[38;2;57;181;234m██[38;2;102;217;240m██[38;2;57;181;234m████[38;2;31;141;189m██[38;2;0;0;0m██[38;2;166;166;166m██████[38;2;0;0;0m██[38;2;31;141;189m████████[38;2;0;0;0m██[38;2;199;189;141m████[38;2;0;0;0m██[38;2;140;120;81m██[38;2;199;189;141m████[38;2;140;120;81m██[38;2;199;189;141m████████████████████████[38;2;140;120;81m██[38;2;199;189;141m██████████[38;2;17;107;146m██████████[38;2;166;166;166m██[38;2;209;209;209m██████[38;2;120;120;120m██[38;2;209;209;209m████[38;2;0;0;0m██[38;2;166;166;166m████████[38;2;120;120;120m██[38;2;166;166;166m██████[38;2;0;0;0m██[38;2;166;166;166m████[38;2;0;0;0m██████        
  ██[38;2;166;166;166m████[38;2;0;0;0m██[38;2;57;181;234m██[38;2;102;217;240m██████[38;2;57;181;234m████[38;2;31;141;189m██[38;2;0;0;0m██[38;2;166;166;166m██████[38;2;0;0;0m██[38;2;31;141;189m████████[38;2;0;0;0m████[38;2;140;120;81m██[38;2;199;189;141m██[38;2;140;120;81m██████[38;2;199;189;141m████████████████████████[38;2;140;120;81m██[38;2;199;189;141m██████[38;2;17;107;146m████[38;2;57;181;234m██████████[38;2;17;107;146m██[38;2;0;0;0m██[38;2;209;209;209m██[38;2;166;166;166m██[38;2;209;209;209m████[38;2;166;166;166m██[38;2;0;0;0m████[38;2;166;166;166m████[38;2;120;120;120m██████[38;2;166;166;166m████[38;2;0;0;0m██[38;2;166;166;166m████████[38;2;0;0;0m██        
    [38;2;120;120;120m██[38;2;166;166;166m██[38;2;17;107;146m██[38;2;57;181;234m██[38;2;102;217;240m██████[38;2;57;181;234m████[38;2;31;141;189m██[38;2;0;0;0m██[38;2;120;120;120m████[38;2;0;0;0m██[38;2;31;141;189m██████[38;2;17;107;146m██[38;2;0;0;0m██[38;2;31;141;189m██[38;2;17;107;146m██[38;2;0;0;0m██[38;2;199;189;141m████[38;2;0;0;0m██[38;2;199;189;141m████████████[38;2;140;120;81m██████[38;2;199;189;141m██████████[38;2;140;120;81m████[38;2;17;107;146m██[38;2;57;181;234m██████████████████[38;2;0;0;0m██[38;2;209;209;209m████[38;2;166;166;166m██[38;2;120;120;120m██[38;2;166;166;166m████[38;2;0;0;0m██[38;2;120;120;120m████████[38;2;166;166;166m██████[38;2;0;0;0m██[38;2;166;166;166m████[38;2;0;0;0m██          
  [38;2;120;120;120m██[38;2;166;166;166m██[38;2;0;0;0m██[38;2;57;181;234m████[38;2;102;217;240m██████[38;2;57;181;234m████[38;2;31;141;189m██[38;2;0;0;0m██[38;2;120;120;120m██[38;2;0;0;0m██[38;2;31;141;189m████[38;2;0;0;0m████[38;2;17;107;146m██[38;2;31;141;189m██████[38;2;17;107;146m██[38;2;0;0;0m████[38;2;199;189;141m██[38;2;0;0;0m██[38;2;140;120;81m████[38;2;199;189;141m████[38;2;140;120;81m██[38;2;199;189;141m██████[38;2;140;120;81m████[38;2;199;189;141m██████[38;2;17;107;146m████[38;2;57;181;234m██████████████████████[38;2;0;0;0m██[38;2;166;166;166m████████████[38;2;0;0;0m██[38;2;120;120;120m████████[38;2;166;166;166m██████[38;2;0;0;0m██[38;2;120;120;120m██[38;2;0;0;0m██          
[38;2;120;120;120m██[38;2;166;166;166m████[38;2;0;0;0m██[38;2;57;181;234m████[38;2;102;217;240m██████[38;2;57;181;234m████[38;2;31;141;189m██[38;2;0;0;0m██[38;2;120;120;120m████[38;2;0;0;0m██████[38;2;31;141;189m████████[38;2;17;107;146m██[38;2;0;0;0m██[38;2;17;107;146m████[38;2;0;0;0m██[38;2;140;120;81m██[38;2;199;189;141m██[38;2;140;120;81m██[38;2;0;0;0m██[38;2;199;189;141m██[38;2;140;120;81m██[38;2;199;189;141m██████████[38;2;140;120;81m██[38;2;199;189;141m██[38;2;17;107;146m██[38;2;57;181;234m████[38;2;102;217;240m██████[38;2;57;181;234m████████████████[38;2;17;107;146m██[38;2;120;120;120m██[38;2;166;166;166m██████[38;2;120;120;120m██[38;2;0;0;0m██[38;2;120;120;120m██████████[38;2;0;0;0m██[38;2;120;120;120m████[38;2;0;0;0m██[38;2;120;120;120m████[38;2;0;0;0m██        
████[38;2;120;120;120m██[38;2;0;0;0m██[38;2;57;181;234m████[38;2;102;217;240m██████[38;2;57;181;234m████[38;2;31;141;189m██[38;2;0;0;0m██[38;2;120;120;120m██████[38;2;0;0;0m██[38;2;120;120;120m██[38;2;0;0;0m██[38;2;31;141;189m████[38;2;0;0;0m████[38;2;17;107;146m████████[38;2;0;0;0m██[38;2;199;189;141m██████[38;2;0;0;0m██[38;2;199;189;141m██[38;2;140;120;81m██[38;2;199;189;141m██████████[38;2;17;107;146m██[38;2;57;181;234m██[38;2;102;217;240m████████[38;2;57;181;234m████████████████[38;2;31;141;189m████[38;2;0;0;0m██[38;2;120;120;120m██[38;2;166;166;166m████[38;2;0;0;0m██[38;2;120;120;120m██████[38;2;0;0;0m██[38;2;120;120;120m██[38;2;0;0;0m██[38;2;31;141;189m██[38;2;0;0;0m██████[38;2;120;120;120m████[38;2;0;0;0m██        
    ████[38;2;31;141;189m██[38;2;57;181;234m████[38;2;102;217;240m██[38;2;57;181;234m████[38;2;31;141;189m████[38;2;0;0;0m██[38;2;120;120;120m██[38;2;0;0;0m██████[38;2;120;120;120m████[38;2;0;0;0m████[38;2;120;120;120m██[38;2;0;0;0m██[38;2;17;107;146m██████[38;2;0;0;0m██[38;2;17;107;146m██[38;2;0;0;0m████[38;2;199;189;141m████[38;2;0;0;0m████[38;2;140;120;81m██[38;2;199;189;141m██████[38;2;17;107;146m██[38;2;57;181;234m██[38;2;102;217;240m████████[38;2;57;181;234m████████████████[38;2;31;141;189m██████[38;2;0;0;0m██[38;2;120;120;120m████[38;2;166;166;166m██[38;2;120;120;120m██[38;2;0;0;0m██[38;2;120;120;120m██[38;2;0;0;0m██[38;2;17;107;146m██[38;2;0;0;0m██[38;2;31;141;189m██[38;2;57;181;234m████[38;2;31;141;189m██[38;2;17;107;146m██[38;2;0;0;0m████[38;2;17;107;146m██        
      [38;2;0;0;0m██[38;2;31;141;189m██[38;2;17;107;146m██[38;2;57;181;234m████████[38;2;17;107;146m██[38;2;31;141;189m██[38;2;0;0;0m██[38;2;120;120;120m██[38;2;0;0;0m██[38;2;120;120;120m████████[38;2;0;0;0m██[38;2;120;120;120m██████[38;2;0;0;0m██████[38;2;17;107;146m████████[38;2;0;0;0m██████    ████[38;2;140;120;81m██[38;2;17;107;146m██[38;2;102;217;240m██████[38;2;57;181;234m██████████████[38;2;31;141;189m████████████[38;2;0;0;0m██[38;2;120;120;120m██████████[38;2;0;0;0m████[38;2;17;107;146m██[38;2;31;141;189m██[38;2;57;181;234m████████[38;2;17;107;146m██[38;2;31;141;189m██[38;2;57;181;234m████[38;2;0;0;0m██      
      ██[38;2;31;141;189m██[38;2;0;0;0m██[38;2;57;181;234m██████[38;2;31;141;189m██[38;2;0;0;0m██[38;2;31;141;189m██[38;2;0;0;0m████[38;2;31;141;189m██[38;2;0;0;0m██[38;2;120;120;120m██[38;2;0;0;0m██[38;2;120;120;120m██[38;2;0;0;0m██████[38;2;120;120;120m██[38;2;0;0;0m████[38;2;120;120;120m██[38;2;0;0;0m████████              [38;2;17;107;146m██[38;2;57;181;234m██████████████[38;2;31;141;189m██████████████████[38;2;0;0;0m██[38;2;120;120;120m██████████[38;2;0;0;0m██[38;2;120;120;120m██[38;2;0;0;0m██[38;2;31;141;189m████[38;2;57;181;234m██████████[38;2;0;0;0m██[38;2;57;181;234m████[38;2;17;107;146m██[38;2;0;0;0m██    
        ██[38;2;17;107;146m██[38;2;0;0;0m██[38;2;57;181;234m██[38;2;31;141;189m██[38;2;0;0;0m██[38;2;17;107;146m██[38;2;0;0;0m██[38;2;31;141;189m████████[38;2;0;0;0m██[38;2;17;107;146m██[38;2;0;0;0m████[38;2;17;107;146m██[38;2;0;0;0m████[38;2;17;107;146m██[38;2;0;0;0m██[38;2;120;120;120m██[38;2;0;0;0m██[38;2;120;120;120m██[38;2;0;0;0m██                [38;2;17;107;146m██[38;2;57;181;234m██████[38;2;31;141;189m██[38;2;17;107;146m██[38;2;0;0;0m██████[38;2;17;107;146m████[38;2;31;141;189m██████████[38;2;0;0;0m██[38;2;120;120;120m██████████[38;2;0;0;0m██[38;2;120;120;120m████[38;2;0;0;0m██[38;2;31;141;189m██████[38;2;57;181;234m████████[38;2;0;0;0m██[38;2;57;181;234m██████[38;2;0;0;0m████  
        ██[38;2;17;107;146m██[38;2;31;141;189m██[38;2;0;0;0m████[38;2;31;141;189m██[38;2;17;107;146m██[38;2;0;0;0m██[38;2;31;141;189m██████[38;2;0;0;0m████[38;2;17;107;146m██████[38;2;0;0;0m██  ██[38;2;17;107;146m████[38;2;0;0;0m████████                  ████████[38;2;17;107;146m██[38;2;31;141;189m██████████[38;2;17;107;146m██[38;2;31;141;189m████[38;2;0;0;0m████[38;2;120;120;120m██████████[38;2;0;0;0m██  ████  ██[38;2;31;141;189m████[38;2;57;181;234m████████[38;2;0;0;0m██[38;2;31;141;189m██[38;2;57;181;234m████[38;2;0;0;0m██[38;2;17;107;146m██  
          [38;2;0;0;0m██[38;2;31;141;189m████████[38;2;0;0;0m██[38;2;17;107;146m██[38;2;31;141;189m████[38;2;0;0;0m██  ██[38;2;17;107;146m██████[38;2;0;0;0m██    ██[38;2;17;107;146m████[38;2;0;0;0m██                          ██[38;2;31;141;189m██████████[38;2;17;107;146m██[38;2;0;0;0m██████████[38;2;120;120;120m██████[38;2;0;0;0m██[38;2;120;120;120m████[38;2;0;0;0m██          [38;2;17;107;146m██[38;2;31;141;189m████[38;2;57;181;234m████[38;2;31;141;189m██[38;2;0;0;0m██[38;2;31;141;189m██[38;2;57;181;234m██[38;2;31;141;189m██[38;2;0;0;0m██[38;2;31;141;189m██[38;2;17;107;146m██
            [38;2;0;0;0m██[38;2;31;141;189m████[38;2;0;0;0m██  [38;2;17;107;146m██[38;2;31;141;189m██[38;2;17;107;146m██      [38;2;0;0;0m██[38;2;31;141;189m██[38;2;0;0;0m██      ██[38;2;17;107;146m██[38;2;0;0;0m██                              ██████████            ██[38;2;120;120;120m██[38;2;0;0;0m██  ██████          ██[38;2;31;141;189m██████████[38;2;0;0;0m██[38;2;31;141;189m██████[38;2;0;0;0m██[38;2;31;141;189m██[38;2;17;107;146m██
              [38;2;0;0;0m████    ██[38;2;31;141;189m██[38;2;0;0;0m██      ██[38;2;31;141;189m██[38;2;0;0;0m██        ██                                                        ██                      ██[38;2;31;141;189m████████[38;2;0;0;0m██[38;2;31;141;189m██████[38;2;0;0;0m██[38;2;31;141;189m██[38;2;17;107;146m██
                        [38;2;0;0;0m██          ██                                                                                              ██[38;2;31;141;189m██████[38;2;0;0;0m██[38;2;17;107;146m██[38;2;31;141;189m██[38;2;17;107;146m██[38;2;0;0;0m██[38;2;31;141;189m██[38;2;17;107;146m██
                                                                                                                                      ██[38;2;31;141;189m██[38;2;17;107;146m██  [38;2;0;0;0m██[38;2;31;141;189m██[38;2;0;0;0m██  ████
                                                                                                                                      ██[38;2;31;141;189m██[38;2;0;0;0m██    ██        
                                                                                                                                        ██                
[0m