              [38;2;86;87;101m████████                                    ████████                                                              
          ████[38;2;249;249;249m████████[38;2;86;87;101m████                          ██[38;2;57;58;68m████[38;2;249;249;249m████████[38;2;86;87;101m████                          ████████                        
        [38;2;57;58;68m██[38;2;249;249;249m████████████████[38;2;86;87;101m██                    ████[38;2;57;58;68m██[38;2;249;249;249m████████████████[38;2;86;87;101m██                    ████[38;2;249;249;249m████████[38;2;57;58;68m████                    
      ██[38;2;249;249;249m████████████████████[38;2;57;58;68m██                [38;2;86;87;101m██[38;2;249;249;249m██[38;2;57;58;68m██[38;2;249;249;249m████████████████████[38;2;57;58;68m██                [38;2;86;87;101m██[38;2;249;249;249m████████████████[38;2;57;58;68m██                  
    ██[38;2;184;185;192m██[38;2;249;249;249m██████████████████████[38;2;57;58;68m██            ██[38;2;249;249;249m██[38;2;57;58;68m██[38;2;184;185;192m██[38;2;249;249;249m██████████████████████[38;2;57;58;68m██            [38;2;86;87;101m██[38;2;249;249;249m████████████████████[38;2;57;58;68m██                
  ██[38;2;184;185;192m██[38;2;249;249;249m████████████████████████[38;2;57;58;68m██          ██[38;2;249;249;249m██[38;2;15;15;15m██[38;2;184;185;192m██[38;2;249;249;249m████████████████████████[38;2;57;58;68m██          [38;2;86;87;101m██[38;2;249;249;249m████████████████████████[38;2;57;58;68m██              
  ██[38;2;184;185;192m██[38;2;249;249;249m████████████[38;2;86;87;101m██[38;2;249;249;249m████[38;2;136;139;151m██[38;2;249;249;249m██████[38;2;57;58;68m██        ██[38;2;249;249;249m██[38;2;15;15;15m██[38;2;184;185;192m██[38;2;249;249;249m████████████[38;2;86;87;101m██[38;2;249;249;249m████[38;2;136;139;151m██[38;2;249;249;249m██████[38;2;57;58;68m██        [38;2;86;87;101m██[38;2;249;249;249m██████████████████████████[38;2;57;58;68m██            
  ██[38;2;184;185;192m██[38;2;249;249;249m████████████[38;2;136;139;151m████[38;2;249;249;249m██[38;2;86;87;101m██[38;2;249;249;249m██████[38;2;57;58;68m████████[38;2;86;87;101m██[38;2;249;249;249m████[38;2;15;15;15m██[38;2;184;185;192m██[38;2;249;249;249m████████████[38;2;136;139;151m████[38;2;249;249;249m██[38;2;86;87;101m██[38;2;249;249;249m██████[38;2;57;58;68m████████[38;2;86;87;101m██[38;2;249;249;249m████████████████████████████[38;2;57;58;68m██            
██[38;2;184;185;192m████[38;2;249;249;249m██████████████[38;2;86;87;101m██[38;2;249;249;249m██████[38;2;86;87;101m████[38;2;249;249;249m████████[38;2;86;87;101m██[38;2;249;249;249m██[38;2;15;15;15m██[38;2;184;185;192m████[38;2;249;249;249m██████████████[38;2;86;87;101m██[38;2;249;249;249m██████[38;2;86;87;101m████[38;2;249;249;249m████████[38;2;86;87;101m██[38;2;249;249;249m████████[38;2;86;87;101m██[38;2;249;249;249m████████████████████[38;2;57;58;68m██          
██[38;2;184;185;192m██████[38;2;249;249;249m████[38;2;86;87;101m██[38;2;136;139;151m██[38;2;249;249;249m██████████[38;2;136;139;151m██[38;2;249;249;249m████████████[38;2;86;87;101m██[38;2;249;249;249m██[38;2;15;15;15m██[38;2;184;185;192m██████[38;2;249;249;249m████[38;2;86;87;101m██[38;2;136;139;151m██[38;2;249;249;249m██████████[38;2;136;139;151m██[38;2;249;249;249m████████████[38;2;86;87;101m██[38;2;249;249;249m██████[38;2;136;139;151m████[38;2;249;249;249m████████████████████[38;2;57;58;68m██          
██[38;2;184;185;192m██████[38;2;249;249;249m██████[38;2;136;139;151m██[38;2;86;87;101m██[38;2;249;249;249m██████████████████████████[38;2;15;15;15m██[38;2;184;185;192m██████[38;2;249;249;249m██████[38;2;136;139;151m██[38;2;86;87;101m██[38;2;249;249;249m██████████████████████████████[38;2;86;87;101m██[38;2;249;249;249m████[38;2;136;139;151m██[38;2;86;87;101m██[38;2;249;249;249m██████████████[38;2;57;58;68m██          
██[38;2;184;185;192m██████[38;2;249;249;249m████████████[38;2;136;139;151m██[38;2;249;249;249m██████████████████████[38;2;15;15;15m██[38;2;184;185;192m██████[38;2;249;249;249m████████████[38;2;136;139;151m██[38;2;249;249;249m██████████████████████████████[38;2;86;87;101m██[38;2;136;139;151m██[38;2;249;249;249m████████████████[38;2;57;58;68m██          
  ██[38;2;184;185;192m██████[38;2;249;249;249m██[38;2;136;139;151m██[38;2;86;87;101m██[38;2;249;249;249m██[38;2;86;87;101m██[38;2;249;249;249m██████████████████████████[38;2;15;15;15m██[38;2;184;185;192m██████[38;2;249;249;249m██[38;2;136;139;151m██[38;2;86;87;101m██[38;2;249;249;249m██[38;2;86;87;101m██[38;2;249;249;249m████████████████████████████████████████████████████[38;2;57;58;68m██          
  [38;2;15;15;15m██[38;2;184;185;192m██████[38;2;86;87;101m██[38;2;136;139;151m██[38;2;249;249;249m██[38;2;86;87;101m██[38;2;249;249;249m████████████████████████████[38;2;15;15;15m██[38;2;184;185;192m██████[38;2;86;87;101m██[38;2;136;139;151m██[38;2;249;249;249m██[38;2;86;87;101m██[38;2;249;249;249m██████████████████████████████████████[38;2;136;139;151m██[38;2;86;87;101m██[38;2;249;249;249m████████████[38;2;57;58;68m██          
    [38;2;15;15;15m██[38;2;184;185;192m████████[38;2;57;58;68m██[38;2;249;249;249m████████████████████████████████[38;2;15;15;15m██[38;2;184;185;192m████████[38;2;57;58;68m██[38;2;249;249;249m██████████████████████████████████████[38;2;86;87;101m██[38;2;136;139;151m██[38;2;249;249;249m████████████[38;2;184;185;192m██[38;2;57;58;68m██          
      ██[38;2;184;185;192m██████[38;2;57;58;68m██[38;2;249;249;249m██████████████████████████████████[38;2;15;15;15m██[38;2;184;185;192m██████[38;2;57;58;68m██[38;2;249;249;249m██████████████████████████████████████████████████████[38;2;57;58;68m██            
        ██[38;2;184;185;192m██[38;2;57;58;68m██[38;2;249;249;249m██████████████████████████████████████[38;2;15;15;15m██[38;2;184;185;192m██[38;2;57;58;68m██[38;2;249;249;249m██████████████████████████████████████[38;2;86;87;101m██[38;2;136;139;151m██[38;2;249;249;249m██████████████[38;2;15;15;15m██            
          ████[38;2;249;249;249m██[38;2;184;185;192m██[38;2;15;15;15m██[38;2;86;87;101m██[38;2;249;249;249m████████████████████████████████[38;2;15;15;15m██[38;2;57;58;68m██[38;2;249;249;249m██[38;2;184;185;192m██[38;2;15;15;15m██[38;2;86;87;101m██[38;2;249;249;249m████████████████████████████████[38;2;136;139;151m██[38;2;86;87;101m██[38;2;249;249;249m██████████[38;2;57;58;68m██              
            [38;2;15;15;15m██[38;2;249;249;249m██[38;2;15;15;15m██[38;2;57;58;68m██[38;2;15;15;15m██[38;2;249;249;249m██████████████[38;2;184;185;192m██[38;2;15;15;15m██[38;2;136;139;151m██[38;2;249;249;249m██████████████[38;2;57;58;68m██[38;2;249;249;249m██[38;2;15;15;15m██[38;2;57;58;68m██[38;2;15;15;15m██[38;2;249;249;249m██████████████[38;2;184;185;192m██[38;2;15;15;15m██[38;2;136;139;151m██[38;2;249;249;249m██████████████████████████[38;2;15;15;15m██              
            ██[38;2;249;249;249m██[38;2;86;87;101m██[38;2;15;15;15m██[38;2;184;185;192m██[38;2;136;139;151m██[38;2;249;249;249m██████[38;2;136;139;151m██[38;2;249;249;249m████[38;2;15;15;15m██[38;2;57;58;68m██[38;2;15;15;15m██[38;2;249;249;249m██████████████[38;2;57;58;68m██[38;2;249;249;249m██[38;2;86;87;101m██[38;2;15;15;15m██[38;2;184;185;192m██[38;2;136;139;151m██[38;2;249;249;249m██████[38;2;136;139;151m██[38;2;249;249;249m████[38;2;15;15;15m██[38;2;57;58;68m██[38;2;15;15;15m██[38;2;249;249;249m██████████[38;2;184;185;192m██[38;2;249;249;249m██████████[38;2;184;185;192m██[38;2;15;15;15m██                
            ██[38;2;249;249;249m██████████[38;2;15;15;15m██████[38;2;249;249;249m██████[38;2;86;87;101m██[38;2;15;15;15m██[38;2;184;185;192m██[38;2;249;249;249m██████████[38;2;86;87;101m██[38;2;249;249;249m██[38;2;15;15;15m██[38;2;249;249;249m██████████[38;2;15;15;15m██████[38;2;249;249;249m██████[38;2;86;87;101m██[38;2;15;15;15m██[38;2;184;185;192m██[38;2;249;249;249m██████████[38;2;57;58;68m██[38;2;184;185;192m██[38;2;249;249;249m██████[38;2;15;15;15m████                  
            ██[38;2;249;249;249m██████████[38;2;57;58;68m██[38;2;15;15;15m██[38;2;57;58;68m██[38;2;249;249;249m████████████████████████[38;2;57;58;68m██[38;2;15;15;15m██[38;2;249;249;249m██████████[38;2;57;58;68m██[38;2;15;15;15m██[38;2;57;58;68m██[38;2;249;249;249m████████████████████████[38;2;15;15;15m████████      [38;2;86;87;101m████████        
              [38;2;15;15;15m██[38;2;249;249;249m██████[38;2;136;139;151m██[38;2;249;249;249m██████[38;2;136;139;151m██[38;2;249;249;249m██████████████████████[38;2;184;185;192m██[38;2;57;58;68m██[38;2;15;15;15m██[38;2;249;249;249m██████[38;2;136;139;151m██[38;2;249;249;249m██████[38;2;136;139;151m██[38;2;249;249;249m██████████████████████[38;2;184;185;192m██[38;2;15;15;15m██        [38;2;86;87;101m██[38;2;249;249;249m████████[38;2;57;58;68m██      
              [38;2;15;15;15m██[38;2;249;249;249m██████████████████████████████████████[38;2;57;58;68m██  [38;2;15;15;15m██[38;2;249;249;249m██████████████████████████████████████[38;2;57;58;68m██        [38;2;86;87;101m██[38;2;249;249;249m████████████[38;2;57;58;68m██    
                [38;2;15;15;15m██[38;2;249;249;249m██[38;2;57;58;68m████[38;2;249;249;249m████████████████████████████[38;2;184;185;192m██[38;2;15;15;15m██    ██[38;2;249;249;249m██████████████████████████████████[38;2;184;185;192m██[38;2;15;15;15m██      [38;2;86;87;101m██[38;2;249;249;249m████████████████[38;2;57;58;68m██  
                  [38;2;15;15;15m██[38;2;249;249;249m██[38;2;184;185;192m██[38;2;57;58;68m██[38;2;249;249;249m██████████████████████[38;2;184;185;192m████[38;2;15;15;15m██        ██[38;2;184;185;192m██[38;2;249;249;249m██████████████████████████[38;2;184;185;192m████[38;2;15;15;15m██[38;2;86;87;101m██████  ██[38;2;249;249;249m████████████████[38;2;57;58;68m██  
                [38;2;15;15;15m██[38;2;249;249;249m████████[38;2;15;15;15m██[38;2;249;249;249m██████████████[38;2;184;185;192m████████[38;2;15;15;15m██            ██[38;2;57;58;68m██[38;2;184;185;192m██[38;2;249;249;249m████████████████[38;2;184;185;192m████████[38;2;15;15;15m██[38;2;184;185;192m████████[38;2;57;58;68m████[38;2;184;185;192m██[38;2;249;249;249m████████████████[38;2;15;15;15m██
              [38;2;57;58;68m██[38;2;249;249;249m██████████[38;2;15;15;15m██[38;2;184;185;192m██████████████████[38;2;57;58;68m██[38;2;15;15;15m██                  [38;2;57;58;68m████[38;2;184;185;192m██████████████████[38;2;57;58;68m██[38;2;15;15;15m██[38;2;184;185;192m██████[38;2;249;249;249m████████[38;2;136;139;151m██[38;2;249;249;249m████[38;2;136;139;151m██[38;2;249;249;249m██████████[38;2;15;15;15m██
              ██[38;2;249;249;249m████████[38;2;15;15;15m██[38;2;162;124;91m██[38;2;136;139;151m████████[38;2;184;185;192m██████[38;2;136;139;151m██[38;2;15;15;15m██[38;2;184;185;192m██[38;2;57;58;68m██              ████[38;2;15;15;15m██[38;2;184;185;192m████[38;2;136;139;151m██████[38;2;184;185;192m██████[38;2;57;58;68m██████[38;2;184;185;192m████████[38;2;249;249;249m████████████[38;2;136;139;151m██[38;2;249;249;249m██████████[38;2;184;185;192m██[38;2;15;15;15m██
              ██[38;2;184;185;192m██[38;2;249;249;249m██████[38;2;15;15;15m██[38;2;225;210;181m██[38;2;202;169;136m████████[38;2;184;185;192m██[38;2;249;249;249m████[38;2;136;139;151m██[38;2;184;185;192m██████[38;2;57;58;68m██          ██[38;2;184;185;192m████[38;2;15;15;15m██[38;2;249;249;249m██[38;2;184;185;192m██████████[38;2;249;249;249m██████████[38;2;57;58;68m████[38;2;184;185;192m██[38;2;249;249;249m████████████[38;2;184;185;192m██[38;2;249;249;249m██████████[38;2;184;185;192m██[38;2;57;58;68m██  
                [38;2;15;15;15m██[38;2;249;249;249m██[38;2;184;185;192m██[38;2;15;15;15m██[38;2;225;210;181m████████████[38;2;249;249;249m████[38;2;225;210;181m██[38;2;57;58;68m██[38;2;184;185;192m██[38;2;249;249;249m██████[38;2;57;58;68m██      ██[38;2;249;249;249m██[38;2;184;185;192m██[38;2;15;15;15m██[38;2;249;249;249m████████████████████████████[38;2;57;58;68m████[38;2;249;249;249m██████████[38;2;184;185;192m████[38;2;136;139;151m████[38;2;184;185;192m██████[38;2;15;15;15m██  
                  ██████[38;2;225;210;181m██████████████████[38;2;57;58;68m██[38;2;249;249;249m██████████[38;2;57;58;68m██  ██[38;2;249;249;249m██████[38;2;15;15;15m██[38;2;249;249;249m████████████████[38;2;57;58;68m██[38;2;249;249;249m██████████████[38;2;57;58;68m██[38;2;249;249;249m██[38;2;15;15;15m██[38;2;249;249;249m████[38;2;184;185;192m██[38;2;86;87;101m██[38;2;184;185;192m██████[38;2;15;15;15m████    
                      ██[38;2;225;210;181m██████████████████[38;2;57;58;68m██[38;2;249;249;249m██████████[38;2;57;58;68m██  ██[38;2;249;249;249m██████[38;2;15;15;15m██[38;2;249;249;249m████████████████[38;2;184;185;192m██[38;2;57;58;68m██[38;2;184;185;192m██[38;2;249;249;249m██████[38;2;255;255;255m██[38;2;249;249;249m██[38;2;15;15;15m██[38;2;249;249;249m██[38;2;86;87;101m██[38;2;249;249;249m██[38;2;184;185;192m████[38;2;15;15;15m████████        
                    ██[38;2;184;185;192m██[38;2;225;210;181m████████████████████[38;2;57;58;68m██[38;2;249;249;249m██████████[38;2;57;58;68m██████[38;2;249;249;249m██[38;2;15;15;15m██[38;2;225;210;181m██[38;2;184;185;192m██[38;2;249;249;249m████████████[38;2;184;185;192m██[38;2;225;210;181m████[38;2;57;58;68m████[38;2;184;185;192m██[38;2;57;58;68m██[38;2;249;249;249m██[38;2;15;15;15m██[38;2;249;249;249m██████[38;2;184;185;192m████[38;2;15;15;15m██                
                    ██[38;2;249;249;249m██[38;2;184;185;192m██[38;2;225;210;181m██████████████[38;2;249;249;249m████[38;2;57;58;68m██[38;2;249;249;249m██[38;2;57;58;68m██[38;2;249;249;249m██████[38;2;57;58;68m██  ████[38;2;15;15;15m██[38;2;225;210;181m██[38;2;184;185;192m████[38;2;225;210;181m██████████████████[38;2;57;58;68m██[38;2;15;15;15m██████[38;2;184;185;192m██████████[38;2;15;15;15m██                  
                    ██[38;2;249;249;249m████████████████████████[38;2;15;15;15m████[38;2;184;185;192m██[38;2;249;249;249m██[38;2;15;15;15m██    ██████[38;2;225;210;181m████████████████████████[38;2;57;58;68m██  ████[38;2;136;139;151m████[38;2;184;185;192m████[38;2;136;139;151m██[38;2;57;58;68m██                  
                    [38;2;15;15;15m██[38;2;184;185;192m██[38;2;249;249;249m██████[38;2;184;185;192m██[38;2;249;249;249m██[38;2;184;185;192m██[38;2;249;249;249m██████████[38;2;184;185;192m██[38;2;15;15;15m██████    [38;2;57;58;68m██[38;2;184;185;192m████[38;2;15;15;15m██[38;2;202;169;136m██[38;2;225;210;181m██████[38;2;202;169;136m██[38;2;225;210;181m██[38;2;202;169;136m██[38;2;225;210;181m██████████[38;2;202;169;136m██[38;2;15;15;15m██[38;2;184;185;192m████████████████[38;2;57;58;68m████              
                    [38;2;15;15;15m██[38;2;184;185;192m████████[38;2;57;58;68m██[38;2;184;185;192m██[38;2;57;58;68m██[38;2;249;249;249m████████[38;2;184;185;192m████[38;2;15;15;15m██[38;2;136;139;151m██[38;2;57;58;68m██    ██[38;2;184;185;192m██[38;2;136;139;151m██[38;2;15;15;15m██[38;2;202;169;136m████████[38;2;57;58;68m██[38;2;202;169;136m██[38;2;57;58;68m██[38;2;225;210;181m████████[38;2;202;169;136m████[38;2;15;15;15m██[38;2;57;58;68m████[38;2;184;185;192m████████[38;2;57;58;68m██[38;2;184;185;192m████[38;2;15;15;15m██              
                      ██[38;2;184;185;192m████████[38;2;57;58;68m████[38;2;184;185;192m██████████[38;2;136;139;151m██[38;2;15;15;15m██[38;2;136;139;151m████[38;2;57;58;68m████[38;2;136;139;151m████[38;2;15;15;15m██  ██[38;2;202;169;136m████████[38;2;57;58;68m████[38;2;202;169;136m██████████[38;2;162;124;91m██[38;2;15;15;15m██  ██[38;2;184;185;192m████[38;2;57;58;68m██[38;2;184;185;192m████[38;2;15;15;15m████                
                      ██[38;2;136;139;151m██[38;2;184;185;192m████[38;2;136;139;151m██[38;2;57;58;68m██[38;2;15;15;15m██[38;2;184;185;192m██████████[38;2;15;15;15m██  ██[38;2;136;139;151m████████[38;2;15;15;15m██    ██[38;2;162;124;91m██[38;2;202;169;136m████[38;2;162;124;91m██[38;2;57;58;68m██[38;2;15;15;15m██[38;2;202;169;136m██████████[38;2;15;15;15m██    ██[38;2;184;185;192m██[38;2;136;139;151m██[38;2;15;15;15m██[38;2;184;185;192m██[38;2;136;139;151m██[38;2;15;15;15m██                  
                        ████████  ██[38;2;136;139;151m██[38;2;184;185;192m██████[38;2;136;139;151m██[38;2;15;15;15m██    ████████        ████████  ██[38;2;162;124;91m██[38;2;202;169;136m██████[38;2;162;124;91m██[38;2;15;15;15m██      ████  ████                    
                                    ██████████                                  ██████████                                      
[0m