              [38;2;105;102;45m██████                    ██████                          
          ████[38;2;252;238;123m██████[38;2;105;102;45m████            ████[38;2;252;238;123m██████[38;2;105;102;45m████                      
        ██[38;2;252;238;123m████[38;2;230;219;76m████████[38;2;176;161;77m██[38;2;105;102;45m██        ██[38;2;252;238;123m████[38;2;230;219;76m██████████[38;2;105;102;45m██                    
        ██[38;2;252;238;123m██[38;2;230;219;76m████[38;2;176;161;77m██████████[38;2;105;102;45m██    ██[38;2;252;238;123m████[38;2;230;219;76m██████████████[38;2;105;102;45m██                  
      ██[38;2;252;238;123m██[38;2;230;219;76m████[38;2;176;161;77m████████████[38;2;105;102;45m██    ██[38;2;252;238;123m████[38;2;230;219;76m██████[38;2;226;225;229m██████[38;2;230;219;76m██[38;2;105;102;45m██                  
      ██[38;2;252;238;123m██[38;2;230;219;76m████[38;2;176;161;77m████████████[38;2;105;102;45m██  [38;2;16;16;16m██[38;2;176;161;77m██[38;2;252;238;123m██[38;2;230;219;76m██████[38;2;226;225;229m████[38;2;230;219;76m██[38;2;226;225;229m████[38;2;230;219;76m██[38;2;105;102;45m██                
      ██[38;2;230;219;76m████[38;2;176;161;77m██████████████[38;2;105;102;45m██  [38;2;16;16;16m██[38;2;176;161;77m██[38;2;230;219;76m████████[38;2;226;225;229m██[38;2;230;219;76m██████[38;2;226;225;229m██[38;2;230;219;76m██[38;2;105;102;45m██                
      ██[38;2;176;161;77m██████████████████[38;2;105;102;45m████[38;2;16;16;16m██[38;2;176;161;77m██[38;2;230;219;76m████████[38;2;226;225;229m██[38;2;230;219;76m██████[38;2;226;225;229m██[38;2;230;219;76m██[38;2;105;102;45m██                
      ██[38;2;176;161;77m████████████████[38;2;105;102;45m██[38;2;176;161;77m██[38;2;105;102;45m██[38;2;16;16;16m██[38;2;176;161;77m██[38;2;230;219;76m████████[38;2;226;225;229m██[38;2;230;219;76m██████[38;2;226;225;229m██[38;2;230;219;76m██[38;2;105;102;45m██                
        ██[38;2;176;161;77m██████████████[38;2;105;102;45m██[38;2;176;161;77m████[38;2;16;16;16m██[38;2;176;161;77m████[38;2;230;219;76m██████[38;2;226;225;229m████[38;2;230;219;76m██[38;2;226;225;229m████[38;2;230;219;76m██[38;2;105;102;45m██                
        ██[38;2;176;161;77m██████[38;2;16;16;16m████████[38;2;176;161;77m██[38;2;105;102;45m██[38;2;176;161;77m████[38;2;16;16;16m██[38;2;176;161;77m██[38;2;230;219;76m████████[38;2;226;225;229m██████[38;2;230;219;76m████[38;2;105;102;45m██                
          ██[38;2;16;16;16m████[38;2;252;238;123m██████[38;2;230;219;76m██[38;2;16;16;16m██████[38;2;176;161;77m██[38;2;16;16;16m██[38;2;176;161;77m██[38;2;230;219;76m████████████████[38;2;105;102;45m██[38;2;230;219;76m██[38;2;105;102;45m██              
    [38;2;100;95;110m████  [38;2;16;16;16m██[38;2;252;238;123m██████████[38;2;230;219;76m██████[38;2;105;102;45m██[38;2;16;16;16m████[38;2;176;161;77m████[38;2;230;219;76m██████████████[38;2;105;102;45m██[38;2;230;219;76m████[38;2;105;102;45m██            
  [38;2;100;95;110m██[38;2;226;225;229m████[38;2;105;102;45m██[38;2;252;238;123m████[38;2;100;95;110m████[38;2;252;238;123m██[38;2;230;219;76m██████████[38;2;105;102;45m██[38;2;176;161;77m██[38;2;16;16;16m██[38;2;176;161;77m████[38;2;230;219;76m████████████[38;2;105;102;45m██[38;2;230;219;76m██████[38;2;105;102;45m██          
  [38;2;100;95;110m██[38;2;226;225;229m██[38;2;105;102;45m██[38;2;252;238;123m████[38;2;100;95;110m██[38;2;226;225;229m████[38;2;176;161;77m██[38;2;230;219;76m████████████[38;2;105;102;45m██[38;2;176;161;77m██[38;2;16;16;16m██[38;2;176;161;77m████[38;2;230;219;76m████████████[38;2;105;102;45m██[38;2;230;219;76m██████[38;2;105;102;45m██        
[38;2;100;95;110m██[38;2;226;225;229m████[38;2;105;102;45m██[38;2;230;219;76m██[38;2;100;95;110m██[38;2;226;225;229m████[38;2;176;161;77m██[38;2;230;219;76m████[38;2;176;161;77m████[38;2;230;219;76m██████[38;2;105;102;45m██[38;2;176;161;77m████[38;2;16;16;16m██[38;2;176;161;77m████[38;2;230;219;76m████████████[38;2;105;102;45m██[38;2;230;219;76m████[38;2;105;102;45m██        
[38;2;100;95;110m██[38;2;226;225;229m██[38;2;105;102;45m██[38;2;230;219;76m████[38;2;100;95;110m██[38;2;226;225;229m████[38;2;176;161;77m██[38;2;230;219;76m██[38;2;176;161;77m██[38;2;250;192;0m████[38;2;176;161;77m██[38;2;230;219;76m██████[38;2;105;102;45m██[38;2;176;161;77m████[38;2;16;16;16m██[38;2;176;161;77m████[38;2;230;219;76m████████████[38;2;105;102;45m██[38;2;230;219;76m██[38;2;105;102;45m██        
[38;2;100;95;110m██[38;2;226;225;229m██[38;2;105;102;45m██[38;2;230;219;76m████[38;2;100;95;110m██[38;2;226;225;229m██[38;2;176;161;77m██[38;2;230;219;76m████[38;2;176;161;77m██[38;2;250;192;0m████[38;2;201;178;54m██[38;2;176;161;77m████[38;2;230;219;76m██[38;2;105;102;45m██[38;2;176;161;77m████[38;2;100;95;110m██[38;2;16;16;16m██[38;2;176;161;77m████[38;2;230;219;76m████████████[38;2;105;102;45m██          
  ██[38;2;230;219;76m████████[38;2;100;95;110m██[38;2;230;219;76m████[38;2;176;161;77m██[38;2;201;178;54m██[38;2;250;192;0m██[38;2;16;16;16m██[38;2;250;192;0m██████[38;2;176;161;77m██[38;2;105;102;45m██[38;2;176;161;77m██[38;2;100;95;110m██[38;2;226;225;229m████[38;2;16;16;16m██[38;2;176;161;77m████[38;2;230;219;76m████████████[38;2;105;102;45m██        
  ██[38;2;230;219;76m████████████[38;2;176;161;77m██[38;2;250;192;0m████[38;2;16;16;16m██████[38;2;250;192;0m████[38;2;176;161;77m██[38;2;105;102;45m██[38;2;100;95;110m██[38;2;226;225;229m████████[38;2;16;16;16m██[38;2;176;161;77m████[38;2;230;219;76m██████████[38;2;105;102;45m██        
  ██[38;2;230;219;76m████████████[38;2;176;161;77m██[38;2;250;192;0m██████[38;2;16;16;16m██[38;2;250;192;0m██[38;2;201;178;54m██[38;2;176;161;77m██[38;2;230;219;76m██[38;2;105;102;45m██[38;2;226;225;229m██████████[38;2;100;95;110m██[38;2;16;16;16m██[38;2;176;161;77m████[38;2;230;219;76m████████[38;2;105;102;45m██        
  [38;2;16;16;16m██[38;2;230;219;76m██████████████[38;2;176;161;77m████[38;2;201;178;54m██[38;2;250;192;0m████[38;2;176;161;77m██[38;2;230;219;76m██[38;2;105;102;45m██[38;2;185;173;176m██[38;2;226;225;229m██████████[38;2;100;95;110m██[38;2;226;225;229m██[38;2;16;16;16m████[38;2;176;161;77m██████[38;2;16;16;16m██          
  ██[38;2;230;219;76m██████████████████[38;2;176;161;77m██[38;2;250;192;0m████[38;2;176;161;77m██[38;2;230;219;76m██[38;2;105;102;45m██[38;2;185;173;176m██████[38;2;100;95;110m██[38;2;226;225;229m██[38;2;100;95;110m██[38;2;226;225;229m████████[38;2;16;16;16m██████            
  ██[38;2;230;219;76m██[38;2;185;173;176m██████[38;2;230;219;76m████████████[38;2;176;161;77m████[38;2;230;219;76m██[38;2;16;16;16m██[38;2;185;173;176m██████[38;2;16;16;16m██[38;2;226;225;229m██[38;2;16;16;16m██[38;2;100;95;110m██[38;2;226;225;229m████[38;2;185;173;176m██[38;2;100;95;110m████[38;2;185;173;176m████[38;2;100;95;110m██          
  [38;2;16;16;16m██[38;2;185;173;176m██[38;2;226;225;229m██████[38;2;185;173;176m██[38;2;230;219;76m██████████████[38;2;16;16;16m██[38;2;185;173;176m████[38;2;100;95;110m██[38;2;185;173;176m██[38;2;16;16;16m██[38;2;226;225;229m██[38;2;16;16;16m██[38;2;185;173;176m██[38;2;226;225;229m████[38;2;100;95;110m██[38;2;226;225;229m████[38;2;16;16;16m████[38;2;100;95;110m██          
    [38;2;16;16;16m██[38;2;226;225;229m████████[38;2;185;173;176m██[38;2;230;219;76m████████[38;2;176;161;77m██[38;2;16;16;16m██[38;2;185;173;176m████[38;2;100;95;110m██[38;2;185;173;176m██[38;2;16;16;16m██[38;2;226;225;229m██[38;2;16;16;16m██[38;2;100;95;110m████[38;2;185;173;176m██████[38;2;16;16;16m████[38;2;226;225;229m████[38;2;16;16;16m██████      
    ██[38;2;226;225;229m██████████[38;2;185;173;176m██[38;2;176;161;77m████[38;2;16;16;16m████  ████[38;2;100;95;110m██[38;2;185;173;176m██[38;2;16;16;16m██[38;2;226;225;229m██[38;2;16;16;16m██[38;2;185;173;176m████[38;2;100;95;110m██[38;2;185;173;176m██████[38;2;100;95;110m██[38;2;16;16;16m████[38;2;226;225;229m██[38;2;185;173;176m████[38;2;16;16;16m██    
      ██[38;2;226;225;229m████████[38;2;16;16;16m██████          ████[38;2;226;225;229m██[38;2;16;16;16m██[38;2;185;173;176m██████[38;2;100;95;110m██[38;2;185;173;176m██████[38;2;100;95;110m██[38;2;185;173;176m████[38;2;16;16;16m████[38;2;105;102;45m██[38;2;176;161;77m██[38;2;16;16;16m██  
        ████████                  [38;2;105;102;45m██[38;2;226;225;229m██[38;2;16;16;16m██████[38;2;100;95;110m██[38;2;185;173;176m██████[38;2;100;95;110m██[38;2;185;173;176m████[38;2;100;95;110m██    [38;2;105;102;45m██[38;2;176;161;77m██[38;2;16;16;16m██  
          [38;2;105;102;45m██[38;2;176;161;77m██[38;2;105;102;45m██                ██[38;2;230;219;76m██[38;2;176;161;77m██[38;2;16;16;16m██    ██████[38;2;100;95;110m██[38;2;185;173;176m████[38;2;16;16;16m██      [38;2;105;102;45m██[38;2;176;161;77m██[38;2;16;16;16m██  
          [38;2;105;102;45m██[38;2;176;161;77m██[38;2;105;102;45m██                ██[38;2;230;219;76m████[38;2;16;16;16m██    [38;2;105;102;45m██[38;2;176;161;77m████[38;2;16;16;16m██████      [38;2;105;102;45m██[38;2;176;161;77m████[38;2;16;16;16m██  
        [38;2;105;102;45m██[38;2;176;161;77m████[38;2;105;102;45m██                ██[38;2;230;219;76m████[38;2;16;16;16m██    [38;2;105;102;45m██[38;2;176;161;77m████[38;2;105;102;45m██          ██[38;2;176;161;77m████[38;2;16;16;16m██  
        [38;2;105;102;45m██[38;2;176;161;77m████[38;2;105;102;45m██                ██[38;2;230;219;76m████[38;2;16;16;16m██    [38;2;105;102;45m██[38;2;176;161;77m████[38;2;105;102;45m██          ██[38;2;176;161;77m████[38;2;16;16;16m██  
        [38;2;105;102;45m██[38;2;176;161;77m████[38;2;105;102;45m██              ██[38;2;230;219;76m██████[38;2;16;16;16m██    [38;2;105;102;45m██[38;2;176;161;77m████[38;2;105;102;45m██          ██[38;2;176;161;77m████[38;2;16;16;16m██  
        [38;2;105;102;45m██[38;2;176;161;77m████[38;2;105;102;45m██              ██[38;2;230;219;76m████[38;2;176;161;77m██[38;2;16;16;16m██      [38;2;105;102;45m████            ██[38;2;176;161;77m████[38;2;16;16;16m██  
      [38;2;100;95;110m██[38;2;105;102;45m██[38;2;176;161;77m████[38;2;105;102;45m██              ██[38;2;176;161;77m██████[38;2;16;16;16m██                      [38;2;105;102;45m██[38;2;176;161;77m██[38;2;100;95;110m██[38;2;185;173;176m██[38;2;16;16;16m██
    [38;2;100;95;110m██[38;2;226;225;229m██[38;2;185;173;176m██[38;2;16;16;16m████                [38;2;105;102;45m██[38;2;176;161;77m██████[38;2;16;16;16m██                        ████████
    ██████                    [38;2;100;95;110m████[38;2;176;161;77m████[38;2;16;16;16m██                                
                            [38;2;100;95;110m██[38;2;226;225;229m██[38;2;185;173;176m██[38;2;16;16;16m████                                  
                            ██████                                      
[0m