                                            [38;2;75;76;76m██                                                                    
                                          ██[38;2;209;154;24m██[38;2;75;76;76m██                                                                  
                                        ██[38;2;255;218;70m██[38;2;209;154;24m██[38;2;75;76;76m██    [38;2;53;115;51m██████                                                        
                                        [38;2;75;76;76m██[38;2;255;218;70m██[38;2;209;154;24m██[38;2;255;218;70m██[38;2;75;76;76m██[38;2;53;115;51m██[38;2;73;172;49m██████[38;2;53;115;51m██                                                      
                                      [38;2;75;76;76m██[38;2;255;218;70m██[38;2;209;154;24m██[38;2;255;218;70m██████[38;2;75;76;76m██[38;2;73;172;49m████████[38;2;53;115;51m██              [38;2;75;76;76m██                                    
                                    ██[38;2;255;218;70m████[38;2;209;154;24m██[38;2;255;218;70m████████[38;2;75;76;76m██[38;2;73;172;49m██████[38;2;16;16;16m██            [38;2;75;76;76m██[38;2;209;154;24m██[38;2;75;76;76m██                                  
                ██                  ██[38;2;255;218;70m██[38;2;209;154;24m██[38;2;255;218;70m████████████[38;2;75;76;76m██[38;2;73;172;49m████[38;2;16;16;16m██          [38;2;75;76;76m██[38;2;255;218;70m██[38;2;209;154;24m██[38;2;75;76;76m██                                  
              ██[38;2;209;154;24m██[38;2;75;76;76m██              ██[38;2;255;218;70m████[38;2;209;154;24m██[38;2;255;218;70m████████████[38;2;75;76;76m██[38;2;73;172;49m██[38;2;16;16;16m██        [38;2;75;76;76m████[38;2;255;218;70m████[38;2;209;154;24m██[38;2;75;76;76m██                                  
              ██[38;2;209;154;24m██[38;2;255;218;70m██[38;2;75;76;76m██          ██[38;2;255;218;70m████[38;2;209;154;24m██[38;2;153;23;23m██[38;2;255;218;70m██████████████[38;2;75;76;76m██      ████[38;2;255;218;70m██████[38;2;209;154;24m██[38;2;255;218;70m████[38;2;75;76;76m██                                
            ██[38;2;255;218;70m██[38;2;209;154;24m██[38;2;255;218;70m████[38;2;75;76;76m██████    ██[38;2;255;218;70m██[38;2;209;154;24m██[38;2;237;59;47m██[38;2;153;23;23m██[38;2;209;154;24m██[38;2;255;218;70m████████████[38;2;75;76;76m██  ████[38;2;255;218;70m██████████[38;2;209;154;24m██[38;2;255;218;70m████[38;2;75;76;76m██                                
            ██[38;2;255;218;70m██[38;2;209;154;24m██[38;2;255;218;70m██████████[38;2;75;76;76m████[38;2;255;218;70m████[38;2;237;59;47m████[38;2;153;23;23m██[38;2;237;59;47m██[38;2;255;218;70m██████████████[38;2;75;76;76m██[38;2;255;218;70m████████████[38;2;209;154;24m██[38;2;255;218;70m██████[38;2;75;76;76m██                                
            ██[38;2;255;218;70m██[38;2;209;154;24m██[38;2;255;218;70m████████████[38;2;209;154;24m██[38;2;255;218;70m██[38;2;209;154;24m██[38;2;237;59;47m██[38;2;153;23;23m██[38;2;237;59;47m████[38;2;209;154;24m██[38;2;255;218;70m██████████[38;2;209;154;24m██[38;2;255;218;70m████████████[38;2;209;154;24m██[38;2;255;218;70m██████████[38;2;75;76;76m██                              
          ██[38;2;255;218;70m████[38;2;209;154;24m██[38;2;255;218;70m████████████[38;2;209;154;24m██[38;2;255;218;70m██[38;2;237;59;47m████[38;2;153;23;23m██[38;2;237;59;47m██████[38;2;255;218;70m██████████[38;2;209;154;24m██[38;2;255;218;70m██████████[38;2;209;154;24m██[38;2;255;218;70m████████████[38;2;75;76;76m██                              
          ██[38;2;255;218;70m██████[38;2;209;154;24m██[38;2;255;218;70m████████████[38;2;209;154;24m██[38;2;237;59;47m████[38;2;153;23;23m██[38;2;237;59;47m██████[38;2;209;154;24m██[38;2;255;218;70m██████[38;2;209;154;24m██[38;2;255;218;70m██████████[38;2;153;23;23m██[38;2;209;154;24m██[38;2;255;218;70m████████████[38;2;75;76;76m██                              
          ██[38;2;255;218;70m██████[38;2;209;154;24m██[38;2;255;218;70m██████████[38;2;209;154;24m██[38;2;237;59;47m██████[38;2;153;23;23m██[38;2;237;59;47m████████[38;2;255;218;70m████[38;2;209;154;24m██[38;2;255;218;70m████████[38;2;153;23;23m██████[38;2;209;154;24m██[38;2;255;218;70m████████████[38;2;75;76;76m██                              
          ██[38;2;255;218;70m██████[38;2;153;23;23m██[38;2;209;154;24m██[38;2;255;218;70m████████[38;2;209;154;24m██[38;2;237;59;47m████[38;2;153;23;23m██[38;2;253;253;253m██[38;2;153;23;23m██[38;2;237;59;47m██████[38;2;209;154;24m██[38;2;255;218;70m██[38;2;209;154;24m██[38;2;255;218;70m████[38;2;153;23;23m████[38;2;237;59;47m██[38;2;153;23;23m██[38;2;237;59;47m██[38;2;209;154;24m██[38;2;255;218;70m████████████[38;2;75;76;76m██                              
          ██[38;2;255;218;70m██████[38;2;153;23;23m██[38;2;237;59;47m██[38;2;209;154;24m██[38;2;255;218;70m████[38;2;209;154;24m██[38;2;237;59;47m██████[38;2;153;23;23m██[38;2;255;218;70m██[38;2;153;23;23m██[38;2;237;59;47m████████[38;2;209;154;24m██[38;2;153;23;23m██████[38;2;237;59;47m████[38;2;153;23;23m██[38;2;237;59;47m██[38;2;153;23;23m██[38;2;255;218;70m████████████[38;2;75;76;76m██                                
          ██[38;2;255;218;70m██████[38;2;237;59;47m██[38;2;87;15;15m██[38;2;237;59;47m██[38;2;153;23;23m██████[38;2;237;59;47m████[38;2;153;23;23m██[38;2;253;253;253m██████[38;2;153;23;23m██[38;2;237;59;47m████[38;2;87;15;15m████[38;2;237;59;47m██████[38;2;153;23;23m████[38;2;237;59;47m████[38;2;153;23;23m██[38;2;255;218;70m████████████[38;2;75;76;76m██                                
            ██[38;2;255;218;70m████[38;2;153;23;23m██[38;2;237;59;47m██[38;2;87;15;15m██[38;2;237;59;47m██████[38;2;16;16;16m████[38;2;255;218;70m██[38;2;253;253;253m██████[38;2;0;211;249m██[38;2;87;15;15m████[38;2;237;59;47m██████[38;2;153;23;23m████[38;2;237;59;47m██████[38;2;153;23;23m██[38;2;255;218;70m████████████[38;2;75;76;76m██                                  
            ██[38;2;255;218;70m████[38;2;153;23;23m██[38;2;237;59;47m████[38;2;87;15;15m██[38;2;237;59;47m████████[38;2;16;16;16m██[38;2;0;211;249m██[38;2;253;253;253m██[38;2;255;218;70m██[38;2;87;15;15m██[38;2;237;59;47m██████[38;2;87;15;15m████[38;2;237;59;47m██████████[38;2;153;23;23m██[38;2;255;218;70m████████[38;2;75;76;76m████[38;2;87;15;15m██                                  
              [38;2;75;76;76m██[38;2;255;218;70m████[38;2;153;23;23m██[38;2;237;59;47m████[38;2;87;15;15m████[38;2;237;59;47m██████[38;2;16;16;16m██[38;2;253;253;253m██[38;2;87;15;15m██[38;2;237;59;47m████[38;2;87;15;15m████[38;2;237;59;47m██████████████[38;2;153;23;23m██[38;2;255;218;70m████[38;2;209;154;24m████[38;2;255;218;70m████[38;2;75;76;76m██[38;2;87;15;15m████                              
              [38;2;75;76;76m██[38;2;255;218;70m████[38;2;87;15;15m██[38;2;237;59;47m████████[38;2;87;15;15m██[38;2;237;59;47m████[38;2;16;16;16m██[38;2;255;218;70m██[38;2;87;15;15m██[38;2;237;59;47m██[38;2;87;15;15m██[38;2;237;59;47m██████████████████[38;2;153;23;23m██[38;2;209;154;24m████[38;2;255;218;70m██████████[38;2;75;76;76m██[38;2;237;59;47m██[38;2;87;15;15m████                          
          ██[38;2;75;76;76m██[38;2;209;154;24m██[38;2;255;218;70m████[38;2;87;15;15m██[38;2;153;23;23m██[38;2;237;59;47m██[38;2;153;23;23m██[38;2;87;15;15m██[38;2;237;59;47m██[38;2;87;15;15m██[38;2;237;59;47m████[38;2;87;15;15m██[38;2;237;59;47m██[38;2;87;15;15m██[38;2;237;59;47m██[38;2;153;23;23m██[38;2;87;15;15m██[38;2;237;59;47m████████████[38;2;153;23;23m██[38;2;87;15;15m██[38;2;209;154;24m██[38;2;255;218;70m████████████[38;2;75;76;76m██[38;2;237;59;47m██[38;2;87;15;15m██[38;2;153;23;23m██[38;2;87;15;15m██████                    
        ██[38;2;255;218;70m██[38;2;75;76;76m██[38;2;255;218;70m██[38;2;209;154;24m██[38;2;255;218;70m████[38;2;87;15;15m██[38;2;237;59;47m██[38;2;87;15;15m██[38;2;153;23;23m██[38;2;237;59;47m██[38;2;87;15;15m██[38;2;237;59;47m████[38;2;87;15;15m██[38;2;237;59;47m██[38;2;87;15;15m██[38;2;237;59;47m██[38;2;87;15;15m██[38;2;153;23;23m██[38;2;87;15;15m██[38;2;237;59;47m████████[38;2;153;23;23m██[38;2;87;15;15m██[38;2;209;154;24m██[38;2;255;218;70m████████████████[38;2;75;76;76m██[38;2;87;15;15m██[38;2;153;23;23m████████[38;2;87;15;15m████████████████    
      ██[38;2;75;76;76m████[38;2;255;218;70m██████[38;2;209;154;24m████[38;2;87;15;15m██[38;2;153;23;23m██[38;2;87;15;15m██[38;2;237;59;47m████[38;2;87;15;15m██[38;2;237;59;47m██[38;2;87;15;15m██[38;2;153;23;23m██[38;2;237;59;47m██[38;2;87;15;15m██[38;2;237;59;47m██████[38;2;87;15;15m██[38;2;153;23;23m████████[38;2;87;15;15m██[38;2;153;23;23m██[38;2;237;59;47m██████[38;2;209;154;24m██[38;2;255;218;70m████████████[38;2;75;76;76m████[38;2;153;23;23m██████████████████████[38;2;87;15;15m██  
[38;2;75;76;76m████████[38;2;255;218;70m████████[38;2;209;154;24m██[38;2;237;59;47m████[38;2;153;23;23m██[38;2;16;16;16m████[38;2;87;15;15m████[38;2;153;23;23m████[38;2;87;15;15m██[38;2;153;23;23m██████[38;2;87;15;15m██████[38;2;153;23;23m██[38;2;16;16;16m████████[38;2;153;23;23m██[38;2;237;59;47m████████████[38;2;209;154;24m██[38;2;255;218;70m████████████[38;2;75;76;76m██████[38;2;153;23;23m████████████████[38;2;87;15;15m██  
[38;2;75;76;76m██[38;2;226;167;27m██[38;2;255;218;70m████████[38;2;209;154;24m██[38;2;237;59;47m██████████[38;2;153;23;23m██[38;2;253;253;253m██[38;2;16;16;16m██[38;2;153;23;23m██████[38;2;87;15;15m██[38;2;153;23;23m████████████[38;2;16;16;16m██[38;2;75;76;76m██[38;2;0;211;249m██[38;2;253;253;253m██[38;2;153;23;23m██[38;2;237;59;47m████████[38;2;153;23;23m████████[38;2;209;154;24m██[38;2;255;218;70m██████████[38;2;209;154;24m████[38;2;16;16;16m██[38;2;153;23;23m██████████████████[38;2;87;15;15m██
  [38;2;75;76;76m██[38;2;209;154;24m██[38;2;255;218;70m████[38;2;209;154;24m██[38;2;153;23;23m████████[38;2;237;59;47m████[38;2;153;23;23m██[38;2;253;253;253m██[38;2;75;76;76m██[38;2;16;16;16m████[38;2;153;23;23m████[38;2;16;16;16m██[38;2;153;23;23m██████[38;2;16;16;16m████[38;2;75;76;76m████[38;2;253;253;253m██[38;2;255;218;70m██[38;2;153;23;23m██[38;2;237;59;47m██████[38;2;153;23;23m██████[38;2;209;154;24m██████████████████[38;2;16;16;16m██[38;2;153;23;23m████████████████████[38;2;87;15;15m██
  [38;2;16;16;16m██[38;2;209;154;24m████████████[38;2;153;23;23m██████[38;2;237;59;47m████[38;2;0;211;249m██[38;2;253;253;253m██[38;2;75;76;76m████[38;2;16;16;16m████[38;2;75;76;76m██[38;2;44;43;41m██[38;2;16;16;16m████[38;2;253;253;253m██[38;2;75;76;76m████[38;2;253;253;253m████[38;2;153;23;23m██[38;2;237;59;47m██████[38;2;153;23;23m██████[38;2;209;154;24m██████████████████[38;2;16;16;16m██[38;2;153;23;23m██████████████████████[38;2;87;15;15m██
    [38;2;16;16;16m██[38;2;209;154;24m██████████████[38;2;153;23;23m████[38;2;237;59;47m██[38;2;153;23;23m██[38;2;253;253;253m████[38;2;255;218;70m██[38;2;253;253;253m██[38;2;75;76;76m██████████[38;2;253;253;253m████[38;2;255;218;70m██[38;2;253;253;253m████[38;2;153;23;23m██[38;2;237;59;47m██████[38;2;153;23;23m████[38;2;209;154;24m████[38;2;16;16;16m████[38;2;209;154;24m████████[38;2;16;16;16m████[38;2;153;23;23m████████████████████████[38;2;87;15;15m██
    ██[38;2;16;16;16m████[38;2;209;154;24m██████[38;2;16;16;16m████[38;2;209;154;24m██[38;2;153;23;23m██[38;2;237;59;47m████[38;2;153;23;23m██[38;2;253;253;253m████[38;2;75;76;76m██[38;2;44;43;41m██[38;2;0;211;249m██████[38;2;44;43;41m██[38;2;75;76;76m██[38;2;253;253;253m████[38;2;153;23;23m████[38;2;237;59;47m██████[38;2;153;23;23m██████[38;2;209;154;24m██[38;2;16;16;16m██[38;2;237;59;47m████[38;2;16;16;16m████████[38;2;153;23;23m████████████████████████████[38;2;87;15;15m██
    ██[38;2;255;218;70m████[38;2;16;16;16m██████[38;2;255;218;70m██[38;2;44;43;41m██[38;2;16;16;16m██[38;2;153;23;23m██[38;2;237;59;47m██████[38;2;44;43;41m██[38;2;153;23;23m████[38;2;87;15;15m████[38;2;0;211;249m██[38;2;87;15;15m████[38;2;153;23;23m██████[38;2;75;76;76m██[38;2;237;59;47m████████[38;2;153;23;23m██████[38;2;209;154;24m██[38;2;16;16;16m██[38;2;237;59;47m████████[38;2;87;15;15m██[38;2;153;23;23m██████████████████████████████[38;2;87;15;15m██
    ██[38;2;255;218;70m██████████[38;2;44;43;41m██[38;2;75;76;76m██[38;2;16;16;16m██[38;2;153;23;23m████[38;2;237;59;47m██[38;2;44;43;41m██[38;2;253;253;253m██[38;2;44;43;41m██[38;2;87;15;15m██[38;2;0;211;249m████████████[38;2;87;15;15m██[38;2;75;76;76m██[38;2;253;253;253m██[38;2;44;43;41m██[38;2;237;59;47m██████[38;2;153;23;23m██████[38;2;16;16;16m██[38;2;237;59;47m██████████[38;2;87;15;15m██[38;2;153;23;23m██████████████████████████████[38;2;87;15;15m██
      ██[38;2;255;218;70m████████[38;2;44;43;41m██[38;2;75;76;76m████[38;2;16;16;16m██[38;2;153;23;23m██[38;2;237;59;47m██[38;2;44;43;41m██[38;2;253;253;253m████[38;2;44;43;41m██[38;2;0;211;249m██[38;2;75;76;76m████████[38;2;0;211;249m██[38;2;75;76;76m██[38;2;253;253;253m████[38;2;44;43;41m██[38;2;237;59;47m██████[38;2;153;23;23m██████[38;2;16;16;16m████[38;2;237;59;47m██████[38;2;87;15;15m██[38;2;153;23;23m██████████████████████████████[38;2;87;15;15m██  
      ██[38;2;255;218;70m██████[38;2;44;43;41m██[38;2;75;76;76m██████[38;2;16;16;16m██[38;2;153;23;23m██[38;2;237;59;47m████[38;2;44;43;41m██[38;2;253;253;253m████[38;2;75;76;76m██[38;2;0;211;249m████████[38;2;75;76;76m██[38;2;253;253;253m████[38;2;44;43;41m██[38;2;237;59;47m██████[38;2;153;23;23m██████[38;2;87;15;15m██[38;2;16;16;16m████[38;2;237;59;47m██████[38;2;87;15;15m██[38;2;153;23;23m██████████████████████████████[38;2;87;15;15m██  
      ██[38;2;255;218;70m██████[38;2;44;43;41m██[38;2;16;16;16m████████[38;2;153;23;23m████[38;2;237;59;47m██[38;2;44;43;41m██[38;2;253;253;253m██[38;2;75;76;76m██[38;2;0;211;249m████[38;2;87;15;15m████[38;2;0;211;249m████[38;2;75;76;76m██[38;2;253;253;253m██[38;2;44;43;41m██[38;2;237;59;47m██████[38;2;153;23;23m██████[38;2;16;16;16m██[38;2;237;59;47m██████████[38;2;87;15;15m██[38;2;153;23;23m██████████████████████████████[38;2;87;15;15m██  
      ██[38;2;255;218;70m████████████[38;2;87;15;15m██[38;2;16;16;16m██[38;2;153;23;23m████[38;2;237;59;47m██[38;2;87;15;15m██[38;2;0;211;249m████[38;2;87;15;15m████[38;2;153;23;23m████[38;2;87;15;15m████[38;2;0;211;249m████[38;2;87;15;15m██[38;2;237;59;47m████[38;2;153;23;23m████████[38;2;16;16;16m██[38;2;237;59;47m████████[38;2;87;15;15m██[38;2;153;23;23m██████████████████████████████[38;2;87;15;15m██    
        ██[38;2;255;218;70m████████[38;2;87;15;15m████[38;2;237;59;47m██[38;2;16;16;16m██[38;2;153;23;23m██[38;2;237;59;47m████[38;2;87;15;15m████[38;2;237;59;47m██[38;2;153;23;23m██[38;2;87;15;15m██[38;2;153;23;23m██[38;2;237;59;47m████[38;2;87;15;15m████[38;2;237;59;47m██████[38;2;153;23;23m████████[38;2;16;16;16m██[38;2;237;59;47m████████[38;2;87;15;15m██[38;2;153;23;23m██████████████████████████████[38;2;87;15;15m██    
        ██[38;2;255;218;70m██████[38;2;87;15;15m██[38;2;153;23;23m██[38;2;87;15;15m██[38;2;237;59;47m██[38;2;16;16;16m██[38;2;153;23;23m████[38;2;237;59;47m██████[38;2;153;23;23m████[38;2;87;15;15m██[38;2;153;23;23m██████[38;2;237;59;47m██████[38;2;153;23;23m██████████[38;2;16;16;16m██[38;2;237;59;47m██████████[38;2;87;15;15m████[38;2;153;23;23m████████████████████████████[38;2;87;15;15m██    
        ██[38;2;255;218;70m██[38;2;87;15;15m████[38;2;153;23;23m████[38;2;87;15;15m██[38;2;237;59;47m██[38;2;16;16;16m██[38;2;153;23;23m████████████████[38;2;87;15;15m██[38;2;153;23;23m████████████████████[38;2;16;16;16m██[38;2;237;59;47m████████[38;2;87;15;15m██[38;2;255;218;70m████[38;2;87;15;15m██[38;2;153;23;23m████████████████████████[38;2;87;15;15m██      
        ████[38;2;153;23;23m██████[38;2;87;15;15m██[38;2;237;59;47m██████[38;2;16;16;16m██[38;2;153;23;23m████████████[38;2;87;15;15m██[38;2;16;16;16m████[38;2;153;23;23m████████████████[38;2;16;16;16m██[38;2;237;59;47m██████████[38;2;87;15;15m██[38;2;255;218;70m██████[38;2;87;15;15m████[38;2;153;23;23m████████████████████[38;2;87;15;15m██      
        ██[38;2;153;23;23m████████[38;2;87;15;15m██[38;2;237;59;47m████[38;2;44;43;41m██[38;2;75;76;76m██[38;2;16;16;16m██[38;2;153;23;23m████████[38;2;16;16;16m████[38;2;53;115;51m████[38;2;16;16;16m████[38;2;153;23;23m████████[38;2;16;16;16m████[38;2;237;59;47m████████████[38;2;87;15;15m██[38;2;255;218;70m██████████[38;2;87;15;15m████[38;2;153;23;23m██████████████[38;2;87;15;15m██        
      ██[38;2;153;23;23m██████████[38;2;87;15;15m██[38;2;237;59;47m████[38;2;44;43;41m██[38;2;75;76;76m██[38;2;16;16;16m██████████[38;2;73;172;49m██[38;2;53;115;51m████████[38;2;162;205;29m██[38;2;16;16;16m████████[38;2;75;76;76m██[38;2;44;43;41m██[38;2;237;59;47m████████████[38;2;87;15;15m██[38;2;255;218;70m██████████████[38;2;87;15;15m██████[38;2;153;23;23m████████[38;2;16;16;16m██        
      [38;2;87;15;15m██[38;2;153;23;23m████████[38;2;87;15;15m██[38;2;237;59;47m██████[38;2;16;16;16m████[38;2;87;15;15m██[38;2;16;16;16m██[38;2;53;115;51m██[38;2;253;253;253m██[38;2;53;115;51m██[38;2;253;253;253m██[38;2;53;115;51m██████████[38;2;162;205;29m████[38;2;53;115;51m██[38;2;44;43;41m██[38;2;16;16;16m████[38;2;237;59;47m████████████[38;2;87;15;15m██[38;2;255;218;70m████████████████████[38;2;87;15;15m████████          
      ██[38;2;153;23;23m████████[38;2;87;15;15m██[38;2;237;59;47m██████[38;2;44;43;41m██[38;2;87;15;15m████[38;2;16;16;16m██[38;2;53;115;51m██[38;2;73;172;49m██[38;2;253;253;253m██████[38;2;73;172;49m██[38;2;53;115;51m██████████████[38;2;44;43;41m██[38;2;237;59;47m██████████████[38;2;87;15;15m██[38;2;255;218;70m██████████████████████████[38;2;16;16;16m██          
      [38;2;87;15;15m██[38;2;153;23;23m██████[38;2;87;15;15m██[38;2;237;59;47m██████[38;2;44;43;41m██[38;2;87;15;15m██████[38;2;16;16;16m██[38;2;53;115;51m████[38;2;253;253;253m████[38;2;73;172;49m██[38;2;53;115;51m████████████████[38;2;162;205;29m██[38;2;44;43;41m██[38;2;237;59;47m████████████[38;2;87;15;15m██[38;2;255;218;70m████████████████████████[38;2;16;16;16m██            
    [38;2;87;15;15m██[38;2;153;23;23m████████[38;2;87;15;15m██[38;2;237;59;47m████[38;2;16;16;16m██[38;2;87;15;15m██[38;2;44;43;41m██████[38;2;16;16;16m██[38;2;53;115;51m██[38;2;253;253;253m██[38;2;73;172;49m██[38;2;253;253;253m████[38;2;53;115;51m██████████████[38;2;162;205;29m██[38;2;255;218;70m████[38;2;16;16;16m██[38;2;237;59;47m██████████[38;2;87;15;15m██[38;2;255;218;70m██████████████████████[38;2;16;16;16m██              
    [38;2;87;15;15m██[38;2;153;23;23m██████[38;2;87;15;15m██[38;2;237;59;47m████[38;2;16;16;16m██[38;2;44;43;41m████        [38;2;16;16;16m██[38;2;253;253;253m██[38;2;53;115;51m████[38;2;253;253;253m██[38;2;73;172;49m██[38;2;53;115;51m████████████[38;2;162;205;29m██[38;2;255;218;70m████[38;2;162;205;29m██[38;2;16;16;16m████[38;2;237;59;47m████████[38;2;87;15;15m██[38;2;255;218;70m██████████████████[38;2;16;16;16m██                
    [38;2;87;15;15m██[38;2;153;23;23m████[38;2;87;15;15m██[38;2;237;59;47m████[38;2;16;16;16m██            ████[38;2;73;172;49m████[38;2;53;115;51m████████████████████[38;2;162;205;29m████[38;2;53;115;51m██████[38;2;16;16;16m██████[38;2;237;59;47m██[38;2;87;15;15m██[38;2;255;218;70m██████████████[38;2;16;16;16m████                  
      ██[38;2;87;15;15m██[38;2;237;59;47m██[38;2;16;16;16m████            ██[38;2;73;172;49m██████[38;2;75;76;76m██[38;2;73;172;49m████████[38;2;53;115;51m██████████[38;2;73;172;49m████████[38;2;53;115;51m██████████[38;2;16;16;16m████[38;2;87;15;15m██[38;2;255;218;70m████████[38;2;16;16;16m████                      
        ████                  ██[38;2;44;43;41m██[38;2;75;76;76m██[38;2;73;172;49m██████[38;2;75;76;76m██[38;2;73;172;49m████████████████████[38;2;75;76;76m██[38;2;53;115;51m██████[38;2;44;43;41m██    [38;2;16;16;16m██████████                          
                                ██[38;2;73;172;49m██████[38;2;75;76;76m██[38;2;73;172;49m██████[38;2;75;76;76m██[38;2;73;172;49m██████[38;2;53;115;51m██[38;2;73;172;49m████████[38;2;75;76;76m██[38;2;53;115;51m██████[38;2;16;16;16m██                                      
                                  ██████[38;2;73;172;49m████████[38;2;16;16;16m██[38;2;73;172;49m██████[38;2;75;76;76m██[38;2;73;172;49m██████████[38;2;16;16;16m██████                                        
                                  ██[38;2;44;43;41m██[38;2;16;16;16m██[38;2;73;172;49m████[38;2;16;16;16m████  ██[38;2;73;172;49m██████[38;2;16;16;16m████[38;2;73;172;49m████[38;2;53;115;51m██[38;2;16;16;16m██                                            
                                  ██[38;2;44;43;41m████[38;2;16;16;16m████[38;2;123;108;55m██[38;2;16;16;16m██    ██[38;2;73;172;49m████[38;2;16;16;16m██[38;2;44;43;41m██[38;2;16;16;16m██████                                              
                                ██[38;2;44;43;41m██████[38;2;123;108;55m████[38;2;16;16;16m██        ████[38;2;44;43;41m██████[38;2;16;16;16m██                                                
                                ██[38;2;44;43;41m██████[38;2;123;108;55m██[38;2;16;16;16m██            ██[38;2;44;43;41m████████[38;2;16;16;16m██                                              
                                ██[38;2;75;76;76m████[38;2;44;43;41m██[38;2;123;108;55m██[38;2;16;16;16m██              ██[38;2;44;43;41m██████[38;2;16;16;16m██                                              
                              [38;2;44;43;41m██[38;2;75;76;76m██████[38;2;44;43;41m██[38;2;123;108;55m██[38;2;16;16;16m██              ██[38;2;75;76;76m████[38;2;44;43;41m██[38;2;16;16;16m██                                              
                              [38;2;44;43;41m██[38;2;75;76;76m██████[38;2;44;43;41m██[38;2;123;108;55m██[38;2;16;16;16m██              ██[38;2;75;76;76m████[38;2;44;43;41m██[38;2;123;108;55m██[38;2;16;16;16m██                                            
                              [38;2;44;43;41m██[38;2;75;76;76m████[38;2;44;43;41m██[38;2;123;108;55m████[38;2;16;16;16m██              ██[38;2;75;76;76m████[38;2;44;43;41m██[38;2;123;108;55m██[38;2;16;16;16m██                                            
                            [38;2;44;43;41m██[38;2;75;76;76m██████[38;2;44;43;41m██[38;2;123;108;55m██[38;2;16;16;16m██                  [38;2;44;43;41m██[38;2;75;76;76m████[38;2;44;43;41m██[38;2;123;108;55m██[38;2;16;16;16m██                                          
                            [38;2;44;43;41m██[38;2;75;76;76m██████[38;2;44;43;41m██[38;2;123;108;55m██[38;2;16;16;16m██                  [38;2;44;43;41m██[38;2;75;76;76m████[38;2;44;43;41m██[38;2;123;108;55m██[38;2;16;16;16m██                                          
                            [38;2;44;43;41m██[38;2;75;76;76m██████[38;2;44;43;41m██[38;2;123;108;55m██[38;2;16;16;16m██                  [38;2;44;43;41m██[38;2;75;76;76m████[38;2;44;43;41m██[38;2;123;108;55m██[38;2;16;16;16m██                                          
                [38;2;53;115;51m██        [38;2;44;43;41m██[38;2;75;76;76m████████[38;2;44;43;41m██[38;2;123;108;55m██[38;2;16;16;16m██                  [38;2;44;43;41m██[38;2;75;76;76m██████[38;2;44;43;41m██[38;2;123;108;55m██[38;2;16;16;16m██                                        
              [38;2;44;43;41m██[38;2;73;172;49m██[38;2;53;115;51m██    ██████[38;2;75;76;76m██████[38;2;44;43;41m██[38;2;123;108;55m██[38;2;16;16;16m██                  [38;2;44;43;41m██[38;2;75;76;76m██████[38;2;44;43;41m██[38;2;123;108;55m██[38;2;16;16;16m██                                        
              [38;2;44;43;41m██[38;2;73;172;49m████[38;2;53;115;51m████[38;2;73;172;49m██████[38;2;44;43;41m██[38;2;75;76;76m████[38;2;44;43;41m██[38;2;123;108;55m██[38;2;16;16;16m██                  [38;2;44;43;41m██[38;2;75;76;76m██████[38;2;44;43;41m██[38;2;123;108;55m██[38;2;16;16;16m██                                        
                ██[38;2;73;172;49m██[38;2;53;115;51m██[38;2;73;172;49m████[38;2;53;115;51m██[38;2;44;43;41m██[38;2;75;76;76m████[38;2;44;43;41m██[38;2;123;108;55m████[38;2;16;16;16m██              [38;2;53;115;51m████[38;2;75;76;76m████████[38;2;53;115;51m████[38;2;123;108;55m██[38;2;16;16;16m██                                      
              [38;2;44;43;41m██[38;2;75;76;76m██[38;2;16;16;16m██[38;2;53;115;51m██[38;2;44;43;41m██████[38;2;75;76;76m██████[38;2;44;43;41m██[38;2;123;108;55m████[38;2;16;16;16m██            [38;2;53;115;51m██[38;2;73;172;49m████[38;2;53;115;51m██[38;2;75;76;76m████[38;2;53;115;51m██[38;2;73;172;49m████[38;2;53;115;51m██[38;2;16;16;16m██                                      
              ██[38;2;75;76;76m████[38;2;44;43;41m██[38;2;75;76;76m████████[38;2;44;43;41m████[38;2;123;108;55m████[38;2;16;16;16m██                [38;2;44;43;41m██[38;2;73;172;49m████[38;2;53;115;51m████[38;2;73;172;49m████[38;2;16;16;16m██[38;2;123;108;55m██[38;2;16;16;16m██                                      
              ██[38;2;75;76;76m████[38;2;16;16;16m██[38;2;75;76;76m████[38;2;44;43;41m████[38;2;123;108;55m████[38;2;16;16;16m████                  [38;2;44;43;41m██[38;2;16;16;16m██[38;2;73;172;49m██[38;2;53;115;51m██[38;2;73;172;49m████[38;2;16;16;16m██[38;2;44;43;41m██[38;2;123;108;55m██[38;2;16;16;16m██                                      
                ██████[38;2;75;76;76m██[38;2;44;43;41m██[38;2;123;108;55m████[38;2;16;16;16m████                    [38;2;44;43;41m██[38;2;75;76;76m████[38;2;16;16;16m██[38;2;53;115;51m██[38;2;44;43;41m████[38;2;75;76;76m██[38;2;123;108;55m██[38;2;16;16;16m██                                        
                      ████████                        [38;2;44;43;41m██[38;2;75;76;76m██████[38;2;44;43;41m██[38;2;75;76;76m████[38;2;44;43;41m██[38;2;123;108;55m██[38;2;16;16;16m██                                        
                                                      [38;2;44;43;41m██[38;2;75;76;76m████[38;2;44;43;41m██[38;2;16;16;16m██[38;2;44;43;41m████[38;2;123;108;55m██[38;2;16;16;16m██                                          
                                                        ██████  ██████                                            
[0m