                                              [38;2;117;0;130m████████                            
                              ██████      ████[38;2;227;16;251m████████[38;2;117;0;130m██                          
                          ████[38;2;227;16;251m██████[38;2;117;0;130m██████[38;2;227;16;251m██████████████[38;2;117;0;130m██                        
                        ██[38;2;227;16;251m██████████████████████████████[38;2;117;0;130m██                        
                      ██[38;2;171;14;171m██[38;2;117;0;130m████[38;2;171;14;171m██[38;2;227;16;251m██████████████████████████[38;2;117;0;130m██                      
                    ██████[38;2;227;16;251m██████████████[38;2;171;14;171m██[38;2;117;0;130m████████[38;2;227;16;251m██████████[38;2;117;0;130m████                  
                ████[38;2;227;16;251m██████████████████[38;2;117;0;130m████[38;2;194;36;97m██████[38;2;117;0;130m████[38;2;171;14;171m██[38;2;227;16;251m██████████[38;2;117;0;130m████              
              ██[38;2;227;16;251m████████[38;2;117;0;130m██████[38;2;227;16;251m██████[38;2;117;0;130m██[38;2;194;36;97m████████[38;2;117;0;130m██[38;2;227;16;251m████████████████████[38;2;117;0;130m██            
              ██[38;2;227;16;251m██████[38;2;117;0;130m██[38;2;194;36;97m██████[38;2;117;0;130m██████[38;2;194;36;97m████████[38;2;117;0;130m██[38;2;227;16;251m██████████████[38;2;171;14;171m██[38;2;227;16;251m████████[38;2;117;0;130m██          
            ██[38;2;227;16;251m██████[38;2;117;0;130m██[38;2;194;36;97m██████████████████████[38;2;117;0;130m██[38;2;227;16;251m████████████████[38;2;117;0;130m██[38;2;227;16;251m████████[38;2;117;0;130m██        
        ████[38;2;227;16;251m██████[38;2;117;0;130m████[38;2;194;36;97m██████████████[38;2;154;27;72m████████[38;2;117;0;130m██[38;2;227;16;251m████████████████[38;2;117;0;130m██[38;2;227;16;251m██[38;2;171;14;171m██[38;2;227;16;251m████[38;2;117;0;130m██        
      ██[38;2;227;16;251m████████[38;2;117;0;130m██[38;2;227;16;251m████[38;2;117;0;130m██[38;2;194;36;97m████████[38;2;154;27;72m████[38;2;247;57;131m██████████[38;2;117;0;130m██[38;2;227;16;251m████████████[38;2;117;0;130m██[38;2;227;16;251m██████[38;2;117;0;130m██[38;2;227;16;251m████[38;2;117;0;130m██      
      ██[38;2;227;16;251m██████[38;2;171;14;171m██[38;2;227;16;251m██████[38;2;117;0;130m██[38;2;194;36;97m██████[38;2;154;27;72m██[38;2;247;57;131m██[38;2;248;248;248m██████[38;2;247;57;131m████████[38;2;117;0;130m████[38;2;227;16;251m██████[38;2;117;0;130m██████[38;2;227;16;251m████[38;2;117;0;130m██[38;2;227;16;251m████[38;2;117;0;130m██      
    ██[38;2;227;16;251m████████████████[38;2;117;0;130m██[38;2;194;36;97m████[38;2;154;27;72m██[38;2;247;57;131m██[38;2;248;248;248m██████████[38;2;247;57;131m██████████[38;2;117;0;130m██████[38;2;194;36;97m██████[38;2;117;0;130m██[38;2;227;16;251m████[38;2;117;0;130m██[38;2;227;16;251m██[38;2;117;0;130m██      
    ██[38;2;227;16;251m██████████████[38;2;117;0;130m██[38;2;194;36;97m████[38;2;154;27;72m██[38;2;247;57;131m████[38;2;248;248;248m██████████[38;2;247;57;131m██████████████[38;2;154;27;72m██[38;2;194;36;97m██████[38;2;117;0;130m██[38;2;227;16;251m████[38;2;117;0;130m██[38;2;227;16;251m██[38;2;117;0;130m██      
    ██[38;2;227;16;251m████[38;2;171;14;171m██[38;2;227;16;251m████████[38;2;117;0;130m██[38;2;194;36;97m████[38;2;154;27;72m██[38;2;247;57;131m████[38;2;248;248;248m██████████[38;2;247;57;131m██████████████[38;2;154;27;72m██[38;2;194;36;97m██████[38;2;117;0;130m██[38;2;227;16;251m████[38;2;117;0;130m██[38;2;227;16;251m████[38;2;117;0;130m██    
      ██[38;2;227;16;251m██[38;2;117;0;130m██[38;2;227;16;251m██████[38;2;117;0;130m██[38;2;194;36;97m████[38;2;154;27;72m██[38;2;247;57;131m████████[38;2;248;248;248m██████[38;2;247;57;131m██████████████████[38;2;154;27;72m██[38;2;194;36;97m████[38;2;117;0;130m██[38;2;227;16;251m██[38;2;117;0;130m██[38;2;227;16;251m██████[38;2;117;0;130m██    
      ██[38;2;227;16;251m██[38;2;117;0;130m██[38;2;227;16;251m████[38;2;117;0;130m██[38;2;194;36;97m██████[38;2;154;27;72m██[38;2;247;57;131m████████████████████████████████[38;2;154;27;72m██[38;2;194;36;97m████[38;2;117;0;130m██[38;2;227;16;251m██[38;2;117;0;130m██[38;2;227;16;251m████████[38;2;117;0;130m██  
      ██[38;2;227;16;251m████[38;2;117;0;130m████[38;2;194;36;97m████████[38;2;154;27;72m██[38;2;247;57;131m████████████████████████████████[38;2;154;27;72m██[38;2;194;36;97m██[38;2;117;0;130m██[38;2;227;16;251m████[38;2;117;0;130m██[38;2;227;16;251m████████[38;2;117;0;130m██  
    ██[38;2;227;16;251m████████[38;2;117;0;130m██[38;2;194;36;97m████████[38;2;154;27;72m██[38;2;247;57;131m████████████████████████████████[38;2;154;27;72m██[38;2;194;36;97m██[38;2;117;0;130m██[38;2;227;16;251m██████[38;2;171;14;171m██[38;2;227;16;251m████████[38;2;117;0;130m██
    ██[38;2;227;16;251m████████[38;2;117;0;130m██[38;2;194;36;97m████████[38;2;154;27;72m██[38;2;247;57;131m████████████████████████████████[38;2;154;27;72m██[38;2;117;0;130m██[38;2;227;16;251m██████████████████[38;2;117;0;130m██
    ██[38;2;227;16;251m██[38;2;171;14;171m██[38;2;227;16;251m████[38;2;117;0;130m██[38;2;194;36;97m████████[38;2;154;27;72m██[38;2;247;57;131m████████████████████████████████[38;2;117;0;130m██[38;2;227;16;251m████████████[38;2;117;0;130m██[38;2;227;16;251m██████[38;2;117;0;130m██
    ██[38;2;227;16;251m██[38;2;117;0;130m██[38;2;227;16;251m██████[38;2;117;0;130m██[38;2;194;36;97m████████[38;2;154;27;72m██[38;2;247;57;131m████████████████████████████[38;2;154;27;72m██[38;2;117;0;130m██[38;2;227;16;251m████████████[38;2;117;0;130m██[38;2;227;16;251m████[38;2;117;0;130m██  
      ████[38;2;227;16;251m████████[38;2;117;0;130m██[38;2;194;36;97m██████[38;2;154;27;72m██[38;2;247;57;131m████████████████████████████[38;2;154;27;72m██[38;2;117;0;130m██[38;2;227;16;251m████████████[38;2;117;0;130m██[38;2;227;16;251m██[38;2;117;0;130m██    
          ██[38;2;227;16;251m██████[38;2;117;0;130m██[38;2;194;36;97m████████[38;2;154;27;72m██[38;2;247;57;131m████████████████████████[38;2;154;27;72m██[38;2;194;36;97m████[38;2;117;0;130m██[38;2;227;16;251m████████[38;2;117;0;130m██[38;2;227;16;251m██[38;2;117;0;130m██      
          ██[38;2;227;16;251m██████[38;2;117;0;130m██[38;2;194;36;97m██████████[38;2;154;27;72m██[38;2;247;57;131m████████████████████[38;2;154;27;72m██[38;2;194;36;97m██████[38;2;117;0;130m██[38;2;227;16;251m████████[38;2;117;0;130m██[38;2;227;16;251m██[38;2;117;0;130m██      
        ██[38;2;171;14;171m██[38;2;117;0;130m██[38;2;227;16;251m██[38;2;117;0;130m██[38;2;194;36;97m██████████████[38;2;154;27;72m████[38;2;247;57;131m████████████[38;2;154;27;72m████[38;2;194;36;97m██[38;2;117;0;130m██████[38;2;227;16;251m██████[38;2;171;14;171m██[38;2;117;0;130m██[38;2;171;14;171m██[38;2;117;0;130m██        
        ██[38;2;171;14;171m████[38;2;227;16;251m██[38;2;117;0;130m██[38;2;194;36;97m██████████████████[38;2;154;27;72m████████████[38;2;194;36;97m████[38;2;117;0;130m██[38;2;227;16;251m██████[38;2;171;14;171m████████████[38;2;117;0;130m██        
        ██[38;2;171;14;171m██████[38;2;117;0;130m██[38;2;194;36;97m████████[38;2;117;0;130m████████[38;2;194;36;97m████████████████[38;2;117;0;130m██[38;2;227;16;251m██████[38;2;171;14;171m██████████████[38;2;117;0;130m██        
          ██[38;2;171;14;171m██████[38;2;117;0;130m██[38;2;194;36;97m████[38;2;117;0;130m██[38;2;227;16;251m████████[38;2;117;0;130m████[38;2;194;36;97m████████████[38;2;117;0;130m██[38;2;227;16;251m██████[38;2;171;14;171m██████[38;2;117;0;130m██[38;2;171;14;171m██████[38;2;117;0;130m██        
          ██[38;2;171;14;171m████████[38;2;117;0;130m██████[38;2;227;16;251m████████████[38;2;117;0;130m██[38;2;194;36;97m██████████[38;2;117;0;130m██[38;2;227;16;251m████[38;2;171;14;171m████[38;2;117;0;130m████[38;2;171;14;171m████████[38;2;117;0;130m██        
            ██[38;2;171;14;171m██████████[38;2;117;0;130m██[38;2;171;14;171m████[38;2;227;16;251m██████[38;2;171;14;171m████[38;2;117;0;130m██[38;2;194;36;97m████[38;2;117;0;130m████[38;2;171;14;171m████████[38;2;117;0;130m██[38;2;171;14;171m██████████[38;2;117;0;130m██          
              ████[38;2;171;14;171m████████[38;2;117;0;130m██[38;2;171;14;171m████████████[38;2;117;0;130m██████[38;2;171;14;171m██████████[38;2;117;0;130m██[38;2;171;14;171m██████[38;2;117;0;130m██████            
                  ██████[38;2;171;14;171m██████████████[38;2;117;0;130m██[38;2;171;14;171m████████████[38;2;94;77;20m██[38;2;171;14;171m██[38;2;117;0;130m██[38;2;171;14;171m████[38;2;117;0;130m██                  
                      [38;2;94;77;20m██[38;2;117;0;130m██[38;2;171;14;171m██████[38;2;117;0;130m██[38;2;171;14;171m████████████[38;2;117;0;130m██[38;2;171;14;171m██[38;2;94;77;20m██[38;2;204;174;41m██[38;2;24;24;24m██[38;2;171;14;171m████[38;2;117;0;130m██                    
                      [38;2;94;77;20m██[38;2;204;174;41m██[38;2;117;0;130m██[38;2;171;14;171m██████[38;2;117;0;130m████████████[38;2;171;14;171m████[38;2;94;77;20m██[38;2;204;174;41m██[38;2;24;24;24m██[38;2;171;14;171m████[38;2;117;0;130m██                    
                    [38;2;94;77;20m██[38;2;204;174;41m████[38;2;24;24;24m██[38;2;171;14;171m██[38;2;24;24;24m██[38;2;117;0;130m████    ██[38;2;171;14;171m██████[38;2;24;24;24m██[38;2;204;174;41m████[38;2;24;24;24m██[38;2;171;14;171m██[38;2;94;77;20m██                      
                    ██[38;2;204;174;41m██[38;2;94;77;20m██[38;2;204;174;41m██[38;2;24;24;24m██[38;2;204;174;41m██[38;2;94;77;20m██        [38;2;117;0;130m████[38;2;171;14;171m██[38;2;24;24;24m██[38;2;204;174;41m██████[38;2;94;77;20m██[38;2;204;174;41m██[38;2;24;24;24m██                    
                    [38;2;94;77;20m██[38;2;204;174;41m████[38;2;94;77;20m██[38;2;204;174;41m██[38;2;94;77;20m██              [38;2;117;0;130m████[38;2;24;24;24m██[38;2;204;174;41m████████[38;2;24;24;24m██                    
                    [38;2;94;77;20m██[38;2;204;174;41m████████[38;2;94;77;20m██                  [38;2;24;24;24m██[38;2;204;174;41m████████[38;2;24;24;24m██[38;2;94;77;20m██                  
                    ██[38;2;204;174;41m██████[38;2;24;24;24m██      ██████████      ██[38;2;204;174;41m██████[38;2;94;77;20m██[38;2;204;174;41m██[38;2;24;24;24m██                
                  [38;2;94;77;20m██[38;2;204;174;41m██[38;2;94;77;20m██[38;2;204;174;41m████[38;2;24;24;24m██  ████[38;2;204;174;41m██████████[38;2;94;77;20m██[38;2;24;24;24m██    ██[38;2;204;174;41m██[38;2;94;77;20m██[38;2;204;174;41m████[38;2;24;24;24m██                
                  [38;2;94;77;20m██[38;2;204;174;41m██[38;2;94;77;20m██[38;2;204;174;41m██[38;2;24;24;24m██  ██[38;2;204;174;41m██[38;2;94;77;20m██████████[38;2;204;174;41m██████[38;2;24;24;24m██  ██[38;2;249;240;73m██[38;2;204;174;41m██████[38;2;24;24;24m██                
                  [38;2;94;77;20m██[38;2;204;174;41m████[38;2;249;240;73m██[38;2;24;24;24m██  ██[38;2;94;77;20m██[38;2;204;174;41m████[38;2;94;77;20m██[38;2;204;174;41m████[38;2;94;77;20m████[38;2;204;174;41m██[38;2;24;24;24m██  ██[38;2;249;240;73m████[38;2;204;174;41m██[38;2;24;24;24m██                  
                    [38;2;94;77;20m██[38;2;249;240;73m██████[38;2;24;24;24m██[38;2;204;174;41m██[38;2;94;77;20m██████[38;2;204;174;41m██[38;2;94;77;20m████[38;2;204;174;41m████[38;2;94;77;20m██[38;2;204;174;41m██[38;2;24;24;24m████[38;2;249;240;73m████[38;2;204;174;41m██[38;2;24;24;24m██                  
                      ██[38;2;249;240;73m████[38;2;24;24;24m██[38;2;204;174;41m██[38;2;94;77;20m██[38;2;204;174;41m██████████[38;2;94;77;20m██[38;2;204;174;41m██[38;2;94;77;20m██[38;2;204;174;41m██[38;2;24;24;24m██[38;2;94;77;20m██[38;2;249;240;73m████[38;2;24;24;24m██                    
                        ██[38;2;249;240;73m██[38;2;24;24;24m██[38;2;94;77;20m██████[38;2;204;174;41m██████[38;2;94;77;20m████[38;2;204;174;41m██[38;2;249;240;73m██[38;2;94;77;20m██[38;2;24;24;24m██[38;2;249;240;73m████[38;2;24;24;24m██                      
                  [38;2;94;77;20m██████  [38;2;24;24;24m██[38;2;249;240;73m██[38;2;94;77;20m██[38;2;249;240;73m██████[38;2;94;77;20m██[38;2;249;240;73m██████[38;2;94;77;20m██[38;2;249;240;73m██[38;2;94;77;20m██[38;2;24;24;24m██[38;2;249;240;73m██[38;2;94;77;20m████                      
              ████[38;2;248;248;248m██████[38;2;94;77;20m██[38;2;24;24;24m██[38;2;94;77;20m██[38;2;249;240;73m██[38;2;94;77;20m████[38;2;204;174;41m██[38;2;94;77;20m██[38;2;204;174;41m██[38;2;94;77;20m████[38;2;249;240;73m████[38;2;94;77;20m██[38;2;249;240;73m██[38;2;94;77;20m██[38;2;248;248;248m████[38;2;94;77;20m████                  
            ██[38;2;248;248;248m████████████[38;2;94;77;20m██[38;2;24;24;24m██[38;2;94;77;20m██[38;2;249;240;73m██[38;2;204;174;41m██[38;2;249;240;73m██[38;2;94;77;20m██[38;2;249;240;73m██[38;2;204;174;41m██[38;2;249;240;73m██[38;2;94;77;20m██[38;2;204;174;41m██[38;2;94;77;20m██[38;2;249;240;73m██[38;2;248;248;248m██████████[38;2;94;77;20m██                
          ██[38;2;248;248;248m██████[38;2;152;151;157m██[38;2;24;24;24m████[38;2;94;77;20m██[38;2;248;248;248m██[38;2;94;77;20m██[38;2;249;240;73m██[38;2;204;174;41m██[38;2;248;248;248m██[38;2;204;174;41m██[38;2;248;248;248m██[38;2;204;174;41m██[38;2;248;248;248m██[38;2;204;174;41m██[38;2;249;240;73m██[38;2;94;77;20m████[38;2;249;240;73m██[38;2;248;248;248m██[38;2;24;24;24m████[38;2;152;151;157m██[38;2;248;248;248m████[38;2;94;77;20m██[38;2;152;151;157m██            
        [38;2;94;77;20m██[38;2;248;248;248m██████[38;2;152;151;157m██[38;2;24;24;24m██    [38;2;94;77;20m██[38;2;152;151;157m██[38;2;248;248;248m██[38;2;94;77;20m██[38;2;248;248;248m██████[38;2;120;87;47m██[38;2;248;248;248m████████[38;2;204;174;41m██[38;2;249;240;73m██[38;2;248;248;248m██[38;2;24;24;24m██    ██[38;2;152;151;157m██[38;2;248;248;248m████[38;2;152;151;157m██[38;2;94;77;20m██          
      ██[38;2;248;248;248m████████[38;2;24;24;24m██        [38;2;204;174;41m██[38;2;152;151;157m██[38;2;248;248;248m████[38;2;152;151;157m██[38;2;62;45;27m██[38;2;120;87;47m██[38;2;62;45;27m██[38;2;152;151;157m██[38;2;248;248;248m██████[38;2;152;151;157m██[38;2;94;77;20m██[38;2;249;240;73m██[38;2;24;24;24m██    ██[38;2;248;248;248m████████[38;2;94;77;20m██        
    ██[38;2;248;248;248m████████[38;2;24;24;24m██        [38;2;94;77;20m██[38;2;249;240;73m██[38;2;204;174;41m██[38;2;120;87;47m██████[38;2;62;45;27m██[38;2;120;87;47m██[38;2;62;45;27m██[38;2;120;87;47m██████[38;2;152;151;157m██[38;2;94;77;20m██[38;2;249;240;73m██[38;2;94;77;20m██[38;2;24;24;24m██      ██[38;2;248;248;248m████████[38;2;94;77;20m██      
  ██[38;2;248;248;248m████████[38;2;94;77;20m██        ██[38;2;249;240;73m████[38;2;24;24;24m██[38;2;120;87;47m██[38;2;62;45;27m████[38;2;120;87;47m██[38;2;248;248;248m██[38;2;120;87;47m████[38;2;62;45;27m████[38;2;120;87;47m██[38;2;204;174;41m██[38;2;94;77;20m██[38;2;249;240;73m████[38;2;24;24;24m██      [38;2;94;77;20m██[38;2;248;248;248m████████[38;2;94;77;20m██    
██[38;2;152;151;157m██[38;2;248;248;248m████████[38;2;24;24;24m██      [38;2;94;77;20m██[38;2;249;240;73m████[38;2;94;77;20m████[38;2;62;45;27m██[38;2;120;87;47m████[38;2;62;45;27m██[38;2;248;248;248m██[38;2;152;151;157m██[38;2;62;45;27m██[38;2;120;87;47m████[38;2;62;45;27m██[38;2;204;174;41m████[38;2;24;24;24m██[38;2;249;240;73m████[38;2;24;24;24m██    ██[38;2;248;248;248m██████[38;2;152;151;157m██[38;2;94;77;20m██    
██[38;2;152;151;157m██████[38;2;248;248;248m████[38;2;24;24;24m██      [38;2;94;77;20m██[38;2;249;240;73m██[38;2;94;77;20m██  ████[38;2;120;87;47m██[38;2;94;77;20m██[38;2;248;248;248m██[38;2;24;24;24m████[38;2;152;151;157m██[38;2;94;77;20m██[38;2;120;87;47m████[38;2;204;174;41m██[38;2;94;77;20m██  [38;2;24;24;24m██[38;2;249;240;73m████[38;2;24;24;24m██    [38;2;94;77;20m██[38;2;248;248;248m██[38;2;152;151;157m██████[38;2;24;24;24m██  
[38;2;94;77;20m██[38;2;152;151;157m████████[38;2;94;77;20m██      ██[38;2;249;240;73m████[38;2;24;24;24m██    [38;2;94;77;20m██[38;2;24;24;24m██[38;2;248;248;248m██[38;2;24;24;24m██[38;2;152;151;157m██[38;2;120;87;47m██[38;2;24;24;24m██[38;2;248;248;248m██[38;2;94;77;20m██[38;2;204;174;41m██████[38;2;94;77;20m██  [38;2;24;24;24m██[38;2;249;240;73m██[38;2;24;24;24m██    ██[38;2;152;151;157m████████[38;2;24;24;24m██  
  [38;2;94;77;20m██[38;2;152;151;157m██████[38;2;24;24;24m██      ██[38;2;249;240;73m██████[38;2;24;24;24m██  ██[38;2;248;248;248m██[38;2;94;77;20m██[38;2;120;87;47m██[38;2;152;151;157m████[38;2;120;87;47m██[38;2;24;24;24m██[38;2;248;248;248m██[38;2;24;24;24m██[38;2;94;77;20m██[38;2;204;174;41m████[38;2;24;24;24m██[38;2;249;240;73m██████[38;2;24;24;24m██  ██[38;2;152;151;157m████████[38;2;24;24;24m██  
  ██[38;2;152;151;157m██████[38;2;24;24;24m██        ████[38;2;249;240;73m████[38;2;24;24;24m██[38;2;248;248;248m████[38;2;24;24;24m██[38;2;204;174;41m████████[38;2;24;24;24m██[38;2;248;248;248m████[38;2;24;24;24m██[38;2;94;77;20m██[38;2;24;24;24m██[38;2;249;240;73m████████[38;2;24;24;24m██  ██[38;2;152;151;157m████████[38;2;24;24;24m██  
    [38;2;94;77;20m██[38;2;152;151;157m████[38;2;24;24;24m██          [38;2;94;77;20m██[38;2;249;240;73m████[38;2;94;77;20m██[38;2;248;248;248m████[38;2;24;24;24m██[38;2;94;77;20m████████[38;2;24;24;24m██[38;2;248;248;248m████[38;2;24;24;24m██████[38;2;249;240;73m████[38;2;94;77;20m██[38;2;24;24;24m██      [38;2;94;77;20m██[38;2;152;151;157m██████[38;2;24;24;24m██  
    ██[38;2;152;151;157m████[38;2;24;24;24m██        [38;2;94;77;20m██[38;2;249;240;73m████[38;2;24;24;24m██[38;2;248;248;248m██[38;2;152;151;157m██[38;2;248;248;248m██[38;2;24;24;24m██        ██[38;2;248;248;248m██████[38;2;24;24;24m██[38;2;249;240;73m████████[38;2;24;24;24m██      ██[38;2;152;151;157m████[38;2;94;77;20m██    
      [38;2;24;24;24m██[38;2;152;151;157m██[38;2;24;24;24m██      [38;2;94;77;20m██[38;2;249;240;73m██████[38;2;24;24;24m██[38;2;248;248;248m██[38;2;94;77;20m██[38;2;248;248;248m██[38;2;24;24;24m██        ██[38;2;248;248;248m██[38;2;94;77;20m██[38;2;152;151;157m██[38;2;24;24;24m██[38;2;249;240;73m██████████[38;2;24;24;24m██    ██[38;2;152;151;157m████[38;2;24;24;24m██    
      ██[38;2;152;151;157m██[38;2;24;24;24m██        [38;2;94;77;20m██████[38;2;204;174;41m██[38;2;24;24;24m████[38;2;152;151;157m██[38;2;24;24;24m██        ██[38;2;152;151;157m██[38;2;24;24;24m████[38;2;94;77;20m██[38;2;249;240;73m██████[38;2;94;77;20m██[38;2;24;24;24m██      ██[38;2;152;151;157m██[38;2;24;24;24m██      
        ██                [38;2;94;77;20m██[38;2;204;174;41m██[38;2;94;77;20m██[38;2;24;24;24m██            ██      [38;2;94;77;20m██[38;2;249;240;73m██[38;2;94;77;20m██          [38;2;24;24;24m██[38;2;152;151;157m██[38;2;24;24;24m██      
                          [38;2;94;77;20m██[38;2;204;174;41m██[38;2;94;77;20m██                      ██[38;2;249;240;73m██[38;2;94;77;20m██            [38;2;24;24;24m██        
                            [38;2;94;77;20m██                          ██                        
[0m