                                                    [38;2;115;115;110m████      ████                                                                                                            
                                                  ██[38;2;237;236;235m████[38;2;115;115;110m██  ██[38;2;237;236;235m████[38;2;115;115;110m██                                                                                                          
                                                  ██[38;2;237;236;235m██████[38;2;115;115;110m██[38;2;237;236;235m██████[38;2;16;16;16m██                                                                                                          
                                                [38;2;115;115;110m██[38;2;237;236;235m████████[38;2;115;115;110m██[38;2;237;236;235m██████[38;2;16;16;16m██                                                                                                          
                                                [38;2;115;115;110m██[38;2;237;236;235m██████[38;2;115;115;110m██[38;2;237;236;235m████████[38;2;16;16;16m██                                                                                                          
                                            [38;2;115;115;110m██████[38;2;237;236;235m██████[38;2;115;115;110m██[38;2;237;236;235m████████[38;2;16;16;16m██                                                                                                          
                                          [38;2;115;115;110m██[38;2;237;236;235m████[38;2;115;115;110m██[38;2;237;236;235m██████[38;2;115;115;110m██[38;2;237;236;235m████████[38;2;16;16;16m██  [38;2;115;115;110m████                                                                                                    
                                          ██[38;2;237;236;235m████[38;2;115;115;110m██[38;2;237;236;235m██████[38;2;115;115;110m██[38;2;237;236;235m████████[38;2;16;16;16m██[38;2;115;115;110m██[38;2;237;236;235m████[38;2;16;16;16m██                                                                                                  
                                          [38;2;115;115;110m██[38;2;237;236;235m████[38;2;115;115;110m██[38;2;237;236;235m██████[38;2;115;115;110m██[38;2;237;236;235m████████[38;2;115;115;110m██[38;2;237;236;235m██████[38;2;16;16;16m██                                                                                                  
                                        [38;2;115;115;110m████[38;2;237;236;235m████[38;2;115;115;110m██[38;2;237;236;235m██████[38;2;115;115;110m██[38;2;237;236;235m██████[38;2;115;115;110m██[38;2;237;236;235m████████[38;2;16;16;16m██                                                                                                  
                                      [38;2;115;115;110m██[38;2;237;236;235m██[38;2;115;115;110m██[38;2;237;236;235m████[38;2;115;115;110m██[38;2;237;236;235m██████[38;2;115;115;110m██[38;2;237;236;235m██████[38;2;115;115;110m██[38;2;237;236;235m██████[38;2;16;16;16m██  [38;2;115;115;110m████                                                                                              
                                      ██[38;2;237;236;235m████[38;2;115;115;110m██[38;2;237;236;235m████[38;2;115;115;110m██[38;2;237;236;235m████[38;2;115;115;110m██[38;2;237;236;235m████[38;2;115;115;110m██[38;2;237;236;235m████████[38;2;16;16;16m██[38;2;115;115;110m██[38;2;237;236;235m████[38;2;16;16;16m██                                                                                            
                                      [38;2;115;115;110m██[38;2;237;236;235m████[38;2;115;115;110m██[38;2;237;236;235m████[38;2;115;115;110m██[38;2;237;236;235m████[38;2;201;196;185m██[38;2;237;236;235m████[38;2;115;115;110m██[38;2;237;236;235m██████[38;2;16;16;16m██[38;2;115;115;110m██[38;2;237;236;235m██████[38;2;16;16;16m██                                                                                            
                                        [38;2;115;115;110m██[38;2;237;236;235m██[38;2;201;196;185m██[38;2;237;236;235m████[38;2;201;196;185m██[38;2;237;236;235m████[38;2;201;196;185m██[38;2;237;236;235m████[38;2;115;115;110m██[38;2;237;236;235m██████[38;2;16;16;16m██[38;2;237;236;235m████████[38;2;16;16;16m██                                                                                            
                                      ██[38;2;115;115;110m██[38;2;237;236;235m██[38;2;201;196;185m████[38;2;83;83;83m██[38;2;201;196;185m██████████████[38;2;237;236;235m████[38;2;16;16;16m██[38;2;237;236;235m████████[38;2;16;16;16m██                                                                                              
                                    ██[38;2;83;83;83m██[38;2;16;16;16m██[38;2;201;196;185m████[38;2;16;16;16m██[38;2;115;115;110m██[38;2;83;83;83m██[38;2;201;196;185m██████████████████[38;2;83;83;83m████[38;2;237;236;235m████[38;2;16;16;16m██                                                                                              
                                    ██[38;2;83;83;83m████[38;2;16;16;16m██[38;2;201;196;185m██[38;2;16;16;16m██[38;2;115;115;110m████[38;2;83;83;83m████████[38;2;201;196;185m██████[38;2;83;83;83m████[38;2;115;115;110m██[38;2;16;16;16m██[38;2;237;236;235m██[38;2;16;16;16m██  [38;2;115;115;110m████                                                                                          
                                    [38;2;16;16;16m██[38;2;83;83;83m██████[38;2;16;16;16m████[38;2;115;115;110m██████[38;2;83;83;83m██[38;2;115;115;110m████[38;2;83;83;83m██████[38;2;115;115;110m████[38;2;83;83;83m██[38;2;16;16;16m██[38;2;201;196;185m██[38;2;16;16;16m██[38;2;115;115;110m██[38;2;237;236;235m████[38;2;16;16;16m██                                                                                        
                                      ██[38;2;83;83;83m████[38;2;115;115;110m██[38;2;16;16;16m██[38;2;115;115;110m████[38;2;83;83;83m████[38;2;115;115;110m██████████████[38;2;16;16;16m██[38;2;201;196;185m████[38;2;115;115;110m██[38;2;237;236;235m██████[38;2;16;16;16m██[38;2;143;113;61m████            ██████                                                                  
                                      [38;2;16;16;16m██[38;2;83;83;83m██[38;2;115;115;110m██████[38;2;83;83;83m██████[38;2;115;115;110m██████████████[38;2;16;16;16m██[38;2;201;196;185m████[38;2;115;115;110m██[38;2;237;236;235m██████[38;2;16;16;16m██[38;2;196;161;43m██████[38;2;143;113;61m██        ██[38;2;235;216;59m████[38;2;196;161;43m██[38;2;143;113;61m██                                                                
                                      [38;2;16;16;16m████[38;2;83;83;83m██[38;2;115;115;110m████████████████████████[38;2;16;16;16m██[38;2;201;196;185m████████[38;2;237;236;235m██[38;2;201;196;185m██[38;2;16;16;16m██[38;2;196;161;43m████[38;2;143;113;61m████████  ██[38;2;196;161;43m██████████[38;2;143;113;61m██                                                              
                              ██████[38;2;16;16;16m██[38;2;115;115;110m██[38;2;16;16;16m██[38;2;115;115;110m██[38;2;83;83;83m██[38;2;115;115;110m████████████████████[38;2;16;16;16m██[38;2;237;236;235m██[38;2;115;115;110m██[38;2;201;196;185m████████[38;2;16;16;16m██[38;2;196;161;43m██[38;2;143;113;61m████[38;2;196;161;43m████████[38;2;143;113;61m████████[38;2;196;161;43m██████[38;2;143;113;61m██                                                              
                      [38;2;16;16;16m██[38;2;115;115;110m██[38;2;143;113;61m████[38;2;196;161;43m██████[38;2;16;16;16m██[38;2;115;115;110m██[38;2;16;16;16m██[38;2;115;115;110m████[38;2;83;83;83m██[38;2;115;115;110m████████[38;2;83;83;83m██████████[38;2;16;16;16m██[38;2;237;236;235m████[38;2;115;115;110m██[38;2;201;196;185m████[38;2;16;16;16m██[38;2;196;161;43m██[38;2;143;113;61m██[38;2;196;161;43m██████[38;2;143;113;61m██████[38;2;196;161;43m████████████[38;2;143;113;61m████████                                                          
                      [38;2;16;16;16m██[38;2;191;191;186m██[38;2;115;115;110m██[38;2;196;161;43m████████[38;2;16;16;16m██[38;2;115;115;110m██[38;2;16;16;16m██[38;2;115;115;110m████[38;2;83;83;83m██[38;2;115;115;110m████[38;2;83;83;83m████████[38;2;16;16;16m██████[38;2;237;236;235m██████[38;2;201;196;185m████[38;2;16;16;16m██[38;2;115;115;110m████[38;2;196;161;43m████[38;2;143;113;61m████[38;2;196;161;43m████████████████[38;2;143;113;61m██[38;2;235;216;59m██████[38;2;196;161;43m██[38;2;143;113;61m██                                                        
                  ████[38;2;196;161;43m██[38;2;16;16;16m██[38;2;191;191;186m██[38;2;115;115;110m██[38;2;196;161;43m██[38;2;115;115;110m████[38;2;196;161;43m██[38;2;16;16;16m██[38;2;115;115;110m██[38;2;83;83;83m████[38;2;115;115;110m████[38;2;83;83;83m████[38;2;16;16;16m████[38;2;237;236;235m██[38;2;22;121;254m████[38;2;237;236;235m██████████[38;2;115;115;110m████[38;2;191;191;186m██[38;2;16;16;16m██[38;2;196;161;43m██[38;2;143;113;61m██[38;2;196;161;43m██████████████████[38;2;143;113;61m██[38;2;235;216;59m██████████[38;2;196;161;43m██[38;2;143;113;61m██                                                      
                ██[38;2;196;161;43m██████[38;2;16;16;16m██[38;2;191;191;186m████[38;2;115;115;110m████[38;2;191;191;186m██[38;2;115;115;110m██[38;2;16;16;16m██[38;2;115;115;110m████████[38;2;83;83;83m████[38;2;16;16;16m██[38;2;101;93;217m████[38;2;237;236;235m██[38;2;22;121;254m████[38;2;237;236;235m██████[38;2;115;115;110m████[38;2;191;191;186m████[38;2;16;16;16m██[38;2;196;161;43m██[38;2;143;113;61m██[38;2;196;161;43m██████[38;2;143;113;61m████████████████[38;2;196;161;43m██[38;2;235;216;59m██████[38;2;196;161;43m████[38;2;143;113;61m██                                                      
              ██[38;2;196;161;43m██████████[38;2;16;16;16m██[38;2;191;191;186m██████████[38;2;16;16;16m██[38;2;115;115;110m██[38;2;83;83;83m██[38;2;115;115;110m████[38;2;83;83;83m██[38;2;16;16;16m██[38;2;237;236;235m██[38;2;16;16;16m██[38;2;101;93;217m██[38;2;115;115;110m██████[38;2;237;236;235m██[38;2;115;115;110m████[38;2;191;191;186m██████[38;2;16;16;16m██[38;2;196;161;43m██████[38;2;143;113;61m██████[38;2;196;161;43m████████████████[38;2;143;113;61m████[38;2;196;161;43m████[38;2;143;113;61m██[38;2;196;161;43m████[38;2;16;16;16m██                                                    
            [38;2;143;113;61m██[38;2;196;161;43m██[38;2;143;113;61m████[38;2;235;216;59m████████[38;2;16;16;16m██[38;2;191;191;186m██[38;2;16;16;16m██[38;2;115;115;110m██[38;2;191;191;186m██[38;2;16;16;16m██[38;2;115;115;110m██[38;2;83;83;83m██[38;2;115;115;110m██[38;2;16;16;16m██[38;2;115;115;110m████████[38;2;191;191;186m██████[38;2;115;115;110m████[38;2;191;191;186m████████[38;2;16;16;16m██[38;2;196;161;43m████[38;2;143;113;61m████[38;2;196;161;43m██████████████████████████[38;2;143;113;61m████[38;2;196;161;43m██████[38;2;16;16;16m██                                                    
            [38;2;143;113;61m████[38;2;235;216;59m████████[38;2;196;161;43m██[38;2;143;113;61m██[38;2;235;216;59m██[38;2;16;16;16m██[38;2;143;113;61m████████[38;2;83;83;83m████[38;2;115;115;110m██[38;2;16;16;16m██[38;2;191;191;186m██████████████████[38;2;143;113;61m██████████████[38;2;235;216;59m██████████[38;2;196;161;43m████████[38;2;143;113;61m████████[38;2;196;161;43m████████████[38;2;143;113;61m██                                                      
        ████[38;2;235;216;59m████████[38;2;196;161;43m██[38;2;143;113;61m██[38;2;235;216;59m██████[38;2;196;161;43m██[38;2;143;113;61m██[38;2;235;216;59m████████[38;2;196;161;43m██[38;2;143;113;61m██████████████████[38;2;196;161;43m██[38;2;235;216;59m████████████████[38;2;196;161;43m██████[38;2;235;216;59m██████████[38;2;143;113;61m██[38;2;235;216;59m████████[38;2;143;113;61m██[38;2;196;161;43m██████████[38;2;16;16;16m██                                                      
      [38;2;143;113;61m██[38;2;235;216;59m██████████[38;2;196;161;43m██[38;2;235;216;59m██████████[38;2;143;113;61m██[38;2;235;216;59m██████████████████████████████████████████████████████[38;2;196;161;43m████[38;2;235;216;59m████[38;2;196;161;43m██[38;2;235;216;59m████████████[38;2;143;113;61m██[38;2;196;161;43m██████[38;2;16;16;16m██                                                        
    [38;2;143;113;61m██[38;2;235;216;59m██████████[38;2;196;161;43m██[38;2;235;216;59m████████████[38;2;196;161;43m████[38;2;235;216;59m████████████████████████████████████████████████████████[38;2;196;161;43m██████[38;2;235;216;59m████████████[38;2;143;113;61m██[38;2;196;161;43m██[38;2;16;16;16m████                                                          
  [38;2;143;113;61m██[38;2;235;216;59m████████████[38;2;196;161;43m██[38;2;235;216;59m████████████████████[38;2;196;161;43m██████████[38;2;235;216;59m██████████████████████████████████████████████[38;2;196;161;43m██[38;2;235;216;59m████████[38;2;196;161;43m██[38;2;235;216;59m██[38;2;196;161;43m██[38;2;16;16;16m██                                                              
[38;2;143;113;61m██[38;2;196;161;43m██[38;2;235;216;59m████████████████████████████████████████████[38;2;196;161;43m████████[38;2;235;216;59m████████████████████████████████████████[38;2;196;161;43m██[38;2;235;216;59m██████[38;2;143;113;61m██[38;2;196;161;43m████[38;2;16;16;16m██                                                              
[38;2;143;113;61m██[38;2;196;161;43m██[38;2;235;216;59m████████████████████████████████████████████████████[38;2;196;161;43m████[38;2;235;216;59m████████[38;2;196;161;43m████████[38;2;235;216;59m██████████████████████[38;2;196;161;43m██[38;2;143;113;61m████[38;2;196;161;43m████[38;2;143;113;61m██                                                                
██[38;2;196;161;43m████[38;2;235;216;59m██████████████[38;2;196;161;43m██[38;2;235;216;59m██████████████████████████████████████[38;2;196;161;43m████[38;2;235;216;59m██[38;2;196;161;43m██[38;2;235;216;59m████████[38;2;196;161;43m████[38;2;235;216;59m████████████████████[38;2;196;161;43m████████[38;2;16;16;16m██                                                                
  [38;2;143;113;61m██[38;2;196;161;43m██████[38;2;235;216;59m████████████[38;2;196;161;43m██[38;2;235;216;59m████████████████████████████████████████[38;2;196;161;43m██[38;2;235;216;59m██████████████[38;2;196;161;43m██[38;2;235;216;59m████████████[38;2;196;161;43m████████████[38;2;16;16;16m██                                                                  
    ██[38;2;196;161;43m██████████████████[38;2;143;113;61m██[38;2;235;216;59m██████████████████████████████████████[38;2;196;161;43m██[38;2;235;216;59m██████████████[38;2;143;113;61m██[38;2;196;161;43m████████████████████[38;2;143;113;61m██[38;2;16;16;16m██                                                                    
      ██[38;2;143;113;61m██[38;2;196;161;43m████████████████[38;2;143;113;61m██[38;2;196;161;43m██[38;2;235;216;59m██████████████████████████████████[38;2;196;161;43m██[38;2;235;216;59m████████[38;2;196;161;43m██[38;2;235;216;59m██[38;2;196;161;43m████[38;2;143;113;61m██[38;2;196;161;43m████████████[38;2;143;113;61m██[38;2;16;16;16m████                                                                        
          ██████[38;2;143;113;61m██[38;2;196;161;43m██████████[38;2;143;113;61m██[38;2;196;161;43m████[38;2;235;216;59m████████████████████████████████[38;2;143;113;61m██[38;2;235;216;59m██████[38;2;143;113;61m██[38;2;196;161;43m██████[38;2;16;16;16m██████████████                                                                              
                  ██████████████[38;2;196;161;43m██████████[38;2;235;216;59m██████████████████████████[38;2;143;113;61m██████[38;2;196;161;43m██████[38;2;16;16;16m██                                                                                            
                                ████[38;2;196;161;43m██████████████[38;2;235;216;59m██████████████[38;2;196;161;43m██████████████[38;2;16;16;16m██                                                                                              
                                    ██[38;2;143;113;61m██[38;2;196;161;43m██████████████████████████████████[38;2;16;16;16m██████                                                                                              
                                        ████[38;2;143;113;61m██[38;2;196;161;43m████████████████████[38;2;16;16;16m████████[38;2;212;119;25m██[38;2;83;83;83m██[38;2;16;16;16m██                                                                                              
                                              ████████████████████[38;2;201;196;185m████[38;2;37;88;184m██[38;2;83;83;83m██[38;2;212;119;25m██[38;2;16;16;16m██                                                                                                
                                                            [38;2;115;115;110m██[38;2;201;196;185m████████[38;2;37;88;184m██[38;2;83;83;83m████[38;2;16;16;16m██                                                                                                
                                                            [38;2;115;115;110m██[38;2;201;196;185m██████[38;2;37;88;184m████[38;2;83;83;83m████          [38;2;115;115;110m██                                                                                      
                                                          ██[38;2;237;236;235m██[38;2;201;196;185m████[38;2;237;236;235m██[38;2;22;121;254m██[38;2;251;170;0m████[38;2;16;16;16m██        [38;2;115;115;110m██[38;2;191;191;186m██[38;2;115;115;110m██                                                                                    
                                                          ██[38;2;237;236;235m████████[38;2;22;121;254m██[38;2;83;83;83m██[38;2;251;170;0m██[38;2;16;16;16m██      [38;2;115;115;110m██[38;2;191;191;186m████[38;2;115;115;110m██          ██                                                                        
                                                          ██[38;2;237;236;235m████████[38;2;22;121;254m██[38;2;171;72;32m██[38;2;83;83;83m██[38;2;16;16;16m██    [38;2;115;115;110m██[38;2;191;191;186m██████[38;2;115;115;110m██        ██[38;2;191;191;186m██[38;2;115;115;110m██                      ████                                            
                                                        ██[38;2;237;236;235m████████[38;2;22;121;254m████[38;2;251;170;0m██[38;2;83;83;83m██[38;2;16;16;16m██  [38;2;115;115;110m██[38;2;191;191;186m████[38;2;115;115;110m██[38;2;191;191;186m██[38;2;115;115;110m██      ██[38;2;191;191;186m████[38;2;115;115;110m██                      ██[38;2;191;191;186m██[38;2;115;115;110m████                                        
                                                        ██[38;2;237;236;235m████████[38;2;22;121;254m██[38;2;251;170;0m████[38;2;171;72;32m██[38;2;16;16;16m██[38;2;115;115;110m██[38;2;191;191;186m████[38;2;16;16;16m██[38;2;115;115;110m██[38;2;191;191;186m██[38;2;115;115;110m██    ██[38;2;191;191;186m██████[38;2;115;115;110m██                      [38;2;16;16;16m██[38;2;191;191;186m██████[38;2;115;115;110m████                                    
                                                        ██[38;2;237;236;235m████████[38;2;22;121;254m██[38;2;251;170;0m██[38;2;171;72;32m██[38;2;251;170;0m██[38;2;16;16;16m██[38;2;115;115;110m██[38;2;191;191;186m██[38;2;16;16;16m██  ██[38;2;191;191;186m██[38;2;115;115;110m██  ██[38;2;191;191;186m████[38;2;115;115;110m██[38;2;191;191;186m██[38;2;115;115;110m██                      [38;2;16;16;16m██[38;2;191;191;186m██████████[38;2;115;115;110m██                                  
                                                      ██[38;2;237;236;235m██████████[38;2;22;121;254m██[38;2;251;170;0m██[38;2;83;83;83m██[38;2;251;170;0m██[38;2;16;16;16m██[38;2;191;191;186m██[38;2;16;16;16m██    ██[38;2;191;191;186m██[38;2;115;115;110m████[38;2;191;191;186m████[38;2;16;16;16m██[38;2;115;115;110m██[38;2;191;191;186m██[38;2;115;115;110m██      ██                ██[38;2;191;191;186m██████████[38;2;115;115;110m████                              
                                                      ██[38;2;237;236;235m██████████[38;2;22;121;254m██[38;2;251;170;0m██[38;2;171;72;32m██[38;2;83;83;83m██[38;2;16;16;16m██[38;2;115;115;110m██[38;2;171;72;32m████████[38;2;191;191;186m██[38;2;115;115;110m██[38;2;191;191;186m████[38;2;16;16;16m██  ██[38;2;191;191;186m██[38;2;115;115;110m██    ██[38;2;191;191;186m██[38;2;115;115;110m██              [38;2;16;16;16m██[38;2;191;191;186m██[38;2;115;115;110m██[38;2;191;191;186m██████████[38;2;115;115;110m██                            
                                                      ██[38;2;237;236;235m██████████[38;2;22;121;254m██[38;2;251;170;0m████[38;2;83;83;83m██[38;2;16;16;16m██[38;2;212;119;25m██[38;2;251;170;0m████████[38;2;212;119;25m██[38;2;171;72;32m████[38;2;16;16;16m██    ██[38;2;191;191;186m██[38;2;115;115;110m██  ██[38;2;191;191;186m████[38;2;115;115;110m██              [38;2;16;16;16m██[38;2;191;191;186m████[38;2;16;16;16m██[38;2;115;115;110m████[38;2;191;191;186m██████[38;2;115;115;110m██      ████                
                                                      ██[38;2;237;236;235m██████████[38;2;22;121;254m██[38;2;251;170;0m████[38;2;212;119;25m██[38;2;16;16;16m██[38;2;251;170;0m████████████████[38;2;171;72;32m████  [38;2;16;16;16m██[38;2;191;191;186m██[38;2;115;115;110m████[38;2;191;191;186m██████[38;2;115;115;110m██                ██[38;2;191;191;186m██[38;2;16;16;16m██    [38;2;115;115;110m████[38;2;191;191;186m████[38;2;115;115;110m██    ██[38;2;191;191;186m██[38;2;16;16;16m██  [38;2;115;115;110m██    ████  
                                                    ██[38;2;237;236;235m████████████[38;2;22;121;254m██[38;2;251;170;0m██[38;2;83;83;83m██[38;2;251;170;0m████[38;2;16;16;16m██[38;2;251;170;0m██████████████████[38;2;171;72;32m████[38;2;191;191;186m██[38;2;115;115;110m██[38;2;191;191;186m████[38;2;115;115;110m██[38;2;191;191;186m██[38;2;115;115;110m██                [38;2;16;16;16m██[38;2;191;191;186m██[38;2;115;115;110m██        ██[38;2;191;191;186m████[38;2;115;115;110m██  ██[38;2;191;191;186m██[38;2;16;16;16m██[38;2;115;115;110m████████[38;2;191;191;186m██[38;2;16;16;16m██  
                                                    [38;2;115;115;110m██[38;2;237;236;235m████████████[38;2;22;121;254m██[38;2;251;170;0m██[38;2;171;72;32m██[38;2;83;83;83m██[38;2;251;170;0m██[38;2;16;16;16m██[38;2;251;170;0m██████████████████████[38;2;16;16;16m██[38;2;171;72;32m██[38;2;191;191;186m██[38;2;16;16;16m██[38;2;115;115;110m██[38;2;191;191;186m██[38;2;115;115;110m██                [38;2;16;16;16m██[38;2;191;191;186m████[38;2;16;16;16m██        [38;2;115;115;110m████[38;2;191;191;186m██[38;2;115;115;110m████[38;2;191;191;186m████[38;2;16;16;16m██[38;2;115;115;110m██[38;2;191;191;186m████[38;2;16;16;16m██    
                                                    [38;2;115;115;110m██[38;2;237;236;235m████████████[38;2;22;121;254m██[38;2;251;170;0m████[38;2;83;83;83m██████[38;2;16;16;16m██[38;2;251;170;0m██████████████████████[38;2;171;72;32m██[38;2;16;16;16m██  ██[38;2;191;191;186m██[38;2;115;115;110m██                [38;2;16;16;16m██[38;2;191;191;186m████[38;2;16;16;16m██            [38;2;115;115;110m██[38;2;191;191;186m██[38;2;115;115;110m██[38;2;191;191;186m████[38;2;16;16;16m██[38;2;191;191;186m████[38;2;16;16;16m██      
                                                    [38;2;115;115;110m██[38;2;237;236;235m████████████[38;2;22;121;254m████[38;2;251;170;0m██[38;2;171;72;32m██[38;2;83;83;83m████[38;2;16;16;16m██[38;2;251;170;0m████████████[38;2;83;83;83m██[38;2;171;72;32m██[38;2;251;170;0m██████████[38;2;16;16;16m████[38;2;191;191;186m██[38;2;115;115;110m██                  ██[38;2;191;191;186m████[38;2;16;16;16m██      [38;2;115;115;110m██████████[38;2;191;191;186m████████[38;2;16;16;16m██[38;2;115;115;110m██████[38;2;16;16;16m██
                                                    [38;2;115;115;110m██[38;2;237;236;235m██████████████[38;2;22;121;254m██[38;2;251;170;0m████[38;2;171;72;32m██[38;2;83;83;83m██[38;2;16;16;16m██[38;2;251;170;0m██████████████[38;2;83;83;83m████[38;2;251;170;0m██████[38;2;171;72;32m██[38;2;251;170;0m██[38;2;16;16;16m██[38;2;191;191;186m██[38;2;115;115;110m██                  [38;2;16;16;16m██[38;2;191;191;186m████[38;2;16;16;16m██          [38;2;115;115;110m████[38;2;191;191;186m████████████████[38;2;16;16;16m██  
                                                  [38;2;171;72;32m██[38;2;115;115;110m██[38;2;237;236;235m██████████████[38;2;22;121;254m██[38;2;251;170;0m████████[38;2;16;16;16m██[38;2;251;170;0m████████████████[38;2;83;83;83m████[38;2;251;170;0m████[38;2;83;83;83m██[38;2;212;119;25m██[38;2;251;170;0m██[38;2;16;16;16m██[38;2;115;115;110m██      ██████      [38;2;16;16;16m██[38;2;191;191;186m████[38;2;115;115;110m██        ██[38;2;191;191;186m████████████████[38;2;115;115;110m██[38;2;16;16;16m██    
                                                [38;2;171;72;32m██[38;2;251;170;0m██[38;2;115;115;110m██[38;2;237;236;235m██████████████[38;2;22;121;254m████[38;2;251;170;0m████[38;2;171;72;32m██[38;2;251;170;0m██████████████████[38;2;212;119;25m██[38;2;83;83;83m████[38;2;251;170;0m██[38;2;83;83;83m████[38;2;251;170;0m██[38;2;83;83;83m██[38;2;16;16;16m██  [38;2;115;115;110m████[38;2;237;236;235m██████[38;2;16;16;16m██    ██[38;2;191;191;186m██████[38;2;16;16;16m██    ████████[38;2;115;115;110m██[38;2;191;191;186m████████[38;2;16;16;16m████      
                                              [38;2;171;72;32m██[38;2;251;170;0m██████[38;2;115;115;110m██[38;2;237;236;235m████████████[38;2;22;121;254m████[38;2;251;170;0m████[38;2;171;72;32m██[38;2;251;170;0m████████████████████[38;2;83;83;83m████████████████[38;2;16;16;16m██[38;2;237;236;235m████████[38;2;16;16;16m██        [38;2;115;115;110m██[38;2;191;191;186m████[38;2;16;16;16m██          [38;2;115;115;110m██[38;2;191;191;186m████[38;2;16;16;16m██[38;2;115;115;110m██[38;2;191;191;186m████[38;2;16;16;16m██      
                                            [38;2;171;72;32m██[38;2;251;170;0m████████[38;2;115;115;110m██[38;2;237;236;235m██████████████[38;2;22;121;254m████[38;2;251;170;0m██████████████████████████[38;2;83;83;83m██████[38;2;251;170;0m██[38;2;83;83;83m██████[38;2;251;170;0m██[38;2;16;16;16m██[38;2;237;236;235m██[38;2;201;196;185m██[38;2;16;16;16m██[38;2;115;115;110m████      [38;2;16;16;16m██[38;2;191;191;186m████[38;2;16;16;16m██          [38;2;115;115;110m██[38;2;191;191;186m██[38;2;16;16;16m██[38;2;115;115;110m████[38;2;16;16;16m████[38;2;191;191;186m██[38;2;16;16;16m██    
                                          [38;2;171;72;32m██[38;2;251;170;0m████████[38;2;22;121;254m████[38;2;115;115;110m██[38;2;237;236;235m████████████[38;2;22;121;254m██████[38;2;251;170;0m██████[38;2;171;72;32m██[38;2;251;170;0m██████[38;2;171;72;32m██[38;2;251;170;0m████[38;2;171;72;32m██[38;2;251;170;0m██[38;2;83;83;83m████[38;2;251;170;0m████[38;2;212;119;25m██[38;2;83;83;83m████[38;2;251;170;0m████[38;2;16;16;16m██[38;2;201;196;185m██████[38;2;16;16;16m██      ██[38;2;191;191;186m██████[38;2;16;16;16m██      [38;2;115;115;110m██[38;2;191;191;186m██[38;2;16;16;16m██  ██[38;2;115;115;110m██    [38;2;16;16;16m████    
                                        [38;2;171;72;32m██[38;2;212;119;25m██[38;2;251;170;0m████████[38;2;22;121;254m██[38;2;237;236;235m██[38;2;115;115;110m██[38;2;237;236;235m██████████████[38;2;22;121;254m██████[38;2;251;170;0m████[38;2;171;72;32m██[38;2;251;170;0m██████[38;2;83;83;83m██[38;2;251;170;0m████[38;2;83;83;83m██[38;2;171;72;32m██[38;2;251;170;0m██[38;2;83;83;83m██[38;2;212;119;25m██[38;2;251;170;0m████[38;2;83;83;83m██[38;2;171;72;32m██[38;2;251;170;0m██[38;2;171;72;32m██[38;2;212;119;25m██[38;2;115;115;110m██[38;2;201;196;185m██[38;2;16;16;16m██[38;2;115;115;110m██[38;2;16;16;16m████  ██[38;2;191;191;186m██████[38;2;16;16;16m██      ████      ██            
                                        [38;2;212;119;25m██[38;2;251;170;0m████████[38;2;22;121;254m████[38;2;237;236;235m████[38;2;115;115;110m██[38;2;237;236;235m██████████████[38;2;22;121;254m██████[38;2;171;72;32m██[38;2;251;170;0m████████[38;2;83;83;83m██[38;2;251;170;0m████[38;2;83;83;83m████[38;2;251;170;0m██[38;2;83;83;83m██[38;2;171;72;32m██[38;2;251;170;0m████[38;2;83;83;83m██[38;2;212;119;25m██[38;2;251;170;0m████[38;2;171;72;32m██[38;2;16;16;16m██[38;2;115;115;110m██[38;2;201;196;185m██[38;2;16;16;16m██[38;2;191;191;186m████[38;2;16;16;16m████[38;2;191;191;186m██████[38;2;16;16;16m██                              
                                      [38;2;171;72;32m██[38;2;251;170;0m██████████[38;2;22;121;254m██[38;2;237;236;235m████████[38;2;201;196;185m██[38;2;237;236;235m██████[38;2;201;196;185m██[38;2;237;236;235m██████[38;2;22;121;254m████[38;2;171;72;32m██[38;2;251;170;0m██████[38;2;171;72;32m██[38;2;83;83;83m██[38;2;251;170;0m██████[38;2;83;83;83m██[38;2;171;72;32m██[38;2;251;170;0m██[38;2;83;83;83m██[38;2;251;170;0m████[38;2;83;83;83m██[38;2;251;170;0m████████[38;2;171;72;32m██[38;2;16;16;16m████[38;2;191;191;186m██████████[38;2;115;115;110m██[38;2;191;191;186m████[38;2;16;16;16m██                              
                                      [38;2;171;72;32m██[38;2;251;170;0m██████████[38;2;22;121;254m██[38;2;237;236;235m████████████[38;2;201;196;185m████[38;2;237;236;235m██████████[38;2;22;121;254m██[38;2;171;72;32m██[38;2;251;170;0m██████[38;2;83;83;83m████[38;2;251;170;0m██████[38;2;83;83;83m████[38;2;251;170;0m██[38;2;83;83;83m██[38;2;251;170;0m████[38;2;171;72;32m██[38;2;251;170;0m████[38;2;171;72;32m██[38;2;251;170;0m████[38;2;16;16;16m██[38;2;191;191;186m████████████████████[38;2;16;16;16m██                            
                                      [38;2;171;72;32m██[38;2;251;170;0m████████[38;2;212;119;25m██[38;2;22;121;254m██[38;2;237;236;235m████████████████████████████[38;2;171;72;32m██[38;2;251;170;0m██████[38;2;83;83;83m████[38;2;251;170;0m████████[38;2;83;83;83m██[38;2;171;72;32m██[38;2;251;170;0m████████████[38;2;83;83;83m██[38;2;251;170;0m██████[38;2;16;16;16m██████████[38;2;115;115;110m██[38;2;191;191;186m████████[38;2;16;16;16m██                            
                                        ██[38;2;251;170;0m████[38;2;212;119;25m██████[38;2;37;88;184m██[38;2;237;236;235m██████████████████████████[38;2;171;72;32m██[38;2;251;170;0m██████[38;2;83;83;83m██████[38;2;251;170;0m██████[38;2;83;83;83m██[38;2;171;72;32m██[38;2;251;170;0m██████[38;2;171;72;32m██[38;2;251;170;0m████[38;2;83;83;83m████[38;2;212;119;25m██[38;2;251;170;0m██[38;2;16;16;16m██          ██████████                            
                                          ██[38;2;212;119;25m████████[38;2;37;88;184m██[38;2;115;115;110m██[38;2;201;196;185m██[38;2;237;236;235m████████████████████[38;2;201;196;185m████[38;2;171;72;32m██[38;2;251;170;0m██████[38;2;83;83;83m██████[38;2;251;170;0m██[38;2;83;83;83m████[38;2;37;88;184m████[38;2;251;170;0m████[38;2;171;72;32m██[38;2;251;170;0m████[38;2;212;119;25m██[38;2;83;83;83m████████[38;2;16;16;16m██                                              
                                          ██[38;2;212;119;25m████████[38;2;37;88;184m██[38;2;201;196;185m██[38;2;115;115;110m██[38;2;201;196;185m████[38;2;237;236;235m██████████[38;2;201;196;185m██████████[38;2;171;72;32m██[38;2;251;170;0m████████[38;2;83;83;83m██████████[38;2;201;196;185m██[38;2;37;88;184m██████[38;2;171;72;32m██[38;2;251;170;0m████████[38;2;212;119;25m██[38;2;171;72;32m██[38;2;83;83;83m██[38;2;16;16;16m██                                              
                                            ██[38;2;212;119;25m██████[38;2;37;88;184m██[38;2;201;196;185m████[38;2;16;16;16m██[38;2;201;196;185m████████████████████████[38;2;171;72;32m██[38;2;251;170;0m████████[38;2;83;83;83m██████[38;2;171;72;32m██[38;2;201;196;185m██████████[38;2;171;72;32m██[38;2;251;170;0m████████████[38;2;16;16;16m██                                              
                                        [38;2;37;88;184m██  [38;2;16;16;16m██[38;2;212;119;25m████[38;2;37;88;184m██[38;2;201;196;185m████[38;2;37;88;184m████[38;2;16;16;16m██[38;2;201;196;185m████████████████████████[38;2;171;72;32m██[38;2;251;170;0m████████[38;2;83;83;83m██[38;2;171;72;32m██[38;2;251;170;0m██[38;2;171;72;32m██[38;2;201;196;185m██████[38;2;16;16;16m████[38;2;251;170;0m████████[38;2;83;83;83m██████[38;2;16;16;16m██                                            
                                      [38;2;37;88;184m██[38;2;22;121;254m██[38;2;37;88;184m██[38;2;212;119;25m██████[38;2;37;88;184m██████[38;2;212;119;25m██[38;2;16;16;16m██  ████[38;2;201;196;185m██████████████████████[38;2;171;72;32m██[38;2;251;170;0m████████████[38;2;171;72;32m██[38;2;201;196;185m██[38;2;16;16;16m████    ██[38;2;171;72;32m██[38;2;251;170;0m██████[38;2;212;119;25m██[38;2;83;83;83m████[38;2;16;16;16m██                                          
                                      [38;2;37;88;184m██[38;2;22;121;254m██[38;2;37;88;184m██[38;2;212;119;25m██████████████[38;2;16;16;16m██      ██████[38;2;201;196;185m████████████████[38;2;171;72;32m██[38;2;251;170;0m████[38;2;83;83;83m██[38;2;171;72;32m██[38;2;251;170;0m██[38;2;83;83;83m██[38;2;251;170;0m██[38;2;16;16;16m██          ████[38;2;212;119;25m████████████[38;2;16;16;16m██                                        
                                    [38;2;37;88;184m██[38;2;22;121;254m████[38;2;37;88;184m██[38;2;212;119;25m████████████[38;2;16;16;16m██              ████████████████[38;2;37;88;184m██[38;2;251;170;0m██████[38;2;83;83;83m████[38;2;171;72;32m██[38;2;251;170;0m██[38;2;16;16;16m██              ██[38;2;212;119;25m██████████[38;2;16;16;16m██                                        
                                [38;2;37;88;184m██  ██[38;2;22;121;254m████[38;2;37;88;184m██[38;2;212;119;25m██████████[38;2;16;16;16m██                              [38;2;37;88;184m██[38;2;22;121;254m██[38;2;37;88;184m██[38;2;251;170;0m██████[38;2;83;83;83m██[38;2;251;170;0m████[38;2;16;16;16m██                [38;2;171;72;32m██[38;2;212;119;25m████████[38;2;16;16;16m██                                        
                                [38;2;37;88;184m██[38;2;22;121;254m██[38;2;37;88;184m██[38;2;22;121;254m████[38;2;37;88;184m██[38;2;212;119;25m██[38;2;37;88;184m██[38;2;212;119;25m████[38;2;16;16;16m██                                [38;2;37;88;184m██[38;2;22;121;254m██[38;2;37;88;184m██[38;2;251;170;0m██████████[38;2;16;16;16m██                  ██[38;2;212;119;25m████████[38;2;16;16;16m██                                        
                                [38;2;37;88;184m██[38;2;22;121;254m██[38;2;37;88;184m██[38;2;22;121;254m████[38;2;37;88;184m██[38;2;22;121;254m██[38;2;37;88;184m██[38;2;212;119;25m████[38;2;16;16;16m██                              [38;2;37;88;184m██[38;2;22;121;254m████[38;2;37;88;184m██[38;2;251;170;0m██████████[38;2;16;16;16m██                  ██[38;2;212;119;25m████████[38;2;171;72;32m██                                        
                                [38;2;37;88;184m██[38;2;22;121;254m██[38;2;37;88;184m██[38;2;22;121;254m██[38;2;37;88;184m██[38;2;22;121;254m████[38;2;37;88;184m██[38;2;212;119;25m████[38;2;16;16;16m██                        [38;2;37;88;184m████  ██[38;2;22;121;254m██████[38;2;37;88;184m██[38;2;251;170;0m██[38;2;37;88;184m████[38;2;16;16;16m██[38;2;212;119;25m██[38;2;171;72;32m██                [38;2;16;16;16m██[38;2;212;119;25m██████████[38;2;16;16;16m██                                      
                                  [38;2;37;88;184m██[38;2;22;121;254m████[38;2;37;88;184m██[38;2;22;121;254m████[38;2;37;88;184m██[38;2;212;119;25m██████[38;2;16;16;16m██                      [38;2;37;88;184m██[38;2;22;121;254m██[38;2;37;88;184m████[38;2;22;121;254m██████[38;2;37;88;184m████[38;2;22;121;254m██[38;2;37;88;184m██[38;2;16;16;16m██[38;2;212;119;25m██[38;2;171;72;32m██                [38;2;16;16;16m██[38;2;212;119;25m██████████[38;2;16;16;16m██                                      
                                  [38;2;37;88;184m██████[38;2;22;121;254m████[38;2;37;88;184m██[38;2;251;170;0m██[38;2;212;119;25m██████[38;2;16;16;16m██                      [38;2;37;88;184m██[38;2;22;121;254m████[38;2;37;88;184m██[38;2;22;121;254m██████[38;2;37;88;184m██[38;2;22;121;254m████[38;2;37;88;184m██[38;2;16;16;16m██[38;2;212;119;25m██[38;2;171;72;32m██              [38;2;16;16;16m██[38;2;37;88;184m██████[38;2;212;119;25m████████[38;2;16;16;16m██                                    
                              [38;2;115;115;110m████[38;2;237;236;235m██████[38;2;37;88;184m██[38;2;22;121;254m██[38;2;37;88;184m██[38;2;251;170;0m████[38;2;212;119;25m████[38;2;16;16;16m██                        [38;2;37;88;184m██[38;2;22;121;254m████████████████[38;2;37;88;184m██[38;2;251;170;0m██[38;2;16;16;16m██[38;2;37;88;184m██[38;2;16;16;16m██        ██[38;2;37;88;184m██████████████[38;2;212;119;25m████[38;2;16;16;16m██                                    
                            [38;2;115;115;110m██[38;2;237;236;235m████[38;2;201;196;185m██████[38;2;237;236;235m██[38;2;37;88;184m██[38;2;22;121;254m██[38;2;37;88;184m██[38;2;251;170;0m████[38;2;212;119;25m██[38;2;37;88;184m██[38;2;16;16;16m██                      [38;2;37;88;184m██[38;2;22;121;254m██████████████[38;2;37;88;184m██[38;2;251;170;0m████[38;2;16;16;16m██[38;2;37;88;184m██[38;2;16;16;16m██      ██[38;2;37;88;184m████[38;2;201;196;185m████████[38;2;37;88;184m██████[38;2;212;119;25m██[38;2;37;88;184m██[38;2;16;16;16m██                                  
                          [38;2;115;115;110m██[38;2;237;236;235m██[38;2;201;196;185m████[38;2;237;236;235m████████[38;2;37;88;184m██[38;2;22;121;254m██[38;2;37;88;184m██[38;2;251;170;0m██[38;2;22;121;254m██[38;2;37;88;184m████[38;2;16;16;16m██                        [38;2;37;88;184m██[38;2;22;121;254m████████████[38;2;37;88;184m██[38;2;251;170;0m██████[38;2;16;16;16m██        ██[38;2;201;196;185m██[38;2;115;115;110m██[38;2;201;196;185m██████[38;2;115;115;110m██[38;2;201;196;185m████[38;2;37;88;184m██████[38;2;16;16;16m██                                  
                        [38;2;115;115;110m██[38;2;237;236;235m██[38;2;201;196;185m██[38;2;237;236;235m██████████████[38;2;37;88;184m██[38;2;22;121;254m████████[38;2;37;88;184m██[38;2;16;16;16m██                      ██[38;2;22;121;254m██[38;2;37;88;184m██████████[38;2;22;121;254m████[38;2;37;88;184m██[38;2;251;170;0m████[38;2;16;16;16m██        ██[38;2;201;196;185m██[38;2;115;115;110m██[38;2;201;196;185m████[38;2;115;115;110m██[38;2;201;196;185m████████[38;2;16;16;16m████                                    
                          ████[38;2;115;115;110m██[38;2;237;236;235m████████████[38;2;37;88;184m██[38;2;22;121;254m████[38;2;16;16;16m██████                      ██[38;2;37;88;184m████[38;2;237;236;235m██████████[38;2;37;88;184m████[38;2;22;121;254m██[38;2;37;88;184m██[38;2;251;170;0m██[38;2;37;88;184m██[38;2;16;16;16m██        ████[38;2;201;196;185m██[38;2;115;115;110m██[38;2;201;196;185m████[38;2;16;16;16m██████                                        
                                ██████████████████                          ██[38;2;37;88;184m██[38;2;237;236;235m██[38;2;201;196;185m██[38;2;237;236;235m████████[38;2;201;196;185m██[38;2;237;236;235m████[38;2;37;88;184m████████[38;2;16;16;16m██            ████████                                              
                                                                            ██[38;2;237;236;235m████[38;2;201;196;185m██[38;2;237;236;235m██████[38;2;201;196;185m██[38;2;237;236;235m████████[38;2;37;88;184m██████[38;2;16;16;16m██                                                                  
                                                                            ██[38;2;237;236;235m██████[38;2;201;196;185m██[38;2;237;236;235m██[38;2;201;196;185m██[38;2;237;236;235m████████████[38;2;16;16;16m████                                                                    
                                                                              ██[38;2;115;115;110m██[38;2;237;236;235m██[38;2;201;196;185m██[38;2;237;236;235m██[38;2;201;196;185m██[38;2;237;236;235m████████[38;2;115;115;110m██[38;2;16;16;16m██                                                                        
                                                                                  ████████████████                                                                            
[0m