                                [38;2;167;94;50m██████                                                                                                                                                        
                            ████[38;2;255;173;30m████[38;2;123;74;41m██                                                                                                                                                        
                          [38;2;167;94;50m██[38;2;255;173;30m██████[38;2;123;74;41m██                                                                                                                                                          
                      [38;2;167;94;50m██[38;2;255;173;30m██████[38;2;123;74;41m██                                            [38;2;167;94;50m██████                                                                                                            
                    ██[38;2;255;173;30m██████[38;2;123;74;41m██                                              [38;2;167;94;50m██[38;2;255;173;30m████[38;2;123;74;41m██                                                                                                          
                  [38;2;167;94;50m██[38;2;255;173;30m████████                                                  [38;2;167;94;50m██[38;2;255;173;30m████[38;2;123;74;41m██                                                                                                        
                [38;2;167;94;50m██[38;2;255;173;30m██████████                                                  [38;2;167;94;50m██[38;2;255;173;30m██████[38;2;123;74;41m██                                                                                                      
                [38;2;255;173;30m██████████[38;2;123;74;41m██                                                    [38;2;167;94;50m██[38;2;255;173;30m██████[38;2;123;74;41m██                                                                                                    
              [38;2;167;94;50m██[38;2;255;173;30m██████████[38;2;123;74;41m██        [38;2;167;94;50m████                                        ██[38;2;255;173;30m████████[38;2;123;74;41m██                                                                                                  
          [38;2;167;94;50m██[38;2;255;173;30m████████████[38;2;123;74;41m██  [38;2;167;94;50m██[38;2;255;173;30m████████[38;2;0;0;0m██                                  ██      [38;2;167;94;50m██[38;2;255;173;30m████████[38;2;123;74;41m██                                                                                                
        [38;2;167;94;50m██[38;2;255;173;30m████████████[38;2;123;74;41m██  [38;2;167;94;50m██[38;2;255;173;30m████████[38;2;0;0;0m██                          [38;2;167;94;50m██████    [38;2;53;47;36m██[38;2;0;0;0m██      [38;2;255;173;30m██████████[38;2;123;74;41m██                                                                                              
        [38;2;167;94;50m██[38;2;255;173;30m████████████[38;2;167;94;50m████[38;2;255;173;30m████████[38;2;0;0;0m████                          [38;2;167;94;50m██[38;2;255;173;30m████[38;2;167;94;50m██[38;2;0;0;0m██[38;2;53;47;36m██[38;2;0;0;0m██      [38;2;255;173;30m████████████                                                                                              
      [38;2;167;94;50m██[38;2;255;173;30m████████████████████████[38;2;0;0;0m██[38;2;53;47;36m████[38;2;0;0;0m██                          ██[38;2;255;173;30m██████[38;2;53;47;36m██[38;2;0;0;0m██      [38;2;255;173;30m████████████                                                                                              
      ████████████████████████[38;2;0;0;0m██[38;2;53;47;36m██████[38;2;0;0;0m██                          ██[38;2;255;173;30m██████[38;2;0;0;0m████      [38;2;167;94;50m██[38;2;255;173;30m██████████[38;2;123;74;41m██                                                                                            
    [38;2;167;94;50m██[38;2;255;173;30m██████[38;2;123;74;41m████[38;2;255;173;30m████████[38;2;208;137;35m████  [38;2;0;0;0m██[38;2;53;47;36m████████                        [38;2;0;0;0m██[38;2;53;47;36m████[38;2;0;0;0m██[38;2;255;173;30m████████[38;2;123;74;41m██  [38;2;167;94;50m██[38;2;255;173;30m████████████[38;2;123;74;41m██                                                                                          
    [38;2;167;94;50m██[38;2;255;173;30m████[38;2;123;74;41m██  [38;2;167;94;50m██[38;2;255;173;30m██████[38;2;208;137;35m████[38;2;161;101;40m██  [38;2;0;0;0m██[38;2;247;184;56m██[38;2;53;47;36m██████                      [38;2;0;0;0m██[38;2;53;47;36m██████[38;2;0;0;0m██[38;2;208;137;35m██[38;2;255;173;30m████████[38;2;123;74;41m██[38;2;167;94;50m██[38;2;255;173;30m████████████[38;2;123;74;41m██                                                                                          
    [38;2;167;94;50m██[38;2;255;173;30m██[38;2;123;74;41m██    [38;2;167;94;50m██[38;2;255;173;30m████[38;2;208;137;35m████[38;2;161;101;40m████  [38;2;0;0;0m██[38;2;247;184;56m████[38;2;53;47;36m████[38;2;0;0;0m██                    ██[38;2;53;47;36m██████[38;2;0;0;0m██[38;2;208;137;35m██[38;2;255;173;30m██████████[38;2;167;94;50m██[38;2;255;173;30m████████████[38;2;123;74;41m██                                                                                          
  [38;2;167;94;50m██[38;2;255;173;30m██[38;2;123;74;41m██    [38;2;167;94;50m██[38;2;255;173;30m████[38;2;208;137;35m████[38;2;161;101;40m████[38;2;0;0;0m██  ████[38;2;247;184;56m████[38;2;53;47;36m██[38;2;0;0;0m██                    [38;2;53;47;36m██████████[38;2;0;0;0m██[38;2;208;137;35m██[38;2;255;173;30m██████████████████████[38;2;123;74;41m██                                                                                          
  [38;2;167;94;50m██[38;2;255;173;30m██      [38;2;167;94;50m██[38;2;255;173;30m██[38;2;208;137;35m████[38;2;161;101;40m██████[38;2;0;0;0m████[38;2;247;184;56m██[38;2;0;0;0m██[38;2;247;184;56m██████[38;2;0;0;0m██                  [38;2;148;65;65m██[38;2;53;47;36m████[38;2;247;184;56m██████[38;2;0;0;0m██[38;2;208;137;35m██[38;2;255;173;30m████████████████████████[38;2;123;74;41m██                                                                                        
  [38;2;167;94;50m██[38;2;123;74;41m██      [38;2;167;94;50m██[38;2;255;173;30m██[38;2;208;137;35m██[38;2;161;101;40m████████[38;2;0;0;0m██[38;2;247;184;56m████[38;2;0;0;0m██[38;2;247;184;56m██████[38;2;0;0;0m██                  [38;2;148;65;65m██[38;2;0;0;0m██[38;2;247;184;56m████████[38;2;0;0;0m██[38;2;208;137;35m████[38;2;255;173;30m██████████████████████[38;2;123;74;41m██                                                                                        
[38;2;167;94;50m██  ██    ██[38;2;255;173;30m████[38;2;161;101;40m██[38;2;0;0;0m██████[38;2;161;101;40m████[38;2;247;184;56m██████[38;2;0;0;0m██[38;2;247;184;56m████[38;2;0;0;0m██                  [38;2;148;65;65m██[38;2;255;247;130m██[38;2;0;0;0m██[38;2;247;184;56m████[38;2;0;0;0m██  [38;2;161;101;40m████[38;2;208;137;35m██[38;2;255;173;30m██████[38;2;167;94;50m██  [38;2;123;74;41m██[38;2;255;173;30m████████[38;2;123;74;41m██                                                                                        
[38;2;167;94;50m████      ██[38;2;255;173;30m██[38;2;208;137;35m██[38;2;0;0;0m██      ██[38;2;161;101;40m██[38;2;0;0;0m██[38;2;247;184;56m██████[38;2;0;0;0m██[38;2;247;184;56m██[38;2;148;65;65m██████████        ██[38;2;255;247;130m████[38;2;0;0;0m██[38;2;247;184;56m██[38;2;0;0;0m██  ██[38;2;161;101;40m████[38;2;208;137;35m████[38;2;255;173;30m████[38;2;167;94;50m██    [38;2;123;74;41m██[38;2;255;173;30m████████[38;2;123;74;41m██                                                                                      
[38;2;167;94;50m████      ██[38;2;255;173;30m██[38;2;208;137;35m██          [38;2;0;0;0m██████[38;2;247;184;56m████[38;2;148;65;65m████[38;2;255;251;194m██████[38;2;255;247;130m████[38;2;148;65;65m████  ██[38;2;255;247;130m██████[38;2;0;0;0m██[38;2;247;184;56m██[38;2;0;0;0m████[38;2;161;101;40m████████[38;2;208;137;35m██[38;2;255;173;30m████[38;2;167;94;50m██      [38;2;123;74;41m██[38;2;255;173;30m██████[38;2;123;74;41m██                                                                                      
[38;2;167;94;50m██        ██[38;2;255;173;30m██[38;2;0;0;0m██            [38;2;247;184;56m████████[38;2;255;247;130m██[38;2;255;251;194m██████████[38;2;255;247;130m██████[38;2;148;65;65m██[38;2;255;247;130m██████[38;2;148;65;65m██[38;2;0;0;0m████[38;2;161;101;40m████████████[38;2;208;137;35m██[38;2;255;173;30m████[38;2;167;94;50m██        [38;2;255;173;30m██████[38;2;123;74;41m██                                                                                      
[38;2;167;94;50m██  [38;2;123;74;41m██      [38;2;167;94;50m██[38;2;0;0;0m██          [38;2;148;65;65m██[38;2;247;184;56m████[38;2;148;65;65m██[38;2;255;247;130m██████[38;2;255;251;194m██████[38;2;255;247;130m██████████[38;2;247;184;56m██[38;2;255;247;130m████[38;2;0;0;0m██[38;2;161;101;40m██████[38;2;0;0;0m████[38;2;161;101;40m██████[38;2;208;137;35m████[38;2;255;173;30m████[38;2;167;94;50m██      [38;2;255;173;30m██████[38;2;123;74;41m██                [38;2;167;94;50m████████████████                                                      
  [38;2;123;74;41m██[38;2;167;94;50m██                    [38;2;0;0;0m██████[38;2;255;247;130m████████████████████████████████[38;2;0;0;0m██████    ████[38;2;161;101;40m████[38;2;208;137;35m██[38;2;255;173;30m████[38;2;167;94;50m██      [38;2;123;74;41m██[38;2;255;173;30m████[38;2;123;74;41m██              [38;2;167;94;50m██[38;2;255;173;30m████████████████[38;2;167;94;50m████████████                                          
                            [38;2;148;65;65m██[38;2;255;247;130m██[38;2;0;0;0m██[38;2;255;255;255m██[38;2;255;247;130m██████████████[38;2;0;0;0m██[38;2;255;247;130m████████[38;2;247;184;56m██[38;2;0;0;0m██[38;2;255;247;130m████[38;2;148;65;65m██            [38;2;123;74;41m██[38;2;255;173;30m████[38;2;167;94;50m██        [38;2;123;74;41m██[38;2;255;173;30m██[38;2;123;74;41m██              [38;2;167;94;50m██[38;2;255;173;30m██████████████████████████████████████[38;2;167;94;50m██████                          
                            [38;2;148;65;65m██[38;2;255;247;130m██[38;2;41;41;41m██[38;2;34;121;148m██[38;2;41;41;41m██[38;2;255;247;130m████████████[38;2;0;0;0m████[38;2;255;247;130m████████  [38;2;0;0;0m████[38;2;148;65;65m██              [38;2;255;173;30m████[38;2;167;94;50m██          ██[38;2;123;74;41m██              [38;2;167;94;50m██[38;2;255;173;30m████████████████████████████████████████████[38;2;167;94;50m██████                    
                            [38;2;255;247;130m████[38;2;247;184;56m██[38;2;41;41;41m██[38;2;255;247;130m████[38;2;98;49;8m██[38;2;255;247;130m██████[38;2;0;0;0m██[38;2;34;121;148m██[38;2;41;41;41m██[38;2;255;247;130m████████[38;2;0;0;0m██                    [38;2;123;74;41m██[38;2;255;173;30m██[38;2;167;94;50m██    [38;2;123;74;41m██[38;2;167;94;50m██  ██[38;2;123;74;41m██              [38;2;255;173;30m████████████████████████████████████████████████████[38;2;167;94;50m██████              
                            [38;2;255;95;39m██[38;2;255;247;130m██████████████████[38;2;247;184;56m██[38;2;41;41;41m██[38;2;247;184;56m██[38;2;255;247;130m████████[38;2;0;0;0m██                    [38;2;123;74;41m██[38;2;255;173;30m██[38;2;167;94;50m██    [38;2;123;74;41m██[38;2;167;94;50m██  ██[38;2;123;74;41m██              [38;2;255;173;30m██████████████████████████████████████████████████████████[38;2;167;94;50m██████        
                            [38;2;255;95;39m████[38;2;255;247;130m████[38;2;0;0;0m██[38;2;255;255;255m██[38;2;0;0;0m██[38;2;255;247;130m████████████[38;2;255;95;39m████[38;2;255;247;130m████[38;2;0;0;0m██                      [38;2;167;94;50m████    [38;2;123;74;41m████  ██                [38;2;255;173;30m████████████████████████████████████████████████████████████████[38;2;167;94;50m████    
                            [38;2;255;95;39m████[38;2;255;247;130m████[38;2;122;60;56m██████[38;2;0;0;0m██[38;2;255;255;255m██[38;2;0;0;0m██[38;2;255;247;130m████[38;2;255;95;39m████████[38;2;247;184;56m██[38;2;0;0;0m██                              [38;2;123;74;41m██    ██                [38;2;255;173;30m████████████████████████████████████████████████████████████████████[38;2;167;94;50m████
                  [38;2;148;65;65m██████████[38;2;0;0;0m██[38;2;247;184;56m██[38;2;255;247;130m██████[38;2;222;82;63m██████[38;2;122;60;56m██[38;2;255;247;130m██████[38;2;255;95;39m████████[38;2;247;184;56m██[38;2;0;0;0m██  [38;2;148;65;65m██[38;2;247;184;56m██[38;2;0;0;0m██                        [38;2;123;74;41m██[38;2;167;94;50m██                  [38;2;255;173;30m████████████████████████████████████████████████████████████████████[38;2;123;74;41m████
                [38;2;148;65;65m██[38;2;255;247;130m██[38;2;247;184;56m██[38;2;255;247;130m██████[38;2;0;0;0m██[38;2;148;65;65m██[38;2;255;247;130m████████[38;2;122;60;56m████[38;2;255;247;130m██████████[38;2;255;95;39m████[38;2;247;184;56m████[38;2;148;65;65m██[38;2;247;184;56m██████[38;2;0;0;0m██                                            [38;2;167;94;50m██[38;2;255;173;30m██████████████████████████████████████████████████████████████████[38;2;123;74;41m██    
                [38;2;255;247;130m██[38;2;247;184;56m██[38;2;255;247;130m██████████[38;2;0;0;0m██[38;2;255;247;130m██████████████████████[38;2;247;184;56m██████[38;2;0;0;0m████[38;2;148;65;65m██████                                    [38;2;167;94;50m██        ██[38;2;255;173;30m██████████████████████████████████████████████████████████████[38;2;123;74;41m████      
                [38;2;255;247;130m██████████████[38;2;247;184;56m████[38;2;255;247;130m██████████████████████[38;2;148;65;65m████[38;2;255;247;130m██████[38;2;247;184;56m██[38;2;255;247;130m██[38;2;0;0;0m██                                [38;2;167;94;50m██[38;2;222;123;49m██[38;2;167;94;50m████    ██[38;2;222;123;49m████[38;2;255;173;30m██████[38;2;123;74;41m████[38;2;255;173;30m████████████████████████████████████████████[38;2;123;74;41m████          
                [38;2;255;247;130m██████████████[38;2;247;184;56m██████[38;2;255;247;130m████████████████████████████████[38;2;247;184;56m██[38;2;255;247;130m██[38;2;0;0;0m██                            [38;2;167;94;50m██[38;2;222;123;49m████████[38;2;167;94;50m████[38;2;222;123;49m████████[38;2;255;173;30m██[38;2;123;74;41m██    ████[38;2;255;173;30m██████████████████████████████████████[38;2;123;74;41m██              
                [38;2;0;0;0m██[38;2;255;247;130m██████████[38;2;247;184;56m████████[38;2;255;247;130m██████████████████████████████████████                          [38;2;167;94;50m██[38;2;222;123;49m████████████████████████[38;2;123;74;41m██        ████[38;2;255;173;30m██████████████████████████████[38;2;123;74;41m████                
                      [38;2;0;0;0m████[38;2;247;184;56m██████[38;2;148;65;65m██[38;2;255;247;130m████[38;2;252;252;252m██████[38;2;255;247;130m██████████[38;2;247;184;56m██████[38;2;255;247;130m████████████[38;2;0;0;0m██                      [38;2;167;94;50m██[38;2;222;123;49m████████[38;2;123;74;41m██[38;2;222;123;49m████████████████[38;2;123;74;41m██                ████[38;2;255;173;30m██████████████████[38;2;123;74;41m██                        
                          [38;2;0;0;0m██████[38;2;247;184;56m██[38;2;255;247;130m██[38;2;252;252;252m████████████[38;2;255;247;130m████████[38;2;247;184;56m██████[38;2;255;247;130m████[38;2;0;0;0m██████                        [38;2;222;123;49m██████[38;2;123;74;41m████  ██████[38;2;222;123;49m██████████[38;2;123;74;41m██                    ████[38;2;255;173;30m██████████[38;2;123;74;41m████                          
                            [38;2;0;0;0m██[38;2;247;184;56m██[38;2;255;247;130m██[38;2;252;252;252m████████████████[38;2;255;247;130m██████████[38;2;148;65;65m██[38;2;0;0;0m████                            ██[38;2;112;95;87m██[38;2;0;0;0m████            [38;2;123;74;41m████[38;2;222;123;49m██████[38;2;123;74;41m██                        ██[38;2;255;173;30m████[38;2;123;74;41m████                              
                            [38;2;0;0;0m██[38;2;247;184;56m██[38;2;255;247;130m██[38;2;252;252;252m████████████████[38;2;255;247;130m██████████[38;2;247;184;56m██[38;2;0;0;0m██                            ██[38;2;112;95;87m██[38;2;0;0;0m████                  [38;2;123;74;41m██████                            ████                                  
                            [38;2;0;0;0m██[38;2;247;184;56m██[38;2;252;252;252m████████████████████[38;2;255;247;130m████████[38;2;247;184;56m██[38;2;0;0;0m██                        [38;2;112;95;87m██████[38;2;0;0;0m██                                                                                              
                        [38;2;112;95;87m████[38;2;0;0;0m██[38;2;247;184;56m██[38;2;252;252;252m██████████████████████[38;2;255;247;130m██[38;2;247;184;56m██████████[38;2;0;0;0m████████[38;2;112;95;87m██████[38;2;0;0;0m████████                                                                                                      
                      ██[38;2;112;95;87m██[38;2;0;0;0m████[38;2;247;184;56m██[38;2;223;206;221m██[38;2;252;252;252m████████████████████[38;2;247;184;56m████████████[38;2;0;0;0m██    ██████████                                                                                                            
                      ██[38;2;112;95;87m██  [38;2;0;0;0m██[38;2;247;184;56m██[38;2;223;206;221m████[38;2;252;252;252m████████████████[38;2;223;206;221m██[38;2;247;184;56m████████████[38;2;0;0;0m██                                                                                                                          
                      ██[38;2;112;95;87m██  [38;2;0;0;0m██[38;2;247;184;56m████[38;2;223;206;221m██████[38;2;252;252;252m██████████[38;2;223;206;221m████[38;2;247;184;56m████████████[38;2;148;65;65m██████                                                                                                                      
                      [38;2;0;0;0m████    [38;2;148;65;65m██[38;2;247;184;56m██[38;2;223;206;221m████████████████████[38;2;247;184;56m██████████[38;2;148;65;65m██[38;2;247;184;56m██[38;2;148;65;65m██[38;2;247;184;56m██[38;2;0;0;0m██                                                                                                                    
                        ██[38;2;112;95;87m██  [38;2;0;0;0m██[38;2;247;184;56m████[38;2;223;206;221m████████████████[38;2;247;184;56m██████████[38;2;148;65;65m██[38;2;247;184;56m██[38;2;148;65;65m██[38;2;247;184;56m████[38;2;0;0;0m██                                                                                                                    
                          ██[38;2;112;95;87m██  [38;2;0;0;0m██[38;2;247;184;56m██████[38;2;223;206;221m████████[38;2;247;184;56m████████████[38;2;0;0;0m██[38;2;247;184;56m██████[38;2;0;0;0m██                                                                                                                        
                            ████████[38;2;247;184;56m████████████████[38;2;0;0;0m████████  ██████                                                                                                                          
                              ████████[38;2;247;184;56m████████████[38;2;0;0;0m██                                                                                                                                          
                                      ██[38;2;247;184;56m████████[38;2;0;0;0m██                                                                                                                                            
                                        ██████[38;2;148;65;65m██[38;2;247;184;56m██[38;2;0;0;0m██                                                                                                                                          
                                            [38;2;148;65;65m██[38;2;247;184;56m████[38;2;0;0;0m██                                                                                                                                          
                                          [38;2;148;65;65m██[38;2;255;247;130m████[38;2;247;184;56m██                                                                                                                                            
                                          [38;2;148;65;65m██[38;2;255;247;130m██████                                                                                                                                            
                                            [38;2;148;65;65m██[38;2;0;0;0m████                                                                                                                                            
[0m