                        [38;2;56;33;50m████████                  
                      ██[38;2;147;66;90m████████[38;2;56;33;50m██                
                    ██[38;2;147;66;90m██[38;2;97;54;67m██████[38;2;147;66;90m████[38;2;56;33;50m██              
                  ██[38;2;147;66;90m██[38;2;56;33;50m██[38;2;97;54;67m██████[38;2;56;33;50m██[38;2;147;66;90m████[38;2;56;33;50m██            
                  ██[38;2;147;66;90m████[38;2;56;33;50m██████[38;2;147;66;90m██████[38;2;56;33;50m██            
                ██[38;2;147;66;90m████████████████████[38;2;56;33;50m██          
                ██[38;2;147;66;90m██████████████████[38;2;97;54;67m██[38;2;56;33;50m██          
        [38;2;62;87;34m████████[38;2;56;33;50m██[38;2;97;54;67m██[38;2;147;66;90m██████████████[38;2;97;54;67m████[38;2;56;33;50m██          
      [38;2;62;87;34m██[38;2;129;174;66m████████[38;2;62;87;34m████[38;2;97;54;67m██[38;2;147;66;90m████████[38;2;97;54;67m████████[38;2;56;33;50m██          
      [38;2;62;87;34m██[38;2;129;174;66m██████████[38;2;92;120;65m██[38;2;62;87;34m██[38;2;97;54;67m██████████████[38;2;62;87;34m████████████  
        [38;2;15;15;15m██[38;2;92;120;65m██[38;2;129;174;66m████████[38;2;92;120;65m██[38;2;62;87;34m██[38;2;97;54;67m██████[38;2;62;87;34m██████[38;2;92;120;65m██[38;2;129;174;66m██████████[38;2;62;87;34m██
          [38;2;15;15;15m████[38;2;92;120;65m████████[38;2;62;87;34m████████[38;2;92;120;65m██[38;2;129;174;66m██████████████[38;2;92;120;65m██[38;2;15;15;15m██
              ████████[38;2;62;87;34m██[38;2;92;120;65m██[38;2;15;15;15m██[38;2;92;120;65m██[38;2;129;174;66m██████████████[38;2;92;120;65m██[38;2;15;15;15m██  
            [38;2;143;94;39m██[38;2;188;123;52m██████[38;2;62;87;34m██[38;2;129;174;66m██[38;2;92;120;65m██[38;2;15;15;15m████[38;2;62;87;34m██[38;2;92;120;65m████████[38;2;62;87;34m██[38;2;15;15;15m████    
          [38;2;143;94;39m██[38;2;236;166;70m████[38;2;188;123;52m██[38;2;62;87;34m██[38;2;129;174;66m████[38;2;62;87;34m██[38;2;188;123;52m██████[38;2;15;15;15m████████          
        [38;2;143;94;39m██[38;2;236;166;70m████████[38;2;62;87;34m██[38;2;129;174;66m████[38;2;15;15;15m██[38;2;188;123;52m██[38;2;236;166;70m██████[38;2;188;123;52m██[38;2;106;58;30m██            
      [38;2;143;94;39m██[38;2;236;166;70m████[38;2;253;196;119m████[38;2;62;87;34m██[38;2;129;174;66m██████[38;2;15;15;15m██[38;2;236;166;70m██████████[38;2;188;123;52m██[38;2;106;58;30m██          
      [38;2;143;94;39m██[38;2;236;166;70m██[38;2;253;196;119m██████[38;2;62;87;34m██[38;2;129;174;66m████[38;2;92;120;65m██[38;2;15;15;15m██[38;2;236;166;70m████████████[38;2;106;58;30m██          
    [38;2;143;94;39m██[38;2;236;166;70m████[38;2;253;196;119m██████[38;2;62;87;34m██[38;2;92;120;65m██[38;2;129;174;66m██[38;2;62;87;34m██[38;2;15;15;15m██[38;2;236;166;70m████████████[38;2;188;123;52m██[38;2;15;15;15m██        
    [38;2;143;94;39m██[38;2;236;166;70m████[38;2;253;196;119m████████[38;2;15;15;15m████[38;2;62;87;34m██[38;2;236;166;70m████████████████[38;2;15;15;15m██        
  [38;2;106;58;30m██[38;2;236;166;70m████████[38;2;253;196;119m████████[38;2;236;166;70m████████████████████[38;2;106;58;30m██        
  ██[38;2;236;166;70m████████████████████████████████████[38;2;188;123;52m██[38;2;15;15;15m██      
  [38;2;143;94;39m██[38;2;236;166;70m████████████████████████████████████[38;2;188;123;52m██[38;2;15;15;15m██      
[38;2;106;58;30m██[38;2;236;166;70m██████████████████████████████████████[38;2;188;123;52m██[38;2;15;15;15m██      
[38;2;106;58;30m██[38;2;236;166;70m████████████████████████████████████[38;2;188;123;52m████[38;2;15;15;15m██      
[38;2;106;58;30m██[38;2;236;166;70m████[38;2;143;94;39m██[38;2;15;15;15m██[38;2;106;58;30m██[38;2;236;166;70m██████████████[38;2;143;94;39m██[38;2;15;15;15m██[38;2;106;58;30m██[38;2;236;166;70m██████[38;2;188;123;52m████[38;2;15;15;15m██      
██[38;2;236;166;70m████[38;2;15;15;15m██[38;2;243;245;241m██[38;2;15;15;15m██[38;2;236;166;70m██████████████[38;2;15;15;15m██[38;2;243;245;241m██[38;2;15;15;15m██[38;2;236;166;70m████[38;2;188;123;52m██████[38;2;15;15;15m██      
██[38;2;188;123;52m██[38;2;236;166;70m██[38;2;106;58;30m██[38;2;15;15;15m██[38;2;106;58;30m██[38;2;236;166;70m██████████████[38;2;106;58;30m██[38;2;15;15;15m██[38;2;106;58;30m██[38;2;236;166;70m██[38;2;188;123;52m██████[38;2;106;58;30m██        
  ██[38;2;188;123;52m████████[38;2;236;166;70m██[38;2;106;58;30m██[38;2;236;166;70m██[38;2;106;58;30m██[38;2;236;166;70m██[38;2;106;58;30m██[38;2;236;166;70m██████[38;2;188;123;52m██████████[38;2;15;15;15m██        
  ██[38;2;188;123;52m████████[38;2;143;94;39m██[38;2;188;123;52m██[38;2;106;58;30m██[38;2;188;123;52m██[38;2;106;58;30m██[38;2;188;123;52m██[38;2;143;94;39m██[38;2;188;123;52m████████████[38;2;143;94;39m██[38;2;15;15;15m██        
    [38;2;106;58;30m██[38;2;188;123;52m██████████████████████████████[38;2;143;94;39m██[38;2;106;58;30m██          
    [38;2;15;15;15m██[38;2;143;94;39m████[38;2;188;123;52m██████████████████████[38;2;143;94;39m██████[38;2;15;15;15m██          
      ██[38;2;143;94;39m██████[38;2;106;58;30m██[38;2;143;94;39m████████████████████[38;2;15;15;15m██            
        ████[38;2;143;94;39m████[38;2;15;15;15m██████████[38;2;106;58;30m██[38;2;143;94;39m████[38;2;106;58;30m██[38;2;15;15;15m██              
            ████            ████                  
[0m