        [38;2;58;86;60m████                                ██████                          
      ██[38;2;72;181;113m████[38;2;58;86;60m████                        ████[38;2;72;181;113m██████[38;2;58;86;60m██                        
      ██[38;2;72;181;113m████████[38;2;58;86;60m██                  ████[38;2;72;181;113m██████████[38;2;58;86;60m██                        
    [38;2;15;15;15m██[38;2;60;128;97m██[38;2;72;181;113m██[38;2;58;86;60m██[38;2;72;181;113m██████[38;2;58;86;60m██              ██[38;2;72;181;113m████████[38;2;58;86;60m████[38;2;72;181;113m██[38;2;60;128;97m██[38;2;15;15;15m██                      
    ██[38;2;60;128;97m████[38;2;170;184;143m██[38;2;58;86;60m██[38;2;72;181;113m██████[38;2;58;86;60m██          ██[38;2;72;181;113m██████[38;2;58;86;60m████[38;2;170;184;143m████[38;2;58;86;60m██[38;2;60;128;97m██[38;2;15;15;15m██                      
    ██[38;2;60;128;97m██[38;2;58;86;60m██[38;2;170;184;143m████[38;2;58;86;60m██[38;2;72;181;113m██████[38;2;58;86;60m██████████[38;2;72;181;113m██████[38;2;58;86;60m██[38;2;170;184;143m████████[38;2;58;86;60m██[38;2;60;128;97m██[38;2;15;15;15m██                      
    ██[38;2;60;128;97m██[38;2;58;86;60m██[38;2;170;184;143m██████[38;2;58;86;60m████[38;2;170;184;143m██[38;2;211;231;186m████████[38;2;58;86;60m██[38;2;72;181;113m████[38;2;58;86;60m██[38;2;170;184;143m██████████[38;2;58;86;60m██[38;2;60;128;97m██[38;2;15;15;15m██                      
    ██[38;2;60;128;97m██[38;2;58;86;60m██[38;2;170;184;143m████[38;2;58;86;60m██[38;2;170;184;143m██[38;2;211;231;186m██████████████[38;2;58;86;60m████[38;2;170;184;143m████████████[38;2;58;86;60m██[38;2;60;128;97m██[38;2;15;15;15m██                      
    ██[38;2;60;128;97m████[38;2;170;184;143m██[38;2;58;86;60m██[38;2;170;184;143m██[38;2;211;231;186m████████████████████[38;2;124;141;107m████[38;2;170;184;143m████████[38;2;60;128;97m████[38;2;15;15;15m██                      
      ██[38;2;60;128;97m██[38;2;58;86;60m██[38;2;170;184;143m██[38;2;72;181;113m██[38;2;211;231;186m██████████████[38;2;170;184;143m██[38;2;72;181;113m██[38;2;211;231;186m██████[38;2;124;141;107m██[38;2;170;184;143m████[38;2;58;86;60m██[38;2;60;128;97m████[38;2;15;15;15m██                      
      ██[38;2;60;128;97m██[38;2;58;86;60m██[38;2;72;181;113m██████[38;2;211;231;186m████████[38;2;170;184;143m██[38;2;72;181;113m██████[38;2;211;231;186m████████[38;2;124;141;107m██[38;2;170;184;143m██[38;2;58;86;60m██[38;2;60;128;97m████[38;2;15;15;15m██                      
        [38;2;58;86;60m██[38;2;170;184;143m██[38;2;72;181;113m██████[38;2;170;184;143m██[38;2;211;231;186m████[38;2;72;181;113m██████████[38;2;211;231;186m██████████[38;2;58;86;60m██[38;2;60;128;97m████[38;2;15;15;15m██                        
        [38;2;58;86;60m██[38;2;60;128;97m████[38;2;72;181;113m██████[38;2;211;231;186m██[38;2;72;181;113m██████[38;2;60;128;97m██████[38;2;72;181;113m██[38;2;170;184;143m██[38;2;211;231;186m██████[38;2;58;86;60m██[38;2;60;128;97m████[38;2;15;15;15m██                        
      [38;2;58;86;60m██[38;2;72;181;113m██[38;2;60;128;97m██[38;2;252;252;252m██[38;2;60;128;97m██[38;2;72;181;113m██████████[38;2;60;128;97m██[38;2;252;252;252m██████[38;2;60;128;97m██[38;2;72;181;113m████[38;2;170;184;143m██[38;2;211;231;186m████[38;2;58;86;60m████                          
  ██  ██[38;2;60;128;97m██[38;2;252;252;252m██[38;2;143;104;198m██[38;2;252;252;252m██[38;2;72;181;113m██████████[38;2;252;252;252m██[38;2;143;104;198m████[38;2;252;252;252m████[38;2;60;128;97m██[38;2;72;181;113m██████[38;2;211;231;186m████[38;2;58;86;60m██                          
██[38;2;211;231;186m██[38;2;15;15;15m██[38;2;58;86;60m██[38;2;60;128;97m██[38;2;143;104;198m██[38;2;252;252;252m██[38;2;143;104;198m██[38;2;72;181;113m██████████[38;2;143;104;198m██[38;2;252;252;252m██[38;2;143;104;198m████[38;2;252;252;252m██[38;2;60;128;97m██[38;2;72;181;113m████[38;2;170;184;143m██[38;2;211;231;186m████[38;2;58;86;60m██  [38;2;15;15;15m████                    
[38;2;58;86;60m██[38;2;211;231;186m██[38;2;15;15;15m██[38;2;58;86;60m██[38;2;60;128;97m██[38;2;192;130;217m██[38;2;58;86;60m██[38;2;15;15;15m██[38;2;72;181;113m██████████[38;2;143;104;198m██[38;2;58;86;60m██[38;2;15;15;15m██[38;2;192;130;217m██[38;2;252;252;252m██[38;2;60;128;97m██[38;2;72;181;113m████[38;2;211;231;186m██████[38;2;58;86;60m██[38;2;15;15;15m██[38;2;211;231;186m██[38;2;15;15;15m██                    
[38;2;58;86;60m██[38;2;211;231;186m████[38;2;15;15;15m██[38;2;60;128;97m██[38;2;192;130;217m██[38;2;15;15;15m████[38;2;72;181;113m██████████[38;2;192;130;217m██[38;2;15;15;15m████[38;2;192;130;217m██[38;2;252;252;252m██[38;2;60;128;97m██[38;2;72;181;113m██[38;2;170;184;143m██[38;2;211;231;186m████[38;2;124;141;107m████[38;2;211;231;186m████[38;2;15;15;15m██                    
[38;2;58;86;60m██[38;2;170;184;143m██[38;2;211;231;186m██████[38;2;124;141;107m██[38;2;192;130;217m██[38;2;60;128;97m██[38;2;72;181;113m██[38;2;143;104;198m██[38;2;58;86;60m██[38;2;72;181;113m████[38;2;60;128;97m██[38;2;192;130;217m████[38;2;252;252;252m██[38;2;60;128;97m██[38;2;72;181;113m██[38;2;170;184;143m██[38;2;211;231;186m████████████[38;2;170;184;143m██[38;2;15;15;15m██    [38;2;58;86;60m████████        
  [38;2;15;15;15m██[38;2;124;141;107m██[38;2;211;231;186m██[38;2;124;141;107m██[38;2;211;231;186m██[38;2;60;128;97m██[38;2;72;181;113m██████████████[38;2;60;128;97m██████[38;2;72;181;113m██[38;2;211;231;186m██████████████[38;2;170;184;143m██[38;2;15;15;15m██  [38;2;58;86;60m████[38;2;211;231;186m██████[38;2;170;184;143m██[38;2;58;86;60m████    
  [38;2;15;15;15m██[38;2;211;231;186m████[38;2;170;184;143m██[38;2;58;86;60m██[38;2;211;231;186m██[38;2;58;86;60m██[38;2;72;181;113m██[38;2;60;128;97m██[38;2;15;15;15m██[38;2;72;181;113m████[38;2;58;86;60m██[38;2;211;231;186m████████████████████[38;2;124;141;107m██[38;2;58;86;60m██  ██[38;2;170;184;143m██[38;2;211;231;186m████████████[38;2;170;184;143m██[38;2;58;86;60m██  
██[38;2;211;231;186m████[38;2;124;141;107m██[38;2;170;184;143m████[38;2;15;15;15m██[38;2;211;231;186m██[38;2;15;15;15m████[38;2;211;231;186m██[38;2;15;15;15m████[38;2;211;231;186m██████████[38;2;170;184;143m██[38;2;124;141;107m██[38;2;211;231;186m██████████[38;2;15;15;15m██  [38;2;58;86;60m██[38;2;170;184;143m██[38;2;211;231;186m██████████[38;2;170;184;143m██████[38;2;58;86;60m██
██[38;2;15;15;15m████[38;2;170;184;143m████[38;2;58;86;60m██  [38;2;15;15;15m██[38;2;170;184;143m██[38;2;211;231;186m██████████████[38;2;170;184;143m██████[38;2;15;15;15m██[38;2;58;86;60m██[38;2;211;231;186m████[38;2;124;141;107m██[38;2;211;231;186m████[38;2;15;15;15m██[38;2;170;184;143m██████[38;2;211;231;186m██████[38;2;170;184;143m██████[38;2;58;86;60m████
    [38;2;15;15;15m██[38;2;170;184;143m████[38;2;58;86;60m██    [38;2;15;15;15m██[38;2;58;86;60m██[38;2;170;184;143m██████████████[38;2;124;141;107m██[38;2;15;15;15m██[38;2;60;128;97m██[38;2;58;86;60m██[38;2;211;231;186m██[38;2;170;184;143m██[38;2;15;15;15m████████[38;2;170;184;143m████████████████[38;2;58;86;60m██    
      ██[38;2;170;184;143m████[38;2;58;86;60m██  [38;2;15;15;15m██[38;2;60;128;97m██[38;2;15;15;15m██████[38;2;58;86;60m██[38;2;170;184;143m██[38;2;124;141;107m██[38;2;15;15;15m████[38;2;60;128;97m██[38;2;58;86;60m██[38;2;211;231;186m██[38;2;170;184;143m██[38;2;15;15;15m██[38;2;58;86;60m████  ██[38;2;170;184;143m████████████████[38;2;58;86;60m██    
        [38;2;15;15;15m██████    ██[38;2;60;128;97m██[38;2;58;86;60m██[38;2;170;184;143m██[38;2;124;141;107m██[38;2;170;184;143m██[38;2;124;141;107m██[38;2;170;184;143m██[38;2;58;86;60m██[38;2;60;128;97m██[38;2;15;15;15m██████[38;2;170;184;143m██[38;2;211;231;186m████[38;2;58;86;60m████[38;2;170;184;143m██████████████[38;2;58;86;60m██      
                    ██[38;2;72;181;113m██[38;2;58;86;60m████[38;2;170;184;143m██[38;2;58;86;60m██████[38;2;72;181;113m██[38;2;58;86;60m██[38;2;211;231;186m██████████████[38;2;58;86;60m██[38;2;170;184;143m██████[38;2;124;141;107m████[38;2;170;184;143m██[38;2;58;86;60m██      
                  ██[38;2;72;181;113m████[38;2;60;128;97m██[38;2;72;181;113m██[38;2;58;86;60m██[38;2;72;181;113m██[38;2;60;128;97m██[38;2;72;181;113m██████[38;2;58;86;60m████[38;2;211;231;186m████████████[38;2;15;15;15m██[38;2;124;141;107m██[38;2;170;184;143m██████[38;2;58;86;60m██        
                [38;2;15;15;15m██[38;2;72;181;113m████[38;2;15;15;15m████[38;2;72;181;113m██████[38;2;15;15;15m████[38;2;72;181;113m██████[38;2;15;15;15m██[38;2;170;184;143m████[38;2;211;231;186m██████[38;2;170;184;143m████[38;2;15;15;15m████[38;2;58;86;60m██[38;2;124;141;107m██[38;2;170;184;143m██[38;2;58;86;60m██      
                  [38;2;15;15;15m████  ██[38;2;72;181;113m████[38;2;60;128;97m██[38;2;15;15;15m██[38;2;170;184;143m██[38;2;15;15;15m██████[38;2;170;184;143m██████[38;2;124;141;107m██[38;2;170;184;143m████████[38;2;15;15;15m██      [38;2;58;86;60m████      
                      ██[38;2;170;184;143m██[38;2;15;15;15m██[38;2;72;181;113m██[38;2;15;15;15m██[38;2;170;184;143m████████████████[38;2;58;86;60m██[38;2;170;184;143m██████████[38;2;15;15;15m██              
                    [38;2;58;86;60m██[38;2;211;231;186m████[38;2;170;184;143m██[38;2;15;15;15m██[38;2;58;86;60m██[38;2;170;184;143m██[38;2;124;141;107m██[38;2;170;184;143m██████[38;2;58;86;60m██[38;2;170;184;143m██[38;2;15;15;15m████[38;2;124;141;107m██[38;2;170;184;143m██████████[38;2;15;15;15m██            
                    [38;2;58;86;60m██[38;2;211;231;186m████[38;2;58;86;60m██    ██[38;2;124;141;107m██[38;2;211;231;186m████[38;2;170;184;143m██[38;2;15;15;15m████[38;2;124;141;107m████[38;2;15;15;15m████[38;2;170;184;143m████[38;2;124;141;107m██[38;2;170;184;143m██[38;2;15;15;15m██            
                    [38;2;58;86;60m██[38;2;211;231;186m██[38;2;170;184;143m██[38;2;124;141;107m██[38;2;15;15;15m██    [38;2;58;86;60m██[38;2;211;231;186m████[38;2;58;86;60m██  ██[38;2;124;141;107m████[38;2;58;86;60m██  [38;2;15;15;15m██[38;2;124;141;107m██[38;2;170;184;143m████[38;2;15;15;15m██            
                      ██[38;2;124;141;107m████[38;2;15;15;15m██    [38;2;58;86;60m██[38;2;211;231;186m████[38;2;15;15;15m██  [38;2;58;86;60m██[38;2;124;141;107m████[38;2;58;86;60m██    ██[38;2;211;231;186m██[38;2;170;184;143m██[38;2;15;15;15m██            
                        ████      [38;2;58;86;60m██[38;2;211;231;186m██[38;2;170;184;143m██[38;2;15;15;15m██[38;2;58;86;60m██[38;2;124;141;107m████[38;2;58;86;60m██      ██[38;2;211;231;186m██[38;2;124;141;107m██[38;2;15;15;15m██            
                                  [38;2;58;86;60m██[38;2;211;231;186m██[38;2;170;184;143m██[38;2;15;15;15m██  [38;2;58;86;60m████      ██[38;2;211;231;186m████[38;2;15;15;15m██              
                                [38;2;58;86;60m██[38;2;211;231;186m████[38;2;15;15;15m██                ████                
                                [38;2;58;86;60m██[38;2;211;231;186m██[38;2;170;184;143m██[38;2;15;15;15m██                                    
                                  ████                                      
[0m