                [38;2;203;180;47m██████████                
            ████[38;2;243;242;38m██████████[38;2;203;180;47m████            
        ████[38;2;245;244;191m██[38;2;243;242;38m████████████[38;2;245;244;191m██[38;2;251;250;251m██[38;2;203;180;47m██[38;2;153;108;26m██        
      [38;2;203;180;47m██[38;2;251;250;251m████[38;2;245;244;191m██[38;2;243;242;38m██████████[38;2;245;244;191m██[38;2;251;250;251m████████[38;2;153;108;26m██      
    [38;2;203;180;47m██[38;2;251;250;251m████[38;2;245;244;191m██[38;2;243;242;38m████████████[38;2;245;244;191m██[38;2;251;250;251m██████████[38;2;153;108;26m██    
    [38;2;203;180;47m██[38;2;245;244;191m████[38;2;243;242;38m████████████████[38;2;245;244;191m██[38;2;251;250;251m██████[38;2;245;244;191m██[38;2;153;108;26m██    
  ██[38;2;243;242;38m████████████████████████[38;2;245;244;191m██████[38;2;243;242;38m████[38;2;153;108;26m██  
  ██[38;2;243;242;38m██████████████████████████████████[38;2;153;108;26m██  
██[38;2;243;242;38m████[38;2;203;180;47m██████[38;2;243;242;38m████████[38;2;203;180;47m████████[38;2;243;242;38m████████████[38;2;153;108;26m██
██[38;2;243;242;38m██[38;2;203;180;47m██[38;2;115;104;93m██████[38;2;203;180;47m████████[38;2;115;104;93m████████[38;2;203;180;47m██[38;2;243;242;38m██████████[38;2;153;108;26m██
██[38;2;203;180;47m██[38;2;115;104;93m██████████████████████████[38;2;153;108;26m██[38;2;243;242;38m████████[38;2;7;7;7m██
[38;2;153;108;26m██[38;2;115;104;93m████████[38;2;245;99;86m██[38;2;115;104;93m████████[38;2;245;99;86m██[38;2;115;104;93m██████████[38;2;153;108;26m██[38;2;243;242;38m████[38;2;203;180;47m██[38;2;7;7;7m██
[38;2;153;108;26m██[38;2;115;104;93m████████[38;2;251;250;251m██[38;2;115;104;93m████████[38;2;251;250;251m██[38;2;115;104;93m██████████[38;2;153;108;26m██[38;2;203;180;47m██████[38;2;7;7;7m██
  [38;2;58;54;53m██[38;2;243;242;38m██[38;2;115;104;93m████[38;2;245;99;86m██[38;2;115;104;93m████████[38;2;245;99;86m██[38;2;115;104;93m████[38;2;243;242;38m██[38;2;115;104;93m████[38;2;153;108;26m██[38;2;203;180;47m████[38;2;7;7;7m██  
  [38;2;58;54;53m██[38;2;243;242;38m██[38;2;203;180;47m██[38;2;115;104;93m██[38;2;81;75;73m██[38;2;115;104;93m████████[38;2;81;75;73m██[38;2;115;104;93m██[38;2;243;242;38m██████[38;2;115;104;93m██[38;2;153;108;26m██[38;2;203;180;47m████[38;2;7;7;7m██  
    [38;2;58;54;53m██[38;2;203;180;47m██[38;2;245;99;86m████[38;2;115;104;93m████████[38;2;245;99;86m████[38;2;203;180;47m██[38;2;243;242;38m██[38;2;115;104;93m██[38;2;153;108;26m██[38;2;203;180;47m████[38;2;7;7;7m██    
    [38;2;58;54;53m██[38;2;81;75;73m██[38;2;115;104;93m████[38;2;245;99;86m████████[38;2;115;104;93m████████[38;2;153;108;26m██[38;2;203;180;47m████[38;2;7;7;7m██      
      ██[38;2;81;75;73m████[38;2;115;104;93m██████████████[38;2;81;75;73m██████[38;2;7;7;7m██        
        ██[38;2;81;75;73m████████████████████[38;2;7;7;7m██          
        [38;2;130;38;35m██[38;2;81;75;73m████████████████████[38;2;130;38;35m██          
        ██[38;2;245;99;86m██[38;2;81;75;73m████████████████[38;2;191;66;59m██[38;2;130;38;35m██          
          ██[38;2;245;99;86m██████████[38;2;191;66;59m██████[38;2;7;7;7m██            
            [38;2;130;38;35m████[38;2;191;66;59m████████[38;2;7;7;7m████              
                ██[38;2;191;66;59m████[38;2;7;7;7m██                  
                  ██████                  
                  [38;2;58;54;53m██[38;2;81;75;73m████[38;2;7;7;7m██                
                  [38;2;58;54;53m██[38;2;115;104;93m██[38;2;81;75;73m██[38;2;7;7;7m██                
                [38;2;58;54;53m██[38;2;115;104;93m██████[38;2;81;75;73m██[38;2;7;7;7m██              
                [38;2;58;54;53m██[38;2;115;104;93m████████[38;2;7;7;7m██              
                [38;2;58;54;53m██[38;2;115;104;93m██████████[38;2;7;7;7m██            
              [38;2;58;54;53m██[38;2;115;104;93m████████████[38;2;7;7;7m██            
              [38;2;58;54;53m██[38;2;191;66;59m██[38;2;115;104;93m██████████[38;2;191;66;59m██[38;2;7;7;7m██          
              [38;2;130;38;35m██[38;2;245;99;86m██[38;2;191;66;59m██[38;2;115;104;93m██████[38;2;191;66;59m██[38;2;245;99;86m██[38;2;7;7;7m██          
              [38;2;130;38;35m██[38;2;245;99;86m████[38;2;115;104;93m██████[38;2;245;99;86m████[38;2;7;7;7m██          
              [38;2;130;38;35m██[38;2;245;99;86m████[38;2;191;66;59m██[38;2;115;104;93m██[38;2;191;66;59m██[38;2;245;99;86m████[38;2;7;7;7m██          
                [38;2;130;38;35m██[38;2;245;99;86m██████████[38;2;191;66;59m██[38;2;7;7;7m██          
                ██[38;2;130;38;35m██[38;2;245;99;86m██████[38;2;191;66;59m██[38;2;7;7;7m██            
                  ██████████              
[0m