                                                    [38;2;127;119;105m██████                                                              
                                                ████[38;2;250;250;250m██████[38;2;127;119;105m██████                                                        
            ████████                          ██[38;2;250;250;250m██████[38;2;127;119;105m████[38;2;250;250;250m██████[38;2;127;119;105m████                            ██████████              
        ████[38;2;250;250;250m████████[38;2;127;119;105m████                    ██[38;2;250;250;250m██████[38;2;127;119;105m██[38;2;250;250;250m██████████████[38;2;127;119;105m██                      ████[38;2;250;250;250m██████████[38;2;127;119;105m████          
      ██[38;2;250;250;250m████████████████[38;2;127;119;105m██                ██[38;2;250;250;250m██████[38;2;127;119;105m██[38;2;250;250;250m██████████████████[38;2;127;119;105m██                  ██[38;2;250;250;250m██████████████████[38;2;127;119;105m██        
    ██[38;2;250;250;250m████████████████████[38;2;127;119;105m██              ██[38;2;250;250;250m██████[38;2;127;119;105m██[38;2;250;250;250m██████████████████[38;2;127;119;105m██                ██[38;2;250;250;250m██████████████████████[38;2;127;119;105m██      
    ██[38;2;250;250;250m████████████████████[38;2;127;119;105m██            ██[38;2;250;250;250m██████[38;2;16;16;16m██[38;2;250;250;250m██████████████████████[38;2;127;119;105m██            ██[38;2;250;250;250m██████████████████████████[38;2;127;119;105m██    
  [38;2;16;16;16m██[38;2;250;250;250m████████████████████████[38;2;127;119;105m██          ██[38;2;250;250;250m██████[38;2;16;16;16m██[38;2;250;250;250m██████████████████████[38;2;127;119;105m██            ██[38;2;250;250;250m██████████████████████████[38;2;127;119;105m██    
  [38;2;16;16;16m██[38;2;250;250;250m████████████████████████[38;2;127;119;105m██          ██[38;2;250;250;250m████[38;2;16;16;16m██[38;2;250;250;250m████████████████████████[38;2;127;119;105m██          ██[38;2;250;250;250m██████████████████████████████[38;2;16;16;16m██  
██[38;2;204;199;190m██[38;2;250;250;250m████████████████████████[38;2;204;199;190m██[38;2;127;119;105m██████████[38;2;173;164;151m██[38;2;250;250;250m████[38;2;16;16;16m██[38;2;250;250;250m████████████████[38;2;173;164;151m██[38;2;250;250;250m██████[38;2;127;119;105m██          ██[38;2;250;250;250m██████████████████████████████[38;2;16;16;16m██  
██[38;2;204;199;190m██[38;2;250;250;250m████████████████[38;2;173;164;151m██[38;2;250;250;250m████[38;2;127;119;105m████[38;2;250;250;250m██████████[38;2;173;164;151m██[38;2;250;250;250m████[38;2;16;16;16m██[38;2;250;250;250m██████████[38;2;173;164;151m██[38;2;250;250;250m████[38;2;173;164;151m██[38;2;250;250;250m██████[38;2;127;119;105m██████████████[38;2;250;250;250m██████████████████████████████[38;2;204;199;190m██[38;2;16;16;16m██
██[38;2;204;199;190m██[38;2;250;250;250m██████████[38;2;173;164;151m██[38;2;250;250;250m████[38;2;173;164;151m██[38;2;250;250;250m██[38;2;173;164;151m██[38;2;250;250;250m████████████████████[38;2;16;16;16m██[38;2;250;250;250m████████████[38;2;173;164;151m██[38;2;250;250;250m██████[38;2;127;119;105m████[38;2;250;250;250m████████████[38;2;173;164;151m██[38;2;250;250;250m████[38;2;173;164;151m██[38;2;250;250;250m████████████████████████[38;2;204;199;190m██[38;2;16;16;16m██
██[38;2;204;199;190m████[38;2;250;250;250m██████████[38;2;173;164;151m██[38;2;250;250;250m████████████████████████████[38;2;16;16;16m██[38;2;204;199;190m██[38;2;250;250;250m████[38;2;173;164;151m██[38;2;250;250;250m██████████[38;2;173;164;151m██[38;2;250;250;250m████████████████[38;2;173;164;151m██[38;2;250;250;250m████[38;2;173;164;151m██[38;2;250;250;250m████[38;2;173;164;151m██[38;2;250;250;250m██████████████████[38;2;204;199;190m██[38;2;16;16;16m██
██[38;2;204;199;190m████[38;2;250;250;250m████[38;2;173;164;151m██[38;2;250;250;250m██████████████████████████████████[38;2;16;16;16m██[38;2;204;199;190m██[38;2;250;250;250m██████[38;2;173;164;151m██[38;2;250;250;250m████████████████████████████████████[38;2;173;164;151m██[38;2;250;250;250m██████████████████[38;2;204;199;190m████[38;2;16;16;16m██
██[38;2;204;199;190m██████[38;2;250;250;250m████[38;2;173;164;151m██[38;2;250;250;250m████[38;2;173;164;151m██[38;2;250;250;250m██████████████████████████[38;2;16;16;16m██[38;2;204;199;190m████[38;2;250;250;250m██████████████████████████████████████████████[38;2;173;164;151m██[38;2;250;250;250m██████████████[38;2;204;199;190m████[38;2;16;16;16m██
  ██[38;2;204;199;190m████████[38;2;250;250;250m████[38;2;127;119;105m██[38;2;250;250;250m██████████████████████████████[38;2;16;16;16m██[38;2;204;199;190m████[38;2;127;119;105m████[38;2;250;250;250m██[38;2;173;164;151m██[38;2;250;250;250m██████████████████████████████████[38;2;173;164;151m██[38;2;250;250;250m██████████████[38;2;204;199;190m██████[38;2;16;16;16m██
  ██[38;2;204;199;190m██████[38;2;127;119;105m████[38;2;204;199;190m██[38;2;127;119;105m██[38;2;250;250;250m██████████████████████████████[38;2;16;16;16m██[38;2;204;199;190m████████[38;2;127;119;105m██[38;2;250;250;250m██████████████████████████████████████████████████[38;2;204;199;190m██████[38;2;16;16;16m██  
    ██[38;2;204;199;190m████████[38;2;16;16;16m██[38;2;250;250;250m██████████████████████████████████[38;2;16;16;16m██[38;2;204;199;190m██████[38;2;127;119;105m██[38;2;250;250;250m██████████████████████████████████████[38;2;173;164;151m████[38;2;250;250;250m████[38;2;204;199;190m██████████[38;2;16;16;16m██  
      ████[38;2;204;199;190m████[38;2;16;16;16m██[38;2;250;250;250m██████████████████████[38;2;127;119;105m██[38;2;16;16;16m██[38;2;127;119;105m██[38;2;250;250;250m████████[38;2;16;16;16m██[38;2;204;199;190m██[38;2;16;16;16m██[38;2;250;250;250m████████████████████████████████████████████[38;2;204;199;190m████████████[38;2;16;16;16m██    
          ██████[38;2;250;250;250m██[38;2;127;119;105m██[38;2;16;16;16m██[38;2;250;250;250m████████████████[38;2;16;16;16m██████[38;2;250;250;250m██████████[38;2;16;16;16m████[38;2;250;250;250m██[38;2;127;119;105m██[38;2;16;16;16m██[38;2;250;250;250m██████████████████████████████[38;2;127;119;105m██[38;2;204;199;190m████████████████[38;2;16;16;16m██      
              ██[38;2;250;250;250m██[38;2;16;16;16m████[38;2;250;250;250m████████████████[38;2;173;164;151m██[38;2;16;16;16m██[38;2;127;119;105m██[38;2;250;250;250m██████████[38;2;204;199;190m██[38;2;16;16;16m██[38;2;250;250;250m██[38;2;16;16;16m████[38;2;250;250;250m████████████████[38;2;127;119;105m██[38;2;16;16;16m██[38;2;173;164;151m██[38;2;250;250;250m██████████[38;2;16;16;16m████[38;2;204;199;190m████████[38;2;16;16;16m████        
              ██[38;2;250;250;250m██[38;2;173;164;151m██[38;2;16;16;16m██[38;2;250;250;250m██[38;2;173;164;151m██[38;2;127;119;105m██[38;2;16;16;16m████[38;2;173;164;151m████[38;2;250;250;250m████████████████[38;2;204;199;190m████[38;2;16;16;16m██[38;2;250;250;250m██[38;2;127;119;105m██[38;2;16;16;16m██[38;2;250;250;250m████████████████[38;2;16;16;16m██████[38;2;250;250;250m██████████████[38;2;16;16;16m████████            
              ██[38;2;250;250;250m████████████[38;2;16;16;16m██[38;2;127;119;105m██[38;2;250;250;250m████████████████████[38;2;204;199;190m████[38;2;16;16;16m██[38;2;250;250;250m████████[38;2;173;164;151m██[38;2;16;16;16m██████[38;2;173;164;151m████[38;2;250;250;250m██[38;2;127;119;105m██[38;2;16;16;16m██[38;2;127;119;105m██[38;2;250;250;250m████████████[38;2;204;199;190m██[38;2;16;16;16m██                  
                ██[38;2;250;250;250m████████[38;2;173;164;151m██[38;2;250;250;250m████[38;2;173;164;151m██[38;2;250;250;250m████████████████[38;2;204;199;190m████[38;2;16;16;16m████[38;2;250;250;250m██████████[38;2;173;164;151m██[38;2;16;16;16m██[38;2;127;119;105m██[38;2;250;250;250m██████████████████████[38;2;204;199;190m████[38;2;16;16;16m██                  
                ██[38;2;250;250;250m██████████████████████████████[38;2;204;199;190m██████[38;2;16;16;16m██  ██[38;2;250;250;250m██████[38;2;173;164;151m██[38;2;250;250;250m██████[38;2;173;164;151m██[38;2;250;250;250m████████████████[38;2;204;199;190m██████[38;2;16;16;16m██                    
                  ██[38;2;204;199;190m██[38;2;250;250;250m██████████████████████[38;2;204;199;190m████████[38;2;16;16;16m██    ██[38;2;204;199;190m██[38;2;250;250;250m██████████████████████████[38;2;204;199;190m██████████[38;2;16;16;16m██                    
                    ██[38;2;204;199;190m████[38;2;250;250;250m████████████[38;2;204;199;190m██████████[38;2;173;164;151m██[38;2;16;16;16m██        ██[38;2;204;199;190m████[38;2;250;250;250m████████████████[38;2;204;199;190m██████████████[38;2;16;16;16m██                      
                      ██[38;2;127;119;105m██[38;2;204;199;190m██████████████████[38;2;173;164;151m██[38;2;16;16;16m████            ██[38;2;204;199;190m██████████████████████████████[38;2;16;16;16m██                        
                    ██[38;2;204;199;190m████[38;2;127;119;105m████[38;2;173;164;151m██[38;2;204;199;190m████████████████[38;2;127;119;105m██[38;2;16;16;16m██          ████[38;2;127;119;105m██[38;2;204;199;190m██████████████████████[38;2;127;119;105m██[38;2;16;16;16m██                          
                  ██[38;2;204;199;190m██████[38;2;16;16;16m██[38;2;204;199;190m██████████████[38;2;127;119;105m██[38;2;204;199;190m████[38;2;250;250;250m████[38;2;16;16;16m██      ██[38;2;127;119;105m██[38;2;204;199;190m████[38;2;127;119;105m████[38;2;204;199;190m██████████████[38;2;173;164;151m██[38;2;127;119;105m██[38;2;204;199;190m██[38;2;127;119;105m██[38;2;16;16;16m██                        
                  ██[38;2;250;250;250m██[38;2;204;199;190m████[38;2;16;16;16m██[38;2;250;250;250m██[38;2;204;199;190m██████████[38;2;250;250;250m██[38;2;127;119;105m██[38;2;204;199;190m██[38;2;250;250;250m████████[38;2;16;16;16m██  ██[38;2;250;250;250m██[38;2;204;199;190m████[38;2;16;16;16m██[38;2;188;164;132m██████[38;2;127;119;105m██████[38;2;173;164;151m██[38;2;204;199;190m██[38;2;188;164;132m██[38;2;204;199;190m██████[38;2;250;250;250m████[38;2;16;16;16m██[38;2;250;250;250m████                  
                [38;2;16;16;16m██[38;2;250;250;250m██████[38;2;16;16;16m██[38;2;250;250;250m██████████████████[38;2;127;119;105m██[38;2;250;250;250m████████[38;2;204;199;190m██[38;2;16;16;16m██[38;2;250;250;250m██████[38;2;204;199;190m██[38;2;16;16;16m██[38;2;188;164;132m████████████[38;2;204;199;190m████[38;2;188;164;132m██[38;2;127;119;105m██[38;2;204;199;190m██[38;2;250;250;250m████████[38;2;16;16;16m██[38;2;250;250;250m██                  
                [38;2;16;16;16m██[38;2;250;250;250m██████[38;2;16;16;16m██[38;2;250;250;250m██████████████████[38;2;127;119;105m██[38;2;250;250;250m████[38;2;127;119;105m██[38;2;204;199;190m████[38;2;16;16;16m██[38;2;250;250;250m██████[38;2;16;16;16m██[38;2;219;191;163m████[38;2;188;164;132m██████████████[38;2;219;191;163m██[38;2;127;119;105m██[38;2;204;199;190m██[38;2;250;250;250m████████[38;2;204;199;190m██[38;2;16;16;16m██                  
                ██[38;2;250;250;250m██[38;2;127;119;105m██[38;2;250;250;250m██[38;2;16;16;16m██[38;2;219;191;163m████[38;2;250;250;250m██████████[38;2;219;191;163m██████[38;2;16;16;16m████[38;2;204;199;190m████[38;2;16;16;16m████[38;2;250;250;250m████[38;2;127;119;105m██[38;2;16;16;16m██[38;2;250;250;250m██[38;2;219;191;163m██████████████████[38;2;250;250;250m██[38;2;127;119;105m██[38;2;250;250;250m████████[38;2;204;199;190m██[38;2;16;16;16m██                  
                  ██[38;2;204;199;190m██[38;2;127;119;105m██[38;2;16;16;16m██[38;2;188;164;132m██[38;2;219;191;163m████████████████████[38;2;16;16;16m██████    ██[38;2;250;250;250m████[38;2;16;16;16m██[38;2;250;250;250m██████[38;2;219;191;163m██████████[38;2;250;250;250m██████[38;2;16;16;16m██[38;2;250;250;250m████[38;2;127;119;105m██[38;2;204;199;190m████[38;2;16;16;16m██                  
                    ████  ██[38;2;188;164;132m██[38;2;219;191;163m██[38;2;146;118;84m████[38;2;188;164;132m██[38;2;219;191;163m██████[38;2;188;164;132m████[38;2;16;16;16m██          ██████[38;2;204;199;190m██[38;2;250;250;250m████████████████████[38;2;16;16;16m██████[38;2;204;199;190m████[38;2;16;16;16m██                    
                          ██[38;2;188;164;132m████████[38;2;16;16;16m██[38;2;188;164;132m██████████[38;2;16;16;16m██                ██[38;2;204;199;190m██[38;2;250;250;250m██[38;2;173;164;151m████[38;2;250;250;250m████████[38;2;204;199;190m████[38;2;16;16;16m██  ██████                      
                            ██[38;2;188;164;132m██████[38;2;16;16;16m████[38;2;188;164;132m██████[38;2;16;16;16m██                  ██[38;2;204;199;190m████████[38;2;127;119;105m██[38;2;204;199;190m██████████[38;2;16;16;16m██                              
                              ██████    ██████                      ██[38;2;204;199;190m██████[38;2;16;16;16m████[38;2;204;199;190m██████[38;2;16;16;16m██                                
                                                                      ██████    ██████                                  
[0m