                                    [38;2;120;125;136m██████                        
                                ████[38;2;223;225;227m██████[38;2;63;66;73m██                      
                [38;2;119;125;136m████████████████[38;2;223;225;227m██████████[38;2;173;181;187m██[38;2;16;16;16m██                    
            [38;2;119;125;136m████[38;2;248;248;248m████████[38;2;223;226;229m████████[38;2;174;181;187m██[38;2;119;125;136m████[38;2;223;225;227m██[38;2;173;181;187m████[38;2;16;16;16m██                    
          [38;2;119;125;136m██[38;2;223;226;229m██[38;2;248;248;248m██████████[38;2;223;226;229m████████████[38;2;174;181;187m██[38;2;119;125;136m██[38;2;173;181;187m████[38;2;16;16;16m██                    
        [38;2;119;125;136m██[38;2;174;181;187m██[38;2;223;226;229m██[38;2;248;248;248m████████[38;2;223;226;229m██[38;2;174;181;187m████[38;2;223;226;229m████████████[38;2;119;125;136m██[38;2;173;181;187m██[38;2;120;125;136m██[38;2;16;16;16m██                  
        [38;2;119;125;136m██[38;2;205;205;214m██[38;2;174;181;187m██[38;2;223;226;229m████████[38;2;174;181;187m██[38;2;254;254;254m████[38;2;174;181;187m██[38;2;223;226;229m████████████[38;2;119;125;136m██[38;2;173;181;187m██[38;2;16;16;16m██                  
      [38;2;119;125;136m██[38;2;174;181;187m██[38;2;254;254;254m██[38;2;205;205;214m██[38;2;174;181;187m████[38;2;223;226;229m████[38;2;205;205;214m██[38;2;16;16;16m██[38;2;205;205;214m██[38;2;254;254;254m██[38;2;174;181;187m██[38;2;223;226;229m██████████[38;2;119;125;136m██[38;2;173;181;187m████[38;2;16;16;16m██                
      [38;2;119;125;136m██[38;2;174;181;187m██[38;2;254;254;254m██[38;2;16;16;16m██[38;2;254;254;254m██[38;2;174;181;187m██[38;2;223;226;229m████[38;2;16;16;16m██[38;2;254;254;254m██[38;2;16;16;16m██[38;2;254;254;254m██[38;2;174;181;187m██[38;2;223;226;229m████████████[38;2;119;125;136m██[38;2;173;181;187m██[38;2;16;16;16m██                
      [38;2;119;125;136m██[38;2;174;181;187m██[38;2;254;254;254m██[38;2;16;16;16m██[38;2;63;66;73m██[38;2;174;181;187m██[38;2;223;226;229m████[38;2;16;16;16m██[38;2;63;66;73m██[38;2;16;16;16m██[38;2;254;254;254m██[38;2;174;181;187m██[38;2;223;226;229m████████████[38;2;119;125;136m██[38;2;173;181;187m██[38;2;16;16;16m██                
      [38;2;119;125;136m██[38;2;174;181;187m██[38;2;205;205;214m██[38;2;16;16;16m████[38;2;174;181;187m██[38;2;223;226;229m████[38;2;16;16;16m██████[38;2;205;205;214m██[38;2;174;181;187m██[38;2;223;226;229m████████████[38;2;119;125;136m██[38;2;16;16;16m██                  
        [38;2;119;125;136m██[38;2;174;181;187m██[38;2;205;205;214m██[38;2;16;16;16m██[38;2;223;226;229m████████[38;2;16;16;16m██[38;2;205;205;214m██[38;2;174;181;187m██[38;2;223;226;229m████[38;2;119;125;136m██[38;2;223;226;229m████████[38;2;119;125;136m██[38;2;16;16;16m██                  
          [38;2;119;125;136m████[38;2;223;226;229m████████████████[38;2;119;125;136m████[38;2;173;181;187m██[38;2;223;226;229m████████[38;2;16;16;16m██                    
              [38;2;119;125;136m████████████████[38;2;205;205;214m██[38;2;63;66;73m██[38;2;173;181;187m████[38;2;223;226;229m████[38;2;119;125;136m██[38;2;16;16;16m██                    
                [38;2;63;66;73m██[38;2;205;205;214m██████████████[38;2;63;66;73m██[38;2;173;181;187m████[38;2;223;226;229m████[38;2;119;125;136m██                      
                  [38;2;120;125;136m██[38;2;254;254;254m██████[38;2;205;205;214m████[38;2;63;66;73m██[38;2;173;181;187m██████[38;2;223;226;229m████[38;2;16;16;16m██                      
                    [38;2;120;125;136m██████[38;2;63;66;73m████[38;2;173;181;187m██████[38;2;223;226;229m██████[38;2;16;16;16m██                      
                      [38;2;63;66;73m██[38;2;173;181;187m████████[38;2;223;225;227m██[38;2;223;226;229m████████[38;2;16;16;16m██                      
                    [38;2;63;66;73m██[38;2;223;225;227m████████████[38;2;223;226;229m██[38;2;174;181;187m██[38;2;223;226;229m████[38;2;16;16;16m██  [38;2;119;125;136m██████              
                    [38;2;63;66;73m██[38;2;223;225;227m██████████[38;2;223;226;229m████[38;2;119;125;136m██[38;2;223;226;229m████[38;2;119;125;136m██[38;2;16;16;16m██[38;2;174;181;187m██████[38;2;119;125;136m██  ████████  
                  [38;2;63;66;73m██[38;2;223;225;227m████████████[38;2;223;226;229m████[38;2;119;125;136m██[38;2;223;226;229m██████[38;2;16;16;16m██[38;2;174;181;187m██████[38;2;119;125;136m████[38;2;174;181;187m████████[38;2;119;125;136m██
                ██[38;2;63;66;73m██[38;2;223;225;227m████████████[38;2;223;226;229m████[38;2;119;125;136m██[38;2;223;226;229m██████[38;2;119;125;136m██[38;2;174;181;187m████[38;2;119;125;136m██[38;2;174;181;187m████████████[38;2;119;125;136m██
              ██[38;2;174;181;187m██[38;2;63;66;73m██[38;2;223;225;227m████████████[38;2;223;226;229m██████[38;2;119;125;136m██[38;2;223;226;229m██████[38;2;119;125;136m██[38;2;174;181;187m████████[38;2;16;16;16m████████  
          [38;2;119;125;136m████[38;2;223;226;229m██[38;2;174;181;187m████[38;2;63;66;73m██[38;2;223;225;227m████████████[38;2;223;226;229m██[38;2;174;181;187m██[38;2;119;125;136m██[38;2;223;226;229m████████[38;2;119;125;136m██[38;2;174;181;187m██[38;2;16;16;16m████          
      [38;2;119;125;136m████[38;2;223;226;229m████[38;2;174;181;187m██████[38;2;16;16;16m██[38;2;173;181;187m██[38;2;223;225;227m████████[38;2;173;181;187m██[38;2;174;181;187m██████[38;2;119;125;136m██[38;2;223;226;229m████████[38;2;119;125;136m████            
  ████[38;2;223;226;229m████[38;2;174;181;187m████████[38;2;16;16;16m██  ██[38;2;173;181;187m████████████[38;2;174;181;187m████[38;2;16;16;16m██[38;2;174;181;187m██[38;2;223;226;229m██████████[38;2;119;125;136m██████      
[38;2;16;16;16m██[38;2;173;181;187m████[38;2;174;181;187m████████[38;2;16;16;16m████      ████[38;2;173;181;187m██████████[38;2;16;16;16m██████[38;2;223;226;229m████████████████[38;2;119;125;136m████  
  [38;2;16;16;16m████████████              ██████████      ██[38;2;174;181;187m██[38;2;223;226;229m████████████[38;2;223;225;227m████[38;2;16;16;16m██
                                              ████[38;2;173;181;187m██████████████[38;2;16;16;16m██
                                                  ██████████████  
[0m