                                                                                [38;2;40;51;49m████                                                                                          
                                                                              ██[38;2;166;180;167m██[38;2;72;104;99m██[38;2;40;51;49m██                                                                                        
                                                                              ██[38;2;166;180;167m██[38;2;72;104;99m██[38;2;40;51;49m██                                                                                        
                                                                              ██[38;2;166;180;167m██[38;2;72;104;99m██[38;2;40;51;49m██                                                                                        
                                                                                ██[38;2;166;180;167m██[38;2;40;51;49m██[38;2;15;15;15m██                                                                                      
                                                                                [38;2;40;51;49m██[38;2;166;180;167m██[38;2;40;51;49m██[38;2;15;15;15m██                                                                                      
                                                                                [38;2;40;51;49m██[38;2;166;180;167m██[38;2;40;51;49m██[38;2;15;15;15m██                                                                                      
                                                                                [38;2;40;51;49m██[38;2;115;149;139m██[38;2;72;104;99m██[38;2;15;15;15m██                                                                                      
                                                                                  [38;2;40;51;49m██[38;2;115;149;139m██[38;2;40;51;49m██[38;2;15;15;15m██                                                                                    
                                                                                  [38;2;40;51;49m██[38;2;115;149;139m██[38;2;40;51;49m██[38;2;15;15;15m██                                                                                    
                                                                                  [38;2;40;51;49m██[38;2;115;149;139m██[38;2;72;104;99m██[38;2;40;51;49m██                                                                                    
                                                                                  ██[38;2;115;149;139m████[38;2;40;51;49m██[38;2;15;15;15m██                                                                                  
                                                                                    [38;2;40;51;49m██[38;2;115;149;139m██[38;2;40;51;49m██[38;2;15;15;15m██                                                                                  
                                                                                    [38;2;40;51;49m██[38;2;115;149;139m██[38;2;72;104;99m██[38;2;40;51;49m██[38;2;15;15;15m██████                                                                            
                                                                                    [38;2;40;51;49m██[38;2;115;149;139m██[38;2;15;15;15m████[38;2;72;104;99m██[38;2;40;51;49m██[38;2;72;104;99m██[38;2;15;15;15m██                                                                          
                                                                                    ████[38;2;89;86;67m████[38;2;115;149;139m██[38;2;40;51;49m██[38;2;72;104;99m██[38;2;15;15;15m██                                                                          
        [38;2;40;51;49m██[38;2;72;104;99m██                                                                      [38;2;40;51;49m██[38;2;115;149;139m██████████[38;2;40;51;49m██[38;2;72;104;99m██[38;2;15;15;15m██                                                                          
  [38;2;72;104;99m██    [38;2;40;51;49m██[38;2;115;149;139m██[38;2;40;51;49m██                                                                    ██[38;2;115;149;139m████[38;2;72;104;99m████[38;2;15;15;15m██████                                                                            
[38;2;40;51;49m██[38;2;166;180;167m██[38;2;72;104;99m██  [38;2;40;51;49m██[38;2;115;149;139m██[38;2;72;104;99m██[38;2;40;51;49m██                                                                ██[38;2;115;149;139m████[38;2;72;104;99m██[38;2;15;15;15m████[38;2;40;51;49m██                                                                                
██[38;2;166;180;167m██[38;2;72;104;99m████  [38;2;40;51;49m██[38;2;72;104;99m██[38;2;40;51;49m██                                                                ██[38;2;115;149;139m████[38;2;15;15;15m██[38;2;72;104;99m██[38;2;40;51;49m██[38;2;72;104;99m██[38;2;40;51;49m██                                                                              
  ██[38;2;166;180;167m██[38;2;40;51;49m██  ██[38;2;115;149;139m██[38;2;72;104;99m██[38;2;40;51;49m██                                                              ██[38;2;115;149;139m██[38;2;72;104;99m██[38;2;15;15;15m██[38;2;72;104;99m██[38;2;40;51;49m██[38;2;72;104;99m████[38;2;40;51;49m██                                                                            
  ██[38;2;166;180;167m████[38;2;40;51;49m████[38;2;115;149;139m██[38;2;72;104;99m██[38;2;40;51;49m██                                          ██                [38;2;15;15;15m██[38;2;115;149;139m██[38;2;89;86;67m██[38;2;15;15;15m██[38;2;72;104;99m██████[38;2;40;51;49m██[38;2;72;104;99m██[38;2;40;51;49m██                                                                            
    ██[38;2;115;149;139m██[38;2;72;104;99m██[38;2;40;51;49m██[38;2;115;149;139m████[38;2;72;104;99m██[38;2;40;51;49m██                                      ██[38;2;166;180;167m██[38;2;40;51;49m██              [38;2;15;15;15m██[38;2;89;86;67m████[38;2;15;15;15m██[38;2;72;104;99m██████[38;2;40;51;49m██[38;2;72;104;99m████[38;2;40;51;49m██                                                                          
    ██[38;2;115;149;139m████[38;2;72;104;99m██[38;2;40;51;49m██[38;2;115;149;139m██[38;2;72;104;99m██[38;2;40;51;49m████                                    ██[38;2;115;149;139m██[38;2;40;51;49m██    ██████    [38;2;15;15;15m██[38;2;89;86;67m██[38;2;72;104;99m██[38;2;15;15;15m██[38;2;40;51;49m██[38;2;72;104;99m██████[38;2;115;149;139m████[38;2;72;104;99m██[38;2;40;51;49m██                                                                        
      ██[38;2;115;149;139m████[38;2;72;104;99m██[38;2;115;149;139m████[38;2;72;104;99m████[38;2;40;51;49m████                                ██[38;2;115;149;139m██[38;2;72;104;99m██[38;2;40;51;49m████[38;2;166;180;167m██████[38;2;15;15;15m██  ██[38;2;115;149;139m██[38;2;15;15;15m██[38;2;72;104;99m██[38;2;40;51;49m██[38;2;72;104;99m████[38;2;115;149;139m██████[38;2;72;104;99m████[38;2;40;51;49m██                                                                      
      ██[38;2;115;149;139m██████████[38;2;72;104;99m████████[38;2;40;51;49m██                              ██[38;2;115;149;139m████[38;2;166;180;167m████[38;2;72;104;99m██[38;2;40;51;49m████[38;2;15;15;15m████[38;2;72;104;99m██[38;2;115;149;139m██[38;2;15;15;15m██[38;2;40;51;49m████[38;2;166;180;167m████[38;2;115;149;139m██[38;2;72;104;99m████████[38;2;40;51;49m██                                                                      
        [38;2;15;15;15m██[38;2;40;51;49m██[38;2;115;149;139m████████[38;2;72;104;99m████████[38;2;15;15;15m████                    [38;2;40;51;49m██████[38;2;166;180;167m██[38;2;72;104;99m██[38;2;40;51;49m██████████████[38;2;15;15;15m██[38;2;115;149;139m████[38;2;15;15;15m██[38;2;166;180;167m████[38;2;115;149;139m██[38;2;72;104;99m████████████[38;2;40;51;49m██                                                                      
            [38;2;15;15;15m██[38;2;40;51;49m██[38;2;115;149;139m████[38;2;89;86;67m██[38;2;72;104;99m████████[38;2;115;149;139m██[38;2;40;51;49m██            ██████[38;2;166;180;167m████[38;2;72;104;99m██[38;2;40;51;49m████████████████[38;2;15;15;15m████[38;2;115;149;139m████[38;2;15;15;15m██[38;2;166;180;167m██[38;2;72;104;99m██████████████[38;2;40;51;49m██[38;2;15;15;15m██                                                                      
                ████[38;2;89;86;67m████[38;2;72;104;99m██[38;2;40;51;49m██[38;2;72;104;99m████[38;2;115;149;139m██[38;2;40;51;49m████    [38;2;15;15;15m████[38;2;166;180;167m████[38;2;72;104;99m██[38;2;40;51;49m██████████████████[38;2;15;15;15m████[38;2;166;180;167m██████[38;2;115;149;139m██[38;2;72;104;99m████████████████[38;2;40;51;49m██[38;2;15;15;15m██                                                                        
                    ██[38;2;72;104;99m████[38;2;40;51;49m████[38;2;72;104;99m██[38;2;115;149;139m██████[38;2;40;51;49m████[38;2;15;15;15m██[38;2;166;180;167m██[38;2;15;15;15m██[38;2;40;51;49m████████████████[38;2;15;15;15m██████[38;2;166;180;167m██████[38;2;115;149;139m██[38;2;72;104;99m████████████████[38;2;40;51;49m██[38;2;15;15;15m██[38;2;40;51;49m██[38;2;15;15;15m██          [38;2;39;87;80m████                                                          
                    [38;2;15;15;15m██[38;2;89;86;67m██[38;2;72;104;99m██[38;2;15;15;15m██  [38;2;40;51;49m████[38;2;72;104;99m████[38;2;166;180;167m██[38;2;72;104;99m██[38;2;15;15;15m██[38;2;166;180;167m██[38;2;15;15;15m██[38;2;40;51;49m████████████[38;2;15;15;15m████[38;2;166;180;167m██████[38;2;115;149;139m██[38;2;72;104;99m████████████████████[38;2;40;51;49m████[38;2;72;104;99m████[38;2;15;15;15m██        [38;2;39;87;80m██[38;2;194;209;198m████[38;2;39;87;80m██                                                        
                    [38;2;15;15;15m██[38;2;89;86;67m██[38;2;72;104;99m██[38;2;15;15;15m██[38;2;40;51;49m████[38;2;166;180;167m████[38;2;72;104;99m██[38;2;40;51;49m████[38;2;15;15;15m██[38;2;115;149;139m██[38;2;72;104;99m██[38;2;15;15;15m██[38;2;40;51;49m████[38;2;15;15;15m██████[38;2;166;180;167m████[38;2;115;149;139m██[38;2;72;104;99m██████████████████████████[38;2;15;15;15m██[38;2;72;104;99m██████[38;2;15;15;15m██      [38;2;39;87;80m██[38;2;151;168;158m██[38;2;194;209;198m██████[38;2;29;54;48m██                                                      
            [38;2;40;51;49m██      ██[38;2;115;149;139m██[38;2;72;104;99m██[38;2;40;51;49m██[38;2;166;180;167m██[38;2;72;104;99m██[38;2;40;51;49m████████[38;2;15;15;15m██[38;2;115;149;139m████[38;2;72;104;99m██[38;2;15;15;15m██████[38;2;166;180;167m██████[38;2;115;149;139m██[38;2;72;104;99m██████████████████████████████[38;2;15;15;15m██[38;2;72;104;99m██████[38;2;15;15;15m██      [38;2;39;87;80m██[38;2;151;168;158m██[38;2;39;87;80m██[38;2;194;209;198m██████[38;2;29;54;48m████                                                  
          [38;2;40;51;49m██[38;2;166;180;167m██[38;2;15;15;15m██    [38;2;40;51;49m██[38;2;166;180;167m████[38;2;72;104;99m██[38;2;40;51;49m████████████[38;2;15;15;15m██[38;2;115;149;139m████[38;2;72;104;99m████[38;2;166;180;167m██████[38;2;115;149;139m██[38;2;72;104;99m██████████████[38;2;15;15;15m██████[38;2;72;104;99m██████████████[38;2;15;15;15m██[38;2;72;104;99m██████[38;2;15;15;15m██    [38;2;39;87;80m██[38;2;151;168;158m██████[38;2;39;87;80m██[38;2;194;209;198m████████[38;2;29;54;48m████                                              
          [38;2;40;51;49m██[38;2;166;180;167m██[38;2;15;15;15m██  [38;2;40;51;49m██[38;2;166;180;167m██[38;2;72;104;99m██[38;2;40;51;49m████████████[38;2;15;15;15m██████[38;2;115;149;139m██████[38;2;166;180;167m██[38;2;115;149;139m██[38;2;72;104;99m████████████████[38;2;15;15;15m████[38;2;72;104;99m████[38;2;40;51;49m██[38;2;15;15;15m████[38;2;72;104;99m████████[38;2;40;51;49m██[38;2;72;104;99m██████[38;2;40;51;49m██    [38;2;39;87;80m██[38;2;151;168;158m██████████[38;2;39;87;80m██[38;2;194;209;198m██████████[38;2;39;87;80m██[38;2;29;54;48m██                                          
        [38;2;40;51;49m██[38;2;115;149;139m████[38;2;15;15;15m██[38;2;40;51;49m██[38;2;166;180;167m██[38;2;72;104;99m██[38;2;40;51;49m██████[38;2;15;15;15m████████[38;2;166;180;167m████████[38;2;115;149;139m██[38;2;72;104;99m██████████████████[38;2;40;51;49m██[38;2;15;15;15m██[38;2;72;104;99m████████████[38;2;40;51;49m██[38;2;15;15;15m██[38;2;72;104;99m██████[38;2;15;15;15m██[38;2;72;104;99m██████[38;2;15;15;15m██  [38;2;39;87;80m██[38;2;151;168;158m████████████[38;2;39;87;80m██[38;2;194;209;198m████████████[38;2;151;168;158m██[38;2;15;15;15m██                                        
        [38;2;40;51;49m██[38;2;115;149;139m████[38;2;72;104;99m██[38;2;15;15;15m██[38;2;40;51;49m████████[38;2;15;15;15m██[38;2;166;180;167m████████[38;2;115;149;139m██[38;2;72;104;99m██████████████████████[38;2;40;51;49m██[38;2;15;15;15m██[38;2;72;104;99m██████████████████[38;2;40;51;49m██[38;2;15;15;15m██[38;2;72;104;99m████[38;2;15;15;15m██[38;2;72;104;99m██████[38;2;15;15;15m██  [38;2;39;87;80m██[38;2;151;168;158m██████████████[38;2;39;87;80m██[38;2;194;209;198m██████████[38;2;151;168;158m██[38;2;15;15;15m██                                        
        [38;2;40;51;49m██[38;2;115;149;139m██[38;2;72;104;99m████[38;2;15;15;15m████[38;2;40;51;49m████[38;2;15;15;15m██[38;2;89;86;67m██████[38;2;72;104;99m██████████████████████[38;2;40;51;49m██[38;2;15;15;15m████[38;2;72;104;99m████████████████████████[38;2;40;51;49m████[38;2;72;104;99m██[38;2;15;15;15m██[38;2;72;104;99m████[38;2;15;15;15m██  [38;2;39;87;80m██████████[38;2;151;168;158m██████████[38;2;29;54;48m██[38;2;194;209;198m██████████[38;2;151;168;158m██[38;2;15;15;15m██                                      
        ██[38;2;115;149;139m██[38;2;72;104;99m██[38;2;115;149;139m██████[38;2;15;15;15m██████[38;2;89;86;67m██[38;2;72;104;99m████████████████████[38;2;40;51;49m██████[38;2;72;104;99m██[38;2;40;51;49m██[38;2;72;104;99m████████████████████████████[38;2;40;51;49m██[38;2;15;15;15m██[38;2;72;104;99m██████[38;2;15;15;15m██[38;2;39;87;80m██[38;2;135;156;143m████████[38;2;109;125;113m██[38;2;39;87;80m████[38;2;151;168;158m██████[38;2;29;54;48m██[38;2;194;209;198m██████████[38;2;151;168;158m████[38;2;15;15;15m██                                    
          ██[38;2;40;51;49m██[38;2;72;104;99m██[38;2;115;149;139m██[38;2;72;104;99m████[38;2;40;51;49m██[38;2;15;15;15m██[38;2;72;104;99m██████████████████[38;2;15;15;15m████[38;2;72;104;99m████████[38;2;40;51;49m██[38;2;72;104;99m████████████████████████████████████[38;2;15;15;15m██[38;2;39;87;80m██[38;2;135;156;143m██████████████[38;2;109;125;113m██[38;2;29;54;48m██[38;2;39;87;80m████[38;2;29;54;48m██[38;2;194;209;198m████[38;2;151;168;158m██[38;2;39;87;80m████[38;2;151;168;158m██████[38;2;15;15;15m██                                  
          ██[38;2;72;104;99m██[38;2;40;51;49m████[38;2;72;104;99m██[38;2;40;51;49m████[38;2;15;15;15m██[38;2;72;104;99m████████████[38;2;40;51;49m██[38;2;15;15;15m████[38;2;72;104;99m████[38;2;40;51;49m████[38;2;72;104;99m██████[38;2;40;51;49m██[38;2;72;104;99m████████████████████████████████[38;2;15;15;15m██[38;2;135;156;143m████████████████████[38;2;29;54;48m██[38;2;109;125;113m████[38;2;39;87;80m██████[38;2;151;168;158m██[38;2;135;156;143m██████[38;2;39;87;80m██[38;2;151;168;158m██[38;2;15;15;15m██                                  
            ██[38;2;72;104;99m████[38;2;15;15;15m████[38;2;40;51;49m██[38;2;15;15;15m██[38;2;72;104;99m████████[38;2;40;51;49m██████[38;2;72;104;99m████[38;2;40;51;49m████[38;2;72;104;99m████[38;2;40;51;49m██[38;2;72;104;99m████[38;2;40;51;49m████[38;2;72;104;99m██████████████████[38;2;40;51;49m██████[38;2;72;104;99m██████[38;2;15;15;15m██[38;2;109;125;113m██[38;2;135;156;143m██████████████████[38;2;109;125;113m██[38;2;29;54;48m██[38;2;109;125;113m████[38;2;135;156;143m████████[38;2;29;54;48m██████[38;2;39;87;80m██[38;2;151;168;158m██[38;2;29;54;48m████                              
            [38;2;15;15;15m██[38;2;40;51;49m██[38;2;72;104;99m████[38;2;15;15;15m██[38;2;40;51;49m████[38;2;15;15;15m██[38;2;72;104;99m██████[38;2;15;15;15m██[38;2;72;104;99m██████[38;2;40;51;49m██[38;2;72;104;99m████████[38;2;40;51;49m██[38;2;72;104;99m██████[38;2;40;51;49m██[38;2;72;104;99m████████████[38;2;89;86;67m██[38;2;40;51;49m████[38;2;72;104;99m██████[38;2;15;15;15m██[38;2;72;104;99m██[38;2;15;15;15m██[38;2;109;125;113m██████[38;2;135;156;143m████████████[38;2;109;125;113m██[38;2;39;87;80m████[38;2;29;54;48m██[38;2;109;125;113m████[38;2;135;156;143m██████[38;2;29;54;48m██[38;2;194;209;198m██████[38;2;29;54;48m██[38;2;15;15;15m██[38;2;151;168;158m████[38;2;29;54;48m██████                        
              [38;2;15;15;15m██[38;2;40;51;49m██[38;2;72;104;99m██[38;2;15;15;15m██[38;2;40;51;49m████[38;2;15;15;15m██[38;2;72;104;99m██████[38;2;15;15;15m██[38;2;72;104;99m██████[38;2;40;51;49m██[38;2;72;104;99m████[38;2;40;51;49m████[38;2;72;104;99m████████[38;2;40;51;49m██[38;2;72;104;99m██████████[38;2;89;86;67m████[38;2;72;104;99m██████████[38;2;15;15;15m██[38;2;72;104;99m██[38;2;15;15;15m██[38;2;109;125;113m████████████[38;2;39;87;80m████████████[38;2;29;54;48m██[38;2;109;125;113m████[38;2;39;87;80m██[38;2;135;156;143m████[38;2;29;54;48m██[38;2;194;209;198m██████[38;2;151;168;158m████[38;2;15;15;15m██[38;2;151;168;158m████████[38;2;29;54;48m██                      
                [38;2;15;15;15m██[38;2;40;51;49m██[38;2;72;104;99m██[38;2;15;15;15m██[38;2;40;51;49m████[38;2;15;15;15m██[38;2;72;104;99m██████[38;2;40;51;49m██[38;2;72;104;99m██████[38;2;40;51;49m████[38;2;72;104;99m████████[38;2;40;51;49m████[38;2;72;104;99m████████████[38;2;89;86;67m██[38;2;72;104;99m████[38;2;115;149;139m██[38;2;89;86;67m████[38;2;72;104;99m██[38;2;40;51;49m██[38;2;15;15;15m██[38;2;109;125;113m████████[38;2;39;87;80m██████████████████[38;2;29;54;48m██[38;2;109;125;113m████[38;2;29;54;48m██[38;2;135;156;143m██[38;2;29;54;48m██[38;2;194;209;198m████████[38;2;151;168;158m██████[38;2;15;15;15m██[38;2;151;168;158m████████[38;2;29;54;48m██                    
                  [38;2;15;15;15m████[38;2;72;104;99m██[38;2;15;15;15m██[38;2;40;51;49m████[38;2;15;15;15m██[38;2;72;104;99m████[38;2;15;15;15m██[38;2;40;51;49m██[38;2;72;104;99m██████████[38;2;40;51;49m██████[38;2;72;104;99m████████████████[38;2;40;51;49m██[38;2;72;104;99m██[38;2;115;149;139m██[38;2;89;86;67m████████[38;2;72;104;99m██[38;2;15;15;15m██[38;2;109;125;113m██[38;2;39;87;80m████████████████[38;2;89;86;67m████████[38;2;29;54;48m██[38;2;39;87;80m████[38;2;29;54;48m██[38;2;39;87;80m██[38;2;29;54;48m██[38;2;194;209;198m██████████[38;2;151;168;158m████[38;2;29;54;48m██[38;2;151;168;158m██████████[38;2;29;54;48m██████              
                      [38;2;15;15;15m██[38;2;72;104;99m██[38;2;15;15;15m██[38;2;40;51;49m██[38;2;15;15;15m██[38;2;72;104;99m██████[38;2;15;15;15m██[38;2;40;51;49m██[38;2;72;104;99m████[38;2;40;51;49m██████[38;2;72;104;99m████████████████████[38;2;40;51;49m██[38;2;72;104;99m██[38;2;115;149;139m████[38;2;89;86;67m████[38;2;72;104;99m████[38;2;15;15;15m██[38;2;39;87;80m██████████[38;2;89;86;67m████████████████[38;2;29;54;48m██[38;2;39;87;80m████[38;2;29;54;48m██[38;2;39;87;80m██[38;2;29;54;48m██[38;2;194;209;198m██████████[38;2;151;168;158m████[38;2;109;125;113m██[38;2;15;15;15m██[38;2;151;168;158m██████[38;2;29;54;48m██[38;2;194;209;198m████[38;2;151;168;158m██[38;2;29;54;48m██            
                        [38;2;15;15;15m████[38;2;40;51;49m████[38;2;15;15;15m██[38;2;40;51;49m██[38;2;72;104;99m████[38;2;15;15;15m██[38;2;40;51;49m████[38;2;72;104;99m████████████████████████████[38;2;40;51;49m██[38;2;72;104;99m██[38;2;115;149;139m████[38;2;89;86;67m██[38;2;72;104;99m████[38;2;15;15;15m██[38;2;39;87;80m████[38;2;89;86;67m██████████████████████[38;2;29;54;48m██[38;2;39;87;80m██[38;2;29;54;48m██[38;2;39;87;80m██[38;2;15;15;15m██[38;2;151;168;158m██[38;2;194;209;198m████████[38;2;151;168;158m████[38;2;109;125;113m██████[38;2;15;15;15m██[38;2;151;168;158m██[38;2;29;54;48m██[38;2;194;209;198m████████[38;2;151;168;158m██[38;2;15;15;15m██          
                            ████[38;2;40;51;49m██[38;2;15;15;15m████[38;2;72;104;99m████[38;2;15;15;15m██[38;2;40;51;49m██[38;2;72;104;99m██████████████████████████[38;2;15;15;15m██████[38;2;72;104;99m██[38;2;115;149;139m██████[38;2;72;104;99m██[38;2;15;15;15m██[38;2;89;86;67m██████████████████████████[38;2;29;54;48m██[38;2;39;87;80m██[38;2;29;54;48m██[38;2;39;87;80m██[38;2;15;15;15m██[38;2;109;125;113m██[38;2;151;168;158m████████[38;2;135;156;143m██[38;2;109;125;113m████████[38;2;15;15;15m██[38;2;151;168;158m██[38;2;29;54;48m██[38;2;194;209;198m████████[38;2;151;168;158m██[38;2;29;54;48m██          
                              [38;2;15;15;15m██[38;2;40;51;49m██████[38;2;15;15;15m██[38;2;72;104;99m████[38;2;40;51;49m████████[38;2;72;104;99m████████████[38;2;40;51;49m████[38;2;15;15;15m████[38;2;109;125;113m██████[38;2;15;15;15m████[38;2;115;149;139m████[38;2;72;104;99m██[38;2;15;15;15m██[38;2;89;86;67m████████████████████████[38;2;29;54;48m██[38;2;89;86;67m████[38;2;39;87;80m██[38;2;15;15;15m██[38;2;135;156;143m██████████████[38;2;109;125;113m██████████[38;2;15;15;15m██[38;2;194;209;198m██████████[38;2;151;168;158m████[38;2;15;15;15m██        
                                ██████[38;2;40;51;49m██[38;2;15;15;15m██[38;2;40;51;49m██[38;2;72;104;99m████[38;2;40;51;49m██████[38;2;15;15;15m████████████[38;2;39;87;80m██[38;2;109;125;113m██████[38;2;217;25;22m██[38;2;39;87;80m████[38;2;40;51;49m██[38;2;15;15;15m██████[38;2;89;86;67m██████████████████████████[38;2;29;54;48m██[38;2;89;86;67m██████[38;2;15;15;15m██[38;2;109;125;113m██[38;2;135;156;143m██████████████[38;2;109;125;113m████████[38;2;15;15;15m██[38;2;151;168;158m██[38;2;194;209;198m██████[38;2;151;168;158m████[38;2;109;125;113m██[38;2;15;15;15m██        
                                    [38;2;40;51;49m██[38;2;15;15;15m██[38;2;72;104;99m██[38;2;15;15;15m██████[38;2;40;51;49m██        [38;2;29;54;48m██[38;2;109;125;113m██[38;2;39;87;80m██[38;2;109;125;113m██[38;2;39;87;80m██[38;2;109;125;113m██[38;2;240;209;34m██[38;2;217;25;22m████[38;2;39;87;80m██[38;2;40;51;49m██[38;2;89;86;67m██████████████████████████████████[38;2;29;54;48m██[38;2;89;86;67m██████[38;2;15;15;15m██[38;2;109;125;113m██[38;2;135;156;143m██████████████[38;2;109;125;113m████████[38;2;15;15;15m██[38;2;109;125;113m██[38;2;151;168;158m██████[38;2;109;125;113m██████[38;2;29;54;48m██        
                                    [38;2;40;51;49m██[38;2;72;104;99m████████[38;2;40;51;49m██          [38;2;29;54;48m██[38;2;217;25;22m██[38;2;39;87;80m██[38;2;109;125;113m██[38;2;39;87;80m██[38;2;217;25;22m██[38;2;240;209;34m██[38;2;217;25;22m██[38;2;40;51;49m████[38;2;89;86;67m██████████████████████████████[38;2;29;54;48m██████[38;2;89;86;67m██[38;2;122;116;92m██[38;2;89;86;67m████[38;2;15;15;15m██[38;2;109;125;113m██[38;2;135;156;143m██████████████[38;2;109;125;113m██████[38;2;39;87;80m██[38;2;15;15;15m██[38;2;135;156;143m████████[38;2;109;125;113m████████[38;2;15;15;15m██      
                                      [38;2;40;51;49m██[38;2;72;104;99m██████[38;2;15;15;15m██          [38;2;40;51;49m████[38;2;217;25;22m████[38;2;40;51;49m██████████████[38;2;89;86;67m██████████████████[38;2;29;54;48m██████████[38;2;122;116;92m██████████[38;2;29;54;48m██[38;2;89;86;67m████[38;2;15;15;15m██[38;2;109;125;113m██[38;2;135;156;143m████████████[38;2;109;125;113m████[38;2;39;87;80m████[38;2;15;15;15m██[38;2;135;156;143m████████[38;2;109;125;113m████████[38;2;15;15;15m██      
                                        [38;2;40;51;49m██[38;2;72;104;99m████[38;2;15;15;15m██        [38;2;40;51;49m████[38;2;217;25;22m████[38;2;122;116;92m██[38;2;40;51;49m████[38;2;89;86;67m██████████████████████[38;2;29;54;48m██[38;2;15;15;15m████[38;2;122;116;92m████████████████████[38;2;29;54;48m██[38;2;89;86;67m████[38;2;15;15;15m██[38;2;39;87;80m████[38;2;109;125;113m████████[38;2;39;87;80m████████[38;2;15;15;15m██[38;2;109;125;113m██[38;2;135;156;143m████████[38;2;109;125;113m██████[38;2;39;87;80m██[38;2;15;15;15m██      
                                          ████        ██[38;2;40;51;49m██[38;2;122;116;92m██[38;2;217;25;22m██[38;2;122;116;92m██[38;2;40;51;49m████[38;2;89;86;67m████████████████████[38;2;29;54;48m██[38;2;15;15;15m██[38;2;39;87;80m████[38;2;15;15;15m██[38;2;29;54;48m██[38;2;122;116;92m████████████████[38;2;29;54;48m██[38;2;89;86;67m██████[38;2;15;15;15m██[38;2;39;87;80m████████████████████[38;2;15;15;15m██[38;2;39;87;80m████[38;2;109;125;113m██[38;2;135;156;143m████[38;2;109;125;113m██[38;2;39;87;80m██████[38;2;15;15;15m██      
                                                    ██[38;2;40;51;49m██[38;2;122;116;92m██[38;2;217;25;22m██[38;2;122;116;92m████[38;2;40;51;49m██[38;2;89;86;67m██████████████████[38;2;29;54;48m██[38;2;15;15;15m██[38;2;39;87;80m████████[38;2;15;15;15m██[38;2;89;86;67m██[38;2;29;54;48m██[38;2;89;86;67m██[38;2;122;116;92m████████[38;2;29;54;48m████[38;2;89;86;67m██████████[38;2;15;15;15m██[38;2;39;87;80m████████████████[38;2;15;15;15m██  ██[38;2;39;87;80m████████████████[38;2;15;15;15m██      
                                                  ██[38;2;89;86;67m██[38;2;39;87;80m██[38;2;122;116;92m████████[38;2;89;86;67m██████████████████[38;2;15;15;15m██[38;2;29;54;48m██[38;2;39;87;80m████████████[38;2;15;15;15m██[38;2;89;86;67m████[38;2;29;54;48m████████[38;2;89;86;67m██████████████[38;2;15;15;15m██[38;2;39;87;80m██████████████[38;2;29;54;48m██[38;2;15;15;15m██  ██[38;2;39;87;80m██████████████[38;2;15;15;15m██        
                                                  ██[38;2;89;86;67m██[38;2;217;25;22m██[38;2;89;86;67m████[38;2;39;87;80m██[38;2;89;86;67m████████████████[38;2;29;54;48m██[38;2;15;15;15m██[38;2;89;86;67m██[38;2;29;54;48m██[38;2;39;87;80m██████████████[38;2;15;15;15m████[38;2;89;86;67m████████████████████████[38;2;15;15;15m██[38;2;29;54;48m██[38;2;39;87;80m██████████[38;2;15;15;15m██      ██[38;2;29;54;48m██[38;2;39;87;80m████████[38;2;29;54;48m██[38;2;15;15;15m██        
                                                    ██[38;2;217;25;22m██[38;2;39;87;80m██[38;2;89;86;67m██[38;2;217;25;22m██[38;2;39;87;80m██[38;2;89;86;67m██████████[38;2;15;15;15m████[38;2;89;86;67m██████[38;2;29;54;48m██[38;2;39;87;80m████████████[38;2;29;54;48m██[38;2;15;15;15m██  ██[38;2;89;86;67m██████████████████████[38;2;15;15;15m████[38;2;29;54;48m██████[38;2;39;87;80m██[38;2;15;15;15m██          ████[38;2;29;54;48m████[38;2;39;87;80m████[38;2;15;15;15m██        
                                                    ██[38;2;217;25;22m████[38;2;39;87;80m██[38;2;217;25;22m██[38;2;39;87;80m██[38;2;89;86;67m██████[38;2;29;54;48m██[38;2;15;15;15m██[38;2;89;86;67m██████████[38;2;29;54;48m██[38;2;39;87;80m██████████[38;2;29;54;48m██[38;2;15;15;15m██      ████[38;2;89;86;67m████████████████[38;2;15;15;15m██[38;2;39;87;80m██[38;2;15;15;15m██[38;2;39;87;80m████████[38;2;15;15;15m██              ██[38;2;39;87;80m████████[38;2;15;15;15m██      
                                                      ██[38;2;29;54;48m██[38;2;39;87;80m██[38;2;217;25;22m████[38;2;89;86;67m██[38;2;29;54;48m██[38;2;15;15;15m██[38;2;122;116;92m██[38;2;89;86;67m████████[38;2;29;54;48m██[38;2;89;86;67m██[38;2;15;15;15m██[38;2;29;54;48m████[38;2;39;87;80m██[38;2;29;54;48m████[38;2;15;15;15m██            ██[38;2;89;86;67m██████████████[38;2;15;15;15m██[38;2;39;87;80m██[38;2;15;15;15m██[38;2;39;87;80m██████████[38;2;15;15;15m██              ██[38;2;39;87;80m████[38;2;89;86;67m██[38;2;122;116;92m██[38;2;15;15;15m██    
                                                          ████████  [38;2;29;54;48m██[38;2;122;116;92m████[38;2;89;86;67m██████[38;2;29;54;48m██[38;2;15;15;15m██  ██[38;2;39;87;80m██████[38;2;89;86;67m██[38;2;15;15;15m██              ██[38;2;89;86;67m██████████[38;2;15;15;15m██[38;2;29;54;48m██[38;2;15;15;15m██[38;2;89;86;67m██[38;2;39;87;80m████████[38;2;122;116;92m████[38;2;15;15;15m██          ██[38;2;122;116;92m██[38;2;89;86;67m████[38;2;122;116;92m████[38;2;29;54;48m██[38;2;15;15;15m██  
                                                                      [38;2;29;54;48m██[38;2;122;116;92m██[38;2;29;54;48m██[38;2;89;86;67m████[38;2;15;15;15m██    ██[38;2;89;86;67m████████[38;2;15;15;15m██                ████[38;2;89;86;67m████[38;2;15;15;15m██[38;2;89;86;67m████[38;2;15;15;15m██[38;2;122;116;92m██████████[38;2;89;86;67m████[38;2;15;15;15m██          ██[38;2;122;116;92m████████[38;2;89;86;67m████[38;2;15;15;15m██  
                                                                      [38;2;29;54;48m████[38;2;89;86;67m██[38;2;122;116;92m██[38;2;15;15;15m██      ██[38;2;122;116;92m██[38;2;89;86;67m████████[38;2;15;15;15m██                  ██████[38;2;89;86;67m██[38;2;15;15;15m██[38;2;122;116;92m██[38;2;89;86;67m██████████████[38;2;15;15;15m██        ██[38;2;89;86;67m██████████████[38;2;15;15;15m██  
                                                                        ██[38;2;122;116;92m██[38;2;89;86;67m██[38;2;15;15;15m██    ██[38;2;122;116;92m██████[38;2;89;86;67m██████[38;2;15;15;15m██                      ██[38;2;89;86;67m██[38;2;15;15;15m██[38;2;122;116;92m████████████[38;2;89;86;67m████[38;2;15;15;15m██        ██[38;2;89;86;67m██████████████[38;2;15;15;15m██  
                                                                          ████      ██[38;2;122;116;92m██████[38;2;89;86;67m██████[38;2;15;15;15m██                      ██[38;2;89;86;67m██[38;2;15;15;15m██[38;2;122;116;92m████████████[38;2;89;86;67m████[38;2;15;15;15m██        ██[38;2;89;86;67m████████████████[38;2;15;15;15m██
                                                                                  ██[38;2;122;116;92m████████[38;2;89;86;67m██████[38;2;15;15;15m██                      [38;2;29;54;48m██[38;2;89;86;67m██[38;2;15;15;15m██[38;2;122;116;92m████████████[38;2;89;86;67m████[38;2;15;15;15m██        ██[38;2;89;86;67m████████████████[38;2;15;15;15m██
                                                                                  ██[38;2;122;116;92m████████[38;2;89;86;67m██████[38;2;15;15;15m██                    [38;2;29;54;48m██[38;2;89;86;67m████[38;2;15;15;15m██[38;2;122;116;92m██████████████[38;2;89;86;67m████[38;2;15;15;15m██      ██[38;2;89;86;67m████████████████[38;2;15;15;15m██
                                                                                [38;2;29;54;48m██[38;2;122;116;92m██████████[38;2;89;86;67m██████[38;2;15;15;15m██                    [38;2;29;54;48m██[38;2;89;86;67m████[38;2;15;15;15m██[38;2;122;116;92m██████████████[38;2;89;86;67m████[38;2;15;15;15m██      [38;2;29;54;48m██[38;2;89;86;67m████████████████[38;2;15;15;15m██
                                                                                [38;2;29;54;48m██[38;2;122;116;92m██████████[38;2;89;86;67m██████[38;2;15;15;15m██                    [38;2;29;54;48m██[38;2;39;87;80m██[38;2;89;86;67m██[38;2;15;15;15m██[38;2;122;116;92m██████████████[38;2;89;86;67m████[38;2;15;15;15m██      [38;2;29;54;48m██[38;2;89;86;67m████████████████[38;2;15;15;15m██
                                                                                [38;2;29;54;48m██[38;2;122;116;92m████████[38;2;89;86;67m██████[38;2;15;15;15m██                      [38;2;29;54;48m██[38;2;39;87;80m████[38;2;15;15;15m██[38;2;122;116;92m██████████████[38;2;89;86;67m████[38;2;15;15;15m██    ██[38;2;89;86;67m██████████████████[38;2;15;15;15m██
                                                                              [38;2;29;54;48m██[38;2;122;116;92m██████████[38;2;89;86;67m██████[38;2;15;15;15m██                      [38;2;29;54;48m████[38;2;39;87;80m██[38;2;15;15;15m██[38;2;122;116;92m██████████████[38;2;89;86;67m████[38;2;15;15;15m██    ██[38;2;39;87;80m████[38;2;89;86;67m██████[38;2;39;87;80m████[38;2;89;86;67m████[38;2;15;15;15m██
                                                                              [38;2;29;54;48m██[38;2;39;87;80m████[38;2;89;86;67m██[38;2;122;116;92m████[38;2;89;86;67m██████[38;2;15;15;15m██                    [38;2;29;54;48m██[38;2;39;87;80m████[38;2;29;54;48m██[38;2;15;15;15m██[38;2;122;116;92m██████████████[38;2;89;86;67m████[38;2;15;15;15m██    ██[38;2;39;87;80m████████████████[38;2;29;54;48m██  
                                                                              ██[38;2;39;87;80m████████████[38;2;89;86;67m████[38;2;15;15;15m██                    [38;2;29;54;48m██[38;2;39;87;80m████[38;2;15;15;15m██[38;2;39;87;80m████[38;2;122;116;92m████[38;2;39;87;80m██████[38;2;122;116;92m██[38;2;89;86;67m████[38;2;15;15;15m██    [38;2;29;54;48m██[38;2;39;87;80m██[38;2;29;54;48m████[38;2;39;87;80m██████████[38;2;15;15;15m██  
                                                                            [38;2;29;54;48m██[38;2;39;87;80m██[38;2;29;54;48m████[38;2;39;87;80m████████████[38;2;15;15;15m██                    [38;2;29;54;48m██████[38;2;15;15;15m██[38;2;39;87;80m██████████████████[38;2;89;86;67m██[38;2;15;15;15m██  [38;2;29;54;48m██[38;2;39;87;80m██[38;2;29;54;48m██[38;2;39;87;80m████[38;2;29;54;48m██[38;2;39;87;80m████████[38;2;15;15;15m██  
                                                                          [38;2;29;54;48m██[38;2;39;87;80m██[38;2;29;54;48m██[38;2;39;87;80m████[38;2;29;54;48m██[38;2;39;87;80m██████████[38;2;15;15;15m██                          [38;2;29;54;48m████[38;2;39;87;80m██[38;2;29;54;48m████[38;2;39;87;80m████████████[38;2;15;15;15m██  [38;2;29;54;48m██[38;2;39;87;80m██[38;2;29;54;48m██[38;2;39;87;80m██████[38;2;29;54;48m██[38;2;15;15;15m██████    
                                                                          [38;2;29;54;48m██[38;2;39;87;80m██[38;2;29;54;48m██[38;2;39;87;80m██████[38;2;15;15;15m██████████                          ██[38;2;39;87;80m████[38;2;29;54;48m██[38;2;39;87;80m████[38;2;29;54;48m██[38;2;39;87;80m██████████[38;2;15;15;15m██  ████████████            
                                                                          ████████████                                    ██[38;2;39;87;80m████[38;2;29;54;48m██[38;2;39;87;80m██████[38;2;15;15;15m██████████                            
                                                                                                                          ██████████████                                      
[0m