                      [38;2;115;87;96m██████                                                              
                    ██[38;2;240;213;216m████[38;2;209;163;168m██[38;2;115;87;96m██                                                            
                  ██[38;2;240;213;216m██████[38;2;209;163;168m████[38;2;115;87;96m██                                                          
                  ██[38;2;240;213;216m██████[38;2;209;163;168m████[38;2;115;87;96m██                                                          
                  [38;2;16;16;16m██[38;2;240;213;216m████[38;2;209;163;168m████████[38;2;115;87;96m██                                                        
                    [38;2;16;16;16m██████[38;2;209;163;168m██████[38;2;115;87;96m██                                                        
                          [38;2;16;16;16m████[38;2;242;102;170m████[38;2;115;87;96m██                                                      
                          ████[38;2;16;16;16m██[38;2;242;102;170m██[38;2;115;87;96m████                                                    
                      ████[38;2;235;171;208m████[38;2;240;213;216m██[38;2;115;87;96m██[38;2;235;171;208m████[38;2;115;87;96m██[38;2;128;41;81m██                                                
                    [38;2;115;87;96m██[38;2;235;171;208m██████[38;2;240;213;216m██[38;2;235;171;208m██████████[38;2;115;87;96m██[38;2;128;41;81m████                                            
                  [38;2;115;87;96m██[38;2;235;171;208m████████[38;2;240;213;216m██[38;2;235;171;208m████████████[38;2;115;87;96m██[38;2;242;102;170m██[38;2;128;41;81m██                        [38;2;122;45;63m████████          
                [38;2;115;87;96m██[38;2;235;171;208m████████[38;2;240;213;216m██[38;2;235;171;208m██████████████[38;2;115;87;96m██[38;2;242;102;170m████[38;2;128;41;81m██                    [38;2;122;45;63m██[38;2;245;153;120m████████[38;2;196;103;84m██[38;2;122;45;63m██      
              [38;2;128;41;81m██[38;2;115;87;96m██[38;2;235;171;208m████████[38;2;240;213;216m██[38;2;235;171;208m██████████████[38;2;115;87;96m██[38;2;242;102;170m██████[38;2;128;41;81m██                [38;2;122;45;63m██[38;2;245;153;120m██[38;2;250;191;155m████[38;2;196;103;84m██[38;2;245;153;120m██████[38;2;122;45;63m██    
            [38;2;128;41;81m██[38;2;242;102;170m████████[38;2;235;171;208m████████████████[38;2;242;102;170m████████████[38;2;128;41;81m██                [38;2;122;45;63m██[38;2;250;191;155m██████[38;2;245;153;120m██[38;2;196;103;84m██[38;2;245;153;120m████[38;2;196;103;84m██[38;2;122;45;63m██  
            [38;2;128;41;81m██[38;2;242;102;170m████[38;2;128;41;81m██[38;2;16;16;16m██[38;2;242;102;170m██████████████████████████████[38;2;128;41;81m██            [38;2;122;45;63m██[38;2;245;153;120m██[38;2;250;191;155m██[38;2;245;153;120m████████[38;2;196;103;84m██████[38;2;122;45;63m██  
          [38;2;128;41;81m██[38;2;242;102;170m████[38;2;16;16;16m██[38;2;128;41;81m██[38;2;242;102;170m██████████████[38;2;16;16;16m██[38;2;128;41;81m██[38;2;242;102;170m██████████████[38;2;128;41;81m██          [38;2;122;45;63m████[38;2;245;153;120m████[38;2;196;103;84m██[38;2;122;45;63m████[38;2;245;153;120m████[38;2;196;103;84m██[38;2;245;153;120m██[38;2;196;103;84m██[38;2;16;16;16m██
          [38;2;128;41;81m██[38;2;242;102;170m██[38;2;189;75;128m██[38;2;252;252;252m██[38;2;242;102;170m██████████████████[38;2;128;41;81m██[38;2;16;16;16m██[38;2;242;102;170m██████████████[38;2;128;41;81m██      [38;2;122;45;63m██[38;2;161;66;97m████[38;2;122;45;63m██[38;2;196;103;84m██[38;2;122;45;63m██[38;2;245;153;120m██[38;2;122;45;63m████[38;2;245;153;120m██[38;2;196;103;84m██[38;2;245;153;120m████[38;2;16;16;16m██
          [38;2;128;41;81m██[38;2;242;102;170m██[38;2;252;252;252m████[38;2;189;75;128m██[38;2;242;102;170m██████████████[38;2;189;75;128m██[38;2;252;252;252m████[38;2;189;75;128m██[38;2;242;102;170m████████████[38;2;128;41;81m██    [38;2;122;45;63m██[38;2;161;66;97m██████[38;2;122;45;63m██[38;2;16;16;16m██[38;2;245;153;120m██[38;2;196;103;84m██[38;2;245;153;120m██[38;2;122;45;63m██[38;2;245;153;120m████[38;2;196;103;84m████[38;2;16;16;16m██
          [38;2;128;41;81m██[38;2;242;102;170m██[38;2;252;252;252m██[38;2;121;108;151m██[38;2;189;75;128m██[38;2;242;102;170m██████████████[38;2;252;252;252m████████[38;2;189;75;128m██[38;2;242;102;170m██████████[38;2;128;41;81m██    [38;2;122;45;63m██[38;2;161;66;97m██[38;2;122;45;63m██[38;2;161;66;97m██[38;2;122;45;63m██[38;2;16;16;16m██[38;2;245;153;120m████[38;2;16;16;16m██[38;2;245;153;120m██[38;2;196;103;84m████████[38;2;16;16;16m██
          [38;2;128;41;81m██[38;2;242;102;170m██[38;2;121;108;151m████[38;2;189;75;128m██[38;2;242;102;170m██████████████[38;2;121;108;151m████[38;2;252;252;252m████[38;2;189;75;128m██[38;2;242;102;170m██████████[38;2;128;41;81m██    [38;2;16;16;16m██[38;2;161;66;97m██[38;2;122;45;63m██[38;2;161;66;97m██[38;2;122;45;63m████[38;2;16;16;16m████[38;2;122;45;63m██[38;2;196;103;84m████████[38;2;16;16;16m██  
          [38;2;128;41;81m██[38;2;235;171;208m██[38;2;189;75;128m██[38;2;121;108;151m██[38;2;242;102;170m████████████████[38;2;121;108;151m████████[38;2;189;75;128m██[38;2;242;102;170m██[38;2;235;171;208m████[38;2;242;102;170m████[38;2;128;41;81m██      [38;2;16;16;16m██[38;2;161;66;97m██████[38;2;122;45;63m████[38;2;161;66;97m████[38;2;122;45;63m██[38;2;196;103;84m██[38;2;16;16;16m████    
            [38;2;128;41;81m██[38;2;235;171;208m██[38;2;189;75;128m██[38;2;242;102;170m████[38;2;189;75;128m██[38;2;128;41;81m████[38;2;189;75;128m██[38;2;242;102;170m████[38;2;189;75;128m██[38;2;121;108;151m████[38;2;189;75;128m██[38;2;242;102;170m██[38;2;235;171;208m████████[38;2;128;41;81m██  [38;2;16;16;16m████  ██[38;2;161;66;97m████████████[38;2;122;45;63m████[38;2;16;16;16m██        
            [38;2;128;41;81m██[38;2;235;171;208m██[38;2;242;102;170m██████[38;2;128;41;81m██[38;2;242;102;170m████[38;2;128;41;81m██[38;2;242;102;170m██████[38;2;189;75;128m████[38;2;242;102;170m██[38;2;235;171;208m██████████[38;2;128;41;81m██[38;2;16;16;16m██[38;2;242;102;170m████[38;2;16;16;16m██[38;2;122;45;63m██████[38;2;161;66;97m██████[38;2;122;45;63m████[38;2;16;16;16m██          
              ██[38;2;242;102;170m████[38;2;128;41;81m████[38;2;242;102;170m████[38;2;128;41;81m████[38;2;189;75;128m██[38;2;242;102;170m████████[38;2;235;171;208m████████[38;2;128;41;81m██  [38;2;16;16;16m██[38;2;242;102;170m██[38;2;189;75;128m██[38;2;122;45;63m████[38;2;16;16;16m████[38;2;122;45;63m████████[38;2;16;16;16m██            
                ██[38;2;128;41;81m██[38;2;242;102;170m████████████[38;2;189;75;128m██[38;2;128;41;81m██[38;2;242;102;170m████████[38;2;235;171;208m████[38;2;128;41;81m██████[38;2;122;45;63m██[38;2;16;16;16m██[38;2;122;45;63m██[38;2;16;16;16m████[38;2;189;75;128m████[38;2;16;16;16m████████              
                  ████[38;2;189;75;128m██[38;2;242;102;170m██████████████████[38;2;189;75;128m██[38;2;128;41;81m████[38;2;242;102;170m████[38;2;122;45;63m██[38;2;161;66;97m████[38;2;16;16;16m██[38;2;242;102;170m████[38;2;128;41;81m██[38;2;189;75;128m██[38;2;16;16;16m██                    
            [38;2;128;41;81m██████████[38;2;16;16;16m████[38;2;189;75;128m██████████████[38;2;128;41;81m████[38;2;242;102;170m████████[38;2;122;45;63m██[38;2;161;66;97m██[38;2;122;45;63m██[38;2;16;16;16m██[38;2;242;102;170m████[38;2;189;75;128m██[38;2;16;16;16m████                    
        [38;2;128;41;81m████[38;2;242;102;170m████[38;2;189;75;128m██████[38;2;128;41;81m██[38;2;189;75;128m██[38;2;122;45;63m████[38;2;189;75;128m████████[38;2;128;41;81m██[38;2;242;102;170m██████████████[38;2;16;16;16m████[38;2;189;75;128m██[38;2;128;41;81m██[38;2;189;75;128m████[38;2;16;16;16m██                      
    [38;2;128;41;81m████[38;2;189;75;128m██[38;2;242;102;170m████████[38;2;189;75;128m████[38;2;128;41;81m██[38;2;122;45;63m██[38;2;196;103;84m██[38;2;250;191;155m██[38;2;122;45;63m██[38;2;189;75;128m██████[38;2;242;102;170m████████████████[38;2;189;75;128m██████████[38;2;16;16;16m██                        
  [38;2;128;41;81m██[38;2;242;102;170m██[38;2;189;75;128m██[38;2;242;102;170m██████████[38;2;189;75;128m██[38;2;128;41;81m██[38;2;122;45;63m██[38;2;196;103;84m██[38;2;250;191;155m████[38;2;245;153;120m██[38;2;122;45;63m██[38;2;189;75;128m██[38;2;242;102;170m██████████████[38;2;189;75;128m████████████[38;2;16;16;16m██                          
  [38;2;128;41;81m██[38;2;189;75;128m██[38;2;242;102;170m██████████[38;2;189;75;128m██[38;2;128;41;81m██[38;2;189;75;128m██[38;2;16;16;16m██[38;2;196;103;84m██[38;2;250;191;155m██[38;2;245;153;120m██████[38;2;16;16;16m██[38;2;242;102;170m████[38;2;128;41;81m████[38;2;189;75;128m██████████████[38;2;16;16;16m████                            
[38;2;128;41;81m██[38;2;242;102;170m████[38;2;189;75;128m██[38;2;242;102;170m██████[38;2;189;75;128m██[38;2;128;41;81m██[38;2;189;75;128m██████[38;2;16;16;16m██[38;2;196;103;84m██████[38;2;16;16;16m██[38;2;242;102;170m████████[38;2;189;75;128m██[38;2;16;16;16m██████████████                                
[38;2;128;41;81m██[38;2;242;102;170m██[38;2;128;41;81m██[38;2;242;102;170m████[38;2;128;41;81m██[38;2;189;75;128m██[38;2;128;41;81m██[38;2;189;75;128m██████████[38;2;16;16;16m██[38;2;196;103;84m██[38;2;16;16;16m██[38;2;242;102;170m██████████[38;2;189;75;128m████[38;2;16;16;16m██                                          
  ████[38;2;242;102;170m████[38;2;16;16;16m████[38;2;128;41;81m██[38;2;189;75;128m████████████[38;2;16;16;16m██[38;2;189;75;128m██[38;2;242;102;170m████████████[38;2;189;75;128m████[38;2;16;16;16m██                                        
      ████    ██[38;2;189;75;128m████████████[38;2;128;41;81m██[38;2;242;102;170m██████████████[38;2;189;75;128m████[38;2;16;16;16m██                                        
                ████[38;2;189;75;128m██████[38;2;16;16;16m████[38;2;242;102;170m██████████████[38;2;189;75;128m████[38;2;16;16;16m██                                        
                    ██████    ████[38;2;242;102;170m████████[38;2;189;75;128m██[38;2;16;16;16m████                                          
                                  ██████████                                              
[0m