                  [38;2;124;38;66m██████████                                                                                        
              ████[38;2;255;46;97m██[38;2;191;52;77m██[38;2;255;46;97m██████[38;2;124;38;66m██████                                                                                  
            ██[38;2;255;46;97m████████[38;2;124;38;66m██[38;2;255;46;97m██████[38;2;191;52;77m██[38;2;255;46;97m██[38;2;124;38;66m████                                                                              
            ██████████[38;2;191;52;77m██[38;2;124;38;66m██[38;2;255;46;97m██████[38;2;124;38;66m██[38;2;255;46;97m████[38;2;124;38;66m██                                                                            
                      ████[38;2;191;52;77m██[38;2;255;46;97m████[38;2;124;38;66m██[38;2;255;46;97m██████[38;2;124;38;66m██          [38;2;191;52;77m██[38;2;124;38;66m████                                                          
                          ██[38;2;255;46;97m██[38;2;191;52;77m██[38;2;124;38;66m██[38;2;255;46;97m██████[38;2;191;52;77m██[38;2;124;38;66m██      ██[38;2;255;46;97m████[38;2;124;38;66m██                                                          
                            ██[38;2;191;52;77m██[38;2;124;38;66m██[38;2;255;46;97m████████[38;2;191;52;77m██[38;2;124;38;66m██  ██[38;2;255;46;97m████[38;2;191;52;77m██          [38;2;41;56;51m████                                              
                              [38;2;124;38;66m████[38;2;191;52;77m██[38;2;255;46;97m██████[38;2;191;52;77m██[38;2;255;46;97m██[38;2;124;38;66m████[38;2;255;46;97m████[38;2;124;38;66m██          [38;2;41;56;51m██[38;2;119;136;170m██[38;2;41;56;51m████                                          
                                [38;2;124;38;66m██[38;2;191;52;77m████[38;2;255;46;97m████[38;2;191;52;77m██[38;2;255;46;97m████[38;2;191;52;77m██[38;2;255;46;97m████[38;2;124;38;66m██            [38;2;41;56;51m██[38;2;119;136;170m████[38;2;41;56;51m██                                        
          [38;2;124;38;66m██████████            ██[38;2;191;52;77m████████[38;2;255;46;97m████████████[38;2;124;38;66m██              [38;2;41;56;51m██[38;2;119;136;170m████[38;2;41;56;51m██                            ████      
      [38;2;124;38;66m████[38;2;255;46;97m██████████[38;2;124;38;66m████████      ██[38;2;191;52;77m████[38;2;124;38;66m██[38;2;255;46;97m████████████[38;2;124;38;66m██              [38;2;41;56;51m██[38;2;119;136;170m████[38;2;41;56;51m██                        ████[38;2;119;136;170m██[38;2;41;56;51m██      
    [38;2;124;38;66m██[38;2;191;52;77m████[38;2;124;38;66m██[38;2;255;46;97m████████████[38;2;124;38;66m██[38;2;255;46;97m██[38;2;124;38;66m████  ██[38;2;191;52;77m████[38;2;124;38;66m██[38;2;255;46;97m████████████[38;2;124;38;66m██            [38;2;41;56;51m██[38;2;119;136;170m████[38;2;41;56;51m██                      ████[38;2;119;136;170m████[38;2;41;56;51m██        
  [38;2;124;38;66m██[38;2;255;46;97m████████[38;2;124;38;66m██[38;2;255;46;97m████████████[38;2;124;38;66m██[38;2;255;46;97m████[38;2;124;38;66m████[38;2;191;52;77m██[38;2;124;38;66m██[38;2;255;46;97m████████████[38;2;191;52;77m████[38;2;0;0;0m██        [38;2;87;90;124m████[38;2;119;136;170m████[38;2;0;0;0m██    [38;2;38;58;84m██████████      [38;2;41;56;51m██[38;2;87;90;124m██[38;2;119;136;170m████[38;2;41;56;51m██          
[38;2;124;38;66m██[38;2;191;52;77m██[38;2;124;38;66m██[38;2;255;46;97m██████[38;2;191;52;77m██[38;2;124;38;66m██[38;2;255;46;97m████████████[38;2;124;38;66m██[38;2;255;46;97m██████[38;2;124;38;66m██[38;2;255;46;97m████████████[38;2;191;52;77m██████[38;2;0;0;0m██        [38;2;41;56;51m██[38;2;119;136;170m████[38;2;0;0;0m██  ██[38;2;38;58;84m██[38;2;53;90;125m██████████[38;2;38;58;84m████[38;2;87;90;124m██[38;2;119;136;170m██████[38;2;41;56;51m██            
[38;2;124;38;66m██[38;2;255;46;97m████[38;2;124;38;66m██[38;2;0;0;0m████[38;2;191;52;77m████[38;2;124;38;66m██[38;2;255;46;97m████████[38;2;191;52;77m████[38;2;124;38;66m██[38;2;255;46;97m████████████████[38;2;191;52;77m████████[38;2;0;0;0m██      [38;2;41;56;51m██[38;2;119;136;170m██████[38;2;0;0;0m████[38;2;53;90;125m██████████████████[38;2;38;58;84m██[38;2;119;136;170m██████[38;2;41;56;51m██            
[38;2;124;38;66m██[38;2;255;46;97m██[38;2;0;0;0m██      ████████[38;2;255;46;97m████[38;2;191;52;77m██████[38;2;124;38;66m██[38;2;255;46;97m████████████████[38;2;191;52;77m████████[38;2;38;58;84m██[38;2;0;0;0m██  ██[38;2;119;136;170m████████[38;2;0;0;0m██[38;2;53;90;125m██████[38;2;46;72;103m██████[38;2;53;90;125m██████████[38;2;38;58;84m██[38;2;119;136;170m██████[38;2;41;56;51m██          
[38;2;124;38;66m████                [38;2;0;0;0m██[38;2;191;52;77m██████████[38;2;124;38;66m██[38;2;255;46;97m████████████[38;2;191;52;77m██████████[38;2;38;58;84m██[38;2;0;0;0m████[38;2;119;136;170m████████[38;2;0;0;0m██[38;2;38;58;84m██[38;2;46;72;103m████[38;2;119;136;170m████████[38;2;46;72;103m████[38;2;53;90;125m████████[38;2;38;58;84m██[38;2;87;90;124m██████[38;2;0;0;0m██        
                      ██[38;2;191;52;77m████████[38;2;124;38;66m██[38;2;255;46;97m████████████[38;2;191;52;77m██[38;2;38;58;84m████[38;2;191;52;77m████[38;2;38;58;84m██[38;2;0;0;0m██[38;2;119;136;170m██[38;2;194;195;197m██[38;2;119;136;170m████[38;2;41;56;51m██[38;2;0;0;0m██[38;2;38;58;84m██[38;2;119;136;170m████████████████[38;2;38;58;84m██[38;2;53;90;125m████████[38;2;0;0;0m██[38;2;87;90;124m██████[38;2;0;0;0m██      
                      [38;2;124;38;66m██[38;2;0;0;0m██[38;2;191;52;77m██████[38;2;124;38;66m██[38;2;255;46;97m██████████[38;2;191;52;77m██████[38;2;38;58;84m████[38;2;191;52;77m██[38;2;0;0;0m██[38;2;87;90;124m██[38;2;194;195;197m██[38;2;119;136;170m████████[38;2;0;0;0m██[38;2;38;58;84m████[38;2;119;136;170m██████████[38;2;87;90;124m██[38;2;38;58;84m██[38;2;53;90;125m██████████[38;2;0;0;0m██[38;2;87;90;124m████[38;2;0;0;0m██        
                  [38;2;124;38;66m████[38;2;191;52;77m████[38;2;124;38;66m████[38;2;191;52;77m████[38;2;255;46;97m██████████[38;2;191;52;77m██████[38;2;38;58;84m████[38;2;0;0;0m████[38;2;194;195;197m██[38;2;119;136;170m████████████[38;2;0;0;0m██[38;2;53;90;125m██[38;2;38;58;84m██[38;2;87;90;124m████████[38;2;38;58;84m██[38;2;53;90;125m██████████████[38;2;0;0;0m████          
              [38;2;124;38;66m████[38;2;191;52;77m████████[38;2;255;46;97m████████████████[38;2;191;52;77m██████████[38;2;38;58;84m██[38;2;0;0;0m██[38;2;194;195;197m████[38;2;119;136;170m████[38;2;87;90;124m██[38;2;119;136;170m████[38;2;41;56;51m██[38;2;0;0;0m██[38;2;53;90;125m████[38;2;38;58;84m██[38;2;87;90;124m████[38;2;38;58;84m██[38;2;53;90;125m████████████████[38;2;0;0;0m██            
          [38;2;124;38;66m████[38;2;191;52;77m██[38;2;124;38;66m██████[38;2;191;52;77m██[38;2;255;46;97m██████████████████[38;2;191;52;77m██████████[38;2;0;0;0m██[38;2;194;195;197m██████[38;2;119;136;170m██[38;2;0;0;0m██[38;2;41;56;51m██[38;2;0;0;0m██████[38;2;119;136;170m██[38;2;0;0;0m██[38;2;53;90;125m████[38;2;38;58;84m████[38;2;53;90;125m██████████████████[38;2;0;0;0m██            
        [38;2;124;38;66m██[38;2;255;46;97m██████[38;2;191;52;77m██████[38;2;124;38;66m████[38;2;255;46;97m████████████████[38;2;38;58;84m██████[38;2;191;52;77m████[38;2;38;58;84m██[38;2;0;0;0m██[38;2;194;195;197m██████[38;2;0;0;0m██[38;2;41;56;51m██[38;2;0;0;0m██[38;2;53;90;125m██[38;2;0;0;0m██[38;2;119;136;170m██[38;2;255;251;230m██[38;2;0;0;0m██[38;2;38;58;84m██[38;2;53;90;125m██████████████████████[38;2;38;58;84m██[38;2;0;0;0m██          
      [38;2;124;38;66m██[38;2;255;46;97m██████[38;2;191;52;77m██████████████[38;2;255;46;97m████████████[38;2;191;52;77m████[38;2;38;58;84m████████████[38;2;0;0;0m██[38;2;194;195;197m████[38;2;119;136;170m██[38;2;0;0;0m██[38;2;53;90;125m████[38;2;38;58;84m██[38;2;119;136;170m██[38;2;255;251;230m██[38;2;191;52;77m██[38;2;0;0;0m██[38;2;38;58;84m██[38;2;53;90;125m██████████████████[38;2;46;72;103m██[38;2;38;58;84m██[38;2;0;0;0m██          
    [38;2;124;38;66m██[38;2;255;46;97m██████[38;2;191;52;77m██████████████████[38;2;255;46;97m██████████[38;2;191;52;77m██████[38;2;38;58;84m████████████[38;2;0;0;0m██[38;2;194;195;197m██[38;2;119;136;170m██[38;2;0;0;0m██[38;2;53;90;125m████[38;2;38;58;84m██[38;2;119;136;170m██[38;2;87;90;124m██[38;2;191;52;77m██[38;2;255;251;230m██[38;2;191;52;77m██[38;2;0;0;0m██[38;2;53;90;125m██████████████[38;2;46;72;103m██[38;2;38;58;84m████[38;2;0;0;0m██          
  [38;2;124;38;66m██[38;2;255;46;97m██████[38;2;124;38;66m██████[38;2;0;0;0m██████[38;2;124;38;66m████[38;2;255;46;97m██████████████[38;2;191;52;77m██████[38;2;38;58;84m██████████████[38;2;0;0;0m██[38;2;194;195;197m██[38;2;0;0;0m██[38;2;53;90;125m██████[38;2;46;72;103m██[38;2;119;136;170m████[38;2;87;90;124m████[38;2;119;136;170m██[38;2;0;0;0m██[38;2;46;72;103m████[38;2;53;90;125m████[38;2;46;72;103m██[38;2;38;58;84m████████[38;2;0;0;0m██    [38;2;124;38;66m██    
  ██[38;2;255;46;97m██[38;2;124;38;66m████[38;2;191;52;77m████[38;2;0;0;0m██    [38;2;124;38;66m██[38;2;255;46;97m██████[38;2;0;0;0m████████████[38;2;38;58;84m██████████████████████[38;2;0;0;0m██[38;2;38;58;84m██[38;2;0;0;0m██[38;2;53;90;125m████[38;2;46;72;103m██[38;2;119;136;170m██████████[38;2;87;90;124m██[38;2;0;0;0m██[38;2;38;58;84m████████████████[38;2;0;0;0m██  ██[38;2;255;46;97m██[38;2;0;0;0m██  
[38;2;124;38;66m██[38;2;255;46;97m██[38;2;124;38;66m██[38;2;191;52;77m██████[38;2;0;0;0m██    [38;2;124;38;66m██[38;2;255;46;97m████[38;2;0;0;0m████[38;2;41;56;51m██[38;2;87;90;124m██[38;2;41;56;51m██      [38;2;0;0;0m██████[38;2;38;58;84m██████████████████████[38;2;0;0;0m██[38;2;53;90;125m████[38;2;41;56;51m██[38;2;119;136;170m██████[38;2;0;0;0m██[38;2;41;56;51m██[38;2;87;90;124m██[38;2;8;24;43m██[38;2;38;58;84m██████████████[38;2;0;0;0m████[38;2;255;46;97m████[38;2;0;0;0m██  
[38;2;124;38;66m██[38;2;191;52;77m██[38;2;255;46;97m████[38;2;191;52;77m██[38;2;0;0;0m██      [38;2;124;38;66m██[38;2;255;46;97m██[38;2;0;0;0m██  [38;2;41;56;51m██[38;2;87;90;124m████[38;2;41;56;51m██            [38;2;0;0;0m████[38;2;38;58;84m████████████████████[38;2;0;0;0m██[38;2;53;90;125m██[38;2;0;0;0m██[38;2;41;56;51m██[38;2;119;136;170m██[38;2;87;90;124m██████████[38;2;0;0;0m██[38;2;38;58;84m████████████[38;2;0;0;0m██[38;2;124;38;66m████[38;2;255;46;97m██[38;2;0;0;0m██  
[38;2;124;38;66m██[38;2;255;46;97m██████[38;2;0;0;0m██        [38;2;124;38;66m██[38;2;0;0;0m██  [38;2;41;56;51m██[38;2;87;90;124m██[38;2;41;56;51m████[38;2;87;90;124m██[38;2;41;56;51m██              [38;2;0;0;0m██[38;2;38;58;84m██████████[38;2;8;24;43m██████[38;2;38;58;84m██[38;2;0;0;0m██[38;2;53;90;125m██[38;2;0;0;0m██[38;2;38;58;84m██[38;2;0;0;0m████[38;2;87;90;124m██████[38;2;0;0;0m██[38;2;8;24;43m██[38;2;38;58;84m████████████[38;2;0;0;0m██[38;2;38;58;84m██[38;2;124;38;66m██[38;2;255;46;97m██[38;2;0;0;0m██  
[38;2;124;38;66m██[38;2;255;46;97m████[38;2;124;38;66m██[38;2;0;0;0m██            [38;2;41;56;51m██[38;2;87;90;124m██[38;2;41;56;51m██  ██[38;2;87;90;124m██[38;2;41;56;51m██                [38;2;0;0;0m██[38;2;38;58;84m██[38;2;8;24;43m██████[38;2;53;90;125m██████[38;2;8;24;43m██[38;2;38;58;84m██[38;2;0;0;0m████[38;2;38;58;84m██████[38;2;0;0;0m██████[38;2;38;58;84m██[38;2;0;0;0m██[38;2;38;58;84m████████████[38;2;0;0;0m██[38;2;38;58;84m████[38;2;124;38;66m██    
██[38;2;255;46;97m████[38;2;0;0;0m██              [38;2;41;56;51m████  ██[38;2;87;90;124m████[38;2;41;56;51m██                  [38;2;0;0;0m██[38;2;53;90;125m██████[38;2;8;24;43m██[38;2;53;90;125m████[38;2;38;58;84m██[38;2;0;0;0m██[38;2;38;58;84m████[38;2;8;24;43m██[38;2;38;58;84m████████████[38;2;8;24;43m██[38;2;38;58;84m██████████[38;2;0;0;0m██[38;2;38;58;84m██████[38;2;0;0;0m██    
[38;2;124;38;66m██[38;2;255;46;97m████[38;2;0;0;0m██                  [38;2;41;56;51m██[38;2;87;90;124m████████[38;2;41;56;51m██                  [38;2;0;0;0m██[38;2;53;90;125m██████[38;2;8;24;43m██[38;2;38;58;84m████[38;2;8;24;43m████[38;2;38;58;84m████[38;2;8;24;43m██[38;2;38;58;84m██████████[38;2;8;24;43m██[38;2;38;58;84m██████████[38;2;0;0;0m██[38;2;38;58;84m████[38;2;0;0;0m██      
  [38;2;124;38;66m██[38;2;255;46;97m██[38;2;0;0;0m██                [38;2;41;56;51m██[38;2;87;90;124m██████[38;2;41;56;51m██[38;2;87;90;124m████[38;2;41;56;51m██      [38;2;8;24;43m██████  [38;2;0;0;0m██████[38;2;53;90;125m██[38;2;38;58;84m██████[38;2;8;24;43m██[38;2;53;90;125m██████[38;2;38;58;84m████████████[38;2;8;24;43m██[38;2;38;58;84m████████████[38;2;0;0;0m████          
  [38;2;124;38;66m██[38;2;255;46;97m██[38;2;0;0;0m██                [38;2;41;56;51m██[38;2;87;90;124m████[38;2;41;56;51m████[38;2;87;90;124m██████[38;2;0;0;0m██[38;2;8;24;43m████[38;2;53;90;125m██████[38;2;8;24;43m██[38;2;53;90;125m████[38;2;38;58;84m████████████[38;2;0;0;0m██[38;2;53;90;125m██████[38;2;46;72;103m██[38;2;38;58;84m████████[38;2;8;24;43m██[38;2;38;58;84m██████████[38;2;0;0;0m██[38;2;38;58;84m████[38;2;0;0;0m██        
    ██                [38;2;41;56;51m██[38;2;87;90;124m████[38;2;41;56;51m██    ██[38;2;87;90;124m████[38;2;8;24;43m██[38;2;53;90;125m████████████[38;2;8;24;43m██[38;2;53;90;125m████[38;2;38;58;84m████████████[38;2;0;0;0m██[38;2;53;90;125m██████[38;2;46;72;103m██[38;2;38;58;84m██████[38;2;8;24;43m██[38;2;38;58;84m████████[38;2;8;24;43m██[38;2;0;0;0m██[38;2;38;58;84m██████[38;2;0;0;0m██      
                      [38;2;41;56;51m██[38;2;87;90;124m██[38;2;41;56;51m██    ██[38;2;87;90;124m████[38;2;8;24;43m██[38;2;53;90;125m████████████████[38;2;8;24;43m████[38;2;46;72;103m██[38;2;38;58;84m████[38;2;8;24;43m██[38;2;53;90;125m██████[38;2;38;58;84m██[38;2;53;90;125m██████[38;2;38;58;84m██████[38;2;8;24;43m██[38;2;38;58;84m████████[38;2;0;0;0m██[38;2;38;58;84m████[38;2;0;0;0m████        
                      [38;2;41;56;51m████      ██[38;2;87;90;124m██[38;2;41;56;51m██[38;2;8;24;43m██[38;2;53;90;125m██████████████████████[38;2;38;58;84m██████[38;2;0;0;0m██[38;2;53;90;125m████████████[38;2;38;58;84m██████[38;2;8;24;43m██[38;2;38;58;84m████████[38;2;0;0;0m██████            
                              [38;2;41;56;51m██[38;2;87;90;124m██[38;2;41;56;51m██  [38;2;8;24;43m██[38;2;53;90;125m██████████████████████[38;2;46;72;103m██[38;2;38;58;84m██████[38;2;0;0;0m████[38;2;53;90;125m██████████[38;2;38;58;84m██████[38;2;8;24;43m██[38;2;38;58;84m██████[38;2;0;0;0m██[38;2;38;58;84m████[38;2;0;0;0m██          
                              [38;2;41;56;51m██[38;2;87;90;124m██[38;2;41;56;51m██  [38;2;8;24;43m██[38;2;53;90;125m██████████████████████[38;2;46;72;103m██[38;2;38;58;84m████████[38;2;0;0;0m██[38;2;53;90;125m██████████[38;2;38;58;84m██████[38;2;8;24;43m██[38;2;38;58;84m██████[38;2;0;0;0m██████            
                              [38;2;41;56;51m████  [38;2;0;0;0m██[38;2;38;58;84m██[38;2;46;72;103m██[38;2;53;90;125m██████[38;2;46;72;103m██[38;2;38;58;84m████[38;2;46;72;103m██[38;2;53;90;125m██████[38;2;38;58;84m██████████[38;2;0;0;0m██[38;2;53;90;125m██████████[38;2;38;58;84m████████[38;2;0;0;0m██[38;2;38;58;84m████[38;2;0;0;0m██                
                                    ██[38;2;38;58;84m████[38;2;46;72;103m████[38;2;38;58;84m██████████[38;2;46;72;103m████[38;2;38;58;84m████████████[38;2;0;0;0m██[38;2;53;90;125m██████████[38;2;38;58;84m██████████[38;2;0;0;0m██[38;2;38;58;84m████[38;2;0;0;0m██              
                                    ██[38;2;38;58;84m████████████████████████[38;2;8;24;43m██[38;2;38;58;84m████████[38;2;0;0;0m██[38;2;53;90;125m██[38;2;38;58;84m██[38;2;53;90;125m████[38;2;46;72;103m██[38;2;38;58;84m████████████[38;2;0;0;0m██[38;2;38;58;84m██[38;2;0;0;0m██              
                        ████      ██[38;2;38;58;84m████████████████[38;2;0;0;0m██[38;2;38;58;84m████████[38;2;8;24;43m██[38;2;38;58;84m████████[38;2;0;0;0m██[38;2;53;90;125m██[38;2;38;58;84m██[38;2;53;90;125m████[38;2;46;72;103m██[38;2;38;58;84m██████████████[38;2;0;0;0m████              
                      ██[38;2;87;90;124m████[38;2;0;0;0m██    ██[38;2;38;58;84m██████████████[38;2;0;0;0m██████[38;2;38;58;84m██████[38;2;8;24;43m██[38;2;38;58;84m██████████[38;2;0;0;0m██[38;2;46;72;103m██[38;2;53;90;125m████[38;2;38;58;84m██████████████[38;2;0;0;0m██                  
                    [38;2;41;56;51m██[38;2;87;90;124m██[38;2;0;0;0m██[38;2;87;90;124m████[38;2;0;0;0m████[38;2;38;58;84m██████████████[38;2;0;0;0m██  ██[38;2;38;58;84m██[38;2;0;0;0m██[38;2;38;58;84m██[38;2;8;24;43m██[38;2;38;58;84m████████████[38;2;0;0;0m██[38;2;53;90;125m████[38;2;46;72;103m██[38;2;38;58;84m██████████████[38;2;0;0;0m██                  
                    [38;2;41;56;51m████  [38;2;0;0;0m████[38;2;38;58;84m██████████████[38;2;0;0;0m██      ██[38;2;38;58;84m████[38;2;0;0;0m██[38;2;8;24;43m██[38;2;53;90;125m██[38;2;38;58;84m██████████[38;2;0;0;0m██[38;2;53;90;125m████[38;2;38;58;84m██████████████[38;2;0;0;0m██                    
                          ██[38;2;38;58;84m██████████████[38;2;0;0;0m██          ██[38;2;38;58;84m████[38;2;8;24;43m██[38;2;53;90;125m████[38;2;46;72;103m██[38;2;38;58;84m██████[38;2;0;0;0m██[38;2;53;90;125m██[38;2;38;58;84m████[38;2;0;0;0m██[38;2;38;58;84m████████[38;2;0;0;0m██                      
                          ██[38;2;38;58;84m██████████[38;2;0;0;0m████            ██[38;2;38;58;84m████[38;2;8;24;43m██[38;2;53;90;125m████████[38;2;46;72;103m██[38;2;38;58;84m██  [38;2;0;0;0m██[38;2;38;58;84m████[38;2;0;0;0m██[38;2;38;58;84m████████[38;2;0;0;0m██                      
                        ██[38;2;38;58;84m████████[38;2;0;0;0m████                ██[38;2;38;58;84m██[38;2;8;24;43m██[38;2;53;90;125m████████████[38;2;0;0;0m██  ██[38;2;38;58;84m████[38;2;0;0;0m██[38;2;38;58;84m██████[38;2;0;0;0m██                        
                        ██[38;2;38;58;84m██████[38;2;0;0;0m██                    ██[38;2;38;58;84m██[38;2;8;24;43m██[38;2;53;90;125m██████████[38;2;0;0;0m██      ██[38;2;38;58;84m██[38;2;0;0;0m██[38;2;38;58;84m██████[38;2;0;0;0m██                        
                        ██[38;2;38;58;84m██████[38;2;0;0;0m██                      [38;2;38;58;84m██[38;2;8;24;43m██[38;2;53;90;125m██████████[38;2;0;0;0m██      ████[38;2;87;90;124m██[38;2;0;0;0m██[38;2;38;58;84m████[38;2;0;0;0m████                      
                        ██[38;2;38;58;84m██████[38;2;0;0;0m██                      [38;2;38;58;84m██[38;2;8;24;43m██[38;2;53;90;125m████████[38;2;0;0;0m██        ██[38;2;87;90;124m████[38;2;0;0;0m██[38;2;38;58;84m██[38;2;0;0;0m██[38;2;38;58;84m████[38;2;0;0;0m████                  
                      ██[38;2;38;58;84m████████[38;2;0;0;0m██                      [38;2;38;58;84m██[38;2;8;24;43m██[38;2;53;90;125m██████[38;2;0;0;0m██          ██[38;2;87;90;124m████[38;2;0;0;0m██[38;2;38;58;84m██[38;2;0;0;0m██[38;2;38;58;84m████████[38;2;0;0;0m██                
                      ██[38;2;38;58;84m██████████[38;2;0;0;0m██                  ████[38;2;53;90;125m████████[38;2;0;0;0m████          ██[38;2;87;90;124m██[38;2;0;0;0m████[38;2;38;58;84m████████████[38;2;0;0;0m██              
                      ██[38;2;38;58;84m██████████[38;2;0;0;0m██                ██[38;2;38;58;84m██[38;2;0;0;0m██[38;2;53;90;125m████████[38;2;0;0;0m██[38;2;38;58;84m██[38;2;0;0;0m████        ██    ██[38;2;38;58;84m████████████[38;2;0;0;0m██            
                    ██[38;2;38;58;84m██[38;2;46;72;103m██[38;2;38;58;84m██[38;2;46;72;103m████[38;2;0;0;0m██████            ██[38;2;38;58;84m████[38;2;0;0;0m██[38;2;53;90;125m██████████[38;2;0;0;0m██[38;2;38;58;84m██[38;2;87;90;124m████[38;2;0;0;0m██          ████[38;2;38;58;84m██████[38;2;0;0;0m██[38;2;38;58;84m████████[38;2;0;0;0m██      
                  ██[38;2;46;72;103m████[38;2;38;58;84m██[38;2;87;90;124m██[38;2;38;58;84m██[38;2;46;72;103m██[38;2;87;90;124m██[38;2;0;0;0m██[38;2;87;90;124m██[38;2;0;0;0m████          ██████[38;2;8;24;43m██[38;2;53;90;125m██████████[38;2;0;0;0m██████        ████[38;2;38;58;84m████████████[38;2;0;0;0m████[38;2;38;58;84m██[38;2;87;90;124m████[38;2;0;0;0m████  
                ██[38;2;46;72;103m████[38;2;38;58;84m██[38;2;87;90;124m██████[38;2;0;0;0m██[38;2;87;90;124m████[38;2;0;0;0m██[38;2;87;90;124m████[38;2;0;0;0m██              [38;2;8;24;43m██[38;2;53;90;125m██████████[38;2;0;0;0m██          ██[38;2;38;58;84m██████████████[38;2;87;90;124m██[38;2;119;136;170m████[38;2;0;0;0m████[38;2;119;136;170m██████[38;2;0;0;0m██
                  ████████[38;2;87;90;124m██[38;2;0;0;0m██  ██████████                [38;2;8;24;43m██[38;2;53;90;125m████████[38;2;46;72;103m██[38;2;53;90;125m██[38;2;0;0;0m██          ████████████████[38;2;119;136;170m████████[38;2;0;0;0m██████  
                          ████                          [38;2;8;24;43m██[38;2;53;90;125m████████████[38;2;38;58;84m██[38;2;53;90;125m██                          [38;2;0;0;0m████████        
                                                        [38;2;8;24;43m██[38;2;38;58;84m██[38;2;53;90;125m████████████[38;2;38;58;84m██                                          
                                                      [38;2;0;0;0m██[38;2;38;58;84m██[38;2;46;72;103m██[38;2;38;58;84m████[38;2;53;90;125m████[38;2;38;58;84m████[38;2;53;90;125m██[38;2;0;0;0m████                                      
                                                    ██[38;2;46;72;103m████[38;2;38;58;84m██[38;2;194;195;197m██[38;2;119;136;170m██[38;2;38;58;84m██[38;2;194;195;197m████[38;2;38;58;84m████[38;2;194;195;197m████[38;2;0;0;0m████                                  
                                                    ██████[38;2;194;195;197m██████[38;2;0;0;0m████[38;2;194;195;197m████[38;2;38;58;84m██[38;2;87;90;124m████[38;2;194;195;197m██[38;2;119;136;170m██[38;2;0;0;0m██                                
                                                          ██[38;2;87;90;124m██[38;2;0;0;0m██    ██[38;2;87;90;124m██[38;2;0;0;0m██████████                                  
                                                            ██        ██                                            
[0m