                                              [38;2;101;100;108m██[38;2;63;62;70m██                      [38;2;101;100;108m██[38;2;63;62;70m████                                                              
                                            [38;2;101;100;108m██[38;2;247;247;247m██[38;2;63;62;70m██                      [38;2;101;100;108m██[38;2;247;247;247m████[38;2;63;62;70m██                                                            
                                          [38;2;101;100;108m██[38;2;247;247;247m██[38;2;63;62;70m██                          [38;2;101;100;108m██[38;2;247;247;247m████[38;2;63;62;70m██                                                          
                                          [38;2;101;100;108m██[38;2;247;247;247m██[38;2;63;62;70m██                          [38;2;101;100;108m██[38;2;247;247;247m██████[38;2;63;62;70m██                                                        
                                          [38;2;101;100;108m██[38;2;247;247;247m██[38;2;63;62;70m██                            [38;2;101;100;108m██[38;2;247;247;247m████[38;2;63;62;70m██                                                        
                                          [38;2;101;100;108m██[38;2;247;247;247m████[38;2;63;62;70m██                          [38;2;101;100;108m██[38;2;247;247;247m████[38;2;63;62;70m██                                            [38;2;101;100;108m████        
                                            ██[38;2;247;247;247m████[38;2;7;7;7m██                        [38;2;101;100;108m██[38;2;247;247;247m██████[38;2;63;62;70m██                                        [38;2;101;100;108m██[38;2;247;247;247m██[38;2;63;62;70m██        
                                            [38;2;101;100;108m██[38;2;247;247;247m██████[38;2;7;7;7m██                      [38;2;101;100;108m██[38;2;247;247;247m████████[38;2;7;7;7m██                [38;2;101;100;108m██[38;2;63;62;70m██                [38;2;101;100;108m██[38;2;247;247;247m██[38;2;63;62;70m██          
                                              [38;2;101;100;108m██[38;2;247;247;247m████[38;2;7;7;7m██                    [38;2;101;100;108m██[38;2;247;247;247m██████████[38;2;7;7;7m██              [38;2;101;100;108m██[38;2;247;247;247m██[38;2;63;62;70m██              [38;2;101;100;108m██[38;2;247;247;247m████[38;2;63;62;70m██          
                        [38;2;101;100;108m██[38;2;63;62;70m██                    [38;2;101;100;108m██[38;2;247;247;247m████[38;2;7;7;7m██                [38;2;101;100;108m██[38;2;247;247;247m████████████[38;2;7;7;7m██              [38;2;101;100;108m██[38;2;247;247;247m██[38;2;63;62;70m██              [38;2;101;100;108m██[38;2;247;247;247m████[38;2;63;62;70m██          
                        [38;2;101;100;108m██[38;2;247;247;247m██[38;2;63;62;70m████                  [38;2;101;100;108m██[38;2;247;247;247m██[38;2;7;7;7m██            [38;2;101;100;108m████[38;2;247;247;247m██████████████[38;2;7;7;7m██              [38;2;101;100;108m██[38;2;247;247;247m██[38;2;63;62;70m██              [38;2;101;100;108m██[38;2;247;247;247m██[38;2;7;7;7m██            
                        [38;2;101;100;108m██[38;2;247;247;247m██████[38;2;63;62;70m████████████      [38;2;101;100;108m██[38;2;247;247;247m██[38;2;7;7;7m██        [38;2;101;100;108m████[38;2;247;247;247m██████████████████[38;2;7;7;7m██              [38;2;101;100;108m██[38;2;247;247;247m██[38;2;63;62;70m██            [38;2;101;100;108m██[38;2;247;247;247m████[38;2;7;7;7m██            
                          [38;2;101;100;108m██[38;2;247;247;247m████████████████[38;2;7;7;7m████    [38;2;101;100;108m██      ████[38;2;247;247;247m████████████████████[38;2;7;7;7m██                [38;2;101;100;108m██[38;2;247;247;247m████[38;2;63;62;70m██          [38;2;101;100;108m██[38;2;247;247;247m████[38;2;7;7;7m██            
                            [38;2;101;100;108m████[38;2;247;247;247m████████████████[38;2;7;7;7m██        [38;2;101;100;108m██[38;2;211;212;215m████████████[38;2;247;247;247m████████████[38;2;7;7;7m██                [38;2;101;100;108m██[38;2;247;247;247m████[38;2;63;62;70m██        [38;2;101;100;108m██[38;2;247;247;247m████[38;2;7;7;7m██              
    [38;2;101;100;108m██[38;2;63;62;70m██                        [38;2;101;100;108m██████[38;2;247;247;247m████████████[38;2;7;7;7m██    [38;2;101;100;108m██[38;2;211;212;215m██████████████████[38;2;247;247;247m██████[38;2;7;7;7m██                  [38;2;101;100;108m██[38;2;247;247;247m██████[38;2;63;62;70m██    [38;2;101;100;108m██[38;2;247;247;247m████[38;2;7;7;7m██                
    [38;2;101;100;108m██[38;2;247;247;247m██[38;2;63;62;70m██            [38;2;101;100;108m██[38;2;63;62;70m██            [38;2;101;100;108m██[38;2;247;247;247m████████████[38;2;7;7;7m██[38;2;101;100;108m██[38;2;211;212;215m████[38;2;177;180;191m████████[38;2;211;212;215m██████████[38;2;7;7;7m████                  [38;2;101;100;108m██[38;2;247;247;247m████████[38;2;63;62;70m██  [38;2;101;100;108m██[38;2;247;247;247m████[38;2;63;62;70m██                  
      [38;2;101;100;108m██[38;2;247;247;247m██[38;2;63;62;70m██        [38;2;101;100;108m██[38;2;247;247;247m██[38;2;63;62;70m██              [38;2;101;100;108m██[38;2;247;247;247m████[38;2;211;212;215m██████[38;2;63;62;70m██[38;2;211;212;215m██[38;2;177;180;191m████████████████[38;2;211;212;215m████[38;2;7;7;7m██      [38;2;63;62;70m██████[38;2;101;100;108m██████████[38;2;247;247;247m██████████[38;2;63;62;70m██  [38;2;101;100;108m██[38;2;63;62;70m████                    
      [38;2;101;100;108m██[38;2;247;247;247m████[38;2;63;62;70m██    [38;2;101;100;108m██[38;2;247;247;247m██[38;2;63;62;70m██                [38;2;101;100;108m██[38;2;211;212;215m██████████[38;2;63;62;70m██[38;2;177;180;191m████████████████████[38;2;211;212;215m██[38;2;7;7;7m██  [38;2;63;62;70m████[38;2;177;180;191m██[38;2;211;212;215m████████[38;2;247;247;247m████████████████[38;2;7;7;7m██                            
      [38;2;101;100;108m██[38;2;247;247;247m████[38;2;63;62;70m██    [38;2;101;100;108m██[38;2;247;247;247m██[38;2;63;62;70m██              [38;2;101;100;108m██[38;2;211;212;215m██████[38;2;177;180;191m████[38;2;63;62;70m██[38;2;177;180;191m████████████████████████[38;2;7;7;7m██[38;2;63;62;70m██[38;2;177;180;191m██████████[38;2;211;212;215m████████[38;2;247;247;247m████████████[38;2;7;7;7m██          [38;2;101;100;108m██[38;2;63;62;70m██              
        [38;2;101;100;108m██[38;2;247;247;247m██[38;2;63;62;70m██    [38;2;101;100;108m██[38;2;247;247;247m████[38;2;63;62;70m██████████    [38;2;101;100;108m██[38;2;211;212;215m████[38;2;177;180;191m██████[38;2;63;62;70m██[38;2;177;180;191m██████████████████████[38;2;7;7;7m██[38;2;63;62;70m██[38;2;177;180;191m████████████████[38;2;211;212;215m████[38;2;247;247;247m██████████[38;2;7;7;7m██        [38;2;101;100;108m████[38;2;247;247;247m██[38;2;63;62;70m██              
        [38;2;101;100;108m██[38;2;247;247;247m████[38;2;63;62;70m██  [38;2;101;100;108m██[38;2;247;247;247m██████████████[38;2;63;62;70m████[38;2;101;100;108m██[38;2;211;212;215m██[38;2;177;180;191m██████[38;2;63;62;70m██[38;2;177;180;191m████████████████████████[38;2;63;62;70m██[38;2;177;180;191m████████████████████[38;2;211;212;215m████[38;2;247;247;247m██████[38;2;7;7;7m██      [38;2;101;100;108m████[38;2;247;247;247m████[38;2;63;62;70m██                
          [38;2;101;100;108m██[38;2;247;247;247m██[38;2;63;62;70m██    [38;2;101;100;108m██[38;2;247;247;247m██████████████[38;2;101;100;108m██[38;2;211;212;215m████[38;2;177;180;191m██████[38;2;63;62;70m██[38;2;177;180;191m████████████████████████[38;2;63;62;70m██[38;2;177;180;191m████████████████████[38;2;211;212;215m████[38;2;247;247;247m██[38;2;7;7;7m████      [38;2;101;100;108m██[38;2;247;247;247m██████[38;2;63;62;70m██                  
            [38;2;101;100;108m██[38;2;63;62;70m██      [38;2;101;100;108m██████[38;2;247;247;247m████████[38;2;101;100;108m██[38;2;211;212;215m██[38;2;177;180;191m████████[38;2;63;62;70m██[38;2;177;180;191m██████████████████████[38;2;63;62;70m██[38;2;177;180;191m██████████████████████[38;2;211;212;215m██[38;2;7;7;7m████          [38;2;101;100;108m██[38;2;247;247;247m████[38;2;63;62;70m██                    
                    [38;2;101;100;108m██[38;2;247;247;247m██████[38;2;154;154;164m██[38;2;247;247;247m██████[38;2;101;100;108m██[38;2;177;180;191m██████████[38;2;63;62;70m██[38;2;177;180;191m██████████████████████[38;2;63;62;70m██[38;2;177;180;191m██████████████████████[38;2;7;7;7m██              [38;2;101;100;108m██[38;2;247;247;247m████[38;2;63;62;70m██                    
                  [38;2;101;100;108m██[38;2;247;247;247m██[38;2;63;62;70m████[38;2;247;247;247m████████[38;2;211;212;215m██[38;2;101;100;108m██[38;2;177;180;191m██████████[38;2;63;62;70m██[38;2;177;180;191m██████████████████████[38;2;63;62;70m██[38;2;177;180;191m████████████████████[38;2;7;7;7m██              [38;2;101;100;108m██[38;2;247;247;247m██████[38;2;63;62;70m██                    
                  [38;2;101;100;108m██[38;2;56;56;56m██    [38;2;63;62;70m██[38;2;247;247;247m████[38;2;211;212;215m████[38;2;63;62;70m██[38;2;177;180;191m██████████[38;2;63;62;70m██[38;2;177;180;191m██████████████████████[38;2;63;62;70m██[38;2;177;180;191m████████████████████[38;2;7;7;7m██  [38;2;63;62;70m████████[38;2;101;100;108m████[38;2;247;247;247m██████████[38;2;7;7;7m██                  
                          [38;2;63;62;70m██[38;2;247;247;247m██[38;2;211;212;215m██████[38;2;63;62;70m██[38;2;177;180;191m████████████[38;2;63;62;70m██[38;2;177;180;191m████████████████████[38;2;63;62;70m██[38;2;177;180;191m████████████████████[38;2;63;62;70m████[38;2;177;180;191m██████[38;2;211;212;215m████[38;2;247;247;247m████████████[38;2;7;7;7m██                  
                          [38;2;63;62;70m██[38;2;211;212;215m██████[38;2;177;180;191m████[38;2;63;62;70m██[38;2;177;180;191m██████████[38;2;63;62;70m██[38;2;177;180;191m██████████████████████[38;2;63;62;70m██[38;2;177;180;191m████████████████[38;2;63;62;70m██[38;2;177;180;191m████████████[38;2;211;212;215m████[38;2;247;247;247m██████████[38;2;7;7;7m██                  
                          [38;2;63;62;70m██[38;2;211;212;215m████[38;2;177;180;191m██████[38;2;63;62;70m██[38;2;177;180;191m████████████[38;2;63;62;70m██[38;2;177;180;191m████████████████████[38;2;63;62;70m██[38;2;177;180;191m██████████████████████████████[38;2;211;212;215m██████[38;2;247;247;247m████████[38;2;7;7;7m██                  
                        ██[38;2;211;212;215m██[38;2;177;180;191m████████████[38;2;63;62;70m██[38;2;177;180;191m██████████[38;2;63;62;70m██[38;2;177;180;191m██████████████████████████[38;2;101;100;108m████[38;2;177;180;191m████████████████████████[38;2;211;212;215m████[38;2;247;247;247m████████[38;2;7;7;7m██                  
                        ██[38;2;177;180;191m████████████████[38;2;63;62;70m██[38;2;177;180;191m██████████[38;2;63;62;70m██[38;2;177;180;191m████████████████████[38;2;101;100;108m████[38;2;177;180;191m████[38;2;63;62;70m██[38;2;177;180;191m██████████████████████[38;2;211;212;215m██████[38;2;247;247;247m████[38;2;7;7;7m██                    
                        ██[38;2;177;180;191m████████████[38;2;101;100;108m██████████[38;2;177;180;191m████████[38;2;63;62;70m████[38;2;177;180;191m████████████[38;2;101;100;108m████[38;2;177;180;191m██████████[38;2;63;62;70m██[38;2;177;180;191m██████████████████████[38;2;211;212;215m██████[38;2;247;247;247m██[38;2;7;7;7m██                    
                        ██[38;2;177;180;191m██████████[38;2;101;100;108m██[38;2;177;180;191m██████████[38;2;101;100;108m████[38;2;177;180;191m████████[38;2;63;62;70m██████[38;2;177;180;191m████[38;2;101;100;108m██[38;2;177;180;191m████████████████[38;2;63;62;70m██[38;2;177;180;191m██████████████████████[38;2;211;212;215m████[38;2;7;7;7m██                      
                        ██[38;2;177;180;191m██████████[38;2;101;100;108m██[38;2;177;180;191m██████████████[38;2;101;100;108m████[38;2;177;180;191m████████████[38;2;101;100;108m██[38;2;177;180;191m██████████████████[38;2;63;62;70m██[38;2;177;180;191m██████████████████████[38;2;7;7;7m████                        
                          ██[38;2;177;180;191m██████[38;2;101;100;108m██[38;2;177;180;191m██████████████████████████████████████████████████████[38;2;63;62;70m██[38;2;177;180;191m██████████[38;2;7;7;7m██████████                            
                            ████[38;2;177;180;191m██[38;2;101;100;108m██[38;2;177;180;191m██████████████████████████████[38;2;154;154;164m██[38;2;177;180;191m██[38;2;154;154;164m██[38;2;177;180;191m██[38;2;101;100;108m██[38;2;177;180;191m██████████████[38;2;63;62;70m██[38;2;154;154;164m██[38;2;177;180;191m██████[38;2;7;7;7m██                                      
                                [38;2;101;100;108m██[38;2;177;180;191m████████████[38;2;101;100;108m██[38;2;177;180;191m██████████████████[38;2;101;100;108m██[38;2;177;180;191m██[38;2;101;100;108m████[38;2;177;180;191m████████████████[38;2;63;62;70m██[38;2;154;154;164m████████[38;2;7;7;7m██                                      
                              ██[38;2;101;100;108m██[38;2;177;180;191m████████████[38;2;101;100;108m██[38;2;177;180;191m██[38;2;63;62;70m██[38;2;177;180;191m██████████[38;2;154;154;164m██[38;2;101;100;108m██[38;2;63;62;70m██[38;2;177;180;191m██[38;2;63;62;70m██[38;2;101;100;108m██[38;2;177;180;191m██████████████████[38;2;63;62;70m██[38;2;154;154;164m████████[38;2;7;7;7m██[38;2;63;62;70m██[38;2;7;7;7m██    [38;2;63;62;70m██[38;2;7;7;7m██                        
                            ██[38;2;177;180;191m██[38;2;101;100;108m████[38;2;177;180;191m████████████[38;2;101;100;108m██[38;2;177;180;191m██████████████████████[38;2;101;100;108m██[38;2;177;180;191m██████████████[38;2;63;62;70m██[38;2;177;180;191m██[38;2;63;62;70m██[38;2;154;154;164m██████[38;2;63;62;70m████[38;2;247;247;247m██[38;2;7;7;7m██[38;2;63;62;70m████[38;2;154;154;164m██[38;2;7;7;7m██                        
                            ██[38;2;177;180;191m██[38;2;101;100;108m██[38;2;63;62;70m██[38;2;177;180;191m████[38;2;101;100;108m██[38;2;177;180;191m██████[38;2;101;100;108m██[38;2;177;180;191m████████████[38;2;154;154;164m██[38;2;101;100;108m██[38;2;63;62;70m██[38;2;177;180;191m██[38;2;63;62;70m██[38;2;101;100;108m██[38;2;177;180;191m██████████████[38;2;63;62;70m██[38;2;177;180;191m████[38;2;63;62;70m██████[38;2;247;247;247m██████[38;2;7;7;7m██[38;2;154;154;164m████[38;2;7;7;7m██                          
                    [38;2;101;100;108m████      ██[38;2;211;212;215m██[38;2;63;62;70m██[38;2;177;180;191m████[38;2;63;62;70m██[38;2;177;180;191m██████[38;2;101;100;108m██[38;2;177;180;191m██████[38;2;101;100;108m██[38;2;177;180;191m████████[38;2;101;100;108m██[38;2;177;180;191m██[38;2;101;100;108m████[38;2;177;180;191m████████[38;2;63;62;70m██[38;2;177;180;191m██████[38;2;63;62;70m██[38;2;177;180;191m██[38;2;211;212;215m████[38;2;247;247;247m██████[38;2;7;7;7m██[38;2;154;154;164m██[38;2;7;7;7m████                            
                    [38;2;63;62;70m██[38;2;247;247;247m██[38;2;101;100;108m██████[38;2;211;212;215m██[38;2;63;62;70m██[38;2;211;212;215m████[38;2;177;180;191m██[38;2;63;62;70m██[38;2;177;180;191m██████[38;2;63;62;70m██[38;2;177;180;191m██████[38;2;101;100;108m██[38;2;177;180;191m████████[38;2;154;154;164m██[38;2;177;180;191m██[38;2;154;154;164m██[38;2;101;100;108m██[38;2;177;180;191m████████[38;2;63;62;70m██[38;2;177;180;191m████████[38;2;63;62;70m██[38;2;211;212;215m████[38;2;247;247;247m████[38;2;7;7;7m██████                                
                      [38;2;63;62;70m██[38;2;247;247;247m████████[38;2;63;62;70m██[38;2;211;212;215m██████[38;2;63;62;70m██[38;2;211;212;215m████[38;2;177;180;191m██[38;2;63;62;70m██[38;2;177;180;191m██[38;2;101;100;108m██[38;2;177;180;191m██[38;2;101;100;108m██[38;2;177;180;191m██[38;2;101;100;108m██[38;2;177;180;191m██████████[38;2;101;100;108m██[38;2;177;180;191m████████[38;2;63;62;70m██[38;2;177;180;191m██████[38;2;211;212;215m██[38;2;63;62;70m██[38;2;211;212;215m██[38;2;247;247;247m████[38;2;7;7;7m████[38;2;71;81;95m████[38;2;7;7;7m████                            
                        ██[38;2;247;247;247m██████[38;2;63;62;70m██[38;2;247;247;247m██[38;2;211;212;215m██[38;2;101;100;108m██[38;2;211;212;215m██████[38;2;63;62;70m██[38;2;7;7;7m██[38;2;63;62;70m██[38;2;101;100;108m██[38;2;177;180;191m██[38;2;101;100;108m██[38;2;177;180;191m██[38;2;101;100;108m██[38;2;177;180;191m████[38;2;101;100;108m██[38;2;7;7;7m████[38;2;195;41;58m██[38;2;101;100;108m██[38;2;177;180;191m████████[38;2;63;62;70m██[38;2;211;212;215m████████[38;2;63;62;70m██[38;2;7;7;7m████[38;2;101;100;108m██[38;2;71;81;95m██████████[38;2;7;7;7m████                        
                          ████[38;2;247;247;247m██[38;2;211;212;215m██[38;2;101;100;108m██[38;2;247;247;247m██[38;2;101;100;108m██[38;2;247;247;247m████[38;2;211;212;215m██[38;2;63;62;70m██[38;2;195;41;58m██[38;2;63;62;70m██[38;2;7;7;7m██████████████[38;2;63;62;70m██[38;2;195;41;58m██████[38;2;101;100;108m██[38;2;177;180;191m██████[38;2;211;212;215m██[38;2;63;62;70m██[38;2;211;212;215m████[38;2;247;247;247m████[38;2;63;62;70m██[38;2;154;154;164m████████[38;2;71;81;95m██████[38;2;122;134;146m██████[38;2;7;7;7m██                      
                      ████[38;2;71;81;95m████[38;2;7;7;7m████[38;2;101;100;108m██[38;2;247;247;247m██[38;2;101;100;108m██[38;2;247;247;247m██████[38;2;63;62;70m██[38;2;195;41;58m████[38;2;247;247;247m██[38;2;118;63;87m██████████[38;2;195;41;58m██[38;2;247;247;247m██[38;2;195;41;58m██████[38;2;56;56;56m██[38;2;101;100;108m██[38;2;211;212;215m████████[38;2;63;62;70m██[38;2;247;247;247m████████[38;2;63;62;70m██[38;2;154;154;164m████[38;2;63;62;70m████[38;2;7;7;7m██[38;2;122;134;146m██████████[38;2;7;7;7m██                    
                  ████[38;2;71;81;95m████████████[38;2;101;100;108m██[38;2;247;247;247m████[38;2;101;100;108m██[38;2;247;247;247m██████[38;2;7;7;7m██[38;2;195;41;58m██[38;2;118;63;87m██[38;2;236;140;186m██████████[38;2;118;63;87m██[38;2;195;41;58m████[38;2;56;56;56m████████[38;2;101;100;108m██[38;2;211;212;215m████[38;2;247;247;247m████[38;2;63;62;70m██[38;2;247;247;247m████████[38;2;63;62;70m████[38;2;247;247;247m████[38;2;7;7;7m██[38;2;122;134;146m████████████[38;2;7;7;7m██                  
                ██[38;2;122;134;146m████████[38;2;71;81;95m████[38;2;101;100;108m████[38;2;247;247;247m██████[38;2;101;100;108m██[38;2;247;247;247m██████[38;2;7;7;7m██[38;2;118;63;87m██[38;2;236;140;186m██████████████[38;2;118;63;87m██[38;2;56;56;56m██████████[38;2;154;154;164m██[38;2;63;62;70m██[38;2;247;247;247m████████[38;2;63;62;70m██[38;2;247;247;247m████████████[38;2;7;7;7m██  ██[38;2;122;134;146m██████████[38;2;7;7;7m██                  
              [38;2;71;81;95m██████[38;2;122;134;146m████████[38;2;101;100;108m██[38;2;247;247;247m████████[38;2;7;7;7m██  [38;2;101;100;108m██[38;2;247;247;247m████[38;2;7;7;7m██[38;2;118;63;87m██[38;2;236;140;186m██[38;2;118;63;87m██[38;2;236;140;186m████[38;2;118;63;87m██[38;2;236;140;186m██[38;2;176;97;132m██[38;2;118;63;87m██[38;2;56;56;56m██████[38;2;101;100;108m██[38;2;154;154;164m██████[38;2;63;62;70m██[38;2;247;247;247m██████[38;2;63;62;70m██[38;2;7;7;7m██[38;2;247;247;247m████████[38;2;7;7;7m██    ██[38;2;122;134;146m████████[38;2;71;81;95m██[38;2;122;134;146m██[38;2;7;7;7m██                
            [38;2;71;81;95m██[38;2;122;134;146m████████████████[38;2;7;7;7m████████    [38;2;101;100;108m██[38;2;247;247;247m██[38;2;7;7;7m██[38;2;101;100;108m██[38;2;7;7;7m██[38;2;176;97;132m██[38;2;118;63;87m██[38;2;176;97;132m████[38;2;118;63;87m██[38;2;176;97;132m████[38;2;7;7;7m██[38;2;101;100;108m████[38;2;154;154;164m██[38;2;63;62;70m████[38;2;154;154;164m██[38;2;63;62;70m██[38;2;101;100;108m██[38;2;63;62;70m██[38;2;247;247;247m████[38;2;63;62;70m██[38;2;101;100;108m██[38;2;7;7;7m████████        ██[38;2;122;134;146m██[38;2;71;81;95m██[38;2;122;134;146m██[38;2;71;81;95m██[38;2;122;134;146m████[38;2;7;7;7m██              
          [38;2;71;81;95m██[38;2;122;134;146m██[38;2;71;81;95m████[38;2;122;134;146m████████████[38;2;7;7;7m██          [38;2;101;100;108m██[38;2;247;247;247m██[38;2;7;7;7m██[38;2;154;154;164m████[38;2;7;7;7m██[38;2;176;97;132m██████████[38;2;7;7;7m██[38;2;154;154;164m██████████[38;2;101;100;108m██[38;2;154;154;164m██[38;2;101;100;108m██[38;2;154;154;164m██[38;2;63;62;70m██[38;2;247;247;247m████[38;2;7;7;7m██[38;2;101;100;108m██████[38;2;7;7;7m██          ██[38;2;122;134;146m██[38;2;71;81;95m██[38;2;122;134;146m████[38;2;71;81;95m██[38;2;7;7;7m████████          
          [38;2;71;81;95m██[38;2;122;134;146m██[38;2;71;81;95m██[38;2;122;134;146m████████████[38;2;7;7;7m██          [38;2;101;100;108m██[38;2;247;247;247m██[38;2;7;7;7m██[38;2;101;100;108m██[38;2;154;154;164m██████[38;2;7;7;7m██████████[38;2;154;154;164m██████████████████[38;2;63;62;70m██[38;2;247;247;247m████[38;2;7;7;7m██[38;2;101;100;108m████████[38;2;7;7;7m██          ██[38;2;122;134;146m████[38;2;71;81;95m██[38;2;122;134;146m██[38;2;7;7;7m██[38;2;56;56;56m██[38;2;103;103;105m██████[38;2;56;56;56m██        
        [38;2;71;81;95m██[38;2;122;134;146m████████████████[38;2;7;7;7m██            ████  [38;2;63;62;70m██[38;2;154;154;164m██████████████████████████████████[38;2;7;7;7m██████[38;2;101;100;108m████████[38;2;7;7;7m██            [38;2;56;56;56m██████[38;2;71;81;95m██[38;2;122;134;146m██[38;2;7;7;7m██[38;2;56;56;56m██[38;2;103;103;105m████████[38;2;56;56;56m██      
        [38;2;71;81;95m██[38;2;122;134;146m████████████[38;2;71;81;95m██[38;2;7;7;7m██                      [38;2;63;62;70m██[38;2;154;154;164m██████████████████████████████████[38;2;101;100;108m██████[38;2;63;62;70m██[38;2;101;100;108m██[38;2;63;62;70m██[38;2;7;7;7m██          [38;2;56;56;56m██[38;2;103;103;105m██████[38;2;56;56;56m██[38;2;122;134;146m██[38;2;7;7;7m██[38;2;56;56;56m████[38;2;103;103;105m██████[38;2;56;56;56m██      
      [38;2;71;81;95m██[38;2;122;134;146m██████████[38;2;71;81;95m████[38;2;7;7;7m██                        ██[38;2;101;100;108m██[38;2;154;154;164m██[38;2;63;62;70m██[38;2;154;154;164m██████[38;2;101;100;108m██[38;2;154;154;164m████████████████[38;2;101;100;108m██████████[38;2;63;62;70m████[38;2;71;81;95m██[38;2;7;7;7m██        [38;2;56;56;56m██[38;2;103;103;105m████████[38;2;56;56;56m██[38;2;122;134;146m██[38;2;71;81;95m██[38;2;7;7;7m██[38;2;56;56;56m████[38;2;103;103;105m██████[38;2;7;7;7m██    
      [38;2;71;81;95m██[38;2;122;134;146m██████████[38;2;71;81;95m██[38;2;7;7;7m██                        ██[38;2;71;81;95m████[38;2;101;100;108m██[38;2;63;62;70m██[38;2;154;154;164m██████[38;2;63;62;70m██[38;2;154;154;164m██[38;2;63;62;70m██[38;2;154;154;164m██████[38;2;101;100;108m██████████████[38;2;63;62;70m██[38;2;71;81;95m████████[38;2;7;7;7m██      [38;2;56;56;56m██[38;2;103;103;105m██████████[38;2;7;7;7m██[38;2;122;134;146m██[38;2;71;81;95m██[38;2;7;7;7m██[38;2;56;56;56m██[38;2;103;103;105m██████[38;2;7;7;7m██    
    ██[38;2;122;134;146m██████████████[38;2;7;7;7m██                      ██[38;2;122;134;146m████[38;2;71;81;95m████[38;2;63;62;70m██[38;2;101;100;108m██████[38;2;63;62;70m██[38;2;101;100;108m██[38;2;63;62;70m████[38;2;101;100;108m██████[38;2;63;62;70m██[38;2;101;100;108m██████████[38;2;7;7;7m██[38;2;71;81;95m████[38;2;122;134;146m████[38;2;71;81;95m██[38;2;7;7;7m██    [38;2;56;56;56m██[38;2;103;103;105m████████████[38;2;7;7;7m██[38;2;122;134;146m██[38;2;7;7;7m██[38;2;56;56;56m████████[38;2;7;7;7m██    
  ██[38;2;122;134;146m████████████████[38;2;7;7;7m██                    ██[38;2;122;134;146m████████[38;2;71;81;95m██[38;2;7;7;7m██[38;2;63;62;70m██[38;2;101;100;108m██[38;2;63;62;70m██[38;2;101;100;108m██████[38;2;63;62;70m██[38;2;101;100;108m██████[38;2;63;62;70m██[38;2;101;100;108m██████████[38;2;7;7;7m██[38;2;71;81;95m██[38;2;122;134;146m████████[38;2;7;7;7m██    [38;2;56;56;56m██[38;2;103;103;105m██████████[38;2;56;56;56m██[38;2;7;7;7m██[38;2;122;134;146m██[38;2;71;81;95m██[38;2;7;7;7m██████[38;2;56;56;56m██[38;2;7;7;7m██    
  ██[38;2;122;134;146m████████[38;2;71;81;95m██[38;2;122;134;146m██████[38;2;7;7;7m██                    ██[38;2;122;134;146m████████[38;2;7;7;7m██  ██[38;2;101;100;108m██[38;2;63;62;70m██[38;2;101;100;108m████████[38;2;63;62;70m██[38;2;101;100;108m██[38;2;63;62;70m██[38;2;101;100;108m██████████[38;2;7;7;7m██  ██[38;2;122;134;146m██████████[38;2;7;7;7m██    [38;2;56;56;56m██[38;2;103;103;105m████[38;2;56;56;56m██████[38;2;7;7;7m██[38;2;122;134;146m████[38;2;7;7;7m██[38;2;71;81;95m████[38;2;7;7;7m████    
██[38;2;71;81;95m██[38;2;122;134;146m████████[38;2;7;7;7m██[38;2;71;81;95m██[38;2;122;134;146m██████[38;2;7;7;7m██                  ██[38;2;71;81;95m██[38;2;122;134;146m████[38;2;71;81;95m██[38;2;56;56;56m██[38;2;7;7;7m██  ██[38;2;63;62;70m████[38;2;101;100;108m████████[38;2;63;62;70m████[38;2;101;100;108m██████████[38;2;7;7;7m██    ██[38;2;122;134;146m████████[38;2;7;7;7m██    [38;2;56;56;56m██[38;2;103;103;105m██[38;2;56;56;56m████[38;2;7;7;7m████[38;2;71;81;95m██[38;2;122;134;146m██████[38;2;7;7;7m██[38;2;71;81;95m████[38;2;7;7;7m██    
██[38;2;71;81;95m██[38;2;122;134;146m████████[38;2;7;7;7m████[38;2;122;134;146m██████[38;2;7;7;7m██                ██[38;2;103;103;105m██[38;2;56;56;56m██[38;2;71;81;95m██████[38;2;56;56;56m██[38;2;103;103;105m██[38;2;7;7;7m██  ██[38;2;63;62;70m██[38;2;101;100;108m████[38;2;63;62;70m██[38;2;101;100;108m████████[38;2;63;62;70m██[38;2;101;100;108m████[38;2;63;62;70m██[38;2;7;7;7m██  ██[38;2;71;81;95m████[38;2;122;134;146m████[38;2;71;81;95m██[38;2;7;7;7m██      ██[38;2;56;56;56m██[38;2;7;7;7m██[38;2;122;134;146m██████[38;2;71;81;95m██[38;2;122;134;146m██████[38;2;71;81;95m██████[38;2;7;7;7m██  
██[38;2;71;81;95m██[38;2;7;7;7m██[38;2;122;134;146m██████[38;2;7;7;7m██  ██[38;2;122;134;146m████[38;2;7;7;7m██                ██[38;2;103;103;105m████[38;2;56;56;56m██████[38;2;103;103;105m████[38;2;7;7;7m██    ██[38;2;101;100;108m████[38;2;63;62;70m██[38;2;101;100;108m████████[38;2;7;7;7m██[38;2;101;100;108m████[38;2;63;62;70m██  [38;2;7;7;7m██[38;2;103;103;105m██[38;2;56;56;56m██[38;2;71;81;95m██████[38;2;7;7;7m████        ██[38;2;71;81;95m██[38;2;122;134;146m██████[38;2;71;81;95m██[38;2;122;134;146m██████[38;2;71;81;95m██████[38;2;7;7;7m██  
██[38;2;71;81;95m██[38;2;7;7;7m██[38;2;122;134;146m████████[38;2;7;7;7m██  ████                  ██[38;2;56;56;56m██[38;2;103;103;105m██████████[38;2;56;56;56m██[38;2;7;7;7m██      ██[38;2;101;100;108m████[38;2;63;62;70m██[38;2;101;100;108m██████[38;2;7;7;7m██[38;2;63;62;70m██[38;2;101;100;108m██[38;2;63;62;70m██  [38;2;7;7;7m██[38;2;103;103;105m████[38;2;56;56;56m████████[38;2;103;103;105m██[38;2;7;7;7m██      [38;2;71;81;95m██[38;2;122;134;146m██████████████████[38;2;71;81;95m██████[38;2;7;7;7m██
  [38;2;56;56;56m██[38;2;71;81;95m██[38;2;7;7;7m██[38;2;122;134;146m████████[38;2;7;7;7m██                      ██[38;2;56;56;56m██████████████[38;2;7;7;7m██      ██[38;2;101;100;108m██[38;2;7;7;7m██[38;2;63;62;70m██[38;2;101;100;108m████[38;2;7;7;7m██  [38;2;63;62;70m██[38;2;101;100;108m██[38;2;63;62;70m██  [38;2;7;7;7m██[38;2;56;56;56m██[38;2;103;103;105m██████████[38;2;56;56;56m██[38;2;7;7;7m██    [38;2;71;81;95m██[38;2;122;134;146m████████████████████[38;2;71;81;95m██████[38;2;7;7;7m██
  ██[38;2;71;81;95m████[38;2;7;7;7m██[38;2;122;134;146m██████[38;2;7;7;7m██                    ██████[38;2;56;56;56m██████████[38;2;7;7;7m████        ██  [38;2;63;62;70m██[38;2;101;100;108m██[38;2;63;62;70m██[38;2;7;7;7m██    [38;2;63;62;70m██    [38;2;7;7;7m██[38;2;56;56;56m██████████████[38;2;7;7;7m██    [38;2;71;81;95m██[38;2;122;134;146m██████████████████[38;2;7;7;7m██[38;2;71;81;95m██████[38;2;7;7;7m██
    ████  ██████                ██████[38;2;122;134;146m██████[38;2;7;7;7m██████████[38;2;71;81;95m██[38;2;7;7;7m██            [38;2;63;62;70m██[38;2;101;100;108m██[38;2;7;7;7m██              ██[38;2;56;56;56m██████████[38;2;7;7;7m██    [38;2;71;81;95m██[38;2;122;134;146m██████[38;2;7;7;7m██[38;2;71;81;95m██[38;2;122;134;146m██████████[38;2;7;7;7m██[38;2;71;81;95m██████[38;2;7;7;7m██
                              ██[38;2;122;134;146m██████████████████[38;2;71;81;95m██████[38;2;7;7;7m██            [38;2;63;62;70m██[38;2;7;7;7m██              ██[38;2;71;81;95m██[38;2;7;7;7m██████████[38;2;71;81;95m██[38;2;7;7;7m██  [38;2;71;81;95m██[38;2;122;134;146m████[38;2;7;7;7m██    [38;2;71;81;95m██[38;2;122;134;146m████████[38;2;71;81;95m██[38;2;7;7;7m██[38;2;71;81;95m████[38;2;7;7;7m██
                              ██[38;2;71;81;95m██[38;2;122;134;146m████[38;2;71;81;95m████[38;2;122;134;146m██████████[38;2;71;81;95m██[38;2;7;7;7m██                                ██[38;2;71;81;95m██[38;2;122;134;146m██████████████[38;2;7;7;7m██[38;2;71;81;95m██[38;2;122;134;146m████[38;2;7;7;7m██    [38;2;71;81;95m██[38;2;122;134;146m████████[38;2;71;81;95m██[38;2;7;7;7m██[38;2;71;81;95m██[38;2;7;7;7m██  
                              ██[38;2;71;81;95m████[38;2;7;7;7m██[38;2;122;134;146m██████████[38;2;71;81;95m██[38;2;7;7;7m████                                    ██[38;2;122;134;146m████████[38;2;71;81;95m██[38;2;122;134;146m████████[38;2;7;7;7m████    [38;2;71;81;95m██[38;2;122;134;146m██████████[38;2;71;81;95m██[38;2;7;7;7m████    
                                ██████[38;2;71;81;95m██[38;2;122;134;146m████████[38;2;7;7;7m██                                          ██[38;2;122;134;146m████████[38;2;7;7;7m██[38;2;122;134;146m██████[38;2;71;81;95m██[38;2;7;7;7m██    [38;2;71;81;95m██[38;2;122;134;146m████████[38;2;71;81;95m██[38;2;7;7;7m██        
                                    ██[38;2;71;81;95m████████[38;2;7;7;7m██                                            ██[38;2;71;81;95m██[38;2;122;134;146m██████[38;2;7;7;7m████[38;2;71;81;95m██████[38;2;7;7;7m██    [38;2;71;81;95m██[38;2;122;134;146m██████[38;2;71;81;95m██[38;2;7;7;7m██          
                                      ████████                                                ██[38;2;71;81;95m██████[38;2;7;7;7m██  ██████        ████████            
                                                                                                ██████                                      
[0m