                                                                      [38;2;16;16;16m██                                                                                                    
                                                                    [38;2;98;98;98m██[38;2;230;230;230m██[38;2;16;16;16m██                                            [38;2;46;92;120m████                                                  
                                                                    [38;2;98;98;98m██[38;2;230;230;230m██[38;2;16;16;16m██      [38;2;98;98;98m██                                  [38;2;46;92;120m██[38;2;171;222;224m████[38;2;46;92;120m████    ████                                      
                                                                  [38;2;98;98;98m██[38;2;230;230;230m██████[38;2;16;16;16m██  [38;2;98;98;98m██[38;2;230;230;230m██[38;2;16;16;16m██                                [38;2;46;92;120m██[38;2;171;222;224m████████[38;2;46;92;120m████[38;2;171;222;224m██[38;2;16;16;16m██                      [38;2;171;222;224m██              
                                                                  [38;2;98;98;98m██[38;2;230;230;230m██████[38;2;16;16;16m██  [38;2;98;98;98m██[38;2;230;230;230m██[38;2;16;16;16m██    [38;2;98;98;98m██                          [38;2;16;16;16m██[38;2;171;222;224m██████████████[38;2;16;16;16m██                    [38;2;171;222;224m██[38;2;227;242;239m██[38;2;122;168;175m██        [38;2;171;222;224m██  
                                                                [38;2;98;98;98m██[38;2;164;164;164m██[38;2;230;230;230m████████[38;2;98;98;98m██[38;2;230;230;230m████[38;2;98;98;98m██  ██[38;2;164;164;164m██[38;2;16;16;16m██                          [38;2;46;92;120m██[38;2;171;222;224m████[38;2;122;168;175m██[38;2;171;222;224m████[38;2;16;16;16m██                      [38;2;171;222;224m██[38;2;227;242;239m██[38;2;122;168;175m██      [38;2;171;222;224m██[38;2;227;242;239m██[38;2;122;168;175m██
                                                                [38;2;98;98;98m██[38;2;230;230;230m██████████[38;2;164;164;164m██[38;2;230;230;230m████[38;2;164;164;164m██[38;2;98;98;98m██[38;2;164;164;164m████[38;2;16;16;16m██      [38;2;46;92;120m████                [38;2;16;16;16m██[38;2;171;222;224m██████[38;2;16;16;16m████                          [38;2;122;168;175m██          ██  
                                                                [38;2;98;98;98m██[38;2;230;230;230m██████████████[38;2;46;92;120m██████[38;2;164;164;164m████[38;2;16;16;16m██    [38;2;46;92;120m██[38;2;171;222;224m████[38;2;46;92;120m██      ████      [38;2;16;16;16m██[38;2;171;222;224m██████[38;2;16;16;16m██  [38;2;46;92;120m██████          [38;2;122;168;175m████                    
                                                              [38;2;98;98;98m██[38;2;230;230;230m██████████████[38;2;46;92;120m██[38;2;171;222;224m██████[38;2;46;92;120m████[38;2;164;164;164m██[38;2;16;16;16m██  [38;2;46;92;120m██[38;2;171;222;224m██[38;2;16;16;16m██      [38;2;46;92;120m██[38;2;171;222;224m████[38;2;122;168;175m██[38;2;16;16;16m██  ██[38;2;171;222;224m██████[38;2;122;168;175m██[38;2;46;92;120m██[38;2;171;222;224m██████[38;2;46;92;120m████    [38;2;122;168;175m██[38;2;227;242;239m████[38;2;122;168;175m██  [38;2;171;222;224m████            
                                                              [38;2;98;98;98m██[38;2;230;230;230m████████████[38;2;46;92;120m██[38;2;171;222;224m████████████[38;2;46;92;120m██[38;2;16;16;16m██  [38;2;46;92;120m██[38;2;171;222;224m██[38;2;16;16;16m██      [38;2;46;92;120m██[38;2;171;222;224m████[38;2;16;16;16m██      ██[38;2;171;222;224m██[38;2;122;168;175m██[38;2;46;92;120m██[38;2;171;222;224m████████████[38;2;46;92;120m██  [38;2;122;168;175m██[38;2;227;242;239m████[38;2;122;168;175m██  [38;2;171;222;224m██[38;2;227;242;239m██[38;2;122;168;175m██    [38;2;171;222;224m██    
                                                              [38;2;98;98;98m██[38;2;230;230;230m████████████[38;2;46;92;120m██[38;2;171;222;224m██████[38;2;122;168;175m████[38;2;171;222;224m████[38;2;46;92;120m████[38;2;171;222;224m██████[38;2;16;16;16m██      [38;2;46;92;120m██[38;2;171;222;224m██[38;2;16;16;16m██      ██[38;2;122;168;175m████[38;2;46;92;120m██[38;2;171;222;224m██[38;2;46;92;120m████[38;2;171;222;224m██████[38;2;227;242;239m██[38;2;46;92;120m██[38;2;122;168;175m██[38;2;227;242;239m██████[38;2;171;222;224m██[38;2;227;242;239m████[38;2;16;16;16m██  [38;2;171;222;224m██[38;2;227;242;239m██[38;2;122;168;175m██  
                                                            [38;2;16;16;16m██[38;2;230;230;230m████████████[38;2;164;164;164m██[38;2;46;92;120m██[38;2;171;222;224m████[38;2;122;168;175m██[38;2;171;222;224m████[38;2;46;92;120m██[38;2;171;222;224m████████████[38;2;16;16;16m██      [38;2;46;92;120m██[38;2;171;222;224m████[38;2;16;16;16m████[38;2;46;92;120m██[38;2;122;168;175m██████[38;2;46;92;120m██[38;2;171;222;224m██[38;2;46;92;120m██[38;2;171;222;224m██[38;2;46;92;120m██[38;2;171;222;224m██[38;2;227;242;239m██[38;2;171;222;224m██[38;2;227;242;239m██[38;2;122;168;175m██[38;2;227;242;239m██[38;2;46;92;120m██[38;2;227;242;239m██[38;2;171;222;224m██[38;2;227;242;239m██[38;2;122;168;175m██    [38;2;171;222;224m██[38;2;227;242;239m██[38;2;122;168;175m██  
                                                            [38;2;16;16;16m██[38;2;230;230;230m████████████[38;2;164;164;164m████[38;2;46;92;120m██[38;2;171;222;224m████████[38;2;46;92;120m██[38;2;171;222;224m██████████[38;2;46;92;120m██████████[38;2;122;168;175m██[38;2;171;222;224m██████[38;2;122;168;175m████[38;2;171;222;224m██[38;2;122;168;175m████[38;2;46;92;120m██[38;2;171;222;224m██████[38;2;46;92;120m██[38;2;122;168;175m██[38;2;171;222;224m██[38;2;227;242;239m██[38;2;171;222;224m██[38;2;227;242;239m████[38;2;16;16;16m██[38;2;227;242;239m██████[38;2;16;16;16m██      [38;2;122;168;175m██    
                                                            [38;2;16;16;16m██[38;2;230;230;230m██████████[38;2;164;164;164m████████[38;2;46;92;120m██[38;2;171;222;224m████[38;2;122;168;175m██[38;2;171;222;224m████████[38;2;46;92;120m████[38;2;171;222;224m██████████████████████[38;2;122;168;175m██[38;2;171;222;224m██[38;2;122;168;175m████[38;2;46;92;120m██[38;2;171;222;224m██[38;2;122;168;175m██[38;2;46;92;120m██[38;2;122;168;175m██[38;2;227;242;239m██[38;2;171;222;224m██[38;2;227;242;239m████[38;2;46;92;120m██  [38;2;16;16;16m██[38;2;227;242;239m██[38;2;16;16;16m██              
                                                      [38;2;32;49;57m██████████[38;2;98;98;98m████[38;2;230;230;230m████[38;2;164;164;164m██████████[38;2;46;92;120m████[38;2;171;222;224m████████[38;2;46;92;120m██[38;2;171;222;224m████████████████████████████[38;2;122;168;175m████████[38;2;46;92;120m████[38;2;122;168;175m██████[38;2;171;222;224m██[38;2;227;242;239m████[38;2;16;16;16m██  ██[38;2;227;242;239m██[38;2;16;16;16m██              
                                              [38;2;32;49;57m████████[38;2;65;82;82m██████████████████[38;2;122;168;175m████[38;2;171;222;224m████████████[38;2;122;168;175m██████[38;2;46;92;120m██[38;2;171;222;224m██████████████████████████[38;2;122;168;175m██████████████████[38;2;46;92;120m██[38;2;16;16;16m██████      ██                
                                        [38;2;32;49;57m██████[38;2;65;82;82m████████████████████[38;2;122;168;175m████[38;2;171;222;224m██████████[38;2;122;168;175m██████[38;2;55;140;89m██████[38;2;46;92;120m██[38;2;171;222;224m██████[38;2;122;168;175m████[38;2;171;222;224m████████████████[38;2;122;168;175m████████████████[38;2;46;92;120m██[38;2;16;16;16m██                                
                                    [38;2;32;49;57m████[38;2;65;82;82m████████████████████[38;2;122;168;175m████[38;2;171;222;224m██████████[38;2;122;168;175m████[38;2;55;140;89m██████████████[38;2;16;16;16m██[38;2;171;222;224m████[38;2;122;168;175m██[38;2;171;222;224m████[38;2;122;168;175m██[38;2;171;222;224m██████████████[38;2;122;168;175m██████████████[38;2;46;92;120m██                                    
                        ████    [38;2;32;49;57m████[38;2;65;82;82m██████████████████[38;2;122;168;175m████[38;2;171;222;224m██████████[38;2;122;168;175m████[38;2;55;140;89m██████████[38;2;171;222;224m██[38;2;55;140;89m████████[38;2;16;16;16m██[38;2;171;222;224m████[38;2;122;168;175m██[38;2;171;222;224m██████[38;2;46;92;120m██[38;2;171;222;224m██████████[38;2;122;168;175m████████[38;2;46;92;120m██[38;2;122;168;175m██████[38;2;46;92;120m██  ████                              
                      ██[38;2;122;168;175m██[38;2;46;92;120m██[38;2;32;49;57m████[38;2;65;82;82m████████████████[38;2;122;168;175m████[38;2;171;222;224m████████[38;2;122;168;175m████[38;2;55;140;89m████████████████[38;2;171;222;224m██████[38;2;55;140;89m██[38;2;171;222;224m████[38;2;55;140;89m██[38;2;46;92;120m██[38;2;171;222;224m████[38;2;122;168;175m██[38;2;171;222;224m████[38;2;46;92;120m██[38;2;171;222;224m████████[38;2;122;168;175m██████████[38;2;16;16;16m██[38;2;122;168;175m████████[38;2;46;92;120m██[38;2;122;168;175m████[38;2;16;16;16m██                            
          [38;2;46;92;120m██        ██[38;2;122;168;175m██[38;2;32;49;57m████[38;2;65;82;82m████████████████[38;2;122;168;175m██[38;2;171;222;224m██████████[38;2;122;168;175m████[38;2;55;140;89m██████████████████████[38;2;171;222;224m██[38;2;55;140;89m████[38;2;171;222;224m████[38;2;55;140;89m██[38;2;16;16;16m██[38;2;171;222;224m██████████[38;2;46;92;120m██[38;2;171;222;224m████[38;2;122;168;175m██████████████[38;2;16;16;16m██[38;2;122;168;175m████████████[38;2;16;16;16m████                            
        [38;2;46;92;120m██[38;2;122;168;175m██[38;2;46;92;120m██    ██[38;2;122;168;175m██[38;2;32;49;57m██[38;2;65;82;82m████████████████[38;2;122;168;175m██[38;2;171;222;224m██[38;2;46;92;120m████[38;2;171;222;224m████[38;2;122;168;175m████[38;2;55;140;89m████████████████████████████████████████[38;2;16;16;16m██[38;2;171;222;224m██████[38;2;46;92;120m██[38;2;122;168;175m██████████████████[38;2;46;92;120m██[38;2;122;168;175m████████████[38;2;16;16;16m██                                
        [38;2;46;92;120m██[38;2;122;168;175m██[38;2;46;92;120m██    ██[38;2;65;82;82m████[38;2;46;92;120m████[38;2;65;82;82m████████[38;2;122;168;175m██[38;2;171;222;224m██[38;2;46;92;120m████[38;2;171;222;224m██[38;2;16;16;16m██[38;2;171;222;224m████[38;2;122;168;175m██[38;2;55;140;89m████████████████████████████████████████████[38;2;16;16;16m████[38;2;46;92;120m██[38;2;122;168;175m████████████████████[38;2;16;16;16m████[38;2;122;168;175m██████████[38;2;16;16;16m██                                
      [38;2;46;92;120m██[38;2;122;168;175m████[38;2;46;92;120m████[38;2;32;49;57m██[38;2;65;82;82m████[38;2;46;92;120m██[38;2;171;222;224m██[38;2;16;16;16m██[38;2;65;82;82m████[38;2;122;168;175m██[38;2;171;222;224m██[38;2;46;92;120m████[38;2;171;222;224m████[38;2;16;16;16m██[38;2;171;222;224m████████[38;2;122;168;175m██[38;2;55;140;89m██████████████████[38;2;171;222;224m██[38;2;55;140;89m████████████████[38;2;46;92;120m██[38;2;16;16;16m████[38;2;171;222;224m██[38;2;122;168;175m████████[38;2;46;92;120m████[38;2;122;168;175m██████████[38;2;16;16;16m██    ████[38;2;122;168;175m██████[38;2;16;16;16m██                                
      [38;2;46;92;120m██[38;2;122;168;175m██████[38;2;32;49;57m██[38;2;65;82;82m████[38;2;46;92;120m██[38;2;171;222;224m████[38;2;16;16;16m██[38;2;65;82;82m██[38;2;122;168;175m██[38;2;171;222;224m██[38;2;46;92;120m██[38;2;171;222;224m██████[38;2;16;16;16m██[38;2;34;96;61m██[38;2;122;168;175m██[38;2;171;222;224m████████[38;2;122;168;175m██[38;2;55;140;89m████████████████████████████████[38;2;46;92;120m██[38;2;171;222;224m████████[38;2;122;168;175m██[38;2;171;222;224m██[38;2;122;168;175m██[38;2;46;92;120m██[38;2;122;168;175m████[38;2;46;92;120m██[38;2;122;168;175m██████[38;2;16;16;16m██          ██[38;2;122;168;175m████[38;2;16;16;16m██                                
      [38;2;122;168;175m██████[38;2;32;49;57m██[38;2;65;82;82m████[38;2;46;92;120m██[38;2;171;222;224m██████[38;2;16;16;16m██[38;2;46;92;120m██[38;2;16;16;16m██[38;2;171;222;224m██[38;2;46;92;120m██[38;2;171;222;224m████[38;2;16;16;16m██[38;2;55;140;89m██[38;2;21;64;34m██[38;2;55;140;89m██[38;2;122;168;175m██[38;2;171;222;224m██████[38;2;122;168;175m██[38;2;55;140;89m██████[38;2;171;222;224m████[38;2;55;140;89m████████████████████[38;2;46;92;120m██[38;2;171;222;224m████████[38;2;122;168;175m██[38;2;171;222;224m██[38;2;122;168;175m████[38;2;46;92;120m██[38;2;122;168;175m████[38;2;46;92;120m██[38;2;122;168;175m████[38;2;16;16;16m██              ████                                  
    [38;2;46;92;120m██[38;2;122;168;175m██[38;2;32;49;57m████[38;2;65;82;82m██████[38;2;46;92;120m██[38;2;171;222;224m████[38;2;46;92;120m████[38;2;171;222;224m██[38;2;16;16;16m██[38;2;122;168;175m██[38;2;55;140;89m██[38;2;46;92;120m██[38;2;171;222;224m████[38;2;16;16;16m██[38;2;55;140;89m██[38;2;34;96;61m██[38;2;55;140;89m██[38;2;122;168;175m██[38;2;171;222;224m██████[38;2;122;168;175m██[38;2;55;140;89m████[38;2;171;222;224m████[38;2;55;140;89m██████████████[38;2;171;222;224m██[38;2;55;140;89m████[38;2;46;92;120m██[38;2;171;222;224m████[38;2;46;92;120m████[38;2;122;168;175m██████[38;2;46;92;120m██[38;2;122;168;175m████[38;2;46;92;120m██[38;2;122;168;175m████[38;2;16;16;16m██                                                      
    [38;2;46;92;120m██[38;2;32;49;57m██[38;2;65;82;82m████████[38;2;46;92;120m██[38;2;171;222;224m██████████[38;2;16;16;16m██[38;2;34;96;61m██[38;2;55;140;89m████[38;2;46;92;120m██[38;2;171;222;224m██[38;2;122;168;175m██[38;2;16;16;16m██[38;2;55;140;89m██[38;2;21;64;34m██[38;2;55;140;89m████[38;2;171;222;224m██████[38;2;122;168;175m██[38;2;55;140;89m████████████[38;2;171;222;224m████[38;2;55;140;89m██████████[38;2;46;92;120m██[38;2;171;222;224m████[38;2;122;168;175m██[38;2;171;222;224m██[38;2;122;168;175m██[38;2;46;92;120m██[38;2;122;168;175m████[38;2;16;16;16m████[38;2;122;168;175m████[38;2;16;16;16m████[38;2;164;164;164m██[38;2;16;16;16m██                                                    
    [38;2;46;92;120m██[38;2;32;49;57m██[38;2;65;82;82m████████[38;2;46;92;120m██[38;2;171;222;224m██████████[38;2;16;16;16m██[38;2;55;140;89m████[38;2;46;92;120m██[38;2;171;222;224m████[38;2;46;92;120m██[38;2;55;140;89m██████[38;2;34;96;61m██[38;2;55;140;89m██[38;2;122;168;175m██[38;2;171;222;224m██████[38;2;122;168;175m██[38;2;55;140;89m████████[38;2;171;222;224m████████[38;2;55;140;89m████████[38;2;46;92;120m██[38;2;171;222;224m████████[38;2;122;168;175m██[38;2;16;16;16m██[38;2;122;168;175m██[38;2;16;16;16m██[38;2;34;96;61m████[38;2;16;16;16m████[38;2;164;164;164m████████[38;2;98;98;98m██[38;2;16;16;16m██                                                
    [38;2;32;49;57m██[38;2;65;82;82m████████[38;2;46;92;120m██[38;2;171;222;224m████[38;2;34;96;61m████[38;2;171;222;224m██[38;2;16;16;16m██[38;2;122;168;175m████[38;2;46;92;120m██[38;2;171;222;224m████[38;2;122;168;175m██[38;2;16;16;16m██[38;2;55;140;89m██████[38;2;21;64;34m██[38;2;55;140;89m████[38;2;171;222;224m██████[38;2;122;168;175m██[38;2;55;140;89m████████[38;2;171;222;224m████████[38;2;55;140;89m████████[38;2;46;92;120m██[38;2;122;168;175m██[38;2;171;222;224m████[38;2;122;168;175m████[38;2;16;16;16m████[38;2;34;96;61m████[38;2;16;16;16m██[38;2;164;164;164m████████████████[38;2;16;16;16m██                                              
  [38;2;32;49;57m██[38;2;65;82;82m██████████[38;2;46;92;120m██[38;2;171;222;224m██[38;2;34;96;61m██[38;2;55;140;89m████[38;2;34;96;61m██[38;2;16;16;16m██[38;2;122;168;175m██[38;2;46;92;120m██[38;2;171;222;224m██████[38;2;46;92;120m██[38;2;55;140;89m████████[38;2;21;64;34m██[38;2;55;140;89m████[38;2;122;168;175m██[38;2;171;222;224m██████[38;2;122;168;175m██[38;2;55;140;89m████████[38;2;171;222;224m████[38;2;55;140;89m████████[38;2;34;96;61m██[38;2;46;92;120m██[38;2;122;168;175m██████████[38;2;16;16;16m██[38;2;34;96;61m████[38;2;16;16;16m██[38;2;164;164;164m██████████████[38;2;16;16;16m██████                                              
[38;2;32;49;57m██[38;2;65;82;82m██████████[38;2;122;168;175m██[38;2;46;92;120m██[38;2;122;168;175m██[38;2;55;140;89m████████[38;2;21;64;34m██[38;2;46;92;120m██[38;2;171;222;224m██████[38;2;122;168;175m██[38;2;16;16;16m██[38;2;55;140;89m████████[38;2;21;64;34m██[38;2;55;140;89m██████[38;2;171;222;224m██████[38;2;122;168;175m██[38;2;55;140;89m████████████████[38;2;34;96;61m████████[38;2;46;92;120m██[38;2;122;168;175m██████[38;2;16;16;16m██[38;2;34;96;61m████[38;2;16;16;16m██[38;2;164;164;164m████████████[38;2;98;98;98m██[38;2;16;16;16m██                                                    
[38;2;32;49;57m██[38;2;65;82;82m████████[38;2;122;168;175m██[38;2;171;222;224m██[38;2;122;168;175m██[38;2;34;96;61m██[38;2;171;222;224m██[38;2;16;16;16m██[38;2;171;222;224m██[38;2;230;230;230m██[38;2;46;92;120m██[38;2;171;222;224m████████[38;2;46;92;120m██[38;2;55;140;89m██████████[38;2;21;64;34m██[38;2;55;140;89m██████[38;2;171;222;224m██████[38;2;122;168;175m██[38;2;55;140;89m██████████[38;2;34;96;61m████████████████[38;2;16;16;16m██████[38;2;34;96;61m████[38;2;16;16;16m██[38;2;164;164;164m██████████[38;2;98;98;98m██[38;2;16;16;16m██                                                        
[38;2;32;49;57m██[38;2;65;82;82m██████[38;2;122;168;175m██[38;2;171;222;224m██[38;2;122;168;175m██[38;2;55;140;89m████[38;2;34;96;61m██[38;2;171;222;224m██[38;2;122;168;175m██[38;2;16;16;16m██[38;2;171;222;224m████████[38;2;122;168;175m██[38;2;16;16;16m██[38;2;55;140;89m██████████[38;2;21;64;34m██[38;2;55;140;89m██████[38;2;171;222;224m████[38;2;122;168;175m██[38;2;55;140;89m██████[38;2;34;96;61m██████████████[38;2;122;168;175m████[38;2;34;96;61m██████████[38;2;21;64;34m██[38;2;16;16;16m██[38;2;164;164;164m██████████[38;2;16;16;16m██                                                            
[38;2;46;92;120m██[38;2;122;168;175m██[38;2;171;222;224m██████[38;2;122;168;175m██[38;2;55;140;89m████████[38;2;21;64;34m██[38;2;16;16;16m██[38;2;171;222;224m████[38;2;122;168;175m████[38;2;171;222;224m██[38;2;46;92;120m██[38;2;55;140;89m████████████[38;2;21;64;34m██[38;2;55;140;89m████[38;2;122;168;175m██[38;2;171;222;224m████[38;2;122;168;175m██[38;2;34;96;61m████████████████████[38;2;122;168;175m████[38;2;34;96;61m██████[38;2;21;64;34m██[38;2;16;16;16m██[38;2;164;164;164m████████████[38;2;16;16;16m██                                                              
[38;2;46;92;120m██[38;2;122;168;175m██[38;2;171;222;224m████████[38;2;122;168;175m██████[38;2;55;140;89m████[38;2;16;16;16m██[38;2;171;222;224m██[38;2;122;168;175m██[38;2;171;222;224m██[38;2;122;168;175m██[38;2;171;222;224m██[38;2;16;16;16m██[38;2;34;96;61m██[38;2;55;140;89m████████[38;2;34;96;61m██[38;2;55;140;89m██████[38;2;122;168;175m██[38;2;32;49;57m██████████[38;2;34;96;61m██████[38;2;122;168;175m██[38;2;34;96;61m██████████████[38;2;16;16;16m████[38;2;164;164;164m██████████████[38;2;16;16;16m██                                                                
  [38;2;46;92;120m██[38;2;171;222;224m████████[38;2;122;168;175m██[38;2;171;222;224m██████[38;2;122;168;175m████[38;2;16;16;16m██[38;2;171;222;224m████[38;2;122;168;175m██[38;2;46;92;120m██[38;2;55;140;89m██[38;2;21;64;34m██[38;2;55;140;89m████████[38;2;21;64;34m██[38;2;55;140;89m████[38;2;34;96;61m██[38;2;171;222;224m██[38;2;16;16;16m██[38;2;164;164;164m████████[38;2;32;49;57m████[38;2;34;96;61m████████████[38;2;21;64;34m██[38;2;16;16;16m████[38;2;164;164;164m████████████████[38;2;16;16;16m██                                                                  
  [38;2;46;92;120m██[38;2;122;168;175m██[38;2;171;222;224m██████[38;2;122;168;175m██[38;2;16;16;16m████[38;2;171;222;224m████████[38;2;16;16;16m██[38;2;122;168;175m██[38;2;171;222;224m██[38;2;16;16;16m██[38;2;55;140;89m████[38;2;34;96;61m██[38;2;55;140;89m████[38;2;21;64;34m██[38;2;55;140;89m██[38;2;34;96;61m████[38;2;122;168;175m██[38;2;171;222;224m██[38;2;122;168;175m██[38;2;16;16;16m██[38;2;164;164;164m██████████[38;2;32;49;57m████[38;2;34;96;61m██[38;2;21;64;34m██[38;2;16;16;16m████[38;2;164;164;164m████████████████████[38;2;98;98;98m██                                                                    
  [38;2;230;230;230m██[38;2;16;16;16m██[38;2;171;222;224m████[38;2;16;16;16m████[38;2;230;230;230m██[38;2;164;164;164m██[38;2;16;16;16m██[38;2;46;92;120m██[38;2;171;222;224m████████[38;2;46;92;120m██[38;2;55;140;89m██████[38;2;21;64;34m██[38;2;55;140;89m██[38;2;21;64;34m██[38;2;55;140;89m██[38;2;34;96;61m██████[38;2;122;168;175m██████[38;2;34;96;61m██[38;2;16;16;16m██[38;2;164;164;164m████████[38;2;230;230;230m████[38;2;98;98;98m██      ████[38;2;164;164;164m████████████████[38;2;16;16;16m██                                                                    
  ██  ████[38;2;99;62;41m████[38;2;230;230;230m██[38;2;16;16;16m██[38;2;99;62;41m████[38;2;16;16;16m██[38;2;46;92;120m██[38;2;171;222;224m████[38;2;16;16;16m██[38;2;55;140;89m████████[38;2;21;64;34m██[38;2;55;140;89m██[38;2;34;96;61m██████[38;2;122;168;175m████████[38;2;34;96;61m████[38;2;16;16;16m██[38;2;164;164;164m████[38;2;230;230;230m████████[38;2;98;98;98m████      ████[38;2;164;164;164m██████████[38;2;16;16;16m██                                                                      
          [38;2;99;62;41m████[38;2;16;16;16m██[38;2;99;62;41m██████████[38;2;16;16;16m██████[38;2;55;140;89m██████████[38;2;34;96;61m██████[38;2;122;168;175m██████[38;2;34;96;61m██████[38;2;16;16;16m██████[38;2;164;164;164m██[38;2;230;230;230m████████████[38;2;98;98;98m████      ██[38;2;164;164;164m████████[38;2;16;16;16m██                                                                      
            [38;2;99;62;41m██  ██████████████[38;2;16;16;16m██[38;2;55;140;89m████████[38;2;34;96;61m██████[38;2;122;168;175m████[38;2;34;96;61m██████[38;2;16;16;16m████    ██[38;2;230;230;230m██████████████████[38;2;98;98;98m██      ██[38;2;164;164;164m████[38;2;16;16;16m██                                                                        
                [38;2;99;62;41m██[38;2;16;16;16m██[38;2;98;98;98m██[38;2;99;62;41m████████[38;2;16;16;16m██[38;2;55;140;89m██████[38;2;34;96;61m████████████[38;2;21;64;34m██[38;2;16;16;16m████          ██[38;2;230;230;230m██████████████████[38;2;98;98;98m██      ██[38;2;164;164;164m██[38;2;16;16;16m██                                                                        
        ██[38;2;98;98;98m██  [38;2;99;62;41m████[38;2;16;16;16m██[38;2;230;230;230m██[38;2;98;98;98m██[38;2;99;62;41m██████[38;2;21;64;34m██[38;2;55;140;89m██████[38;2;34;96;61m████████[38;2;16;16;16m████[38;2;164;164;164m████[38;2;98;98;98m██          [38;2;16;16;16m██[38;2;230;230;230m████████████████████[38;2;98;98;98m██      ██[38;2;16;16;16m██                                                                        
        ██[38;2;230;230;230m██[38;2;98;98;98m██[38;2;99;62;41m████[38;2;16;16;16m██[38;2;230;230;230m██[38;2;164;164;164m██[38;2;16;16;16m██████[38;2;122;168;175m██[38;2;55;140;89m████[38;2;34;96;61m██████[38;2;16;16;16m████[38;2;164;164;164m██████[38;2;98;98;98m██              [38;2;16;16;16m██[38;2;230;230;230m████████████████████[38;2;98;98;98m██                                                                                
        [38;2;16;16;16m██[38;2;122;168;175m██[38;2;16;16;16m██[38;2;99;62;41m████[38;2;16;16;16m████[38;2;122;168;175m██[38;2;171;222;224m██████[38;2;122;168;175m██[38;2;55;140;89m████[38;2;34;96;61m██[38;2;16;16;16m████[38;2;98;98;98m██[38;2;164;164;164m████████[38;2;98;98;98m██              [38;2;16;16;16m██[38;2;230;230;230m██████████████████████[38;2;98;98;98m██                                                                              
          [38;2;16;16;16m██[38;2;122;168;175m██[38;2;16;16;16m████[38;2;171;222;224m████[38;2;122;168;175m██[38;2;171;222;224m██[38;2;122;168;175m██[38;2;55;140;89m██████[38;2;34;96;61m██[38;2;16;16;16m██    ██[38;2;164;164;164m████████[38;2;98;98;98m██              [38;2;16;16;16m██[38;2;230;230;230m██████████████[38;2;16;16;16m██████████                                                                              
          ██[38;2;122;168;175m██[38;2;171;222;224m████████[38;2;122;168;175m██[38;2;55;140;89m████████[38;2;34;96;61m██[38;2;16;16;16m██        [38;2;98;98;98m██[38;2;164;164;164m████[38;2;98;98;98m██                  [38;2;16;16;16m██[38;2;230;230;230m██████[38;2;98;98;98m██[38;2;16;16;16m████                                                                                        
            ██[38;2;171;222;224m██████[38;2;122;168;175m██[38;2;55;140;89m████████[38;2;16;16;16m████          ██[38;2;164;164;164m████[38;2;98;98;98m██                  [38;2;16;16;16m██[38;2;230;230;230m██[38;2;98;98;98m██[38;2;16;16;16m██                                                                                              
            ██[38;2;122;168;175m██[38;2;171;222;224m██[38;2;122;168;175m██[38;2;55;140;89m██████[38;2;16;16;16m████                ██[38;2;164;164;164m██[38;2;98;98;98m██                  [38;2;16;16;16m████                                                                                                  
              ████████████                      ██[38;2;98;98;98m██                                                                                                                        
[0m