                                                    [38;2;91;79;91m██                                              
                                                  ██[38;2;192;159;186m██[38;2;91;79;91m██                                            
                                        ██        ██[38;2;192;159;186m██[38;2;91;79;91m██            [38;2;112;89;63m██[38;2;66;43;32m██                            
                                      [38;2;91;79;91m██[38;2;192;159;186m██[38;2;91;79;91m██      [38;2;15;15;15m██[38;2;192;159;186m██[38;2;134;108;134m██          [38;2;112;89;63m██[38;2;203;178;107m██[38;2;66;43;32m██                            
                                      [38;2;134;108;134m██[38;2;192;159;186m██[38;2;91;79;91m██      [38;2;15;15;15m██[38;2;192;159;186m████[38;2;91;79;91m████    [38;2;112;89;63m██[38;2;203;178;107m████[38;2;66;43;32m██                            
                              [38;2;112;89;63m██    [38;2;91;79;91m██[38;2;192;159;186m████[38;2;91;79;91m██      [38;2;15;15;15m██[38;2;134;108;134m██[38;2;192;159;186m██████[38;2;66;43;32m████[38;2;203;178;107m████[38;2;156;125;85m██[38;2;66;43;32m██                            
                            [38;2;112;89;63m██[38;2;156;125;85m██[38;2;66;43;32m██  [38;2;91;79;91m██[38;2;192;159;186m██[38;2;134;108;134m██          [38;2;15;15;15m████[38;2;134;108;134m██[38;2;192;159;186m████[38;2;134;108;134m██[38;2;203;178;107m████[38;2;156;125;85m██[38;2;66;43;32m██                            
                            [38;2;112;89;63m██[38;2;156;125;85m██[38;2;66;43;32m██[38;2;91;79;91m██[38;2;192;159;186m████[38;2;91;79;91m██          [38;2;66;43;32m██  [38;2;15;15;15m████[38;2;66;43;32m██[38;2;203;178;107m████████[38;2;112;89;63m██                            
                          ██[38;2;156;125;85m████[38;2;134;108;134m██[38;2;192;159;186m████[38;2;91;79;91m██  ██      [38;2;66;43;32m██[38;2;91;79;91m██[38;2;66;43;32m██  ██[38;2;91;79;91m██[38;2;15;15;15m██[38;2;66;43;32m██[38;2;156;125;85m██[38;2;203;178;107m████[38;2;15;15;15m██                          
                          [38;2;91;79;91m████[38;2;156;125;85m████[38;2;134;108;134m██[38;2;66;43;32m██    [38;2;91;79;91m████    [38;2;66;43;32m██[38;2;91;79;91m██[38;2;66;43;32m██  ██[38;2;91;79;91m██[38;2;66;43;32m██  [38;2;15;15;15m██[38;2;66;43;32m██[38;2;203;178;107m████[38;2;15;15;15m██[38;2;66;43;32m██                      
                      [38;2;91;79;91m████[38;2;192;159;186m██[38;2;15;15;15m██[38;2;156;125;85m████[38;2;66;43;32m██    [38;2;91;79;91m██[38;2;66;43;32m██[38;2;91;79;91m██  [38;2;66;43;32m██[38;2;91;79;91m████[38;2;66;43;32m██    ██[38;2;91;79;91m██[38;2;66;43;32m██    ██[38;2;203;178;107m████[38;2;15;15;15m██[38;2;66;43;32m██                    
    ██[38;2;112;89;63m██          [38;2;66;43;32m████[38;2;192;159;186m████[38;2;15;15;15m██[38;2;156;125;85m████[38;2;66;43;32m██      ██[38;2;173;105;66m██[38;2;15;15;15m██  [38;2;66;43;32m██[38;2;91;79;91m████[38;2;66;43;32m██    ██[38;2;91;79;91m████[38;2;66;43;32m██  [38;2;15;15;15m██[38;2;203;178;107m████[38;2;15;15;15m██[38;2;156;125;85m██[38;2;66;43;32m██                  
    ██[38;2;203;178;107m██[38;2;112;89;63m██      [38;2;66;43;32m██[38;2;203;178;107m██[38;2;134;108;134m██[38;2;192;159;186m██[38;2;15;15;15m██[38;2;156;125;85m████[38;2;66;43;32m██      ██[38;2;173;105;66m████[38;2;15;15;15m██  [38;2;66;43;32m██[38;2;91;79;91m████[38;2;66;43;32m██    ██[38;2;91;79;91m██████[38;2;66;43;32m██[38;2;15;15;15m██[38;2;156;125;85m██[38;2;203;178;107m██[38;2;15;15;15m██[38;2;156;125;85m████[38;2;66;43;32m██                
    ██[38;2;203;178;107m████[38;2;112;89;63m██[38;2;66;43;32m████[38;2;203;178;107m██████[38;2;15;15;15m██[38;2;156;125;85m████[38;2;66;43;32m██        ██[38;2;173;105;66m██[38;2;132;73;55m██[38;2;15;15;15m██  [38;2;66;43;32m██[38;2;91;79;91m████[38;2;66;43;32m██      ██[38;2;91;79;91m████[38;2;15;15;15m██[38;2;203;178;107m████████[38;2;15;15;15m██[38;2;156;125;85m██[38;2;66;43;32m██                
      ██[38;2;203;178;107m████[38;2;112;89;63m██[38;2;203;178;107m██████[38;2;15;15;15m██[38;2;156;125;85m██████[38;2;66;43;32m██  ██████[38;2;173;105;66m████[38;2;103;44;48m██[38;2;15;15;15m████  [38;2;66;43;32m██[38;2;91;79;91m██[38;2;66;43;32m██        ██[38;2;15;15;15m██[38;2;203;178;107m████[38;2;156;125;85m██[38;2;203;178;107m████[38;2;15;15;15m██[38;2;156;125;85m████[38;2;66;43;32m████[38;2;15;15;15m██          
      [38;2;66;43;32m██[38;2;203;178;107m██████████[38;2;15;15;15m██[38;2;156;125;85m██████[38;2;66;43;32m██    [38;2;15;15;15m██[38;2;173;105;66m██████████████[38;2;15;15;15m██[38;2;66;43;32m██[38;2;112;89;63m████[38;2;66;43;32m██        [38;2;15;15;15m██████[38;2;66;43;32m██[38;2;156;125;85m██[38;2;203;178;107m████[38;2;66;43;32m████[38;2;203;178;107m████[38;2;15;15;15m██          
        [38;2;112;89;63m██[38;2;203;178;107m██████[38;2;15;15;15m██[38;2;66;43;32m██[38;2;156;125;85m██[38;2;15;15;15m██[38;2;156;125;85m██[38;2;66;43;32m██[38;2;15;15;15m██    ██[38;2;103;44;48m██[38;2;173;105;66m██[38;2;132;73;55m████[38;2;15;15;15m████  [38;2;66;43;32m██[38;2;112;89;63m████[38;2;66;43;32m██          ██[38;2;112;89;63m████[38;2;66;43;32m██[38;2;203;178;107m██████████[38;2;15;15;15m██            
        ██[38;2;203;178;107m████[38;2;15;15;15m██[38;2;66;43;32m██[38;2;156;125;85m██[38;2;15;15;15m██[38;2;173;105;66m██[38;2;15;15;15m████[38;2;173;105;66m██[38;2;15;15;15m██  [38;2;103;44;48m██[38;2;15;15;15m██[38;2;173;105;66m██[38;2;103;44;48m██[38;2;15;15;15m██[38;2;66;43;32m██      ██[38;2;15;15;15m██[38;2;112;89;63m██[38;2;66;43;32m██        ██[38;2;112;89;63m████[38;2;15;15;15m██[38;2;203;178;107m████[38;2;156;125;85m██[38;2;203;178;107m██[38;2;15;15;15m██[38;2;156;125;85m██[38;2;66;43;32m██          
      [38;2;112;89;63m██[38;2;203;178;107m████[38;2;15;15;15m██  [38;2;66;43;32m██[38;2;156;125;85m██[38;2;103;44;48m██[38;2;173;105;66m██[38;2;103;44;48m██[38;2;173;105;66m████[38;2;103;44;48m██[38;2;15;15;15m██[38;2;173;105;66m██[38;2;15;15;15m██[38;2;173;105;66m██[38;2;15;15;15m██[38;2;66;43;32m████  [38;2;15;15;15m██  [38;2;103;44;48m██[38;2;173;105;66m██[38;2;15;15;15m██[38;2;66;43;32m██[38;2;15;15;15m██        [38;2;66;43;32m██[38;2;112;89;63m████[38;2;66;43;32m██[38;2;203;178;107m██[38;2;156;125;85m██[38;2;66;43;32m██[38;2;156;125;85m██████[38;2;66;43;32m██        
      [38;2;112;89;63m██[38;2;203;178;107m██[38;2;15;15;15m██  [38;2;66;43;32m██[38;2;156;125;85m██[38;2;15;15;15m██[38;2;173;105;66m████████████[38;2;103;44;48m██[38;2;173;105;66m██[38;2;15;15;15m██[38;2;173;105;66m██[38;2;15;15;15m██[38;2;66;43;32m████[38;2;15;15;15m██[38;2;173;105;66m██[38;2;15;15;15m██[38;2;103;44;48m██[38;2;173;105;66m██[38;2;103;44;48m██[38;2;15;15;15m██[38;2;173;105;66m██[38;2;103;44;48m██      [38;2;66;43;32m██[38;2;112;89;63m████[38;2;15;15;15m██[38;2;203;178;107m████[38;2;15;15;15m██[38;2;66;43;32m██[38;2;156;125;85m██████[38;2;66;43;32m████[38;2;112;89;63m██  
    ██[38;2;203;178;107m████[38;2;15;15;15m██[38;2;66;43;32m██[38;2;156;125;85m██[38;2;15;15;15m██[38;2;173;105;66m████[38;2;103;44;48m████[38;2;15;15;15m██[38;2;103;44;48m██[38;2;173;105;66m██████[38;2;66;43;32m██[38;2;173;105;66m██[38;2;15;15;15m██[38;2;66;43;32m████[38;2;15;15;15m██[38;2;173;105;66m██[38;2;132;73;55m██[38;2;173;105;66m██████[38;2;132;73;55m██[38;2;173;105;66m██[38;2;103;44;48m██      [38;2;66;43;32m██[38;2;112;89;63m████[38;2;15;15;15m██[38;2;203;178;107m████[38;2;15;15;15m██  [38;2;66;43;32m██[38;2;156;125;85m██████████[38;2;15;15;15m██
    [38;2;112;89;63m██[38;2;203;178;107m██[38;2;15;15;15m██[38;2;156;125;85m████[38;2;15;15;15m██[38;2;173;105;66m████[38;2;103;44;48m██[38;2;156;125;85m██[38;2;15;15;15m██[38;2;33;36;41m██[38;2;15;15;15m██[38;2;103;44;48m██[38;2;173;105;66m██[38;2;66;43;32m██[38;2;132;73;55m██[38;2;173;105;66m██[38;2;15;15;15m██[38;2;66;43;32m████[38;2;15;15;15m██[38;2;173;105;66m████[38;2;103;44;48m██[38;2;15;15;15m██[38;2;103;44;48m██[38;2;15;15;15m██[38;2;173;105;66m████[38;2;103;44;48m██  [38;2;66;43;32m████[38;2;112;89;63m██████[38;2;66;43;32m██[38;2;203;178;107m████[38;2;15;15;15m██  [38;2;66;43;32m██[38;2;156;125;85m██████[38;2;15;15;15m██  
  [38;2;112;89;63m██[38;2;203;178;107m████[38;2;15;15;15m██[38;2;66;43;32m██[38;2;156;125;85m██[38;2;15;15;15m██[38;2;173;105;66m██[38;2;103;44;48m██[38;2;156;125;85m████[38;2;33;36;41m██[38;2;255;79;34m██[38;2;33;36;41m██[38;2;156;125;85m██[38;2;66;43;32m██[38;2;173;105;66m██████[38;2;15;15;15m██[38;2;66;43;32m██[38;2;15;15;15m██[38;2;173;105;66m████[38;2;103;44;48m██[38;2;15;15;15m██[38;2;255;79;34m██[38;2;15;15;15m██[38;2;132;73;55m██[38;2;15;15;15m██[38;2;173;105;66m████[38;2;15;15;15m██[38;2;112;89;63m██████████[38;2;15;15;15m██[38;2;203;178;107m████[38;2;15;15;15m██  [38;2;66;43;32m██[38;2;156;125;85m████[38;2;15;15;15m██    
  [38;2;112;89;63m██[38;2;203;178;107m████[38;2;15;15;15m██  [38;2;66;43;32m██[38;2;15;15;15m██[38;2;173;105;66m██[38;2;103;44;48m██[38;2;156;125;85m██[38;2;15;15;15m██[38;2;33;36;41m██[38;2;255;79;34m██[38;2;33;36;41m██[38;2;15;15;15m██[38;2;173;105;66m██████[38;2;132;73;55m██[38;2;15;15;15m██  ██[38;2;173;105;66m██[38;2;103;44;48m██[38;2;66;43;32m██[38;2;255;79;34m██[38;2;33;36;41m██[38;2;255;79;34m██[38;2;132;73;55m████[38;2;103;44;48m██[38;2;173;105;66m██[38;2;15;15;15m██[38;2;112;89;63m██[38;2;66;43;32m████[38;2;112;89;63m████[38;2;15;15;15m██[38;2;203;178;107m████[38;2;15;15;15m██  [38;2;66;43;32m██[38;2;156;125;85m██[38;2;66;43;32m██      
██[38;2;203;178;107m██████[38;2;15;15;15m██  [38;2;66;43;32m██[38;2;156;125;85m██[38;2;15;15;15m██[38;2;173;105;66m██[38;2;103;44;48m██[38;2;15;15;15m██[38;2;33;36;41m██[38;2;255;79;34m██[38;2;33;36;41m██[38;2;66;43;32m██[38;2;173;105;66m████[38;2;15;15;15m████    ██[38;2;173;105;66m██[38;2;103;44;48m██[38;2;15;15;15m██[38;2;255;79;34m██[38;2;33;36;41m██[38;2;255;79;34m██[38;2;15;15;15m██[38;2;132;73;55m██[38;2;15;15;15m██[38;2;173;105;66m██[38;2;15;15;15m██[38;2;66;43;32m██  ██[38;2;112;89;63m████[38;2;66;43;32m██[38;2;203;178;107m████[38;2;15;15;15m██[38;2;66;43;32m██[38;2;156;125;85m████[38;2;66;43;32m██      
██[38;2;203;178;107m██████[38;2;66;43;32m██  ██[38;2;156;125;85m████[38;2;15;15;15m██[38;2;173;105;66m██  [38;2;15;15;15m██[38;2;33;36;41m██[38;2;15;15;15m██[38;2;173;105;66m████[38;2;15;15;15m██[38;2;66;43;32m████    [38;2;15;15;15m██[38;2;173;105;66m██[38;2;103;44;48m██[38;2;15;15;15m██[38;2;255;79;34m██[38;2;33;36;41m██[38;2;255;79;34m██[38;2;15;15;15m██[38;2;103;44;48m██[38;2;15;15;15m██[38;2;173;105;66m██[38;2;15;15;15m██    [38;2;66;43;32m██[38;2;112;89;63m██[38;2;66;43;32m██[38;2;203;178;107m██████[38;2;15;15;15m██[38;2;156;125;85m██████[38;2;15;15;15m██      
  [38;2;66;43;32m██[38;2;203;178;107m████[38;2;66;43;32m██    ██[38;2;156;125;85m████[38;2;15;15;15m██    ████[38;2;173;105;66m████[38;2;15;15;15m██[38;2;66;43;32m██[38;2;112;89;63m██[38;2;66;43;32m██    [38;2;15;15;15m██[38;2;173;105;66m██[38;2;103;44;48m██[38;2;15;15;15m██[38;2;255;79;34m██[38;2;15;15;15m██[38;2;103;44;48m██[38;2;15;15;15m██[38;2;173;105;66m██[38;2;15;15;15m██      [38;2;66;43;32m██[38;2;112;89;63m██[38;2;15;15;15m██[38;2;203;178;107m████[38;2;156;125;85m██[38;2;15;15;15m██[38;2;66;43;32m██[38;2;156;125;85m████[38;2;15;15;15m██      
  ██[38;2;203;178;107m████[38;2;66;43;32m██    ██[38;2;156;125;85m████[38;2;112;89;63m██      [38;2;66;43;32m██[38;2;173;105;66m██[38;2;132;73;55m██[38;2;15;15;15m██[38;2;66;43;32m██[38;2;112;89;63m████[38;2;66;43;32m██    [38;2;15;15;15m██[38;2;173;105;66m██[38;2;66;43;32m██[38;2;15;15;15m██[38;2;103;44;48m████[38;2;173;105;66m██[38;2;15;15;15m██        [38;2;66;43;32m██[38;2;112;89;63m██[38;2;15;15;15m██[38;2;203;178;107m████[38;2;15;15;15m██    [38;2;66;43;32m██[38;2;156;125;85m██[38;2;15;15;15m██      
  ██[38;2;203;178;107m██████[38;2;15;15;15m██    [38;2;66;43;32m██[38;2;156;125;85m██[38;2;112;89;63m████  [38;2;15;15;15m██[38;2;173;105;66m████[38;2;15;15;15m██[38;2;112;89;63m████[38;2;66;43;32m██[38;2;112;89;63m████[38;2;66;43;32m████    ████[38;2;103;44;48m██[38;2;66;43;32m████        ██[38;2;112;89;63m████[38;2;15;15;15m██[38;2;203;178;107m████[38;2;15;15;15m██    [38;2;66;43;32m██[38;2;156;125;85m██[38;2;15;15;15m██      
    ██[38;2;203;178;107m████[38;2;15;15;15m██  [38;2;66;43;32m████[38;2;156;125;85m████[38;2;112;89;63m██[38;2;103;44;48m██[38;2;15;15;15m██[38;2;173;105;66m████[38;2;15;15;15m██[38;2;112;89;63m██[38;2;66;43;32m██  ████[38;2;112;89;63m████[38;2;66;43;32m██████████    ██[38;2;15;15;15m██  [38;2;66;43;32m████[38;2;112;89;63m██[38;2;66;43;32m██[38;2;203;178;107m████[38;2;156;125;85m██[38;2;15;15;15m██    [38;2;66;43;32m██[38;2;156;125;85m██[38;2;66;43;32m██      
    ██[38;2;203;178;107m████[38;2;66;43;32m██  [38;2;15;15;15m██[38;2;173;105;66m██[38;2;66;43;32m██[38;2;156;125;85m██[38;2;103;44;48m██[38;2;173;105;66m██[38;2;15;15;15m██[38;2;173;105;66m██[38;2;132;73;55m██[38;2;15;15;15m██[38;2;112;89;63m██[38;2;66;43;32m██      ██[38;2;15;15;15m██[38;2;112;89;63m██████████  [38;2;66;43;32m██[38;2;173;105;66m██[38;2;15;15;15m██[38;2;66;43;32m██[38;2;112;89;63m██████[38;2;15;15;15m██[38;2;203;178;107m████[38;2;15;15;15m██      [38;2;66;43;32m██[38;2;156;125;85m████[38;2;66;43;32m██    
  ██[38;2;203;178;107m████████[38;2;15;15;15m██  [38;2;103;44;48m██[38;2;173;105;66m██[38;2;103;44;48m██[38;2;173;105;66m████[38;2;15;15;15m██[38;2;132;73;55m████[38;2;15;15;15m██[38;2;112;89;63m██[38;2;66;43;32m██      [38;2;15;15;15m██[38;2;173;105;66m██[38;2;15;15;15m██[38;2;112;89;63m██████[38;2;66;43;32m██[38;2;103;44;48m██[38;2;173;105;66m██[38;2;15;15;15m██[38;2;112;89;63m██████████[38;2;15;15;15m██[38;2;203;178;107m████[38;2;15;15;15m██    [38;2;66;43;32m██[38;2;156;125;85m████████[38;2;66;43;32m██  
██[38;2;203;178;107m████[38;2;112;89;63m██[38;2;203;178;107m████[38;2;66;43;32m██  [38;2;103;44;48m██[38;2;173;105;66m██████[38;2;103;44;48m██[38;2;15;15;15m██[38;2;132;73;55m████[38;2;103;44;48m██[38;2;15;15;15m██[38;2;112;89;63m██[38;2;66;43;32m██    [38;2;15;15;15m██[38;2;173;105;66m██[38;2;103;44;48m██[38;2;66;43;32m████[38;2;103;44;48m██[38;2;173;105;66m████[38;2;15;15;15m██[38;2;112;89;63m████[38;2;66;43;32m████[38;2;112;89;63m██[38;2;15;15;15m██[38;2;203;178;107m██████[38;2;15;15;15m██    [38;2;66;43;32m██[38;2;156;125;85m████[38;2;66;43;32m██[38;2;15;15;15m██    
  ██████[38;2;203;178;107m████[38;2;156;125;85m██[38;2;66;43;32m██[38;2;15;15;15m██[38;2;173;105;66m██[38;2;15;15;15m██[38;2;173;105;66m██████[38;2;103;44;48m██[38;2;132;73;55m████[38;2;15;15;15m██[38;2;112;89;63m██[38;2;66;43;32m██  [38;2;15;15;15m████[38;2;173;105;66m████████████[38;2;103;44;48m██[38;2;112;89;63m██[38;2;66;43;32m████  ██[38;2;103;44;48m██[38;2;15;15;15m██[38;2;156;125;85m████[38;2;203;178;107m████[38;2;15;15;15m██[38;2;66;43;32m██[38;2;156;125;85m████[38;2;66;43;32m██        
        [38;2;15;15;15m██[38;2;156;125;85m██████[38;2;15;15;15m████[38;2;156;125;85m██[38;2;15;15;15m██[38;2;103;44;48m██[38;2;132;73;55m██████████[38;2;15;15;15m██████[38;2;173;105;66m██████[38;2;15;15;15m██████[38;2;103;44;48m██[38;2;173;105;66m██[38;2;15;15;15m██[38;2;66;43;32m██      ██[38;2;15;15;15m██[38;2;156;125;85m██████████[38;2;203;178;107m██[38;2;15;15;15m██[38;2;156;125;85m████[38;2;15;15;15m██        
          ██[38;2;156;125;85m██████[38;2;66;43;32m██[38;2;156;125;85m██[38;2;112;89;63m██[38;2;15;15;15m████[38;2;132;73;55m████████████████[38;2;15;15;15m████  [38;2;66;43;32m██[38;2;103;44;48m██[38;2;15;15;15m██[38;2;173;105;66m██[38;2;15;15;15m██      [38;2;66;43;32m██[38;2;103;44;48m██[38;2;15;15;15m██[38;2;156;125;85m██████[38;2;15;15;15m██████[38;2;156;125;85m██████[38;2;15;15;15m██        
          ██[38;2;156;125;85m██████[38;2;66;43;32m██[38;2;112;89;63m██[38;2;103;44;48m██████[38;2;15;15;15m██[38;2;103;44;48m██[38;2;132;73;55m████[38;2;103;44;48m██[38;2;66;43;32m██[38;2;15;15;15m████      [38;2;66;43;32m██[38;2;103;44;48m████[38;2;15;15;15m██      [38;2;66;43;32m██[38;2;103;44;48m██[38;2;15;15;15m██[38;2;156;125;85m██████[38;2;15;15;15m██[38;2;112;89;63m████[38;2;156;125;85m██████[38;2;15;15;15m██          
            ██[38;2;156;125;85m██████[38;2;66;43;32m██[38;2;103;44;48m████████[38;2;15;15;15m██[38;2;132;73;55m██████[38;2;15;15;15m██[38;2;103;44;48m██[38;2;66;43;32m██    ██[38;2;103;44;48m██████[38;2;66;43;32m██  ████[38;2;103;44;48m████[38;2;15;15;15m██[38;2;156;125;85m████[38;2;15;15;15m██[38;2;112;89;63m██████████[38;2;15;15;15m██            
            ██[38;2;156;125;85m████[38;2;112;89;63m██[38;2;132;73;55m██[38;2;66;43;32m████[38;2;103;44;48m████[38;2;15;15;15m██[38;2;132;73;55m██████[38;2;66;43;32m██[38;2;103;44;48m████[38;2;66;43;32m████[38;2;103;44;48m██████[38;2;66;43;32m██████[38;2;103;44;48m██████[38;2;15;15;15m██[38;2;156;125;85m██████[38;2;15;15;15m██[38;2;112;89;63m████████[38;2;15;15;15m██              
              ████[38;2;132;73;55m████████[38;2;66;43;32m████[38;2;132;73;55m██[38;2;66;43;32m██[38;2;132;73;55m██████[38;2;66;43;32m██[38;2;103;44;48m████████████████████[38;2;15;15;15m████[38;2;156;125;85m██████[38;2;15;15;15m██[38;2;112;89;63m████[38;2;66;43;32m██[38;2;15;15;15m████                
                  ████[38;2;132;73;55m████████[38;2;103;44;48m██[38;2;15;15;15m██[38;2;132;73;55m██████[38;2;66;43;32m██[38;2;103;44;48m████████████████[38;2;66;43;32m████[38;2;132;73;55m████[38;2;112;89;63m██[38;2;156;125;85m██[38;2;15;15;15m██[38;2;112;89;63m██[38;2;66;43;32m████                      
                      [38;2;15;15;15m██[38;2;66;43;32m██[38;2;132;73;55m████████[38;2;15;15;15m██[38;2;132;73;55m██████[38;2;66;43;32m██████[38;2;132;73;55m██████[38;2;66;43;32m████[38;2;132;73;55m██████████[38;2;112;89;63m██[38;2;15;15;15m██[38;2;66;43;32m██                          
                          [38;2;15;15;15m████[38;2;66;43;32m██[38;2;132;73;55m████[38;2;15;15;15m██[38;2;132;73;55m██████████████████████████[38;2;66;43;32m██[38;2;15;15;15m████                              
                                [38;2;66;43;32m██[38;2;132;73;55m████[38;2;15;15;15m██[38;2;132;73;55m████████████[38;2;66;43;32m██[38;2;132;73;55m████[38;2;66;43;32m████[38;2;15;15;15m██                                    
                                  [38;2;66;43;32m████  [38;2;15;15;15m██[38;2;132;73;55m██████[38;2;15;15;15m████[38;2;66;43;32m██[38;2;132;73;55m██████[38;2;15;15;15m██                                      
                                          ██████      ██[38;2;132;73;55m████[38;2;15;15;15m██                                      
                                                        ██[38;2;132;73;55m██[38;2;15;15;15m██                                      
                                                          ██                                        
[0m