                                  [38;2;41;75;59m██████            
                  [38;2;118;118;117m████[38;2;179;170;158m██████████[38;2;118;118;117m████[38;2;82;154;107m████[38;2;41;75;59m██          
              [38;2;118;118;117m████[38;2;213;221;193m██████████████████[38;2;118;118;117m████[38;2;82;154;107m██[38;2;16;16;16m██        
            [38;2;118;118;117m██[38;2;213;221;193m██[38;2;118;118;117m██[38;2;179;170;158m██[38;2;213;221;193m████[38;2;179;170;158m██[38;2;118;118;117m████[38;2;213;221;193m██████████[38;2;118;118;117m██[38;2;16;16;16m██        
    [38;2;118;118;117m████████[38;2;213;221;193m██[38;2;118;118;117m██[38;2;121;185;123m██[38;2;118;118;117m██[38;2;179;170;158m██[38;2;118;118;117m██[38;2;179;170;158m██████[38;2;118;118;117m██[38;2;213;221;193m██████████[38;2;16;16;16m██        
  ██[38;2;179;170;158m██████[38;2;50;78;63m██[38;2;89;135;100m██[38;2;121;185;123m██████[38;2;89;135;100m████████[38;2;179;170;158m████[38;2;118;118;117m██[38;2;213;221;193m████████[38;2;179;170;158m██[38;2;16;16;16m██      
    ██[38;2;179;170;158m██[38;2;50;78;63m██[38;2;121;185;123m██████████████████[38;2;89;135;100m██████[38;2;118;118;117m██[38;2;213;221;193m████[38;2;179;170;158m████[38;2;16;16;16m██      
      [38;2;50;78;63m██[38;2;121;185;123m████[38;2;148;198;151m████████[38;2;121;185;123m██████████████[38;2;89;135;100m██████[38;2;121;185;123m██[38;2;118;118;117m██[38;2;179;170;158m██[38;2;16;16;16m██    
      [38;2;50;78;63m██[38;2;148;198;151m██████████████[38;2;121;185;123m████████████████████[38;2;50;78;63m██[38;2;118;118;117m██[38;2;16;16;16m██    
    [38;2;50;78;63m██[38;2;121;185;123m██[38;2;148;198;151m██████████████[38;2;121;185;123m████████████████████[38;2;50;78;63m██[38;2;179;170;158m██[38;2;118;118;117m████  
  ██[38;2;50;78;63m██[38;2;121;185;123m████[38;2;148;198;151m████████[38;2;121;185;123m████████████████████████[38;2;50;78;63m██[38;2;179;170;158m██████[38;2;16;16;16m██
██[38;2;179;170;158m██[38;2;50;78;63m██[38;2;121;185;123m██████████████████████████████████████[38;2;50;78;63m██[38;2;179;170;158m██[38;2;16;16;16m██  
  ████[38;2;89;135;100m██[38;2;121;185;123m██[38;2;89;135;100m██[38;2;121;185;123m████████████████████[38;2;89;135;100m████[38;2;121;185;123m████████[38;2;89;135;100m██[38;2;16;16;16m██    
    ████[38;2;121;185;123m██[38;2;89;135;100m██[38;2;121;185;123m██████[38;2;89;135;100m██[38;2;121;185;123m████████[38;2;89;135;100m██[38;2;16;16;16m████[38;2;121;185;123m████████████[38;2;16;16;16m██    
    ██[38;2;47;49;47m██[38;2;89;135;100m██[38;2;121;185;123m████████[38;2;89;135;100m██[38;2;121;185;123m████[38;2;89;135;100m██[38;2;16;16;16m██[38;2;47;49;47m████[38;2;16;16;16m██[38;2;121;185;123m████████████[38;2;16;16;16m██    
    ██[38;2;89;135;100m██[38;2;16;16;16m██[38;2;121;185;123m██████████[38;2;89;135;100m██[38;2;16;16;16m██[38;2;47;49;47m████████[38;2;16;16;16m██[38;2;121;185;123m████████████[38;2;16;16;16m██    
      ██[38;2;121;185;123m██████████████[38;2;16;16;16m██[38;2;47;49;47m████[38;2;89;135;100m████[38;2;50;78;63m██[38;2;121;185;123m██████████[38;2;50;78;63m██[38;2;118;118;117m██    
      [38;2;50;78;63m██[38;2;247;154;0m████[38;2;121;185;123m████████████[38;2;16;16;16m██[38;2;89;135;100m████[38;2;50;78;63m██[38;2;121;185;123m██████████[38;2;89;135;100m██[38;2;50;78;63m██[38;2;179;170;158m██[38;2;16;16;16m██  
    [38;2;50;78;63m██[38;2;247;154;0m████████[38;2;121;185;123m████████████████████████[38;2;89;135;100m████[38;2;16;16;16m████████  
    [38;2;50;78;63m██[38;2;247;154;0m████████[38;2;89;135;100m██[38;2;50;78;63m████[38;2;121;185;123m██████[38;2;50;78;63m████[38;2;121;185;123m████[38;2;89;135;100m██████[38;2;16;16;16m██          
      [38;2;50;78;63m██[38;2;247;154;0m██[38;2;50;78;63m████[38;2;89;135;100m██████[38;2;50;78;63m██████[38;2;89;135;100m████████████[38;2;16;16;16m██            
        [38;2;50;78;63m██[38;2;213;221;193m██[38;2;179;170;158m██[38;2;16;16;16m██[38;2;89;135;100m██████████████████[38;2;50;78;63m██[38;2;16;16;16m██              
          [38;2;50;78;63m██[38;2;16;16;16m██  ████████[38;2;50;78;63m████████[38;2;65;107;87m████[38;2;41;75;59m██              
                  ██[38;2;65;107;87m██████████████████[38;2;41;75;59m██            
            ██████[38;2;82;154;107m██[38;2;65;107;87m████████[38;2;82;154;107m██[38;2;41;75;59m██[38;2;65;107;87m████[38;2;82;154;107m████[38;2;41;75;59m██          
            ██[38;2;82;154;107m████[38;2;65;107;87m██[38;2;41;75;59m██[38;2;82;154;107m██████[38;2;16;16;16m██[38;2;89;135;100m██[38;2;16;16;16m██[38;2;82;154;107m████████[38;2;41;75;59m████      
              [38;2;16;16;16m██████[38;2;41;75;59m██[38;2;82;154;107m██[38;2;41;75;59m██[38;2;16;16;16m██[38;2;89;135;100m██[38;2;121;185;123m████[38;2;16;16;16m████[38;2;82;154;107m████████[38;2;41;75;59m██[38;2;16;16;16m██  
                  [38;2;50;78;63m██[38;2;121;185;123m██[38;2;16;16;16m██[38;2;121;185;123m████████████[38;2;50;78;63m██[38;2;16;16;16m██████████    
                [38;2;50;78;63m██[38;2;121;185;123m██████████████████[38;2;50;78;63m██[38;2;16;16;16m██            
              [38;2;50;78;63m██[38;2;89;135;100m██[38;2;121;185;123m████████████████████[38;2;50;78;63m████████      
              [38;2;16;16;16m██[38;2;89;135;100m████[38;2;121;185;123m██████████████████[38;2;89;135;100m██[38;2;50;78;63m██[38;2;89;135;100m██[38;2;16;16;16m██      
              ██[38;2;89;135;100m██████████████[38;2;121;185;123m██████[38;2;89;135;100m████[38;2;16;16;16m████        
                ██[38;2;89;135;100m████[38;2;50;78;63m██[38;2;16;16;16m████[38;2;89;135;100m████████████[38;2;16;16;16m██          
                [38;2;50;78;63m████[38;2;89;135;100m████[38;2;16;16;16m██  ██[38;2;50;78;63m████[38;2;89;135;100m██[38;2;50;78;63m██[38;2;16;16;16m██            
              [38;2;50;78;63m██[38;2;121;185;123m██████[38;2;16;16;16m██      [38;2;50;78;63m██[38;2;121;185;123m██[38;2;89;135;100m████[38;2;16;16;16m██            
              ████████          ██[38;2;121;185;123m████[38;2;16;16;16m██            
                                  ████              
[0m