                                                                                                        [38;2;142;158;191m██████                                ████████              
                                                                                                      [38;2;84;90;115m██[38;2;247;247;247m██████[38;2;142;158;191m████    ██████████████    ██████[38;2;247;247;247m████████[38;2;84;90;115m██            
                                                                                                      ██[38;2;247;247;247m██████████[38;2;142;158;191m████[38;2;140;198;230m██[38;2;247;247;247m██████[38;2;140;198;230m██[38;2;193;228;255m████[38;2;142;158;191m████[38;2;247;247;247m████████████[38;2;142;158;191m██[38;2;84;90;115m██            
                                                                                                      ██[38;2;247;247;247m████████[38;2;189;197;217m██[38;2;193;228;255m██[38;2;140;198;230m██[38;2;247;247;247m██████[38;2;140;198;230m██[38;2;193;228;255m████[38;2;140;198;230m██[38;2;247;247;247m████████████████[38;2;142;158;191m██[38;2;84;90;115m██            
                                                                                                        [38;2;7;7;7m██[38;2;247;247;247m████[38;2;189;197;217m██[38;2;140;198;230m██[38;2;193;228;255m██[38;2;140;198;230m██[38;2;247;247;247m██████[38;2;140;198;230m██[38;2;193;228;255m██[38;2;140;198;230m██[38;2;247;247;247m████████████████[38;2;142;158;191m██[38;2;189;197;217m██[38;2;7;7;7m██            
                                                                                                        ██[38;2;247;247;247m██[38;2;84;90;115m██[38;2;247;247;247m██[38;2;140;198;230m██[38;2;193;228;255m██[38;2;247;247;247m██████[38;2;140;198;230m██[38;2;193;228;255m██[38;2;140;198;230m██[38;2;247;247;247m██████[38;2;84;90;115m████[38;2;247;247;247m████████[38;2;142;158;191m██[38;2;189;197;217m██[38;2;7;7;7m██            
                                                                                                          ██[38;2;74;142;239m██[38;2;84;90;115m██[38;2;247;247;247m██[38;2;140;198;230m██[38;2;247;247;247m██████[38;2;140;198;230m████[38;2;247;247;247m████[38;2;84;90;115m████[38;2;74;142;239m████[38;2;189;197;217m██[38;2;247;247;247m████[38;2;142;158;191m██[38;2;189;197;217m██[38;2;7;7;7m██              
                                                                                                          ██[38;2;74;142;239m██[38;2;84;90;115m██[38;2;247;247;247m████████████████[38;2;84;90;115m██[38;2;237;245;255m██[38;2;74;142;239m██████[38;2;189;197;217m██[38;2;247;247;247m██[38;2;142;158;191m██[38;2;189;197;217m████[38;2;7;7;7m██              
                                                                                    [38;2;140;198;230m████████████          [38;2;7;7;7m██[38;2;74;142;239m██[38;2;247;247;247m██[38;2;84;90;115m██[38;2;247;247;247m████████████[38;2;84;90;115m██[38;2;237;245;255m████[38;2;74;142;239m██████[38;2;247;247;247m████[38;2;189;197;217m████[38;2;7;7;7m██                
                                                                                  [38;2;82;120;156m██[38;2;193;228;255m████████████[38;2;140;198;230m████      [38;2;7;7;7m██[38;2;74;142;239m██[38;2;247;247;247m██[38;2;84;90;115m██[38;2;189;197;217m██████[38;2;247;247;247m████[38;2;84;90;115m██[38;2;74;142;239m████[38;2;237;245;255m██[38;2;74;142;239m████[38;2;189;197;217m██[38;2;247;247;247m██████[38;2;7;7;7m██                  
                                                                                    [38;2;82;120;156m████[38;2;140;198;230m████[38;2;193;228;255m████████[38;2;140;198;230m████[38;2;33;51;56m████[38;2;189;197;217m██[38;2;74;142;239m██[38;2;189;197;217m██[38;2;247;247;247m██████████[38;2;189;197;217m██[38;2;74;142;239m████████[38;2;189;197;217m██[38;2;247;247;247m████████[38;2;7;7;7m██  [38;2;140;198;230m████████        
                                                                                        [38;2;82;120;156m████[38;2;140;198;230m██████[38;2;193;228;255m████[38;2;33;51;56m██[38;2;106;123;135m████[38;2;33;51;56m██[38;2;247;247;247m██████████████[38;2;33;51;56m████████[38;2;247;247;247m████████[38;2;140;198;230m████████[38;2;193;228;255m████████[38;2;140;198;230m██████  
                                                                                            [38;2;82;120;156m██████████[38;2;33;51;56m██[38;2;142;158;191m████[38;2;247;247;247m██[38;2;140;198;230m████[38;2;193;228;255m██[38;2;140;198;230m████[38;2;247;247;247m██[38;2;33;51;56m██[38;2;106;123;135m████████[38;2;33;51;56m██[38;2;247;247;247m████[38;2;140;198;230m██[38;2;193;228;255m████████[38;2;140;198;230m████[38;2;193;228;255m██████████[38;2;82;120;156m██
                                                                                                    [38;2;84;90;115m██[38;2;247;247;247m██████[38;2;140;198;230m██[38;2;193;228;255m██████████[38;2;140;198;230m██[38;2;247;247;247m██[38;2;142;158;191m████████[38;2;247;247;247m████████[38;2;82;120;156m██████[38;2;140;198;230m████████[38;2;82;120;156m████████  
                                                                                                    [38;2;84;90;115m██[38;2;247;247;247m████████[38;2;140;198;230m██[38;2;193;228;255m████[38;2;140;198;230m████[38;2;247;247;247m██████████████████████[38;2;84;90;115m██[38;2;189;197;217m██[38;2;82;120;156m████████          
                                                                                                    [38;2;84;90;115m██[38;2;247;247;247m████[38;2;189;197;217m██[38;2;247;247;247m████[38;2;140;198;230m████[38;2;247;247;247m██████████████████████[38;2;84;90;115m██[38;2;247;247;247m██[38;2;84;90;115m██[38;2;189;197;217m██[38;2;7;7;7m██                
                              [38;2;82;120;156m████                                                                    [38;2;84;90;115m██[38;2;247;247;247m██[38;2;84;90;115m██[38;2;247;247;247m████████████████[38;2;142;158;191m██[38;2;247;247;247m████[38;2;142;158;191m██[38;2;247;247;247m██████[38;2;84;90;115m██[38;2;247;247;247m██[38;2;84;90;115m██[38;2;189;197;217m██[38;2;7;7;7m██                
                          [38;2;82;120;156m████[38;2;140;198;230m██[38;2;193;228;255m██[38;2;82;120;156m████                                                                [38;2;84;90;115m██[38;2;247;247;247m██[38;2;84;90;115m██[38;2;247;247;247m██████[38;2;84;90;115m██[38;2;247;247;247m██████[38;2;189;197;217m██[38;2;84;90;115m████████[38;2;247;247;247m████[38;2;84;90;115m██[38;2;189;197;217m██[38;2;84;90;115m██[38;2;189;197;217m██[38;2;82;120;156m██[38;2;140;198;230m██[38;2;7;7;7m██              
                        [38;2;142;158;191m██[38;2;140;198;230m██████[38;2;193;228;255m██████[38;2;142;158;191m████                                                            [38;2;82;151;154m██[38;2;7;7;7m██[38;2;84;90;115m██[38;2;189;197;217m██[38;2;247;247;247m████[38;2;84;90;115m██[38;2;247;247;247m██████[38;2;84;90;115m██[38;2;106;123;135m██[38;2;107;198;197m████[38;2;106;123;135m██[38;2;84;90;115m██[38;2;247;247;247m██[38;2;84;90;115m██[38;2;189;197;217m██████[38;2;82;120;156m██[38;2;140;198;230m██[38;2;7;7;7m██              
                    [38;2;142;158;191m████[38;2;247;247;247m████[38;2;140;198;230m████[38;2;193;228;255m██[38;2;140;198;230m████[38;2;247;247;247m████[38;2;142;158;191m████                              ██████████████████        [38;2;82;151;154m██[38;2;7;7;7m██[38;2;106;123;135m██[38;2;84;90;115m██[38;2;247;247;247m██[38;2;7;7;7m██  [38;2;84;90;115m██[38;2;247;247;247m██[38;2;189;197;217m██[38;2;7;7;7m██[38;2;106;123;135m██[38;2;107;198;197m██[38;2;42;65;71m██[38;2;106;123;135m██[38;2;7;7;7m██[38;2;189;197;217m██[38;2;84;90;115m██[38;2;189;197;217m██████[38;2;82;120;156m██[38;2;140;198;230m██[38;2;7;7;7m██              
            [38;2;82;120;156m████[38;2;142;158;191m████[38;2;247;247;247m██████████████████████████[38;2;84;90;115m██                      [38;2;142;158;191m██████[38;2;193;228;255m██████[38;2;247;247;247m████[38;2;193;228;255m████[38;2;140;198;230m████[38;2;142;158;191m██████  [38;2;82;151;154m██[38;2;107;198;197m██[38;2;106;123;135m██[38;2;84;90;115m██[38;2;247;247;247m██[38;2;7;7;7m██  [38;2;84;90;115m██[38;2;247;247;247m██[38;2;84;90;115m██[38;2;7;7;7m██[38;2;106;123;135m██[38;2;82;151;154m██[38;2;42;65;71m██[38;2;106;123;135m██[38;2;7;7;7m██[38;2;84;90;115m██[38;2;189;197;217m████████[38;2;82;120;156m██[38;2;7;7;7m██                
        [38;2;82;120;156m████[38;2;193;228;255m████[38;2;140;198;230m██[38;2;247;247;247m██████████████████████████████[38;2;84;90;115m██                [38;2;142;158;191m████[38;2;140;198;230m██[38;2;247;247;247m████[38;2;140;198;230m████[38;2;193;228;255m██████[38;2;140;198;230m████[38;2;247;247;247m██████████[38;2;142;158;191m██[38;2;7;7;7m██[38;2;107;198;197m██[38;2;106;123;135m██[38;2;7;7;7m████  [38;2;82;120;156m██[38;2;140;198;230m██[38;2;84;90;115m██[38;2;189;197;217m██[38;2;7;7;7m██[38;2;106;123;135m██[38;2;42;65;71m████[38;2;106;123;135m██[38;2;7;7;7m██[38;2;189;197;217m██████████[38;2;82;120;156m██[38;2;7;7;7m██                
      [38;2;82;120;156m██[38;2;193;228;255m██████[38;2;140;198;230m██[38;2;247;247;247m██████████████[38;2;140;198;230m████[38;2;247;247;247m██████████████[38;2;84;90;115m██            [38;2;142;158;191m████[38;2;193;228;255m██[38;2;140;198;230m██[38;2;247;247;247m██████████[38;2;140;198;230m██████[38;2;247;247;247m████████████████[38;2;7;7;7m██[38;2;82;151;154m██[38;2;106;123;135m██[38;2;7;7;7m██  [38;2;82;120;156m██[38;2;140;198;230m████[38;2;84;90;115m██[38;2;189;197;217m██[38;2;7;7;7m██[38;2;106;123;135m██[38;2;42;65;71m██[38;2;107;198;197m██[38;2;106;123;135m██[38;2;7;7;7m██[38;2;189;197;217m██████████[38;2;7;7;7m██                  
      [38;2;82;120;156m██[38;2;140;198;230m██[38;2;193;228;255m██[38;2;140;198;230m██[38;2;247;247;247m████████████[38;2;189;197;217m██[38;2;82;120;156m██[38;2;193;228;255m████[38;2;82;120;156m██[38;2;247;247;247m████████████[38;2;84;90;115m██          [38;2;142;158;191m██[38;2;193;228;255m████[38;2;140;198;230m██[38;2;247;247;247m██████████████████████████[38;2;140;198;230m████[38;2;247;247;247m████[38;2;7;7;7m██[38;2;42;65;71m██[38;2;106;123;135m██[38;2;7;7;7m██[38;2;84;90;115m██[38;2;82;120;156m██[38;2;140;198;230m██[38;2;84;90;115m██[38;2;189;197;217m████[38;2;7;7;7m██[38;2;106;123;135m██[38;2;82;151;154m██[38;2;107;198;197m██[38;2;106;123;135m██[38;2;7;7;7m██[38;2;189;197;217m██████████[38;2;7;7;7m██                  
      [38;2;82;120;156m██[38;2;140;198;230m████[38;2;247;247;247m████[38;2;140;198;230m████[38;2;247;247;247m██[38;2;189;197;217m████████[38;2;82;120;156m████[38;2;189;197;217m██████[38;2;247;247;247m██████[38;2;189;197;217m██[38;2;84;90;115m██        [38;2;142;158;191m██[38;2;193;228;255m██[38;2;140;198;230m████[38;2;247;247;247m████████████████[38;2;140;198;230m██████[38;2;247;247;247m██████[38;2;193;228;255m████[38;2;140;198;230m████[38;2;7;7;7m██[38;2;107;198;197m██[38;2;106;123;135m██[38;2;7;7;7m██[38;2;247;247;247m██[38;2;84;90;115m████[38;2;189;197;217m██████[38;2;7;7;7m██[38;2;106;123;135m██[38;2;107;198;197m██[38;2;42;65;71m██[38;2;106;123;135m██[38;2;7;7;7m██[38;2;189;197;217m██████████[38;2;7;7;7m██                  
      [38;2;82;120;156m██[38;2;140;198;230m██[38;2;247;247;247m████[38;2;140;198;230m██[38;2;193;228;255m████[38;2;82;120;156m██[38;2;189;197;217m████[38;2;7;7;7m████████████[38;2;189;197;217m████████[38;2;84;90;115m██        [38;2;142;158;191m██[38;2;140;198;230m██[38;2;247;247;247m██████████████████[38;2;140;198;230m████[38;2;193;228;255m██████[38;2;140;198;230m████[38;2;247;247;247m████[38;2;140;198;230m██[38;2;193;228;255m████[38;2;82;151;154m██[38;2;107;198;197m██[38;2;106;123;135m██[38;2;7;7;7m██[38;2;247;247;247m████[38;2;189;197;217m████████[38;2;7;7;7m██[38;2;106;123;135m██[38;2;107;198;197m██[38;2;42;65;71m██[38;2;106;123;135m██[38;2;7;7;7m██[38;2;189;197;217m██████████[38;2;7;7;7m██                  
      [38;2;84;90;115m██[38;2;189;197;217m██[38;2;247;247;247m████[38;2;140;198;230m██[38;2;193;228;255m██[38;2;82;120;156m██[38;2;189;197;217m██[38;2;7;7;7m████            ████████        [38;2;142;158;191m██[38;2;247;247;247m██████[38;2;140;198;230m████████[38;2;247;247;247m██████[38;2;140;198;230m██[38;2;193;228;255m██████[38;2;140;198;230m████[38;2;193;228;255m████[38;2;82;120;156m██[38;2;247;247;247m████[38;2;140;198;230m██[38;2;193;228;255m██[38;2;82;151;154m██[38;2;42;65;71m██[38;2;106;123;135m██[38;2;7;7;7m██[38;2;247;247;247m██[38;2;82;120;156m██████[38;2;189;197;217m████[38;2;7;7;7m██[38;2;106;123;135m██[38;2;82;151;154m██[38;2;107;198;197m██[38;2;106;123;135m██[38;2;7;7;7m██[38;2;189;197;217m████████[38;2;7;7;7m██                    
      [38;2;84;90;115m██[38;2;247;247;247m████████[38;2;82;120;156m██[38;2;189;197;217m██[38;2;84;90;115m██                              [38;2;142;158;191m██[38;2;247;247;247m██████[38;2;140;198;230m██[38;2;193;228;255m████████[38;2;82;120;156m██[38;2;247;247;247m██████[38;2;82;120;156m████[38;2;140;198;230m██████[38;2;82;120;156m████[38;2;247;247;247m██████[38;2;140;198;230m██[38;2;193;228;255m██[38;2;82;151;154m██[38;2;42;65;71m██[38;2;106;123;135m██[38;2;7;7;7m██[38;2;82;120;156m██[38;2;140;198;230m██████[38;2;82;120;156m██[38;2;189;197;217m██[38;2;7;7;7m██[38;2;106;123;135m██[38;2;42;65;71m██[38;2;107;198;197m██[38;2;106;123;135m██[38;2;7;7;7m██[38;2;189;197;217m████████[38;2;7;7;7m██                    
      [38;2;84;90;115m██[38;2;247;247;247m██████████[38;2;189;197;217m██[38;2;84;90;115m██                          [38;2;82;120;156m████[38;2;247;247;247m██████[38;2;140;198;230m██[38;2;193;228;255m████[38;2;140;198;230m████[38;2;82;120;156m██[38;2;247;247;247m████████████[38;2;82;120;156m██████[38;2;247;247;247m██████████[38;2;140;198;230m██[38;2;193;228;255m██[38;2;82;151;154m██[38;2;107;198;197m██[38;2;106;123;135m██[38;2;7;7;7m██[38;2;140;198;230m████[38;2;82;120;156m████[38;2;189;197;217m████[38;2;7;7;7m██[38;2;106;123;135m██[38;2;42;65;71m████[38;2;106;123;135m██[38;2;7;7;7m██[38;2;189;197;217m████████[38;2;7;7;7m██                    
    [38;2;82;120;156m██[38;2;189;197;217m██[38;2;247;247;247m██████████[38;2;84;90;115m██                        [38;2;82;120;156m████[38;2;193;228;255m██[38;2;140;198;230m██[38;2;247;247;247m████[38;2;140;198;230m██[38;2;193;228;255m██████[38;2;140;198;230m██[38;2;82;120;156m██[38;2;247;247;247m████████████████████████████████[38;2;140;198;230m██[38;2;7;7;7m██[38;2;107;198;197m██[38;2;106;123;135m██[38;2;7;7;7m██[38;2;140;198;230m██[38;2;82;120;156m██[38;2;189;197;217m████████[38;2;7;7;7m██[38;2;106;123;135m██[38;2;107;198;197m██[38;2;42;65;71m██[38;2;106;123;135m██[38;2;7;7;7m██[38;2;189;197;217m██████[38;2;7;7;7m██                      
    [38;2;82;120;156m██[38;2;189;197;217m██[38;2;247;247;247m██████████[38;2;84;90;115m██                      [38;2;82;120;156m██[38;2;193;228;255m████[38;2;140;198;230m██[38;2;247;247;247m████████[38;2;82;120;156m████████[38;2;247;247;247m██████████████[38;2;189;197;217m██████████████[38;2;247;247;247m████████[38;2;7;7;7m██[38;2;42;65;71m██[38;2;106;123;135m██[38;2;7;7;7m██[38;2;82;120;156m██[38;2;189;197;217m██████████[38;2;7;7;7m██[38;2;106;123;135m██[38;2;82;151;154m████[38;2;106;123;135m██[38;2;7;7;7m██[38;2;189;197;217m██████[38;2;7;7;7m██                      
  [38;2;82;120;156m██[38;2;193;228;255m██[38;2;82;120;156m██[38;2;247;247;247m██████████[38;2;84;90;115m██                      [38;2;82;120;156m██[38;2;193;228;255m████[38;2;140;198;230m██[38;2;247;247;247m████████████████████████[38;2;189;197;217m████████████████████████[38;2;7;7;7m██████[38;2;82;151;154m██[38;2;106;123;135m██[38;2;7;7;7m██[38;2;189;197;217m████████████[38;2;7;7;7m██[38;2;106;123;135m██[38;2;42;65;71m██[38;2;107;198;197m██[38;2;106;123;135m██[38;2;7;7;7m██[38;2;189;197;217m██████[38;2;7;7;7m██                      
  [38;2;82;120;156m██[38;2;193;228;255m██[38;2;82;120;156m██[38;2;247;247;247m██████[38;2;140;198;230m██[38;2;247;247;247m██[38;2;84;90;115m██                      [38;2;82;120;156m██[38;2;193;228;255m██[38;2;140;198;230m██[38;2;247;247;247m████████████[38;2;140;198;230m██████[38;2;247;247;247m████[38;2;189;197;217m██████████████████████████[38;2;7;7;7m██[38;2;42;65;71m██████[38;2;107;198;197m██[38;2;42;65;71m██[38;2;7;7;7m██[38;2;189;197;217m████████████[38;2;7;7;7m██[38;2;106;123;135m██[38;2;82;151;154m██[38;2;107;198;197m██[38;2;106;123;135m██[38;2;7;7;7m██[38;2;189;197;217m████[38;2;7;7;7m██                        
[38;2;82;120;156m██[38;2;193;228;255m██████[38;2;82;120;156m██[38;2;247;247;247m██[38;2;140;198;230m██[38;2;193;228;255m██[38;2;140;198;230m██[38;2;84;90;115m██                      [38;2;82;120;156m██[38;2;140;198;230m██[38;2;247;247;247m██████████[38;2;140;198;230m████[38;2;193;228;255m████[38;2;140;198;230m██[38;2;247;247;247m██[38;2;189;197;217m██████████[38;2;7;7;7m██████████████[38;2;189;197;217m████[38;2;7;7;7m██[38;2;42;65;71m████[38;2;82;151;154m██[38;2;107;198;197m██[38;2;82;151;154m██[38;2;42;65;71m██[38;2;7;7;7m████[38;2;189;197;217m████████[38;2;7;7;7m██[38;2;106;123;135m██[38;2;107;198;197m██[38;2;42;65;71m██[38;2;106;123;135m██[38;2;7;7;7m██[38;2;189;197;217m████[38;2;7;7;7m██                        
[38;2;82;120;156m██[38;2;193;228;255m██[38;2;140;198;230m████[38;2;82;120;156m██[38;2;247;247;247m██[38;2;140;198;230m██[38;2;193;228;255m██[38;2;140;198;230m██[38;2;247;247;247m██[38;2;84;90;115m██                    [38;2;82;120;156m██[38;2;247;247;247m████████[38;2;140;198;230m████[38;2;193;228;255m██████[38;2;140;198;230m██[38;2;247;247;247m████[38;2;189;197;217m██[38;2;142;158;191m██[38;2;189;197;217m██[38;2;7;7;7m████[38;2;142;158;191m██████[38;2;84;90;115m██      [38;2;7;7;7m████[38;2;189;197;217m██[38;2;7;7;7m████[38;2;42;65;71m██[38;2;107;198;197m██[38;2;82;151;154m██[38;2;42;65;71m██████[38;2;7;7;7m██[38;2;189;197;217m██████[38;2;7;7;7m██[38;2;106;123;135m██[38;2;107;198;197m██[38;2;42;65;71m██[38;2;7;7;7m██[38;2;189;197;217m████[38;2;7;7;7m██                          
  [38;2;82;120;156m██[38;2;140;198;230m████[38;2;82;120;156m██[38;2;247;247;247m████[38;2;140;198;230m██[38;2;247;247;247m████[38;2;84;90;115m██                  ██[38;2;247;247;247m████████[38;2;84;90;115m██[38;2;193;228;255m████[38;2;140;198;230m████[38;2;193;228;255m██[38;2;140;198;230m██[38;2;247;247;247m██████[38;2;142;158;191m██[38;2;84;90;115m██[38;2;142;158;191m██████████[38;2;84;90;115m██          ██[38;2;247;247;247m████[38;2;7;7;7m██[38;2;107;198;197m██[38;2;42;65;71m████████[38;2;7;7;7m██[38;2;189;197;217m████████[38;2;7;7;7m██[38;2;106;123;135m██[38;2;42;65;71m██[38;2;7;7;7m██[38;2;189;197;217m████[38;2;7;7;7m██                          
    ██[38;2;140;198;230m██[38;2;82;120;156m██[38;2;247;247;247m████████████[38;2;84;90;115m████          ████[38;2;247;247;247m██[38;2;140;198;230m██[38;2;247;247;247m██████[38;2;84;90;115m██[38;2;193;228;255m██[38;2;140;198;230m██[38;2;247;247;247m████[38;2;140;198;230m██[38;2;247;247;247m████████[38;2;84;90;115m██[38;2;142;158;191m████████████[38;2;84;90;115m██          ██[38;2;247;247;247m████[38;2;7;7;7m██[38;2;42;65;71m████[38;2;7;7;7m██████[38;2;189;197;217m██████████[38;2;7;7;7m██[38;2;106;123;135m██[38;2;42;65;71m██[38;2;7;7;7m██[38;2;189;197;217m██[38;2;84;90;115m██[38;2;7;7;7m██                          
      ██[38;2;189;197;217m████[38;2;247;247;247m██████████████[38;2;84;90;115m██████████[38;2;247;247;247m████[38;2;140;198;230m██[38;2;193;228;255m██[38;2;82;120;156m██[38;2;247;247;247m████[38;2;84;90;115m██[38;2;193;228;255m██[38;2;140;198;230m██[38;2;247;247;247m██████████████[38;2;84;90;115m██[38;2;142;158;191m██████████[38;2;84;90;115m██          [38;2;82;120;156m██[38;2;140;198;230m██[38;2;247;247;247m████[38;2;7;7;7m██[38;2;42;65;71m██[38;2;7;7;7m██[38;2;189;197;217m████████████████[38;2;7;7;7m██[38;2;106;123;135m██[38;2;42;65;71m██[38;2;106;123;135m██[38;2;7;7;7m██[38;2;142;158;191m██[38;2;7;7;7m██                          
      ██[38;2;189;197;217m████[38;2;247;247;247m████████████[38;2;140;198;230m████[38;2;247;247;247m██████████[38;2;140;198;230m██[38;2;193;228;255m████[38;2;82;120;156m██[38;2;247;247;247m██[38;2;189;197;217m██[38;2;84;90;115m██[38;2;193;228;255m██[38;2;140;198;230m████[38;2;247;247;247m████████████[38;2;84;90;115m██[38;2;142;158;191m██████████[38;2;84;90;115m██        [38;2;82;120;156m██[38;2;193;228;255m██[38;2;140;198;230m██[38;2;247;247;247m██[38;2;82;120;156m██[38;2;42;65;71m████[38;2;7;7;7m██[38;2;189;197;217m████[38;2;84;90;115m██[38;2;189;197;217m████████[38;2;7;7;7m██[38;2;106;123;135m██[38;2;42;65;71m████[38;2;106;123;135m██[38;2;7;7;7m██[38;2;142;158;191m████[38;2;7;7;7m██                        
        ██[38;2;189;197;217m████[38;2;247;247;247m████████[38;2;140;198;230m██[38;2;193;228;255m████[38;2;140;198;230m██[38;2;247;247;247m██████████[38;2;82;120;156m████[38;2;247;247;247m██[38;2;189;197;217m██[38;2;84;90;115m██[38;2;247;247;247m██[38;2;140;198;230m██[38;2;193;228;255m████[38;2;140;198;230m██[38;2;247;247;247m████████[38;2;84;90;115m██[38;2;142;158;191m██████████[38;2;84;90;115m██        [38;2;82;120;156m██[38;2;193;228;255m████[38;2;140;198;230m██[38;2;82;120;156m██[38;2;140;198;230m██[38;2;42;65;71m████[38;2;7;7;7m██[38;2;189;197;217m██[38;2;84;90;115m██[38;2;189;197;217m██████████[38;2;7;7;7m██[38;2;106;123;135m██[38;2;42;65;71m██[38;2;107;198;197m██[38;2;42;65;71m██[38;2;106;123;135m██[38;2;7;7;7m██[38;2;142;158;191m██[38;2;7;7;7m██                        
          ██[38;2;189;197;217m████[38;2;247;247;247m████████[38;2;140;198;230m████[38;2;247;247;247m██████████████[38;2;189;197;217m██████[38;2;84;90;115m██[38;2;247;247;247m██[38;2;140;198;230m██[38;2;193;228;255m██[38;2;140;198;230m██[38;2;247;247;247m██████████[38;2;84;90;115m██[38;2;142;158;191m██████[38;2;84;90;115m████          [38;2;82;120;156m██[38;2;193;228;255m████[38;2;82;120;156m██[38;2;193;228;255m██[38;2;140;198;230m██[38;2;82;120;156m██[38;2;42;65;71m████[38;2;7;7;7m██[38;2;84;90;115m██[38;2;7;7;7m████[38;2;189;197;217m████[38;2;7;7;7m██[38;2;106;123;135m██[38;2;42;65;71m██[38;2;82;151;154m██[38;2;107;198;197m████[38;2;42;65;71m██[38;2;7;7;7m██[38;2;142;158;191m██[38;2;7;7;7m██                        
            ██[38;2;82;120;156m████[38;2;189;197;217m██[38;2;247;247;247m████████████████[38;2;189;197;217m██████████[38;2;7;7;7m██[38;2;247;247;247m██[38;2;140;198;230m██[38;2;193;228;255m██[38;2;140;198;230m██[38;2;247;247;247m██████████[38;2;84;90;115m██[38;2;142;158;191m██████[38;2;84;90;115m██              [38;2;82;120;156m██[38;2;193;228;255m██[38;2;140;198;230m██[38;2;82;120;156m██[38;2;193;228;255m██[38;2;82;120;156m████████[38;2;140;198;230m██[38;2;7;7;7m██    ██████[38;2;106;123;135m██[38;2;42;65;71m██[38;2;107;198;197m████[38;2;82;151;154m██[38;2;42;65;71m██[38;2;7;7;7m██[38;2;142;158;191m████[38;2;7;7;7m██                      
            ██[38;2;193;228;255m████[38;2;82;120;156m████[38;2;189;197;217m████████████████████[38;2;82;120;156m██[38;2;7;7;7m██[38;2;247;247;247m████[38;2;140;198;230m████[38;2;247;247;247m██████████[38;2;7;7;7m██[38;2;142;158;191m████████[38;2;84;90;115m██              [38;2;82;120;156m██[38;2;140;198;230m██[38;2;247;247;247m██[38;2;82;120;156m██[38;2;193;228;255m██[38;2;140;198;230m██[38;2;82;120;156m████████[38;2;193;228;255m██[38;2;7;7;7m██        ██[38;2;42;65;71m████[38;2;107;198;197m██[38;2;42;65;71m██[38;2;82;120;156m██[38;2;7;7;7m██[38;2;142;158;191m████[38;2;7;7;7m██                      
              ██[38;2;193;228;255m██████[38;2;82;120;156m████[38;2;189;197;217m████████████[38;2;82;120;156m████[38;2;140;198;230m██[38;2;7;7;7m██[38;2;247;247;247m██████████████[38;2;7;7;7m████[38;2;142;158;191m████████████[38;2;84;90;115m██            [38;2;82;120;156m██[38;2;247;247;247m██████[38;2;82;120;156m██[38;2;193;228;255m██[38;2;82;120;156m██████[38;2;140;198;230m██[38;2;193;228;255m██[38;2;7;7;7m██        ██[38;2;82;120;156m██[38;2;42;65;71m████[38;2;82;120;156m████[38;2;193;228;255m██[38;2;7;7;7m██[38;2;142;158;191m██[38;2;7;7;7m██                      
              ██[38;2;140;198;230m██████████[38;2;7;7;7m████████████[38;2;140;198;230m██████[38;2;7;7;7m██[38;2;247;247;247m████████[38;2;189;197;217m████[38;2;7;7;7m██    ██[38;2;142;158;191m████████████[38;2;84;90;115m██          [38;2;82;120;156m██[38;2;247;247;247m██████[38;2;82;120;156m██[38;2;193;228;255m██[38;2;140;198;230m██[38;2;82;120;156m████[38;2;193;228;255m██[38;2;7;7;7m██        [38;2;82;120;156m██[38;2;193;228;255m██[38;2;82;120;156m████████[38;2;140;198;230m██[38;2;193;228;255m██[38;2;7;7;7m██[38;2;142;158;191m████[38;2;7;7;7m██                    
                ██████████            [38;2;82;120;156m██████[38;2;7;7;7m██[38;2;247;247;247m██████████[38;2;7;7;7m██        ██[38;2;142;158;191m████████████[38;2;84;90;115m██████  [38;2;82;120;156m██[38;2;193;228;255m██[38;2;140;198;230m██[38;2;247;247;247m██████[38;2;82;120;156m██[38;2;193;228;255m██[38;2;82;120;156m██[38;2;140;198;230m██[38;2;193;228;255m██[38;2;7;7;7m██        [38;2;82;120;156m██[38;2;193;228;255m██[38;2;140;198;230m██[38;2;82;120;156m██████[38;2;193;228;255m██[38;2;7;7;7m██[38;2;142;158;191m██████[38;2;7;7;7m██                    
                                            ██[38;2;247;247;247m██████████[38;2;7;7;7m██          ██[38;2;142;158;191m████████████████[38;2;84;90;115m██[38;2;82;120;156m██[38;2;193;228;255m████[38;2;82;120;156m██[38;2;247;247;247m████[38;2;82;120;156m██[38;2;193;228;255m██[38;2;140;198;230m██[38;2;193;228;255m██[38;2;7;7;7m██            [38;2;82;120;156m██[38;2;193;228;255m██[38;2;82;120;156m████[38;2;140;198;230m██[38;2;193;228;255m██[38;2;7;7;7m██[38;2;142;158;191m████████[38;2;7;7;7m██                  
                                          ██[38;2;247;247;247m████████████[38;2;7;7;7m██            ██[38;2;142;158;191m████████████████[38;2;82;120;156m██[38;2;193;228;255m████[38;2;82;120;156m██[38;2;247;247;247m████[38;2;7;7;7m██[38;2;193;228;255m██████[38;2;7;7;7m██            [38;2;82;120;156m██[38;2;193;228;255m██[38;2;140;198;230m██[38;2;82;120;156m██[38;2;193;228;255m██[38;2;7;7;7m██[38;2;142;158;191m████████████[38;2;7;7;7m████              
                                          ██[38;2;247;247;247m██[38;2;140;198;230m██[38;2;247;247;247m████[38;2;140;198;230m██[38;2;247;247;247m██[38;2;140;198;230m██[38;2;7;7;7m██            ██[38;2;142;158;191m████████[38;2;82;120;156m████[38;2;142;158;191m██[38;2;82;120;156m██[38;2;140;198;230m██[38;2;193;228;255m██[38;2;82;120;156m██[38;2;247;247;247m██████[38;2;82;120;156m██[38;2;193;228;255m██[38;2;7;7;7m██                [38;2;82;120;156m██[38;2;193;228;255m██[38;2;140;198;230m██[38;2;193;228;255m██[38;2;7;7;7m██[38;2;142;158;191m████████████████[38;2;7;7;7m████          
                                        ██[38;2;247;247;247m██[38;2;140;198;230m██[38;2;193;228;255m██[38;2;247;247;247m████[38;2;140;198;230m██[38;2;247;247;247m██[38;2;140;198;230m██[38;2;193;228;255m██[38;2;7;7;7m██          ██[38;2;142;158;191m██████████[38;2;82;120;156m████[38;2;142;158;191m██[38;2;82;120;156m██[38;2;140;198;230m██[38;2;82;120;156m██[38;2;247;247;247m██████[38;2;7;7;7m██[38;2;193;228;255m██[38;2;7;7;7m██                ██[38;2;193;228;255m██████[38;2;7;7;7m██[38;2;142;158;191m████████████████████[38;2;7;7;7m██        
                                        ██[38;2;140;198;230m██[38;2;193;228;255m██[38;2;140;198;230m██[38;2;247;247;247m██[38;2;140;198;230m██[38;2;193;228;255m██[38;2;140;198;230m██[38;2;247;247;247m██[38;2;140;198;230m██[38;2;193;228;255m██[38;2;7;7;7m██          ████[38;2;142;158;191m██████[38;2;82;120;156m████[38;2;7;7;7m██  [38;2;82;120;156m██[38;2;247;247;247m██████████[38;2;7;7;7m██                    [38;2;82;120;156m██[38;2;193;228;255m██[38;2;7;7;7m██  ██[38;2;142;158;191m██████████████[38;2;82;120;156m████[38;2;142;158;191m██[38;2;7;7;7m██      
                                        ██[38;2;140;198;230m██[38;2;193;228;255m██[38;2;140;198;230m██[38;2;247;247;247m██[38;2;140;198;230m██[38;2;193;228;255m██[38;2;140;198;230m██[38;2;247;247;247m██[38;2;140;198;230m██[38;2;193;228;255m██[38;2;7;7;7m██              ██████████    [38;2;84;90;115m██[38;2;247;247;247m████████████[38;2;84;90;115m██                  [38;2;7;7;7m██[38;2;193;228;255m██[38;2;7;7;7m██  ██[38;2;142;158;191m██████████[38;2;82;120;156m██[38;2;142;158;191m████[38;2;82;120;156m████[38;2;7;7;7m██      
                                          ██[38;2;193;228;255m██[38;2;140;198;230m██[38;2;247;247;247m██[38;2;140;198;230m██[38;2;193;228;255m██[38;2;140;198;230m██[38;2;247;247;247m██[38;2;140;198;230m██[38;2;193;228;255m██[38;2;7;7;7m██                            [38;2;84;90;115m██[38;2;247;247;247m████████████[38;2;84;90;115m██                    [38;2;7;7;7m██    ██[38;2;142;158;191m██████████[38;2;82;120;156m████[38;2;142;158;191m██[38;2;82;120;156m████[38;2;7;7;7m██      
                                            ████[38;2;189;197;217m██[38;2;140;198;230m██[38;2;193;228;255m██[38;2;140;198;230m██[38;2;189;197;217m██[38;2;7;7;7m████                              [38;2;84;90;115m██[38;2;247;247;247m██████████████[38;2;84;90;115m██                          [38;2;7;7;7m████[38;2;142;158;191m██████[38;2;82;120;156m████[38;2;142;158;191m██[38;2;7;7;7m████        
                                                ██████████                                  [38;2;84;90;115m██[38;2;247;247;247m████[38;2;140;198;230m██[38;2;247;247;247m████[38;2;140;198;230m██[38;2;247;247;247m██[38;2;140;198;230m██[38;2;84;90;115m██                            [38;2;7;7;7m████████████            
                                                                                          ██[38;2;247;247;247m████[38;2;140;198;230m██[38;2;193;228;255m██[38;2;247;247;247m████[38;2;140;198;230m██[38;2;247;247;247m██[38;2;140;198;230m██[38;2;193;228;255m██[38;2;84;90;115m██                                                  
                                                                                          [38;2;7;7;7m██[38;2;247;247;247m██[38;2;140;198;230m██[38;2;193;228;255m██[38;2;140;198;230m██[38;2;247;247;247m██[38;2;140;198;230m██[38;2;193;228;255m██[38;2;140;198;230m██[38;2;247;247;247m██[38;2;140;198;230m██[38;2;193;228;255m██[38;2;7;7;7m██                                                
                                                                                          ██[38;2;189;197;217m██[38;2;140;198;230m██[38;2;193;228;255m██[38;2;140;198;230m██[38;2;247;247;247m██[38;2;140;198;230m██[38;2;193;228;255m██[38;2;140;198;230m██[38;2;247;247;247m██[38;2;140;198;230m██[38;2;193;228;255m██[38;2;7;7;7m██                                                
                                                                                            ██[38;2;140;198;230m██[38;2;193;228;255m██[38;2;140;198;230m██[38;2;247;247;247m██[38;2;140;198;230m██[38;2;193;228;255m██[38;2;140;198;230m██[38;2;189;197;217m██[38;2;140;198;230m██[38;2;7;7;7m██                                                  
                                                                                              ████[38;2;140;198;230m██[38;2;189;197;217m██[38;2;140;198;230m██[38;2;193;228;255m██[38;2;140;198;230m██[38;2;7;7;7m████                                                    
                                                                                                  ██████████                                                        
[0m