                                          [38;2;46;54;48m██████████████                                                                          
                                    ██████[38;2;63;79;66m██████████████[38;2;24;38;29m██                                                                        
                              [38;2;46;54;48m██████[38;2;63;79;66m████████████████████[38;2;15;15;15m██                                                                        
                          [38;2;46;54;48m████[38;2;63;79;66m██████████████████████████[38;2;15;15;15m██                                                                        
                        [38;2;46;54;48m██[38;2;63;79;66m████████████████████████████[38;2;15;15;15m██                                                                          
                      [38;2;46;54;48m██[38;2;63;79;66m████████████████████████████[38;2;15;15;15m██                                                                            
                    [38;2;46;54;48m██[38;2;63;79;66m████[38;2;107;117;101m██[38;2;63;79;66m██████████████████████[38;2;15;15;15m██                                                                              
                  [38;2;46;54;48m██[38;2;63;79;66m██[38;2;107;117;101m████[38;2;63;79;66m████████████████████████[38;2;15;15;15m██                                                                              
                [38;2;43;51;45m██[38;2;63;79;66m██[38;2;107;117;101m████[38;2;63;79;66m████████████████████████[38;2;15;15;15m██                                                                                
              [38;2;43;51;45m██[38;2;63;79;66m████[38;2;107;117;101m██[38;2;63;79;66m██████[38;2;46;54;48m██[38;2;63;79;66m██[38;2;46;54;48m████[38;2;63;79;66m██████[38;2;46;54;48m████[38;2;63;79;66m██[38;2;15;15;15m██                                                                                
              [38;2;43;51;45m██[38;2;63;79;66m██[38;2;107;117;101m██[38;2;63;79;66m██████[38;2;46;54;48m██[38;2;63;79;66m████████[38;2;46;54;48m██████[38;2;241;107;50m████[38;2;46;54;48m██[38;2;15;15;15m████                                                                              
            [38;2;43;51;45m██[38;2;63;79;66m██████████[38;2;46;54;48m██[38;2;63;79;66m████[38;2;15;15;15m████[38;2;226;233;215m████[38;2;43;51;45m██[38;2;241;107;50m████████[38;2;15;15;15m██[38;2;46;54;48m██[38;2;15;15;15m██                                                                            
            [38;2;43;51;45m██[38;2;63;79;66m██████████[38;2;46;54;48m██[38;2;63;79;66m██[38;2;43;51;45m██[38;2;226;233;215m██[38;2;15;15;15m██[38;2;226;233;215m████[38;2;43;51;45m██[38;2;241;107;50m████████[38;2;15;15;15m██[38;2;46;54;48m████[38;2;15;15;15m██                                                                          
            [38;2;43;51;45m██[38;2;63;79;66m██████████[38;2;46;54;48m██[38;2;63;79;66m██[38;2;149;158;138m██[38;2;15;15;15m██[38;2;149;158;138m██[38;2;226;233;215m██[38;2;96;125;109m██[38;2;117;176;125m██[38;2;43;51;45m██[38;2;241;107;50m████[38;2;43;51;45m██[38;2;15;15;15m██[38;2;46;54;48m████[38;2;15;15;15m██                                                                          
            [38;2;43;51;45m██[38;2;63;79;66m████████████[38;2;43;51;45m██[38;2;226;233;215m██████[38;2;96;125;109m██[38;2;117;176;125m██[38;2;43;51;45m██[38;2;63;79;66m██[38;2;43;51;45m████[38;2;15;15;15m██[38;2;46;54;48m████████[38;2;15;15;15m██                                                                        
            [38;2;43;51;45m██[38;2;63;79;66m████████[38;2;43;51;45m████[38;2;117;176;125m██████████[38;2;43;51;45m██[38;2;63;79;66m██████[38;2;15;15;15m██[38;2;46;54;48m██[38;2;24;38;29m██[38;2;63;79;66m████[38;2;46;54;48m██[38;2;15;15;15m██                                                                        
            [38;2;43;51;45m██[38;2;63;79;66m████[38;2;43;51;45m████[38;2;117;176;125m██████████[38;2;43;51;45m████[38;2;63;79;66m████[38;2;15;15;15m████[38;2;46;54;48m████[38;2;24;38;29m██[38;2;63;79;66m██████[38;2;15;15;15m██[38;2;52;69;61m██                                                                      
              ██[38;2;117;176;125m██[38;2;96;125;109m██[38;2;117;176;125m████[38;2;43;51;45m████████[38;2;63;79;66m████[38;2;15;15;15m████[38;2;46;54;48m████████[38;2;63;79;66m████████[38;2;15;15;15m██[38;2;117;176;125m██[38;2;52;69;61m██                                                                    
                ██[38;2;117;176;125m████[38;2;43;51;45m██[38;2;63;79;66m████████[38;2;15;15;15m████[38;2;50;57;67m██[38;2;15;15;15m██[38;2;46;54;48m██████[38;2;24;38;29m██[38;2;63;79;66m██████[38;2;15;15;15m██[38;2;117;176;125m██████[38;2;52;69;61m████                                                                
                  ████[38;2;63;79;66m██████[38;2;15;15;15m████[38;2;34;35;40m████[38;2;50;57;67m████[38;2;15;15;15m██[38;2;46;54;48m██[38;2;24;38;29m██[38;2;63;79;66m████████[38;2;24;38;29m██[38;2;117;176;125m██████████[38;2;52;69;61m████                                                            
                      [38;2;15;15;15m██████[38;2;34;35;40m██[38;2;50;57;67m██████[38;2;34;35;40m██[38;2;50;57;67m██[38;2;15;15;15m████[38;2;63;79;66m████████[38;2;24;38;29m██[38;2;117;176;125m████████████████[38;2;52;69;61m████                                                        
                          [38;2;34;35;40m██[38;2;50;57;67m██████[38;2;75;86;92m████[38;2;34;35;40m██[38;2;226;233;215m██[38;2;149;158;138m██[38;2;24;38;29m██[38;2;63;79;66m████[38;2;24;38;29m██[38;2;117;176;125m██████████████████████[38;2;52;69;61m██[38;2;15;15;15m██                                                    
                        [38;2;34;35;40m██[38;2;75;86;92m████████████[38;2;34;35;40m██[38;2;226;233;215m████[38;2;149;158;138m██[38;2;24;38;29m████[38;2;117;176;125m████████████████████████████[38;2;15;15;15m██                                [38;2;149;158;138m████████          
                        [38;2;34;35;40m██[38;2;75;86;92m██████████[38;2;34;35;40m██[38;2;226;233;215m████████[38;2;52;69;61m██[38;2;117;176;125m████████████[38;2;52;69;61m████[38;2;117;176;125m████████████████[38;2;15;15;15m██                          [38;2;34;35;40m████[38;2;226;233;215m████████[38;2;149;158;138m████      
                        [38;2;34;35;40m██[38;2;50;57;67m██████████[38;2;34;35;40m██[38;2;226;233;215m██████████[38;2;52;69;61m██[38;2;117;176;125m██████████[38;2;96;125;109m████[38;2;52;69;61m████[38;2;117;176;125m██████[38;2;96;125;109m██[38;2;117;176;125m████[38;2;15;15;15m██                        [38;2;34;35;40m██[38;2;75;86;92m████[38;2;50;57;67m██[38;2;226;233;215m██████████[38;2;149;158;138m██    
                        [38;2;34;35;40m██[38;2;75;86;92m██████████[38;2;34;35;40m██[38;2;226;233;215m██████████[38;2;52;69;61m██[38;2;117;176;125m████████[38;2;96;125;109m██████[38;2;15;15;15m██  [38;2;52;69;61m████[38;2;96;125;109m██[38;2;117;176;125m████████[38;2;15;15;15m██                    [38;2;34;35;40m██[38;2;75;86;92m██████[38;2;50;57;67m██[38;2;226;233;215m████████████[38;2;149;158;138m██  
                        [38;2;34;35;40m██[38;2;75;86;92m████████████[38;2;34;35;40m██[38;2;226;233;215m████████[38;2;149;158;138m██[38;2;117;176;125m████████[38;2;96;125;109m██████[38;2;15;15;15m██      [38;2;52;69;61m██[38;2;117;176;125m████████[38;2;15;15;15m██                  [38;2;34;35;40m██[38;2;75;86;92m████████[38;2;50;57;67m██[38;2;15;15;15m██████[38;2;149;158;138m██[38;2;226;233;215m████[38;2;149;158;138m██  
                        [38;2;34;35;40m██[38;2;75;86;92m████████████[38;2;34;35;40m██[38;2;226;233;215m████████[38;2;149;158;138m██[38;2;52;69;61m██[38;2;117;176;125m████[38;2;96;125;109m████████[38;2;15;15;15m██      [38;2;52;69;61m██[38;2;117;176;125m████████[38;2;15;15;15m██                  [38;2;34;35;40m██[38;2;50;57;67m██[38;2;75;86;92m██████[38;2;15;15;15m██        ██[38;2;226;233;215m████[38;2;149;158;138m██
                          [38;2;34;35;40m██[38;2;75;86;92m██████[38;2;50;57;67m████[38;2;75;86;92m██[38;2;34;35;40m██[38;2;226;233;215m████[38;2;149;158;138m████[38;2;52;69;61m██[38;2;117;176;125m██[38;2;96;125;109m██[38;2;117;176;125m██[38;2;96;125;109m██████[38;2;15;15;15m██      [38;2;52;69;61m██[38;2;117;176;125m████████[38;2;15;15;15m██                [38;2;34;35;40m██[38;2;75;86;92m████[38;2;50;57;67m██[38;2;75;86;92m██[38;2;15;15;15m██            ██[38;2;226;233;215m██[38;2;149;158;138m██
                          [38;2;34;35;40m██[38;2;50;57;67m██████[38;2;75;86;92m████████[38;2;34;35;40m██[38;2;149;158;138m████[38;2;34;35;40m████[38;2;96;125;109m██[38;2;117;176;125m██[38;2;96;125;109m██████████[38;2;15;15;15m██  [38;2;52;69;61m██[38;2;117;176;125m████████████[38;2;15;15;15m██        [38;2;24;38;29m████  [38;2;34;35;40m██[38;2;75;86;92m██████[38;2;50;57;67m██[38;2;15;15;15m██            ██[38;2;226;233;215m██[38;2;149;158;138m██
                        [38;2;52;69;61m██[38;2;96;125;109m██[38;2;34;35;40m██[38;2;75;86;92m████████████[38;2;50;57;67m██[38;2;34;35;40m████[38;2;50;57;67m████[38;2;15;15;15m██[38;2;96;125;109m████████████[38;2;15;15;15m██  [38;2;52;69;61m██[38;2;117;176;125m████████████[38;2;15;15;15m██      [38;2;24;38;29m██[38;2;63;79;66m██[38;2;46;54;48m██[38;2;15;15;15m██[38;2;75;86;92m████[38;2;50;57;67m████[38;2;15;15;15m██                ██  
                      [38;2;52;69;61m██[38;2;96;125;109m██████[38;2;34;35;40m██[38;2;75;86;92m████████[38;2;34;35;40m██[38;2;50;57;67m██████[38;2;34;35;40m██[38;2;50;57;67m██[38;2;15;15;15m██[38;2;96;125;109m██████████████[38;2;52;69;61m██[38;2;117;176;125m██████████████[38;2;15;15;15m██  [38;2;24;38;29m████[38;2;63;79;66m██[38;2;46;54;48m████[38;2;15;15;15m██[38;2;34;35;40m██[38;2;50;57;67m██████[38;2;15;15;15m██                    
                  [38;2;52;69;61m████[38;2;96;125;109m██████████[38;2;34;35;40m██[38;2;50;57;67m██[38;2;75;86;92m██[38;2;34;35;40m██[38;2;50;57;67m████████[38;2;34;35;40m██[38;2;50;57;67m██[38;2;15;15;15m██[38;2;96;125;109m██████████████[38;2;52;69;61m██[38;2;117;176;125m██████████████[38;2;15;15;15m██[38;2;24;38;29m██[38;2;63;79;66m████[38;2;46;54;48m██████[38;2;15;15;15m██[38;2;50;57;67m██[38;2;34;35;40m██[38;2;50;57;67m██[38;2;15;15;15m██                      
          [38;2;52;69;61m████████[38;2;96;125;109m████████████████[38;2;34;35;40m████[38;2;50;57;67m████████[38;2;34;35;40m██[38;2;15;15;15m████[38;2;96;125;109m██████████████[38;2;52;69;61m██[38;2;96;125;109m████[38;2;117;176;125m████████████[38;2;15;15;15m██[38;2;63;79;66m████[38;2;46;54;48m████████[38;2;15;15;15m██[38;2;50;57;67m████[38;2;34;35;40m██[38;2;15;15;15m██                      
    [38;2;52;69;61m████[38;2;96;125;109m██[38;2;117;176;125m████████[38;2;96;125;109m██████████████[38;2;15;15;15m██    ██████████[38;2;96;125;109m██████[38;2;34;35;40m██[38;2;96;125;109m████████[38;2;15;15;15m██[38;2;96;125;109m██[38;2;117;176;125m████████████████[38;2;15;15;15m██[38;2;46;54;48m██████████[38;2;15;15;15m██[38;2;50;57;67m██████[38;2;34;35;40m██[38;2;15;15;15m██                      
  [38;2;52;69;61m██[38;2;117;176;125m██████[38;2;52;69;61m██[38;2;117;176;125m████████[38;2;96;125;109m██████████[38;2;15;15;15m██          [38;2;52;69;61m████[38;2;96;125;109m██[38;2;52;69;61m██[38;2;96;125;109m██[38;2;34;35;40m██[38;2;50;57;67m██[38;2;34;35;40m██[38;2;96;125;109m████[38;2;15;15;15m██[38;2;117;176;125m████████████████[38;2;96;125;109m██[38;2;117;176;125m██[38;2;15;15;15m██[38;2;46;54;48m██████████[38;2;15;15;15m██[38;2;50;57;67m██████[38;2;15;15;15m██                        
  [38;2;52;69;61m██[38;2;117;176;125m████[38;2;52;69;61m██[38;2;117;176;125m██████████[38;2;96;125;109m████████[38;2;15;15;15m██        [38;2;52;69;61m████[38;2;96;125;109m██████[38;2;52;69;61m██[38;2;96;125;109m██[38;2;34;35;40m██[38;2;50;57;67m████[38;2;34;35;40m██[38;2;15;15;15m██[38;2;117;176;125m████████████████████[38;2;96;125;109m██[38;2;15;15;15m██[38;2;46;54;48m████████[38;2;15;15;15m██[38;2;50;57;67m██[38;2;34;35;40m██[38;2;50;57;67m████[38;2;15;15;15m██                        
[38;2;52;69;61m██[38;2;117;176;125m████[38;2;52;69;61m██[38;2;117;176;125m████████[38;2;15;15;15m██[38;2;50;57;67m████[38;2;96;125;109m████[38;2;15;15;15m██      [38;2;52;69;61m████[38;2;96;125;109m████████████[38;2;34;35;40m██[38;2;50;57;67m████████[38;2;15;15;15m██[38;2;117;176;125m████[38;2;96;125;109m██[38;2;117;176;125m████[38;2;52;69;61m██[38;2;117;176;125m██████████[38;2;15;15;15m██[38;2;46;54;48m████[38;2;15;15;15m████[38;2;50;57;67m████[38;2;34;35;40m██[38;2;50;57;67m██[38;2;15;15;15m██                          
[38;2;52;69;61m██[38;2;117;176;125m██[38;2;50;57;67m██[38;2;52;69;61m██[38;2;117;176;125m████[38;2;15;15;15m████[38;2;50;57;67m██████[38;2;15;15;15m████      [38;2;52;69;61m██[38;2;96;125;109m████████████████[38;2;34;35;40m██[38;2;50;57;67m██████[38;2;15;15;15m██[38;2;117;176;125m████[38;2;52;69;61m██[38;2;117;176;125m██████[38;2;52;69;61m██[38;2;117;176;125m████[38;2;96;125;109m██[38;2;117;176;125m████[38;2;96;125;109m██[38;2;15;15;15m████[38;2;50;57;67m██[38;2;34;35;40m██[38;2;50;57;67m████[38;2;34;35;40m██[38;2;50;57;67m██[38;2;15;15;15m██                          
██[38;2;117;176;125m██[38;2;50;57;67m██[38;2;52;69;61m██[38;2;117;176;125m██[38;2;15;15;15m██[38;2;96;125;109m████[38;2;15;15;15m██████        [38;2;52;69;61m██[38;2;96;125;109m██████████████████[38;2;34;35;40m██[38;2;50;57;67m██████[38;2;15;15;15m██[38;2;117;176;125m████[38;2;15;15;15m██[38;2;117;176;125m████[38;2;52;69;61m██[38;2;117;176;125m██████[38;2;15;15;15m██[38;2;117;176;125m██████[38;2;15;15;15m██[38;2;50;57;67m████[38;2;34;35;40m██[38;2;50;57;67m████[38;2;34;35;40m██[38;2;15;15;15m██                            
██[38;2;117;176;125m██[38;2;15;15;15m██████[38;2;96;125;109m██[38;2;15;15;15m████            [38;2;52;69;61m██[38;2;96;125;109m████████████████████[38;2;34;35;40m██[38;2;50;57;67m██████[38;2;15;15;15m██[38;2;117;176;125m██[38;2;15;15;15m████[38;2;117;176;125m████[38;2;52;69;61m██[38;2;117;176;125m██████[38;2;15;15;15m██[38;2;52;69;61m██[38;2;117;176;125m████[38;2;15;15;15m██[38;2;50;57;67m████[38;2;34;35;40m██[38;2;50;57;67m████[38;2;15;15;15m██                              
████    ████              [38;2;52;69;61m██[38;2;96;125;109m████████████████████████[38;2;34;35;40m██[38;2;50;57;67m████[38;2;15;15;15m████[38;2;50;57;67m██[38;2;15;15;15m██[38;2;117;176;125m████[38;2;52;69;61m██[38;2;117;176;125m████[38;2;15;15;15m██[38;2;96;125;109m██[38;2;52;69;61m██[38;2;117;176;125m████[38;2;15;15;15m██[38;2;50;57;67m████[38;2;34;35;40m██[38;2;50;57;67m██[38;2;15;15;15m██                                
                        [38;2;52;69;61m██[38;2;96;125;109m██████████████████████████[38;2;34;35;40m██[38;2;50;57;67m████████████[38;2;15;15;15m██[38;2;117;176;125m██[38;2;52;69;61m██[38;2;117;176;125m████[38;2;15;15;15m██[38;2;96;125;109m████[38;2;15;15;15m██[38;2;117;176;125m██[38;2;15;15;15m██[38;2;50;57;67m██[38;2;34;35;40m██[38;2;50;57;67m██[38;2;15;15;15m██                                  
                        ██[38;2;96;125;109m██████[38;2;52;69;61m██[38;2;96;125;109m████████████████[38;2;15;15;15m██████[38;2;50;57;67m██████████[38;2;15;15;15m██[38;2;117;176;125m██[38;2;52;69;61m██[38;2;117;176;125m██[38;2;15;15;15m██[38;2;96;125;109m██████[38;2;15;15;15m██[38;2;117;176;125m██[38;2;15;15;15m██[38;2;50;57;67m██[38;2;34;35;40m██[38;2;15;15;15m██                                    
                        ██[38;2;96;125;109m████[38;2;52;69;61m██[38;2;96;125;109m██████████████[38;2;15;15;15m████      ████[38;2;50;57;67m████[38;2;15;15;15m██[38;2;96;125;109m██[38;2;15;15;15m██[38;2;52;69;61m██[38;2;117;176;125m██[38;2;15;15;15m██[38;2;96;125;109m████[38;2;15;15;15m██[38;2;50;57;67m██[38;2;15;15;15m██[38;2;50;57;67m██[38;2;15;15;15m████                                      
                          ██[38;2;96;125;109m████████████[38;2;15;15;15m██████              ██████[38;2;96;125;109m████[38;2;15;15;15m████[38;2;96;125;109m██████[38;2;15;15;15m██[38;2;50;57;67m██[38;2;15;15;15m████                                          
                          ██[38;2;96;125;109m██████████████[38;2;15;15;15m██                    ██[38;2;96;125;109m████████████████[38;2;15;15;15m██                                              
                            ██[38;2;96;125;109m██████████████[38;2;15;15;15m██                    ██[38;2;96;125;109m██[38;2;52;69;61m██[38;2;96;125;109m██████[38;2;52;69;61m██[38;2;96;125;109m██[38;2;15;15;15m██                                              
                            ██[38;2;96;125;109m██[38;2;117;176;125m████████[38;2;96;125;109m██████[38;2;15;15;15m██                  ██[38;2;96;125;109m████[38;2;52;69;61m██[38;2;96;125;109m████[38;2;52;69;61m██[38;2;96;125;109m████[38;2;15;15;15m██                                            
                              ██[38;2;117;176;125m████████████[38;2;96;125;109m██[38;2;52;69;61m████                  ██[38;2;96;125;109m████████████████[38;2;15;15;15m██                                          
                              ██[38;2;117;176;125m████████████████[38;2;15;15;15m██                  ██[38;2;96;125;109m████████████████[38;2;15;15;15m██                                          
                                ██[38;2;117;176;125m████████████████[38;2;15;15;15m██                ██[38;2;96;125;109m████[38;2;117;176;125m████████[38;2;96;125;109m██████[38;2;15;15;15m██                                        
                            [38;2;52;69;61m████[38;2;15;15;15m██[38;2;117;176;125m████████████████[38;2;15;15;15m██                  [38;2;52;69;61m██[38;2;117;176;125m██████████████[38;2;96;125;109m██[38;2;15;15;15m██                                        
                        [38;2;52;69;61m████[38;2;117;176;125m████████████████████████[38;2;15;15;15m██                ██[38;2;117;176;125m████████████████[38;2;96;125;109m██[38;2;15;15;15m██                                      
                      ██[38;2;117;176;125m████[38;2;52;69;61m██████[38;2;96;125;109m██[38;2;117;176;125m████████████████[38;2;15;15;15m██                ██[38;2;117;176;125m██████████████████[38;2;52;69;61m██                                      
                        [38;2;15;15;15m████[38;2;117;176;125m████████████████████████[38;2;15;15;15m██                  [38;2;52;69;61m██[38;2;117;176;125m██████████████████[38;2;15;15;15m██                                    
                      ██[38;2;117;176;125m████[38;2;52;69;61m████[38;2;96;125;109m██[38;2;117;176;125m████████[38;2;96;125;109m██[38;2;117;176;125m████████[38;2;15;15;15m██                  [38;2;52;69;61m██[38;2;117;176;125m██████████████████[38;2;52;69;61m██                                    
                    [38;2;15;15;15m██[38;2;117;176;125m██[38;2;52;69;61m████[38;2;117;176;125m████████████[38;2;52;69;61m██[38;2;117;176;125m████████[38;2;15;15;15m██                    [38;2;52;69;61m██[38;2;117;176;125m████████████████████[38;2;52;69;61m██                                  
                    [38;2;15;15;15m██[38;2;52;69;61m██[38;2;117;176;125m██████████[38;2;15;15;15m████[38;2;52;69;61m██[38;2;117;176;125m██████[38;2;15;15;15m████                    [38;2;52;69;61m██[38;2;117;176;125m████████████████████████[38;2;52;69;61m██                                
                      [38;2;15;15;15m████████████  [38;2;52;69;61m██[38;2;117;176;125m████[38;2;15;15;15m████                      [38;2;52;69;61m██[38;2;117;176;125m████[38;2;96;125;109m██[38;2;117;176;125m████[38;2;96;125;109m██[38;2;117;176;125m██████[38;2;96;125;109m██[38;2;117;176;125m██████[38;2;52;69;61m██                                
                                    [38;2;15;15;15m██████                        [38;2;52;69;61m██[38;2;117;176;125m████[38;2;52;69;61m██[38;2;117;176;125m██████[38;2;52;69;61m██[38;2;117;176;125m██████[38;2;96;125;109m██[38;2;15;15;15m██[38;2;117;176;125m██████[38;2;52;69;61m██                              
                                                                  ██[38;2;117;176;125m████[38;2;52;69;61m██[38;2;117;176;125m██████[38;2;52;69;61m██[38;2;117;176;125m██████[38;2;15;15;15m██  ██[38;2;117;176;125m████[38;2;52;69;61m██                              
                                                                ██[38;2;117;176;125m████[38;2;15;15;15m████[38;2;117;176;125m████[38;2;52;69;61m██[38;2;117;176;125m██████[38;2;96;125;109m██[38;2;15;15;15m██    ██[38;2;117;176;125m██[38;2;52;69;61m██                              
                                                                [38;2;15;15;15m██████  ██[38;2;117;176;125m████[38;2;52;69;61m██[38;2;117;176;125m██████[38;2;15;15;15m██        ████                              
                                                                          [38;2;52;69;61m██[38;2;117;176;125m██[38;2;52;69;61m██[38;2;117;176;125m████[38;2;15;15;15m██                                            
                                                                          ██[38;2;117;176;125m██[38;2;52;69;61m██[38;2;117;176;125m██[38;2;15;15;15m██                                              
                                                                            ██████                                                
[0m