                                                  [38;2;49;102;51m██[38;2;16;16;16m██                                            
                                                [38;2;49;102;51m██[38;2;151;209;96m██[38;2;16;16;16m██                                            
                                              [38;2;49;102;51m██[38;2;151;209;96m██[38;2;16;16;16m██                                              
                                            [38;2;49;102;51m██[38;2;151;209;96m████[38;2;16;16;16m██                                              
                                            [38;2;49;102;51m██[38;2;151;209;96m██[38;2;16;16;16m██                                                
                                          [38;2;49;102;51m██[38;2;151;209;96m████[38;2;16;16;16m██                                                
                                          [38;2;49;102;51m██[38;2;151;209;96m██[38;2;16;16;16m██                                                  
                                        [38;2;49;102;51m██[38;2;151;209;96m████[38;2;16;16;16m██                                                  
                                        [38;2;49;102;51m██[38;2;151;209;96m████[38;2;16;16;16m██                                                  
                                        [38;2;49;102;51m██[38;2;151;209;96m██[38;2;16;16;16m██                                                    
                                      [38;2;49;102;51m██[38;2;151;209;96m████[38;2;16;16;16m██                                                    
                                      [38;2;49;102;51m██[38;2;151;209;96m████[38;2;16;16;16m██                                                    
                                      [38;2;49;102;51m██[38;2;151;209;96m████[38;2;16;16;16m██                                                    
                                      [38;2;49;102;51m██[38;2;151;209;96m██[38;2;16;16;16m██                                                      
                                    [38;2;49;102;51m██[38;2;151;209;96m████[38;2;16;16;16m██                                                      
                                    [38;2;49;102;51m██[38;2;151;209;96m████[38;2;16;16;16m██                                                      
                                    [38;2;49;102;51m██[38;2;151;209;96m████[38;2;16;16;16m██                                                      
                                    [38;2;49;102;51m██[38;2;151;209;96m████[38;2;16;16;16m██                                                      
                                    [38;2;49;102;51m██[38;2;151;209;96m██[38;2;16;16;16m██                                                        
                        [38;2;150;108;50m████      [38;2;49;102;51m██[38;2;151;209;96m████[38;2;16;16;16m██                                                        
                      [38;2;150;108;50m██[38;2;255;223;94m████[38;2;16;16;16m██    [38;2;49;102;51m██[38;2;151;209;96m████[38;2;16;16;16m██    [38;2;150;108;50m████                                                
                    ██[38;2;255;223;94m██████[38;2;16;16;16m██    [38;2;49;102;51m██[38;2;151;209;96m████[38;2;16;16;16m██  [38;2;150;108;50m██[38;2;255;223;94m████[38;2;150;108;50m██                                              
                    ██[38;2;255;223;94m████████[38;2;16;16;16m██  [38;2;49;102;51m██[38;2;151;209;96m██[38;2;103;171;73m██[38;2;16;16;16m██[38;2;150;108;50m██[38;2;255;223;94m████████[38;2;16;16;16m██                                            
                  [38;2;150;108;50m██[38;2;255;223;94m██████████[38;2;16;16;16m██  [38;2;49;102;51m██[38;2;151;209;96m██[38;2;103;171;73m██[38;2;150;108;50m██[38;2;255;223;94m██████████[38;2;16;16;16m██                                            
                  [38;2;150;108;50m██[38;2;255;223;94m██████████[38;2;16;16;16m██  [38;2;49;102;51m██[38;2;103;171;73m████[38;2;150;108;50m██[38;2;255;223;94m██████████[38;2;16;16;16m██                                            
                  [38;2;150;108;50m██[38;2;255;223;94m██████████[38;2;16;16;16m██  [38;2;49;102;51m██[38;2;103;171;73m██[38;2;150;108;50m██[38;2;255;223;94m████████████[38;2;16;16;16m██                                            
                  [38;2;150;108;50m██[38;2;255;223;94m████████████[38;2;16;16;16m██[38;2;103;171;73m████[38;2;150;108;50m██[38;2;255;223;94m████████████[38;2;16;16;16m██                                            
                  [38;2;150;108;50m██[38;2;255;223;94m██████[38;2;16;16;16m██[38;2;255;223;94m████[38;2;16;16;16m██[38;2;103;171;73m██[38;2;16;16;16m██[38;2;255;223;94m██████████████[38;2;16;16;16m██                                            
                    [38;2;150;108;50m██[38;2;255;223;94m██[38;2;16;16;16m██[38;2;255;255;255m██[38;2;16;16;16m██[38;2;255;223;94m██[38;2;16;16;16m██[38;2;103;171;73m██[38;2;16;16;16m██[38;2;255;223;94m████[38;2;16;16;16m██[38;2;255;223;94m██████[38;2;16;16;16m██                                              
                    [38;2;150;108;50m██[38;2;255;223;94m██[38;2;16;16;16m██████[38;2;255;223;94m██[38;2;16;16;16m██[38;2;103;171;73m██[38;2;16;16;16m██[38;2;255;223;94m██[38;2;16;16;16m██[38;2;255;255;255m██[38;2;16;16;16m██[38;2;255;223;94m████[38;2;16;16;16m██                                              
                      [38;2;150;108;50m██[38;2;255;223;94m██[38;2;16;16;16m██[38;2;255;223;94m████[38;2;16;16;16m██[38;2;103;171;73m██[38;2;16;16;16m██[38;2;255;223;94m██[38;2;16;16;16m██████[38;2;255;223;94m██[38;2;16;16;16m██                                                
                      ██[38;2;255;223;94m████████[38;2;16;16;16m██[38;2;103;171;73m██[38;2;16;16;16m██[38;2;255;223;94m████[38;2;16;16;16m██[38;2;255;223;94m████[38;2;16;16;16m██                                                
                        ██[38;2;255;223;94m██████[38;2;16;16;16m██[38;2;103;171;73m██[38;2;16;16;16m██[38;2;255;223;94m████████[38;2;16;16;16m██                                                  
                          ██[38;2;255;223;94m████[38;2;16;16;16m██[38;2;103;171;73m██[38;2;16;16;16m██[38;2;255;223;94m██████[38;2;16;16;16m██                                                    
                        [38;2;49;102;51m██████████[38;2;103;171;73m██[38;2;16;16;16m██[38;2;255;223;94m████[38;2;16;16;16m██                                                      
                    [38;2;49;102;51m████[38;2;151;209;96m██████████████[38;2;103;171;73m████[38;2;49;102;51m████                                                    
                  ██[38;2;103;171;73m██[38;2;151;209;96m████[38;2;103;171;73m██[38;2;151;209;96m████████████████[38;2;103;171;73m██[38;2;49;102;51m██                                                  
                ██[38;2;151;209;96m██[38;2;103;171;73m██[38;2;151;209;96m██[38;2;103;171;73m██[38;2;151;209;96m██████████████████[38;2;103;171;73m████[38;2;16;16;16m██                                                
                [38;2;49;102;51m██[38;2;151;209;96m████████████████████████[38;2;103;171;73m████[38;2;150;108;50m████                                                
                [38;2;49;102;51m██[38;2;151;209;96m██[38;2;49;102;51m████████[38;2;151;209;96m██████████[38;2;103;171;73m██████[38;2;150;108;50m██[38;2;235;192;124m████[38;2;16;16;16m██                                              
            [38;2;168;12;22m████[38;2;214;42;36m██[38;2;16;16;16m██[38;2;235;192;124m████████[38;2;49;102;51m██████[38;2;103;171;73m██████████[38;2;235;192;124m██████[38;2;16;16;16m██████                                          
        [38;2;168;12;22m████[38;2;252;76;63m██████[38;2;16;16;16m██[38;2;235;192;124m██████████████[38;2;49;102;51m████[38;2;103;171;73m████[38;2;49;102;51m██[38;2;235;192;124m██████[38;2;16;16;16m██[38;2;214;42;36m████[38;2;135;15;15m██[38;2;16;16;16m██                                      
      [38;2;168;12;22m██[38;2;252;76;63m██[38;2;255;126;112m████[38;2;252;76;63m██████[38;2;16;16;16m██[38;2;235;192;124m████████████████[38;2;49;102;51m████[38;2;235;192;124m██████[38;2;16;16;16m██[38;2;214;42;36m██████████[38;2;16;16;16m██                                    
    [38;2;168;12;22m██[38;2;252;76;63m██[38;2;255;126;112m████[38;2;255;255;255m██[38;2;255;126;112m██[38;2;252;76;63m██████[38;2;16;16;16m██[38;2;150;108;50m██[38;2;235;192;124m████████[38;2;16;16;16m██████████████[38;2;214;42;36m██████████████[38;2;16;16;16m██                                  
  [38;2;168;12;22m██[38;2;252;76;63m████[38;2;255;126;112m██[38;2;255;255;255m██[38;2;255;126;112m████[38;2;252;76;63m████████[38;2;214;42;36m██[38;2;16;16;16m██████[38;2;135;15;15m██[38;2;252;76;63m██████████████[38;2;135;15;15m██████[38;2;214;42;36m██████████[38;2;16;16;16m██                                
  [38;2;168;12;22m██[38;2;252;76;63m██████[38;2;255;126;112m████[38;2;252;76;63m████████[38;2;168;12;22m████[38;2;252;76;63m████████████████████████████[38;2;214;42;36m██████████[38;2;135;15;15m██                                
[38;2;168;12;22m██[38;2;252;76;63m██████████████████████████████████████████████████████[38;2;214;42;36m██████████[38;2;16;16;16m██                              
[38;2;168;12;22m██[38;2;252;76;63m████[38;2;214;42;36m██[38;2;252;76;63m████████████████████████████████████████████████[38;2;214;42;36m██████████[38;2;16;16;16m██                              
[38;2;168;12;22m██[38;2;252;76;63m████[38;2;168;12;22m██[38;2;252;76;63m████████[38;2;214;42;36m████[38;2;252;76;63m██████████████████████████████████[38;2;214;42;36m████████████[38;2;16;16;16m██                              
  [38;2;168;12;22m██[38;2;252;76;63m██[38;2;168;12;22m██[38;2;214;42;36m██[38;2;252;76;63m████[38;2;214;42;36m██[38;2;168;12;22m████[38;2;214;42;36m██[38;2;252;76;63m██████████[38;2;214;42;36m████[38;2;252;76;63m██████████████[38;2;214;42;36m██████████████[38;2;135;15;15m██                                
  ██[38;2;252;76;63m██[38;2;204;20;20m██[38;2;168;12;22m██[38;2;252;76;63m████[38;2;168;12;22m██[38;2;204;20;20m████[38;2;168;12;22m██[38;2;252;76;63m████████[38;2;214;42;36m██[38;2;168;12;22m████[38;2;214;42;36m██[38;2;252;76;63m██████[38;2;214;42;36m██[38;2;135;15;15m████[38;2;214;42;36m████████████[38;2;135;15;15m██[38;2;16;16;16m██                                
  [38;2;135;15;15m██[38;2;252;76;63m██[38;2;204;20;20m████[38;2;168;12;22m████[38;2;204;20;20m████████[38;2;168;12;22m██[38;2;252;76;63m████[38;2;214;42;36m██[38;2;168;12;22m██[38;2;204;20;20m████[38;2;168;12;22m██[38;2;252;76;63m██████[38;2;135;15;15m██[38;2;168;12;22m████[38;2;135;15;15m████[38;2;214;42;36m██████[38;2;135;15;15m██[38;2;168;12;22m██[38;2;16;16;16m██                                
[38;2;135;15;15m██[38;2;255;126;112m██[38;2;252;76;63m██[38;2;204;20;20m██████████████████[38;2;168;12;22m██████[38;2;204;20;20m██████[38;2;168;12;22m██[38;2;252;76;63m██████[38;2;135;15;15m██[38;2;168;12;22m████████[38;2;135;15;15m██████[38;2;168;12;22m████[38;2;16;16;16m██                                
[38;2;135;15;15m██[38;2;255;126;112m██[38;2;252;76;63m██[38;2;135;15;15m██[38;2;204;20;20m██████████████████████████[38;2;168;12;22m██[38;2;252;76;63m██[38;2;255;126;112m██[38;2;252;76;63m████[38;2;214;42;36m██[38;2;135;15;15m██[38;2;168;12;22m████████████████[38;2;16;16;16m██                                
[38;2;135;15;15m██[38;2;252;76;63m██[38;2;214;42;36m██[38;2;135;15;15m██[38;2;252;76;63m██[38;2;204;20;20m████████████████████████[38;2;168;12;22m██[38;2;252;76;63m██[38;2;255;126;112m██[38;2;252;76;63m████[38;2;214;42;36m██[38;2;135;15;15m██[38;2;168;12;22m████████████████[38;2;16;16;16m████                              
  [38;2;135;15;15m████[38;2;16;16;16m██[38;2;252;76;63m██[38;2;204;20;20m██████████████████████[38;2;252;76;63m██[38;2;168;12;22m██[38;2;252;76;63m██████[38;2;214;42;36m████[38;2;135;15;15m██[38;2;168;12;22m██████████████[38;2;16;16;16m██[38;2;103;171;73m████[38;2;16;16;16m████                          
        ██[38;2;252;76;63m██[38;2;204;20;20m████████████████████[38;2;252;76;63m████[38;2;135;15;15m██[38;2;214;42;36m██████[38;2;135;15;15m██[38;2;168;12;22m██████████████[38;2;214;42;36m██[38;2;16;16;16m██[38;2;103;171;73m████████[38;2;16;16;16m██          ████          
        ██[38;2;252;76;63m████[38;2;204;20;20m████████████████[38;2;252;76;63m████████[38;2;135;15;15m██████[38;2;168;12;22m████████████████[38;2;214;42;36m██[38;2;16;16;16m██[38;2;103;171;73m██████████[38;2;16;16;16m██      ██[38;2;61;130;51m████[38;2;16;16;16m██        
        ██[38;2;252;76;63m██████[38;2;204;20;20m██████████[38;2;252;76;63m████████████████[38;2;214;42;36m██[38;2;168;12;22m██████████████[38;2;214;42;36m██[38;2;16;16;16m██[38;2;103;171;73m██[38;2;235;192;124m██[38;2;103;171;73m██████████[38;2;49;102;51m██    [38;2;16;16;16m██[38;2;61;130;51m████[38;2;16;16;16m████████  
          ██[38;2;252;76;63m██████████████████████[38;2;204;20;20m████[38;2;252;76;63m██████[38;2;214;42;36m██[38;2;168;12;22m████████[38;2;214;42;36m██████[38;2;16;16;16m██[38;2;235;192;124m████[38;2;103;171;73m██████████[38;2;49;102;51m██  [38;2;16;16;16m██[38;2;61;130;51m██████[38;2;16;16;16m██[38;2;61;130;51m██████[38;2;16;16;16m██
          ██[38;2;204;20;20m██[38;2;252;76;63m██████████████████[38;2;204;20;20m████████[38;2;252;76;63m██[38;2;214;42;36m████████████████[38;2;16;16;16m██[38;2;235;192;124m████████[38;2;103;171;73m██████████[38;2;49;102;51m██[38;2;16;16;16m██[38;2;61;130;51m████[38;2;16;16;16m██[38;2;61;130;51m████████[38;2;16;16;16m██
            ██[38;2;204;20;20m████[38;2;252;76;63m██████████[38;2;204;20;20m██████████████[38;2;214;42;36m██████████████[38;2;168;12;22m██[38;2;16;16;16m████[38;2;150;108;50m██[38;2;235;192;124m████████[38;2;103;171;73m██████[38;2;49;102;51m██[38;2;16;16;16m██[38;2;61;130;51m██[38;2;16;16;16m██[38;2;61;130;51m████████[38;2;16;16;16m██  
              ██[38;2;204;20;20m████████████████████████[38;2;168;12;22m██████[38;2;214;42;36m████████[38;2;168;12;22m██[38;2;16;16;16m██      ██[38;2;235;192;124m██████[38;2;103;171;73m████████[38;2;49;102;51m██[38;2;16;16;16m██[38;2;61;130;51m████[38;2;49;102;51m██[38;2;16;16;16m████    
                ██[38;2;204;20;20m████████████████████[38;2;168;12;22m████████████████[38;2;16;16;16m██          ██[38;2;235;192;124m████[38;2;103;171;73m██████████[38;2;49;102;51m██████          
                  [38;2;16;16;16m██[38;2;168;12;22m██[38;2;204;20;20m████████████[38;2;168;12;22m██████████████████[38;2;16;16;16m██              [38;2;150;108;50m██[38;2;235;192;124m████[38;2;103;171;73m████[38;2;235;192;124m██[38;2;103;171;73m████████[38;2;49;102;51m████      
              [38;2;135;15;15m████[38;2;214;42;36m██[38;2;16;16;16m██[38;2;168;12;22m████████████████████████████[38;2;16;16;16m██████            ██[38;2;235;192;124m██████████[38;2;103;171;73m████████████[38;2;16;16;16m██    
            [38;2;135;15;15m██[38;2;252;76;63m████████[38;2;16;16;16m██[38;2;135;15;15m██[38;2;168;12;22m████████████████████[38;2;135;15;15m██[38;2;16;16;16m██[38;2;214;42;36m██████[38;2;16;16;16m████          ██[38;2;235;192;124m██████████[38;2;103;171;73m████[38;2;235;192;124m████[38;2;16;16;16m██      
          [38;2;135;15;15m██[38;2;214;42;36m██[38;2;252;76;63m██[38;2;255;126;112m████[38;2;252;76;63m██████[38;2;214;42;36m██[38;2;135;15;15m██████████████████[38;2;214;42;36m██████████████[38;2;16;16;16m██          ████[38;2;235;192;124m██████████[38;2;150;108;50m██[38;2;16;16;16m██        
          [38;2;135;15;15m██[38;2;252;76;63m████[38;2;255;126;112m████[38;2;252;76;63m██████████████████[38;2;214;42;36m████████████████████████[38;2;16;16;16m██            ██████████            
          [38;2;135;15;15m██[38;2;252;76;63m████████████████████████████[38;2;214;42;36m██████████████████████[38;2;16;16;16m██                                  
            [38;2;135;15;15m████[38;2;214;42;36m██[38;2;252;76;63m██████████████████████[38;2;214;42;36m████████████████████[38;2;16;16;16m██                                    
                  [38;2;135;15;15m████[38;2;252;76;63m██████████████████[38;2;214;42;36m██[38;2;16;16;16m██████████████████                                      
                      ██[38;2;214;42;36m██[38;2;252;76;63m██████████[38;2;214;42;36m██[38;2;16;16;16m████                                                        
                        ██████████████                                                            
[0m