                                                                                              [38;2;95;98;0m██                                                                                                
                                                                                            ██[38;2;171;183;106m██                                                                                                
                                                                                [38;2;95;98;0m██████████[38;2;171;183;106m██████                                                                                                
                                                          [38;2;95;98;0m████                ██[38;2;171;183;106m██████████████[38;2;95;98;0m██                                                                                                
                              ████                ██      ██[38;2;171;183;106m██[38;2;95;98;0m██            ██[38;2;171;183;106m████████████[38;2;95;98;0m████                                                                                                  
                    ████    ██[38;2;171;183;106m████[38;2;95;98;0m██            ██[38;2;171;183;106m██[38;2;95;98;0m██      ██[38;2;171;183;106m██[38;2;95;98;0m██          ██[38;2;171;183;106m████[38;2;16;16;16m██████[38;2;95;98;0m██                                                                                                      
                    ██[38;2;171;183;106m██[38;2;95;98;0m████[38;2;171;183;106m████████[38;2;95;98;0m██          ██[38;2;171;183;106m██[38;2;95;98;0m██      ██[38;2;171;183;106m████          [38;2;95;98;0m██[38;2;171;183;106m██[38;2;16;16;16m██                                                                                                              
                        [38;2;95;98;0m██[38;2;171;183;106m████[38;2;95;98;0m██████[38;2;171;183;106m██[38;2;95;98;0m██        ██[38;2;171;183;106m████[38;2;95;98;0m██      ██[38;2;171;183;106m██  [38;2;109;66;170m██[38;2;160;124;236m████[38;2;109;66;170m██  [38;2;95;98;0m██[38;2;171;183;106m██[38;2;16;16;16m██                                                                                                            
                          [38;2;95;98;0m████      [38;2;171;183;106m██[38;2;95;98;0m██      [38;2;109;66;170m████[38;2;171;183;106m████[38;2;95;98;0m██      ██[38;2;171;183;106m██[38;2;109;66;170m██[38;2;160;124;236m██[38;2;255;255;255m██[38;2;160;124;236m████  [38;2;95;98;0m██[38;2;171;183;106m████[38;2;16;16;16m██                                                                                                          
                                    [38;2;171;183;106m██[38;2;95;98;0m██    [38;2;109;66;170m██[38;2;255;255;255m██[38;2;160;124;236m██[38;2;109;66;170m██[38;2;171;183;106m██[38;2;95;98;0m██      ██[38;2;171;183;106m██[38;2;109;66;170m██[38;2;160;124;236m██[38;2;234;183;251m████[38;2;160;124;236m██  [38;2;95;98;0m██[38;2;171;183;106m████[38;2;16;16;16m██                                                                                                          
                                    ██[38;2;171;183;106m██[38;2;95;98;0m██  [38;2;109;66;170m██[38;2;234;183;251m████[38;2;160;124;236m██[38;2;109;66;170m██[38;2;171;183;106m██      [38;2;95;98;0m██[38;2;171;183;106m██[38;2;109;66;170m██[38;2;234;183;251m██[38;2;229;83;98m████[38;2;234;183;251m██  [38;2;95;98;0m██[38;2;171;183;106m████[38;2;16;16;16m██                                                                                                          
                                    ██[38;2;171;183;106m██[38;2;95;98;0m██  [38;2;109;66;170m██[38;2;229;83;98m████[38;2;234;183;251m██[38;2;109;66;170m██[38;2;171;183;106m██    [38;2;95;98;0m██[38;2;171;183;106m██[38;2;95;98;0m██[38;2;109;66;170m██[38;2;229;83;98m████████  [38;2;95;98;0m██[38;2;171;183;106m████[38;2;16;16;16m██                                                                                                          
                                    ██[38;2;171;183;106m██[38;2;95;98;0m██    [38;2;229;83;98m██████[38;2;109;66;170m██[38;2;95;98;0m██[38;2;171;183;106m██  [38;2;95;98;0m██[38;2;171;183;106m████    [38;2;109;66;170m██[38;2;229;83;98m██[38;2;109;66;170m██[38;2;16;16;16m██[38;2;171;183;106m██████[38;2;16;16;16m██                                                                                                          
                                    [38;2;95;98;0m██[38;2;171;183;106m████[38;2;95;98;0m██  [38;2;109;66;170m██[38;2;229;83;98m██[38;2;109;66;170m██  [38;2;95;98;0m██[38;2;171;183;106m██[38;2;16;16;16m██  [38;2;171;183;106m████[38;2;95;98;0m████[38;2;16;16;16m██████[38;2;171;183;106m██████[38;2;16;16;16m██          [38;2;85;16;12m████                                                                                              
                                      [38;2;16;16;16m██[38;2;171;183;106m████[38;2;95;98;0m██[38;2;16;16;16m██████[38;2;95;98;0m██[38;2;171;183;106m████[38;2;16;16;16m██  ██[38;2;171;183;106m████████████[38;2;95;98;0m████[38;2;16;16;16m██        [38;2;85;16;12m████[38;2;147;20;35m██[38;2;85;16;12m██                                                                                              
                                        [38;2;16;16;16m████[38;2;171;183;106m████████████[38;2;16;16;16m██      ██[38;2;171;183;106m██[38;2;16;16;16m████[38;2;95;98;0m██[38;2;171;183;106m██          [38;2;85;16;12m████[38;2;147;20;35m██████    [38;2;85;16;12m██████████                                                                                  
                                            [38;2;16;16;16m██[38;2;95;98;0m██[38;2;171;183;106m██[38;2;95;98;0m██[38;2;16;16;16m████          ██    ██[38;2;171;183;106m██        [38;2;85;16;12m██[38;2;147;20;35m████████[38;2;85;16;12m██[38;2;16;16;16m████[38;2;229;83;98m██████████[38;2;85;16;12m████                                                                              
                          ██████████          [38;2;95;98;0m██[38;2;171;183;106m██[38;2;16;16;16m██                    ██[38;2;171;183;106m██      [38;2;85;16;12m██[38;2;147;20;35m████████[38;2;16;16;16m██[38;2;229;83;98m████[38;2;85;16;12m████[38;2;103;66;170m████████████[38;2;147;20;35m██[38;2;16;16;16m████                                                                        
                        [38;2;85;16;12m██[38;2;229;83;98m██████████[38;2;85;16;12m██████    [38;2;171;183;106m████[38;2;16;16;16m██                  [38;2;95;98;0m██[38;2;171;183;106m████[38;2;85;16;12m██████[38;2;147;20;35m████████[38;2;16;16;16m██[38;2;229;83;98m████[38;2;16;16;16m██[38;2;103;66;170m████[38;2;16;16;16m██████[38;2;70;29;128m██[38;2;103;66;170m████████[38;2;147;20;35m██[38;2;16;16;16m██                                                                      
                      [38;2;85;16;12m██[38;2;229;83;98m██[38;2;16;16;16m██████[38;2;147;20;35m██████████[38;2;85;16;12m████[38;2;171;183;106m████[38;2;16;16;16m██    [38;2;95;98;0m██      ██████[38;2;171;183;106m██████[38;2;147;20;35m██████[38;2;85;16;12m████[38;2;147;20;35m██[38;2;16;16;16m██[38;2;229;83;98m████[38;2;16;16;16m██[38;2;103;66;170m██████████    [38;2;16;16;16m████[38;2;103;66;170m████████[38;2;16;16;16m██                                                                    
                    ██[38;2;229;83;98m██[38;2;16;16;16m██[38;2;103;66;170m██[38;2;70;29;128m██  [38;2;16;16;16m████[38;2;147;20;35m██████████[38;2;171;183;106m██████[38;2;95;98;0m████[38;2;171;183;106m██[38;2;16;16;16m██  [38;2;95;98;0m██[38;2;171;183;106m██████████[38;2;16;16;16m██[38;2;147;20;35m██████████[38;2;16;16;16m██[38;2;229;83;98m████[38;2;16;16;16m██[38;2;103;66;170m██████████████[38;2;70;29;128m██    [38;2;16;16;16m██[38;2;103;66;170m████████[38;2;16;16;16m██                                                                  
                    ██[38;2;103;66;170m████████[38;2;70;29;128m██  ████[38;2;85;16;12m██[38;2;147;20;35m██████[38;2;85;16;12m██[38;2;16;16;16m██[38;2;171;183;106m████████[38;2;16;16;16m██  [38;2;95;98;0m██[38;2;171;183;106m██[38;2;95;98;0m██[38;2;16;16;16m██████[38;2;229;83;98m████[38;2;85;16;12m████████[38;2;229;83;98m████[38;2;16;16;16m██[38;2;103;66;170m██████████████████[38;2;70;29;128m██    [38;2;169;124;236m██████████                                                                  
                  [38;2;16;16;16m██[38;2;103;66;170m██████████[38;2;70;29;128m██[38;2;16;16;16m██[38;2;85;16;12m██[38;2;229;83;98m████████[38;2;85;16;12m██[38;2;16;16;16m██[38;2;147;20;35m████████[38;2;171;183;106m██[38;2;16;16;16m██[38;2;147;20;35m██[38;2;95;98;0m██[38;2;171;183;106m██[38;2;229;83;98m██████████    [38;2;16;16;16m████[38;2;229;83;98m██[38;2;16;16;16m██        ██[38;2;103;66;170m██████[38;2;169;124;236m██████████[38;2;70;29;128m██  ██[38;2;169;124;236m████████[38;2;103;66;170m██                                                              
                  [38;2;16;16;16m██[38;2;103;66;170m██████████[38;2;16;16;16m██[38;2;229;83;98m██████████████[38;2;147;20;35m██[38;2;16;16;16m██[38;2;147;20;35m██████[38;2;95;98;0m██[38;2;147;20;35m██[38;2;95;98;0m██[38;2;171;183;106m██[38;2;16;16;16m██[38;2;229;83;98m████████[38;2;16;16;16m████[38;2;85;16;12m██[38;2;229;83;98m██████[38;2;16;16;16m████[38;2;70;29;128m██████  [38;2;16;16;16m██[38;2;169;124;236m████████████████    [38;2;70;29;128m██[38;2;169;124;236m████████[38;2;103;66;170m██                                                            
                  [38;2;16;16;16m██[38;2;103;66;170m████████[38;2;16;16;16m██[38;2;229;83;98m██████[38;2;16;16;16m██[38;2;85;16;12m████[38;2;229;83;98m████████[38;2;85;16;12m████[38;2;147;20;35m██[38;2;95;98;0m██[38;2;229;83;98m██[38;2;95;98;0m██[38;2;171;183;106m██[38;2;16;16;16m██[38;2;229;83;98m████[38;2;147;20;35m████[38;2;229;83;98m██████████[38;2;16;16;16m██[38;2;103;66;170m██████████[38;2;70;29;128m████[38;2;16;16;16m██[38;2;169;124;236m██████████████[38;2;70;29;128m██    [38;2;103;66;170m██[38;2;169;124;236m██████[38;2;103;66;170m██                                                            
                  [38;2;16;16;16m██[38;2;103;66;170m████████[38;2;16;16;16m██[38;2;229;83;98m██[38;2;16;16;16m████[38;2;103;66;170m██[38;2;16;16;16m██[38;2;229;83;98m██████████████[38;2;85;16;12m██[38;2;229;83;98m████[38;2;95;98;0m██[38;2;16;16;16m██[38;2;229;83;98m████[38;2;147;20;35m██[38;2;229;83;98m██████████[38;2;147;20;35m██[38;2;16;16;16m████[38;2;103;66;170m████████[38;2;169;124;236m████████[38;2;103;66;170m██[38;2;169;124;236m██████████████[38;2;70;29;128m██  ██[38;2;169;124;236m████████[38;2;103;66;170m██                                                          
                  [38;2;16;16;16m██[38;2;103;66;170m████████[38;2;16;16;16m████[38;2;103;66;170m██[38;2;70;29;128m██[38;2;103;66;170m██[38;2;16;16;16m██[38;2;229;83;98m██[38;2;85;16;12m██[38;2;16;16;16m██████[38;2;229;83;98m████████████████████████████[38;2;16;16;16m██████  ████[38;2;169;124;236m██████████████[38;2;103;66;170m██[38;2;169;124;236m██████████████[38;2;70;29;128m██  [38;2;103;66;170m██[38;2;169;124;236m████████[38;2;103;66;170m██                                                        
                    [38;2;16;16;16m██[38;2;103;66;170m████████████████████████████[38;2;16;16;16m██[38;2;105;49;31m████[38;2;16;16;16m██[38;2;147;20;35m██[38;2;229;83;98m██████[38;2;147;20;35m████[38;2;16;16;16m██████[38;2;105;49;31m██[38;2;154;90;72m████████[38;2;16;16;16m████[38;2;154;90;72m████[38;2;16;16;16m██[38;2;169;124;236m██████████[38;2;103;66;170m██[38;2;169;124;236m████████████████[38;2;103;66;170m██[38;2;169;124;236m██████████                                                        
                    [38;2;16;16;16m██[38;2;103;66;170m████████████[38;2;105;49;31m████[38;2;103;66;170m██████████[38;2;16;16;16m██[38;2;105;49;31m████████[38;2;16;16;16m████████████[38;2;105;49;31m██████[38;2;154;90;72m████████████████[38;2;16;16;16m██[38;2;169;124;236m██████████████[38;2;103;66;170m██[38;2;169;124;236m██████████████████████████                                                        
                    [38;2;16;16;16m██[38;2;103;66;170m████████████[38;2;16;16;16m██[38;2;105;49;31m██[38;2;103;66;170m██████████[38;2;105;49;31m██[38;2;154;90;72m██[38;2;105;49;31m████[38;2;16;16;16m██[38;2;169;47;62m██[38;2;105;49;31m██████████████[38;2;154;90;72m██████████████[38;2;16;16;16m████  [38;2;70;29;128m██[38;2;169;124;236m████████████[38;2;103;66;170m██[38;2;169;124;236m██████████████████████████                                                        
                    [38;2;16;16;16m██[38;2;103;66;170m██████████████[38;2;154;90;72m██[38;2;105;49;31m██[38;2;103;66;170m██████[38;2;105;49;31m██[38;2;154;90;72m██████[38;2;16;16;16m████[38;2;218;61;68m██[38;2;109;66;170m██[38;2;105;49;31m████████[38;2;154;90;72m████████[38;2;16;16;16m██████████        [38;2;169;124;236m██████████████[38;2;103;66;170m██[38;2;169;124;236m██████████████[38;2;70;29;128m██[38;2;169;124;236m████████[38;2;103;66;170m██                                                      
                    [38;2;16;16;16m██[38;2;103;66;170m██████████████[38;2;154;90;72m██[38;2;105;49;31m████████[38;2;154;90;72m██████[38;2;105;49;31m██[38;2;160;124;236m██████[38;2;105;49;31m████[38;2;16;16;16m██[38;2;105;49;31m██[38;2;16;16;16m████[38;2;154;90;72m████████[38;2;16;16;16m██              [38;2;169;124;236m██████████████[38;2;103;66;170m██[38;2;169;124;236m██████████████[38;2;70;29;128m██[38;2;169;124;236m████████[38;2;103;66;170m██                                                      
                    [38;2;16;16;16m██[38;2;103;66;170m████████████[38;2;70;29;128m██[38;2;103;66;170m██[38;2;16;16;16m████[38;2;105;49;31m██[38;2;154;90;72m██[38;2;16;16;16m██████████[38;2;105;49;31m██[38;2;154;90;72m████[38;2;16;16;16m██[38;2;103;66;170m██[38;2;105;49;31m██[38;2;16;16;16m██    ██[38;2;154;90;72m██████████          [38;2;70;29;128m██[38;2;169;124;236m██████████████[38;2;103;66;170m██[38;2;169;124;236m██████████████[38;2;103;66;170m██[38;2;169;124;236m████████[38;2;103;66;170m██                                                    
                  [38;2;16;16;16m██[38;2;103;66;170m██████████████[38;2;70;29;128m██[38;2;103;66;170m████████[38;2;16;16;16m██[38;2;103;66;170m██████[38;2;16;16;16m██[38;2;105;49;31m██[38;2;16;16;16m██[38;2;154;90;72m████[38;2;16;16;16m██[38;2;103;66;170m██[38;2;105;49;31m██[38;2;16;16;16m██      ██████████          [38;2;70;29;128m██[38;2;169;124;236m██████████████[38;2;103;66;170m██[38;2;169;124;236m██████████████[38;2;103;66;170m██[38;2;169;124;236m████████[38;2;103;66;170m██                                                    
                  [38;2;16;16;16m██[38;2;103;66;170m██████████████[38;2;70;29;128m██[38;2;103;66;170m██████████████[38;2;16;16;16m██[38;2;105;49;31m████[38;2;16;16;16m██[38;2;154;90;72m████[38;2;16;16;16m██[38;2;103;66;170m██[38;2;16;16;16m██[38;2;105;49;31m██[38;2;16;16;16m██                          [38;2;70;29;128m██[38;2;169;124;236m██████████████[38;2;103;66;170m██[38;2;169;124;236m████████████[38;2;103;66;170m██[38;2;169;124;236m████████[38;2;103;66;170m██                                                    
                  [38;2;16;16;16m██[38;2;103;66;170m██████████████[38;2;70;29;128m██[38;2;103;66;170m██████████████[38;2;16;16;16m██[38;2;105;49;31m██[38;2;16;16;16m██[38;2;103;66;170m██[38;2;105;49;31m██[38;2;154;90;72m██[38;2;16;16;16m██[38;2;103;66;170m██[38;2;16;16;16m██[38;2;154;90;72m██[38;2;16;16;16m██                          [38;2;70;29;128m██[38;2;169;124;236m██████████████[38;2;103;66;170m██[38;2;169;124;236m██████████████[38;2;103;66;170m██[38;2;169;124;236m████████[38;2;103;66;170m██                                                  
                  [38;2;16;16;16m██[38;2;103;66;170m██████████████[38;2;16;16;16m██[38;2;103;66;170m████████████[38;2;16;16;16m██[38;2;105;49;31m████[38;2;16;16;16m██[38;2;103;66;170m██[38;2;16;16;16m██[38;2;154;90;72m████[38;2;16;16;16m██[38;2;103;66;170m██[38;2;16;16;16m██[38;2;154;90;72m██[38;2;105;49;31m████                      [38;2;70;29;128m██[38;2;169;124;236m██████████████[38;2;103;66;170m██[38;2;169;124;236m██████████████[38;2;103;66;170m██[38;2;169;124;236m████████[38;2;103;66;170m██                                                  
                  [38;2;16;16;16m██[38;2;103;66;170m██████████████[38;2;16;16;16m██[38;2;103;66;170m████████[38;2;16;16;16m██[38;2;105;49;31m████[38;2;16;16;16m██[38;2;103;66;170m██████[38;2;16;16;16m██[38;2;154;90;72m████[38;2;105;49;31m██[38;2;103;66;170m██████[38;2;16;16;16m██[38;2;154;90;72m████[38;2;105;49;31m████                [38;2;70;29;128m██[38;2;169;124;236m████████████████████████████████████████[38;2;103;66;170m██                                                  
                [38;2;16;16;16m██[38;2;103;66;170m████████████████[38;2;16;16;16m██[38;2;103;66;170m██████[38;2;105;49;31m██[38;2;154;90;72m██[38;2;16;16;16m████[38;2;103;66;170m████[38;2;16;16;16m██[38;2;103;66;170m██[38;2;16;16;16m██[38;2;154;90;72m██████[38;2;103;66;170m████████[38;2;16;16;16m████[38;2;154;90;72m████[38;2;105;49;31m████          [38;2;70;29;128m██[38;2;169;124;236m████[38;2;103;66;170m██[38;2;169;124;236m████[38;2;103;66;170m██[38;2;169;124;236m████████████████████████████████[38;2;103;66;170m██                                                
                [38;2;16;16;16m██[38;2;103;66;170m████████████████[38;2;16;16;16m██[38;2;103;66;170m████[38;2;105;49;31m██[38;2;154;90;72m██[38;2;16;16;16m██[38;2;103;66;170m████████[38;2;16;16;16m██[38;2;103;66;170m██[38;2;16;16;16m██[38;2;154;90;72m██████[38;2;105;49;31m████[38;2;103;66;170m████[38;2;16;16;16m██  ████[38;2;154;90;72m████[38;2;105;49;31m██        [38;2;70;29;128m██[38;2;169;124;236m████[38;2;103;66;170m██[38;2;169;124;236m████[38;2;103;66;170m██[38;2;169;124;236m██████████████████████[38;2;103;66;170m██[38;2;169;124;236m████████[38;2;103;66;170m██                                                
                [38;2;16;16;16m██[38;2;103;66;170m████████████████[38;2;16;16;16m██[38;2;105;49;31m████[38;2;154;90;72m██[38;2;16;16;16m██[38;2;103;66;170m████████[38;2;16;16;16m██  ██[38;2;154;90;72m████████████[38;2;105;49;31m██████      [38;2;16;16;16m████[38;2;154;90;72m██[38;2;105;49;31m██      ██[38;2;169;124;236m██████[38;2;103;66;170m██[38;2;169;124;236m██[38;2;103;66;170m██[38;2;169;124;236m██████████████████████[38;2;103;66;170m██[38;2;169;124;236m████████[38;2;103;66;170m██                                                
                [38;2;16;16;16m██[38;2;103;66;170m██████████████[38;2;16;16;16m██[38;2;105;49;31m██[38;2;154;90;72m████[38;2;16;16;16m██[38;2;103;66;170m██████████[38;2;16;16;16m██  [38;2;105;49;31m██[38;2;154;90;72m██████[38;2;105;49;31m██[38;2;154;90;72m██████████[38;2;105;49;31m██    [38;2;16;16;16m██[38;2;154;90;72m██[38;2;16;16;16m██[38;2;154;90;72m██[38;2;105;49;31m██████[38;2;154;90;72m██[38;2;105;49;31m██[38;2;169;124;236m████[38;2;103;66;170m██[38;2;169;124;236m██[38;2;103;66;170m██[38;2;169;124;236m██████████████████████[38;2;103;66;170m██[38;2;169;124;236m████████[38;2;103;66;170m██                                                
                [38;2;16;16;16m██[38;2;103;66;170m████████████[38;2;16;16;16m██[38;2;103;66;170m██[38;2;105;49;31m██[38;2;154;90;72m██[38;2;16;16;16m██[38;2;103;66;170m████████████[38;2;16;16;16m████[38;2;154;90;72m██[38;2;105;49;31m██[38;2;154;90;72m██████[38;2;16;16;16m████████  ████[38;2;154;90;72m████[38;2;16;16;16m████[38;2;105;49;31m██[38;2;16;16;16m████[38;2;154;90;72m██[38;2;105;49;31m██[38;2;169;124;236m██[38;2;70;29;128m████[38;2;169;124;236m██████[38;2;70;29;128m██[38;2;169;124;236m██████████████████████[38;2;103;66;170m██[38;2;169;124;236m████████[38;2;103;66;170m██                                              
                [38;2;16;16;16m██[38;2;103;66;170m████████████[38;2;16;16;16m██[38;2;105;49;31m██[38;2;154;90;72m██[38;2;16;16;16m██[38;2;103;66;170m██████████[38;2;105;49;31m████[38;2;154;90;72m████[38;2;16;16;16m██[38;2;229;83;98m██[38;2;105;49;31m██[38;2;154;90;72m██████[38;2;16;16;16m██[38;2;105;49;31m██[38;2;16;16;16m████[38;2;105;49;31m██████[38;2;16;16;16m████[38;2;154;90;72m████[38;2;16;16;16m██  ██[38;2;154;90;72m██[38;2;105;49;31m██[38;2;169;124;236m████████████[38;2;70;29;128m██████[38;2;169;124;236m████████████████[38;2;103;66;170m██[38;2;169;124;236m██████████                                              
                [38;2;103;66;170m██████████████[38;2;16;16;16m██[38;2;154;90;72m████[38;2;103;66;170m██████████[38;2;105;49;31m██[38;2;154;90;72m████████[38;2;16;16;16m██[38;2;229;83;98m██[38;2;16;16;16m██[38;2;154;90;72m██████[38;2;16;16;16m██[38;2;105;49;31m████[38;2;69;39;35m████████[38;2;105;49;31m████[38;2;154;90;72m██[38;2;16;16;16m██    ██[38;2;154;90;72m████[38;2;105;49;31m██[38;2;169;124;236m████████████[38;2;16;16;16m██[38;2;70;29;128m██[38;2;169;124;236m████████████████[38;2;103;66;170m██[38;2;169;124;236m██████████                                              
                [38;2;103;66;170m████████████[38;2;105;49;31m██[38;2;154;90;72m██[38;2;16;16;16m████[38;2;103;66;170m██████████[38;2;154;90;72m██████[38;2;105;49;31m██[38;2;16;16;16m████[38;2;229;83;98m████[38;2;16;16;16m██[38;2;154;90;72m██████[38;2;16;16;16m██[38;2;69;39;35m██[38;2;160;124;236m████[38;2;109;66;170m████[38;2;76;29;128m██[38;2;69;39;35m██[38;2;16;16;16m██    ██[38;2;105;49;31m██[38;2;16;16;16m██[38;2;154;90;72m████[38;2;105;49;31m██[38;2;169;124;236m██████████[38;2;16;16;16m██[38;2;70;29;128m██[38;2;169;124;236m████████████████████████████[38;2;16;16;16m██                                            
              ██[38;2;103;66;170m██████████[38;2;105;49;31m██[38;2;154;90;72m██[38;2;16;16;16m██[38;2;103;66;170m██████████[38;2;70;29;128m██[38;2;103;66;170m██[38;2;16;16;16m████████  ██[38;2;229;83;98m██[38;2;147;20;35m██[38;2;229;83;98m██[38;2;16;16;16m██████[38;2;200;106;156m██[38;2;160;124;236m████████[38;2;109;66;170m████[38;2;76;29;128m██[38;2;105;49;31m██[38;2;16;16;16m████[38;2;105;49;31m████  [38;2;16;16;16m████[38;2;154;90;72m██[38;2;105;49;31m██[38;2;169;124;236m████████[38;2;16;16;16m██  [38;2;70;29;128m██[38;2;169;124;236m██████████████████[38;2;103;66;170m██[38;2;169;124;236m████[38;2;103;66;170m██[38;2;169;124;236m██[38;2;16;16;16m██                                          
            [38;2;70;29;128m██[38;2;103;66;170m██[38;2;70;29;128m██[38;2;103;66;170m██████[38;2;105;49;31m██[38;2;16;16;16m██[38;2;103;66;170m████[38;2;70;29;128m██[38;2;103;66;170m██████[38;2;16;16;16m██[38;2;103;66;170m████████[38;2;16;16;16m██    [38;2;154;90;72m██[38;2;105;49;31m██[38;2;229;83;98m██████[38;2;147;20;35m██[38;2;229;83;98m██[38;2;200;106;156m██[38;2;105;49;31m██[38;2;16;16;16m██[38;2;160;124;236m██[38;2;69;39;35m████[38;2;76;29;128m██[38;2;109;66;170m████[38;2;105;49;31m██[38;2;16;16;16m████          ██[38;2;105;49;31m██[38;2;103;66;170m██████[38;2;70;29;128m██  [38;2;16;16;16m██[38;2;169;124;236m██[38;2;103;66;170m██[38;2;169;124;236m██[38;2;103;66;170m██[38;2;169;124;236m██████[38;2;103;66;170m██[38;2;16;16;16m██[38;2;103;66;170m████[38;2;70;29;128m██[38;2;103;66;170m██[38;2;70;29;128m██[38;2;103;66;170m████[38;2;16;16;16m██                                      
          [38;2;103;66;170m██[38;2;169;124;236m██[38;2;103;66;170m██[38;2;70;29;128m██[38;2;103;66;170m██████[38;2;105;49;31m██[38;2;16;16;16m██[38;2;103;66;170m████[38;2;16;16;16m██[38;2;103;66;170m██████[38;2;16;16;16m██[38;2;103;66;170m██████[38;2;16;16;16m██      [38;2;154;90;72m██[38;2;105;49;31m██[38;2;229;83;98m██████████[38;2;200;106;156m██[38;2;105;49;31m██[38;2;16;16;16m██[38;2;69;39;35m██[38;2;105;49;31m████[38;2;69;39;35m██[38;2;109;66;170m████[38;2;69;39;35m██[38;2;16;16;16m██            ██[38;2;105;49;31m██[38;2;103;66;170m████████  [38;2;16;16;16m██[38;2;169;124;236m████[38;2;70;29;128m██[38;2;169;124;236m██[38;2;103;66;170m████████  [38;2;16;16;16m██[38;2;103;66;170m████[38;2;70;29;128m██[38;2;103;66;170m██[38;2;70;29;128m██[38;2;103;66;170m████[38;2;16;16;16m██                                    
          [38;2;103;66;170m██[38;2;169;124;236m████[38;2;103;66;170m██████[38;2;105;49;31m██[38;2;154;90;72m██[38;2;103;66;170m████[38;2;16;16;16m██[38;2;103;66;170m██████████[38;2;16;16;16m██[38;2;103;66;170m██[38;2;16;16;16m██      ██[38;2;154;90;72m██[38;2;105;49;31m██[38;2;229;83;98m██████████[38;2;160;124;236m██[38;2;105;49;31m██[38;2;154;90;72m██[38;2;105;49;31m██[38;2;16;16;16m████[38;2;105;49;31m██[38;2;69;39;35m██[38;2;109;66;170m████[38;2;16;16;16m██              [38;2;154;90;72m██[38;2;105;49;31m██[38;2;103;66;170m██████    [38;2;16;16;16m██[38;2;103;66;170m██[38;2;70;29;128m██[38;2;103;66;170m████[38;2;70;29;128m██[38;2;103;66;170m████[38;2;16;16;16m██  ██[38;2;103;66;170m████████[38;2;70;29;128m██[38;2;103;66;170m████[38;2;16;16;16m██                                  
        [38;2;103;66;170m██[38;2;169;124;236m██████[38;2;103;66;170m██████[38;2;105;49;31m██[38;2;154;90;72m██[38;2;16;16;16m████[38;2;103;66;170m██████████████[38;2;16;16;16m██      ██[38;2;154;90;72m██████[38;2;69;39;35m██[38;2;229;83;98m██[38;2;147;20;35m██[38;2;229;83;98m██[38;2;200;106;156m██[38;2;160;124;236m██[38;2;105;49;31m██[38;2;154;90;72m██[38;2;16;16;16m██    ██[38;2;105;49;31m██[38;2;109;66;170m██[38;2;76;29;128m██[38;2;16;16;16m██          ██████[38;2;154;90;72m██[38;2;105;49;31m██[38;2;70;29;128m██[38;2;103;66;170m██[38;2;70;29;128m██  [38;2;16;16;16m██[38;2;103;66;170m████████[38;2;70;29;128m██[38;2;103;66;170m████[38;2;70;29;128m██    [38;2;16;16;16m██[38;2;103;66;170m██[38;2;70;29;128m██[38;2;103;66;170m████[38;2;70;29;128m████[38;2;103;66;170m██[38;2;16;16;16m████                              
      [38;2;103;66;170m██[38;2;169;124;236m██████[38;2;103;66;170m██[38;2;169;124;236m██[38;2;103;66;170m██[38;2;105;49;31m██[38;2;154;90;72m██[38;2;16;16;16m██[38;2;70;29;128m██[38;2;103;66;170m████████████████[38;2;16;16;16m██        ██[38;2;154;90;72m██[38;2;105;49;31m██[38;2;69;39;35m██[38;2;147;20;35m██[38;2;229;83;98m██[38;2;200;106;156m██[38;2;160;124;236m██[38;2;16;16;16m██[38;2;105;49;31m██[38;2;154;90;72m██        [38;2;16;16;16m██[38;2;69;39;35m██[38;2;76;29;128m██[38;2;109;66;170m██[38;2;16;16;16m██    ████[38;2;109;66;170m██████[38;2;16;16;16m██[38;2;154;90;72m██[38;2;105;49;31m██[38;2;70;29;128m██      ██[38;2;103;66;170m████████[38;2;70;29;128m██[38;2;103;66;170m████[38;2;16;16;16m██    ██[38;2;103;66;170m██[38;2;70;29;128m████[38;2;103;66;170m████[38;2;70;29;128m██[38;2;103;66;170m████[38;2;16;16;16m████                          
      [38;2;169;124;236m████[38;2;103;66;170m██[38;2;169;124;236m████████[38;2;105;49;31m██[38;2;154;90;72m██[38;2;16;16;16m██[38;2;70;29;128m██[38;2;103;66;170m████████████[38;2;16;16;16m██              ██[38;2;105;49;31m██████[38;2;69;39;35m██[38;2;105;49;31m████[38;2;16;16;16m██  [38;2;105;49;31m██[38;2;16;16;16m██        ██[38;2;105;49;31m██[38;2;109;66;170m██[38;2;16;16;16m██  [38;2;109;66;170m██[38;2;76;29;128m██[38;2;69;39;35m██[38;2;105;49;31m████████[38;2;16;16;16m██[38;2;154;90;72m██[38;2;105;49;31m██        [38;2;16;16;16m██[38;2;103;66;170m██[38;2;70;29;128m██[38;2;103;66;170m████████████[38;2;16;16;16m██    ████[38;2;103;66;170m████████[38;2;70;29;128m████[38;2;103;66;170m██[38;2;16;16;16m████                      
    [38;2;103;66;170m██████[38;2;169;124;236m████████[38;2;105;49;31m██[38;2;154;90;72m██[38;2;16;16;16m██  [38;2;70;29;128m██[38;2;169;124;236m██[38;2;103;66;170m██████████[38;2;16;16;16m██              [38;2;105;49;31m██[38;2;16;16;16m████[38;2;105;49;31m████[38;2;16;16;16m████    [38;2;105;49;31m██[38;2;16;16;16m██        ██[38;2;105;49;31m██[38;2;109;66;170m██[38;2;16;16;16m████[38;2;69;39;35m██[38;2;105;49;31m██[38;2;16;16;16m██████████████[38;2;154;90;72m██          [38;2;103;66;170m████[38;2;70;29;128m██[38;2;103;66;170m████[38;2;70;29;128m██[38;2;103;66;170m██████[38;2;16;16;16m██      ████[38;2;70;29;128m██[38;2;103;66;170m██████[38;2;70;29;128m██[38;2;103;66;170m████[38;2;16;16;16m██                    
    [38;2;103;66;170m██[38;2;169;124;236m████████████[38;2;105;49;31m██[38;2;154;90;72m██[38;2;16;16;16m██  [38;2;103;66;170m██[38;2;169;124;236m████[38;2;103;66;170m██████[38;2;16;16;16m██                [38;2;105;49;31m██[38;2;16;16;16m██  ████        [38;2;105;49;31m██[38;2;16;16;16m██          ██[38;2;109;66;170m██[38;2;16;16;16m██[38;2;109;66;170m██[38;2;16;16;16m████            ██[38;2;105;49;31m████        [38;2;16;16;16m██[38;2;103;66;170m████[38;2;70;29;128m████[38;2;103;66;170m██[38;2;70;29;128m████[38;2;103;66;170m████[38;2;16;16;16m████      ██[38;2;70;29;128m██[38;2;103;66;170m██████[38;2;70;29;128m████[38;2;103;66;170m████[38;2;16;16;16m██                
  [38;2;103;66;170m██[38;2;169;124;236m██████████████[38;2;105;49;31m██[38;2;154;90;72m████[38;2;16;16;16m██[38;2;103;66;170m██[38;2;169;124;236m██████[38;2;103;66;170m████[38;2;16;16;16m██              ████                [38;2;105;49;31m██[38;2;16;16;16m██          ██[38;2;105;49;31m██[38;2;109;66;170m██[38;2;105;49;31m██                  [38;2;16;16;16m██[38;2;105;49;31m██          [38;2;16;16;16m████[38;2;103;66;170m██████████[38;2;70;29;128m████[38;2;103;66;170m████[38;2;16;16;16m██      ████[38;2;103;66;170m████████[38;2;70;29;128m██████                
  [38;2;103;66;170m██[38;2;169;124;236m████████████[38;2;103;66;170m██[38;2;105;49;31m██[38;2;154;90;72m██████[38;2;16;16;16m██[38;2;169;124;236m████████[38;2;103;66;170m██[38;2;16;16;16m██              ████                  [38;2;154;90;72m██[38;2;16;16;16m██        ██[38;2;105;49;31m████[38;2;16;16;16m██                    [38;2;154;90;72m██[38;2;105;49;31m██            [38;2;16;16;16m████[38;2;70;29;128m██[38;2;103;66;170m████████[38;2;70;29;128m████[38;2;103;66;170m██[38;2;16;16;16m████      ██[38;2;103;66;170m████████████[38;2;16;16;16m██              
  [38;2;103;66;170m██[38;2;169;124;236m██████████[38;2;103;66;170m██  [38;2;105;49;31m██[38;2;154;90;72m██[38;2;105;49;31m██  ██[38;2;169;124;236m████████[38;2;103;66;170m██          [38;2;105;49;31m██[38;2;16;16;16m██[38;2;105;49;31m██[38;2;16;16;16m██                    [38;2;154;90;72m██[38;2;16;16;16m██          ██                        ██[38;2;154;90;72m██████[38;2;105;49;31m██████[38;2;16;16;16m████    ████[38;2;103;66;170m██████████████[38;2;16;16;16m██        ████[38;2;103;66;170m██████████[38;2;16;16;16m██          
  [38;2;103;66;170m██[38;2;169;124;236m██████████[38;2;103;66;170m██  [38;2;105;49;31m██[38;2;154;90;72m██[38;2;105;49;31m██  [38;2;103;66;170m██[38;2;169;124;236m████████[38;2;103;66;170m██        [38;2;105;49;31m██[38;2;154;90;72m████[38;2;16;16;16m██                      [38;2;154;90;72m██[38;2;16;16;16m██                                    [38;2;105;49;31m██[38;2;16;16;16m██[38;2;154;90;72m██[38;2;105;49;31m██[38;2;154;90;72m████[38;2;16;16;16m██[38;2;105;49;31m████[38;2;16;16;16m██      ████[38;2;103;66;170m████████████[38;2;70;29;128m██          [38;2;16;16;16m██[38;2;103;66;170m██████████[38;2;16;16;16m██        
[38;2;103;66;170m██[38;2;169;124;236m██████████[38;2;103;66;170m██      [38;2;105;49;31m██[38;2;154;90;72m██[38;2;105;49;31m██[38;2;103;66;170m██[38;2;169;124;236m████████          [38;2;154;90;72m████[38;2;16;16;16m██                        [38;2;154;90;72m██[38;2;16;16;16m██                                  ██[38;2;105;49;31m████[38;2;16;16;16m██[38;2;154;90;72m██[38;2;16;16;16m████[38;2;105;49;31m████████[38;2;16;16;16m██        [38;2;169;124;236m██████[38;2;103;66;170m██████[38;2;70;29;128m██            [38;2;16;16;16m██[38;2;169;124;236m████[38;2;103;66;170m██████[38;2;16;16;16m██      
[38;2;103;66;170m██[38;2;169;124;236m██████████[38;2;103;66;170m██      [38;2;105;49;31m██[38;2;154;90;72m██[38;2;105;49;31m██[38;2;103;66;170m██[38;2;169;124;236m████████          [38;2;154;90;72m██[38;2;16;16;16m██                          [38;2;154;90;72m██[38;2;16;16;16m██                                  ██[38;2;105;49;31m████[38;2;16;16;16m██[38;2;154;90;72m██[38;2;16;16;16m██[38;2;105;49;31m████[38;2;16;16;16m████[38;2;105;49;31m██[38;2;16;16;16m██        ██[38;2;169;124;236m████████[38;2;103;66;170m████[38;2;70;29;128m██            [38;2;103;66;170m██[38;2;169;124;236m████████[38;2;103;66;170m██      
██[38;2;169;124;236m████████[38;2;103;66;170m██          [38;2;105;49;31m██[38;2;154;90;72m██  [38;2;103;66;170m██[38;2;169;124;236m████[38;2;103;66;170m██        [38;2;105;49;31m██[38;2;154;90;72m██[38;2;105;49;31m██[38;2;16;16;16m██                        ██[38;2;154;90;72m██[38;2;105;49;31m██                                [38;2;16;16;16m██[38;2;105;49;31m██████[38;2;16;16;16m██[38;2;154;90;72m██[38;2;105;49;31m████[38;2;16;16;16m██  ██[38;2;105;49;31m██[38;2;16;16;16m██        [38;2;70;29;128m██[38;2;169;124;236m██████████[38;2;70;29;128m██              [38;2;169;124;236m██████████      
[38;2;103;66;170m██[38;2;169;124;236m████████[38;2;103;66;170m██                ████        [38;2;105;49;31m██[38;2;154;90;72m██[38;2;16;16;16m████[38;2;105;49;31m████[38;2;16;16;16m██                      ██[38;2;154;90;72m████[38;2;105;49;31m██                                ██[38;2;16;16;16m██[38;2;105;49;31m████[38;2;16;16;16m████[38;2;105;49;31m██████[38;2;16;16;16m██████          [38;2;103;66;170m██[38;2;169;124;236m██████████[38;2;103;66;170m██              ██[38;2;169;124;236m██████[38;2;103;66;170m██    
  ██[38;2;169;124;236m████[38;2;103;66;170m██                  ██        [38;2;105;49;31m██[38;2;154;90;72m████[38;2;16;16;16m██  ██[38;2;105;49;31m████[38;2;16;16;16m██                    [38;2;154;90;72m██[38;2;16;16;16m████[38;2;154;90;72m██[38;2;105;49;31m██                              ██[38;2;16;16;16m██[38;2;105;49;31m██████[38;2;16;16;16m██[38;2;105;49;31m██████[38;2;16;16;16m██              [38;2;103;66;170m██[38;2;169;124;236m██████████[38;2;103;66;170m██                ██[38;2;169;124;236m██████[38;2;103;66;170m██  
  ██[38;2;169;124;236m████[38;2;103;66;170m██                        [38;2;105;49;31m████[38;2;154;90;72m████[38;2;16;16;16m██[38;2;105;49;31m██    [38;2;16;16;16m████                    [38;2;105;49;31m██[38;2;154;90;72m██[38;2;16;16;16m██  ██[38;2;154;90;72m██                            [38;2;16;16;16m████  ██[38;2;105;49;31m████[38;2;16;16;16m████[38;2;105;49;31m██████                [38;2;103;66;170m██[38;2;169;124;236m████████[38;2;103;66;170m██                  ██[38;2;169;124;236m████[38;2;103;66;170m██  
  ██[38;2;169;124;236m████[38;2;103;66;170m██                      [38;2;69;39;35m██[38;2;154;90;72m██████[38;2;16;16;16m████[38;2;105;49;31m██[38;2;16;16;16m██████                      [38;2;105;49;31m██[38;2;16;16;16m██      ██[38;2;105;49;31m██                          [38;2;16;16;16m██    ██[38;2;105;49;31m████[38;2;16;16;16m██  ██[38;2;105;49;31m████                [38;2;103;66;170m██[38;2;169;124;236m████████[38;2;103;66;170m██                    ██[38;2;169;124;236m██[38;2;103;66;170m██  
    ██[38;2;169;124;236m██[38;2;103;66;170m██                      [38;2;69;39;35m██[38;2;154;90;72m████[38;2;16;16;16m██    ██[38;2;105;49;31m██████[38;2;16;16;16m██                  [38;2;105;49;31m██[38;2;154;90;72m██[38;2;16;16;16m██      ██[38;2;154;90;72m██[38;2;105;49;31m██                                [38;2;16;16;16m██[38;2;105;49;31m██[38;2;16;16;16m██  ██[38;2;105;49;31m████                  [38;2;103;66;170m██[38;2;169;124;236m██████[38;2;103;66;170m██                    ██[38;2;169;124;236m██[38;2;103;66;170m██  
      [38;2;169;124;236m██[38;2;103;66;170m██                      [38;2;69;39;35m██[38;2;154;90;72m████[38;2;16;16;16m██      ██████[38;2;105;49;31m████                [38;2;16;16;16m████        [38;2;105;49;31m██[38;2;16;16;16m████[38;2;154;90;72m██[38;2;105;49;31m██                              [38;2;16;16;16m████    ██[38;2;105;49;31m██[38;2;16;16;16m██                [38;2;103;66;170m██[38;2;169;124;236m██████[38;2;103;66;170m██                      [38;2;169;124;236m████[38;2;103;66;170m██
      ██                      [38;2;69;39;35m██[38;2;154;90;72m██████[38;2;16;16;16m██            ████                          [38;2;105;49;31m██[38;2;154;90;72m██[38;2;16;16;16m██  ██[38;2;154;90;72m██[38;2;69;39;35m██                            [38;2;16;16;16m████      ████                  [38;2;169;124;236m██████[38;2;103;66;170m██                      ██[38;2;169;124;236m██[38;2;103;66;170m██
                              [38;2;69;39;35m██[38;2;154;90;72m████[38;2;16;16;16m██                                            [38;2;105;49;31m██[38;2;154;90;72m██[38;2;16;16;16m██    ██[38;2;154;90;72m██[38;2;105;49;31m██        ████████████                                      [38;2;169;124;236m██████[38;2;103;66;170m██                      ██[38;2;169;124;236m██[38;2;103;66;170m██
                              [38;2;69;39;35m██[38;2;154;90;72m████                                              [38;2;105;49;31m██[38;2;154;90;72m██[38;2;16;16;16m██      ██[38;2;154;90;72m██[38;2;105;49;31m████████[38;2;154;90;72m████████████[38;2;105;49;31m████                                  [38;2;169;124;236m████[38;2;103;66;170m██                        ██[38;2;169;124;236m██[38;2;103;66;170m██
                              [38;2;69;39;35m██[38;2;154;90;72m██[38;2;69;39;35m██[38;2;16;16;16m██    ████                                    [38;2;105;49;31m██[38;2;154;90;72m████[38;2;16;16;16m██    ██[38;2;154;90;72m██████████████████████████[38;2;105;49;31m██                                [38;2;169;124;236m████[38;2;103;66;170m██                        ██[38;2;169;124;236m██[38;2;103;66;170m██
                                [38;2;69;39;35m██  [38;2;105;49;31m████████[38;2;16;16;16m██                                    [38;2;105;49;31m██[38;2;154;90;72m██[38;2;16;16;16m██        [38;2;154;90;72m████████████████[38;2;16;16;16m██  ████[38;2;154;90;72m████████[38;2;105;49;31m██                          [38;2;169;124;236m██[38;2;103;66;170m██                                
                                    [38;2;16;16;16m██[38;2;105;49;31m████[38;2;16;16;16m██                                      [38;2;105;49;31m██[38;2;154;90;72m██          [38;2;16;16;16m██[38;2;154;90;72m████████████████[38;2;16;16;16m██    ████████                            [38;2;103;66;170m██                                  
                                      [38;2;16;16;16m████                                        [38;2;105;49;31m██[38;2;154;90;72m██            [38;2;16;16;16m██[38;2;154;90;72m████████████████[38;2;16;16;16m████[38;2;154;90;72m████[38;2;16;16;16m██                                                                  
                                                                                    ██              ██[38;2;105;49;31m██[38;2;154;90;72m██████████████████[38;2;105;49;31m████                                                                  
                                                                                                      [38;2;16;16;16m████[38;2;154;90;72m████████████[38;2;105;49;31m████████[38;2;16;16;16m██    ████                                                        
                                                                                                          ██[38;2;154;90;72m████████[38;2;16;16;16m██████[38;2;105;49;31m████████████[38;2;16;16;16m██                                                        
                                                                                                            ████████      ████[38;2;105;49;31m████[38;2;16;16;16m████                                                          
                                                                                                                              ████                                                              
[0m