                              [38;2;73;83;98m████                                                                                                                            
            [38;2;46;52;59m██[38;2;73;83;98m██            ██[38;2;156;173;203m████[38;2;73;83;98m████                                                                                                                        
            [38;2;46;52;59m██[38;2;156;173;203m██[38;2;73;83;98m████          ██[38;2;156;173;203m██████[38;2;73;83;98m██                                                                                                                      
            [38;2;46;52;59m██[38;2;156;173;203m██████[38;2;73;83;98m██          ██[38;2;156;173;203m██████[38;2;73;83;98m██                                                                                                                    
              [38;2;46;52;59m██[38;2;156;173;203m██████[38;2;73;83;98m██        [38;2;46;52;59m██[38;2;156;173;203m████████[38;2;73;83;98m██                                                                                                                  
              [38;2;46;52;59m██[38;2;156;173;203m████████[38;2;73;83;98m██        [38;2;46;52;59m██[38;2;156;173;203m████████[38;2;73;83;98m██                                                                                                                
                [38;2;46;52;59m██[38;2;156;173;203m████████[38;2;73;83;98m██      [38;2;46;52;59m██[38;2;156;173;203m██[38;2;194;206;228m██[38;2;156;173;203m████[38;2;73;83;98m██                                                                                                                
                  [38;2;46;52;59m██[38;2;156;173;203m██[38;2;194;206;228m██[38;2;156;173;203m████[38;2;73;83;98m██      [38;2;46;52;59m██[38;2;194;206;228m██[38;2;156;173;203m██████[38;2;46;52;59m██                                                                                                              
                  ██[38;2;156;173;203m██[38;2;194;206;228m██[38;2;156;173;203m██████[38;2;46;52;59m██    ██[38;2;156;173;203m████████[38;2;46;52;59m██      [38;2;73;83;98m████                                                                                                    
                  [38;2;46;52;59m██[38;2;156;173;203m██████████[38;2;0;0;0m██    [38;2;46;52;59m██[38;2;156;173;203m████[38;2;194;206;228m██[38;2;156;173;203m██[38;2;46;52;59m██    [38;2;73;83;98m██[38;2;156;173;203m████[38;2;73;83;98m████                                                                                                
                    [38;2;46;52;59m██[38;2;156;173;203m████[38;2;108;123;149m██████[38;2;0;0;0m██  [38;2;46;52;59m██[38;2;108;123;149m████[38;2;194;206;228m██[38;2;156;173;203m████[38;2;46;52;59m██    [38;2;73;83;98m██[38;2;156;173;203m██████[38;2;46;52;59m██                                                                                              
                    ██[38;2;156;173;203m██[38;2;108;123;149m████████[38;2;0;0;0m██  [38;2;46;52;59m██[38;2;108;123;149m████[38;2;156;173;203m██[38;2;108;123;149m██[38;2;156;173;203m██[38;2;46;52;59m██    [38;2;73;83;98m██[38;2;156;173;203m████████[38;2;46;52;59m██                                                                                            
                  [38;2;0;0;0m██[38;2;108;123;149m██[38;2;46;52;59m██[38;2;108;123;149m██████████[38;2;0;0;0m██[38;2;46;52;59m██[38;2;108;123;149m██████████[38;2;0;0;0m██      [38;2;73;83;98m██[38;2;156;173;203m██[38;2;194;206;228m██[38;2;156;173;203m██[38;2;73;83;98m██                                                                                            
                  [38;2;0;0;0m██[38;2;108;123;149m██[38;2;46;52;59m██[38;2;108;123;149m██████[38;2;73;83;98m████[38;2;0;0;0m██[38;2;46;52;59m██[38;2;108;123;149m██████████[38;2;0;0;0m██      [38;2;73;83;98m██[38;2;156;173;203m██[38;2;194;206;228m██[38;2;156;173;203m████[38;2;0;0;0m██                                                                                          
                  ██[38;2;73;83;98m██[38;2;46;52;59m██[38;2;108;123;149m██[38;2;73;83;98m████████[38;2;0;0;0m██[38;2;46;52;59m██[38;2;73;83;98m██████[38;2;108;123;149m████[38;2;0;0;0m████    [38;2;73;83;98m██[38;2;156;173;203m████████[38;2;0;0;0m██                                                                                          
                  ██[38;2;73;83;98m████[38;2;0;0;0m██[38;2;73;83;98m██████████[38;2;46;52;59m██[38;2;73;83;98m████████[38;2;108;123;149m██[38;2;0;0;0m██[38;2;17;130;107m██[38;2;0;0;0m████[38;2;108;123;149m██[38;2;156;173;203m██[38;2;108;123;149m██[38;2;156;173;203m████[38;2;0;0;0m██                                                                                          
                    ██[38;2;73;83;98m██[38;2;0;0;0m██[38;2;73;83;98m██[38;2;108;123;149m██[38;2;73;83;98m██████[38;2;46;52;59m██[38;2;73;83;98m██[38;2;108;123;149m██[38;2;73;83;98m██████[38;2;0;0;0m██[38;2;17;130;107m████[38;2;46;52;59m██[38;2;108;123;149m██████[38;2;156;173;203m████[38;2;0;0;0m██                                                                                          
                    ██[38;2;73;83;98m██[38;2;0;0;0m██[38;2;73;83;98m██[38;2;108;123;149m██[38;2;73;83;98m██[38;2;108;123;149m██[38;2;73;83;98m██[38;2;46;52;59m██[38;2;73;83;98m██[38;2;108;123;149m██[38;2;73;83;98m██████[38;2;0;0;0m██[38;2;17;130;107m██[38;2;46;52;59m██[38;2;73;83;98m██[38;2;108;123;149m████████[38;2;46;52;59m██                                                                                            
                    [38;2;0;0;0m██[38;2;73;83;98m████[38;2;0;0;0m██[38;2;73;83;98m████[38;2;108;123;149m██[38;2;46;52;59m██[38;2;73;83;98m██[38;2;108;123;149m██[38;2;73;83;98m██████[38;2;0;0;0m██[38;2;17;130;107m██[38;2;46;52;59m██[38;2;73;83;98m██████[38;2;108;123;149m██████[38;2;0;0;0m██                                                                                            
                      ██[38;2;73;83;98m██[38;2;0;0;0m██[38;2;73;83;98m████[38;2;108;123;149m██[38;2;46;52;59m██[38;2;73;83;98m██[38;2;108;123;149m██[38;2;73;83;98m██████[38;2;0;0;0m██[38;2;46;52;59m██[38;2;73;83;98m██████████[38;2;108;123;149m██[38;2;0;0;0m██  ██                                                                                          
                        ████[38;2;73;83;98m██████[38;2;46;52;59m██[38;2;108;123;149m██[38;2;0;0;0m██[38;2;73;83;98m██████[38;2;46;52;59m██[38;2;73;83;98m██[38;2;108;123;149m██[38;2;73;83;98m██[38;2;0;0;0m██[38;2;73;83;98m████[38;2;0;0;0m██  ██[38;2;17;130;107m██[38;2;0;0;0m██                                                                                        
                  [38;2;128;126;121m██    [38;2;0;0;0m██[38;2;254;234;74m██[38;2;0;0;0m██[38;2;73;83;98m██[38;2;46;52;59m██[38;2;73;83;98m██[38;2;0;0;0m██[38;2;254;234;74m██[38;2;0;0;0m██[38;2;73;83;98m██████[38;2;108;123;149m██[38;2;73;83;98m██[38;2;0;0;0m██[38;2;254;255;244m██[38;2;0;0;0m████  ██[38;2;17;130;107m████[38;2;0;0;0m██                                                                                        
                [38;2;128;126;121m██[38;2;193;194;182m██[38;2;128;126;121m██  [38;2;0;0;0m██[38;2;254;234;74m██[38;2;0;0;0m██[38;2;73;83;98m██[38;2;46;52;59m██[38;2;73;83;98m██[38;2;0;0;0m██[38;2;254;234;74m████[38;2;0;0;0m██[38;2;73;83;98m██[38;2;108;123;149m██[38;2;73;83;98m████[38;2;0;0;0m██[38;2;254;255;244m████[38;2;0;0;0m████[38;2;17;130;107m██████[38;2;0;0;0m██                                                                                        
                ██[38;2;193;194;182m██[38;2;128;126;121m██[38;2;0;0;0m██[38;2;254;234;74m██[38;2;0;0;0m██[38;2;73;83;98m██████████[38;2;0;0;0m██[38;2;254;234;74m██[38;2;0;0;0m██[38;2;73;83;98m████████[38;2;0;0;0m████[38;2;254;255;244m██[38;2;0;0;0m██[38;2;17;130;107m██████[38;2;0;0;0m██                                                                                          
                ██[38;2;193;194;182m██[38;2;128;126;121m██[38;2;0;0;0m██[38;2;254;234;74m██[38;2;0;0;0m██[38;2;73;83;98m██████████[38;2;0;0;0m██[38;2;254;234;74m████[38;2;0;0;0m██[38;2;73;83;98m██[38;2;0;0;0m████[38;2;17;130;107m██[38;2;0;0;0m██[38;2;254;255;244m████[38;2;0;0;0m██[38;2;17;130;107m████[38;2;0;0;0m██                                                                                          
    [38;2;128;126;121m██[38;2;0;0;0m██        ██[38;2;193;194;182m██[38;2;128;126;121m██[38;2;0;0;0m██[38;2;254;234;74m██[38;2;0;0;0m██[38;2;73;83;98m██████████[38;2;0;0;0m██[38;2;254;234;74m████[38;2;0;0;0m████[38;2;17;130;107m██████[38;2;0;0;0m██[38;2;254;255;244m████[38;2;0;0;0m██[38;2;17;130;107m██[38;2;0;0;0m██                                                                                            
    ██[38;2;254;255;244m██[38;2;0;0;0m██      ██[38;2;193;194;182m████[38;2;0;0;0m██[38;2;254;234;74m██[38;2;0;0;0m██[38;2;73;83;98m██[38;2;0;0;0m██[38;2;73;83;98m████[38;2;0;0;0m██[38;2;254;234;74m██████[38;2;0;0;0m██[38;2;17;130;107m██████[38;2;128;126;121m██[38;2;254;255;244m████[38;2;193;194;182m██[38;2;0;0;0m████                                                                                              
    ██[38;2;254;255;244m██[38;2;128;126;121m██      [38;2;0;0;0m██[38;2;193;194;182m████[38;2;128;126;121m██[38;2;254;234;74m████[38;2;0;0;0m██[38;2;254;255;244m██[38;2;0;0;0m██[38;2;73;83;98m██[38;2;0;0;0m██[38;2;254;234;74m████[38;2;0;0;0m██[38;2;33;175;133m████[38;2;128;126;121m████[38;2;254;255;244m██████[38;2;0;0;0m██[38;2;17;130;107m████[38;2;0;0;0m██                                                                                            
      ██[38;2;254;255;244m██[38;2;128;126;121m██      ██[38;2;193;194;182m████[38;2;0;0;0m██[38;2;254;234;74m██[38;2;0;0;0m██[38;2;254;255;244m██[38;2;0;0;0m████[38;2;254;234;74m████[38;2;0;0;0m██[38;2;33;175;133m████[38;2;193;194;182m██[38;2;254;255;244m██████████[38;2;0;0;0m██[38;2;193;194;182m██[38;2;17;130;107m████[38;2;0;0;0m██                                                                                          
      ██[38;2;254;255;244m████[38;2;0;0;0m██    ██[38;2;193;194;182m████[38;2;0;0;0m██████[38;2;254;255;244m██[38;2;0;0;0m██[38;2;254;234;74m████[38;2;0;0;0m██[38;2;33;175;133m██████[38;2;193;194;182m████[38;2;254;255;244m████[38;2;193;194;182m██[38;2;0;0;0m██[38;2;193;194;182m██████[38;2;17;130;107m████[38;2;0;0;0m██                                                                                        
        ██[38;2;254;255;244m████[38;2;0;0;0m██    ██[38;2;2;92;76m██[38;2;250;172;183m██[38;2;2;92;76m██[38;2;0;0;0m██[38;2;254;255;244m████[38;2;0;0;0m████[38;2;250;172;183m██[38;2;2;92;76m██[38;2;33;175;133m██[38;2;254;255;244m██[38;2;193;194;182m██████[38;2;0;0;0m████[38;2;193;194;182m██████████[38;2;17;130;107m████[38;2;0;0;0m██                                                                                      
          ██[38;2;254;255;244m██[38;2;128;126;121m██      [38;2;0;0;0m██[38;2;250;172;183m██[38;2;2;92;76m██[38;2;33;175;133m██[38;2;128;126;121m██[38;2;254;255;244m██[38;2;0;0;0m██[38;2;250;172;183m████[38;2;2;92;76m██[38;2;33;175;133m██[38;2;254;255;244m██[38;2;0;0;0m████████  ██[38;2;193;194;182m████████[38;2;17;130;107m██[38;2;33;175;133m██[38;2;0;0;0m██                                                                                      
          ██[38;2;254;255;244m████[38;2;0;0;0m██  [38;2;2;92;76m██████[38;2;33;175;133m████[38;2;0;0;0m██[38;2;254;255;244m████[38;2;2;92;76m████[38;2;33;175;133m██[38;2;193;194;182m████[38;2;0;0;0m██[38;2;46;52;59m██[38;2;0;0;0m██      ██[38;2;193;194;182m██████[38;2;254;255;244m██[38;2;33;175;133m████[38;2;0;0;0m██                                                                                    
        [38;2;128;126;121m██[38;2;193;194;182m██[38;2;254;255;244m██[38;2;0;0;0m████[38;2;2;92;76m██[38;2;81;221;179m██████[38;2;17;130;107m██[38;2;33;175;133m████[38;2;0;0;0m██[38;2;254;255;244m██████[38;2;128;126;121m██[38;2;193;194;182m██[38;2;0;0;0m██[38;2;46;52;59m████[38;2;0;0;0m██        ██[38;2;193;194;182m██[38;2;254;255;244m████[38;2;193;194;182m██[38;2;33;175;133m██[38;2;0;0;0m██                                                                                    
        ██[38;2;193;194;182m████[38;2;2;92;76m██[38;2;81;221;179m████████████[38;2;33;175;133m████[38;2;254;255;244m██[38;2;0;0;0m██[38;2;254;255;244m██████[38;2;0;0;0m██[38;2;46;52;59m████[38;2;0;0;0m██          ██[38;2;254;255;244m████████[38;2;33;175;133m██[38;2;0;0;0m██                                                                                    
        ██[38;2;193;194;182m██[38;2;2;92;76m██[38;2;81;221;179m██████████████[38;2;254;255;244m████████[38;2;128;126;121m██[38;2;254;255;244m████[38;2;0;0;0m██[38;2;46;52;59m██[38;2;0;0;0m██              ██[38;2;254;255;244m██████[38;2;33;175;133m████[38;2;0;0;0m██                                                                                  
        ██[38;2;193;194;182m██[38;2;2;92;76m██[38;2;33;175;133m██[38;2;0;0;0m██[38;2;81;221;179m██████[38;2;0;0;0m██[38;2;33;175;133m██[38;2;254;255;244m██[38;2;193;194;182m██[38;2;128;126;121m████[38;2;254;255;244m████[38;2;193;194;182m██[38;2;46;52;59m██[38;2;0;0;0m██                ██[38;2;254;255;244m██████[38;2;33;175;133m████[38;2;0;0;0m██                                                                                  
          ██[38;2;2;92;76m██[38;2;33;175;133m██[38;2;17;130;107m██[38;2;33;175;133m██████[38;2;17;130;107m██[38;2;33;175;133m██[38;2;254;255;244m████████████[38;2;0;0;0m██[38;2;73;83;98m██[38;2;0;0;0m██                ██[38;2;254;255;244m████████[38;2;33;175;133m██[38;2;0;0;0m██                                                                                  
            ██[38;2;193;194;182m██[38;2;33;175;133m██████████[38;2;254;255;244m██[38;2;193;194;182m██[38;2;254;255;244m██████[38;2;193;194;182m██[38;2;0;0;0m██[38;2;73;83;98m██[38;2;0;0;0m██                  ██[38;2;254;255;244m████████[38;2;33;175;133m██[38;2;0;0;0m██                                                                                  
              ██[38;2;193;194;182m██[38;2;33;175;133m██████[38;2;254;255;244m██████[38;2;0;0;0m██████[38;2;184;89;102m██[38;2;0;0;0m██[38;2;73;83;98m██[38;2;0;0;0m██                  ██[38;2;254;255;244m████████[38;2;33;175;133m██[38;2;0;0;0m██                                                                                  
                ████[38;2;254;255;244m████[38;2;193;194;182m██[38;2;0;0;0m████[38;2;46;52;59m██[38;2;184;89;102m██████[38;2;0;0;0m██[38;2;73;83;98m██[38;2;0;0;0m████                ██[38;2;254;255;244m████████[38;2;33;175;133m██[38;2;0;0;0m██                                                                                  
                    ██████  ██[38;2;73;83;98m██[38;2;184;89;102m████[38;2;46;52;59m██[38;2;73;83;98m██[38;2;0;0;0m██[38;2;46;52;59m████[38;2;0;0;0m██              ██[38;2;254;255;244m████████[38;2;33;175;133m██[38;2;0;0;0m██                                                                                  
                              ██[38;2;73;83;98m██████[38;2;0;0;0m██[38;2;46;52;59m██████[38;2;0;0;0m██              ██[38;2;254;255;244m████████[38;2;33;175;133m██[38;2;0;0;0m██                                                                                  
                                ████[38;2;46;52;59m██████████[38;2;0;0;0m██              ██[38;2;254;255;244m████████[38;2;33;175;133m██[38;2;0;0;0m██                                                                                  
                                  ██[38;2;73;83;98m████[38;2;46;52;59m████[38;2;0;0;0m██                [38;2;128;126;121m██[38;2;254;255;244m██████[38;2;33;175;133m████[38;2;0;0;0m██                                                                                  
                                  ██[38;2;73;83;98m██████[38;2;0;0;0m██                ██[38;2;254;255;244m████████[38;2;33;175;133m████[38;2;0;0;0m██                                                                                  
                                ██[38;2;73;83;98m██████[38;2;0;0;0m██                  ██[38;2;254;255;244m████████[38;2;33;175;133m████[38;2;0;0;0m██                                                                                  
                                ██[38;2;73;83;98m████[38;2;0;0;0m██                    [38;2;128;126;121m██[38;2;254;255;244m████████[38;2;33;175;133m████[38;2;0;0;0m██                                                                                  
                                  [38;2;46;52;59m██[38;2;108;123;149m██[38;2;0;0;0m██                  [38;2;128;126;121m██[38;2;254;255;244m████████[38;2;193;194;182m██[38;2;33;175;133m██[38;2;2;92;76m██                                                                                    
                                  [38;2;0;0;0m██[38;2;108;123;149m██[38;2;0;0;0m██                  [38;2;128;126;121m██[38;2;254;255;244m████████[38;2;33;175;133m████[38;2;0;0;0m██                                                        [38;2;73;83;98m██████                      
                                    [38;2;0;0;0m████                [38;2;128;126;121m██[38;2;254;255;244m██████████[38;2;33;175;133m████[38;2;0;0;0m██                                                      [38;2;73;83;98m██[38;2;156;173;203m██████[38;2;73;83;98m██                    
                                                      [38;2;128;126;121m██[38;2;254;255;244m██████████[38;2;33;175;133m██████[38;2;0;0;0m██                                            [38;2;73;83;98m██████████[38;2;156;173;203m██████████[38;2;73;83;98m██                  
                                                      [38;2;128;126;121m██[38;2;254;255;244m██████████[38;2;33;175;133m████[38;2;2;92;76m██                                          [38;2;73;83;98m████[38;2;156;173;203m██[38;2;194;206;228m████[38;2;156;173;203m████[38;2;108;123;149m██[38;2;156;173;203m██████[38;2;0;0;0m████                  
                                                    ██[38;2;254;255;244m██████████[38;2;33;175;133m██████[38;2;0;0;0m██                                        [38;2;73;83;98m██[38;2;156;173;203m████[38;2;194;206;228m██[38;2;156;173;203m████[38;2;194;206;228m████[38;2;156;173;203m██[38;2;108;123;149m██[38;2;156;173;203m██[38;2;0;0;0m██                      
                                                    [38;2;128;126;121m██[38;2;254;255;244m██████████[38;2;33;175;133m████[38;2;2;92;76m██                                        [38;2;73;83;98m██[38;2;156;173;203m██████████[38;2;194;206;228m██[38;2;156;173;203m████████[38;2;73;83;98m██[38;2;0;0;0m██                      
                                                  ██[38;2;254;255;244m██████████[38;2;33;175;133m██████[38;2;0;0;0m██                                        [38;2;73;83;98m██[38;2;156;173;203m████████████████[38;2;108;123;149m██[38;2;73;83;98m████████                    
                                                [38;2;0;0;0m██[38;2;254;255;244m████████████[38;2;33;175;133m████[38;2;2;92;76m██                      [38;2;23;27;31m██████████        [38;2;73;83;98m██[38;2;156;173;203m████████████████[38;2;73;83;98m████[38;2;156;173;203m██[38;2;194;206;228m████[38;2;156;173;203m██[38;2;73;83;98m████                
                                                [38;2;0;0;0m██[38;2;254;255;244m██████████[38;2;33;175;133m██████[38;2;0;0;0m██                  [38;2;23;27;31m████[38;2;73;83;98m██[38;2;108;123;149m████[38;2;73;83;98m████[38;2;23;27;31m████    [38;2;73;83;98m██[38;2;156;173;203m██████████████[38;2;73;83;98m██[38;2;156;173;203m████[38;2;194;206;228m██[38;2;156;173;203m██████[38;2;194;206;228m██[38;2;156;173;203m██[38;2;73;83;98m██              
                                              [38;2;0;0;0m██[38;2;254;255;244m████████████[38;2;33;175;133m██████[38;2;0;0;0m██                [38;2;23;27;31m██[38;2;73;83;98m████[38;2;156;173;203m██[38;2;73;83;98m████[38;2;108;123;149m████[38;2;73;83;98m████[38;2;23;27;31m██  [38;2;73;83;98m██[38;2;156;173;203m████████████[38;2;73;83;98m██[38;2;156;173;203m████[38;2;194;206;228m██[38;2;156;173;203m██████[38;2;194;206;228m██[38;2;156;173;203m██████[38;2;73;83;98m██  ██████    
                                      [38;2;46;52;59m██      [38;2;0;0;0m██[38;2;254;255;244m██████████[38;2;193;194;182m██[38;2;33;175;133m████[38;2;2;92;76m██            ██  [38;2;23;27;31m██[38;2;73;83;98m████[38;2;108;123;149m██[38;2;73;83;98m████[38;2;156;173;203m██[38;2;73;83;98m██████████[38;2;23;27;31m██[38;2;73;83;98m██[38;2;108;123;149m██[38;2;156;173;203m████████[38;2;73;83;98m██[38;2;156;173;203m████████████████████████[38;2;73;83;98m██[38;2;156;173;203m██████[38;2;73;83;98m██  
                                    [38;2;46;52;59m██[38;2;73;83;98m██[38;2;0;0;0m██  ██[38;2;254;255;244m████████████[38;2;33;175;133m██████[38;2;0;0;0m██    [38;2;2;92;76m████  ██[38;2;33;175;133m██[38;2;2;92;76m██[38;2;23;27;31m██[38;2;73;83;98m████████[38;2;108;123;149m██[38;2;73;83;98m██████████████[38;2;23;27;31m██[38;2;108;123;149m████[38;2;156;173;203m██████[38;2;73;83;98m██[38;2;156;173;203m██████████████████████████[38;2;108;123;149m██[38;2;156;173;203m██████[38;2;73;83;98m██
                                    [38;2;46;52;59m██[38;2;73;83;98m██[38;2;0;0;0m██  ██[38;2;254;255;244m████████████[38;2;33;175;133m██████[38;2;0;0;0m██  [38;2;46;52;59m██[38;2;0;0;0m██[38;2;17;130;107m██[38;2;2;92;76m████[38;2;33;175;133m████[38;2;0;0;0m██[38;2;46;52;59m██[38;2;73;83;98m████████████████████████[38;2;23;27;31m██[38;2;108;123;149m██████[38;2;73;83;98m██[38;2;156;173;203m██████████████[38;2;108;123;149m██[38;2;156;173;203m████████████████████[38;2;73;83;98m██
                                  [38;2;46;52;59m██[38;2;73;83;98m████[38;2;0;0;0m██  ██[38;2;254;255;244m████████████[38;2;33;175;133m██████[38;2;0;0;0m██[38;2;46;52;59m██[38;2;73;83;98m██[38;2;0;0;0m██[38;2;17;130;107m████[38;2;2;92;76m██[38;2;33;175;133m████[38;2;2;92;76m██[38;2;46;52;59m████[38;2;73;83;98m██[38;2;2;92;76m██[38;2;73;83;98m████[38;2;23;27;31m██████████[38;2;73;83;98m██████[38;2;23;27;31m██[38;2;108;123;149m████[38;2;73;83;98m██[38;2;156;173;203m████████████████[38;2;73;83;98m██[38;2;156;173;203m████████████[38;2;0;0;0m████[38;2;156;173;203m██[38;2;73;83;98m██
                                  [38;2;46;52;59m██[38;2;73;83;98m████[38;2;0;0;0m██  ██  [38;2;46;52;59m██[38;2;254;255;244m████████[38;2;33;175;133m████[38;2;46;52;59m██[38;2;73;83;98m██████[38;2;0;0;0m██[38;2;17;130;107m████[38;2;2;92;76m██[38;2;33;175;133m██████[38;2;0;0;0m██[38;2;46;52;59m██[38;2;2;92;76m██[38;2;33;175;133m██[38;2;0;0;0m██[38;2;23;27;31m██[38;2;73;83;98m████[38;2;108;123;149m████[38;2;73;83;98m██[38;2;23;27;31m██████[38;2;73;83;98m██[38;2;23;27;31m██[38;2;108;123;149m██[38;2;73;83;98m██[38;2;156;173;203m██████████████████[38;2;73;83;98m██[38;2;156;173;203m████████[38;2;0;0;0m██    ████
                                  [38;2;46;52;59m██[38;2;73;83;98m██████[38;2;0;0;0m████[38;2;46;52;59m██[38;2;73;83;98m██[38;2;193;194;182m██[38;2;254;255;244m████[38;2;46;52;59m██████[38;2;73;83;98m██████[38;2;0;0;0m██[38;2;17;130;107m██████[38;2;2;92;76m██[38;2;33;175;133m██████[38;2;0;0;0m██[38;2;2;92;76m██[38;2;33;175;133m████[38;2;0;0;0m██[38;2;73;83;98m████[38;2;156;173;203m██[38;2;73;83;98m████[38;2;156;173;203m██[38;2;108;123;149m██[38;2;73;83;98m████[38;2;23;27;31m██████[38;2;73;83;98m██[38;2;108;123;149m██[38;2;156;173;203m████████████████[38;2;73;83;98m██[38;2;156;173;203m████████[38;2;0;0;0m██        
                                  [38;2;46;52;59m██[38;2;73;83;98m████████[38;2;0;0;0m██[38;2;73;83;98m████[38;2;46;52;59m██[38;2;254;255;244m██[38;2;46;52;59m██[38;2;73;83;98m████████████[38;2;0;0;0m██[38;2;17;130;107m██████[38;2;33;175;133m████████[38;2;2;92;76m██[38;2;33;175;133m██████[38;2;0;0;0m██[38;2;73;83;98m██[38;2;108;123;149m██[38;2;73;83;98m████[38;2;108;123;149m██[38;2;73;83;98m████████████[38;2;23;27;31m████[38;2;73;83;98m██[38;2;156;173;203m████████████████[38;2;73;83;98m██[38;2;156;173;203m██████[38;2;108;123;149m████[38;2;0;0;0m██      
                                ██[38;2;73;83;98m██[38;2;0;0;0m██[38;2;73;83;98m██████[38;2;46;52;59m██[38;2;73;83;98m████[38;2;46;52;59m████[38;2;73;83;98m████████████[38;2;0;0;0m██[38;2;17;130;107m████[38;2;46;52;59m████[38;2;33;175;133m██████[38;2;2;92;76m██[38;2;33;175;133m████████[38;2;0;0;0m██[38;2;73;83;98m██████████████████████████[38;2;0;0;0m██[38;2;108;123;149m██[38;2;156;173;203m████████████[38;2;108;123;149m██[38;2;73;83;98m██[38;2;156;173;203m████[38;2;108;123;149m██████[38;2;0;0;0m██      
            [38;2;23;27;31m████████            [38;2;0;0;0m██[38;2;73;83;98m██[38;2;46;52;59m██[38;2;73;83;98m██████████[38;2;46;52;59m██[38;2;73;83;98m██████████████[38;2;0;0;0m██[38;2;17;130;107m██[38;2;46;52;59m████[38;2;73;83;98m██[38;2;0;0;0m██[38;2;33;175;133m████[38;2;2;92;76m██[38;2;33;175;133m████████[38;2;0;0;0m██[38;2;46;52;59m██[38;2;2;92;76m██[38;2;73;83;98m██████████████████[38;2;46;52;59m██████[38;2;73;83;98m██[38;2;0;0;0m██[38;2;73;83;98m██[38;2;156;173;203m████████[38;2;108;123;149m██[38;2;73;83;98m██[38;2;108;123;149m████████████[38;2;0;0;0m██      
        ████[38;2;46;52;59m██[38;2;0;0;0m████[38;2;73;83;98m██[38;2;23;27;31m██          [38;2;0;0;0m██[38;2;73;83;98m████[38;2;46;52;59m██[38;2;73;83;98m██████████████████[38;2;46;52;59m██[38;2;0;0;0m████[38;2;46;52;59m████[38;2;73;83;98m██████[38;2;0;0;0m██[38;2;33;175;133m██████████████[38;2;0;0;0m██[38;2;2;92;76m██[38;2;33;175;133m██[38;2;0;0;0m██[38;2;73;83;98m████████████[38;2;46;52;59m████[38;2;194;206;228m████[38;2;156;173;203m██[38;2;46;52;59m██[38;2;0;0;0m██████████[38;2;46;52;59m████[38;2;108;123;149m████████████[38;2;73;83;98m██[38;2;0;0;0m██      
      ██[38;2;146;149;156m████[38;2;0;0;0m██[38;2;205;207;210m████[38;2;0;0;0m██[38;2;73;83;98m██[38;2;23;27;31m██          [38;2;0;0;0m██[38;2;73;83;98m████████[38;2;23;27;31m████[38;2;46;52;59m██[38;2;73;83;98m████[38;2;46;52;59m████[38;2;73;83;98m██████████████[38;2;0;0;0m██[38;2;33;175;133m██████████████[38;2;2;92;76m██[38;2;33;175;133m██████[38;2;0;0;0m██[38;2;46;52;59m████[38;2;73;83;98m██████[38;2;46;52;59m██[38;2;156;173;203m██[38;2;194;206;228m██[38;2;156;173;203m████[38;2;194;206;228m████[38;2;156;173;203m██[38;2;0;0;0m██[38;2;46;52;59m██[38;2;0;0;0m██[38;2;46;52;59m██[38;2;156;173;203m████[38;2;46;52;59m██[38;2;108;123;149m██████[38;2;73;83;98m██████[38;2;0;0;0m██      
    ██[38;2;146;149;156m████[38;2;0;0;0m██[38;2;205;207;210m████[38;2;146;149;156m██[38;2;46;52;59m██[38;2;73;83;98m██[38;2;23;27;31m██          [38;2;0;0;0m██████[38;2;23;27;31m████[38;2;73;83;98m████[38;2;46;52;59m██[38;2;23;27;31m██[38;2;73;83;98m██████████████████[38;2;0;0;0m██[38;2;33;175;133m██████████████[38;2;2;92;76m██[38;2;33;175;133m████████[38;2;0;0;0m██[38;2;46;52;59m████████[38;2;23;27;31m██[38;2;156;173;203m██[38;2;194;206;228m██[38;2;156;173;203m████[38;2;194;206;228m██[38;2;156;173;203m████████[38;2;0;0;0m██[38;2;156;173;203m██████████[38;2;46;52;59m██[38;2;73;83;98m██████████[38;2;0;0;0m██      
    ██████[38;2;46;52;59m██[38;2;0;0;0m████[38;2;46;52;59m██[38;2;73;83;98m██████[38;2;23;27;31m██      [38;2;0;0;0m████[38;2;205;207;210m████[38;2;23;27;31m██[38;2;73;83;98m██████████[38;2;23;27;31m██[38;2;73;83;98m██████████████[38;2;0;0;0m██[38;2;33;175;133m████████[38;2;254;255;244m██[38;2;33;175;133m██████████████[38;2;0;0;0m██[38;2;46;52;59m████████[38;2;23;27;31m██[38;2;156;173;203m██████████████████████[38;2;108;123;149m██[38;2;156;173;203m██████████[38;2;46;52;59m██[38;2;73;83;98m██████[38;2;0;0;0m██        
      ██[38;2;46;52;59m██████[38;2;73;83;98m████████████[38;2;23;27;31m██████[38;2;205;207;210m████████[38;2;23;27;31m██[38;2;73;83;98m████████████[38;2;23;27;31m██[38;2;73;83;98m██████[38;2;46;52;59m██[38;2;0;0;0m████[38;2;33;175;133m████████[38;2;254;255;244m██████[38;2;33;175;133m██████████[38;2;17;130;107m██[38;2;0;0;0m██[38;2;46;52;59m████████[38;2;23;27;31m██[38;2;156;173;203m██████████████████████[38;2;108;123;149m██████[38;2;0;0;0m████████[38;2;73;83;98m████[38;2;46;52;59m██[38;2;0;0;0m██        
    ██[38;2;46;52;59m██████████[38;2;73;83;98m████████████████[38;2;0;0;0m████[38;2;146;149;156m██[38;2;205;207;210m██[38;2;23;27;31m██[38;2;73;83;98m██████████████[38;2;23;27;31m██████████[38;2;33;175;133m██████████[38;2;254;255;244m██████[38;2;33;175;133m██████[38;2;17;130;107m████[38;2;0;0;0m██[38;2;46;52;59m████████[38;2;23;27;31m██[38;2;156;173;203m██████████████████████████[38;2;108;123;149m██[38;2;0;0;0m██[38;2;46;52;59m████████████[38;2;0;0;0m██          
    ██[38;2;46;52;59m██████████████[38;2;73;83;98m████████[38;2;46;52;59m████████[38;2;0;0;0m████[38;2;23;27;31m██[38;2;73;83;98m████████████[38;2;23;27;31m██[38;2;108;123;149m██[38;2;156;173;203m████████[38;2;0;0;0m██[38;2;33;175;133m██████[38;2;254;255;244m██[38;2;33;175;133m██[38;2;254;255;244m██[38;2;33;175;133m██[38;2;254;255;244m██[38;2;17;130;107m██████[38;2;0;0;0m██[38;2;46;52;59m██████████[38;2;23;27;31m██[38;2;156;173;203m████████████[38;2;108;123;149m██[38;2;156;173;203m████████████[38;2;0;0;0m██[38;2;46;52;59m████████████[38;2;0;0;0m██            
    ██[38;2;46;52;59m██████████████████████████████[38;2;0;0;0m██[38;2;46;52;59m██[38;2;0;0;0m██[38;2;46;52;59m██[38;2;73;83;98m████████[38;2;23;27;31m██[38;2;108;123;149m██[38;2;156;173;203m████████████[38;2;0;0;0m██[38;2;33;175;133m██[38;2;254;255;244m██████[38;2;33;175;133m██[38;2;254;255;244m████[38;2;193;194;182m██[38;2;23;27;31m████████[38;2;46;52;59m████████[38;2;23;27;31m██[38;2;156;173;203m██████████████[38;2;73;83;98m██[38;2;156;173;203m████████[38;2;108;123;149m██[38;2;0;0;0m██[38;2;46;52;59m██████████[38;2;0;0;0m██              
  ██[38;2;46;52;59m██████████[38;2;23;27;31m██[38;2;46;52;59m██████████████████[38;2;0;0;0m██[38;2;46;52;59m████[38;2;0;0;0m██[38;2;46;52;59m████[38;2;73;83;98m██████[38;2;23;27;31m██[38;2;156;173;203m██████[38;2;108;123;149m██[38;2;156;173;203m████████[38;2;0;0;0m██[38;2;254;255;244m██████[38;2;33;175;133m██[38;2;254;255;244m██[38;2;23;27;31m██[38;2;0;0;0m██[38;2;156;173;203m██[38;2;194;206;228m████[38;2;156;173;203m██[38;2;23;27;31m████[38;2;46;52;59m████[38;2;23;27;31m██[38;2;156;173;203m██████████████[38;2;73;83;98m██[38;2;156;173;203m████████[38;2;108;123;149m████[38;2;0;0;0m██[38;2;46;52;59m██████████[38;2;0;0;0m██            
  ██[38;2;46;52;59m██████████[38;2;0;0;0m██[38;2;46;52;59m██████████████████[38;2;0;0;0m██[38;2;46;52;59m████[38;2;0;0;0m██[38;2;46;52;59m████████[38;2;73;83;98m██[38;2;23;27;31m██[38;2;156;173;203m████████[38;2;73;83;98m██[38;2;156;173;203m██████[38;2;46;52;59m██[38;2;0;0;0m██[38;2;254;255;244m██[38;2;17;130;107m██[38;2;193;194;182m██[38;2;23;27;31m██[38;2;108;123;149m██[38;2;156;173;203m████████[38;2;194;206;228m██[38;2;156;173;203m██[38;2;108;123;149m██[38;2;23;27;31m██[38;2;0;0;0m██[38;2;46;52;59m██[38;2;23;27;31m██[38;2;156;173;203m████████████[38;2;73;83;98m██[38;2;156;173;203m████████[38;2;108;123;149m██[38;2;73;83;98m██[38;2;0;0;0m██[38;2;46;52;59m████████████[38;2;0;0;0m██          
██[38;2;46;52;59m██████████[38;2;0;0;0m██[38;2;46;52;59m████████████[38;2;23;27;31m██[38;2;46;52;59m██████[38;2;0;0;0m██[38;2;46;52;59m██████[38;2;0;0;0m██[38;2;46;52;59m██████████[38;2;23;27;31m██[38;2;156;173;203m██████[38;2;73;83;98m██[38;2;156;173;203m██████[38;2;46;52;59m██[38;2;156;173;203m██[38;2;0;0;0m██[38;2;193;194;182m██[38;2;23;27;31m██[38;2;108;123;149m██[38;2;156;173;203m████████████████[38;2;108;123;149m██[38;2;0;0;0m████[38;2;23;27;31m██[38;2;108;123;149m██[38;2;156;173;203m██████████[38;2;73;83;98m██[38;2;108;123;149m██[38;2;156;173;203m████[38;2;108;123;149m██[38;2;73;83;98m████[38;2;0;0;0m██[38;2;46;52;59m██████████████[38;2;0;0;0m██        
██[38;2;46;52;59m██████████[38;2;0;0;0m██[38;2;46;52;59m████████████[38;2;0;0;0m██[38;2;46;52;59m██████[38;2;0;0;0m██[38;2;73;83;98m██[38;2;46;52;59m████[38;2;0;0;0m██[38;2;46;52;59m██████████████████[38;2;156;173;203m████████[38;2;46;52;59m██[38;2;156;173;203m████[38;2;0;0;0m██[38;2;23;27;31m██[38;2;156;173;203m████████[38;2;108;123;149m██[38;2;156;173;203m██████████[38;2;0;0;0m██[38;2;73;83;98m████[38;2;0;0;0m████[38;2;156;173;203m██████[38;2;46;52;59m██[38;2;108;123;149m████████[38;2;73;83;98m██████[38;2;0;0;0m██[38;2;46;52;59m████[38;2;0;0;0m██████[38;2;46;52;59m████[38;2;0;0;0m██        
██[38;2;46;52;59m████████[38;2;0;0;0m██[38;2;46;52;59m████████████[38;2;0;0;0m██[38;2;46;52;59m████████[38;2;0;0;0m██[38;2;73;83;98m██[38;2;46;52;59m██[38;2;73;83;98m██[38;2;0;0;0m██[38;2;46;52;59m██████████[38;2;73;83;98m████[38;2;108;123;149m██[38;2;156;173;203m████████[38;2;108;123;149m██[38;2;46;52;59m██[38;2;156;173;203m████[38;2;46;52;59m██[38;2;23;27;31m██[38;2;156;173;203m██████████[38;2;73;83;98m██[38;2;156;173;203m████████[38;2;108;123;149m██[38;2;0;0;0m██[38;2;73;83;98m██████[38;2;0;0;0m██████[38;2;108;123;149m████████[38;2;73;83;98m██████[38;2;0;0;0m██[38;2;46;52;59m██[38;2;0;0;0m████      ██[38;2;46;52;59m██[38;2;0;0;0m██        
██[38;2;46;52;59m██████[38;2;0;0;0m████[38;2;46;52;59m████████████[38;2;0;0;0m██[38;2;46;52;59m██████[38;2;0;0;0m██[38;2;23;27;31m██[38;2;0;0;0m██[38;2;73;83;98m██[38;2;46;52;59m██[38;2;73;83;98m██[38;2;0;0;0m██[38;2;46;52;59m████████[38;2;73;83;98m████[38;2;108;123;149m████[38;2;156;173;203m██████[38;2;46;52;59m██[38;2;156;173;203m██████[38;2;46;52;59m██[38;2;0;0;0m██[38;2;108;123;149m██[38;2;156;173;203m████████[38;2;73;83;98m██[38;2;156;173;203m██████[38;2;108;123;149m████[38;2;0;0;0m██[38;2;46;52;59m██[38;2;73;83;98m████████████[38;2;108;123;149m████[38;2;73;83;98m████[38;2;46;52;59m████[38;2;0;0;0m████            ██          
  ████████[38;2;46;52;59m████████████[38;2;0;0;0m██[38;2;46;52;59m████████[38;2;0;0;0m██[38;2;23;27;31m██[38;2;0;0;0m██[38;2;46;52;59m████████[38;2;0;0;0m██[38;2;46;52;59m██████[38;2;73;83;98m██████[38;2;108;123;149m████[38;2;156;173;203m██[38;2;46;52;59m██[38;2;156;173;203m████████[38;2;46;52;59m██[38;2;108;123;149m██[38;2;0;0;0m██[38;2;108;123;149m██[38;2;156;173;203m████[38;2;46;52;59m██[38;2;108;123;149m██[38;2;156;173;203m████[38;2;108;123;149m████[38;2;73;83;98m██[38;2;0;0;0m██[38;2;46;52;59m████[38;2;73;83;98m██████████[38;2;46;52;59m██████████[38;2;0;0;0m██                            
        ██[38;2;46;52;59m██████████[38;2;0;0;0m████[38;2;46;52;59m██████[38;2;0;0;0m██[38;2;23;27;31m██████[38;2;0;0;0m██[38;2;46;52;59m████████[38;2;0;0;0m████[38;2;46;52;59m████[38;2;73;83;98m██████[38;2;46;52;59m████[38;2;156;173;203m████████[38;2;108;123;149m██[38;2;46;52;59m██[38;2;156;173;203m██[38;2;108;123;149m██[38;2;0;0;0m██████[38;2;108;123;149m████████[38;2;73;83;98m██████[38;2;0;0;0m██[38;2;46;52;59m██████████████████████[38;2;0;0;0m██                              
          ██[38;2;46;52;59m██████[38;2;0;0;0m██    ██████[38;2;23;27;31m████[38;2;0;0;0m████████[38;2;46;52;59m██████████[38;2;0;0;0m██████████[38;2;73;83;98m██[38;2;108;123;149m████[38;2;156;173;203m██████[38;2;73;83;98m██[38;2;156;173;203m████[38;2;108;123;149m██[38;2;46;52;59m████[38;2;73;83;98m████[38;2;108;123;149m████[38;2;73;83;98m████████[38;2;0;0;0m██[38;2;46;52;59m██████████████████[38;2;0;0;0m████                                
            ██████            ████      ██████[38;2;46;52;59m██████████[38;2;0;0;0m██[38;2;73;83;98m████████[38;2;108;123;149m████[38;2;156;173;203m██[38;2;46;52;59m██[38;2;156;173;203m██████[38;2;0;0;0m██[38;2;46;52;59m██████████[38;2;73;83;98m████████[38;2;0;0;0m██[38;2;46;52;59m████████████[38;2;23;27;31m██[38;2;0;0;0m██████                                    
                                        ██[38;2;46;52;59m████[38;2;0;0;0m████████[38;2;46;52;59m████[38;2;0;0;0m██[38;2;73;83;98m████████[38;2;46;52;59m████[38;2;156;173;203m██████[38;2;108;123;149m██[38;2;0;0;0m██[38;2;46;52;59m██████████████████[38;2;0;0;0m██[38;2;46;52;59m██[38;2;0;0;0m████[38;2;46;52;59m████████[38;2;0;0;0m██                                        
                                          ██[38;2;46;52;59m████[38;2;0;0;0m██    ██████████████[38;2;108;123;149m████[38;2;156;173;203m████[38;2;108;123;149m██[38;2;0;0;0m██[38;2;46;52;59m████████████[38;2;23;27;31m██[38;2;0;0;0m██[38;2;46;52;59m██[38;2;0;0;0m██████    ██[38;2;46;52;59m████████[38;2;0;0;0m██                                      
                                          ██[38;2;46;52;59m██[38;2;0;0;0m██                ██[38;2;73;83;98m████[38;2;108;123;149m██████[38;2;0;0;0m██████████[38;2;46;52;59m██████████[38;2;0;0;0m██            ██[38;2;46;52;59m██████[38;2;0;0;0m██                                      
                                            ██                    ██████████          ████[38;2;46;52;59m████████[38;2;0;0;0m██            ██[38;2;46;52;59m██[38;2;0;0;0m██                                        
                                                                                          ██[38;2;46;52;59m██████[38;2;0;0;0m██            ████                                          
                                                                                            ██[38;2;46;52;59m██[38;2;0;0;0m██                                                            
                                                                                            ████                                                              
[0m