                                                        [38;2;167;135;48m██████                                                                      
                                                        ██[38;2;238;204;45m████[38;2;167;135;48m██                                                                    
                                                          [38;2;118;61;41m██[38;2;238;204;45m████[38;2;118;61;41m██                                                                  
                                            [38;2;167;135;48m██████        [38;2;118;61;41m██[38;2;238;204;45m████[38;2;118;61;41m██        [38;2;167;135;48m██                                                        
                                          ██[38;2;238;204;45m██████[38;2;167;135;48m██      [38;2;118;61;41m██[38;2;238;204;45m████[38;2;118;61;41m██      [38;2;167;135;48m██[38;2;238;204;45m██[38;2;118;61;41m██                                                      
                                            ██[38;2;238;204;45m██████[38;2;167;135;48m██  [38;2;45;45;45m██[38;2;69;64;63m████[38;2;238;204;45m██[38;2;118;61;41m██      [38;2;167;135;48m██[38;2;238;204;45m██[38;2;118;61;41m██                                                      
                                              ██[38;2;238;204;45m██[38;2;69;64;63m██[38;2;45;45;45m████[38;2;69;64;63m████[38;2;45;45;45m██[38;2;26;29;28m██      [38;2;167;135;48m██[38;2;238;204;45m████[38;2;118;61;41m██                                                      
                                                [38;2;69;64;63m██[38;2;45;45;45m██[38;2;69;64;63m████████████[38;2;26;29;28m██  [38;2;167;135;48m██[38;2;238;204;45m██████[38;2;118;61;41m██                                                      
                                            [38;2;167;135;48m██  [38;2;45;45;45m██[38;2;69;64;63m████████████████[38;2;26;29;28m██[38;2;69;64;63m██[38;2;238;204;45m██████[38;2;118;61;41m██                                                      
                                          [38;2;167;135;48m██[38;2;238;204;45m██[38;2;118;61;41m██[38;2;69;64;63m██████████████████[38;2;143;49;119m██[38;2;69;64;63m████[38;2;238;204;45m██[38;2;118;61;41m██                                                        
                                        [38;2;167;135;48m██[38;2;238;204;45m████[38;2;118;61;41m██[38;2;69;64;63m██████████[38;2;143;49;119m████[38;2;69;64;63m██[38;2;143;49;119m██[38;2;201;81;159m██[38;2;143;49;119m██[38;2;69;64;63m██[38;2;26;29;28m██                                                          
                                        [38;2;167;135;48m██[38;2;238;204;45m██████[38;2;118;61;41m██[38;2;69;64;63m██████[38;2;143;49;119m██[38;2;201;81;159m████[38;2;143;49;119m████[38;2;201;81;159m██[38;2;143;49;119m██[38;2;26;29;28m██                                                            
                                          [38;2;167;135;48m██[38;2;238;204;45m████████[38;2;69;64;63m██████[38;2;143;49;119m██[38;2;201;81;159m██████[38;2;143;49;119m██[38;2;89;33;85m████                                                            
                                        [38;2;26;29;28m██[38;2;45;45;45m██[38;2;167;135;48m██[38;2;238;204;45m████[38;2;45;45;45m██[38;2;69;64;63m████[38;2;143;49;119m██[38;2;201;81;159m██████████████[38;2;89;33;85m██                                                          
                                        [38;2;26;29;28m██[38;2;45;45;45m████████[38;2;69;64;63m████[38;2;143;49;119m██[38;2;201;81;159m████[38;2;143;49;119m██[38;2;16;16;16m██[38;2;164;175;176m██[38;2;89;33;85m████[38;2;201;81;159m████[38;2;89;33;85m██                                                        
                                      ██[38;2;201;81;159m██[38;2;26;29;28m██[38;2;45;45;45m██[38;2;192;78;22m████[38;2;69;64;63m██[38;2;143;49;119m██[38;2;201;81;159m████[38;2;254;254;254m██[38;2;16;16;16m████[38;2;192;78;22m████[38;2;164;175;176m██[38;2;89;33;85m██[38;2;201;81;159m████[38;2;89;33;85m██                                                      
                                    ██[38;2;201;81;159m████[38;2;26;29;28m██[38;2;192;78;22m██[38;2;69;64;63m██[38;2;192;78;22m████[38;2;143;49;119m██[38;2;201;81;159m██[38;2;254;254;254m██[38;2;164;175;176m██[38;2;16;16;16m██[38;2;192;78;22m████[38;2;164;175;176m████[38;2;16;16;16m██[38;2;89;33;85m██[38;2;201;81;159m██[38;2;89;33;85m██                                                      
                                    ██[38;2;201;81;159m██[38;2;89;33;85m██  ██[38;2;254;254;254m██[38;2;164;175;176m██[38;2;192;78;22m██████████████[38;2;254;254;254m██[38;2;164;175;176m██[38;2;16;16;16m██  [38;2;89;33;85m██[38;2;201;81;159m████[38;2;89;33;85m██                                                    
                                  ██[38;2;201;81;159m██[38;2;89;33;85m██  ██[38;2;201;81;159m██[38;2;254;254;254m██████████████████[38;2;164;175;176m██[38;2;16;16;16m██      [38;2;89;33;85m██[38;2;201;81;159m██[38;2;89;33;85m██                                                    
                                  ██[38;2;201;81;159m██[38;2;16;16;16m██  [38;2;89;33;85m██[38;2;201;81;159m████[38;2;254;254;254m████[38;2;16;16;16m████[38;2;254;254;254m██████[38;2;164;175;176m██[38;2;16;16;16m██        [38;2;89;33;85m██[38;2;201;81;159m██[38;2;89;33;85m██                                                    
                                  ██[38;2;201;81;159m██[38;2;16;16;16m██  [38;2;89;33;85m██[38;2;201;81;159m██[38;2;16;16;16m██████[38;2;254;254;254m██████████[38;2;16;16;16m██          [38;2;89;33;85m██[38;2;201;81;159m██[38;2;16;16;16m██                                                    
                                  [38;2;89;33;85m██[38;2;201;81;159m██[38;2;16;16;16m██  [38;2;89;33;85m██[38;2;16;16;16m██      [38;2;69;64;63m██[38;2;254;254;254m██████[38;2;69;64;63m██          [38;2;89;33;85m██[38;2;201;81;159m████[38;2;16;16;16m██                                                    
                                  [38;2;89;33;85m██[38;2;143;49;119m██[38;2;16;16;16m██            [38;2;69;64;63m██[38;2;254;254;254m██████[38;2;16;16;16m██          [38;2;89;33;85m██[38;2;201;81;159m██[38;2;89;33;85m██                                                      
                                  ██[38;2;143;49;119m██[38;2;16;16;16m██            [38;2;69;64;63m██[38;2;254;254;254m████[38;2;16;16;16m██            [38;2;89;33;85m██[38;2;201;81;159m██[38;2;16;16;16m██                                                      
                                  [38;2;89;33;85m██[38;2;143;49;119m██[38;2;89;33;85m██          [38;2;69;64;63m██[38;2;254;254;254m██████[38;2;16;16;16m██          [38;2;89;33;85m██[38;2;201;81;159m████[38;2;16;16;16m██                                                      
                                    [38;2;89;33;85m██[38;2;143;49;119m██[38;2;16;16;16m██        [38;2;69;64;63m██[38;2;254;254;254m██████[38;2;16;16;16m██          [38;2;89;33;85m██[38;2;201;81;159m██[38;2;16;16;16m██            [38;2;89;33;85m██                                          
                                    ██[38;2;143;49;119m██[38;2;89;33;85m██      [38;2;69;64;63m██[38;2;254;254;254m████████[38;2;16;16;16m██          [38;2;89;33;85m██[38;2;201;81;159m██[38;2;16;16;16m██          [38;2;89;33;85m██[38;2;201;81;159m██[38;2;89;33;85m██                                        
                                      ██[38;2;143;49;119m██[38;2;89;33;85m██  [38;2;69;64;63m██[38;2;254;254;254m██████████[38;2;164;175;176m██[38;2;16;16;16m██        [38;2;89;33;85m██[38;2;201;81;159m██[38;2;89;33;85m██          ██[38;2;201;81;159m██[38;2;89;33;85m██                                        
                                        ██[38;2;143;49;119m██[38;2;69;64;63m██[38;2;254;254;254m██████████████[38;2;16;16;16m██          [38;2;143;49;119m██[38;2;201;81;159m██[38;2;89;33;85m██      ██[38;2;201;81;159m██[38;2;143;49;119m██[38;2;201;81;159m██[38;2;16;16;16m██                                      
                                    [38;2;45;45;45m██████[38;2;26;29;28m██[38;2;254;254;254m████████████████[38;2;164;175;176m██[38;2;16;16;16m██        [38;2;89;33;85m██[38;2;201;81;159m████[38;2;89;33;85m██████[38;2;201;81;159m██[38;2;143;49;119m██[38;2;201;81;159m████[38;2;16;16;16m██                                      
                                [38;2;45;45;45m████[38;2;69;64;63m████[38;2;26;29;28m██[38;2;254;254;254m████████████████████[38;2;164;175;176m██[38;2;16;16;16m██        [38;2;89;33;85m██[38;2;201;81;159m██████████████[38;2;16;16;16m██                                        
                              [38;2;45;45;45m██[38;2;69;64;63m██████[38;2;26;29;28m██[38;2;192;78;22m██[38;2;254;254;254m████████████████████[38;2;192;78;22m██[38;2;26;29;28m██████      [38;2;16;16;16m████[38;2;201;81;159m██████[38;2;16;16;16m████                                          
                            [38;2;26;29;28m██[38;2;69;64;63m██████[38;2;26;29;28m██[38;2;192;78;22m██[38;2;254;254;254m████████████████████[38;2;192;78;22m██[38;2;26;29;28m██[38;2;69;64;63m██████[38;2;26;29;28m████      [38;2;16;16;16m██████                                              
                          [38;2;26;29;28m██[38;2;69;64;63m██████[38;2;26;29;28m██[38;2;69;64;63m██[38;2;192;78;22m██[38;2;254;254;254m██████████████████[38;2;192;78;22m██[38;2;26;29;28m██[38;2;69;64;63m████████████[38;2;26;29;28m██                                                        
                          ██[38;2;69;64;63m████[38;2;26;29;28m██[38;2;69;64;63m████[38;2;192;78;22m██[38;2;143;49;119m██[38;2;254;254;254m████████████[38;2;192;78;22m██████[38;2;26;29;28m██[38;2;69;64;63m██████████████[38;2;26;29;28m██                                                      
                        ██[38;2;69;64;63m██████[38;2;26;29;28m██[38;2;69;64;63m████[38;2;143;49;119m██[38;2;201;81;159m██[38;2;143;49;119m██[38;2;254;254;254m████[38;2;192;78;22m████████[38;2;69;64;63m██[38;2;26;29;28m██[38;2;69;64;63m██████████████████[38;2;26;29;28m██                                                    
                        ██[38;2;69;64;63m████[38;2;26;29;28m██[38;2;69;64;63m████[38;2;89;33;85m██[38;2;201;81;159m████[38;2;143;49;119m██[38;2;192;78;22m████████[38;2;69;64;63m██████[38;2;26;29;28m██[38;2;69;64;63m██████████████████[38;2;26;29;28m██                                                    
                        ██[38;2;69;64;63m████[38;2;26;29;28m██[38;2;69;64;63m██[38;2;89;33;85m██[38;2;201;81;159m██████[38;2;143;49;119m██[38;2;69;64;63m██████████████[38;2;26;29;28m██[38;2;69;64;63m████████████████████[38;2;26;29;28m██                                                  
                      ██[38;2;45;45;45m██[38;2;69;64;63m██[38;2;26;29;28m██[38;2;143;49;119m██[38;2;89;33;85m██[38;2;201;81;159m████████[38;2;143;49;119m██[38;2;69;64;63m██████████████[38;2;26;29;28m██[38;2;69;64;63m████████████████████[38;2;26;29;28m██                                                  
                      ██[38;2;45;45;45m████[38;2;26;29;28m██[38;2;89;33;85m██[38;2;201;81;159m████████████[38;2;143;49;119m██[38;2;69;64;63m████████[38;2;143;49;119m██[38;2;26;29;28m██[38;2;69;64;63m████████████████████████[38;2;26;29;28m██                                                
                      ██[38;2;89;33;85m██████[38;2;201;81;159m██████████████[38;2;143;49;119m██[38;2;69;64;63m██[38;2;143;49;119m██████[38;2;201;81;159m██[38;2;26;29;28m██[38;2;69;64;63m████████████████████████[38;2;26;29;28m██                                                
                    [38;2;89;33;85m████[38;2;143;49;119m████[38;2;89;33;85m██[38;2;201;81;159m██████████████[38;2;143;49;119m████[38;2;201;81;159m████████[38;2;26;29;28m██[38;2;69;64;63m████████████████████████[38;2;26;29;28m██                                                
                  [38;2;89;33;85m██[38;2;201;81;159m████[38;2;143;49;119m██[38;2;89;33;85m██[38;2;201;81;159m██████[38;2;143;49;119m██[38;2;201;81;159m██[38;2;143;49;119m██[38;2;201;81;159m████████████████[38;2;26;29;28m██[38;2;69;64;63m██████████████████████████[38;2;26;29;28m██                                              
                [38;2;89;33;85m██[38;2;201;81;159m████[38;2;89;33;85m██[38;2;143;49;119m██[38;2;89;33;85m██[38;2;201;81;159m████[38;2;143;49;119m██[38;2;201;81;159m████[38;2;143;49;119m██[38;2;201;81;159m██[38;2;143;49;119m██[38;2;201;81;159m████████████[38;2;26;29;28m██[38;2;69;64;63m██████████████████████████[38;2;26;29;28m██                                              
                [38;2;89;33;85m██[38;2;201;81;159m██[38;2;143;49;119m██  [38;2;89;33;85m████[38;2;201;81;159m██[38;2;89;33;85m██[38;2;201;81;159m████████[38;2;89;33;85m██[38;2;143;49;119m██[38;2;201;81;159m████████████[38;2;26;29;28m██[38;2;45;45;45m██[38;2;69;64;63m██████████████████████[38;2;45;45;45m██[38;2;26;29;28m██                                              
              [38;2;89;33;85m██[38;2;201;81;159m██[38;2;143;49;119m██    [38;2;89;33;85m██[38;2;143;49;119m██[38;2;89;33;85m██[38;2;201;81;159m████[38;2;89;33;85m██[38;2;201;81;159m████[38;2;89;33;85m██[38;2;143;49;119m██[38;2;201;81;159m██████████████[38;2;26;29;28m██[38;2;69;64;63m████████████████████[38;2;45;45;45m██[38;2;69;64;63m██[38;2;26;29;28m██                                              
              [38;2;89;33;85m██[38;2;201;81;159m██[38;2;143;49;119m██  [38;2;89;33;85m██[38;2;201;81;159m██[38;2;143;49;119m██[38;2;89;33;85m██[38;2;201;81;159m██[38;2;89;33;85m██[38;2;45;45;45m██[38;2;16;16;16m██[38;2;201;81;159m████[38;2;16;16;16m██[38;2;45;45;45m██[38;2;143;49;119m████[38;2;201;81;159m████████[38;2;26;29;28m██[38;2;69;64;63m██████████████████[38;2;45;45;45m██[38;2;69;64;63m██[38;2;45;45;45m██[38;2;26;29;28m██                                              
              [38;2;89;33;85m██[38;2;201;81;159m██[38;2;143;49;119m██[38;2;89;33;85m██[38;2;201;81;159m████[38;2;16;16;16m██[38;2;201;81;159m████[38;2;89;33;85m██[38;2;45;45;45m██[38;2;16;16;16m██[38;2;201;81;159m████[38;2;16;16;16m██[38;2;45;45;45m████████[38;2;143;49;119m██████[38;2;26;29;28m██[38;2;45;45;45m██[38;2;69;64;63m██████████████████[38;2;45;45;45m████[38;2;26;29;28m██                                              
              [38;2;89;33;85m██[38;2;201;81;159m████████[38;2;89;33;85m██[38;2;16;16;16m██[38;2;201;81;159m██[38;2;89;33;85m██[38;2;45;45;45m████[38;2;16;16;16m██[38;2;201;81;159m████[38;2;16;16;16m██[38;2;45;45;45m██████████████[38;2;26;29;28m██[38;2;45;45;45m██████[38;2;69;64;63m██████████[38;2;45;45;45m████████[38;2;26;29;28m██                                              
          [38;2;89;33;85m████[38;2;143;49;119m██[38;2;201;81;159m██[38;2;143;49;119m██[38;2;89;33;85m██[38;2;16;16;16m██  ██[38;2;201;81;159m██[38;2;89;33;85m██  [38;2;45;45;45m██[38;2;16;16;16m██[38;2;201;81;159m██[38;2;143;49;119m██[38;2;16;16;16m██[38;2;45;45;45m████████████████[38;2;26;29;28m██[38;2;45;45;45m██████████████████████[38;2;26;29;28m██      [38;2;69;37;29m████████████                            
        [38;2;89;33;85m██[38;2;201;81;159m████████[38;2;16;16;16m██      ██[38;2;201;81;159m████[38;2;16;16;16m████[38;2;143;49;119m██[38;2;201;81;159m██[38;2;16;16;16m██[38;2;45;45;45m██████████████████[38;2;26;29;28m██[38;2;45;45;45m████████████████████[38;2;26;29;28m██[38;2;69;37;29m████████[38;2;192;78;22m████████[38;2;118;61;41m████[38;2;69;37;29m██                          
      [38;2;89;33;85m██[38;2;201;81;159m████[38;2;89;33;85m████[38;2;201;81;159m████[38;2;16;16;16m██      [38;2;89;33;85m██[38;2;201;81;159m██████████[38;2;16;16;16m██[38;2;26;29;28m██[38;2;45;45;45m████████████████[38;2;26;29;28m██[38;2;45;45;45m████████████████████[38;2;26;29;28m██[38;2;118;61;41m██[38;2;192;78;22m██████████[38;2;118;61;41m████[38;2;192;78;22m██████[38;2;69;37;29m██                        
      [38;2;89;33;85m██[38;2;201;81;159m██[38;2;89;33;85m██    [38;2;16;16;16m██[38;2;201;81;159m██[38;2;16;16;16m██      ██[38;2;143;49;119m██[38;2;201;81;159m██████[38;2;16;16;16m██[38;2;45;45;45m████[38;2;26;29;28m████[38;2;45;45;45m██████████[38;2;26;29;28m██[38;2;45;45;45m██[38;2;26;29;28m██[38;2;45;45;45m████████████████[38;2;26;29;28m██[38;2;45;45;45m██[38;2;118;61;41m██[38;2;192;78;22m████[38;2;118;61;41m██████[38;2;192;78;22m████████[38;2;118;61;41m████[38;2;69;37;29m██                      
    [38;2;89;33;85m██[38;2;201;81;159m████[38;2;89;33;85m██    [38;2;16;16;16m██[38;2;201;81;159m██[38;2;16;16;16m██        ██[38;2;143;49;119m██[38;2;201;81;159m██[38;2;143;49;119m██[38;2;16;16;16m██[38;2;45;45;45m████████[38;2;26;29;28m████[38;2;45;45;45m██[38;2;26;29;28m████[38;2;45;45;45m████[38;2;26;29;28m██[38;2;45;45;45m██████████████████████[38;2;118;61;41m████[38;2;192;78;22m██████████[38;2;118;61;41m████[38;2;192;78;22m██████[38;2;69;37;29m██                    
  [38;2;89;33;85m██[38;2;201;81;159m██████[38;2;143;49;119m██[38;2;16;16;16m████[38;2;143;49;119m██[38;2;201;81;159m██[38;2;16;16;16m██      [38;2;89;33;85m██[38;2;201;81;159m██████████[38;2;16;16;16m██[38;2;45;45;45m██████████[38;2;26;29;28m████[38;2;45;45;45m████████[38;2;26;29;28m██[38;2;45;45;45m████████████████████[38;2;118;61;41m██[38;2;192;78;22m██████[38;2;118;61;41m██████[38;2;192;78;22m████████[38;2;118;61;41m██[38;2;16;16;16m██                    
[38;2;89;33;85m██[38;2;201;81;159m████[38;2;89;33;85m██[38;2;201;81;159m████[38;2;143;49;119m████[38;2;201;81;159m████[38;2;16;16;16m██    [38;2;89;33;85m██[38;2;201;81;159m██████[38;2;143;49;119m██[38;2;201;81;159m██████[38;2;16;16;16m██[38;2;45;45;45m██████████[38;2;26;29;28m██[38;2;45;45;45m████████[38;2;16;16;16m██[38;2;45;45;45m████████████████████[38;2;118;61;41m██[38;2;192;78;22m██[38;2;118;61;41m████[38;2;192;78;22m██████████[38;2;16;16;16m██████                      
██[38;2;201;81;159m████[38;2;16;16;16m██[38;2;89;33;85m██[38;2;201;81;159m████████[38;2;16;16;16m██      [38;2;89;33;85m██[38;2;201;81;159m████[38;2;89;33;85m██████[38;2;201;81;159m████[38;2;16;16;16m██[38;2;45;45;45m████████[38;2;26;29;28m██[38;2;16;16;16m██[38;2;45;45;45m██████████[38;2;16;16;16m██[38;2;45;45;45m████████████████████[38;2;118;61;41m██[38;2;192;78;22m████████[38;2;16;16;16m██████                            
  ████    [38;2;89;33;85m██[38;2;201;81;159m████[38;2;16;16;16m██      [38;2;89;33;85m██[38;2;201;81;159m████[38;2;89;33;85m██      ██[38;2;201;81;159m████[38;2;16;16;16m██[38;2;45;45;45m████[38;2;16;16;16m██    [38;2;26;29;28m██[38;2;45;45;45m██████████[38;2;16;16;16m████[38;2;45;45;45m████████████████[38;2;118;61;41m██[38;2;192;78;22m██[38;2;16;16;16m██████                                  
        [38;2;89;33;85m██[38;2;201;81;159m████[38;2;16;16;16m██        [38;2;89;33;85m██[38;2;201;81;159m████[38;2;89;33;85m██      ██[38;2;201;81;159m████[38;2;16;16;16m██████[38;2;118;61;41m██[38;2;16;16;16m██  ██[38;2;45;45;45m████████[38;2;16;16;16m██  ██████[38;2;45;45;45m██████████[38;2;16;16;16m██████                                        
        [38;2;89;33;85m██[38;2;201;81;159m████[38;2;16;16;16m██        [38;2;89;33;85m██[38;2;201;81;159m████[38;2;143;49;119m██[38;2;16;16;16m██████[38;2;143;49;119m██[38;2;201;81;159m██[38;2;143;49;119m██[38;2;16;16;16m██[38;2;118;61;41m██████[38;2;69;37;29m██    [38;2;16;16;16m██[38;2;45;45;45m████[38;2;16;16;16m██[38;2;69;37;29m██  [38;2;16;16;16m██[38;2;118;61;41m████[38;2;16;16;16m██████████[38;2;69;37;29m██                        [38;2;118;61;41m██████              
          [38;2;16;16;16m██████          [38;2;89;33;85m██[38;2;201;81;159m████[38;2;143;49;119m██████[38;2;201;81;159m████[38;2;16;16;16m██  [38;2;69;37;29m██[38;2;118;61;41m██████[38;2;16;16;16m██  [38;2;69;37;29m██[38;2;16;16;16m████[38;2;118;61;41m██[38;2;69;37;29m██  [38;2;16;16;16m██[38;2;118;61;41m██████████████[38;2;69;37;29m██                      [38;2;118;61;41m██[38;2;192;78;22m██████[38;2;69;37;29m██            
                            [38;2;89;33;85m██[38;2;201;81;159m████████████[38;2;16;16;16m██    [38;2;69;37;29m██[38;2;118;61;41m████[38;2;16;16;16m██  [38;2;69;37;29m██[38;2;118;61;41m██████[38;2;69;37;29m██    ██[38;2;118;61;41m████████████[38;2;69;37;29m██                    [38;2;118;61;41m██[38;2;192;78;22m██████████[38;2;69;37;29m██          
                            [38;2;89;33;85m██[38;2;201;81;159m██[38;2;143;49;119m██[38;2;16;16;16m████[38;2;143;49;119m██[38;2;201;81;159m██[38;2;89;33;85m██    [38;2;69;37;29m██[38;2;118;61;41m████[38;2;16;16;16m██    [38;2;69;37;29m██[38;2;118;61;41m████[38;2;69;37;29m██    [38;2;16;16;16m██[38;2;118;61;41m████████████[38;2;69;37;29m██                    [38;2;118;61;41m██[38;2;192;78;22m██[38;2;69;37;29m██[38;2;192;78;22m██████[38;2;69;37;29m██          
                          [38;2;89;33;85m██[38;2;201;81;159m████[38;2;16;16;16m██    ██[38;2;201;81;159m████[38;2;89;33;85m██  [38;2;69;37;29m██[38;2;118;61;41m██[38;2;69;37;29m██      ██[38;2;118;61;41m██[38;2;16;16;16m██        [38;2;69;37;29m██[38;2;118;61;41m████████████[38;2;16;16;16m██                  [38;2;69;37;29m████  ██[38;2;192;78;22m████[38;2;118;61;41m██[38;2;69;37;29m██████    
                          [38;2;89;33;85m██[38;2;201;81;159m████[38;2;16;16;16m██    ██[38;2;201;81;159m████[38;2;89;33;85m██  [38;2;69;37;29m██[38;2;118;61;41m██[38;2;16;16;16m██      [38;2;69;37;29m██[38;2;118;61;41m██[38;2;16;16;16m██        ██[38;2;118;61;41m████████████[38;2;16;16;16m██                        [38;2;69;37;29m██[38;2;192;78;22m██[38;2;118;61;41m██[38;2;192;78;22m████████[38;2;69;37;29m██  
                            [38;2;16;16;16m████        ████    [38;2;69;37;29m██[38;2;164;175;176m██[38;2;16;16;16m██      [38;2;69;37;29m██[38;2;118;61;41m██[38;2;16;16;16m██          [38;2;69;37;29m██[38;2;118;61;41m████████████[38;2;16;16;16m██                    [38;2;69;37;29m██[38;2;192;78;22m████████████████[38;2;69;37;29m██
                                              ██[38;2;254;254;254m████[38;2;16;16;16m██      [38;2;69;37;29m██[38;2;164;175;176m██[38;2;16;16;16m██          ██[38;2;118;61;41m████████████[38;2;16;16;16m██[38;2;69;37;29m██                ██[38;2;192;78;22m████████[38;2;16;16;16m██[38;2;69;37;29m██[38;2;118;61;41m██[38;2;192;78;22m████[38;2;69;37;29m██
                                              ██[38;2;254;254;254m██[38;2;69;37;29m██        ██[38;2;254;254;254m██[38;2;16;16;16m██            ██[38;2;118;61;41m████████████[38;2;16;16;16m██[38;2;69;37;29m████        ████[38;2;254;254;254m██[38;2;164;175;176m██[38;2;192;78;22m████[38;2;16;16;16m██    [38;2;69;37;29m██[38;2;118;61;41m██[38;2;69;37;29m██  
                                            ██[38;2;164;175;176m██[38;2;254;254;254m██[38;2;16;16;16m██        [38;2;69;37;29m██[38;2;254;254;254m██[38;2;16;16;16m██              ██[38;2;118;61;41m████████████[38;2;16;16;16m██[38;2;118;61;41m██[38;2;69;37;29m████████[38;2;254;254;254m████████[38;2;164;175;176m██[38;2;16;16;16m██      ████    
                                        [38;2;69;37;29m████[38;2;192;78;22m████[38;2;164;175;176m██[38;2;16;16;16m██      [38;2;69;37;29m██[38;2;254;254;254m████[38;2;16;16;16m██                ██[38;2;118;61;41m████████████[38;2;69;37;29m██[38;2;118;61;41m████[38;2;192;78;22m██[38;2;164;175;176m██[38;2;254;254;254m████████[38;2;16;16;16m██                
                                  [38;2;69;37;29m████[38;2;118;61;41m████[38;2;192;78;22m████████[38;2;16;16;16m██      [38;2;69;37;29m██[38;2;164;175;176m████[38;2;69;37;29m██                  [38;2;16;16;16m██[38;2;69;37;29m██[38;2;118;61;41m██████████[38;2;69;37;29m██[38;2;118;61;41m██████[38;2;192;78;22m██[38;2;254;254;254m████[38;2;16;16;16m██                  
                                [38;2;69;37;29m██[38;2;118;61;41m████[38;2;69;37;29m██[38;2;192;78;22m██████████[38;2;118;61;41m██[38;2;69;37;29m██    ██[38;2;192;78;22m████[38;2;118;61;41m██[38;2;16;16;16m██                    ██[38;2;69;37;29m██[38;2;118;61;41m████████████████[38;2;16;16;16m████                    
                                [38;2;26;29;28m██[38;2;118;61;41m██[38;2;69;37;29m██[38;2;192;78;22m████[38;2;69;37;29m██[38;2;16;16;16m████[38;2;192;78;22m██[38;2;118;61;41m██[38;2;69;37;29m██  ██[38;2;192;78;22m██████████[38;2;16;16;16m██                      ████████████████                        
                              [38;2;26;29;28m██[38;2;69;64;63m████[38;2;69;37;29m██[38;2;192;78;22m██[38;2;16;16;16m██      ██[38;2;45;45;45m████[38;2;16;16;16m██[38;2;192;78;22m████[38;2;118;61;41m██[38;2;69;37;29m██[38;2;192;78;22m████[38;2;118;61;41m██[38;2;26;29;28m██                                                            
                            ██[38;2;69;64;63m████[38;2;26;29;28m██[38;2;69;64;63m████[38;2;16;16;16m██        [38;2;26;29;28m████[38;2;16;16;16m██[38;2;118;61;41m██[38;2;192;78;22m██[38;2;69;37;29m██[38;2;16;16;16m██[38;2;69;37;29m██[38;2;118;61;41m████[38;2;26;29;28m██                                                            
                            [38;2;16;16;16m██████[38;2;69;64;63m████[38;2;16;16;16m██              ██[38;2;69;64;63m██[38;2;16;16;16m██      ██[38;2;69;64;63m██[38;2;26;29;28m██                                                            
                                [38;2;16;16;16m██████              ██[38;2;69;64;63m████[38;2;16;16;16m██      ██[38;2;69;64;63m████[38;2;26;29;28m██                                                          
                                                    [38;2;16;16;16m██[38;2;69;64;63m██[38;2;16;16;16m██          ██[38;2;69;64;63m██[38;2;26;29;28m██                                                          
                                                    [38;2;16;16;16m████              ████                                                          
[0m