                [38;2;122;55;80m████████████                                    
            ████[38;2;231;225;230m██[38;2;251;123;155m██████████[38;2;122;55;80m████                                
        [38;2;41;40;41m████[38;2;82;76;77m██[38;2;172;151;156m██[38;2;231;225;230m████[38;2;251;123;155m████[38;2;231;225;230m██████[38;2;251;123;155m██[38;2;122;55;80m██                              
      [38;2;41;40;41m██[38;2;82;76;77m████████[38;2;231;225;230m████[38;2;251;123;155m██[38;2;231;225;230m██[38;2;255;219;99m██████[38;2;231;225;230m██[38;2;251;123;155m██[38;2;32;32;32m██                            
    [38;2;41;40;41m██[38;2;123;104;110m████[38;2;82;76;77m██████[38;2;172;151;156m██[38;2;231;225;230m████[38;2;255;219;99m██[38;2;146;125;65m██[38;2;82;76;77m██[38;2;146;125;65m██[38;2;231;225;230m██[38;2;251;123;155m████[38;2;32;32;32m██                          
  [38;2;41;40;41m██[38;2;123;104;110m██████[38;2;82;76;77m████████[38;2;231;225;230m████[38;2;255;219;99m██[38;2;82;76;77m██[38;2;231;225;230m██[38;2;82;76;77m██[38;2;231;225;230m██[38;2;251;123;155m████[38;2;122;55;80m██                          
  [38;2;41;40;41m██[38;2;123;104;110m████[38;2;82;76;77m████████[38;2;41;40;41m████[38;2;82;76;77m██[38;2;255;219;99m██[38;2;146;125;65m██[38;2;82;76;77m██[38;2;146;125;65m██[38;2;231;225;230m██[38;2;251;123;155m██████[38;2;32;32;32m██                        
[38;2;41;40;41m██[38;2;82;76;77m████████████[38;2;41;40;41m██[38;2;82;76;77m██[38;2;231;225;230m██████[38;2;255;219;99m██████[38;2;231;225;230m██[38;2;251;123;155m██████[38;2;32;32;32m██                        
[38;2;41;40;41m██[38;2;82;76;77m██████████[38;2;41;40;41m██[38;2;82;76;77m████[38;2;32;32;32m████[38;2;172;151;156m██[38;2;231;225;230m██████[38;2;251;123;155m████████[38;2;122;55;80m██                        
[38;2;32;32;32m██[38;2;41;40;41m██[38;2;82;76;77m████[38;2;41;40;41m████[38;2;82;76;77m████[38;2;32;32;32m██    ██████[38;2;122;55;80m██[38;2;251;123;155m██████████[38;2;32;32;32m██                      
██[38;2;82;76;77m██[38;2;41;40;41m████[38;2;82;76;77m██████[38;2;32;32;32m██              [38;2;122;55;80m██[38;2;251;123;155m████████[38;2;32;32;32m██                      
  ██[38;2;82;76;77m██████████[38;2;32;32;32m██                [38;2;122;55;80m██[38;2;251;123;155m██████[38;2;32;32;32m██                      
  ██[38;2;82;76;77m████████[38;2;32;32;32m██                  [38;2;122;55;80m██[38;2;251;123;155m██████[38;2;32;32;32m██                      
    ██[38;2;82;76;77m██████[38;2;32;32;32m██                  [38;2;122;55;80m██[38;2;251;123;155m██████[38;2;32;32;32m██                      
      ██████                    [38;2;122;55;80m██[38;2;251;123;155m██████[38;2;32;32;32m██                      
                                [38;2;122;55;80m██[38;2;251;123;155m██████[38;2;32;32;32m██                      
                              [38;2;122;55;80m██[38;2;251;123;155m████████[38;2;32;32;32m██                      
                              [38;2;122;55;80m██[38;2;251;123;155m██████[38;2;32;32;32m██                        
                            [38;2;122;55;80m██[38;2;251;123;155m████████[38;2;32;32;32m██                        
                          [38;2;122;55;80m██[38;2;251;123;155m████████[38;2;32;32;32m██                          
                        [38;2;122;55;80m██[38;2;251;123;155m██████████[38;2;32;32;32m██                          
                      [38;2;122;55;80m██[38;2;251;123;155m██████████[38;2;32;32;32m██                            
                    [38;2;122;55;80m██[38;2;251;123;155m██████████[38;2;32;32;32m██[38;2;122;55;80m████████████                  
                  ██[38;2;251;123;155m██████████[38;2;32;32;32m██[38;2;122;55;80m██[38;2;251;123;155m████████████[38;2;122;55;80m████              
                  ██[38;2;251;123;155m████████[38;2;32;32;32m██[38;2;251;123;155m████████████████████[38;2;122;55;80m██            
                ██[38;2;251;123;155m████████[38;2;122;55;80m██[38;2;251;123;155m██[38;2;122;55;80m██[38;2;251;123;155m████████████████████[38;2;122;55;80m██          
                ██[38;2;196;86;123m██[38;2;251;123;155m██████[38;2;122;55;80m██[38;2;251;123;155m████[38;2;122;55;80m██[38;2;251;123;155m████████████████████[38;2;122;55;80m██        
                ██[38;2;196;86;123m████████[38;2;122;55;80m██[38;2;251;123;155m████[38;2;122;55;80m██[38;2;251;123;155m████████████[38;2;122;55;80m██████████        
              ██[38;2;251;123;155m██[38;2;122;55;80m██[38;2;196;86;123m████[38;2;122;55;80m██[38;2;251;123;155m██████[38;2;122;55;80m██[38;2;251;123;155m████████[38;2;122;55;80m████[38;2;251;123;155m████████[38;2;196;86;123m██[38;2;122;55;80m██      
              ██[38;2;251;123;155m████[38;2;122;55;80m████[38;2;251;123;155m████████[38;2;32;32;32m██[38;2;251;123;155m██████[38;2;122;55;80m██[38;2;251;123;155m████████████████[38;2;32;32;32m██    
              [38;2;122;55;80m██[38;2;251;123;155m██████[38;2;122;55;80m██[38;2;251;123;155m██████[38;2;32;32;32m██[38;2;251;123;155m████████[38;2;122;55;80m██[38;2;251;123;155m████████████████[38;2;196;86;123m██[38;2;32;32;32m██  
                [38;2;122;55;80m██[38;2;251;123;155m██████[38;2;122;55;80m████[38;2;32;32;32m██[38;2;251;123;155m████████[38;2;122;55;80m██[38;2;251;123;155m██████████████[38;2;122;55;80m██████[38;2;32;32;32m██  
                ████[38;2;196;86;123m████████[38;2;32;32;32m██[38;2;251;123;155m████████[38;2;122;55;80m██[38;2;251;123;155m████████████████[38;2;196;86;123m████[38;2;122;55;80m██[38;2;32;32;32m██
                ██[38;2;196;86;123m██[38;2;32;32;32m████████[38;2;251;123;155m██████████[38;2;122;55;80m██[38;2;251;123;155m██████████████[38;2;196;86;123m████████[38;2;32;32;32m██
                ██[38;2;196;86;123m██[38;2;122;55;80m██[38;2;251;123;155m██████████████████[38;2;122;55;80m██[38;2;251;123;155m████████[38;2;196;86;123m████████████[38;2;32;32;32m██
                  [38;2;196;86;123m██[38;2;122;55;80m██[38;2;196;86;123m████[38;2;251;123;155m██████████[38;2;196;86;123m████[38;2;122;55;80m██[38;2;196;86;123m██████████[38;2;122;55;80m████[38;2;196;86;123m██████[38;2;32;32;32m██
                  ██[38;2;196;86;123m██[38;2;122;55;80m██[38;2;196;86;123m██████████████████[38;2;122;55;80m██[38;2;196;86;123m████████████[38;2;122;55;80m████[38;2;32;32;32m██  
                    ██[38;2;122;55;80m██[38;2;196;86;123m████████████████████[38;2;32;32;32m██[38;2;196;86;123m██████████████[38;2;32;32;32m██  
                      ██[38;2;122;55;80m██[38;2;196;86;123m████████████████████[38;2;32;32;32m████[38;2;196;86;123m██████[38;2;32;32;32m████    
                          ██[38;2;196;86;123m██████████████████████[38;2;32;32;32m██████        
                            ████[38;2;196;86;123m██████████████[38;2;32;32;32m████              
                                ██████████████                  
                                    [38;2;82;76;77m████[38;2;172;151;156m██[38;2;32;32;32m██                    
                                    [38;2;82;76;77m██[38;2;172;151;156m██[38;2;82;76;77m██[38;2;172;151;156m██[38;2;32;32;32m██                  
                                    [38;2;82;76;77m██[38;2;172;151;156m██[38;2;32;32;32m██[38;2;82;76;77m██[38;2;172;151;156m██[38;2;32;32;32m██                
                      [38;2;82;76;77m██████████    ██[38;2;172;151;156m██[38;2;32;32;32m██  [38;2;82;76;77m██[38;2;172;151;156m██[38;2;32;32;32m██              
                    [38;2;82;76;77m██[38;2;231;225;230m██████████[38;2;82;76;77m██████[38;2;172;151;156m██[38;2;32;32;32m██    [38;2;82;76;77m██[38;2;172;151;156m██[38;2;32;32;32m██            
                  [38;2;82;76;77m██[38;2;231;225;230m████[38;2;172;151;156m██[38;2;32;32;32m██████[38;2;231;225;230m████████[38;2;82;76;77m██████  ██[38;2;172;151;156m██[38;2;32;32;32m██          
                [38;2;82;76;77m██[38;2;172;151;156m██[38;2;231;225;230m████[38;2;32;32;32m██      ████████[38;2;231;225;230m██████[38;2;82;76;77m██████[38;2;172;151;156m██[38;2;32;32;32m██        
                [38;2;82;76;77m██[38;2;231;225;230m██[38;2;172;151;156m██[38;2;231;225;230m██[38;2;32;32;32m██          [38;2;82;76;77m██[38;2;172;151;156m██[38;2;32;32;32m██████[38;2;231;225;230m██████[38;2;172;151;156m██[38;2;32;32;32m██        
                [38;2;82;76;77m██[38;2;231;225;230m██[38;2;172;151;156m██[38;2;231;225;230m██[38;2;32;32;32m██          [38;2;82;76;77m██[38;2;172;151;156m██[38;2;32;32;32m██    ████████          
                  ██[38;2;172;151;156m██[38;2;231;225;230m██[38;2;32;32;32m██          [38;2;82;76;77m██[38;2;172;151;156m██[38;2;32;32;32m██                      
                    ████            [38;2;82;76;77m██[38;2;172;151;156m██[38;2;32;32;32m██                      
                                    [38;2;82;76;77m██[38;2;172;151;156m██[38;2;32;32;32m██                      
                                    [38;2;82;76;77m██[38;2;172;151;156m██[38;2;32;32;32m██                      
                                    [38;2;82;76;77m██[38;2;172;151;156m██[38;2;32;32;32m██                      
                                    [38;2;82;76;77m██[38;2;172;151;156m██[38;2;32;32;32m██                      
                                    [38;2;82;76;77m██[38;2;172;151;156m██[38;2;32;32;32m██                      
                                    [38;2;82;76;77m██[38;2;172;151;156m██[38;2;32;32;32m██                      
                                    [38;2;82;76;77m██[38;2;172;151;156m██[38;2;32;32;32m██                      
                                    [38;2;82;76;77m██[38;2;172;151;156m██[38;2;32;32;32m██                      
                                    [38;2;82;76;77m██[38;2;172;151;156m██[38;2;32;32;32m██                      
                                    [38;2;82;76;77m██[38;2;172;151;156m██[38;2;32;32;32m██                      
                                    [38;2;82;76;77m██[38;2;172;151;156m██[38;2;32;32;32m██                      
                                    [38;2;82;76;77m██[38;2;172;151;156m██[38;2;32;32;32m██                      
                                [38;2;82;76;77m██████[38;2;172;151;156m██[38;2;32;32;32m██                      
                            [38;2;82;76;77m████[38;2;172;151;156m██[38;2;231;225;230m██████[38;2;172;151;156m██[38;2;32;32;32m██                    
                          ██[38;2;231;225;230m██[38;2;172;151;156m██[38;2;231;225;230m████[38;2;172;151;156m██[38;2;231;225;230m████[38;2;32;32;32m██                    
                            ████[38;2;231;225;230m██[38;2;172;151;156m██[38;2;231;225;230m██[38;2;32;32;32m████                      
                                ██████                          
[0m