                              [38;2;50;49;54m██████      ████████████████                                                                                                                      
                          ████[38;2;86;85;85m██████[38;2;16;16;16m██[38;2;50;49;54m████[38;2;86;85;85m████[38;2;88;115;176m██[38;2;104;158;255m████[38;2;88;115;176m██████[38;2;16;16;16m██████                                                                                                                
                        [38;2;50;49;54m██[38;2;86;85;85m██[38;2;132;125;125m████[38;2;86;85;85m██████[38;2;16;16;16m██[38;2;86;85;85m██████████[38;2;104;158;255m██[38;2;50;49;54m██████[38;2;88;115;176m██████[38;2;16;16;16m████                                                                                                            
                        [38;2;50;49;54m██████[38;2;86;85;85m████████[38;2;50;49;54m██[38;2;16;16;16m██[38;2;86;85;85m██[38;2;16;16;16m██████████[38;2;50;49;54m██████████████[38;2;16;16;16m██                                                        [38;2;50;49;54m██████████                                        
                      ██[38;2;104;158;255m██[38;2;88;115;176m████[38;2;50;49;54m████[38;2;86;85;85m██[38;2;50;49;54m████[38;2;16;16;16m████          ██████[38;2;50;49;54m██████████[38;2;16;16;16m██                                              [38;2;50;49;54m████████[38;2;88;115;176m████████[38;2;104;158;255m██[38;2;50;49;54m████████                                
                    ██[38;2;104;158;255m██[38;2;86;85;85m██████████[38;2;50;49;54m████████[38;2;16;16;16m████              ██[38;2;50;49;54m██████████[38;2;16;16;16m██                                        [38;2;50;49;54m████[38;2;86;85;85m██████[38;2;132;125;125m████[38;2;86;85;85m████[38;2;104;158;255m██[38;2;88;115;176m████████[38;2;104;158;255m██[38;2;50;49;54m██████                          
                    ██[38;2;104;158;255m██████[38;2;86;85;85m████████[38;2;16;16;16m██[38;2;50;49;54m████[38;2;16;16;16m██[38;2;86;85;85m██[38;2;16;16;16m██              ██[38;2;50;49;54m██████████[38;2;16;16;16m██                                  [38;2;50;49;54m████[38;2;86;85;85m████████████████[38;2;104;158;255m██[38;2;88;115;176m██[38;2;86;85;85m██████[38;2;104;158;255m██████████[38;2;50;49;54m████                      
                  ██[38;2;104;158;255m████[38;2;88;115;176m██[38;2;86;85;85m████████[38;2;50;49;54m██[38;2;16;16;16m████[38;2;50;49;54m████[38;2;86;85;85m████[38;2;16;16;16m██        [38;2;54;82;160m██    [38;2;16;16;16m██[38;2;50;49;54m████████[38;2;16;16;16m██  [38;2;54;82;160m████                        [38;2;50;49;54m████[38;2;86;85;85m████████████████████████████[38;2;104;158;255m██[38;2;88;115;176m██[38;2;86;85;85m████[38;2;88;115;176m██[38;2;104;158;255m████[38;2;50;49;54m██████████████          
                  ██[38;2;104;158;255m██[38;2;86;85;85m██████████[38;2;50;49;54m██[38;2;16;16;16m██  ██[38;2;50;49;54m██[38;2;16;16;16m██[38;2;255;69;81m██[38;2;86;85;85m██[38;2;16;16;16m██      [38;2;54;82;160m██[38;2;104;158;255m██[38;2;16;16;16m██  ██[38;2;50;49;54m██████████[38;2;16;16;16m██[38;2;104;158;255m██[38;2;54;82;160m██                    [38;2;50;49;54m████[38;2;86;85;85m████████████████████████████████████████[38;2;50;49;54m██████[38;2;86;85;85m██████████████[38;2;16;16;16m████      
                  [38;2;50;49;54m██[38;2;104;158;255m██[38;2;86;85;85m████████[38;2;50;49;54m████[38;2;16;16;16m██    ██  ██[38;2;255;69;81m██[38;2;86;85;85m██[38;2;16;16;16m██    [38;2;54;82;160m██[38;2;104;158;255m██[38;2;16;16;16m██    ██[38;2;50;49;54m████████[38;2;16;16;16m██[38;2;104;158;255m██[38;2;54;82;160m██                  [38;2;50;49;54m██[38;2;86;85;85m██████████████████[38;2;16;16;16m████████████[38;2;86;85;85m██████████[38;2;16;16;16m████[38;2;86;85;85m██████[38;2;132;125;125m████[38;2;86;85;85m██████████████[38;2;16;16;16m████  
                  [38;2;50;49;54m██[38;2;104;158;255m██[38;2;88;115;176m██[38;2;104;158;255m██[38;2;88;115;176m██[38;2;86;85;85m██[38;2;50;49;54m████[38;2;16;16;16m██          ██[38;2;255;69;81m██[38;2;86;85;85m██[38;2;16;16;16m██  [38;2;54;82;160m██[38;2;104;158;255m████[38;2;16;16;16m██  ██[38;2;50;49;54m██████[38;2;16;16;16m██[38;2;104;158;255m████[38;2;54;82;160m██              [38;2;16;16;16m██[38;2;50;49;54m██[38;2;86;85;85m██████████████[38;2;16;16;16m██████            ████[38;2;86;85;85m██[38;2;16;16;16m████[38;2;50;49;54m████████[38;2;86;85;85m██████████████[38;2;50;49;54m██████████[38;2;16;16;16m██
                  [38;2;50;49;54m██[38;2;104;158;255m████[38;2;86;85;85m████[38;2;50;49;54m██████[38;2;16;16;16m██            ██[38;2;255;69;81m██[38;2;86;85;85m██[38;2;16;16;16m██  ██[38;2;54;82;160m██[38;2;16;16;16m██  ██[38;2;50;49;54m██████[38;2;16;16;16m██[38;2;104;158;255m██[38;2;54;82;160m██              [38;2;16;16;16m██[38;2;50;49;54m██[38;2;86;85;85m████████████[38;2;16;16;16m████          ████        ██[38;2;50;49;54m████████[38;2;16;16;16m██████[38;2;50;49;54m████████[38;2;16;16;16m██████████████  
                    [38;2;50;49;54m██[38;2;104;158;255m██[38;2;86;85;85m████[38;2;50;49;54m████████[38;2;16;16;16m██          ██[38;2;255;69;81m████[38;2;86;85;85m██[38;2;16;16;16m████[38;2;54;82;160m████[38;2;16;16;16m██  ██[38;2;50;49;54m██[38;2;16;16;16m██[38;2;104;158;255m████[38;2;54;82;160m██          [38;2;16;16;16m████[38;2;50;49;54m████████[38;2;86;85;85m████[38;2;16;16;16m████        ████[38;2;86;85;85m██████[38;2;16;16;16m████  ██[38;2;50;49;54m████[38;2;16;16;16m██████[38;2;86;85;85m████████[38;2;88;115;176m██[38;2;104;158;255m████[38;2;16;16;16m██              
                    [38;2;50;49;54m██[38;2;104;158;255m████[38;2;50;49;54m██████████[38;2;16;16;16m██            ██[38;2;255;69;81m████[38;2;16;16;16m██[38;2;104;158;255m██[38;2;16;16;16m██[38;2;54;82;160m██[38;2;16;16;16m██  ██[38;2;50;49;54m██[38;2;16;16;16m██[38;2;104;158;255m████[38;2;16;16;16m██        ██[38;2;50;49;54m████████████[38;2;16;16;16m████      ████[38;2;86;85;85m████████[38;2;16;16;16m████[38;2;86;85;85m████[38;2;50;49;54m██[38;2;16;16;16m██████[38;2;86;85;85m████[38;2;104;158;255m██████████████[38;2;50;49;54m██                
                      [38;2;16;16;16m██[38;2;104;158;255m██[38;2;50;49;54m████████████[38;2;16;16;16m██          ██[38;2;255;69;81m██████[38;2;54;82;160m██[38;2;104;158;255m██[38;2;16;16;16m████████[38;2;50;49;54m██[38;2;16;16;16m██[38;2;104;158;255m████[38;2;16;16;16m██      ██[38;2;50;49;54m████████████[38;2;16;16;16m██      ████[38;2;86;85;85m██[38;2;255;69;81m████[38;2;86;85;85m██[38;2;16;16;16m████    ██████[38;2;86;85;85m██████████████[38;2;88;115;176m██[38;2;104;158;255m████████[38;2;50;49;54m██                
                        [38;2;16;16;16m██[38;2;104;158;255m██[38;2;50;49;54m████████████[38;2;16;16;16m██      ██[38;2;255;69;81m████████[38;2;16;16;16m██[38;2;104;158;255m██[38;2;54;82;160m██[38;2;16;16;16m██████[38;2;50;49;54m████[38;2;16;16;16m██[38;2;104;158;255m██[38;2;88;115;176m██[38;2;16;16;16m██  ██[38;2;50;49;54m██████████[38;2;16;16;16m████████████[38;2;86;85;85m████[38;2;255;69;81m██[38;2;190;0;53m██[38;2;16;16;16m████          ██[38;2;86;85;85m████████████████[38;2;104;158;255m████████[38;2;50;49;54m██                  
                          [38;2;16;16;16m██[38;2;104;158;255m██[38;2;50;49;54m████████████[38;2;16;16;16m██    ██[38;2;255;69;81m████████[38;2;16;16;16m██[38;2;104;158;255m████[38;2;16;16;16m██[38;2;50;49;54m██[38;2;16;16;16m██[38;2;50;49;54m████[38;2;16;16;16m██[38;2;88;115;176m██[38;2;86;85;85m████[38;2;16;16;16m██[38;2;50;49;54m██████████[38;2;16;16;16m██[38;2;255;69;81m██████[38;2;86;85;85m██████[38;2;255;69;81m████[38;2;50;49;54m██[38;2;16;16;16m██            ██[38;2;86;85;85m██████████████[38;2;88;115;176m██[38;2;104;158;255m████████[38;2;50;49;54m██                    
                            [38;2;16;16;16m██[38;2;50;49;54m██████████████[38;2;16;16;16m██  ██[38;2;50;49;54m██[38;2;255;69;81m██████[38;2;16;16;16m██[38;2;88;115;176m██[38;2;104;158;255m██[38;2;16;16;16m██[38;2;50;49;54m████[38;2;16;16;16m██[38;2;50;49;54m██[38;2;16;16;16m██[38;2;86;85;85m██████[38;2;16;16;16m██[38;2;50;49;54m██████[38;2;16;16;16m████[38;2;255;69;81m████[38;2;86;85;85m████[38;2;255;69;81m██████[38;2;190;0;53m██[38;2;16;16;16m████        ██████[38;2;86;85;85m██████[38;2;88;115;176m██[38;2;104;158;255m████████████████[38;2;50;49;54m██                      
                              [38;2;16;16;16m████[38;2;50;49;54m████████████[38;2;16;16;16m████[38;2;50;49;54m████[38;2;190;0;53m██████[38;2;16;16;16m██[38;2;88;115;176m██[38;2;86;85;85m██[38;2;16;16;16m██[38;2;50;49;54m████[38;2;16;16;16m██[38;2;86;85;85m██████[38;2;16;16;16m██[38;2;50;49;54m██████[38;2;16;16;16m██[38;2;190;0;53m██[38;2;255;69;81m██████████████[38;2;190;0;53m██[38;2;50;49;54m██        [38;2;16;16;16m████[38;2;86;85;85m██████████████████[38;2;104;158;255m████████[38;2;50;49;54m████                        
                                  [38;2;16;16;16m██[38;2;50;49;54m██████████████[38;2;16;16;16m████[38;2;50;49;54m██[38;2;190;0;53m████[38;2;16;16;16m██[38;2;86;85;85m████[38;2;16;16;16m████████[38;2;50;49;54m████[38;2;16;16;16m██[38;2;50;49;54m████[38;2;16;16;16m████[38;2;190;0;53m████[38;2;255;69;81m████████████[38;2;190;0;53m██[38;2;16;16;16m██    ██████[38;2;50;49;54m████████████████[38;2;54;82;160m████[38;2;104;158;255m██████[38;2;50;49;54m████                            
                                    [38;2;16;16;16m████[38;2;50;49;54m██████████████[38;2;16;16;16m████[38;2;190;0;53m██[38;2;16;16;16m██[38;2;86;85;85m████[38;2;50;49;54m██████[38;2;16;16;16m██[38;2;50;49;54m██[38;2;16;16;16m██[38;2;50;49;54m██[38;2;16;16;16m████[38;2;190;0;53m██████████[38;2;255;69;81m████████[38;2;16;16;16m██████████[38;2;50;49;54m████████████████[38;2;54;82;160m████████[38;2;104;158;255m████[38;2;16;16;16m████                                
                                        ████[38;2;50;49;54m██████████████[38;2;16;16;16m████[38;2;86;85;85m██[38;2;50;49;54m████████[38;2;16;16;16m██[38;2;50;49;54m██[38;2;16;16;16m████[38;2;190;0;53m████████████████[38;2;16;16;16m██████[38;2;50;49;54m██████████████████████[38;2;54;82;160m████████[38;2;16;16;16m████████                                    
                                            ██████[38;2;50;49;54m████████████[38;2;16;16;16m████████[38;2;50;49;54m████[38;2;16;16;16m████[38;2;190;0;53m████████████[38;2;112;48;64m██[38;2;16;16;16m████[38;2;50;49;54m████████████████████[38;2;54;82;160m████████[38;2;16;16;16m████████                                            
                                        ██████████████████████[38;2;50;49;54m████████[38;2;16;16;16m██[38;2;50;49;54m██[38;2;16;16;16m██████████████[38;2;50;49;54m██████████████████████[38;2;16;16;16m██████████████                                                    
                              [38;2;50;49;54m██████████[38;2;86;85;85m████████████████████[38;2;50;49;54m██████████[38;2;16;16;16m██[38;2;50;49;54m██[38;2;16;16;16m██[38;2;50;49;54m██████████████████████[38;2;16;16;16m████████████                                                                  
                        [38;2;50;49;54m██████[38;2;86;85;85m██████████████████[38;2;16;16;16m██████████████████[38;2;50;49;54m██████[38;2;16;16;16m██[38;2;50;49;54m██[38;2;16;16;16m██████████████████████                                                                              
                    [38;2;50;49;54m████[38;2;86;85;85m██████████████[38;2;16;16;16m██████████[38;2;190;0;53m██[38;2;255;69;81m████████[38;2;190;0;53m████████[38;2;16;16;16m██[38;2;50;49;54m████████[38;2;16;16;16m██  ██[38;2;190;0;53m████████████[38;2;16;16;16m██                                                                                
                ██[38;2;50;49;54m██[38;2;86;85;85m████████████[38;2;16;16;16m██████      ██[38;2;255;69;81m██████████████[38;2;190;0;53m████████[38;2;16;16;16m██[38;2;50;49;54m██[38;2;86;85;85m████[38;2;16;16;16m██    ████████[38;2;190;0;53m██[38;2;16;16;16m██                                                                                  
            [38;2;50;49;54m██[38;2;16;16;16m██[38;2;86;85;85m████████████[38;2;16;16;16m████            ████[38;2;86;85;85m████[38;2;255;69;81m██████████[38;2;190;0;53m████[38;2;50;49;54m██[38;2;16;16;16m██[38;2;86;85;85m██████[38;2;16;16;16m██        [38;2;112;48;64m██[38;2;190;0;53m██[38;2;16;16;16m██                                                                                    
          [38;2;50;49;54m██[38;2;104;158;255m██[38;2;86;85;85m████████████[38;2;16;16;16m██              ██[38;2;86;85;85m████[38;2;255;69;81m██████████[38;2;50;49;54m████████[38;2;16;16;16m██[38;2;86;85;85m████████[38;2;16;16;16m██        [38;2;112;48;64m██[38;2;190;0;53m██[38;2;16;16;16m██                                                                                    
        [38;2;50;49;54m██[38;2;104;158;255m██[38;2;86;85;85m████████████[38;2;16;16;16m██              ██[38;2;86;85;85m██[38;2;255;69;81m██████[38;2;190;0;53m████[38;2;50;49;54m██████████[38;2;16;16;16m██[38;2;86;85;85m████████[38;2;16;16;16m██      [38;2;112;48;64m████[38;2;190;0;53m████[38;2;16;16;16m██                                                                                    
      [38;2;50;49;54m██[38;2;104;158;255m██[38;2;86;85;85m████████████[38;2;16;16;16m██            ████[38;2;86;85;85m██[38;2;255;69;81m██[38;2;50;49;54m██[38;2;16;16;16m████████[38;2;50;49;54m████████[38;2;16;16;16m██[38;2;86;85;85m██████████[38;2;16;16;16m██  [38;2;112;48;64m████[38;2;190;0;53m████[38;2;16;16;16m████                                                                                      
    [38;2;50;49;54m██[38;2;104;158;255m██████[38;2;88;115;176m██[38;2;86;85;85m██████[38;2;16;16;16m██            ██[38;2;86;85;85m████[38;2;50;49;54m██[38;2;16;16;16m████        ██[38;2;50;49;54m██[38;2;16;16;16m████[38;2;86;85;85m██████████[38;2;16;16;16m████[38;2;112;48;64m██[38;2;190;0;53m████[38;2;16;16;16m████                                                                                          
  [38;2;50;49;54m██[38;2;104;158;255m████[38;2;88;115;176m██[38;2;86;85;85m██████████[38;2;16;16;16m██          ██[38;2;86;85;85m████[38;2;16;16;16m████            ████[38;2;86;85;85m████████████[38;2;104;158;255m██[38;2;16;16;16m██[38;2;112;48;64m██[38;2;190;0;53m████[38;2;16;16;16m██                                                                                              
  [38;2;50;49;54m██[38;2;104;158;255m████[38;2;86;85;85m████████████[38;2;16;16;16m██        ████[38;2;50;49;54m██[38;2;16;16;16m██            ████[38;2;86;85;85m██████████████[38;2;104;158;255m██[38;2;16;16;16m██[38;2;190;0;53m████[38;2;16;16;16m████                                                                                                
[38;2;50;49;54m██[38;2;104;158;255m██████████[38;2;88;115;176m██[38;2;86;85;85m████████[38;2;16;16;16m██    ██[38;2;50;49;54m████[38;2;16;16;16m██          ████[38;2;86;85;85m██[38;2;104;158;255m██[38;2;86;85;85m██████████[38;2;88;115;176m██[38;2;104;158;255m██[38;2;16;16;16m██[38;2;190;0;53m██[38;2;16;16;16m████                                                                                                    
[38;2;50;49;54m██[38;2;54;82;160m██[38;2;104;158;255m██████[38;2;86;85;85m████████████[38;2;16;16;16m██████[38;2;50;49;54m████[38;2;16;16;16m██    ████████[38;2;86;85;85m██████[38;2;88;115;176m██[38;2;104;158;255m██[38;2;86;85;85m████[38;2;88;115;176m██[38;2;104;158;255m████[38;2;16;16;16m████[38;2;112;48;64m██[38;2;16;16;16m██                                                                                                      
[38;2;50;49;54m██[38;2;54;82;160m████[38;2;104;158;255m████[38;2;86;85;85m████████[38;2;88;115;176m██[38;2;86;85;85m██[38;2;50;49;54m██[38;2;86;85;85m████[38;2;50;49;54m██[38;2;16;16;16m████████[38;2;86;85;85m████████████████[38;2;104;158;255m██████████[38;2;16;16;16m██  ██[38;2;190;0;53m████[38;2;16;16;16m██                                                                                                    
[38;2;50;49;54m██[38;2;54;82;160m██████[38;2;104;158;255m████[38;2;86;85;85m████[38;2;88;115;176m██[38;2;50;49;54m████[38;2;86;85;85m██████[38;2;50;49;54m██[38;2;86;85;85m████████[38;2;88;115;176m██[38;2;86;85;85m████████████[38;2;88;115;176m██[38;2;104;158;255m██████[38;2;16;16;16m████    ██[38;2;190;0;53m████[38;2;16;16;16m██                                                                                                    
[38;2;50;49;54m██[38;2;54;82;160m████████[38;2;88;115;176m██[38;2;104;158;255m████[38;2;50;49;54m██[38;2;86;85;85m████████[38;2;50;49;54m██[38;2;88;115;176m██[38;2;86;85;85m████████[38;2;104;158;255m██[38;2;86;85;85m████████[38;2;88;115;176m██[38;2;104;158;255m████████[38;2;16;16;16m██          ██[38;2;190;0;53m██[38;2;16;16;16m██          [38;2;59;82;160m████                                                                                      
  [38;2;16;16;16m██[38;2;54;82;160m██████████[38;2;16;16;16m██[38;2;86;85;85m██[38;2;132;125;125m██[38;2;86;85;85m████[38;2;50;49;54m██[38;2;104;158;255m██[38;2;86;85;85m██████████[38;2;104;158;255m████[38;2;88;115;176m██[38;2;104;158;255m██████████[38;2;16;16;16m████              [38;2;112;48;64m██[38;2;255;69;81m██[38;2;16;16;16m██      [38;2;59;82;160m██[38;2;104;150;255m████[38;2;19;51;94m██                                                                                    
  [38;2;16;16;16m██[38;2;54;82;160m████████[38;2;16;16;16m██[38;2;86;85;85m██[38;2;132;125;125m██[38;2;86;85;85m██████[38;2;16;16;16m██[38;2;88;115;176m████████[38;2;104;158;255m████████████████[38;2;16;16;16m████                [38;2;112;48;64m██[38;2;255;69;81m██[38;2;190;0;53m██[38;2;16;16;16m██    [38;2;19;51;94m██[38;2;104;150;255m██████[38;2;19;51;94m██    [38;2;59;82;160m████                                                                            
    [38;2;50;49;54m██[38;2;54;82;160m████[38;2;16;16;16m██[38;2;50;49;54m██[38;2;86;85;85m████████[38;2;16;16;16m██[38;2;54;82;160m████████████████████[38;2;16;16;16m██████                    ██[38;2;190;0;53m████[38;2;16;16;16m██    [38;2;19;51;94m██[38;2;104;150;255m████[38;2;19;51;94m██    [38;2;59;82;160m██[38;2;104;150;255m████[38;2;19;51;94m██                                                                          
      [38;2;50;49;54m██[38;2;16;16;16m██[38;2;50;49;54m██████[38;2;86;85;85m██████[38;2;16;16;16m██[38;2;54;82;160m██████████████[38;2;16;16;16m██████                  [38;2;89;89;89m██████  [38;2;16;16;16m██[38;2;190;0;53m██[38;2;16;16;16m██    [38;2;19;51;94m██[38;2;104;150;255m████[38;2;16;16;16m██    [38;2;19;51;94m██[38;2;104;150;255m██████[38;2;19;51;94m██                                                                          
      [38;2;16;16;16m██[38;2;50;49;54m████████████[38;2;16;16;16m██[38;2;54;82;160m██████[38;2;16;16;16m██████████                    [38;2;89;89;89m████[38;2;248;248;248m██████[38;2;89;89;89m████[38;2;112;48;64m██[38;2;255;69;81m██[38;2;16;16;16m██  [38;2;19;51;94m██[38;2;104;150;255m██[38;2;16;16;16m██[38;2;248;248;248m██[38;2;89;89;89m██[38;2;19;51;94m██[38;2;59;82;160m██[38;2;104;150;255m████[38;2;19;51;94m██                                                                            
      [38;2;16;16;16m██[38;2;50;49;54m████████████[38;2;16;16;16m████████                            [38;2;89;89;89m██[38;2;248;248;248m████████████[38;2;112;48;64m██[38;2;255;69;81m████[38;2;16;16;16m██[38;2;89;89;89m██[38;2;59;82;160m██[38;2;16;16;16m██[38;2;248;248;248m██[38;2;191;191;191m██[38;2;248;248;248m██[38;2;19;51;94m██[38;2;104;150;255m████[38;2;16;16;16m██                                                                              
    ██[38;2;50;49;54m████████████[38;2;16;16;16m██                                    [38;2;89;89;89m██[38;2;248;248;248m████[38;2;191;191;191m██[38;2;248;248;248m██████[38;2;112;48;64m██[38;2;255;69;81m████[38;2;16;16;16m██[38;2;191;191;191m██[38;2;16;16;16m████[38;2;248;248;248m██[38;2;191;191;191m██[38;2;248;248;248m██[38;2;59;82;160m██[38;2;104;150;255m██[38;2;16;16;16m██[38;2;191;191;191m████                                                                            
    [38;2;16;16;16m██[38;2;50;49;54m██████████[38;2;16;16;16m██                                        [38;2;89;89;89m████[38;2;248;248;248m████████[38;2;112;48;64m██[38;2;255;69;81m██[38;2;16;16;16m██[38;2;191;191;191m██[38;2;89;89;89m██[38;2;16;16;16m██[38;2;59;82;160m██[38;2;191;191;191m██[38;2;248;248;248m██[38;2;16;16;16m██[38;2;104;150;255m██[38;2;59;82;160m██[38;2;248;248;248m████[38;2;89;89;89m██                                                                            
    [38;2;16;16;16m██[38;2;50;49;54m████████[38;2;16;16;16m██                                            [38;2;89;89;89m██[38;2;248;248;248m██[38;2;89;89;89m████[38;2;112;48;64m██[38;2;190;0;53m████[38;2;16;16;16m██[38;2;248;248;248m██[38;2;16;16;16m██[38;2;255;255;255m██[38;2;248;248;248m██[38;2;191;191;191m██[38;2;248;248;248m██[38;2;89;89;89m██[38;2;16;16;16m██[38;2;59;82;160m██[38;2;248;248;248m██████[38;2;89;89;89m██                                                                          
    [38;2;16;16;16m██[38;2;50;49;54m██████[38;2;16;16;16m██                                                [38;2;89;89;89m██[38;2;248;248;248m██[38;2;112;48;64m██[38;2;255;69;81m██[38;2;190;0;53m██[38;2;112;48;64m██[38;2;191;191;191m██[38;2;248;248;248m██[38;2;16;16;16m████[38;2;248;248;248m██████[38;2;16;16;16m██[38;2;255;255;255m██[38;2;191;191;191m██[38;2;248;248;248m██████[38;2;89;89;89m██                                                                          
    [38;2;16;16;16m██[38;2;50;49;54m████[38;2;16;16;16m██                                                  [38;2;89;89;89m██[38;2;112;48;64m██[38;2;255;69;81m██████[38;2;16;16;16m██[38;2;191;191;191m██[38;2;248;248;248m██[38;2;89;89;89m██[38;2;16;16;16m██[38;2;248;248;248m██████[38;2;16;16;16m████[38;2;248;248;248m██████[38;2;112;48;64m████                                                                          
    [38;2;16;16;16m██[38;2;50;49;54m██[38;2;16;16;16m██                                            [38;2;112;48;64m████████[38;2;190;0;53m██[38;2;255;69;81m██████[38;2;16;16;16m████[38;2;89;89;89m██[38;2;248;248;248m████████████[38;2;89;89;89m██[38;2;16;16;16m██[38;2;248;248;248m████[38;2;112;48;64m██[38;2;255;69;81m████[38;2;16;16;16m██                                                                        
    ████                                            ██[38;2;255;69;81m██████[38;2;190;0;53m████[38;2;16;16;16m██████[38;2;89;89;89m██  [38;2;16;16;16m██[38;2;191;191;191m██[38;2;248;248;248m████[38;2;190;0;53m████[38;2;248;248;248m████████[38;2;112;48;64m██[38;2;255;69;81m██████[38;2;16;16;16m██[38;2;89;89;89m██                                                                      
                                                  [38;2;16;16;16m██[38;2;255;69;81m████████[38;2;16;16;16m████  ██[38;2;191;191;191m████[38;2;89;89;89m██  [38;2;16;16;16m██[38;2;191;191;191m██[38;2;248;248;248m████[38;2;190;0;53m██[38;2;248;248;248m██████[38;2;191;191;191m██[38;2;112;48;64m██[38;2;255;69;81m████[38;2;89;89;89m██[38;2;248;248;248m████[38;2;89;89;89m████                                                                  
                                                  [38;2;16;16;16m██[38;2;190;0;53m██[38;2;255;69;81m████[38;2;112;48;64m██        [38;2;16;16;16m██[38;2;191;191;191m████[38;2;89;89;89m████[38;2;16;16;16m██[38;2;191;191;191m██████████████[38;2;112;48;64m██[38;2;190;0;53m██[38;2;255;69;81m██[38;2;16;16;16m██[38;2;248;248;248m████████[38;2;89;89;89m██                                                                
                                                [38;2;16;16;16m██[38;2;190;0;53m████[38;2;16;16;16m██[38;2;112;48;64m██            [38;2;16;16;16m████[38;2;191;191;191m████[38;2;89;89;89m██[38;2;16;16;16m██[38;2;89;89;89m██[38;2;191;191;191m██████[38;2;89;89;89m██[38;2;16;16;16m██  ████  ██[38;2;248;248;248m████████[38;2;89;89;89m██                                                              
                                              [38;2;16;16;16m██[38;2;255;69;81m████[38;2;16;16;16m██                    ████[38;2;191;191;191m████[38;2;89;89;89m██[38;2;16;16;16m██████              ██[38;2;248;248;248m████████[38;2;89;89;89m██                                                            
                                            [38;2;112;48;64m██[38;2;255;69;81m██████[38;2;16;16;16m██                    ██[38;2;59;82;160m██[38;2;104;150;255m██[38;2;191;191;191m████[38;2;16;16;16m██                  ██[38;2;248;248;248m██████████[38;2;89;89;89m██                                                          
                                            [38;2;112;48;64m██[38;2;255;69;81m██████[38;2;16;16;16m██                  ██[38;2;59;82;160m██████[38;2;191;191;191m██[38;2;16;16;16m██[38;2;191;191;191m██[38;2;16;16;16m██                  ██[38;2;248;248;248m████[38;2;191;191;191m██[38;2;248;248;248m██[38;2;89;89;89m██                                                          
                                            [38;2;16;16;16m██[38;2;190;0;53m██[38;2;255;69;81m██[38;2;16;16;16m██                    ██[38;2;59;82;160m████████[38;2;16;16;16m██[38;2;191;191;191m██[38;2;16;16;16m██                  ██[38;2;248;248;248m████[38;2;89;89;89m████                                                            
                                              [38;2;112;48;64m██[38;2;16;16;16m██                      ██[38;2;59;82;160m████[38;2;16;16;16m██████[38;2;191;191;191m██[38;2;89;89;89m████                  [38;2;16;16;16m████                                                                
                                            ██[38;2;255;69;81m████[38;2;16;16;16m██                    ████[38;2;112;48;64m██[38;2;190;0;53m██[38;2;16;16;16m██  ██[38;2;191;191;191m██[38;2;248;248;248m██[38;2;89;89;89m██████████                                                                            
                                            [38;2;16;16;16m██[38;2;255;69;81m████[38;2;16;16;16m██            [38;2;19;51;94m████  [38;2;112;48;64m██[38;2;255;69;81m██████[38;2;16;16;16m██      ████[38;2;248;248;248m██████████[38;2;89;89;89m██                                                                          
                                            [38;2;16;16;16m██[38;2;255;69;81m████[38;2;16;16;16m██        [38;2;19;51;94m████[38;2;104;150;255m████[38;2;16;16;16m██[38;2;190;0;53m██[38;2;112;48;64m████[38;2;16;16;16m██            ████[38;2;248;248;248m██████[38;2;89;89;89m██                                                                          
                                            [38;2;16;16;16m██[38;2;190;0;53m████[38;2;16;16;16m██      [38;2;19;51;94m██[38;2;104;150;255m██████[38;2;59;82;160m████[38;2;16;16;16m██[38;2;190;0;53m██[38;2;16;16;16m██                  ██████                                                                            
                                              [38;2;112;48;64m████[38;2;190;0;53m██[38;2;16;16;16m████    [38;2;19;51;94m██[38;2;104;150;255m██████████[38;2;16;16;16m██                                                                                                      
                                                ██[38;2;190;0;53m██████[38;2;16;16;16m████[38;2;190;0;53m██[38;2;16;16;16m████[38;2;104;150;255m██████[38;2;16;16;16m██                                                                                                      
                                                  ██[38;2;190;0;53m████[38;2;112;48;64m██[38;2;190;0;53m██████[38;2;112;48;64m██[38;2;16;16;16m██████                                                                                                        
                                                    ████  ██████                                                                                                                
[0m