            [38;2;138;55;138m██  ██                                                                                                      
          ██[38;2;179;108;193m██[38;2;138;55;138m██[38;2;179;108;193m██[38;2;138;55;138m██                                                                                                    
    ██    ██[38;2;179;108;193m██[38;2;138;55;138m██[38;2;179;108;193m████[38;2;138;55;138m██                                                              ████                                
  ██[38;2;238;147;232m██[38;2;138;55;138m██  ██[38;2;179;108;193m████[38;2;138;55;138m██[38;2;179;108;193m██[38;2;138;55;138m██                                                        ██████[38;2;238;147;232m████[38;2;15;15;15m██                              
  [38;2;138;55;138m██[38;2;238;147;232m████[38;2;138;55;138m██  ██[38;2;179;108;193m██[38;2;138;55;138m██[38;2;179;108;193m████[38;2;138;55;138m██                                                  ████[38;2;238;147;232m██████████[38;2;15;15;15m██                              
  [38;2;138;55;138m██[38;2;238;147;232m██████[38;2;15;15;15m██[38;2;138;55;138m██[38;2;179;108;193m██[38;2;35;55;84m██[38;2;138;55;138m██[38;2;179;108;193m██[38;2;138;55;138m██                                                ██[38;2;238;147;232m████████████[38;2;15;15;15m██                                
[38;2;138;55;138m██[38;2;238;147;232m██[38;2;138;55;138m██[38;2;238;147;232m████[38;2;15;15;15m██[38;2;57;87;115m██[38;2;35;55;84m██[38;2;57;87;115m██[38;2;35;55;84m██[38;2;138;55;138m██[38;2;35;55;84m██                                            [38;2;138;55;138m████[38;2;238;147;232m██████████████[38;2;15;15;15m██                      [38;2;138;55;138m████████  
██[38;2;238;147;232m██[38;2;179;108;193m████[38;2;238;147;232m██[38;2;35;55;84m██[38;2;15;15;15m██[38;2;35;55;84m██[38;2;57;87;115m██████[38;2;35;55;84m██                                          [38;2;138;55;138m██[38;2;238;147;232m████████████████[38;2;15;15;15m██                  [38;2;138;55;138m██████[38;2;238;147;232m████████[38;2;138;55;138m██
██[38;2;238;147;232m████[38;2;138;55;138m██[38;2;35;55;84m██[38;2;74;131;164m██[38;2;15;15;15m██[38;2;57;87;115m██████████[38;2;35;55;84m██                                      [38;2;138;55;138m██[38;2;238;147;232m████████[38;2;179;108;193m██[38;2;238;147;232m██████[38;2;15;15;15m██              [38;2;138;55;138m██████[38;2;238;147;232m████████████[38;2;15;15;15m██  
  [38;2;138;55;138m██[38;2;238;147;232m██[38;2;35;55;84m██[38;2;57;87;115m██[38;2;74;131;164m████[38;2;15;15;15m██[38;2;57;87;115m████████[38;2;35;55;84m██                                    [38;2;138;55;138m██[38;2;57;87;115m████[38;2;238;147;232m████[38;2;179;108;193m██[38;2;238;147;232m██████[38;2;138;55;138m██[38;2;238;147;232m██[38;2;15;15;15m██    [38;2;35;55;84m████████[38;2;238;147;232m██████████████[38;2;179;108;193m██[38;2;15;15;15m██    
  [38;2;138;55;138m██[38;2;35;55;84m██[38;2;74;131;164m██[38;2;57;87;115m████[38;2;74;131;164m██[38;2;35;55;84m██[38;2;57;87;115m████████[38;2;35;55;84m██                                    [38;2;57;87;115m██[38;2;112;187;180m████[38;2;57;87;115m██[38;2;179;108;193m██[38;2;238;147;232m██████[38;2;179;108;193m██[38;2;238;147;232m████[38;2;15;15;15m██[38;2;35;55;84m████[38;2;74;131;164m████[38;2;57;87;115m██[38;2;238;147;232m██████[38;2;179;108;193m████[38;2;238;147;232m████[38;2;15;15;15m████      
    [38;2;35;55;84m██[38;2;57;87;115m██[38;2;74;131;164m████[38;2;57;87;115m██[38;2;74;131;164m██[38;2;15;15;15m██[38;2;57;87;115m██████[38;2;35;55;84m██          [38;2;98;23;43m██                      [38;2;57;87;115m██[38;2;112;187;180m██████[38;2;57;87;115m██[38;2;238;147;232m████████████[38;2;138;55;138m██[38;2;15;15;15m██[38;2;74;131;164m██████████[38;2;57;87;115m██[38;2;179;108;193m████[38;2;238;147;232m████[38;2;179;108;193m██[38;2;15;15;15m██          
    [38;2;35;55;84m██[38;2;57;87;115m██[38;2;74;131;164m████████[38;2;15;15;15m██[38;2;57;87;115m██████[38;2;35;55;84m██        [38;2;98;23;43m██[38;2;239;89;82m██[38;2;98;23;43m██    ██            [38;2;57;87;115m██[38;2;112;187;180m████████[38;2;57;87;115m██████[38;2;238;147;232m████████[38;2;15;15;15m██[38;2;74;131;164m██[38;2;57;87;115m████[38;2;74;131;164m██████[38;2;57;87;115m██[38;2;238;147;232m██████[38;2;15;15;15m████[38;2;138;55;138m████████    
      [38;2;35;55;84m██[38;2;74;131;164m████████[38;2;15;15;15m██[38;2;57;87;115m████[38;2;35;55;84m██          [38;2;98;23;43m██[38;2;239;89;82m██[38;2;98;23;43m██  ██[38;2;166;38;57m██[38;2;98;23;43m██          [38;2;57;87;115m██[38;2;112;187;180m██[38;2;74;131;164m██[38;2;57;87;115m████[38;2;74;131;164m██[38;2;112;187;180m████[38;2;57;87;115m██[38;2;238;147;232m██[38;2;179;108;193m██[38;2;15;15;15m██[38;2;74;131;164m██[38;2;57;87;115m██[38;2;74;131;164m████[38;2;57;87;115m██[38;2;74;131;164m██[38;2;57;87;115m██[38;2;138;55;138m██[38;2;15;15;15m██████[38;2;179;108;193m██[38;2;238;147;232m██████████[38;2;138;55;138m██  
      [38;2;35;55;84m██[38;2;57;87;115m██[38;2;74;131;164m██████[38;2;15;15;15m██[38;2;57;87;115m████[38;2;35;55;84m██      [38;2;98;23;43m██  ██[38;2;239;89;82m████[38;2;15;15;15m██[38;2;98;23;43m██[38;2;166;38;57m██[38;2;98;23;43m██        [38;2;57;87;115m██[38;2;112;187;180m██[38;2;74;131;164m██[38;2;112;187;180m██████[38;2;57;87;115m██[38;2;112;187;180m██████[38;2;57;87;115m██[38;2;15;15;15m██[38;2;74;131;164m██████████[38;2;57;87;115m██████[38;2;238;147;232m████████████████[38;2;179;108;193m██[38;2;15;15;15m██    
      [38;2;35;55;84m██[38;2;74;131;164m████████[38;2;15;15;15m██[38;2;57;87;115m████[38;2;35;55;84m██    [38;2;98;23;43m██[38;2;239;89;82m██[38;2;15;15;15m██[38;2;239;89;82m██████[38;2;15;15;15m██[38;2;166;38;57m██████[38;2;98;23;43m██  [38;2;57;87;115m████[38;2;112;187;180m████████████[38;2;57;87;115m██[38;2;112;187;180m██████[38;2;15;15;15m██[38;2;74;131;164m████████████[38;2;57;87;115m██[38;2;74;131;164m████[38;2;57;87;115m██[38;2;179;108;193m██████[38;2;238;147;232m██████[38;2;138;55;138m██[38;2;15;15;15m██      
    [38;2;35;55;84m██[38;2;74;131;164m████████[38;2;35;55;84m██[38;2;57;87;115m████[38;2;35;55;84m██      [38;2;98;23;43m██[38;2;239;89;82m██[38;2;15;15;15m██[38;2;239;89;82m██████[38;2;166;38;57m██[38;2;15;15;15m██[38;2;166;38;57m██[38;2;57;87;115m██████[38;2;112;187;180m████████████████[38;2;74;131;164m██[38;2;112;187;180m██████[38;2;15;15;15m██[38;2;74;131;164m██████████[38;2;57;87;115m████[38;2;74;131;164m██████[38;2;57;87;115m██[38;2;238;147;232m██████[38;2;179;108;193m██[38;2;15;15;15m██          
    [38;2;35;55;84m██[38;2;74;131;164m████████[38;2;15;15;15m██[38;2;57;87;115m████[38;2;35;55;84m██    [38;2;98;23;43m██[38;2;239;89;82m████[38;2;15;15;15m██[38;2;239;89;82m████████[38;2;57;87;115m████[38;2;112;187;180m████████████████████[38;2;74;131;164m██[38;2;112;187;180m██████[38;2;15;15;15m██[38;2;74;131;164m████████████████[38;2;57;87;115m██[38;2;74;131;164m████[38;2;57;87;115m██[38;2;238;147;232m██[38;2;138;55;138m██[38;2;15;15;15m████[38;2;138;55;138m████        
    [38;2;35;55;84m██[38;2;74;131;164m████████[38;2;15;15;15m██[38;2;57;87;115m██[38;2;35;55;84m██      [38;2;98;23;43m██[38;2;239;89;82m████[38;2;166;38;57m██[38;2;15;15;15m██[38;2;239;89;82m██[38;2;166;38;57m██[38;2;57;87;115m██[38;2;112;187;180m██████████████████████████████[38;2;15;15;15m██[38;2;35;55;84m██[38;2;74;131;164m████████████████[38;2;57;87;115m██████[38;2;15;15;15m████[38;2;238;147;232m██████████[38;2;138;55;138m██      
  [38;2;35;55;84m██[38;2;74;131;164m██████████[38;2;15;15;15m██[38;2;57;87;115m██[38;2;35;55;84m██      [38;2;98;23;43m██[38;2;239;89;82m██████[38;2;15;15;15m██[38;2;166;38;57m██[38;2;57;87;115m██[38;2;112;187;180m██████████████████████████████[38;2;15;15;15m██  [38;2;35;55;84m██[38;2;74;131;164m████████████████[38;2;57;87;115m██[38;2;74;131;164m████[38;2;57;87;115m██[38;2;238;147;232m████████[38;2;15;15;15m████        
  [38;2;35;55;84m██[38;2;74;131;164m████████████[38;2;15;15;15m██      [38;2;98;23;43m██[38;2;239;89;82m████████[38;2;15;15;15m██[38;2;57;87;115m██[38;2;112;187;180m██[38;2;57;87;115m████[38;2;112;187;180m████████████████████████[38;2;15;15;15m██    [38;2;35;55;84m██[38;2;74;131;164m██████████████[38;2;57;87;115m██[38;2;74;131;164m██████[38;2;57;87;115m██[38;2;238;147;232m████[38;2;15;15;15m████            
  [38;2;35;55;84m██[38;2;74;131;164m████████████[38;2;15;15;15m██    [38;2;35;55;84m██[38;2;98;23;43m██[38;2;239;89;82m██████[38;2;166;38;57m██[38;2;35;55;84m██[38;2;112;187;180m██[38;2;57;87;115m██[38;2;74;131;164m████[38;2;57;87;115m██[38;2;112;187;180m████████████████[38;2;15;15;15m██████    ██[38;2;74;131;164m██████████████████████[38;2;57;87;115m██[38;2;179;108;193m██[38;2;15;15;15m████                
  [38;2;35;55;84m██[38;2;74;131;164m████████████[38;2;35;55;84m██  ██[38;2;74;131;164m████[38;2;166;38;57m████[38;2;74;131;164m██[38;2;35;55;84m██[38;2;112;187;180m██[38;2;57;87;115m████[38;2;74;131;164m████[38;2;57;87;115m██[38;2;112;187;180m██████████[38;2;15;15;15m██████[38;2;138;55;138m██[38;2;179;108;193m████[38;2;138;55;138m██  [38;2;15;15;15m██[38;2;74;131;164m██████████████████[38;2;57;87;115m██[38;2;15;15;15m██████                    
    [38;2;35;55;84m██[38;2;74;131;164m████████████[38;2;35;55;84m██[38;2;74;131;164m████████████[38;2;35;55;84m██[38;2;57;87;115m██[38;2;74;131;164m████[38;2;57;87;115m██████[38;2;112;187;180m██████[38;2;15;15;15m████[38;2;57;87;115m████[38;2;35;55;84m██[38;2;179;108;193m██████[38;2;138;55;138m██  [38;2;35;55;84m██[38;2;74;131;164m████████████████[38;2;15;15;15m████                          
    ██[38;2;74;131;164m████████████[38;2;35;55;84m██[38;2;74;131;164m██████████[38;2;35;55;84m██[38;2;74;131;164m████████[38;2;57;87;115m██[38;2;74;131;164m████[38;2;57;87;115m██[38;2;15;15;15m████[38;2;57;87;115m██████████[38;2;35;55;84m██[38;2;179;108;193m██[38;2;138;55;138m██  [38;2;35;55;84m██[38;2;74;131;164m████████████████[38;2;15;15;15m██                              
  [38;2;35;55;84m██[38;2;57;87;115m██[38;2;35;55;84m██[38;2;74;131;164m████████████[38;2;35;55;84m██[38;2;74;131;164m████████[38;2;35;55;84m██[38;2;74;131;164m██████████████[38;2;15;15;15m██[38;2;57;87;115m██████[38;2;35;55;84m████[38;2;57;87;115m████[38;2;35;55;84m██[38;2;138;55;138m██[38;2;15;15;15m██[38;2;35;55;84m██[38;2;74;131;164m████████████████[38;2;15;15;15m██                                
  [38;2;35;55;84m██[38;2;57;87;115m██[38;2;15;15;15m██[38;2;74;131;164m████████████[38;2;35;55;84m██[38;2;74;131;164m██████[38;2;35;55;84m██[38;2;74;131;164m██████████████[38;2;15;15;15m██[38;2;57;87;115m██████████[38;2;74;131;164m██[38;2;15;15;15m████████[38;2;74;131;164m██████████████████[38;2;57;87;115m██[38;2;15;15;15m██                                
[38;2;35;55;84m██[38;2;57;87;115m██████[38;2;15;15;15m██[38;2;74;131;164m██████████[38;2;35;55;84m██[38;2;74;131;164m██████[38;2;35;55;84m██[38;2;74;131;164m██████████████[38;2;35;55;84m██[38;2;57;87;115m████████[38;2;74;131;164m██[38;2;57;87;115m██[38;2;74;131;164m██████████████████████████[38;2;15;15;15m██                                  
[38;2;35;55;84m██[38;2;57;87;115m████████[38;2;15;15;15m██[38;2;74;131;164m████████[38;2;57;87;115m██[38;2;74;131;164m██████[38;2;57;87;115m██[38;2;74;131;164m████████████[38;2;35;55;84m██[38;2;57;87;115m████████[38;2;74;131;164m██[38;2;57;87;115m██[38;2;74;131;164m██████████████████████████[38;2;57;87;115m██[38;2;15;15;15m██                                  
[38;2;35;55;84m██[38;2;57;87;115m██████████[38;2;15;15;15m██[38;2;74;131;164m████████████████████████████████[38;2;15;15;15m████[38;2;57;87;115m████[38;2;74;131;164m██[38;2;57;87;115m██[38;2;74;131;164m████████████████████████[38;2;15;15;15m██                                    
██[38;2;57;87;115m██████████[38;2;15;15;15m██[38;2;74;131;164m████████████████████████████[38;2;15;15;15m██████[38;2;35;55;84m██[38;2;57;87;115m██████[38;2;74;131;164m██████████████████████[38;2;57;87;115m██[38;2;15;15;15m██                                      
██[38;2;57;87;115m██████████[38;2;15;15;15m██████[38;2;74;131;164m██████████████████[38;2;15;15;15m██████[38;2;166;38;57m██[38;2;15;15;15m██[38;2;35;55;84m██[38;2;57;87;115m██████[38;2;74;131;164m████████████████████████[38;2;15;15;15m██                                        
  ██[38;2;57;87;115m██████[38;2;15;15;15m████[38;2;239;89;82m██[38;2;189;148;49m██[38;2;15;15;15m████[38;2;35;55;84m██[38;2;74;131;164m██████[38;2;35;55;84m██[38;2;15;15;15m████[38;2;189;148;49m██[38;2;166;38;57m██████[38;2;15;15;15m██[38;2;57;87;115m██████[38;2;35;55;84m██[38;2;15;15;15m██[38;2;74;131;164m██████████████████[38;2;57;87;115m██[38;2;15;15;15m██                                          
    ██████    ██[38;2;238;230;98m██[38;2;15;15;15m██[38;2;238;230;98m██[38;2;57;87;115m██[38;2;74;131;164m██████[38;2;57;87;115m██[38;2;238;230;98m██[38;2;15;15;15m██[38;2;238;230;98m██[38;2;239;89;82m██[38;2;166;38;57m████[38;2;35;55;84m██[38;2;57;87;115m██████████[38;2;15;15;15m████[38;2;35;55;84m██[38;2;74;131;164m██████████[38;2;15;15;15m████                                            
              ██[38;2;239;89;82m██[38;2;238;230;98m██[38;2;166;38;57m██[38;2;74;131;164m██████████[38;2;166;38;57m██[38;2;238;230;98m██[38;2;239;89;82m████[38;2;166;38;57m██[38;2;15;15;15m██[38;2;57;87;115m████████████[38;2;15;15;15m██    ██████████                                                
                ██[38;2;166;38;57m██[38;2;57;87;115m████[38;2;74;131;164m████████[38;2;57;87;115m██[38;2;166;38;57m████[38;2;15;15;15m████[38;2;57;87;115m████████████[38;2;15;15;15m██                                                                
                  ██[38;2;57;87;115m████[38;2;35;55;84m████[38;2;74;131;164m██[38;2;35;55;84m██[38;2;57;87;115m██████████████[38;2;98;23;43m████[38;2;57;87;115m██[38;2;15;15;15m██                                                                  
                [38;2;98;23;43m██[38;2;166;38;57m██[38;2;15;15;15m██[38;2;57;87;115m██████[38;2;35;55;84m██[38;2;57;87;115m██████████[38;2;98;23;43m██████[38;2;166;38;57m████[38;2;98;23;43m██                                                                    
                ██[38;2;166;38;57m██[38;2;98;23;43m████[38;2;57;87;115m██████████[38;2;15;15;15m████[38;2;98;23;43m██[38;2;239;89;82m████[38;2;166;38;57m██[38;2;98;23;43m██[38;2;166;38;57m██[38;2;15;15;15m██                                                                    
                  [38;2;98;23;43m██[38;2;239;89;82m██[38;2;166;38;57m██[38;2;98;23;43m██████[38;2;57;87;115m██[38;2;98;23;43m██[38;2;239;89;82m████[38;2;15;15;15m██[38;2;239;89;82m████[38;2;166;38;57m██[38;2;98;23;43m██[38;2;15;15;15m██[38;2;57;87;115m██[38;2;35;55;84m████                                                                
                [38;2;98;23;43m██[38;2;239;89;82m████[38;2;98;23;43m██[38;2;239;89;82m████[38;2;166;38;57m██[38;2;98;23;43m██[38;2;166;38;57m██[38;2;239;89;82m████[38;2;166;38;57m██[38;2;15;15;15m██[38;2;166;38;57m████[38;2;15;15;15m██[38;2;57;87;115m████████[38;2;35;55;84m████                                                            
                [38;2;98;23;43m██[38;2;166;38;57m██[38;2;98;23;43m██[38;2;239;89;82m██[38;2;249;249;249m██[38;2;239;89;82m████[38;2;166;38;57m██[38;2;98;23;43m██[38;2;166;38;57m██████[38;2;15;15;15m██████[38;2;57;87;115m██████[38;2;35;55;84m██[38;2;57;87;115m██████[38;2;35;55;84m██                                                          
                  [38;2;98;23;43m██[38;2;15;15;15m██[38;2;239;89;82m████████[38;2;166;38;57m██[38;2;15;15;15m██[38;2;166;38;57m████[38;2;15;15;15m██[38;2;57;87;115m██████████████[38;2;35;55;84m██[38;2;57;87;115m██[38;2;35;55;84m██                                                            
                    [38;2;15;15;15m██[38;2;166;38;57m██[38;2;239;89;82m████[38;2;166;38;57m████[38;2;15;15;15m██████[38;2;57;87;115m██████████████████[38;2;15;15;15m██                                                              
                  [38;2;35;55;84m██[38;2;57;87;115m██[38;2;15;15;15m██[38;2;166;38;57m██████[38;2;15;15;15m██[38;2;74;131;164m██████[38;2;57;87;115m████████████████████[38;2;15;15;15m██                                                            
                  [38;2;35;55;84m██[38;2;57;87;115m████[38;2;15;15;15m██████[38;2;74;131;164m██████████[38;2;57;87;115m████[38;2;98;23;43m██[38;2;57;87;115m██████████████[38;2;15;15;15m██                                                          
                  [38;2;35;55;84m██[38;2;74;131;164m████████████████████[38;2;57;87;115m████[38;2;166;38;57m██[38;2;98;23;43m██[38;2;57;87;115m██[38;2;15;15;15m████[38;2;57;87;115m████████[38;2;15;15;15m██                                                        
                [38;2;35;55;84m██[38;2;74;131;164m████████[38;2;57;87;115m██[38;2;74;131;164m████████████[38;2;57;87;115m██[38;2;98;23;43m██[38;2;166;38;57m██████[38;2;98;23;43m██  [38;2;15;15;15m████████                                                          
                [38;2;35;55;84m██[38;2;74;131;164m████████[38;2;35;55;84m██[38;2;74;131;164m████████████[38;2;98;23;43m██[38;2;166;38;57m████████[38;2;98;23;43m██                                                                    
                [38;2;35;55;84m██[38;2;74;131;164m██████[38;2;15;15;15m████[38;2;74;131;164m██████████[38;2;57;87;115m██[38;2;15;15;15m██[38;2;166;38;57m████████[38;2;98;23;43m██                                                                    
                [38;2;35;55;84m██[38;2;74;131;164m██[38;2;15;15;15m████    ██[38;2;74;131;164m████████[38;2;15;15;15m██  ██[38;2;166;38;57m████[38;2;98;23;43m██                                                                      
                  [38;2;15;15;15m██        ██[38;2;74;131;164m██████[38;2;15;15;15m██      ██[38;2;166;38;57m██[38;2;98;23;43m██                                                                      
                              [38;2;15;15;15m██[38;2;74;131;164m████[38;2;15;15;15m██        ██                                                                        
                              ██[38;2;74;131;164m██[38;2;15;15;15m██                                                                                    
                                ██                                                                                      
[0m