                                                                          [38;2;20;19;29m██████████                                                                
                                                                        [38;2;128;120;126m██[38;2;255;255;255m██████████[38;2;128;120;126m██[38;2;20;19;29m████                                                          
                                                                        [38;2;128;120;126m██[38;2;255;255;255m██████████[38;2;128;120;126m██[38;2;173;172;173m████[38;2;20;19;29m██                                                        
                                                                        [38;2;128;120;126m██[38;2;255;255;255m██████████[38;2;128;120;126m██[38;2;173;172;173m████[38;2;20;19;29m██                                                        
                                                                        [38;2;128;120;126m██[38;2;255;255;255m██████████[38;2;128;120;126m██[38;2;173;172;173m████[38;2;20;19;29m██                                                        
                                                                        [38;2;128;120;126m██[38;2;255;255;255m██████████[38;2;128;120;126m██[38;2;173;172;173m████[38;2;20;19;29m██                                                        
                                                                        [38;2;128;120;126m██[38;2;255;255;255m██████████[38;2;128;120;126m██[38;2;173;172;173m████[38;2;20;19;29m██                                                        
                                                                        [38;2;128;120;126m██[38;2;255;255;255m██████████[38;2;128;120;126m██[38;2;173;172;173m████[38;2;20;19;29m██                                                        
                                                                        [38;2;128;120;126m██[38;2;255;255;255m██████████[38;2;128;120;126m██[38;2;173;172;173m████[38;2;20;19;29m██                                                        
                                                                        [38;2;128;120;126m██[38;2;255;255;255m██████████[38;2;128;120;126m██[38;2;173;172;173m████[38;2;20;19;29m██                                                        
                                                    [38;2;128;120;126m████████████████████[38;2;255;255;255m████████████[38;2;128;120;126m██[38;2;173;172;173m████[38;2;20;19;29m██                                                        
                                                  [38;2;128;120;126m██[38;2;255;255;255m██████████████████[38;2;128;120;126m██[38;2;255;255;255m████████████[38;2;128;120;126m██[38;2;173;172;173m████[38;2;20;19;29m██    [38;2;128;120;126m██████████████████████                              
                                                ██[38;2;255;255;255m██[38;2;173;172;173m████████████████[38;2;128;120;126m████[38;2;255;255;255m████████████[38;2;128;120;126m██[38;2;173;172;173m████[38;2;20;19;29m██[38;2;128;120;126m████[38;2;255;255;255m██████████████████████[38;2;128;120;126m██                            
                                              ██[38;2;255;255;255m██[38;2;173;172;173m██[38;2;255;255;255m██████████████[38;2;128;120;126m██[38;2;173;172;173m██[38;2;128;120;126m██[38;2;255;255;255m████████████[38;2;128;120;126m██[38;2;173;172;173m████[38;2;61;49;44m██[38;2;173;172;173m████████████[38;2;128;120;126m████[38;2;173;172;173m██[38;2;255;255;255m██[38;2;173;172;173m██[38;2;128;120;126m████[38;2;173;172;173m██[38;2;20;19;29m██                          
                                              [38;2;128;120;126m██[38;2;255;255;255m██████████████████[38;2;128;120;126m██[38;2;173;172;173m██[38;2;128;120;126m██[38;2;255;255;255m████████████[38;2;128;120;126m██[38;2;173;172;173m████[38;2;61;49;44m██[38;2;255;255;255m████████████████[38;2;128;120;126m██[38;2;173;172;173m██[38;2;128;120;126m██[38;2;173;172;173m████████[38;2;20;19;29m██                        
                                              [38;2;128;120;126m██[38;2;255;255;255m██████████████████[38;2;128;120;126m██[38;2;173;172;173m██[38;2;128;120;126m██[38;2;255;255;255m████████████[38;2;128;120;126m██[38;2;173;172;173m████[38;2;61;49;44m██[38;2;255;255;255m████████████████[38;2;128;120;126m██[38;2;173;172;173m██[38;2;128;120;126m██[38;2;173;172;173m████████[38;2;20;19;29m██                        
                                              [38;2;128;120;126m██[38;2;255;255;255m██████████████████[38;2;128;120;126m██[38;2;173;172;173m██[38;2;128;120;126m██[38;2;255;255;255m████████[38;2;196;140;114m████[38;2;97;76;71m██[38;2;173;172;173m████[38;2;61;49;44m██[38;2;255;255;255m████████████████[38;2;128;120;126m██[38;2;173;172;173m██[38;2;128;120;126m██[38;2;173;172;173m████████[38;2;20;19;29m██                        
                                              [38;2;128;120;126m██[38;2;255;255;255m██████████████████[38;2;128;120;126m██[38;2;173;172;173m██[38;2;128;120;126m██[38;2;255;255;255m██████[38;2;196;140;114m██████[38;2;97;76;71m██[38;2;156;102;89m██[38;2;173;172;173m██[38;2;61;49;44m██[38;2;255;255;255m████████████████[38;2;128;120;126m██[38;2;173;172;173m██[38;2;128;120;126m██[38;2;173;172;173m████████[38;2;20;19;29m██                        
                                              [38;2;128;120;126m██[38;2;255;255;255m██████████████████[38;2;128;120;126m██[38;2;173;172;173m██[38;2;128;120;126m██[38;2;255;255;255m██████[38;2;196;140;114m██████[38;2;97;76;71m██[38;2;156;102;89m████[38;2;61;49;44m██[38;2;255;255;255m████████████████[38;2;128;120;126m██[38;2;173;172;173m██[38;2;128;120;126m██[38;2;173;172;173m████████[38;2;20;19;29m██                        
                                    [38;2;128;120;126m██████████[38;2;173;172;173m██[38;2;255;255;255m██████████████████[38;2;128;120;126m██[38;2;173;172;173m██[38;2;128;120;126m██[38;2;255;255;255m██████[38;2;196;140;114m██████[38;2;97;76;71m██[38;2;156;102;89m████[38;2;61;49;44m██[38;2;255;255;255m████████████████[38;2;128;120;126m██[38;2;173;172;173m██[38;2;128;120;126m██[38;2;173;172;173m████████[38;2;20;19;29m██                        
                                  [38;2;128;120;126m██[38;2;255;255;255m████████████[38;2;173;172;173m██[38;2;128;120;126m██████████████████[38;2;173;172;173m██[38;2;128;120;126m██[38;2;255;255;255m██████[38;2;196;140;114m██████[38;2;97;76;71m██[38;2;156;102;89m████[38;2;61;49;44m██[38;2;128;120;126m████████[38;2;173;172;173m██[38;2;255;255;255m██████[38;2;128;120;126m██[38;2;173;172;173m██[38;2;128;120;126m██[38;2;173;172;173m████████[38;2;20;19;29m████████                  
                                [38;2;128;120;126m██[38;2;255;255;255m██[38;2;173;172;173m████████████[38;2;255;255;255m██████████████████[38;2;128;120;126m██[38;2;173;172;173m██[38;2;128;120;126m██[38;2;173;172;173m██████[38;2;196;140;114m██████[38;2;97;76;71m██[38;2;61;49;44m████[38;2;255;255;255m████████████[38;2;173;172;173m██[38;2;128;120;126m██████████████████[38;2;255;255;255m████████[38;2;20;19;29m██                
                              [38;2;128;120;126m██[38;2;255;255;255m██[38;2;173;172;173m██[38;2;255;255;255m████████████[38;2;173;172;173m██████████████[38;2;128;120;126m████[38;2;173;172;173m██[38;2;97;76;71m██[38;2;255;255;255m████[38;2;196;140;114m██████████[38;2;61;49;44m██[38;2;173;172;173m████████████████[38;2;255;255;255m██████████████████████[38;2;128;120;126m████[38;2;173;172;173m████[38;2;20;19;29m██              
                              [38;2;128;120;126m██[38;2;255;255;255m████████████████████████████[38;2;128;120;126m██[38;2;173;172;173m██████[38;2;97;76;71m██[38;2;156;102;89m██[38;2;196;140;114m████[38;2;156;102;89m████████[38;2;61;49;44m██[38;2;255;255;255m██████████████████[38;2;173;172;173m██████████[38;2;128;120;126m████[38;2;173;172;173m██[38;2;255;255;255m██[38;2;128;120;126m██[38;2;173;172;173m██████████[38;2;20;19;29m██            
                              [38;2;128;120;126m██[38;2;255;255;255m████████████████████████████[38;2;128;120;126m██[38;2;173;172;173m██[38;2;128;120;126m██[38;2;61;49;44m██[38;2;196;140;114m████████████████[38;2;61;49;44m██[38;2;255;255;255m████████████████████████████████[38;2;128;120;126m██[38;2;173;172;173m██[38;2;128;120;126m██[38;2;173;172;173m██████████[38;2;20;19;29m██            
                              [38;2;128;120;126m██[38;2;255;255;255m████████████████████████████[38;2;128;120;126m██[38;2;173;172;173m██[38;2;61;49;44m██[38;2;196;140;114m██████████████████[38;2;61;49;44m██[38;2;255;255;255m████████████████████████████████[38;2;128;120;126m██[38;2;173;172;173m██[38;2;128;120;126m██[38;2;173;172;173m██████████[38;2;20;19;29m██            
                              [38;2;128;120;126m██[38;2;255;255;255m████████████████████████████[38;2;128;120;126m██[38;2;173;172;173m██[38;2;61;49;44m██████████████████████[38;2;255;255;255m████████████████████████████████[38;2;128;120;126m██[38;2;173;172;173m██[38;2;128;120;126m██[38;2;173;172;173m██████████[38;2;20;19;29m██            
                              [38;2;128;120;126m██[38;2;255;255;255m████████████████████████████[38;2;128;120;126m██[38;2;173;172;173m██[38;2;128;120;126m██[38;2;61;49;44m██[38;2;227;183;39m██████[38;2;173;172;173m██[38;2;128;120;126m██[38;2;227;183;39m██████[38;2;61;49;44m██[38;2;255;255;255m████████████████████████████████[38;2;128;120;126m██[38;2;173;172;173m██[38;2;128;120;126m██[38;2;173;172;173m██████████[38;2;20;19;29m██            
                              [38;2;128;120;126m██[38;2;255;255;255m████████████████████████████[38;2;128;120;126m██[38;2;173;172;173m██[38;2;128;120;126m██[38;2;61;49;44m██[38;2;128;120;126m██[38;2;255;235;25m████[38;2;173;172;173m██[38;2;128;120;126m██[38;2;255;235;25m████[38;2;128;120;126m██[38;2;61;49;44m██[38;2;255;255;255m████████████████████████████████[38;2;128;120;126m██[38;2;173;172;173m██[38;2;128;120;126m██[38;2;173;172;173m██████████[38;2;20;19;29m██            
                    [38;2;128;120;126m██████████[38;2;173;172;173m██[38;2;128;120;126m████████[38;2;173;172;173m██[38;2;255;255;255m██████████████████[38;2;128;120;126m██[38;2;173;172;173m██[38;2;128;120;126m██[38;2;61;49;44m██[38;2;173;172;173m██[38;2;227;183;39m██[38;2;255;235;25m██[38;2;173;172;173m██[38;2;128;120;126m██[38;2;255;235;25m██[38;2;227;183;39m██[38;2;173;172;173m██[38;2;61;49;44m██[38;2;255;255;255m████████████████████████████████[38;2;128;120;126m██[38;2;173;172;173m██[38;2;128;120;126m██[38;2;173;172;173m██████████[38;2;20;19;29m████████      
                  [38;2;128;120;126m██[38;2;255;255;255m██████████████████████[38;2;173;172;173m██[38;2;128;120;126m██████████████████[38;2;173;172;173m██[38;2;61;49;44m██[38;2;156;102;89m██████████████████[38;2;61;49;44m██[38;2;128;120;126m████████████████[38;2;173;172;173m██[38;2;255;255;255m██████████████[38;2;128;120;126m██[38;2;173;172;173m██[38;2;128;120;126m██[38;2;173;172;173m████[38;2;128;120;126m██████[38;2;255;255;255m████████[38;2;20;19;29m██    
                [38;2;128;120;126m██[38;2;255;255;255m██[38;2;173;172;173m██████████████████████[38;2;255;255;255m██████████████████[38;2;128;120;126m██[38;2;173;172;173m██[38;2;61;49;44m██[38;2;196;140;114m██[38;2;255;255;255m██[38;2;173;172;173m██[38;2;196;140;114m████████[38;2;61;49;44m████[38;2;255;255;255m████████████████████[38;2;173;172;173m██[38;2;128;120;126m██████████████████████[38;2;173;172;173m██[38;2;255;255;255m████████[38;2;173;172;173m██[38;2;128;120;126m████[38;2;20;19;29m██  
              [38;2;128;120;126m██[38;2;255;255;255m██[38;2;173;172;173m██[38;2;255;255;255m██████████████████████[38;2;173;172;173m██████████████[38;2;128;120;126m████[38;2;173;172;173m██[38;2;61;49;44m██[38;2;196;140;114m██[38;2;255;255;255m██████[38;2;196;140;114m██████[38;2;61;49;44m██[38;2;173;172;173m████████████████████████[38;2;255;255;255m██████████████████████████████[38;2;128;120;126m████[38;2;173;172;173m████████[38;2;20;19;29m██
              [38;2;128;120;126m██[38;2;255;255;255m██████████████████████████████████████[38;2;128;120;126m██[38;2;173;172;173m████[38;2;61;49;44m██[38;2;196;140;114m████[38;2;173;172;173m██[38;2;255;255;255m██[38;2;196;140;114m████████[38;2;61;49;44m██[38;2;255;255;255m██████████████████████████[38;2;173;172;173m██████████████████[38;2;128;120;126m████[38;2;173;172;173m██[38;2;255;255;255m██[38;2;128;120;126m██[38;2;173;172;173m████████████[38;2;20;19;29m██
              [38;2;128;120;126m██[38;2;255;255;255m██████████████████████████████████████[38;2;128;120;126m██[38;2;173;172;173m██[38;2;128;120;126m██[38;2;61;49;44m██[38;2;97;76;71m██████[38;2;156;102;89m██████[38;2;97;76;71m████[38;2;61;49;44m██[38;2;255;255;255m████████████████████████████████████████████████[38;2;128;120;126m██[38;2;173;172;173m██[38;2;128;120;126m██[38;2;173;172;173m████████████[38;2;20;19;29m██
              [38;2;128;120;126m██[38;2;255;255;255m██████████████████████████████████████[38;2;128;120;126m██[38;2;173;172;173m██[38;2;128;120;126m██[38;2;173;172;173m██[38;2;20;19;29m██[38;2;156;102;89m██████[38;2;97;76;71m████[38;2;156;102;89m████[38;2;61;49;44m██[38;2;255;255;255m████████████████████████████████████████████████[38;2;128;120;126m██[38;2;173;172;173m██[38;2;128;120;126m██[38;2;173;172;173m████████████[38;2;20;19;29m██
              [38;2;128;120;126m██[38;2;255;255;255m██████████████████████████████████████[38;2;128;120;126m██[38;2;173;172;173m██[38;2;128;120;126m██[38;2;173;172;173m████[38;2;20;19;29m██[38;2;156;102;89m████████████[38;2;61;49;44m██[38;2;255;255;255m████████████████████████████████████████████████[38;2;128;120;126m██[38;2;173;172;173m██[38;2;128;120;126m██[38;2;173;172;173m████████████[38;2;20;19;29m██
              [38;2;128;120;126m██[38;2;255;255;255m██████████████████████████████████████[38;2;128;120;126m██[38;2;173;172;173m██[38;2;128;120;126m██[38;2;173;172;173m██████[38;2;20;19;29m██[38;2;156;102;89m██████████[38;2;61;49;44m██[38;2;255;255;255m████████████████████████████████████████████████[38;2;128;120;126m██[38;2;173;172;173m██[38;2;128;120;126m██[38;2;173;172;173m████████████[38;2;20;19;29m██
              [38;2;128;120;126m██[38;2;255;255;255m██████████████████████████████████████[38;2;128;120;126m██[38;2;173;172;173m██[38;2;128;120;126m██[38;2;173;172;173m████████[38;2;20;19;29m██████████[38;2;61;49;44m██[38;2;255;255;255m████████████████████████████████████████████████[38;2;128;120;126m██[38;2;173;172;173m██[38;2;128;120;126m██[38;2;173;172;173m████████████[38;2;20;19;29m██
              [38;2;128;120;126m██[38;2;255;255;255m██████████████████████████████████████[38;2;128;120;126m██[38;2;173;172;173m██[38;2;128;120;126m██[38;2;173;172;173m██[38;2;128;120;126m████[38;2;20;19;29m██[38;2;61;49;44m████████████[38;2;255;255;255m████████████████████████████████████████████████[38;2;128;120;126m██[38;2;173;172;173m██[38;2;128;120;126m██[38;2;173;172;173m████████████[38;2;20;19;29m██
              [38;2;128;120;126m██[38;2;255;255;255m██████████████████████████████████████[38;2;128;120;126m██[38;2;173;172;173m██[38;2;128;120;126m██[38;2;173;172;173m██████[38;2;20;19;29m██[38;2;148;121;107m████████[38;2;173;172;173m██[38;2;61;49;44m██[38;2;255;255;255m████████████████████████████████████████████████[38;2;128;120;126m██[38;2;173;172;173m██[38;2;128;120;126m██[38;2;173;172;173m████████████[38;2;20;19;29m██
                ██[38;2;255;255;255m████████████████████████████████████[38;2;128;120;126m██[38;2;173;172;173m████[38;2;20;19;29m██████[38;2;61;49;44m██████[38;2;148;121;107m██[38;2;173;172;173m████[38;2;61;49;44m██[38;2;255;255;255m████████████████████████████████████████████████[38;2;128;120;126m██[38;2;173;172;173m██[38;2;128;120;126m██[38;2;173;172;173m████████████[38;2;20;19;29m██
                  ████████████████[38;2;255;255;255m████████████████████[38;2;20;19;29m██████    ██[38;2;97;76;71m██████[38;2;61;49;44m██[38;2;148;121;107m██[38;2;173;172;173m██[38;2;61;49;44m██[38;2;255;255;255m████████████████████████████████████████████████[38;2;128;120;126m██[38;2;173;172;173m██[38;2;128;120;126m██[38;2;173;172;173m██████████[38;2;20;19;29m██  
                                  ████████████████████[38;2;97;76;71m██[38;2;20;19;29m██    ████[38;2;97;76;71m██████[38;2;61;49;44m████████[38;2;20;19;29m████████████████[38;2;255;255;255m████████████████████████████████[38;2;128;120;126m██[38;2;173;172;173m██[38;2;128;120;126m██[38;2;173;172;173m████[38;2;20;19;29m██████    
                                    ██[38;2;97;76;71m████[38;2;61;49;44m██████[38;2;20;19;29m██[38;2;61;49;44m██[38;2;97;76;71m████[38;2;20;19;29m██  ██[38;2;255;255;255m████[38;2;128;120;126m████████████[38;2;255;255;255m████[38;2;173;172;173m████████[38;2;20;19;29m██    ██████████████████[38;2;255;255;255m██████████████[38;2;128;120;126m██[38;2;173;172;173m██[38;2;20;19;29m██████          
                                    ██[38;2;61;49;44m██████████[38;2;20;19;29m██[38;2;61;49;44m████[38;2;20;19;29m████████[38;2;255;255;255m██████████████████[38;2;128;120;126m████████████[38;2;20;19;29m██            ██[38;2;97;76;71m██████[38;2;20;19;29m██████████████████                
                                  ██[38;2;61;49;44m██[38;2;173;172;173m████[38;2;97;76;71m██████[38;2;20;19;29m██[38;2;61;49;44m██[38;2;20;19;29m██[38;2;97;76;71m████[38;2;20;19;29m██[38;2;255;255;255m██████████████████[38;2;173;172;173m██████████[38;2;20;19;29m██████████          ██[38;2;97;76;71m██████████████[38;2;20;19;29m██[38;2;61;49;44m████[38;2;20;19;29m██                
                                  ██[38;2;97;76;71m██[38;2;173;172;173m████[38;2;97;76;71m██████████[38;2;20;19;29m██[38;2;97;76;71m████[38;2;20;19;29m██[38;2;255;255;255m██████████████████[38;2;128;120;126m██[38;2;173;172;173m██[38;2;20;19;29m██████[38;2;61;49;44m██████████[38;2;20;19;29m████      ██[38;2;61;49;44m████[38;2;255;255;255m██[38;2;61;49;44m██████[38;2;20;19;29m██[38;2;61;49;44m██████[38;2;20;19;29m██                
                                  ██[38;2;97;76;71m████[38;2;61;49;44m████████[38;2;97;76;71m████[38;2;20;19;29m██[38;2;97;76;71m██████[38;2;20;19;29m██[38;2;128;120;126m██████[38;2;173;172;173m██[38;2;255;255;255m████████[38;2;128;120;126m██[38;2;20;19;29m██[38;2;97;76;71m██[38;2;255;255;255m██[38;2;97;76;71m████[38;2;20;19;29m████████[38;2;61;49;44m████[38;2;20;19;29m██  ██[38;2;61;49;44m████[38;2;173;172;173m██[38;2;255;255;255m████[38;2;61;49;44m████[38;2;20;19;29m██[38;2;61;49;44m████[38;2;97;76;71m████[38;2;20;19;29m██              
                                  ██[38;2;61;49;44m████[38;2;156;102;89m████[38;2;97;76;71m████[38;2;61;49;44m██[38;2;97;76;71m██[38;2;20;19;29m██[38;2;97;76;71m████████[38;2;20;19;29m████[38;2;173;172;173m██████[38;2;128;120;126m████████[38;2;20;19;29m██[38;2;255;255;255m████[38;2;173;172;173m██[38;2;97;76;71m████████[38;2;20;19;29m██[38;2;61;49;44m██[38;2;173;172;173m██[38;2;20;19;29m██  ██[38;2;97;76;71m████[38;2;255;255;255m████[38;2;173;172;173m██[38;2;97;76;71m██████[38;2;61;49;44m██[38;2;97;76;71m██[38;2;173;172;173m██[38;2;97;76;71m██[38;2;20;19;29m██              
                                [38;2;61;49;44m██[38;2;156;102;89m██████[38;2;97;76;71m████[38;2;156;102;89m██████[38;2;61;49;44m██[38;2;20;19;29m██[38;2;97;76;71m██[38;2;255;255;255m██[38;2;97;76;71m████████[38;2;20;19;29m██[38;2;128;120;126m██[38;2;173;172;173m██████████[38;2;20;19;29m██[38;2;173;172;173m██[38;2;255;255;255m████[38;2;97;76;71m████████[38;2;20;19;29m██[38;2;61;49;44m██[38;2;173;172;173m██[38;2;20;19;29m██  ██[38;2;148;121;107m██████[38;2;255;255;255m██[38;2;97;76;71m████[38;2;148;121;107m████[38;2;61;49;44m██[38;2;97;76;71m██[38;2;173;172;173m██[38;2;97;76;71m██[38;2;20;19;29m██              
                              [38;2;61;49;44m██[38;2;156;102;89m████[38;2;97;76;71m████[38;2;176;146;139m████[38;2;156;102;89m██[38;2;173;172;173m████[38;2;156;102;89m██[38;2;20;19;29m██[38;2;173;172;173m██[38;2;255;255;255m████[38;2;97;76;71m██████[38;2;20;19;29m██████[38;2;173;172;173m████████[38;2;20;19;29m██[38;2;97;76;71m██[38;2;255;255;255m██[38;2;97;76;71m██████████[38;2;20;19;29m██[38;2;61;49;44m████[38;2;20;19;29m██  ██[38;2;148;121;107m████████████████[38;2;61;49;44m██[38;2;97;76;71m██████[38;2;20;19;29m██              
                            [38;2;61;49;44m██[38;2;97;76;71m████[38;2;156;102;89m██████[38;2;176;146;139m████[38;2;173;172;173m██████[38;2;156;102;89m██[38;2;20;19;29m██[38;2;255;255;255m████[38;2;173;172;173m██[38;2;97;76;71m██████[38;2;20;19;29m██[38;2;61;49;44m████[38;2;20;19;29m████████[38;2;97;76;71m████████████████[38;2;20;19;29m██[38;2;173;172;173m██[38;2;61;49;44m████[38;2;20;19;29m██  [38;2;61;49;44m██[38;2;148;121;107m████[38;2;97;76;71m████[38;2;148;121;107m██████[38;2;97;76;71m██████[38;2;61;49;44m██[38;2;20;19;29m██              
                        [38;2;97;76;71m████[38;2;227;199;186m██████[38;2;176;146;139m██[38;2;156;102;89m██████[38;2;176;146;139m██[38;2;173;172;173m████[38;2;156;102;89m██[38;2;61;49;44m██[38;2;148;121;107m████[38;2;255;255;255m██[38;2;97;76;71m████████[38;2;20;19;29m██[38;2;61;49;44m████[38;2;97;76;71m██[38;2;20;19;29m██  ██[38;2;97;76;71m████████████████[38;2;20;19;29m██[38;2;173;172;173m██[38;2;61;49;44m██[38;2;97;76;71m██[38;2;20;19;29m██    [38;2;61;49;44m██[38;2;97;76;71m██[38;2;196;140;114m██████[38;2;97;76;71m████[38;2;61;49;44m████[38;2;156;102;89m██████[38;2;20;19;29m██            
                    [38;2;128;120;126m████[38;2;255;255;255m████[38;2;227;199;186m████████[38;2;176;146;139m██[38;2;156;102;89m██████[38;2;176;146;139m████[38;2;156;102;89m██[38;2;61;49;44m██[38;2;148;121;107m████████████████[38;2;20;19;29m██[38;2;97;76;71m████[38;2;20;19;29m██  ██[38;2;148;121;107m████[38;2;97;76;71m████████[38;2;148;121;107m██████[38;2;20;19;29m██[38;2;97;76;71m████[38;2;20;19;29m██    [38;2;61;49;44m██[38;2;196;140;114m██[38;2;255;255;255m██[38;2;196;140;114m████████[38;2;97;76;71m██[38;2;156;102;89m██████████[38;2;20;19;29m██          
                [38;2;128;120;126m████[38;2;255;255;255m████████[38;2;227;199;186m████████[38;2;176;146;139m████[38;2;156;102;89m████[38;2;176;146;139m██████[38;2;156;102;89m██[38;2;61;49;44m██[38;2;148;121;107m██████████████[38;2;20;19;29m██[38;2;97;76;71m████[38;2;20;19;29m██  ██[38;2;148;121;107m██████████████████[38;2;20;19;29m██[38;2;97;76;71m████[38;2;20;19;29m██  [38;2;97;76;71m██[38;2;196;140;114m██[38;2;255;255;255m██████[38;2;196;140;114m██████[38;2;97;76;71m██[38;2;156;102;89m██████████[38;2;20;19;29m██          
            [38;2;128;120;126m████[38;2;255;255;255m██████████████[38;2;227;199;186m████████[38;2;176;146;139m██[38;2;156;102;89m██████[38;2;176;146;139m██████[38;2;61;49;44m██[38;2;97;76;71m████████[38;2;148;121;107m████[38;2;20;19;29m██[38;2;173;172;173m██[38;2;61;49;44m██[38;2;20;19;29m██      [38;2;61;49;44m██[38;2;97;76;71m████[38;2;148;121;107m██████████[38;2;20;19;29m██[38;2;61;49;44m████[38;2;20;19;29m██    [38;2;97;76;71m██[38;2;196;140;114m████[38;2;255;255;255m██[38;2;196;140;114m██████████[38;2;97;76;71m██[38;2;156;102;89m████[38;2;173;172;173m██[38;2;156;102;89m██[38;2;20;19;29m██          
        [38;2;128;120;126m████[38;2;255;255;255m██████████████████████[38;2;227;199;186m████[38;2;176;146;139m████[38;2;156;102;89m██████[38;2;176;146;139m██[38;2;61;49;44m██[38;2;97;76;71m██████████████[38;2;20;19;29m██[38;2;173;172;173m██[38;2;61;49;44m██[38;2;20;19;29m██      [38;2;61;49;44m██[38;2;97;76;71m██████████████[38;2;20;19;29m██[38;2;61;49;44m████[38;2;20;19;29m██    [38;2;97;76;71m██[38;2;196;140;114m████████████████[38;2;97;76;71m██[38;2;156;102;89m████[38;2;173;172;173m██[38;2;156;102;89m██[38;2;20;19;29m██          
      [38;2;128;120;126m██[38;2;255;255;255m████████████████████████████[38;2;227;199;186m████[38;2;176;146;139m████[38;2;156;102;89m██████[38;2;61;49;44m██[38;2;148;121;107m████[38;2;97;76;71m████████████[38;2;61;49;44m██[38;2;97;76;71m████[38;2;20;19;29m██  [38;2;61;49;44m██[38;2;148;121;107m██[38;2;97;76;71m██████████[38;2;255;255;255m██[38;2;97;76;71m████[38;2;61;49;44m██[38;2;97;76;71m████[38;2;20;19;29m██  [38;2;97;76;71m██[38;2;196;140;114m████████████████[38;2;97;76;71m██[38;2;156;102;89m██████[38;2;176;146;139m████[38;2;20;19;29m██        
      [38;2;128;120;126m██[38;2;255;255;255m██[38;2;173;172;173m██[38;2;255;255;255m████████████████████████[38;2;227;199;186m████[38;2;176;146;139m██████[38;2;156;102;89m██[38;2;20;19;29m██[38;2;61;49;44m██[38;2;148;121;107m████████████[38;2;97;76;71m████[38;2;61;49;44m██[38;2;97;76;71m████[38;2;20;19;29m██  [38;2;61;49;44m██[38;2;148;121;107m████████[38;2;97;76;71m██[38;2;255;255;255m██████[38;2;148;121;107m██[38;2;61;49;44m██[38;2;97;76;71m████[38;2;20;19;29m██  [38;2;97;76;71m██[38;2;196;140;114m████████████████[38;2;97;76;71m██[38;2;156;102;89m████[38;2;176;146;139m██████[38;2;20;19;29m██        
    [38;2;128;120;126m██[38;2;255;255;255m████[38;2;173;172;173m██[38;2;255;255;255m████████████████[38;2;128;120;126m████[38;2;255;255;255m████[38;2;227;199;186m██████[38;2;176;146;139m████[38;2;20;19;29m██    [38;2;61;49;44m██[38;2;148;121;107m████████████[38;2;61;49;44m██[38;2;97;76;71m████[38;2;20;19;29m██    [38;2;61;49;44m██[38;2;148;121;107m████████████[38;2;255;255;255m██[38;2;148;121;107m████[38;2;61;49;44m██[38;2;97;76;71m██[38;2;20;19;29m██    [38;2;97;76;71m██[38;2;196;140;114m████[38;2;227;199;186m██████[38;2;196;140;114m██████[38;2;97;76;71m██[38;2;176;146;139m██████████[38;2;20;19;29m██        
    [38;2;128;120;126m██[38;2;255;255;255m████[38;2;173;172;173m██[38;2;255;255;255m████████████[38;2;128;120;126m████[38;2;173;172;173m██[38;2;128;120;126m██[38;2;255;255;255m██████[38;2;227;199;186m████[38;2;176;146;139m██[38;2;20;19;29m██      [38;2;61;49;44m██[38;2;97;76;71m██████[38;2;148;121;107m██████[38;2;61;49;44m████[38;2;156;102;89m████[38;2;20;19;29m██    [38;2;61;49;44m██[38;2;148;121;107m██[38;2;97;76;71m████[38;2;148;121;107m██████████[38;2;61;49;44m████[38;2;156;102;89m██[38;2;20;19;29m██  [38;2;97;76;71m██[38;2;227;199;186m████████████████[38;2;97;76;71m██[38;2;176;146;139m██████[38;2;156;102;89m████[38;2;20;19;29m██        
  [38;2;128;120;126m██[38;2;255;255;255m██████[38;2;173;172;173m██[38;2;255;255;255m██████████[38;2;20;19;29m██[38;2;173;172;173m██████[38;2;128;120;126m██[38;2;255;255;255m██████████[38;2;20;19;29m██      [38;2;97;76;71m██[38;2;196;140;114m██████████[38;2;97;76;71m████[38;2;156;102;89m██████████[38;2;20;19;29m██  [38;2;61;49;44m██[38;2;97;76;71m██[38;2;196;140;114m██████[38;2;97;76;71m████████[38;2;156;102;89m████████[38;2;20;19;29m██[38;2;97;76;71m██[38;2;227;199;186m████████████████[38;2;97;76;71m██[38;2;176;146;139m████[38;2;156;102;89m██████[38;2;20;19;29m██        
  [38;2;128;120;126m██[38;2;255;255;255m██████[38;2;173;172;173m██[38;2;255;255;255m██████████[38;2;20;19;29m██[38;2;173;172;173m██████[38;2;255;255;255m██████████[38;2;20;19;29m██      [38;2;97;76;71m██[38;2;196;140;114m████████[38;2;255;255;255m██[38;2;196;140;114m██████[38;2;97;76;71m██[38;2;156;102;89m████████[38;2;20;19;29m██  [38;2;61;49;44m██[38;2;196;140;114m████████████████[38;2;97;76;71m██[38;2;156;102;89m██████[38;2;20;19;29m██[38;2;97;76;71m██[38;2;227;199;186m██[38;2;196;140;114m██████[38;2;227;199;186m██████[38;2;97;76;71m██[38;2;156;102;89m██[38;2;97;76;71m██[38;2;156;102;89m████████[38;2;176;146;139m██[38;2;20;19;29m██      
[38;2;128;120;126m██[38;2;255;255;255m████████[38;2;173;172;173m██[38;2;255;255;255m██████████[38;2;20;19;29m██[38;2;173;172;173m████[38;2;128;120;126m██[38;2;255;255;255m██████████[38;2;20;19;29m██      [38;2;97;76;71m██[38;2;196;140;114m██████[38;2;255;255;255m██████[38;2;196;140;114m████[38;2;97;76;71m██[38;2;156;102;89m██████[38;2;176;146;139m████[38;2;97;76;71m██[38;2;196;140;114m████████████████████[38;2;97;76;71m██[38;2;156;102;89m████[38;2;176;146;139m██[38;2;97;76;71m██[38;2;196;140;114m██[38;2;255;255;255m██[38;2;196;140;114m██████████[38;2;97;76;71m██[38;2;156;102;89m██[38;2;97;76;71m██[38;2;156;102;89m██████[38;2;176;146;139m████[38;2;20;19;29m██      
[38;2;128;120;126m██[38;2;255;255;255m████████████████████[38;2;20;19;29m██[38;2;173;172;173m████[38;2;128;120;126m██[38;2;255;255;255m██████████[38;2;20;19;29m██      [38;2;97;76;71m██[38;2;227;199;186m██████[38;2;255;255;255m██████[38;2;227;199;186m████[38;2;97;76;71m██[38;2;176;146;139m██████████[38;2;97;76;71m██[38;2;227;199;186m████[38;2;196;140;114m████[38;2;227;199;186m██████[38;2;196;140;114m██████[38;2;97;76;71m██[38;2;176;146;139m██████[38;2;97;76;71m██[38;2;255;255;255m██████[38;2;196;140;114m██[38;2;227;199;186m██[38;2;196;140;114m████[38;2;97;76;71m██[38;2;156;102;89m████[38;2;97;76;71m██[38;2;176;146;139m████████[38;2;20;19;29m██      
[38;2;128;120;126m██[38;2;255;255;255m████████[38;2;128;120;126m████████████[38;2;20;19;29m██[38;2;173;172;173m██[38;2;128;120;126m████[38;2;255;255;255m██████████[38;2;20;19;29m██      [38;2;97;76;71m██[38;2;227;199;186m████████[38;2;255;255;255m██[38;2;227;199;186m██████[38;2;97;76;71m██[38;2;176;146;139m████[38;2;156;102;89m██████[38;2;97;76;71m██[38;2;227;199;186m████████████████████[38;2;97;76;71m██[38;2;176;146;139m██████[38;2;97;76;71m██[38;2;255;255;255m██████[38;2;227;199;186m██████████[38;2;156;102;89m████[38;2;97;76;71m██[38;2;176;146;139m████████[38;2;20;19;29m██      
[38;2;128;120;126m██[38;2;255;255;255m██████[38;2;128;120;126m██[38;2;173;172;173m████████████[38;2;20;19;29m██[38;2;128;120;126m██[38;2;173;172;173m████[38;2;128;120;126m██[38;2;255;255;255m██████[38;2;20;19;29m██        [38;2;97;76;71m██[38;2;196;140;114m██████[38;2;227;199;186m██████[38;2;196;140;114m████[38;2;97;76;71m██[38;2;156;102;89m██████[38;2;173;172;173m██[38;2;156;102;89m██[38;2;97;76;71m██[38;2;227;199;186m██████[38;2;196;140;114m██████[38;2;227;199;186m████████[38;2;97;76;71m██[38;2;176;146;139m██[38;2;156;102;89m████[38;2;97;76;71m██[38;2;227;199;186m██[38;2;255;255;255m██[38;2;227;199;186m██████████████[38;2;97;76;71m██[38;2;176;146;139m██████████[38;2;20;19;29m██      
[38;2;128;120;126m██[38;2;255;255;255m████[38;2;128;120;126m██[38;2;173;172;173m██[38;2;128;120;126m████████[38;2;173;172;173m██[38;2;20;19;29m██[38;2;173;172;173m████[38;2;128;120;126m████[38;2;173;172;173m██[38;2;128;120;126m██[38;2;255;255;255m████[38;2;20;19;29m██        [38;2;97;76;71m██[38;2;196;140;114m████████████████[38;2;97;76;71m██[38;2;156;102;89m████[38;2;173;172;173m████[38;2;176;146;139m██[38;2;97;76;71m██[38;2;196;140;114m██████████████████[38;2;227;199;186m██[38;2;97;76;71m██[38;2;156;102;89m██████[38;2;97;76;71m██[38;2;227;199;186m██████████████████[38;2;97;76;71m██[38;2;176;146;139m██████████[38;2;20;19;29m██      
[38;2;128;120;126m██[38;2;255;255;255m██[38;2;128;120;126m██[38;2;173;172;173m██[38;2;128;120;126m██[38;2;173;172;173m████[38;2;128;120;126m██[38;2;173;172;173m██[38;2;20;19;29m██[38;2;173;172;173m██[38;2;128;120;126m████[38;2;173;172;173m████[38;2;128;120;126m██[38;2;173;172;173m██[38;2;128;120;126m██[38;2;255;255;255m██[38;2;20;19;29m██        [38;2;97;76;71m██[38;2;196;140;114m██[38;2;227;199;186m██████[38;2;196;140;114m████████[38;2;97;76;71m██[38;2;156;102;89m██[38;2;176;146;139m██[38;2;173;172;173m████[38;2;176;146;139m██[38;2;97;76;71m██[38;2;196;140;114m████[38;2;227;199;186m██████[38;2;196;140;114m██[38;2;255;255;255m██[38;2;196;140;114m██████[38;2;97;76;71m██[38;2;156;102;89m██[38;2;176;146;139m██[38;2;128;120;126m██[38;2;227;199;186m████████████████████[38;2;97;76;71m██[38;2;176;146;139m████████[38;2;173;172;173m██[38;2;20;19;29m██      
[38;2;128;120;126m██[38;2;173;172;173m████[38;2;128;120;126m████████[38;2;173;172;173m██[38;2;20;19;29m██[38;2;173;172;173m██[38;2;20;19;29m██[38;2;173;172;173m██[38;2;128;120;126m██[38;2;173;172;173m████[38;2;128;120;126m████[38;2;173;172;173m██[38;2;128;120;126m██[38;2;20;19;29m██        [38;2;97;76;71m██[38;2;227;199;186m████████████████[38;2;97;76;71m██[38;2;176;146;139m██████████[38;2;97;76;71m██[38;2;227;199;186m██████████[38;2;255;255;255m██████[38;2;196;140;114m████[38;2;97;76;71m██[38;2;176;146;139m████[38;2;128;120;126m██[38;2;227;199;186m████████████████████[38;2;97;76;71m██[38;2;176;146;139m████[38;2;173;172;173m████████[38;2;20;19;29m██    
  ██████████████[38;2;173;172;173m██████[38;2;20;19;29m██[38;2;173;172;173m██[38;2;128;120;126m████[38;2;173;172;173m████[38;2;20;19;29m████          [38;2;97;76;71m██[38;2;227;199;186m██[38;2;255;255;255m████[38;2;227;199;186m██████████[38;2;97;76;71m██[38;2;176;146;139m████[38;2;173;172;173m██████[38;2;97;76;71m██[38;2;227;199;186m██████████[38;2;255;255;255m██████[38;2;227;199;186m████[38;2;97;76;71m██[38;2;176;146;139m████[38;2;128;120;126m██[38;2;255;255;255m████[38;2;227;199;186m██████[38;2;255;255;255m████[38;2;227;199;186m██████[38;2;97;76;71m██[38;2;176;146;139m██[38;2;173;172;173m██████████[38;2;20;19;29m██    
  ██[38;2;128;120;126m██[38;2;173;172;173m██[38;2;128;120;126m████[38;2;173;172;173m██[38;2;128;120;126m██[38;2;173;172;173m████████[38;2;20;19;29m██[38;2;173;172;173m████[38;2;20;19;29m████            [38;2;128;120;126m██[38;2;255;255;255m████████████[38;2;227;199;186m████[38;2;255;255;255m██[38;2;97;76;71m██[38;2;173;172;173m██████████[38;2;97;76;71m██[38;2;227;199;186m██[38;2;255;255;255m██████[38;2;227;199;186m████[38;2;255;255;255m██[38;2;227;199;186m██████[38;2;97;76;71m██[38;2;176;146;139m██[38;2;173;172;173m██[38;2;128;120;126m██[38;2;255;255;255m████████████████[38;2;227;199;186m████[38;2;97;76;71m██[38;2;173;172;173m████████████[38;2;20;19;29m██    
  ██[38;2;173;172;173m██[38;2;128;120;126m██[38;2;173;172;173m████[38;2;128;120;126m██[38;2;173;172;173m██[38;2;128;120;126m██[38;2;173;172;173m████████[38;2;20;19;29m████                [38;2;128;120;126m██[38;2;255;255;255m██████████████████[38;2;128;120;126m██[38;2;173;172;173m██████████[38;2;97;76;71m██[38;2;255;255;255m████████████████[38;2;227;199;186m████[38;2;97;76;71m██[38;2;173;172;173m████[38;2;128;120;126m██[38;2;255;255;255m████████████████████[38;2;97;76;71m██[38;2;173;172;173m████[38;2;128;120;126m██[38;2;173;172;173m██████[38;2;20;19;29m██    
  ██[38;2;173;172;173m██[38;2;128;120;126m██[38;2;173;172;173m██████[38;2;128;120;126m██[38;2;173;172;173m██[38;2;128;120;126m██[38;2;173;172;173m██████[38;2;20;19;29m██                  [38;2;128;120;126m██[38;2;255;255;255m██████████████████[38;2;128;120;126m██[38;2;173;172;173m████████[38;2;128;120;126m██[38;2;255;255;255m██████████████████████[38;2;97;76;71m██[38;2;173;172;173m████[38;2;128;120;126m██[38;2;255;255;255m██████[38;2;128;120;126m██[38;2;255;255;255m████████████[38;2;128;120;126m██[38;2;173;172;173m████[38;2;128;120;126m██[38;2;173;172;173m██████[38;2;20;19;29m██    
    ██[38;2;173;172;173m██[38;2;128;120;126m██[38;2;173;172;173m██████[38;2;128;120;126m██[38;2;173;172;173m██[38;2;128;120;126m██[38;2;173;172;173m████[38;2;20;19;29m██                  [38;2;128;120;126m██[38;2;255;255;255m██████████████████[38;2;128;120;126m██[38;2;173;172;173m████████[38;2;128;120;126m██[38;2;255;255;255m██████████████████████[38;2;128;120;126m██[38;2;173;172;173m████[38;2;128;120;126m██[38;2;255;255;255m██████[38;2;128;120;126m██[38;2;255;255;255m████████████[38;2;128;120;126m██[38;2;173;172;173m████[38;2;128;120;126m██[38;2;173;172;173m██████[38;2;20;19;29m██    
      ██[38;2;173;172;173m██[38;2;128;120;126m██[38;2;173;172;173m██████[38;2;128;120;126m██[38;2;173;172;173m██[38;2;128;120;126m██[38;2;173;172;173m██[38;2;20;19;29m██                  [38;2;128;120;126m██[38;2;255;255;255m██████████████████[38;2;128;120;126m██[38;2;173;172;173m████████[38;2;128;120;126m██[38;2;255;255;255m██████████████████████[38;2;128;120;126m██[38;2;173;172;173m██[38;2;128;120;126m██[38;2;255;255;255m████████[38;2;128;120;126m██[38;2;255;255;255m████████████[38;2;128;120;126m██[38;2;173;172;173m████[38;2;128;120;126m██[38;2;173;172;173m██████[38;2;20;19;29m██    
        ██[38;2;173;172;173m██[38;2;128;120;126m██[38;2;173;172;173m████[38;2;128;120;126m██[38;2;173;172;173m████[38;2;128;120;126m██[38;2;20;19;29m██                [38;2;128;120;126m██[38;2;255;255;255m████████████████████[38;2;128;120;126m██[38;2;173;172;173m████████[38;2;128;120;126m██[38;2;255;255;255m██████████████████████[38;2;128;120;126m██[38;2;173;172;173m██[38;2;128;120;126m██[38;2;255;255;255m████████[38;2;128;120;126m██[38;2;255;255;255m████████████[38;2;128;120;126m██[38;2;173;172;173m██████[38;2;128;120;126m██[38;2;173;172;173m████[38;2;20;19;29m██    
          ██[38;2;173;172;173m██[38;2;128;120;126m████[38;2;173;172;173m████[38;2;20;19;29m████                  [38;2;128;120;126m██[38;2;255;255;255m████████████████████[38;2;128;120;126m██[38;2;173;172;173m████████[38;2;128;120;126m██[38;2;255;255;255m██████████████████████[38;2;128;120;126m██[38;2;173;172;173m██[38;2;128;120;126m██[38;2;255;255;255m████████[38;2;128;120;126m██[38;2;255;255;255m████████████[38;2;128;120;126m██[38;2;173;172;173m██████[38;2;128;120;126m██[38;2;173;172;173m████[38;2;20;19;29m██    
            ██[38;2;173;172;173m████[38;2;20;19;29m████                      [38;2;128;120;126m██[38;2;255;255;255m████████████████████[38;2;128;120;126m██[38;2;173;172;173m██████[38;2;128;120;126m██[38;2;255;255;255m████████████████████████[38;2;128;120;126m██[38;2;173;172;173m████[38;2;20;19;29m████[38;2;255;255;255m████[38;2;128;120;126m██[38;2;255;255;255m████████████[38;2;128;120;126m██[38;2;173;172;173m██████[38;2;128;120;126m██[38;2;173;172;173m████[38;2;20;19;29m██    
              ████                        [38;2;128;120;126m██[38;2;255;255;255m██████████████████████[38;2;128;120;126m██[38;2;173;172;173m██████[38;2;128;120;126m██[38;2;255;255;255m████████████████████████[38;2;128;120;126m██[38;2;173;172;173m████████[38;2;20;19;29m████[38;2;128;120;126m██[38;2;255;255;255m████████████[38;2;128;120;126m██[38;2;173;172;173m██████[38;2;128;120;126m██[38;2;173;172;173m████[38;2;20;19;29m██    
                                          [38;2;128;120;126m██[38;2;255;255;255m██████████████████████[38;2;128;120;126m██[38;2;173;172;173m██████[38;2;128;120;126m██[38;2;255;255;255m████████████████████████[38;2;128;120;126m██[38;2;173;172;173m████████████[38;2;128;120;126m██[38;2;255;255;255m████████████[38;2;128;120;126m██[38;2;173;172;173m██████[38;2;128;120;126m██[38;2;173;172;173m████[38;2;20;19;29m██    
                                            ████████████[38;2;255;255;255m██████████[38;2;173;172;173m████[38;2;20;19;29m██[38;2;128;120;126m██[38;2;255;255;255m██████████████████████████[38;2;128;120;126m██[38;2;173;172;173m████████████[38;2;128;120;126m██[38;2;255;255;255m████████████[38;2;128;120;126m██[38;2;173;172;173m██████[38;2;128;120;126m██[38;2;173;172;173m██[38;2;20;19;29m██      
                                                        ██████████████  [38;2;128;120;126m██[38;2;255;255;255m██████████████████████████[38;2;128;120;126m██[38;2;173;172;173m████████[38;2;20;19;29m████[38;2;128;120;126m██[38;2;255;255;255m████████████[38;2;128;120;126m██[38;2;173;172;173m██████[38;2;128;120;126m██[38;2;20;19;29m██        
                                                                          ████████[38;2;255;255;255m██████████████████[38;2;173;172;173m██████[38;2;20;19;29m████    [38;2;128;120;126m██[38;2;255;255;255m████████████[38;2;128;120;126m██[38;2;173;172;173m██████[38;2;20;19;29m██          
                                                                                  ██████████[38;2;255;255;255m████████[38;2;173;172;173m██[38;2;20;19;29m████        [38;2;128;120;126m██[38;2;255;255;255m████████████[38;2;128;120;126m██[38;2;173;172;173m████[38;2;20;19;29m██            
                                                                                            ██████████              ██████[38;2;255;255;255m██████[38;2;128;120;126m██[38;2;173;172;173m██[38;2;20;19;29m██              
                                                                                                                          ██████████                
[0m