                                                [38;2;172;166;153m████          [38;2;64;63;79m██[38;2;172;166;153m██                                                                
                                                [38;2;15;15;15m██[38;2;220;220;195m██[38;2;172;166;153m████      [38;2;15;15;15m██[38;2;220;220;195m██[38;2;172;166;153m██                                                              
                                                [38;2;15;15;15m██[38;2;220;220;195m██████[38;2;64;63;79m██    [38;2;15;15;15m██[38;2;220;220;195m████[38;2;64;63;79m██                                                            
                                    ██[38;2;172;166;153m████      [38;2;15;15;15m██[38;2;220;220;195m████████[38;2;64;63;79m██  [38;2;15;15;15m██[38;2;220;220;195m██████[38;2;15;15;15m██    [38;2;64;63;79m██[38;2;172;166;153m██                                                  
                                    [38;2;15;15;15m██[38;2;220;220;195m████[38;2;172;166;153m██[38;2;64;63;79m██    [38;2;15;15;15m██[38;2;220;220;195m████████[38;2;64;63;79m██[38;2;15;15;15m██[38;2;220;220;195m██████[38;2;15;15;15m██    [38;2;64;63;79m██[38;2;220;220;195m██[38;2;15;15;15m██                                                
                                    ██[38;2;220;220;195m████████[38;2;64;63;79m██  [38;2;15;15;15m██[38;2;220;220;195m██████████[38;2;15;15;15m██[38;2;220;220;195m████████[38;2;15;15;15m██  [38;2;64;63;79m██[38;2;220;220;195m██[38;2;15;15;15m██                                                
                  [38;2;40;36;52m████████████        [38;2;15;15;15m██[38;2;220;220;195m████████[38;2;64;63;79m██[38;2;15;15;15m██[38;2;220;220;195m██████████[38;2;15;15;15m██[38;2;220;220;195m████████[38;2;15;15;15m██  [38;2;64;63;79m██[38;2;220;220;195m████[38;2;15;15;15m██                                              
                [38;2;40;36;52m██[38;2;64;63;79m████████████[38;2;40;36;52m██████  [38;2;15;15;15m██[38;2;220;220;195m██████████[38;2;64;63;79m████[38;2;220;220;195m████[38;2;172;166;153m██████[38;2;64;63;79m██[38;2;220;220;195m████[38;2;172;166;153m████[38;2;64;63;79m██[38;2;220;220;195m██████[38;2;15;15;15m██                                              
                [38;2;40;36;52m██[38;2;64;63;79m██████████████████[38;2;40;36;52m████[38;2;15;15;15m██[38;2;220;220;195m██████████[38;2;64;63;79m██[38;2;172;166;153m██████████[38;2;64;63;79m██[38;2;172;166;153m████████[38;2;64;63;79m██[38;2;220;220;195m████[38;2;172;166;153m██[38;2;15;15;15m██                                              
                [38;2;40;36;52m██[38;2;64;63;79m██████████████████████[38;2;15;15;15m██[38;2;220;220;195m██████[38;2;172;166;153m██████████████████████████[38;2;64;63;79m██[38;2;172;166;153m██████[38;2;15;15;15m██                  [38;2;40;36;52m████████████████████        
                ██[38;2;64;63;79m████████████████████████[38;2;15;15;15m██[38;2;172;166;153m████████[38;2;64;63;79m████████████████[38;2;172;166;153m████████████████[38;2;15;15;15m██      [38;2;40;36;52m██████████[38;2;64;63;79m████████████████████[38;2;40;36;52m██      
                ██[38;2;64;63;79m████████████████████████[38;2;15;15;15m██[38;2;172;166;153m████[38;2;64;63;79m████[38;2;230;226;225m██[38;2;165;153;168m██[38;2;230;226;225m██████████[38;2;165;153;168m██[38;2;64;63;79m██████[38;2;172;166;153m██████████[38;2;15;15;15m██  [38;2;40;36;52m████[38;2;64;63;79m██████████████████████████████[38;2;40;36;52m██      
                ██[38;2;64;63;79m████████████████████████[38;2;15;15;15m██[38;2;172;166;153m██[38;2;15;15;15m██[38;2;230;226;225m██████[38;2;165;153;168m██[38;2;230;226;225m██████████[38;2;88;70;152m████████[38;2;40;36;52m████[38;2;172;166;153m██████[38;2;15;15;15m██[38;2;40;36;52m██[38;2;64;63;79m██████████████████████████████████[38;2;15;15;15m██      
                [38;2;40;36;52m██[38;2;64;63;79m████████████[38;2;40;36;52m████[38;2;64;63;79m██████████[38;2;15;15;15m██[38;2;230;226;225m██████[38;2;165;153;168m██[38;2;230;226;225m██████████[38;2;88;70;152m██████████[38;2;138;194;162m████[38;2;40;36;52m██[38;2;172;166;153m████[38;2;15;15;15m██[38;2;64;63;79m████████████████████████████████████[38;2;15;15;15m██      
                  [38;2;40;36;52m██[38;2;64;63;79m████████████[38;2;40;36;52m████[38;2;64;63;79m██████[38;2;15;15;15m██[38;2;88;70;152m██[38;2;230;226;225m██████[38;2;165;153;168m██[38;2;230;226;225m████[38;2;165;153;168m██[38;2;230;226;225m██[38;2;165;153;168m██[38;2;88;70;152m██████[38;2;138;194;162m██████████[38;2;40;36;52m██[38;2;172;166;153m██[38;2;15;15;15m██[38;2;64;63;79m████████████████████████████████████[38;2;15;15;15m██      
                  ██[38;2;64;63;79m██████████████[38;2;40;36;52m████[38;2;64;63;79m██[38;2;15;15;15m██[38;2;230;226;225m██[38;2;88;70;152m██[38;2;165;153;168m██[38;2;230;226;225m████[38;2;165;153;168m██[38;2;230;226;225m██[38;2;165;153;168m██[38;2;230;226;225m████[38;2;88;70;152m██████[38;2;230;226;225m████[38;2;138;194;162m████████[38;2;40;36;52m██[38;2;172;166;153m██[38;2;15;15;15m██[38;2;64;63;79m██████████████████████████████████[38;2;15;15;15m██        
                  ██[38;2;64;63;79m██████████████████[38;2;40;36;52m██[38;2;15;15;15m██[38;2;230;226;225m██[38;2;88;70;152m████[38;2;230;226;225m██[38;2;165;153;168m██[38;2;230;226;225m████[38;2;165;153;168m██[38;2;230;226;225m██[38;2;88;70;152m██████[38;2;138;194;162m██[38;2;230;226;225m████[38;2;138;194;162m██████████[38;2;40;36;52m██[38;2;64;63;79m██[38;2;40;36;52m██[38;2;64;63;79m████████████[38;2;40;36;52m██████[38;2;64;63;79m██████████████[38;2;15;15;15m██        
                    [38;2;40;36;52m██[38;2;64;63;79m████████████████[38;2;15;15;15m██[38;2;138;194;162m██████[38;2;88;70;152m██[38;2;230;226;225m██[38;2;165;153;168m██[38;2;230;226;225m████████[38;2;88;70;152m████[38;2;138;194;162m██████████████████[38;2;40;36;52m██[38;2;64;63;79m██[38;2;40;36;52m██[38;2;64;63;79m████████[38;2;40;36;52m██████[38;2;64;63;79m████████████████[38;2;15;15;15m██[38;2;40;36;52m██████    
                    [38;2;15;15;15m██[38;2;64;63;79m████████████████[38;2;15;15;15m██[38;2;138;194;162m██████[38;2;88;70;152m██[38;2;230;226;225m██[38;2;165;153;168m██[38;2;230;226;225m██████[38;2;88;70;152m████[38;2;138;194;162m████████████████████[38;2;40;36;52m██[38;2;64;63;79m██████████[38;2;40;36;52m████[38;2;64;63;79m████████████████████[38;2;15;15;15m██[38;2;50;61;74m██████[38;2;40;36;52m██  
                      [38;2;15;15;15m██[38;2;64;63;79m████████████[38;2;15;15;15m██[38;2;206;218;170m██[38;2;138;194;162m████████[38;2;40;36;52m██████[38;2;230;226;225m██[38;2;88;70;152m████[38;2;138;194;162m██████████████████████[38;2;40;36;52m██[38;2;64;63;79m████[38;2;40;36;52m██[38;2;64;63;79m██[38;2;40;36;52m██[38;2;64;63;79m██████████████████████[38;2;40;36;52m██[38;2;15;15;15m██[38;2;50;61;74m████[38;2;40;36;52m██    
                        [38;2;15;15;15m██[38;2;64;63;79m████████[38;2;40;36;52m██[38;2;15;15;15m██[38;2;206;218;170m████[38;2;138;194;162m████[38;2;15;15;15m██[38;2;64;63;79m██[38;2;40;36;52m██[38;2;64;63;79m██[38;2;40;36;52m██[38;2;88;70;152m████[38;2;138;194;162m████████████[38;2;206;218;170m████████[38;2;138;194;162m██[38;2;40;36;52m██[38;2;64;63;79m████[38;2;40;36;52m██[38;2;64;63;79m██████████████████████████[38;2;15;15;15m██[38;2;50;61;74m████[38;2;40;36;52m██      
                          [38;2;15;15;15m██[38;2;64;63;79m██[38;2;40;36;52m██████[38;2;15;15;15m██[38;2;206;218;170m██████[38;2;40;36;52m██[38;2;64;63;79m██[38;2;40;36;52m██[38;2;64;63;79m██[38;2;40;36;52m██[38;2;64;63;79m██[38;2;40;36;52m██[38;2;88;70;152m████[38;2;138;194;162m██████[38;2;206;218;170m██████████████[38;2;40;36;52m██[38;2;64;63;79m████[38;2;40;36;52m██[38;2;64;63;79m████████████████████████[38;2;15;15;15m██[38;2;50;61;74m████████[38;2;40;36;52m██    
  [38;2;75;97;107m██████                    [38;2;15;15;15m██[38;2;40;36;52m████[38;2;15;15;15m████[38;2;206;218;170m████[38;2;88;70;152m██[38;2;15;15;15m██[38;2;64;63;79m██[38;2;40;36;52m██[38;2;64;63;79m██████[38;2;40;36;52m██[38;2;165;153;168m██[38;2;88;70;152m████[38;2;138;194;162m██[38;2;206;218;170m██████████████[38;2;88;70;152m██[38;2;64;63;79m██████████████████████████████[38;2;15;15;15m██[38;2;50;61;74m████████████[38;2;40;36;52m██  
[38;2;50;61;74m██[38;2;230;226;225m██[38;2;56;189;218m████[38;2;75;97;107m████████████          [38;2;15;15;15m████  ████[38;2;88;70;152m██[38;2;15;15;15m██[38;2;40;36;52m██[38;2;64;63;79m██[38;2;40;36;52m██[38;2;64;63;79m██[38;2;40;36;52m██[38;2;64;63;79m████[38;2;15;15;15m██[38;2;230;226;225m██[38;2;88;70;152m██████[38;2;206;218;170m██████████[38;2;88;70;152m██[38;2;165;153;168m██[38;2;64;63;79m██[38;2;40;36;52m██[38;2;64;63;79m████████████████████████[38;2;15;15;15m██[38;2;50;61;74m██████[38;2;40;36;52m████[38;2;15;15;15m██████  
[38;2;50;61;74m██[38;2;56;189;218m██████████████████[38;2;15;15;15m██                ██[38;2;165;153;168m██[38;2;15;15;15m██[38;2;64;63;79m████[38;2;40;36;52m██[38;2;64;63;79m████████[38;2;15;15;15m██[38;2;230;226;225m████[38;2;165;153;168m██[38;2;88;70;152m████████████[38;2;165;153;168m██[38;2;40;36;52m████[38;2;15;15;15m████[38;2;40;36;52m██[38;2;64;63;79m██████████████████[38;2;15;15;15m██[38;2;50;61;74m██████████[38;2;40;36;52m██        
  [38;2;50;61;74m██[38;2;56;189;218m██████[38;2;50;61;74m██[38;2;15;15;15m████[38;2;56;189;218m████[38;2;15;15;15m██                  ████[38;2;64;63;79m██[38;2;40;36;52m██[38;2;15;15;15m████[38;2;64;63;79m██████[38;2;15;15;15m██[38;2;230;226;225m████████████████[38;2;165;153;168m██[38;2;40;36;52m████████[38;2;15;15;15m██████[38;2;64;63;79m████████████[38;2;40;36;52m██[38;2;15;15;15m██[38;2;50;61;74m██████████████[38;2;40;36;52m██      
    [38;2;15;15;15m██████      ██[38;2;56;189;218m████[38;2;15;15;15m██                  ██[38;2;40;36;52m██[38;2;230;226;225m██[38;2;40;36;52m██[38;2;230;226;225m██[38;2;15;15;15m██[38;2;40;36;52m██[38;2;64;63;79m██[38;2;15;15;15m██[38;2;230;226;225m████████████[38;2;165;153;168m██[38;2;40;36;52m████████████[38;2;15;15;15m██[38;2;50;61;74m████[38;2;15;15;15m██[38;2;64;63;79m████[38;2;15;15;15m██████[38;2;50;61;74m████████████████████[38;2;40;36;52m██    
                  [38;2;15;15;15m██[38;2;215;56;117m██[38;2;15;15;15m██                    ██[38;2;64;63;79m██████████[38;2;15;15;15m████[38;2;230;226;225m████[38;2;165;153;168m██[38;2;40;36;52m██████████[38;2;15;15;15m██████[38;2;40;36;52m██[38;2;15;15;15m██[38;2;50;61;74m████████[38;2;15;15;15m████[38;2;50;61;74m██████████████████████████[38;2;40;36;52m██    
                  [38;2;15;15;15m██[38;2;215;56;117m██[38;2;15;15;15m██                      ████[38;2;64;63;79m████[38;2;40;36;52m██[38;2;15;15;15m██[38;2;40;36;52m████████████[38;2;15;15;15m██████      ████[38;2;50;61;74m████████████████████████████████████████[38;2;40;36;52m██  
              ████[38;2;15;15;15m██[38;2;215;56;117m████[38;2;15;15;15m██                        ██████[38;2;40;36;52m██████[38;2;15;15;15m████████              [38;2;40;36;52m██[38;2;50;61;74m████████████████████████████████████████[38;2;40;36;52m██  
            ██[38;2;141;33;81m████[38;2;15;15;15m██[38;2;215;56;117m██████[38;2;15;15;15m██                        [38;2;40;36;52m██[38;2;15;15;15m██[38;2;40;36;52m████[38;2;15;15;15m██                      [38;2;40;36;52m██[38;2;50;61;74m████████████████████[38;2;40;36;52m████[38;2;50;61;74m████████████████[38;2;40;36;52m██  
            ██[38;2;141;33;81m██████[38;2;215;56;117m██[38;2;40;36;52m██[38;2;215;56;117m████[38;2;15;15;15m██                  ██[38;2;40;36;52m██[38;2;64;63;79m██[38;2;15;15;15m██[38;2;40;36;52m██████[38;2;15;15;15m██[38;2;40;36;52m██                ██[38;2;165;153;168m██████[38;2;50;61;74m██████████████████[38;2;15;15;15m██████████[38;2;40;36;52m██[38;2;50;61;74m████████[38;2;40;36;52m██
            ██[38;2;141;33;81m████[38;2;15;15;15m██[38;2;40;36;52m██[38;2;215;56;117m████████[38;2;40;36;52m██              [38;2;15;15;15m██[38;2;64;63;79m████[38;2;15;15;15m██[38;2;64;63;79m██[38;2;40;36;52m██████[38;2;64;63;79m████[38;2;40;36;52m████            ██[38;2;165;153;168m████████[38;2;50;61;74m██████[38;2;40;36;52m██[38;2;50;61;74m██████████[38;2;15;15;15m██        ██████[38;2;50;61;74m██[38;2;40;36;52m██
            ██[38;2;141;33;81m██[38;2;15;15;15m██  [38;2;40;36;52m██[38;2;215;56;117m██[38;2;141;33;81m██[38;2;15;15;15m██[38;2;215;56;117m██[38;2;75;97;107m██[38;2;40;36;52m████        [38;2;15;15;15m██[38;2;64;63;79m██████[38;2;15;15;15m██[38;2;64;63;79m████████████████[38;2;40;36;52m████      ██[38;2;165;153;168m████████████[38;2;50;61;74m██████[38;2;15;15;15m██[38;2;50;61;74m████████[38;2;15;15;15m██              ██[38;2;40;36;52m██
              [38;2;15;15;15m████  ██[38;2;215;56;117m██[38;2;15;15;15m██████[38;2;75;97;107m██████[38;2;40;36;52m██    [38;2;15;15;15m████[38;2;64;63;79m████[38;2;40;36;52m██[38;2;64;63;79m██████████[38;2;40;36;52m██[38;2;64;63;79m██████████[38;2;15;15;15m██  [38;2;40;36;52m██[38;2;165;153;168m████████████████[38;2;50;61;74m██[38;2;15;15;15m██  ████[38;2;50;61;74m██████[38;2;15;15;15m██                
                    ████      ████[38;2;75;97;107m████[38;2;40;36;52m████[38;2;50;61;74m████[38;2;15;15;15m██[38;2;40;36;52m██[38;2;75;97;107m██[38;2;64;63;79m██████████[38;2;75;97;107m██[38;2;40;36;52m██[38;2;64;63;79m████████[38;2;15;15;15m████[38;2;50;61;74m████[38;2;165;153;168m██████████████[38;2;15;15;15m██        ████[38;2;50;61;74m██[38;2;15;15;15m██                
                                  ████[38;2;50;61;74m████[38;2;15;15;15m██[38;2;40;36;52m██[38;2;230;226;225m██[38;2;75;97;107m██████[38;2;64;63;79m██████[38;2;75;97;107m██████[38;2;40;36;52m████[38;2;64;63;79m██[38;2;40;36;52m██[38;2;75;97;107m████[38;2;40;36;52m██[38;2;15;15;15m██[38;2;50;61;74m██[38;2;165;153;168m████████[38;2;40;36;52m████              [38;2;15;15;15m████                
                                      ████[38;2;75;97;107m██[38;2;230;226;225m████[38;2;75;97;107m██████████████████[38;2;230;226;225m████[38;2;15;15;15m██████[38;2;75;97;107m██████[38;2;40;36;52m██[38;2;15;15;15m██[38;2;165;153;168m██[38;2;40;36;52m████                                      
                                        [38;2;15;15;15m██[38;2;75;97;107m██[38;2;230;226;225m████[38;2;75;97;107m████[38;2;50;61;74m██[38;2;75;97;107m██████████[38;2;230;226;225m██████[38;2;75;97;107m██[38;2;15;15;15m██[38;2;50;61;74m██[38;2;15;15;15m████[38;2;75;97;107m██████[38;2;15;15;15m██                                          
                                      ██[38;2;75;97;107m██████[38;2;230;226;225m██[38;2;75;97;107m████[38;2;40;36;52m██[38;2;50;61;74m████████[38;2;40;36;52m██[38;2;230;226;225m██[38;2;75;97;107m██████[38;2;15;15;15m██[38;2;50;61;74m██████[38;2;15;15;15m████[38;2;75;97;107m████[38;2;40;36;52m██                                        
                                      [38;2;15;15;15m██[38;2;75;97;107m██████████[38;2;50;61;74m████[38;2;40;36;52m████[38;2;50;61;74m████[38;2;40;36;52m██[38;2;75;97;107m██████████[38;2;15;15;15m██[38;2;40;36;52m████    ██[38;2;75;97;107m██[38;2;40;36;52m██                                        
                                      [38;2;15;15;15m██[38;2;50;61;74m██[38;2;75;97;107m██████[38;2;50;61;74m██[38;2;40;36;52m██[38;2;15;15;15m██    [38;2;40;36;52m████[38;2;15;15;15m██[38;2;75;97;107m██████████[38;2;15;15;15m██        ██[38;2;75;97;107m██[38;2;40;36;52m██                                        
                                        [38;2;15;15;15m██[38;2;50;61;74m██████████[38;2;15;15;15m██        ██[38;2;75;97;107m██████████[38;2;15;15;15m██        ██[38;2;75;97;107m████[38;2;40;36;52m██                                      
                                          [38;2;15;15;15m██[38;2;40;36;52m██[38;2;50;61;74m████████[38;2;15;15;15m██        ██[38;2;75;97;107m██████[38;2;40;36;52m██          [38;2;15;15;15m██[38;2;75;97;107m████[38;2;40;36;52m██                                      
                                              ████[38;2;50;61;74m████[38;2;15;15;15m██          ██[38;2;40;36;52m████[38;2;15;15;15m██          ██[38;2;75;97;107m██████[38;2;40;36;52m██  [38;2;50;61;74m██                                
                                        [38;2;40;36;52m██████[38;2;50;61;74m██████████[38;2;15;15;15m██        ██[38;2;50;61;74m████[38;2;40;36;52m██          [38;2;15;15;15m██[38;2;75;97;107m████████[38;2;15;15;15m██[38;2;215;56;117m██[38;2;15;15;15m██                              
                                      [38;2;40;36;52m██[38;2;230;226;225m██[38;2;165;153;168m██[38;2;64;63;79m████[38;2;50;61;74m████████[38;2;15;15;15m██        ██[38;2;50;61;74m██████[38;2;40;36;52m████        ██[38;2;75;97;107m██[38;2;215;56;117m████[38;2;40;36;52m██[38;2;215;56;117m██[38;2;15;15;15m██                              
                                    [38;2;40;36;52m██[38;2;230;226;225m████[38;2;64;63;79m██[38;2;230;226;225m████[38;2;165;153;168m██[38;2;50;61;74m████[38;2;15;15;15m██        ██[38;2;50;61;74m████[38;2;165;153;168m██[38;2;64;63;79m██[38;2;165;153;168m██[38;2;230;226;225m██[38;2;40;36;52m██      ██[38;2;215;56;117m██[38;2;141;33;81m██[38;2;215;56;117m████[38;2;141;33;81m██[38;2;15;15;15m██                              
                                    ████[38;2;64;63;79m██[38;2;230;226;225m████████[38;2;15;15;15m████          ██[38;2;50;61;74m██[38;2;165;153;168m██[38;2;230;226;225m████[38;2;64;63;79m██[38;2;230;226;225m██[38;2;15;15;15m██      [38;2;40;36;52m██[38;2;141;33;81m██[38;2;40;36;52m██[38;2;215;56;117m██[38;2;15;15;15m████                                
                                        ██████████                ████[38;2;230;226;225m████[38;2;64;63;79m██[38;2;15;15;15m██[38;2;40;36;52m██      [38;2;15;15;15m████[38;2;40;36;52m██[38;2;215;56;117m██[38;2;15;15;15m██  [38;2;75;97;107m████                            
                                                                      [38;2;15;15;15m██████              ██[38;2;141;33;81m██[38;2;15;15;15m██  [38;2;50;61;74m██[38;2;56;189;218m██[38;2;50;61;74m██                          
                                                                                          [38;2;15;15;15m██[38;2;56;189;218m████[38;2;15;15;15m██[38;2;50;61;74m██[38;2;56;189;218m██[38;2;50;61;74m██                          
                                                                                          ██[38;2;75;97;107m██[38;2;56;189;218m████████[38;2;15;15;15m██                          
                                                                                            [38;2;50;61;74m██[38;2;15;15;15m████████                            
[0m