                                                                                          [38;2;96;118;142m██████                                              [38;2;176;171;152m██[38;2;126;125;121m████                                            
                                                                                      [38;2;77;93;109m████[38;2;238;243;247m██████[38;2;96;118;142m██████████                                  [38;2;126;125;121m██[38;2;176;171;152m██████[38;2;126;125;121m██                                          
                                                                                    [38;2;77;93;109m██[38;2;192;203;216m████[38;2;238;243;247m██████[38;2;192;203;216m██[38;2;121;138;156m██[38;2;192;203;216m██████[38;2;96;118;142m██[38;2;77;93;109m██        ████                  [38;2;176;171;152m██████████                                          
                                                                                [38;2;25;25;25m████[38;2;192;203;216m██[38;2;121;138;156m██[38;2;77;93;109m██████[38;2;192;203;216m████[38;2;238;243;247m██████[38;2;77;93;109m████[38;2;96;118;142m██[38;2;192;203;216m████████[38;2;121;138;156m██[38;2;238;243;247m████[38;2;77;93;109m██            [38;2;126;125;121m██[38;2;176;171;152m██████████                                          
                                                                  [38;2;96;118;142m██████[38;2;77;93;109m██████[38;2;25;25;25m██[38;2;192;203;216m██████████[38;2;238;243;247m████████████[38;2;77;93;109m██[38;2;192;203;216m██████[38;2;238;243;247m████[38;2;121;138;156m████[38;2;25;25;25m██████            [38;2;126;125;121m████[38;2;176;171;152m████████[38;2;126;125;121m██                                          
                                                                [38;2;77;93;109m██[38;2;192;203;216m████████████████████████[38;2;121;138;156m████████████████████[38;2;25;25;25m████[38;2;121;138;156m██[38;2;25;25;25m██                [38;2;126;125;121m██[38;2;209;201;181m██[38;2;176;171;152m██████[38;2;126;125;121m██████                                          
                                                                  [38;2;25;25;25m██[38;2;77;93;109m████[38;2;96;118;142m████[38;2;25;25;25m██[38;2;121;138;156m██████████████[38;2;25;25;25m██████████[38;2;77;93;109m██[38;2;25;25;25m██████[38;2;205;55;45m██[38;2;25;25;25m██[38;2;238;243;247m██[38;2;25;25;25m██[38;2;126;125;121m████            [38;2;176;171;152m██[38;2;209;201;181m████[38;2;176;171;152m██████[38;2;126;125;121m████████                                      
                                                                    [38;2;25;25;25m██[38;2;192;203;216m██[38;2;77;93;109m████[38;2;25;25;25m██[38;2;121;138;156m████████[38;2;77;93;109m██████[38;2;255;255;255m██[38;2;25;25;25m██[38;2;180;65;41m██[38;2;255;255;255m██[38;2;251;219;76m██[38;2;121;138;156m████[38;2;25;25;25m██[38;2;205;55;45m██[38;2;25;25;25m██[38;2;238;243;247m████[38;2;25;25;25m██[38;2;209;201;181m████[38;2;126;125;121m████        [38;2;176;171;152m██████████[38;2;126;125;121m████[38;2;176;171;152m██████[38;2;126;125;121m██                                    
                                                                    [38;2;25;25;25m██[38;2;192;203;216m████[38;2;25;25;25m██[38;2;251;255;101m██[38;2;77;93;109m████████[38;2;121;138;156m██[38;2;192;203;216m██[38;2;251;255;101m██[38;2;251;219;76m██[38;2;251;255;101m████[38;2;251;219;76m██[38;2;251;161;65m██[38;2;192;203;216m██[38;2;121;138;156m██[38;2;25;25;25m████[38;2;238;243;247m████[38;2;192;203;216m██[38;2;25;25;25m██[38;2;209;201;181m██[38;2;176;171;152m██[38;2;209;201;181m██[38;2;176;171;152m██        [38;2;126;125;121m██[38;2;176;171;152m██[38;2;96;118;142m████[38;2;176;171;152m████████████[38;2;126;125;121m██                                    
                                                                  [38;2;192;203;216m██[38;2;121;138;156m██[38;2;192;203;216m██[38;2;25;25;25m██[38;2;192;203;216m██[38;2;238;243;247m██████[38;2;77;93;109m████[38;2;238;243;247m████[38;2;77;93;109m████[38;2;238;243;247m██████[38;2;25;25;25m██[38;2;253;83;53m██[38;2;77;93;109m██[38;2;205;55;45m██[38;2;25;25;25m██[38;2;192;203;216m██[38;2;121;138;156m████[38;2;25;25;25m██[38;2;205;55;45m██[38;2;25;25;25m██[38;2;176;171;152m████[38;2;126;125;121m██[38;2;77;93;109m██████[38;2;192;203;216m████[38;2;121;138;156m██[38;2;192;203;216m████[38;2;77;93;109m██[38;2;176;171;152m██████[38;2;126;125;121m██[38;2;176;171;152m██                                    
                                                                  [38;2;121;138;156m██████[38;2;25;25;25m██[38;2;238;243;247m██[38;2;77;93;109m██[38;2;238;243;247m██[38;2;77;93;109m██[38;2;205;55;45m██[38;2;255;219;76m██[38;2;77;93;109m██[38;2;238;243;247m██[38;2;255;255;101m████[38;2;77;93;109m██[38;2;238;243;247m██[38;2;77;93;109m██[38;2;255;255;101m██[38;2;205;55;45m██[38;2;253;83;53m██[38;2;205;55;45m████[38;2;25;25;25m██[38;2;192;203;216m██[38;2;25;25;25m██[38;2;205;55;45m██████[38;2;86;10;51m██[38;2;25;25;25m██[38;2;77;93;109m██[38;2;192;203;216m██████[38;2;121;138;156m████[38;2;238;243;247m██[38;2;121;138;156m██[38;2;192;203;216m██[38;2;77;93;109m██[38;2;176;171;152m██████████[38;2;126;125;121m██                                  
                                                                  [38;2;121;138;156m██████[38;2;25;25;25m████[38;2;205;55;45m██[38;2;25;25;25m██[38;2;205;55;45m██[38;2;255;219;76m████[38;2;77;93;109m██[38;2;25;25;25m██[38;2;255;255;101m████[38;2;25;25;25m████[38;2;255;161;65m██[38;2;255;255;101m████[38;2;96;118;142m██████[38;2;205;55;45m██[38;2;25;25;25m██[38;2;205;55;45m████████████[38;2;86;10;51m██[38;2;121;138;156m████████[38;2;238;243;247m██████[38;2;121;138;156m██[38;2;77;93;109m██[38;2;176;171;152m████████████[38;2;126;125;121m██                                
                                                                  [38;2;24;24;24m██████  [38;2;25;25;25m██[38;2;205;55;45m████[38;2;255;219;76m██████[38;2;255;161;65m██[38;2;255;255;101m██████████████[38;2;96;118;142m██[38;2;238;243;247m████[38;2;192;203;216m██[38;2;86;10;51m██[38;2;205;55;45m██████████████[38;2;121;138;156m████████[38;2;192;203;216m████[38;2;238;243;247m████[38;2;121;138;156m██[38;2;77;93;109m██[38;2;176;171;152m██████████[38;2;126;125;121m████                                
                                                                  [38;2;238;243;247m██████[38;2;24;24;24m██[38;2;253;83;53m██[38;2;205;55;45m██[38;2;255;219;76m██████[38;2;255;161;65m██[38;2;255;255;101m████████████████[38;2;96;118;142m██[38;2;238;243;247m██████[38;2;121;138;156m██[38;2;86;10;51m██[38;2;205;55;45m████████████[38;2;121;138;156m████[38;2;192;203;216m████████[38;2;238;243;247m████[38;2;121;138;156m██[38;2;77;93;109m██[38;2;176;171;152m██████████[38;2;126;125;121m████                                
                                                                  [38;2;238;243;247m████[38;2;192;203;216m██[38;2;121;138;156m██[38;2;86;10;51m██[38;2;253;83;53m██[38;2;255;219;76m██████[38;2;255;161;65m██[38;2;255;255;101m████████████████[38;2;96;118;142m██[38;2;238;243;247m████[38;2;192;203;216m██[38;2;121;138;156m████[38;2;205;55;45m██████████[38;2;86;10;51m██[38;2;205;55;45m████████[38;2;192;203;216m████[38;2;238;243;247m████[38;2;121;138;156m██[38;2;77;93;109m██[38;2;176;171;152m████████[38;2;126;125;121m██████                                
                                                                  [38;2;25;25;25m██[38;2;121;138;156m██████[38;2;86;10;51m██[38;2;205;55;45m██[38;2;255;219;76m████[38;2;255;161;65m██[38;2;255;255;101m████████████████████[38;2;25;25;25m██[38;2;121;138;156m████████[38;2;205;55;45m████████████[38;2;86;10;51m██[38;2;253;83;53m████████[38;2;205;55;45m██[38;2;238;243;247m██[38;2;121;138;156m██[38;2;25;25;25m██[38;2;126;125;121m████████████                                    
                                                                    [38;2;25;25;25m████[38;2;86;10;51m██[38;2;253;83;53m██[38;2;205;55;45m██[38;2;255;219;76m██[38;2;255;161;65m██[38;2;255;255;101m██████████████████████[38;2;205;55;45m██[38;2;25;25;25m██[38;2;121;138;156m████[38;2;25;25;25m██[38;2;205;55;45m████████████████[38;2;253;83;53m██████[38;2;205;55;45m██[38;2;238;243;247m██[38;2;121;138;156m██[38;2;25;25;25m██[38;2;176;171;152m██[38;2;126;125;121m██████████                                    
                                                      [38;2;96;118;142m██████████      [38;2;25;25;25m██[38;2;253;83;53m████[38;2;205;55;45m██[38;2;255;219;76m██[38;2;255;161;65m██[38;2;255;255;101m██████████████████████[38;2;205;55;45m██[38;2;253;83;53m██[38;2;25;25;25m████[38;2;86;10;51m██[38;2;205;55;45m██████████████[38;2;25;25;25m██████████[38;2;121;138;156m██[38;2;25;25;25m██[38;2;176;171;152m██████[38;2;126;125;121m██████████                                  
                                                    [38;2;96;118;142m██[38;2;238;243;247m████[38;2;192;203;216m██████[38;2;96;118;142m██    [38;2;25;25;25m██[38;2;253;83;53m██[38;2;205;55;45m██[38;2;255;219;76m████[38;2;255;161;65m██[38;2;255;255;101m██████████████████████[38;2;205;55;45m██[38;2;253;83;53m████[38;2;86;10;51m████[38;2;205;55;45m██████████[38;2;86;10;51m██[38;2;25;25;25m██[38;2;238;243;247m██████████[38;2;192;203;216m██[38;2;25;25;25m██[38;2;176;171;152m██████[38;2;126;125;121m████████████                                
                                              [38;2;137;17;35m██████[38;2;121;138;156m██[38;2;192;203;216m██████[38;2;121;138;156m██████[38;2;24;24;24m████[38;2;253;83;53m████[38;2;205;55;45m██[38;2;255;219;76m████[38;2;255;161;65m██[38;2;255;255;101m████████████████[38;2;96;118;142m████[38;2;255;255;101m██[38;2;205;55;45m██[38;2;253;83;53m██[38;2;205;55;45m██[38;2;86;10;51m████[38;2;205;55;45m████████[38;2;86;10;51m██[38;2;253;83;53m██[38;2;137;17;35m██[38;2;121;138;156m██[38;2;192;203;216m██[38;2;238;243;247m████[38;2;121;138;156m██[38;2;25;25;25m██[38;2;176;171;152m██████[38;2;126;125;121m██████[38;2;176;171;152m██[38;2;126;125;121m██████                                
                                          [38;2;137;17;35m████[38;2;253;83;53m████████[38;2;137;17;35m██████████[38;2;24;24;24m██[38;2;238;243;247m████[38;2;96;118;142m██[38;2;253;83;53m██[38;2;205;55;45m██[38;2;255;219;76m████[38;2;255;161;65m██[38;2;255;255;101m██████████████[38;2;96;118;142m██[38;2;238;243;247m████[38;2;137;17;35m██[38;2;253;83;53m████[38;2;86;10;51m██████[38;2;205;55;45m████████[38;2;253;83;53m██████[38;2;137;17;35m██████████[38;2;253;83;53m██[38;2;137;17;35m████[38;2;25;25;25m██[38;2;126;125;121m████[38;2;176;171;152m██[38;2;126;125;121m████████                                
                                          [38;2;253;83;53m██████████████████████[38;2;24;24;24m██[38;2;238;243;247m████[38;2;192;203;216m██[38;2;137;17;35m██[38;2;205;55;45m██[38;2;255;219;76m████[38;2;255;161;65m██[38;2;255;255;101m██████████████[38;2;96;118;142m██[38;2;238;243;247m████[38;2;121;138;156m██[38;2;137;17;35m██[38;2;253;83;53m██[38;2;86;10;51m██████[38;2;205;55;45m██████[38;2;253;83;53m██████████████████████████[38;2;25;25;25m████[38;2;126;125;121m██[38;2;176;171;152m██[38;2;126;125;121m██████                                
                                      [38;2;137;17;35m██[38;2;253;83;53m████████████████████████[38;2;24;24;24m██[38;2;121;138;156m██████[38;2;137;17;35m██[38;2;253;83;53m██[38;2;255;219;76m██████[38;2;255;161;65m██[38;2;255;255;101m████████████[38;2;96;118;142m██[38;2;238;243;247m██[38;2;192;203;216m██[38;2;121;138;156m████[38;2;25;25;25m██[38;2;86;10;51m████████[38;2;205;55;45m████[38;2;253;83;53m████████████████████[38;2;255;161;65m████████[38;2;253;83;53m██[38;2;25;25;25m██[38;2;126;125;121m████████                                
                                    [38;2;137;17;35m██[38;2;255;161;65m██[38;2;253;83;53m██████████████████████████[38;2;121;138;156m████[38;2;86;10;51m██[38;2;253;83;53m████[38;2;205;55;45m██[38;2;255;219;76m██████[38;2;255;161;65m██[38;2;255;255;101m████████████[38;2;25;25;25m██[38;2;121;138;156m██████[38;2;25;25;25m██[38;2;86;10;51m████████[38;2;205;55;45m████[38;2;86;10;51m██[38;2;253;83;53m████████████████[38;2;255;161;65m████████████[38;2;205;55;45m██[38;2;25;25;25m██[38;2;126;125;121m████                                  
                                    [38;2;137;17;35m██[38;2;255;161;65m██[38;2;253;83;53m██████████████████████████[38;2;25;25;25m████[38;2;253;83;53m██████[38;2;205;55;45m██[38;2;255;219;76m██████[38;2;96;118;142m██████[38;2;255;255;101m██████[38;2;205;55;45m██[38;2;253;83;53m██[38;2;25;25;25m██[38;2;121;138;156m██[38;2;25;25;25m██[38;2;86;10;51m██████[38;2;137;17;35m████[38;2;255;161;65m██[38;2;205;55;45m██[38;2;86;10;51m██[38;2;205;55;45m██[38;2;253;83;53m██████████████[38;2;255;161;65m████[38;2;255;219;76m██████[38;2;255;161;65m██[38;2;253;83;53m██[38;2;205;55;45m██[38;2;25;25;25m██                                    
                                  [38;2;137;17;35m██[38;2;255;161;65m██[38;2;253;83;53m████████████████████████████[38;2;25;25;25m██[38;2;253;83;53m██[38;2;96;118;142m██████[38;2;253;83;53m██[38;2;255;219;76m████[38;2;96;118;142m██[38;2;238;243;247m██████[38;2;255;255;101m██[38;2;205;55;45m████[38;2;253;83;53m██████[38;2;25;25;25m██[38;2;86;10;51m████████[38;2;137;17;35m████[38;2;255;161;65m██[38;2;205;55;45m████[38;2;25;25;25m██[38;2;253;83;53m██[38;2;137;17;35m██[38;2;253;83;53m██████████[38;2;255;161;65m██[38;2;255;219;76m██████████[38;2;255;161;65m██[38;2;205;55;45m██[38;2;25;25;25m██                                    
                                ██[38;2;255;161;65m████[38;2;253;83;53m██████████████████████████[38;2;205;55;45m██[38;2;253;83;53m██[38;2;96;118;142m██[38;2;238;243;247m██████[38;2;96;118;142m██[38;2;205;55;45m██[38;2;255;219;76m██[38;2;96;118;142m██[38;2;238;243;247m██████[38;2;137;17;35m██[38;2;253;83;53m████████[38;2;205;55;45m██[38;2;86;10;51m████████[38;2;137;17;35m████████[38;2;255;255;101m██[38;2;205;55;45m████[38;2;25;25;25m██[38;2;137;17;35m██[38;2;253;83;53m██████████[38;2;255;161;65m██[38;2;255;219;76m██████████[38;2;255;161;65m██[38;2;253;83;53m██[38;2;205;55;45m██[38;2;25;25;25m██                                  
                                [38;2;137;17;35m██[38;2;255;161;65m████[38;2;253;83;53m██████████████████[38;2;205;55;45m██████████[38;2;253;83;53m██[38;2;96;118;142m██[38;2;238;243;247m██████[38;2;192;203;216m██[38;2;253;83;53m██[38;2;205;55;45m██[38;2;96;118;142m██[38;2;238;243;247m████[38;2;192;203;216m██[38;2;121;138;156m██[38;2;137;17;35m██[38;2;253;83;53m████[38;2;205;55;45m██[38;2;86;10;51m████████[38;2;137;17;35m██[38;2;86;10;51m██[38;2;137;17;35m████████[38;2;255;255;101m██[38;2;205;55;45m████[38;2;137;17;35m██[38;2;253;83;53m██████████[38;2;255;161;65m██[38;2;255;219;76m██████████[38;2;255;161;65m████[38;2;205;55;45m██[38;2;25;25;25m██                                  
                              [38;2;137;17;35m██[38;2;255;161;65m████[38;2;253;83;53m██████████████████[38;2;205;55;45m████[38;2;25;25;25m██████  ██[38;2;253;83;53m██[38;2;137;17;35m██[38;2;121;138;156m██████[38;2;137;17;35m██[38;2;253;83;53m██[38;2;205;55;45m██[38;2;86;10;51m██[38;2;25;25;25m██[38;2;121;138;156m██[38;2;25;25;25m████[38;2;253;83;53m██████[38;2;25;25;25m██[38;2;86;10;51m██[38;2;137;17;35m████████[38;2;255;161;65m██[38;2;137;17;35m██████████[38;2;255;161;65m██[38;2;25;25;25m██[38;2;253;83;53m██████████[38;2;255;161;65m██[38;2;255;219;76m████████████[38;2;255;161;65m████[38;2;205;55;45m██[38;2;25;25;25m██                                
                              [38;2;137;17;35m██[38;2;255;161;65m████[38;2;253;83;53m██████████████████[38;2;205;55;45m████████[38;2;25;25;25m██  ██[38;2;253;83;53m████[38;2;137;17;35m██[38;2;121;138;156m████[38;2;253;83;53m████[38;2;25;25;25m██[38;2;86;10;51m████[38;2;25;25;25m██[38;2;86;10;51m██[38;2;25;25;25m██[38;2;253;83;53m██████[38;2;25;25;25m██[38;2;137;17;35m██████████[38;2;255;161;65m██[38;2;137;17;35m████████████[38;2;253;83;53m████████████[38;2;255;161;65m████[38;2;255;219;76m██████████[38;2;255;161;65m████[38;2;205;55;45m████[38;2;25;25;25m██                              
                              [38;2;255;161;65m████[38;2;253;83;53m████████████████████[38;2;205;55;45m████████[38;2;25;25;25m██  [38;2;253;83;53m████████[38;2;25;25;25m████[38;2;253;83;53m████[38;2;25;25;25m██[38;2;86;10;51m████████[38;2;25;25;25m██[38;2;253;83;53m████████[38;2;137;17;35m████████████████████████[38;2;253;83;53m████████████[38;2;255;161;65m████[38;2;255;219;76m██████████[38;2;255;161;65m████[38;2;205;55;45m████[38;2;25;25;25m██                              
                            ██[38;2;255;161;65m██[38;2;253;83;53m██████████████████████[38;2;205;55;45m████████[38;2;25;25;25m██  [38;2;253;83;53m██████[38;2;25;25;25m██    [38;2;253;83;53m████[38;2;25;25;25m██[38;2;86;10;51m██████[38;2;137;17;35m██[38;2;25;25;25m██[38;2;253;83;53m████[38;2;205;55;45m████[38;2;25;25;25m██[38;2;137;17;35m██████████[38;2;255;161;65m██[38;2;137;17;35m██████████[38;2;253;83;53m████████████[38;2;255;161;65m██████[38;2;255;219;76m████████[38;2;255;161;65m████[38;2;205;55;45m████[38;2;25;25;25m██                              
                          ██[38;2;255;161;65m████[38;2;253;83;53m██████████████████████[38;2;205;55;45m████████[38;2;25;25;25m██  [38;2;253;83;53m██[38;2;205;55;45m██[38;2;253;83;53m██[38;2;25;25;25m██    [38;2;253;83;53m██████[38;2;25;25;25m██[38;2;137;17;35m██████[38;2;25;25;25m██[38;2;253;83;53m██[38;2;205;55;45m██████[38;2;25;25;25m██[38;2;137;17;35m██████████[38;2;255;161;65m████[38;2;137;17;35m████████[38;2;253;83;53m██████████████[38;2;255;161;65m██████[38;2;255;219;76m████[38;2;255;161;65m████[38;2;253;83;53m████[38;2;205;55;45m████                              
                        [38;2;25;25;25m██[38;2;255;161;65m██████[38;2;253;83;53m██████████████████████[38;2;205;55;45m██████[38;2;25;25;25m██    [38;2;205;55;45m██████[38;2;25;25;25m██  ██[38;2;253;83;53m██████[38;2;25;25;25m██[38;2;137;17;35m████████[38;2;25;25;25m██[38;2;205;55;45m██████[38;2;137;17;35m██████████████[38;2;255;161;65m████[38;2;137;17;35m██████[38;2;205;55;45m██[38;2;253;83;53m██████████████[38;2;255;161;65m████████████[38;2;253;83;53m████[38;2;205;55;45m████                              
                      [38;2;25;25;25m██[38;2;255;161;65m████[38;2;77;93;109m██[38;2;253;83;53m████████████████████[38;2;205;55;45m████████████[38;2;25;25;25m██    ████    ██[38;2;205;55;45m████[38;2;253;83;53m██[38;2;25;25;25m██[38;2;137;17;35m██████████████[38;2;255;161;65m██[38;2;137;17;35m██████████████████[38;2;255;255;101m████[38;2;137;17;35m██[38;2;205;55;45m██[38;2;253;83;53m██████████████████[38;2;255;161;65m████████████████[38;2;205;55;45m██[38;2;25;25;25m██                          
                    ██[38;2;255;161;65m████[38;2;77;93;109m██[38;2;192;203;216m██[38;2;77;93;109m██[38;2;253;83;53m██████████████████[38;2;205;55;45m████████████[38;2;25;25;25m██              [38;2;205;55;45m████[38;2;25;25;25m██[38;2;137;17;35m██████████████████████████████████████[38;2;255;255;101m██[38;2;25;25;25m██[38;2;205;55;45m████[38;2;253;83;53m████[38;2;77;93;109m████[38;2;253;83;53m████████[38;2;255;161;65m██████████████████[38;2;205;55;45m██[38;2;25;25;25m██                        
                    ██[38;2;255;161;65m██[38;2;77;93;109m██[38;2;192;203;216m██[38;2;121;138;156m██[38;2;77;93;109m██[38;2;253;83;53m██████████████████[38;2;205;55;45m████████████[38;2;25;25;25m██              ████[38;2;137;17;35m██[38;2;255;161;65m██[38;2;137;17;35m████████████████[38;2;255;161;65m██[38;2;137;17;35m████████████████████[38;2;25;25;25m██[38;2;205;55;45m██████[38;2;77;93;109m██[38;2;121;138;156m██[38;2;238;243;247m██[38;2;253;83;53m██████[38;2;255;161;65m██████████████████████[38;2;25;25;25m████                      
                    ██[38;2;255;161;65m██[38;2;77;93;109m██[38;2;192;203;216m██[38;2;121;138;156m██[38;2;77;93;109m██[38;2;253;83;53m████████████████[38;2;205;55;45m████████████████[38;2;25;25;25m██            ██[38;2;137;17;35m████[38;2;255;161;65m██[38;2;137;17;35m████████████████[38;2;255;161;65m██[38;2;137;17;35m████████████████████[38;2;25;25;25m██[38;2;205;55;45m████[38;2;77;93;109m██[38;2;121;138;156m████[38;2;192;203;216m██[38;2;77;93;109m██[38;2;253;83;53m██[38;2;255;161;65m████████████████████████[38;2;25;25;25m██[38;2;121;138;156m██[38;2;25;25;25m████                  
                  ██[38;2;77;93;109m████[38;2;238;243;247m████[38;2;121;138;156m██[38;2;77;93;109m████████[38;2;253;83;53m████████[38;2;205;55;45m██████████████████[38;2;25;25;25m██            ██[38;2;137;17;35m████[38;2;255;161;65m██[38;2;86;10;51m██[38;2;137;17;35m████████████████[38;2;255;161;65m██[38;2;137;17;35m██████████████████[38;2;25;25;25m██[38;2;205;55;45m████[38;2;77;93;109m██[38;2;238;243;247m██[38;2;121;138;156m████[38;2;77;93;109m██[38;2;253;83;53m██[38;2;255;161;65m████████████████████████[38;2;25;25;25m██[38;2;121;138;156m██████                  
                  [38;2;77;93;109m██[38;2;238;243;247m██[38;2;77;93;109m██[38;2;238;243;247m████[38;2;121;138;156m██[38;2;77;93;109m██[38;2;192;203;216m████[38;2;121;138;156m██[38;2;77;93;109m████[38;2;205;55;45m██████████████████████[38;2;25;25;25m██            ██[38;2;137;17;35m████[38;2;255;161;65m██[38;2;86;10;51m██[38;2;137;17;35m██████████████████[38;2;255;161;65m██[38;2;137;17;35m██████████████[38;2;25;25;25m██[38;2;205;55;45m████[38;2;77;93;109m██[38;2;121;138;156m██[38;2;238;243;247m██[38;2;121;138;156m████[38;2;77;93;109m██[38;2;253;83;53m██[38;2;255;161;65m██████████████████████[38;2;253;83;53m████[38;2;25;25;25m██[38;2;121;138;156m██[38;2;77;93;109m██[38;2;25;25;25m██                
              ██[38;2;253;83;53m██[38;2;238;243;247m██[38;2;121;138;156m██[38;2;77;93;109m██[38;2;121;138;156m██████[38;2;192;203;216m██████[38;2;121;138;156m██[38;2;77;93;109m██[38;2;253;83;53m██[38;2;77;93;109m██[38;2;121;138;156m██[38;2;77;93;109m████[38;2;205;55;45m████████████[38;2;25;25;25m██              [38;2;137;17;35m██████[38;2;255;161;65m██[38;2;86;10;51m██[38;2;137;17;35m████████████████████[38;2;255;255;101m██[38;2;137;17;35m████████████[38;2;25;25;25m██[38;2;205;55;45m██[38;2;192;203;216m██[38;2;77;93;109m██[38;2;238;243;247m██████[38;2;121;138;156m██[38;2;192;203;216m██[38;2;77;93;109m██[38;2;121;138;156m██████[38;2;77;93;109m██████████[38;2;238;243;247m████[38;2;253;83;53m██████████[38;2;25;25;25m██[38;2;192;203;216m██[38;2;25;25;25m██              
              ██[38;2;253;83;53m██[38;2;238;243;247m██[38;2;121;138;156m██[38;2;77;93;109m██[38;2;121;138;156m████[38;2;77;93;109m██[38;2;192;203;216m████[38;2;121;138;156m██[38;2;77;93;109m██[38;2;253;83;53m████[38;2;77;93;109m██[38;2;121;138;156m██[38;2;192;203;216m████[38;2;77;93;109m████[38;2;205;55;45m████[38;2;77;93;109m██[38;2;25;25;25m██              ██[38;2;137;17;35m████[38;2;255;161;65m██[38;2;86;10;51m██[38;2;137;17;35m██████████████████████[38;2;255;255;101m██[38;2;137;17;35m██████████[38;2;25;25;25m██[38;2;253;83;53m████[38;2;192;203;216m██[38;2;77;93;109m██[38;2;238;243;247m██████[38;2;121;138;156m██[38;2;192;203;216m██[38;2;77;93;109m██[38;2;121;138;156m████████[38;2;192;203;216m██[38;2;238;243;247m██████████[38;2;253;83;53m████[38;2;205;55;45m████[38;2;253;83;53m██[38;2;25;25;25m██[38;2;192;203;216m██[38;2;77;93;109m██[38;2;25;25;25m██            
              ██[38;2;205;55;45m██[38;2;238;243;247m██[38;2;121;138;156m██[38;2;192;203;216m██[38;2;77;93;109m████[38;2;192;203;216m██████[38;2;77;93;109m██[38;2;253;83;53m██████[38;2;77;93;109m██[38;2;121;138;156m██[38;2;192;203;216m████████[38;2;77;93;109m████[38;2;121;138;156m██[38;2;25;25;25m██              ██[38;2;137;17;35m████[38;2;255;161;65m██[38;2;86;10;51m██[38;2;137;17;35m████████████████████████[38;2;255;255;101m██[38;2;137;17;35m██████[38;2;25;25;25m██[38;2;253;83;53m██████[38;2;192;203;216m██[38;2;121;138;156m██[38;2;77;93;109m██[38;2;238;243;247m██[38;2;192;203;216m██[38;2;121;138;156m██[38;2;77;93;109m██[38;2;121;138;156m██████████[38;2;192;203;216m██[38;2;238;243;247m██████████[38;2;77;93;109m██[38;2;205;55;45m████████[38;2;25;25;25m██[38;2;121;138;156m██[38;2;77;93;109m██[38;2;121;138;156m██[38;2;25;25;25m██          
                ██[38;2;121;138;156m██[38;2;192;203;216m██████████████[38;2;77;93;109m██[38;2;253;83;53m██[38;2;205;55;45m████[38;2;77;93;109m██[38;2;121;138;156m██[38;2;192;203;216m██████████[38;2;121;138;156m████[38;2;25;25;25m██              ██[38;2;137;17;35m██[38;2;255;255;101m██[38;2;86;10;51m██[38;2;137;17;35m██████████████████████████[38;2;255;255;101m████[38;2;137;17;35m██[38;2;25;25;25m██[38;2;253;83;53m████████[38;2;192;203;216m██[38;2;121;138;156m██[38;2;77;93;109m██[38;2;238;243;247m██[38;2;121;138;156m████[38;2;77;93;109m██[38;2;121;138;156m████████████[38;2;238;243;247m████████████[38;2;77;93;109m██[38;2;205;55;45m████[38;2;25;25;25m██[38;2;77;93;109m██[38;2;121;138;156m██[38;2;77;93;109m██[38;2;121;138;156m██[38;2;25;25;25m██          
                ██[38;2;121;138;156m██[38;2;192;203;216m██████████████[38;2;77;93;109m██[38;2;205;55;45m██████[38;2;77;93;109m██[38;2;121;138;156m██[38;2;192;203;216m██████████[38;2;121;138;156m██████[38;2;25;25;25m██            ██[38;2;86;10;51m██[38;2;255;255;101m██[38;2;86;10;51m██[38;2;137;17;35m████[38;2;191;45;60m██[38;2;137;17;35m██████████████████████[38;2;255;255;101m██[38;2;25;25;25m██[38;2;253;83;53m████[38;2;205;55;45m████[38;2;253;83;53m██[38;2;192;203;216m██[38;2;121;138;156m██[38;2;238;243;247m██[38;2;77;93;109m██[38;2;121;138;156m██████████████████[38;2;192;203;216m██[38;2;238;243;247m██████████[38;2;121;138;156m██[38;2;77;93;109m████[38;2;25;25;25m██[38;2;192;203;216m██[38;2;77;93;109m██[38;2;121;138;156m██[38;2;77;93;109m██[38;2;25;25;25m██          
                ██[38;2;121;138;156m██[38;2;192;203;216m████████████[38;2;121;138;156m██[38;2;77;93;109m██[38;2;205;55;45m██████[38;2;121;138;156m████[38;2;192;203;216m██████████[38;2;121;138;156m██████[38;2;25;25;25m██            ██[38;2;86;10;51m██[38;2;255;255;101m██[38;2;86;10;51m████[38;2;137;17;35m████████████████████████████[38;2;25;25;25m██[38;2;253;83;53m██[38;2;205;55;45m████████[38;2;192;203;216m██[38;2;121;138;156m██[38;2;238;243;247m████[38;2;77;93;109m████[38;2;121;138;156m██████████████[38;2;192;203;216m██[38;2;238;243;247m██████████[38;2;121;138;156m████[38;2;192;203;216m██[38;2;25;25;25m██[38;2;192;203;216m████[38;2;121;138;156m██[38;2;77;93;109m██[38;2;121;138;156m██[38;2;25;25;25m████      
              ██[38;2;238;243;247m██[38;2;192;203;216m██████████████[38;2;121;138;156m██████████████[38;2;192;203;216m████████████[38;2;121;138;156m████[38;2;25;25;25m██              [38;2;86;10;51m██[38;2;255;161;65m██[38;2;86;10;51m████████████[38;2;137;17;35m██████████████[38;2;86;10;51m██████[38;2;255;161;65m██[38;2;25;25;25m██[38;2;205;55;45m██████[38;2;25;25;25m██[38;2;121;138;156m██[38;2;192;203;216m██[38;2;238;243;247m████████[38;2;121;138;156m████████████████[38;2;238;243;247m██████████[38;2;192;203;216m██[38;2;121;138;156m██[38;2;192;203;216m██[38;2;25;25;25m██[38;2;192;203;216m██████[38;2;121;138;156m██[38;2;77;93;109m██[38;2;192;203;216m██████[38;2;121;138;156m██[38;2;25;25;25m██
              ██[38;2;238;243;247m██[38;2;192;203;216m██████████████[38;2;121;138;156m████████████████[38;2;192;203;216m██████████[38;2;121;138;156m████[38;2;25;25;25m██              [38;2;86;10;51m████[38;2;255;161;65m██[38;2;86;10;51m████████████████████████████████[38;2;255;161;65m██[38;2;25;25;25m████████[38;2;121;138;156m██[38;2;238;243;247m██████████[38;2;121;138;156m████████████████[38;2;192;203;216m██[38;2;238;243;247m████████[38;2;192;203;216m██[38;2;121;138;156m████[38;2;192;203;216m██[38;2;25;25;25m██[38;2;192;203;216m████[38;2;121;138;156m████[38;2;77;93;109m██[38;2;192;203;216m██████[38;2;25;25;25m██
            ██[38;2;238;243;247m██[38;2;121;138;156m██[38;2;192;203;216m████████████[38;2;121;138;156m██████████████████[38;2;192;203;216m██████████[38;2;121;138;156m████[38;2;25;25;25m██              ██[38;2;86;10;51m██[38;2;255;161;65m██[38;2;86;10;51m██████████████████████████████████[38;2;255;161;65m██████[38;2;25;25;25m██[38;2;121;138;156m██[38;2;238;243;247m██████████[38;2;121;138;156m████████████████[38;2;192;203;216m██[38;2;238;243;247m██████████[38;2;121;138;156m████[38;2;192;203;216m██[38;2;25;25;25m██[38;2;192;203;216m██████████[38;2;77;93;109m██[38;2;25;25;25m████  
            ██[38;2;238;243;247m██[38;2;121;138;156m██[38;2;77;93;109m██[38;2;192;203;216m██████████[38;2;121;138;156m██████████████████[38;2;192;203;216m██████████[38;2;121;138;156m████[38;2;25;25;25m██                ██[38;2;86;10;51m██[38;2;255;161;65m██[38;2;86;10;51m██████████████████████████████████[38;2;255;161;65m████[38;2;25;25;25m██[38;2;121;138;156m██[38;2;238;243;247m██████████[38;2;192;203;216m██[38;2;121;138;156m██████████████[38;2;192;203;216m██[38;2;238;243;247m██████████[38;2;121;138;156m██████[38;2;192;203;216m████████████[38;2;25;25;25m██      
            ██[38;2;238;243;247m██[38;2;77;93;109m██[38;2;255;161;65m██[38;2;77;93;109m██[38;2;192;203;216m████████[38;2;77;93;109m██████[38;2;121;138;156m████████████[38;2;192;203;216m██████[38;2;77;93;109m████[38;2;121;138;156m██[38;2;25;25;25m██                    ██[38;2;86;10;51m██[38;2;255;161;65m██[38;2;86;10;51m██████████████████████████████████[38;2;25;25;25m██[38;2;192;203;216m██[38;2;121;138;156m██[38;2;238;243;247m██████████[38;2;192;203;216m██[38;2;121;138;156m████████████████[38;2;238;243;247m████████[38;2;77;93;109m████[38;2;121;138;156m████[38;2;192;203;216m██[38;2;25;25;25m██████████        
              [38;2;137;17;35m██[38;2;255;161;65m██[38;2;255;219;76m████[38;2;77;93;109m████████[38;2;255;219;76m██[38;2;255;161;65m████[38;2;77;93;109m██[38;2;121;138;156m████████[38;2;77;93;109m████████[38;2;255;161;65m████[38;2;137;17;35m██                        [38;2;25;25;25m████[38;2;255;161;65m██[38;2;86;10;51m████████████████████████████████[38;2;25;25;25m██[38;2;192;203;216m██[38;2;121;138;156m██[38;2;238;243;247m██████████[38;2;192;203;216m██[38;2;121;138;156m████████████████[38;2;192;203;216m██[38;2;238;243;247m████[38;2;77;93;109m██[38;2;255;161;65m████[38;2;77;93;109m████[38;2;192;203;216m██                  
            [38;2;137;17;35m██[38;2;255;161;65m████[38;2;255;219;76m████████████████[38;2;255;161;65m████[38;2;77;93;109m████████[38;2;255;161;65m██[38;2;255;219;76m████████[38;2;255;161;65m████[38;2;137;17;35m██[38;2;77;93;109m████[38;2;121;138;156m██                    [38;2;25;25;25m████[38;2;86;10;51m██████████████████████████████[38;2;25;25;25m██[38;2;192;203;216m██[38;2;121;138;156m██[38;2;238;243;247m██████████[38;2;77;93;109m████[38;2;121;138;156m██████████████[38;2;192;203;216m██[38;2;238;243;247m████[38;2;255;219;76m████[38;2;255;161;65m██████[38;2;25;25;25m██                  
  [38;2;77;93;109m██[38;2;192;203;216m████████[38;2;137;17;35m██[38;2;255;161;65m████[38;2;255;219;76m██████████████[38;2;255;161;65m██████████████████[38;2;255;219;76m████[38;2;255;161;65m██████[38;2;137;17;35m██[38;2;121;138;156m████████[38;2;77;93;109m██                            [38;2;25;25;25m████████████████████████[38;2;255;161;65m██[38;2;255;219;76m██[38;2;77;93;109m██████[38;2;255;219;76m██[38;2;255;161;65m██████████[38;2;77;93;109m██[38;2;121;138;156m████████[38;2;77;93;109m████[38;2;255;219;76m██████████[38;2;255;161;65m████                  
[38;2;77;93;109m██[38;2;121;138;156m████████████[38;2;137;17;35m██[38;2;255;161;65m██████[38;2;255;219;76m████████[38;2;255;161;65m██████[38;2;121;138;156m██[38;2;77;93;109m██████████[38;2;255;161;65m████████[38;2;137;17;35m████[38;2;25;25;25m██████████                                                    [38;2;137;17;35m██[38;2;255;161;65m██[38;2;255;219;76m████████████[38;2;255;161;65m██[38;2;255;219;76m██████[38;2;255;161;65m██[38;2;77;93;109m████████[38;2;255;161;65m████[38;2;255;219;76m██████████[38;2;255;161;65m████[38;2;77;93;109m████[38;2;121;138;156m██            
  [38;2;25;25;25m██████████████[38;2;137;17;35m████████[38;2;255;161;65m██████████[38;2;77;93;109m██[38;2;121;138;156m██[38;2;192;203;216m██[38;2;121;138;156m██[38;2;192;203;216m████[38;2;121;138;156m██[38;2;77;93;109m██[38;2;137;17;35m██████                                                            [38;2;77;93;109m██████[38;2;137;17;35m██[38;2;255;161;65m██[38;2;255;219;76m██████████████████████[38;2;255;161;65m████████████[38;2;255;219;76m██████████[38;2;255;161;65m████[38;2;192;203;216m██████[38;2;77;93;109m████        
                        [38;2;137;17;35m██████████[38;2;121;138;156m██[38;2;192;203;216m██[38;2;121;138;156m██[38;2;238;243;247m████[38;2;192;203;216m████[38;2;25;25;25m██                                                                [38;2;77;93;109m██[38;2;238;243;247m██████[38;2;137;17;35m██[38;2;255;161;65m██[38;2;255;219;76m██████████████████████[38;2;255;161;65m██████████████[38;2;255;219;76m████████[38;2;255;161;65m████[38;2;192;203;216m██████████[38;2;77;93;109m██      
                                  [38;2;25;25;25m██████████████                                                                [38;2;77;93;109m██[38;2;238;243;247m██████████[38;2;137;17;35m██[38;2;255;219;76m██████████[38;2;255;161;65m██[38;2;255;219;76m██████████[38;2;255;161;65m██[38;2;77;93;109m██████[38;2;255;161;65m██████[38;2;255;219;76m██████[38;2;255;161;65m████[38;2;137;17;35m██[38;2;121;138;156m████████[38;2;192;203;216m██[38;2;77;93;109m██      
                                                                                                                ██[38;2;121;138;156m████████████[38;2;255;161;65m██████████████[38;2;255;219;76m██████[38;2;255;161;65m██[38;2;77;93;109m██[38;2;192;203;216m██████[38;2;77;93;109m████[38;2;255;161;65m██████████[38;2;137;17;35m████[38;2;25;25;25m██████████        
                                                                                                                                    [38;2;137;17;35m██████████████[38;2;192;203;216m██[38;2;121;138;156m██[38;2;238;243;247m██████[38;2;121;138;156m████[38;2;77;93;109m██[38;2;137;17;35m██                            
                                                                                                                                                  [38;2;25;25;25m████[38;2;121;138;156m████[38;2;238;243;247m██████[38;2;25;25;25m██                              
                                                                                                                                                      ██████████                                
[0m