                                                                                                                              [38;2;34;35;38m████████████████████████████        
                                  [38;2;191;40;128m████                                                                                    [38;2;34;35;38m████[38;2;85;90;94m████[38;2;34;35;38m██[38;2;85;90;94m██████████████████████[38;2;34;35;38m██      
                            ██████[38;2;191;40;128m██[38;2;242;92;177m██[38;2;191;40;128m██[38;2;34;35;38m██████                                                                        ████[38;2;85;90;94m████[38;2;34;35;38m██████[38;2;57;60;66m████████████[38;2;34;35;38m██[38;2;16;16;16m████████        
                      [38;2;34;35;38m██████[38;2;85;90;94m██████[38;2;191;40;128m██[38;2;242;92;177m████[38;2;191;40;128m██[38;2;85;90;94m████[38;2;34;35;38m██████                                                              ████[38;2;85;90;94m████[38;2;34;35;38m██[38;2;57;60;66m████████[38;2;16;16;16m████████████                  
                    [38;2;34;35;38m██[38;2;85;90;94m██████[38;2;57;60;66m██████[38;2;191;40;128m██[38;2;242;92;177m████[38;2;191;40;128m██[38;2;85;90;94m██████████[38;2;34;35;38m██████                                                    ████[38;2;85;90;94m████[38;2;34;35;38m██[38;2;57;60;66m████████[38;2;16;16;16m████                              
                      ████████████[38;2;191;40;128m██[38;2;242;92;177m██████[38;2;191;40;128m██[38;2;57;60;66m██[38;2;85;90;94m████████████[38;2;191;40;128m██[38;2;34;35;38m██                                            ████[38;2;85;90;94m████[38;2;34;35;38m██[38;2;57;60;66m████████[38;2;16;16;16m████                                  
              [38;2;191;40;128m████                ██[38;2;242;92;177m████████[38;2;191;40;128m██[38;2;16;16;16m████[38;2;57;60;66m██[38;2;85;90;94m████[38;2;191;40;128m██[38;2;242;92;177m██[38;2;16;16;16m██[38;2;34;35;38m██                                        ██[38;2;85;90;94m██[38;2;34;35;38m████[38;2;57;60;66m████████[38;2;16;16;16m████                                      
              [38;2;191;40;128m██[38;2;242;92;177m██[38;2;191;40;128m████              ██[38;2;242;92;177m████████[38;2;191;40;128m██  [38;2;16;16;16m████[38;2;57;60;66m██[38;2;191;40;128m██[38;2;242;92;177m██[38;2;16;16;16m██[38;2;85;90;94m██[38;2;34;35;38m██                                    ██[38;2;85;90;94m████[38;2;34;35;38m██[38;2;57;60;66m████████[38;2;16;16;16m██                                          
                [38;2;191;40;128m██[38;2;242;92;177m████[38;2;191;40;128m████          ██[38;2;242;92;177m████████[38;2;191;40;128m██      ██[38;2;242;92;177m████[38;2;16;16;16m██[38;2;85;90;94m████[38;2;34;35;38m██                                ██[38;2;85;90;94m████[38;2;34;35;38m██[38;2;57;60;66m██[38;2;34;35;38m██[38;2;57;60;66m██[38;2;16;16;16m████                                            
                [38;2;191;40;128m██[38;2;242;92;177m████████[38;2;191;40;128m████      ██[38;2;242;92;177m████[38;2;235;235;235m██[38;2;242;92;177m████[38;2;191;40;128m██    ██[38;2;242;92;177m████[38;2;16;16;16m██[38;2;85;90;94m██████[38;2;34;35;38m██                            ██[38;2;85;90;94m████[38;2;34;35;38m██[38;2;57;60;66m██████[38;2;16;16;16m██                                                
                  [38;2;191;40;128m██[38;2;242;92;177m██████████[38;2;191;40;128m████  ██[38;2;242;92;177m████████████[38;2;191;40;128m██  ██[38;2;242;92;177m██████[38;2;16;16;16m██[38;2;85;90;94m██████[38;2;16;16;16m██                        [38;2;34;35;38m██[38;2;85;90;94m████[38;2;34;35;38m██[38;2;57;60;66m██████[38;2;16;16;16m██                  [38;2;34;35;38m██████████████                  
                    [38;2;191;40;128m██[38;2;242;92;177m████████████[38;2;191;40;128m████[38;2;242;92;177m██████████████[38;2;191;40;128m██[38;2;242;92;177m████████[38;2;16;16;16m██[38;2;57;60;66m██[38;2;85;90;94m██████[38;2;16;16;16m██                    [38;2;34;35;38m██[38;2;85;90;94m████[38;2;34;35;38m██[38;2;57;60;66m██████[38;2;16;16;16m██            [38;2;34;35;38m████████[38;2;85;90;94m██████████████[38;2;34;35;38m████              
                    [38;2;191;40;128m██[38;2;242;92;177m██████[38;2;235;235;235m██[38;2;242;92;177m████████[38;2;191;40;128m██[38;2;242;92;177m████████████[38;2;191;40;128m██[38;2;242;92;177m████████[38;2;16;16;16m████[38;2;57;60;66m██[38;2;34;35;38m████[38;2;85;90;94m██[38;2;16;16;16m██                [38;2;34;35;38m██[38;2;85;90;94m████[38;2;34;35;38m██[38;2;57;60;66m██████[38;2;16;16;16m██          [38;2;34;35;38m████[38;2;85;90;94m████████[38;2;57;60;66m████████████[38;2;34;35;38m██[38;2;85;90;94m████[38;2;34;35;38m████          
                      [38;2;191;40;128m██[38;2;242;92;177m██████████████[38;2;191;40;128m██[38;2;242;92;177m████████████[38;2;191;40;128m██[38;2;242;92;177m████[38;2;235;235;235m██[38;2;242;92;177m██[38;2;16;16;16m██[38;2;57;60;66m██[38;2;16;16;16m██[38;2;85;90;94m████[38;2;34;35;38m██[38;2;16;16;16m██                [38;2;34;35;38m████[38;2;57;60;66m████████[38;2;16;16;16m██          [38;2;34;35;38m██[38;2;85;90;94m████[38;2;34;35;38m██[38;2;57;60;66m████████[38;2;34;35;38m██[38;2;16;16;16m██████████[38;2;57;60;66m████[38;2;85;90;94m████[38;2;34;35;38m████      
                        [38;2;191;40;128m██[38;2;242;92;177m██████████████[38;2;191;40;128m██[38;2;242;92;177m████████[38;2;191;40;128m██[38;2;242;92;177m██████████[38;2;16;16;16m██[38;2;57;60;66m██[38;2;16;16;16m██[38;2;57;60;66m██[38;2;85;90;94m████[38;2;57;60;66m██[38;2;16;16;16m████          [38;2;34;35;38m██[38;2;85;90;94m██[38;2;34;35;38m████[38;2;57;60;66m████[38;2;16;16;16m██        [38;2;34;35;38m████[38;2;85;90;94m████[38;2;57;60;66m████[38;2;34;35;38m██[38;2;16;16;16m██████            ████[38;2;34;35;38m██[38;2;57;60;66m██[38;2;85;90;94m████[38;2;34;35;38m████  
                        [38;2;191;40;128m██[38;2;242;92;177m██████████████[38;2;191;40;128m██[38;2;242;92;177m████████[38;2;191;40;128m██[38;2;242;92;177m██████████[38;2;16;16;16m██[38;2;34;35;38m██[38;2;57;60;66m██[38;2;16;16;16m██[38;2;85;90;94m██[38;2;57;60;66m██[38;2;85;90;94m██[38;2;34;35;38m██[38;2;57;60;66m██[38;2;16;16;16m██        [38;2;34;35;38m██[38;2;85;90;94m██[38;2;34;35;38m██[38;2;57;60;66m██[38;2;34;35;38m██[38;2;16;16;16m██        [38;2;34;35;38m██[38;2;85;90;94m████[38;2;57;60;66m████████[38;2;16;16;16m██                        ████[38;2;34;35;38m██[38;2;85;90;94m████[38;2;34;35;38m██
                          [38;2;191;40;128m██[38;2;242;92;177m██████[38;2;235;235;235m██[38;2;242;92;177m██████[38;2;191;40;128m██[38;2;242;92;177m██████[38;2;191;40;128m██[38;2;242;92;177m██[38;2;235;235;235m██[38;2;242;92;177m██████[38;2;16;16;16m██  [38;2;34;35;38m██[38;2;16;16;16m██[38;2;57;60;66m██[38;2;85;90;94m██[38;2;57;60;66m██[38;2;34;35;38m██[38;2;57;60;66m██[38;2;16;16;16m██        [38;2;34;35;38m██[38;2;85;90;94m██[38;2;34;35;38m██[38;2;57;60;66m████[38;2;16;16;16m████    [38;2;34;35;38m██[38;2;85;90;94m████[38;2;57;60;66m██████[38;2;34;35;38m██[38;2;16;16;16m██                                ██████
              [38;2;191;40;128m████████████████[38;2;242;92;177m████████████[38;2;191;40;128m██[38;2;242;92;177m██████[38;2;191;40;128m██[38;2;242;92;177m██████████[38;2;16;16;16m██    ██[38;2;57;60;66m████████[38;2;34;35;38m██[38;2;57;60;66m██[38;2;16;16;16m████  [38;2;34;35;38m██[38;2;85;90;94m████[38;2;57;60;66m██████[38;2;16;16;16m██[38;2;242;92;177m██[38;2;16;16;16m████[38;2;85;90;94m██[38;2;57;60;66m████████[38;2;16;16;16m██                                          
      [38;2;191;40;128m████████[38;2;242;92;177m████████████████[38;2;191;40;128m██[38;2;242;92;177m████[38;2;71;81;148m██████████[38;2;191;40;128m██[38;2;242;92;177m██[38;2;191;40;128m██[38;2;242;92;177m████████[38;2;191;40;128m██████████████[38;2;57;60;66m████[38;2;34;35;38m██[38;2;57;60;66m██[38;2;34;35;38m██[38;2;57;60;66m██[38;2;16;16;16m██[38;2;34;35;38m██[38;2;85;90;94m██[38;2;34;35;38m██[38;2;57;60;66m██████[38;2;16;16;16m██[38;2;242;92;177m██████[38;2;16;16;16m████[38;2;57;60;66m████[38;2;16;16;16m██    ██                                      
    [38;2;191;40;128m██[38;2;242;92;177m████████████████████[38;2;235;235;235m██[38;2;242;92;177m████[38;2;71;81;148m████[38;2;111;139;209m██[38;2;156;182;247m██[38;2;111;139;209m██[38;2;71;81;148m██████████[38;2;242;92;177m██████[38;2;191;40;128m██[38;2;242;92;177m██████[38;2;235;235;235m██[38;2;242;92;177m████[38;2;16;16;16m██[38;2;34;35;38m██[38;2;57;60;66m██[38;2;34;35;38m██[38;2;57;60;66m████[38;2;34;35;38m██[38;2;57;60;66m██[38;2;34;35;38m██[38;2;85;90;94m██[38;2;34;35;38m██[38;2;57;60;66m████[38;2;16;16;16m██  ██[38;2;242;92;177m██[38;2;235;235;235m██[38;2;242;92;177m██[38;2;191;40;128m██[38;2;16;16;16m██[38;2;34;35;38m██    [38;2;16;16;16m██[38;2;242;92;177m██[38;2;16;16;16m██[38;2;34;35;38m██████████                          
      [38;2;16;16;16m██[38;2;191;40;128m██[38;2;242;92;177m████████████████████[38;2;71;81;148m██[38;2;156;182;247m██[38;2;111;139;209m██[38;2;156;182;247m██[38;2;111;139;209m██[38;2;71;81;148m██[38;2;111;139;209m██[38;2;156;182;247m██[38;2;111;139;209m██[38;2;156;182;247m██[38;2;111;139;209m██[38;2;71;81;148m██[38;2;242;92;177m██[38;2;191;40;128m██[38;2;242;92;177m████████████[38;2;16;16;16m██[38;2;57;60;66m████[38;2;34;35;38m████[38;2;57;60;66m████[38;2;34;35;38m██[38;2;57;60;66m██[38;2;34;35;38m██[38;2;85;90;94m██[38;2;34;35;38m██[38;2;57;60;66m████[38;2;16;16;16m██  ██[38;2;242;92;177m████████[38;2;191;40;128m██[38;2;16;16;16m██  ██[38;2;242;92;177m████[38;2;16;16;16m██[38;2;57;60;66m██████████[38;2;34;35;38m████                      
          [38;2;16;16;16m██[38;2;191;40;128m██[38;2;242;92;177m████[38;2;235;235;235m██[38;2;242;92;177m████████[38;2;71;81;148m██[38;2;156;182;247m██[38;2;111;139;209m██[38;2;156;182;247m██[38;2;111;139;209m██[38;2;71;81;148m██[38;2;111;139;209m██[38;2;156;182;247m██[38;2;71;81;148m████[38;2;111;139;209m██[38;2;156;182;247m██[38;2;111;139;209m██[38;2;71;81;148m██[38;2;242;92;177m████████████[38;2;16;16;16m████[38;2;57;60;66m████████[38;2;34;35;38m██[38;2;57;60;66m██[38;2;191;40;128m██████[38;2;85;90;94m██[38;2;34;35;38m██[38;2;57;60;66m████[38;2;16;16;16m██[38;2;34;35;38m██[38;2;57;60;66m██[38;2;16;16;16m██[38;2;242;92;177m████████[38;2;191;40;128m██[38;2;16;16;16m██[38;2;191;40;128m██[38;2;242;92;177m████[38;2;191;40;128m██[38;2;16;16;16m██[38;2;57;60;66m████████[38;2;34;35;38m██[38;2;57;60;66m██[38;2;34;35;38m████                  
              [38;2;16;16;16m████[38;2;242;92;177m██████████[38;2;71;81;148m██[38;2;111;139;209m██[38;2;156;182;247m██[38;2;111;139;209m██[38;2;71;81;148m██[38;2;111;139;209m██[38;2;156;182;247m██[38;2;79;74;73m██████[38;2;71;81;148m██[38;2;111;139;209m██[38;2;156;182;247m██[38;2;71;81;148m██[38;2;242;92;177m██[38;2;235;235;235m██[38;2;242;92;177m██████[38;2;16;16;16m██[38;2;79;74;73m██[38;2;16;16;16m██[38;2;57;60;66m██[38;2;16;16;16m████[38;2;57;60;66m████[38;2;16;16;16m██[38;2;242;92;177m██████[38;2;191;40;128m████████[38;2;16;16;16m██[38;2;57;60;66m████[38;2;16;16;16m██[38;2;242;92;177m██[38;2;191;40;128m██████████[38;2;242;92;177m██████[38;2;191;40;128m██[38;2;16;16;16m██████████[38;2;57;60;66m████████[38;2;34;35;38m████              
                  [38;2;16;16;16m████[38;2;242;92;177m████[38;2;71;81;148m██[38;2;111;139;209m██[38;2;156;182;247m██[38;2;111;139;209m██[38;2;156;182;247m██[38;2;71;81;148m██[38;2;156;182;247m██[38;2;71;81;148m██[38;2;79;74;73m████████[38;2;156;182;247m██[38;2;111;139;209m██[38;2;156;182;247m██[38;2;71;81;148m██[38;2;242;92;177m██████[38;2;16;16;16m██[38;2;79;74;73m████[38;2;54;47;46m██[38;2;16;16;16m██[38;2;79;74;73m██[38;2;16;16;16m██[38;2;57;60;66m████[38;2;34;35;38m██[38;2;16;16;16m██[38;2;242;92;177m██████[38;2;235;235;235m██[38;2;242;92;177m████[38;2;191;40;128m██████████[38;2;235;235;235m██[38;2;242;92;177m████████[38;2;191;40;128m████[38;2;242;92;177m████[38;2;16;16;16m██[38;2;34;35;38m██      [38;2;16;16;16m████[38;2;57;60;66m████████[38;2;34;35;38m██            
                      [38;2;191;40;128m████[38;2;71;81;148m██[38;2;156;182;247m██[38;2;111;139;209m██[38;2;156;182;247m██[38;2;71;81;148m██[38;2;156;182;247m██[38;2;111;139;209m██[38;2;79;74;73m██[38;2;191;40;128m██[38;2;242;92;177m██[38;2;79;74;73m██[38;2;71;81;148m██[38;2;111;139;209m██[38;2;156;182;247m██[38;2;111;139;209m██[38;2;71;81;148m██[38;2;242;92;177m████[38;2;16;16;16m████████[38;2;54;47;46m██[38;2;79;74;73m████[38;2;16;16;16m██[38;2;57;60;66m██[38;2;34;35;38m██[38;2;57;60;66m████[38;2;16;16;16m██[38;2;191;40;128m██[38;2;242;92;177m████████████[38;2;191;40;128m██[38;2;242;92;177m████[38;2;71;81;148m████████[38;2;242;92;177m████[38;2;235;235;235m██[38;2;191;40;128m██[38;2;242;92;177m██[38;2;191;40;128m██[38;2;57;60;66m██[38;2;34;35;38m██        [38;2;16;16;16m████[38;2;57;60;66m████[38;2;34;35;38m████          
                    [38;2;191;40;128m██[38;2;242;92;177m████[38;2;71;81;148m██[38;2;111;139;209m██[38;2;156;182;247m██[38;2;111;139;209m██[38;2;71;81;148m██[38;2;111;139;209m██[38;2;156;182;247m██[38;2;79;74;73m██[38;2;242;92;177m████[38;2;79;74;73m██[38;2;111;139;209m██[38;2;156;182;247m██[38;2;111;139;209m██[38;2;156;182;247m██[38;2;71;81;148m██[38;2;191;40;128m████[38;2;16;16;16m██      ██[38;2;79;74;73m██[38;2;54;47;46m██[38;2;79;74;73m██[38;2;16;16;16m██[38;2;85;90;94m████[38;2;57;60;66m██████[38;2;16;16;16m██[38;2;242;92;177m████[38;2;235;235;235m██[38;2;242;92;177m██[38;2;191;40;128m██[38;2;242;92;177m██[38;2;71;81;148m████[38;2;156;182;247m██[38;2;111;139;209m██[38;2;156;182;247m██[38;2;111;139;209m██[38;2;71;81;148m████[38;2;242;92;177m████[38;2;191;40;128m████[38;2;57;60;66m████[38;2;34;35;38m██          [38;2;16;16;16m██[38;2;34;35;38m██[38;2;57;60;66m██[38;2;85;90;94m██[38;2;34;35;38m██        
                [38;2;191;40;128m████[38;2;242;92;177m████████[38;2;71;81;148m██[38;2;111;139;209m██[38;2;156;182;247m██[38;2;111;139;209m██[38;2;156;182;247m██[38;2;111;139;209m██[38;2;79;74;73m██████[38;2;111;139;209m██[38;2;156;182;247m██[38;2;111;139;209m██[38;2;156;182;247m██[38;2;111;139;209m██[38;2;16;16;16m██[38;2;242;92;177m████[38;2;191;40;128m██[38;2;16;16;16m██  [38;2;34;35;38m██[38;2;85;90;94m██[38;2;16;16;16m██[38;2;54;47;46m██[38;2;79;74;73m██[38;2;16;16;16m██[38;2;85;90;94m██████[38;2;34;35;38m████[38;2;57;60;66m██[38;2;16;16;16m██[38;2;191;40;128m██[38;2;242;92;177m████[38;2;191;40;128m██[38;2;71;81;148m██[38;2;111;139;209m██[38;2;156;182;247m██[38;2;111;139;209m██[38;2;156;182;247m██[38;2;111;139;209m██[38;2;156;182;247m██[38;2;111;139;209m██[38;2;156;182;247m██[38;2;71;81;148m██[38;2;242;92;177m████[38;2;191;40;128m████████            [38;2;16;16;16m████[38;2;57;60;66m██[38;2;85;90;94m██[38;2;34;35;38m██      
              [38;2;191;40;128m██[38;2;242;92;177m████████████[38;2;71;81;148m██[38;2;156;182;247m██[38;2;111;139;209m██[38;2;156;182;247m██[38;2;111;139;209m██[38;2;156;182;247m██[38;2;111;139;209m██[38;2;156;182;247m██[38;2;111;139;209m██[38;2;156;182;247m██[38;2;16;16;16m████[38;2;111;139;209m██[38;2;156;182;247m██[38;2;16;16;16m██[38;2;242;92;177m██████[38;2;16;16;16m██[38;2;34;35;38m████[38;2;85;90;94m██[38;2;16;16;16m██[38;2;79;74;73m██[38;2;16;16;16m██[38;2;85;90;94m████[38;2;34;35;38m████[38;2;57;60;66m██████████[38;2;16;16;16m██[38;2;191;40;128m██[38;2;71;81;148m██[38;2;111;139;209m██[38;2;156;182;247m██[38;2;235;235;235m██[38;2;156;182;247m██[38;2;111;139;209m██[38;2;156;182;247m██[38;2;79;74;73m████[38;2;111;139;209m██[38;2;156;182;247m██[38;2;71;81;148m██[38;2;242;92;177m██[38;2;191;40;128m██[38;2;242;92;177m██████[38;2;191;40;128m████            [38;2;16;16;16m██[38;2;57;60;66m██[38;2;85;90;94m██[38;2;34;35;38m██    
          [38;2;191;40;128m████[38;2;242;92;177m██████[38;2;235;235;235m██[38;2;242;92;177m████[38;2;71;81;148m██[38;2;156;182;247m██[38;2;235;235;235m██[38;2;156;182;247m██[38;2;111;139;209m██[38;2;156;182;247m██[38;2;111;139;209m██[38;2;156;182;247m██[38;2;111;139;209m██[38;2;16;16;16m████[38;2;42;49;94m████[38;2;16;16;16m████[38;2;242;92;177m██████████[38;2;16;16;16m██[38;2;85;90;94m██[38;2;57;60;66m██[38;2;85;90;94m██[38;2;16;16;16m██[38;2;85;90;94m████[38;2;57;60;66m██[38;2;85;90;94m████[38;2;57;60;66m████[38;2;191;40;128m██████[38;2;242;92;177m██[38;2;191;40;128m██[38;2;71;81;148m██[38;2;156;182;247m██[38;2;235;235;235m██[38;2;156;182;247m██[38;2;111;139;209m██[38;2;156;182;247m██[38;2;71;81;148m██[38;2;79;74;73m██████[38;2;111;139;209m██[38;2;71;81;148m██[38;2;242;92;177m████[38;2;191;40;128m██[38;2;242;92;177m████████[38;2;16;16;16m██            ██[38;2;34;35;38m██[38;2;85;90;94m██[38;2;34;35;38m██  
        [38;2;191;40;128m██[38;2;242;92;177m██████████████[38;2;71;81;148m██[38;2;156;182;247m██[38;2;235;235;235m██[38;2;156;182;247m██[38;2;111;139;209m██[38;2;156;182;247m██[38;2;111;139;209m██[38;2;156;182;247m██[38;2;111;139;209m██[38;2;16;16;16m██[38;2;51;81;135m██[38;2;42;49;94m██████[38;2;70;122;178m██[38;2;16;16;16m██[38;2;242;92;177m██████[38;2;235;235;235m██[38;2;242;92;177m████[38;2;16;16;16m██[38;2;57;60;66m██[38;2;85;90;94m██████[38;2;57;60;66m██[38;2;85;90;94m██[38;2;191;40;128m████████[38;2;242;92;177m████████[38;2;71;81;148m██[38;2;156;182;247m██[38;2;111;139;209m██[38;2;156;182;247m██[38;2;111;139;209m██[38;2;156;182;247m██[38;2;111;139;209m██[38;2;79;74;73m██████[38;2;71;81;148m██[38;2;156;182;247m██[38;2;111;139;209m██[38;2;71;81;148m██[38;2;242;92;177m██[38;2;191;40;128m██[38;2;235;235;235m██[38;2;242;92;177m████[38;2;16;16;16m██                  ██[38;2;85;90;94m██[38;2;34;35;38m██
          [38;2;16;16;16m██████████████[38;2;71;81;148m██[38;2;111;139;209m██[38;2;156;182;247m██[38;2;111;139;209m██[38;2;156;182;247m██[38;2;111;139;209m██[38;2;156;182;247m██[38;2;111;139;209m██[38;2;16;16;16m██[38;2;51;81;135m██[38;2;42;49;94m██[38;2;51;81;135m██[38;2;42;49;94m████[38;2;70;122;178m██[38;2;16;16;16m██████[38;2;242;92;177m████[38;2;16;16;16m████[38;2;85;90;94m████████████[38;2;191;40;128m██[38;2;242;92;177m██████████[38;2;235;235;235m██[38;2;242;92;177m████[38;2;71;81;148m██[38;2;111;139;209m██[38;2;156;182;247m██[38;2;111;139;209m██[38;2;156;182;247m██[38;2;111;139;209m██[38;2;156;182;247m██[38;2;111;139;209m██[38;2;156;182;247m██[38;2;111;139;209m██[38;2;156;182;247m██[38;2;111;139;209m██[38;2;156;182;247m██[38;2;71;81;148m██[38;2;242;92;177m██[38;2;191;40;128m██[38;2;242;92;177m██[38;2;16;16;16m████                      ████
                        [38;2;71;81;148m██[38;2;156;182;247m██[38;2;111;139;209m██[38;2;156;182;247m██[38;2;111;139;209m██[38;2;156;182;247m██[38;2;111;139;209m██[38;2;16;16;16m██[38;2;51;81;135m██████[38;2;42;49;94m████[38;2;70;122;178m██[38;2;16;16;16m██      ████[38;2;85;90;94m██████████████████[38;2;16;16;16m██████[38;2;242;92;177m██████████[38;2;71;81;148m██[38;2;156;182;247m██[38;2;111;139;209m██[38;2;156;182;247m██[38;2;111;139;209m██[38;2;156;182;247m██[38;2;111;139;209m██[38;2;156;182;247m██[38;2;111;139;209m██[38;2;16;16;16m████[38;2;156;182;247m██[38;2;111;139;209m██[38;2;71;81;148m██[38;2;242;92;177m██[38;2;191;40;128m██[38;2;16;16;16m██                              
          [38;2;191;40;128m████            [38;2;71;81;148m██[38;2;156;182;247m██[38;2;16;16;16m██████[38;2;156;182;247m██[38;2;16;16;16m██[38;2;51;81;135m████[38;2;42;49;94m██[38;2;70;122;178m██████[38;2;16;16;16m██      [38;2;34;35;38m██[38;2;85;90;94m██████████████████████████[38;2;16;16;16m████████[38;2;242;92;177m██[38;2;71;81;148m██[38;2;111;139;209m██[38;2;156;182;247m██[38;2;111;139;209m██[38;2;156;182;247m██[38;2;16;16;16m██████[38;2;42;49;94m██████[38;2;16;16;16m████[38;2;242;92;177m██[38;2;191;40;128m██[38;2;242;92;177m██[38;2;191;40;128m██                              
        [38;2;16;16;16m██[38;2;242;92;177m████[38;2;191;40;128m██[38;2;34;35;38m████        [38;2;16;16;16m████    ████[38;2;42;49;94m██[38;2;51;81;135m████[38;2;42;49;94m██[38;2;70;122;178m██[38;2;16;16;16m██        [38;2;34;35;38m██[38;2;85;90;94m██████████████████████████████[38;2;57;60;66m████[38;2;191;40;128m██[38;2;242;92;177m██[38;2;16;16;16m████████[38;2;42;49;94m██[38;2;51;81;135m██[38;2;42;49;94m██[38;2;51;81;135m██[38;2;42;49;94m████[38;2;70;122;178m██[38;2;16;16;16m██[38;2;242;92;177m██[38;2;191;40;128m██[38;2;242;92;177m████[38;2;191;40;128m██                            
          [38;2;16;16;16m██[38;2;242;92;177m██████[38;2;191;40;128m██[38;2;34;35;38m████              [38;2;42;49;94m██[38;2;70;122;178m████████[38;2;16;16;16m██        [38;2;34;35;38m██[38;2;85;90;94m██████[38;2;34;35;38m██[38;2;85;90;94m████████████[38;2;16;16;16m██[38;2;85;90;94m████████████[38;2;191;40;128m██[38;2;242;92;177m██[38;2;235;235;235m██[38;2;242;92;177m██[38;2;191;40;128m██[38;2;242;92;177m██[38;2;16;16;16m██[38;2;42;49;94m██[38;2;51;81;135m████[38;2;42;49;94m██[38;2;51;81;135m██[38;2;42;49;94m██[38;2;70;122;178m██[38;2;16;16;16m██[38;2;191;40;128m██[38;2;242;92;177m██[38;2;235;235;235m██[38;2;242;92;177m██[38;2;191;40;128m██                            
            [38;2;16;16;16m██[38;2;242;92;177m██[38;2;235;235;235m██[38;2;242;92;177m████[38;2;191;40;128m██[38;2;34;35;38m████            [38;2;16;16;16m████████          [38;2;34;35;38m██[38;2;85;90;94m████[38;2;16;16;16m██[38;2;34;35;38m██[38;2;85;90;94m██████████[38;2;16;16;16m██[38;2;79;74;73m██[38;2;16;16;16m██[38;2;85;90;94m████████[38;2;191;40;128m██[38;2;242;92;177m██████████[38;2;16;16;16m████[38;2;42;49;94m██[38;2;51;81;135m██████[38;2;42;49;94m██[38;2;70;122;178m██[38;2;16;16;16m██[38;2;242;92;177m██[38;2;16;16;16m████[38;2;242;92;177m██████[38;2;191;40;128m██                          
              [38;2;16;16;16m██[38;2;242;92;177m██████[38;2;235;235;235m██[38;2;242;92;177m██[38;2;191;40;128m██[38;2;34;35;38m████                          ██[38;2;85;90;94m██[38;2;16;16;16m██  [38;2;34;35;38m██[38;2;85;90;94m██████████[38;2;16;16;16m██[38;2;79;74;73m████[38;2;16;16;16m██[38;2;85;90;94m████[38;2;191;40;128m██[38;2;242;92;177m██████[38;2;16;16;16m██████[38;2;51;81;135m██[38;2;16;16;16m██[38;2;70;122;178m██[38;2;51;81;135m████[38;2;42;49;94m██[38;2;70;122;178m████[38;2;16;16;16m████    ████████                          
  [38;2;191;40;128m██████████████[38;2;16;16;16m██[38;2;242;92;177m██████[38;2;34;35;38m████████████████                  ██[38;2;16;16;16m████  [38;2;34;35;38m██[38;2;85;90;94m████████[38;2;16;16;16m██[38;2;79;74;73m████████[38;2;16;16;16m██[38;2;85;90;94m████[38;2;16;16;16m██████[38;2;242;92;177m████[38;2;191;40;128m██[38;2;51;81;135m████[38;2;70;122;178m██[38;2;42;49;94m████[38;2;70;122;178m████[38;2;16;16;16m██                                          
[38;2;191;40;128m██[38;2;242;92;177m██████████[38;2;235;235;235m██[38;2;242;92;177m████[38;2;191;40;128m██[38;2;242;92;177m██[38;2;34;35;38m██[38;2;85;90;94m████████████████[38;2;34;35;38m████            ██[38;2;85;90;94m████[38;2;16;16;16m██    [38;2;34;35;38m██[38;2;85;90;94m██████[38;2;16;16;16m██[38;2;79;74;73m██████████[38;2;16;16;16m████[38;2;85;90;94m████[38;2;16;16;16m██[38;2;242;92;177m████[38;2;191;40;128m██[38;2;51;81;135m████[38;2;16;16;16m██[38;2;70;122;178m████[38;2;16;16;16m████[38;2;42;49;94m████                                        
  [38;2;16;16;16m██████[38;2;242;92;177m████████████[38;2;191;40;128m██[38;2;242;92;177m██[38;2;16;16;16m████[38;2;85;90;94m██████████████[38;2;57;60;66m██[38;2;34;35;38m████  ██████[38;2;85;90;94m████[38;2;16;16;16m██      [38;2;34;35;38m██[38;2;85;90;94m████[38;2;16;16;16m██[38;2;191;40;128m██[38;2;54;47;46m██[38;2;79;74;73m████████[38;2;54;47;46m██[38;2;79;74;73m██[38;2;16;16;16m██████[38;2;191;40;128m██████[38;2;51;81;135m██████[38;2;16;16;16m████[38;2;54;47;46m██[38;2;42;49;94m██[38;2;51;81;135m████[38;2;42;49;94m██                                      
        [38;2;16;16;16m██████[38;2;242;92;177m████[38;2;191;40;128m██[38;2;242;92;177m██[38;2;71;81;148m████[38;2;111;139;209m██[38;2;16;16;16m████[38;2;85;90;94m██████████[38;2;57;60;66m██████[38;2;34;35;38m██[38;2;85;90;94m████[38;2;54;47;46m████[38;2;57;60;66m██[38;2;16;16;16m██      [38;2;34;35;38m██[38;2;85;90;94m██[38;2;16;16;16m██[38;2;242;92;177m██[38;2;191;40;128m██[38;2;79;74;73m██[38;2;54;47;46m██[38;2;79;74;73m██████[38;2;54;47;46m██[38;2;79;74;73m████[38;2;191;40;128m██[38;2;242;92;177m██[38;2;235;235;235m██[38;2;242;92;177m████[38;2;191;40;128m██[38;2;51;81;135m██████[38;2;16;16;16m██[38;2;54;47;46m██[38;2;42;49;94m██[38;2;51;81;135m██████[38;2;42;49;94m██                                    
              [38;2;16;16;16m████[38;2;191;40;128m██[38;2;71;81;148m██[38;2;156;182;247m██[38;2;111;139;209m██[38;2;156;182;247m██[38;2;111;139;209m██[38;2;156;182;247m██[38;2;16;16;16m████████████[38;2;34;35;38m██[38;2;57;60;66m████[38;2;34;35;38m██[38;2;85;90;94m████[38;2;54;47;46m██[38;2;16;16;16m██          ██[38;2;242;92;177m████[38;2;191;40;128m██[38;2;79;74;73m██[38;2;54;47;46m██[38;2;79;74;73m██████[38;2;54;47;46m██[38;2;79;74;73m████[38;2;191;40;128m██[38;2;242;92;177m████████[38;2;191;40;128m██[38;2;51;81;135m████████[38;2;16;16;16m██[38;2;42;49;94m██[38;2;51;81;135m████████[38;2;42;49;94m██                                  
                  [38;2;71;81;148m██[38;2;156;182;247m██[38;2;235;235;235m██[38;2;156;182;247m██[38;2;71;81;148m██[38;2;79;74;73m██[38;2;71;81;148m██[38;2;156;182;247m██[38;2;111;139;209m██[38;2;34;35;38m████[38;2;85;90;94m████[38;2;57;60;66m██████[38;2;34;35;38m██[38;2;57;60;66m████[38;2;16;16;16m██              [38;2;191;40;128m██████[38;2;79;74;73m████[38;2;54;47;46m██[38;2;79;74;73m██████[38;2;54;47;46m██[38;2;79;74;73m████[38;2;191;40;128m██[38;2;242;92;177m████████[38;2;191;40;128m██[38;2;51;81;135m████████[38;2;16;16;16m██[38;2;51;81;135m████████[38;2;42;49;94m██                                  
              [38;2;191;40;128m██[38;2;71;81;148m██[38;2;156;182;247m██[38;2;235;235;235m██[38;2;156;182;247m██[38;2;71;81;148m██[38;2;79;74;73m██████[38;2;34;35;38m████[38;2;85;90;94m████████[38;2;57;60;66m██[38;2;34;35;38m██[38;2;57;60;66m██[38;2;34;35;38m██[38;2;57;60;66m██[38;2;16;16;16m██                ██[38;2;242;92;177m██[38;2;235;235;235m██[38;2;191;40;128m██[38;2;79;74;73m██[38;2;54;47;46m██[38;2;79;74;73m██████[38;2;54;47;46m██[38;2;79;74;73m████[38;2;191;40;128m████████[38;2;235;235;235m██[38;2;242;92;177m██[38;2;191;40;128m██[38;2;51;81;135m██████[38;2;16;16;16m██[38;2;51;81;135m██████████[38;2;42;49;94m██                                
          [38;2;191;40;128m████[38;2;242;92;177m██[38;2;71;81;148m██[38;2;111;139;209m██[38;2;156;182;247m██[38;2;111;139;209m██[38;2;79;74;73m██████[38;2;34;35;38m██[38;2;85;90;94m██████████[38;2;57;60;66m██[38;2;16;16;16m██[38;2;57;60;66m████[38;2;16;16;16m████                    ██[38;2;242;92;177m████[38;2;54;47;46m██[38;2;79;74;73m██[38;2;54;47;46m██[38;2;79;74;73m██████[38;2;16;16;16m██[38;2;79;74;73m████[38;2;191;40;128m██[38;2;242;92;177m██████████[38;2;191;40;128m██[38;2;51;81;135m████[38;2;16;16;16m██[38;2;51;81;135m██████████[38;2;42;49;94m██                                
      [38;2;191;40;128m████[38;2;235;235;235m██[38;2;242;92;177m██[38;2;71;81;148m██[38;2;111;139;209m██[38;2;156;182;247m██[38;2;111;139;209m██[38;2;156;182;247m██[38;2;111;139;209m██[38;2;156;182;247m██[38;2;111;139;209m██[38;2;156;182;247m██[38;2;16;16;16m████████████[38;2;57;60;66m████[38;2;16;16;16m██                        [38;2;42;49;94m██[38;2;16;16;16m██[38;2;191;40;128m████[38;2;54;47;46m██[38;2;16;16;16m██[38;2;79;74;73m████████[38;2;16;16;16m██[38;2;54;47;46m████[38;2;191;40;128m██[38;2;242;92;177m██████[38;2;191;40;128m██████[38;2;16;16;16m██  [38;2;42;49;94m██[38;2;51;81;135m████████[38;2;70;122;178m██[38;2;42;49;94m██                              
    [38;2;191;40;128m██[38;2;242;92;177m████████[38;2;71;81;148m██[38;2;156;182;247m██[38;2;111;139;209m██[38;2;156;182;247m██[38;2;111;139;209m██[38;2;156;182;247m██[38;2;16;16;16m██████[38;2;156;182;247m██[38;2;111;139;209m██[38;2;156;182;247m██[38;2;34;35;38m██[38;2;85;90;94m██████[38;2;57;60;66m██[38;2;16;16;16m██                        [38;2;42;49;94m██[38;2;51;81;135m██[38;2;16;16;16m██[38;2;242;92;177m██[38;2;191;40;128m██[38;2;54;47;46m██[38;2;16;16;16m██[38;2;54;47;46m████████[38;2;16;16;16m████[38;2;54;47;46m████[38;2;191;40;128m██[38;2;235;235;235m██[38;2;242;92;177m████[38;2;16;16;16m██[38;2;42;49;94m██  [38;2;16;16;16m██[38;2;51;81;135m██████[38;2;70;122;178m████[38;2;42;49;94m██                              
      [38;2;16;16;16m████████[38;2;71;81;148m██[38;2;111;139;209m██[38;2;156;182;247m██[38;2;16;16;16m██████[38;2;42;49;94m██████[38;2;16;16;16m██[38;2;156;182;247m██[38;2;111;139;209m██[38;2;34;35;38m██[38;2;85;90;94m██████[38;2;16;16;16m██                        [38;2;42;49;94m██[38;2;51;81;135m████[38;2;42;49;94m██[38;2;16;16;16m████[38;2;191;40;128m██[38;2;16;16;16m██[38;2;54;47;46m████████████[38;2;16;16;16m████[38;2;54;47;46m████[38;2;16;16;16m████[38;2;51;81;135m██[38;2;42;49;94m██  [38;2;16;16;16m██[38;2;70;122;178m██████████[38;2;42;49;94m██                              
              [38;2;16;16;16m██████[38;2;191;40;128m██[38;2;242;92;177m██[38;2;42;49;94m██[38;2;51;81;135m██[38;2;42;49;94m██████[38;2;16;16;16m██[38;2;34;35;38m██[38;2;85;90;94m██████[38;2;57;60;66m██[38;2;16;16;16m██                        [38;2;42;49;94m██[38;2;51;81;135m██[38;2;42;49;94m██[38;2;51;81;135m██████[38;2;16;16;16m████[38;2;54;47;46m████████████████[38;2;16;16;16m████[38;2;191;40;128m██[38;2;51;81;135m████[38;2;42;49;94m██    ██[38;2;70;122;178m████████[38;2;42;49;94m██                              
                  [38;2;191;40;128m██[38;2;242;92;177m██[38;2;42;49;94m██[38;2;51;81;135m██████[38;2;42;49;94m████[38;2;70;122;178m██[38;2;34;35;38m██[38;2;85;90;94m████[38;2;16;16;16m████                          [38;2;42;49;94m██[38;2;51;81;135m██[38;2;42;49;94m██[38;2;51;81;135m██████████[38;2;16;16;16m████████████████[38;2;242;92;177m████[38;2;191;40;128m██[38;2;51;81;135m████[38;2;42;49;94m██    [38;2;16;16;16m██[38;2;70;122;178m████[38;2;51;81;135m██[38;2;70;122;178m██[38;2;16;16;16m██                              
                [38;2;191;40;128m██[38;2;242;92;177m██[38;2;235;235;235m██[38;2;42;49;94m██[38;2;51;81;135m██[38;2;42;49;94m████[38;2;70;122;178m████[38;2;34;35;38m██[38;2;85;90;94m██[38;2;16;16;16m████                              [38;2;42;49;94m██[38;2;51;81;135m██[38;2;42;49;94m██[38;2;51;81;135m██████████[38;2;42;49;94m██      [38;2;16;16;16m██[38;2;51;81;135m██[38;2;191;40;128m██[38;2;242;92;177m████[38;2;235;235;235m██[38;2;191;40;128m██[38;2;51;81;135m████[38;2;42;49;94m██    [38;2;16;16;16m██[38;2;70;122;178m████[38;2;42;49;94m██[38;2;70;122;178m██[38;2;16;16;16m██                              
              [38;2;191;40;128m██[38;2;242;92;177m████[38;2;16;16;16m████[38;2;70;122;178m████████[38;2;16;16;16m██████                                  [38;2;42;49;94m██[38;2;51;81;135m██[38;2;42;49;94m██[38;2;51;81;135m██████████[38;2;42;49;94m██      [38;2;16;16;16m██[38;2;51;81;135m██[38;2;191;40;128m██[38;2;242;92;177m██████[38;2;191;40;128m██[38;2;51;81;135m████[38;2;16;16;16m██      ██[38;2;70;122;178m██[38;2;42;49;94m██[38;2;16;16;16m██                                
              ██████    ████████                                        [38;2;42;49;94m██[38;2;51;81;135m██████████████[38;2;42;49;94m██        [38;2;16;16;16m██[38;2;51;81;135m██[38;2;235;235;235m██[38;2;242;92;177m████[38;2;191;40;128m██[38;2;51;81;135m████[38;2;16;16;16m██      ██[38;2;70;122;178m██[38;2;42;49;94m██[38;2;16;16;16m██                                
                                                                          [38;2;42;49;94m██[38;2;70;122;178m██[38;2;51;81;135m██████████[38;2;16;16;16m██        ██[38;2;51;81;135m██[38;2;242;92;177m██████[38;2;191;40;128m██[38;2;51;81;135m██[38;2;54;47;46m██[38;2;16;16;16m██        ████                                  
                                                                          [38;2;42;49;94m██[38;2;70;122;178m██[38;2;51;81;135m████████[38;2;42;49;94m██[38;2;16;16;16m██          ██[38;2;191;40;128m██████[38;2;54;47;46m██████                                                
                                                                            [38;2;42;49;94m██[38;2;70;122;178m██[38;2;51;81;135m██[38;2;42;49;94m██[38;2;51;81;135m██[38;2;42;49;94m██[38;2;16;16;16m██        ██[38;2;51;81;135m██[38;2;242;92;177m██████[38;2;191;40;128m██[38;2;51;81;135m██[38;2;16;16;16m██                                                
                                                                            [38;2;42;49;94m██[38;2;70;122;178m██[38;2;51;81;135m██[38;2;42;49;94m██[38;2;51;81;135m██[38;2;16;16;16m██          ██[38;2;51;81;135m██[38;2;242;92;177m██[38;2;235;235;235m██[38;2;242;92;177m██[38;2;191;40;128m██[38;2;51;81;135m██[38;2;16;16;16m██                                                
                                                                              ██[38;2;70;122;178m██[38;2;42;49;94m██[38;2;16;16;16m██            ██[38;2;191;40;128m██[38;2;242;92;177m████[38;2;191;40;128m██[38;2;51;81;135m████[38;2;16;16;16m██                                                
                                                                                ████              ██[38;2;191;40;128m██[38;2;242;92;177m████[38;2;191;40;128m██[38;2;51;81;135m██[38;2;16;16;16m██                                                  
                                                                                                    [38;2;191;40;128m██████[38;2;51;81;135m████[38;2;16;16;16m██                                                  
                                                                                                  [38;2;191;40;128m██[38;2;242;92;177m████[38;2;191;40;128m██[38;2;54;47;46m████[38;2;16;16;16m██                                                  
                                                                                                  [38;2;191;40;128m██[38;2;235;235;235m██[38;2;242;92;177m██[38;2;191;40;128m██[38;2;51;81;135m██[38;2;16;16;16m██                                                    
                                                                                                [38;2;34;35;38m██[38;2;242;92;177m████[38;2;191;40;128m██[38;2;70;122;178m██[38;2;51;81;135m██[38;2;16;16;16m██                                                    
                                                                                                [38;2;34;35;38m██[38;2;191;40;128m██[38;2;51;81;135m██[38;2;70;122;178m████[38;2;16;16;16m██                                                      
                                                                                              [38;2;34;35;38m██[38;2;85;90;94m████[38;2;51;81;135m██[38;2;70;122;178m██[38;2;51;81;135m██[38;2;16;16;16m██                                                      
                                                                                            [38;2;34;35;38m██[38;2;85;90;94m██[38;2;57;60;66m██[38;2;85;90;94m████[38;2;51;81;135m██[38;2;16;16;16m██                                                        
                                                                                            [38;2;34;35;38m██[38;2;57;60;66m██[38;2;85;90;94m██████[38;2;16;16;16m██                                                          
                                                                                            ██[38;2;85;90;94m██[38;2;57;60;66m██[38;2;85;90;94m██[38;2;16;16;16m██                                                            
                                                                                            ██[38;2;34;35;38m██[38;2;85;90;94m██[38;2;16;16;16m██                                                              
                                                                                              ████                                                                
[0m