                                                          [38;2;79;83;98m██                                                    
                                                ████    ██[38;2;254;254;254m██[38;2;79;83;98m██                      ██          ████            
                                                ██[38;2;254;254;254m██[38;2;79;83;98m██  ██[38;2;254;254;254m██[38;2;79;83;98m██                    ██[38;2;254;254;254m██[38;2;79;83;98m██    ████[38;2;254;254;254m████[38;2;79;83;98m██          
                                                ██[38;2;254;254;254m████[38;2;79;83;98m██[38;2;200;199;214m██[38;2;254;254;254m██[38;2;79;83;98m██                    ██[38;2;254;254;254m██[38;2;200;199;214m██[38;2;79;83;98m████[38;2;254;254;254m██████[38;2;79;83;98m██            
                                                  ██[38;2;254;254;254m████[38;2;200;199;214m██[38;2;254;254;254m██[38;2;79;83;98m██                  ██[38;2;254;254;254m████[38;2;200;199;214m██[38;2;254;254;254m████████[38;2;79;83;98m██              
                                                  ██[38;2;254;254;254m████████[38;2;79;83;98m██                  ██[38;2;254;254;254m████████████[38;2;79;83;98m████████          
                                                ████[38;2;254;254;254m██████████[38;2;79;83;98m██              ██[38;2;254;254;254m████████████[38;2;200;199;214m██[38;2;254;254;254m████████[38;2;16;16;16m██        
                                              [38;2;79;83;98m██[38;2;254;254;254m██████████████[38;2;79;83;98m██    [38;2;101;42;42m████████[38;2;79;83;98m██[38;2;254;254;254m████████████████████[38;2;16;16;16m████          
                                                [38;2;79;83;98m██[38;2;254;254;254m██████████████[38;2;79;83;98m██[38;2;101;42;42m██[38;2;218;55;37m████[38;2;79;83;98m████[38;2;254;254;254m██████████████████[38;2;16;16;16m████              
                                                  [38;2;79;83;98m██[38;2;254;254;254m████████████[38;2;79;83;98m██[38;2;218;55;37m████[38;2;79;83;98m██[38;2;200;199;214m██[38;2;254;254;254m████████████████[38;2;16;16;16m████                  
                                                    [38;2;79;83;98m██[38;2;254;254;254m████████████[38;2;79;83;98m████[38;2;254;254;254m██████████████████[38;2;16;16;16m██                      
                                                      [38;2;79;83;98m██[38;2;254;254;254m██████████████████████████████[38;2;16;16;16m██                        
                                                      [38;2;79;83;98m██[38;2;200;199;214m██[38;2;38;38;38m████[38;2;254;254;254m████████[38;2;79;83;98m██[38;2;38;38;38m██████[38;2;79;83;98m██[38;2;254;254;254m████[38;2;79;83;98m██[38;2;155;48;45m██[38;2;16;16;16m██                      
                                                    [38;2;79;83;98m██[38;2;200;199;214m██[38;2;38;38;38m██[38;2;68;189;255m████[38;2;38;38;38m██[38;2;254;254;254m████[38;2;79;83;98m██[38;2;38;38;38m██[38;2;68;189;255m████[38;2;36;135;208m██[38;2;38;38;38m██[38;2;79;83;98m██[38;2;254;254;254m████[38;2;79;83;98m██[38;2;16;16;16m██                      
                                                    [38;2;79;83;98m██[38;2;38;38;38m██[38;2;68;189;255m██[38;2;36;135;208m██[38;2;38;38;38m██[38;2;36;135;208m██[38;2;79;83;98m████[38;2;38;38;38m██[38;2;68;189;255m██[38;2;38;38;38m██[38;2;36;135;208m██[38;2;68;189;255m██[38;2;36;135;208m██[38;2;38;38;38m██[38;2;254;254;254m██████[38;2;79;83;98m██[38;2;16;16;16m██                    
                                                    [38;2;79;83;98m██[38;2;38;38;38m██[38;2;68;189;255m██[38;2;38;38;38m██████[38;2;205;165;41m████[38;2;38;38;38m████████[38;2;68;189;255m████[38;2;38;38;38m██[38;2;254;254;254m██████[38;2;200;199;214m██[38;2;16;16;16m██                    
                                                    [38;2;38;38;38m████[38;2;68;189;255m██[38;2;38;38;38m████[38;2;205;165;41m██[38;2;249;236;83m████[38;2;123;86;0m██[38;2;38;38;38m██████[38;2;68;189;255m████[38;2;38;38;38m████[38;2;79;83;98m██[38;2;254;254;254m██[38;2;200;199;214m██[38;2;16;16;16m██                    
                                                    [38;2;79;83;98m██[38;2;38;38;38m██[38;2;68;189;255m██[38;2;33;87;126m██[38;2;205;165;41m██[38;2;249;236;83m████████[38;2;38;38;38m████[38;2;36;135;208m██[38;2;68;189;255m██[38;2;36;135;208m██[38;2;38;38;38m██[38;2;254;254;254m████[38;2;79;83;98m██[38;2;155;48;45m██[38;2;16;16;16m██                    
                                                    [38;2;79;83;98m██[38;2;254;254;254m██[38;2;16;16;16m██[38;2;68;189;255m██[38;2;16;16;16m██[38;2;123;86;0m████████[38;2;16;16;16m██[38;2;68;189;255m████[38;2;36;135;208m██[38;2;16;16;16m██[38;2;79;83;98m██[38;2;254;254;254m██████[38;2;155;48;45m██[38;2;16;16;16m██                    
                                [38;2;101;42;42m████████████[38;2;16;16;16m████      [38;2;79;83;98m██[38;2;254;254;254m██[38;2;16;16;16m██[38;2;200;199;214m██[38;2;123;86;0m██[38;2;205;165;41m████[38;2;123;86;0m██[38;2;200;199;214m██[38;2;16;16;16m██████[38;2;79;83;98m██[38;2;254;254;254m██████[38;2;200;199;214m████[38;2;16;16;16m██                    
                            [38;2;101;42;42m████[38;2;218;55;37m██████████[38;2;155;48;45m██████[38;2;16;16;16m████  [38;2;79;83;98m██████████████████████████████[38;2;200;199;214m████[38;2;16;16;16m██                      
                          [38;2;101;42;42m██[38;2;218;55;37m████████[38;2;155;48;45m████████████████[38;2;79;83;98m██[38;2;254;254;254m████[38;2;79;83;98m██[38;2;254;254;254m██████████[38;2;79;83;98m██[38;2;254;254;254m████████████[38;2;79;83;98m████[38;2;16;16;16m██                      
                        [38;2;101;42;42m██[38;2;218;55;37m██████[38;2;101;42;42m████[38;2;38;38;38m██████████[38;2;101;42;42m████[38;2;155;48;45m████[38;2;79;83;98m██[38;2;200;199;214m████[38;2;79;83;98m██[38;2;200;199;214m████████[38;2;79;83;98m██[38;2;200;199;214m████████████[38;2;254;254;254m████[38;2;200;199;214m██[38;2;16;16;16m██                    
                        [38;2;101;42;42m██[38;2;218;55;37m██[38;2;101;42;42m████[38;2;38;38;38m████[38;2;16;16;16m██████[38;2;38;38;38m████[38;2;16;16;16m██[38;2;38;38;38m██[38;2;101;42;42m██[38;2;155;48;45m██[38;2;79;83;98m██[38;2;200;199;214m██████[38;2;79;83;98m████████[38;2;200;199;214m██████████████████[38;2;16;16;16m██                      
                      [38;2;33;87;126m██████████████[38;2;38;38;38m████[38;2;16;16;16m████████[38;2;38;38;38m████[38;2;101;42;42m██[38;2;200;199;214m████[38;2;254;254;254m████████████████[38;2;200;199;214m████████████[38;2;79;83;98m██[38;2;16;16;16m████                    
                  [38;2;33;87;126m████[38;2;68;189;255m██████████████[38;2;33;87;126m████[38;2;101;42;42m████████[38;2;16;16;16m██[38;2;101;42;42m██[38;2;200;199;214m██[38;2;254;254;254m████████████████[38;2;155;48;45m██[38;2;254;254;254m████████[38;2;200;199;214m████[38;2;38;38;38m██[38;2;101;42;42m██[38;2;218;55;37m████[38;2;16;16;16m██                  
              [38;2;33;87;126m████[38;2;68;189;255m██████████████████████[38;2;33;87;126m████      [38;2;101;42;42m██[38;2;254;254;254m██[38;2;155;48;45m██[38;2;254;254;254m████████████[38;2;155;48;45m██[38;2;218;55;37m██[38;2;155;48;45m██[38;2;254;254;254m████████[38;2;38;38;38m████[38;2;101;42;42m██[38;2;218;55;37m██████[38;2;16;16;16m████████          
            [38;2;33;87;126m██[38;2;68;189;255m██████████████████████████████[38;2;33;87;126m██  [38;2;101;42;42m██[38;2;254;254;254m██[38;2;155;48;45m████[38;2;254;254;254m██████████[38;2;155;48;45m██[38;2;218;55;37m████[38;2;155;48;45m██[38;2;254;254;254m████████[38;2;16;16;16m██[38;2;38;38;38m██[38;2;101;42;42m██[38;2;218;55;37m████████[38;2;16;16;16m██[38;2;38;38;38m████[38;2;16;16;16m████      
          [38;2;33;87;126m██[38;2;68;189;255m██████[38;2;237;248;254m██[38;2;68;189;255m████████████████[38;2;237;248;254m██[38;2;68;189;255m████████[38;2;33;87;126m██[38;2;101;42;42m██[38;2;155;48;45m██[38;2;218;55;37m██[38;2;155;48;45m██[38;2;254;254;254m████████[38;2;155;48;45m██[38;2;218;55;37m██████[38;2;155;48;45m██[38;2;254;254;254m██████[38;2;155;48;45m██[38;2;218;55;37m██[38;2;16;16;16m██[38;2;101;42;42m██[38;2;218;55;37m██████████[38;2;16;16;16m██[38;2;38;38;38m██[38;2;33;87;126m██[38;2;36;135;208m██[38;2;16;16;16m██    
        [38;2;33;87;126m██[38;2;68;189;255m██████████████████████[38;2;237;248;254m██[38;2;68;189;255m████████████[38;2;101;42;42m██[38;2;155;48;45m██[38;2;218;55;37m██████[38;2;155;48;45m██[38;2;254;254;254m████[38;2;155;48;45m██[38;2;218;55;37m██████████[38;2;155;48;45m██[38;2;254;254;254m████[38;2;155;48;45m██[38;2;218;55;37m████[38;2;101;42;42m██[38;2;218;55;37m██████████[38;2;16;16;16m██[38;2;38;38;38m██[38;2;36;135;208m██[38;2;38;38;38m████[38;2;16;16;16m██  
        [38;2;33;87;126m██████[38;2;68;189;255m████████████████████████████████[38;2;101;42;42m██[38;2;218;55;37m████████[38;2;155;48;45m██[38;2;254;254;254m██[38;2;155;48;45m██[38;2;218;55;37m████████████[38;2;155;48;45m██[38;2;254;254;254m██[38;2;155;48;45m██[38;2;218;55;37m██████[38;2;101;42;42m██[38;2;218;55;37m████████████[38;2;16;16;16m████[38;2;38;38;38m████[38;2;16;16;16m██  
    [38;2;33;87;126m████[38;2;68;189;255m██████[38;2;33;87;126m██████[38;2;68;189;255m██████████████████████████[38;2;101;42;42m██[38;2;218;55;37m████████[38;2;155;48;45m██[38;2;254;254;254m██[38;2;155;48;45m██[38;2;218;55;37m████████████[38;2;155;48;45m██[38;2;254;254;254m██[38;2;155;48;45m██[38;2;218;55;37m████████[38;2;101;42;42m██[38;2;218;55;37m██████████[38;2;16;16;16m██  ██[38;2;38;38;38m████[38;2;16;16;16m██
  [38;2;33;87;126m██[38;2;68;189;255m████[38;2;33;87;126m██████[38;2;68;189;255m████[38;2;33;87;126m██████[38;2;68;189;255m████████████████████[38;2;101;42;42m██[38;2;218;55;37m████████████[38;2;155;48;45m██[38;2;218;55;37m████████████████[38;2;155;48;45m██[38;2;218;55;37m██████████[38;2;101;42;42m██[38;2;218;55;37m████████████[38;2;16;16;16m████[38;2;36;135;208m██[38;2;33;87;126m██[38;2;16;16;16m██
[38;2;33;87;126m██[38;2;68;189;255m██[38;2;33;87;126m████[38;2;36;135;208m██████[38;2;33;87;126m████[38;2;68;189;255m██[38;2;33;87;126m██[38;2;36;135;208m██[38;2;16;16;16m██[38;2;68;189;255m██████████[38;2;237;248;254m██[38;2;68;189;255m██████[38;2;101;42;42m██[38;2;218;55;37m██████████████████████████████████████████[38;2;101;42;42m██[38;2;155;48;45m██[38;2;218;55;37m██████████[38;2;16;16;16m██[38;2;38;38;38m████[38;2;36;135;208m██[38;2;16;16;16m██
[38;2;33;87;126m██[38;2;68;189;255m██[38;2;33;87;126m██[38;2;36;135;208m████[38;2;79;83;98m██[38;2;254;254;254m██[38;2;200;199;214m██[38;2;33;87;126m██[38;2;68;189;255m██[38;2;33;87;126m██[38;2;36;135;208m██[38;2;33;87;126m██[38;2;36;135;208m██[38;2;68;189;255m████████████████[38;2;101;42;42m██[38;2;218;55;37m██████████████████████████████████████████[38;2;101;42;42m██[38;2;155;48;45m██[38;2;218;55;37m██████████[38;2;16;16;16m██[38;2;38;38;38m████[38;2;16;16;16m██  
  [38;2;33;87;126m██[38;2;36;135;208m████[38;2;79;83;98m██[38;2;200;199;214m██[38;2;254;254;254m██[38;2;200;199;214m██[38;2;254;254;254m██[38;2;33;87;126m██[38;2;68;189;255m██[38;2;33;87;126m██[38;2;36;135;208m██[38;2;16;16;16m██[38;2;68;189;255m████████████████[38;2;101;42;42m██[38;2;218;55;37m████████████████████████████████████████████[38;2;101;42;42m██[38;2;155;48;45m██[38;2;218;55;37m██████████[38;2;16;16;16m██[38;2;38;38;38m██[38;2;16;16;16m██  
    [38;2;33;87;126m██[38;2;36;135;208m██[38;2;79;83;98m██[38;2;254;254;254m██[38;2;200;199;214m██[38;2;254;254;254m██[38;2;200;199;214m██[38;2;33;87;126m██[38;2;68;189;255m██[38;2;33;87;126m██[38;2;36;135;208m██[38;2;16;16;16m██[38;2;68;189;255m████████████████[38;2;16;16;16m██[38;2;218;55;37m████████[38;2;155;48;45m████████[38;2;218;55;37m████████████████████████████[38;2;16;16;16m██[38;2;155;48;45m████[38;2;218;55;37m████████[38;2;16;16;16m████    
  [38;2;33;87;126m██[38;2;36;135;208m████[38;2;79;83;98m██[38;2;254;254;254m██[38;2;200;199;214m██[38;2;254;254;254m██[38;2;200;199;214m██[38;2;33;87;126m██[38;2;68;189;255m██[38;2;33;87;126m██[38;2;36;135;208m██[38;2;16;16;16m██[38;2;68;189;255m████████████████[38;2;16;16;16m██[38;2;218;55;37m██████[38;2;155;48;45m████[38;2;68;189;255m████[38;2;155;48;45m████[38;2;218;55;37m████████████████████████[38;2;155;48;45m██[38;2;16;16;16m██[38;2;155;48;45m████████[38;2;218;55;37m████[38;2;16;16;16m██      
[38;2;33;87;126m██[38;2;68;189;255m██[38;2;33;87;126m██[38;2;36;135;208m██[38;2;79;83;98m██[38;2;200;199;214m██[38;2;254;254;254m██[38;2;200;199;214m██[38;2;33;87;126m██[38;2;68;189;255m██[38;2;33;87;126m██[38;2;36;135;208m██[38;2;33;87;126m██[38;2;36;135;208m██[38;2;68;189;255m████[38;2;237;248;254m██[38;2;68;189;255m██████████[38;2;16;16;16m██[38;2;218;55;37m██████[38;2;155;48;45m██[38;2;68;189;255m████[38;2;237;248;254m██[38;2;68;189;255m██[38;2;155;48;45m██[38;2;218;55;37m██████████████████████[38;2;155;48;45m██████[38;2;16;16;16m██[38;2;155;48;45m██████████[38;2;16;16;16m██      
[38;2;33;87;126m██[38;2;68;189;255m██[38;2;33;87;126m████[38;2;36;135;208m██[38;2;79;83;98m██[38;2;254;254;254m██[38;2;33;87;126m████[38;2;68;189;255m██[38;2;33;87;126m██[38;2;36;135;208m██[38;2;16;16;16m██[38;2;68;189;255m██████████████████[38;2;36;135;208m██[38;2;16;16;16m██[38;2;218;55;37m████[38;2;155;48;45m██[38;2;68;189;255m████████[38;2;155;48;45m██[38;2;218;55;37m████████████████████[38;2;155;48;45m████████[38;2;16;16;16m██[38;2;155;48;45m██████████[38;2;16;16;16m██      
  ██[38;2;68;189;255m████[38;2;33;87;126m██████[38;2;68;189;255m████[38;2;33;87;126m██[38;2;16;16;16m████[38;2;68;189;255m██████████[38;2;237;248;254m██[38;2;68;189;255m████[38;2;237;248;254m██[38;2;68;189;255m██[38;2;36;135;208m██[38;2;16;16;16m██[38;2;155;48;45m██[38;2;218;55;37m██[38;2;155;48;45m████[38;2;237;248;254m██[38;2;68;189;255m██[38;2;155;48;45m████[38;2;218;55;37m██████████████████[38;2;155;48;45m██[38;2;101;42;42m████████[38;2;38;38;38m██[38;2;16;16;16m██[38;2;155;48;45m██████[38;2;16;16;16m██        
    ████[38;2;68;189;255m██████[38;2;16;16;16m██████[38;2;68;189;255m██████████████████████[38;2;36;135;208m██████[38;2;16;16;16m██[38;2;155;48;45m██[38;2;218;55;37m██[38;2;155;48;45m████████[38;2;218;55;37m████████████████[38;2;155;48;45m██[38;2;101;42;42m████[38;2;155;48;45m████████[38;2;16;16;16m██  ██[38;2;155;48;45m████[38;2;16;16;16m██        
        ██████[38;2;36;135;208m████[38;2;68;189;255m████████[38;2;237;248;254m██[38;2;68;189;255m██████████[38;2;36;135;208m██████████[38;2;101;42;42m██[38;2;16;16;16m██[38;2;155;48;45m████[38;2;218;55;37m████████████████[38;2;155;48;45m██████[38;2;101;42;42m██[38;2;155;48;45m████████████[38;2;16;16;16m██    ████          
        ██[38;2;36;135;208m████████████[38;2;68;189;255m██████████[38;2;36;135;208m██████████████[38;2;16;16;16m██[38;2;101;42;42m██[38;2;155;48;45m██[38;2;16;16;16m██[38;2;155;48;45m██████████████████████[38;2;101;42;42m██[38;2;155;48;45m██████████████[38;2;16;16;16m██                  
          ██[38;2;36;135;208m██[38;2;237;248;254m██[38;2;36;135;208m████████████████████[38;2;123;86;0m████[38;2;36;135;208m████[38;2;16;16;16m██  [38;2;101;42;42m██[38;2;155;48;45m████[38;2;16;16;16m████[38;2;155;48;45m████████████████[38;2;101;42;42m██[38;2;155;48;45m████████[38;2;218;55;37m██████[38;2;16;16;16m██                    
            ██[38;2;36;135;208m██████████████████████[38;2;123;86;0m██[38;2;249;236;83m██[38;2;123;86;0m████      [38;2;101;42;42m██[38;2;155;48;45m██████[38;2;16;16;16m██████[38;2;155;48;45m██████████[38;2;101;42;42m██[38;2;155;48;45m██████[38;2;218;55;37m████████[38;2;16;16;16m██                    
              ████[38;2;36;135;208m████████████[38;2;237;248;254m██[38;2;36;135;208m████[38;2;123;86;0m██[38;2;205;165;41m██[38;2;123;86;0m██[38;2;249;236;83m██[38;2;123;86;0m██      [38;2;101;42;42m████[38;2;155;48;45m████████[38;2;16;16;16m████████████[38;2;101;42;42m██[38;2;155;48;45m██[38;2;218;55;37m████[38;2;16;16;16m██[38;2;218;55;37m██[38;2;16;16;16m██  [38;2;123;86;0m████                
                  [38;2;16;16;16m████[38;2;36;135;208m████████████[38;2;16;16;16m████[38;2;205;165;41m██[38;2;123;86;0m██[38;2;205;165;41m██[38;2;249;236;83m██[38;2;123;86;0m██████[38;2;205;165;41m████[38;2;101;42;42m████████[38;2;205;165;41m██[38;2;123;86;0m██        [38;2;16;16;16m████[38;2;218;55;37m██[38;2;16;16;16m██[38;2;249;236;83m██[38;2;16;16;16m██[38;2;205;165;41m██[38;2;123;86;0m██[38;2;249;236;83m██[38;2;16;16;16m██                
                      ████████████    ██[38;2;205;165;41m██████[38;2;249;236;83m████[38;2;205;165;41m██[38;2;123;86;0m██[38;2;205;165;41m██████████████[38;2;16;16;16m██          ██[38;2;123;86;0m██[38;2;205;165;41m██[38;2;249;236;83m██[38;2;16;16;16m██[38;2;249;236;83m██[38;2;205;165;41m██[38;2;16;16;16m██                
                                        ████[38;2;205;165;41m██████████[38;2;123;86;0m██[38;2;205;165;41m██████[38;2;16;16;16m██████            ██[38;2;123;86;0m██[38;2;205;165;41m████[38;2;249;236;83m██[38;2;205;165;41m████[38;2;16;16;16m██                
                                            ██████████████████                  ██[38;2;205;165;41m████████████[38;2;16;16;16m██                
                                                                                  ████████████                  
[0m