                                    [38;2;0;167;174m██████████                                                      
                              ██████[38;2;98;247;247m████████[38;2;249;255;255m██[38;2;1;1;1m██  [38;2;0;167;174m██████████████                                    
                            ████[38;2;98;247;247m██[38;2;249;255;255m██[38;2;240;200;26m████[38;2;138;86;4m██[38;2;1;1;1m████  [38;2;0;167;174m██[38;2;98;247;247m██[38;2;249;255;255m██[38;2;98;247;247m██████[38;2;249;255;255m██[38;2;98;247;247m██[38;2;1;1;1m██                                  
                            [38;2;0;167;174m██[38;2;98;247;247m██[38;2;181;151;25m██[38;2;240;200;26m██[38;2;1;1;1m████[38;2;138;86;4m██    [38;2;0;167;174m██[38;2;98;247;247m██[38;2;240;200;26m██████[38;2;181;151;25m██[38;2;138;86;4m██[38;2;1;1;1m████                                    
                            [38;2;0;167;174m██[38;2;98;247;247m██[38;2;240;200;26m██[38;2;138;86;4m██        [38;2;0;167;174m████[38;2;98;247;247m██[38;2;181;151;25m██[38;2;1;1;1m██████[38;2;138;86;4m██                                        
                          [38;2;0;167;174m██[38;2;249;255;255m██[38;2;98;247;247m██[38;2;240;200;26m██[38;2;138;86;4m██        [38;2;0;167;174m██[38;2;249;255;255m██[38;2;181;151;25m██[38;2;1;1;1m██                                                
                          [38;2;0;167;174m██[38;2;98;247;247m██[38;2;240;200;26m██[38;2;181;151;25m██[38;2;138;86;4m██      [38;2;0;167;174m██[38;2;98;247;247m████[38;2;181;151;25m██[38;2;1;1;1m██                                                
                      [38;2;0;167;174m████[38;2;98;247;247m████[38;2;181;151;25m██[38;2;1;1;1m██[38;2;0;167;174m████████[38;2;98;247;247m██[38;2;249;255;255m██[38;2;181;151;25m██[38;2;138;86;4m██                                                  
                  [38;2;0;167;174m████[38;2;98;247;247m████[38;2;0;167;174m██[38;2;181;151;25m██[38;2;1;1;1m██[38;2;0;167;174m██[38;2;249;255;255m██[38;2;98;247;247m██████[38;2;0;167;174m██[38;2;181;151;25m████[38;2;1;1;1m██                                                  
                  [38;2;138;86;4m████[38;2;240;200;26m██[38;2;181;151;25m████[38;2;138;86;4m████[38;2;240;200;26m████████████[38;2;181;151;25m██[38;2;1;1;1m██                                                    
                [38;2;138;86;4m██[38;2;240;200;26m████[38;2;138;86;4m██[38;2;1;1;1m██[38;2;138;86;4m██[38;2;240;200;26m████[38;2;138;86;4m██[38;2;181;151;25m██[38;2;138;86;4m██[38;2;1;1;1m████████                                                      
                [38;2;138;86;4m████[38;2;181;151;25m██[38;2;1;1;1m██  [38;2;138;86;4m████[38;2;240;200;26m██[38;2;181;151;25m██[38;2;1;1;1m██                                                                
                [38;2;138;86;4m██[38;2;181;151;25m██[38;2;138;86;4m██[38;2;1;1;1m██[38;2;138;86;4m██[38;2;240;200;26m████[38;2;138;86;4m██[38;2;1;1;1m██                                                                  
                [38;2;138;86;4m██[38;2;181;151;25m████[38;2;138;86;4m██[38;2;181;151;25m██[38;2;138;86;4m██[38;2;181;151;25m██[38;2;1;1;1m██    [38;2;26;100;120m██[38;2;14;58;65m██████                                                        
                [38;2;0;167;174m██████[38;2;138;86;4m██[38;2;240;200;26m██[38;2;181;151;25m██[38;2;1;1;1m██[38;2;0;167;174m██[38;2;14;58;65m████[38;2;26;100;120m██[38;2;67;204;201m████[38;2;14;58;65m██                                                        
            [38;2;0;167;174m████[38;2;98;247;247m████[38;2;249;255;255m██[38;2;98;247;247m██[38;2;138;86;4m██[38;2;1;1;1m██[38;2;98;247;247m██[38;2;14;58;65m██[38;2;67;204;201m██████[38;2;53;157;174m████[38;2;1;1;1m██                                                        
        [38;2;0;167;174m████[38;2;249;255;255m██[38;2;98;247;247m████████████[38;2;249;255;255m██[38;2;98;247;247m██[38;2;14;58;65m██[38;2;53;157;174m████████[38;2;14;58;65m██                                                          
    [38;2;0;167;174m████[38;2;98;247;247m██████████████████████[38;2;14;58;65m██[38;2;53;157;174m████████[38;2;1;1;1m██                                                          
  [38;2;0;167;174m██[38;2;98;247;247m██████████████[38;2;0;167;174m████[38;2;31;30;28m██[38;2;134;141;168m████[38;2;98;247;247m██[38;2;14;58;65m██[38;2;53;157;174m██████[38;2;1;1;1m██                                                            
[38;2;0;167;174m██[38;2;98;247;247m████████[38;2;134;141;168m██████[38;2;0;167;174m██[38;2;31;30;28m██[38;2;0;167;174m██[38;2;31;30;28m██[38;2;202;208;219m████[38;2;134;141;168m██[38;2;14;58;65m██[38;2;53;157;174m██████[38;2;1;1;1m██                                                            
  ██[38;2;134;141;168m██[38;2;67;73;83m██[38;2;134;141;168m██[38;2;202;208;219m██████[38;2;134;141;168m██[38;2;0;167;174m██[38;2;31;30;28m██[38;2;134;141;168m██[38;2;202;208;219m██████[38;2;26;100;120m██[38;2;53;157;174m██████[38;2;1;1;1m██                                                            
    ██[38;2;134;141;168m██[38;2;202;208;219m████████████[38;2;134;141;168m██[38;2;202;208;219m██[38;2;134;141;168m██[38;2;202;208;219m██[38;2;14;58;65m██[38;2;53;157;174m██████[38;2;14;58;65m██[38;2;26;100;120m██[38;2;14;58;65m██                                                          
      [38;2;1;1;1m██[38;2;134;141;168m██[38;2;202;208;219m██[38;2;67;73;83m██████[38;2;202;208;219m████████[38;2;134;141;168m██[38;2;14;58;65m██[38;2;53;157;174m██████[38;2;1;1;1m██[38;2;26;100;120m██[38;2;14;58;65m██                                                          
        [38;2;1;1;1m██[38;2;67;73;83m██[38;2;134;141;168m██████[38;2;67;73;83m████[38;2;202;208;219m████[38;2;14;58;65m██[38;2;26;100;120m██[38;2;53;157;174m██████[38;2;1;1;1m██[38;2;26;100;120m████[38;2;14;58;65m██                                                        
            [38;2;1;1;1m██[38;2;67;73;83m██[38;2;134;141;168m██████[38;2;67;73;83m██[38;2;14;58;65m██[38;2;26;100;120m██[38;2;53;157;174m████████[38;2;1;1;1m██[38;2;26;100;120m██[38;2;14;58;65m████                                                        
                [38;2;1;1;1m████[38;2;14;58;65m████[38;2;26;100;120m██[38;2;53;157;174m██████████[38;2;1;1;1m██[38;2;14;58;65m██[38;2;134;141;168m██[38;2;14;58;65m██                                                        
                    ██[38;2;26;100;120m████[38;2;53;157;174m████[38;2;26;100;120m██[38;2;14;58;65m████[38;2;1;1;1m██[38;2;134;141;168m██[38;2;67;73;83m██[38;2;14;58;65m██                                                        
                    ██████████[38;2;53;157;174m████████[38;2;14;58;65m██[38;2;134;141;168m██[38;2;67;73;83m██[38;2;14;58;65m██                                                      
                    ██[38;2;26;100;120m████[38;2;53;157;174m████[38;2;26;100;120m██████[38;2;53;157;174m██[38;2;14;58;65m██[38;2;134;141;168m████[38;2;14;58;65m██                                                      
                    ██[38;2;67;73;83m██[38;2;26;100;120m██[38;2;53;157;174m██[38;2;26;100;120m██[38;2;249;255;255m██[38;2;98;247;247m████[38;2;26;100;120m██[38;2;14;58;65m██[38;2;134;141;168m████[38;2;14;58;65m██                                                      
                    [38;2;67;73;83m██[38;2;202;208;219m██[38;2;67;73;83m██[38;2;53;157;174m██[38;2;26;100;120m██[38;2;98;247;247m████[38;2;26;100;120m██[38;2;53;157;174m██[38;2;14;58;65m██[38;2;134;141;168m████[38;2;14;58;65m██                                                      
                    [38;2;67;73;83m██[38;2;202;208;219m████[38;2;67;73;83m██[38;2;26;100;120m██[38;2;98;247;247m██[38;2;26;100;120m██[38;2;53;157;174m██[38;2;26;100;120m██[38;2;98;247;247m██[38;2;14;58;65m██[38;2;134;141;168m██[38;2;14;58;65m████                                                    
                  [38;2;67;73;83m██[38;2;134;141;168m██[38;2;202;208;219m██████[38;2;67;73;83m██[38;2;26;100;120m██[38;2;53;157;174m██[38;2;26;100;120m██[38;2;249;255;255m██[38;2;98;247;247m██[38;2;14;58;65m██[38;2;134;141;168m██[38;2;1;1;1m██[38;2;26;100;120m██[38;2;14;58;65m██                                                  
                  [38;2;67;73;83m██[38;2;134;141;168m██[38;2;202;208;219m████[38;2;67;73;83m████[38;2;53;157;174m██[38;2;26;100;120m██[38;2;98;247;247m██████[38;2;14;58;65m██[38;2;134;141;168m██[38;2;1;1;1m██[38;2;14;58;65m██[38;2;26;100;120m██[38;2;14;58;65m██      [38;2;138;86;4m██████                  [38;2;67;73;83m████████          
            [38;2;138;86;4m██  [38;2;67;73;83m██[38;2;134;141;168m██[38;2;202;208;219m██████[38;2;67;73;83m██[38;2;202;208;219m██[38;2;67;73;83m██[38;2;53;157;174m██[38;2;26;100;120m██████[38;2;53;157;174m██[38;2;1;1;1m██[38;2;14;58;65m████[38;2;26;100;120m██[38;2;14;58;65m██  [38;2;138;86;4m████[38;2;240;200;26m████[38;2;138;86;4m██              [38;2;67;73;83m████[38;2;202;208;219m████████[38;2;67;73;83m██        
          [38;2;138;86;4m██[38;2;240;200;26m██[38;2;138;86;4m██[38;2;67;73;83m██[38;2;134;141;168m██[38;2;202;208;219m████[38;2;67;73;83m██[38;2;202;208;219m████[38;2;67;73;83m██[38;2;53;157;174m██████████[38;2;1;1;1m████[38;2;26;100;120m████[38;2;14;58;65m██[38;2;138;86;4m██[38;2;240;200;26m████[38;2;181;151;25m████[38;2;138;86;4m██          [38;2;67;73;83m████[38;2;202;208;219m████████[38;2;1;1;1m████          
          [38;2;138;86;4m██[38;2;240;200;26m████[38;2;1;1;1m██[38;2;67;73;83m██[38;2;202;208;219m████[38;2;67;73;83m██[38;2;134;141;168m██████[38;2;14;58;65m██[38;2;53;157;174m████[38;2;1;1;1m████[38;2;14;58;65m██[38;2;26;100;120m████[38;2;14;58;65m██[38;2;138;86;4m██[38;2;240;200;26m██[38;2;181;151;25m██████[38;2;138;86;4m████        [38;2;67;73;83m██[38;2;202;208;219m██████[38;2;134;141;168m██[38;2;1;1;1m████              
          [38;2;138;86;4m██[38;2;181;151;25m██[38;2;240;200;26m██[38;2;1;1;1m██[38;2;67;73;83m██[38;2;134;141;168m████[38;2;67;73;83m██[38;2;134;141;168m██████[38;2;14;58;65m██[38;2;53;157;174m██[38;2;1;1;1m██[38;2;26;100;120m██████[38;2;14;58;65m████[38;2;138;86;4m██[38;2;240;200;26m██[38;2;181;151;25m████[38;2;138;86;4m████[38;2;240;200;26m████[38;2;1;1;1m██      [38;2;67;73;83m██[38;2;202;208;219m████[38;2;1;1;1m████                  
          [38;2;138;86;4m██[38;2;181;151;25m████[38;2;240;200;26m██[38;2;1;1;1m██[38;2;134;141;168m████[38;2;67;73;83m██[38;2;134;141;168m██████[38;2;14;58;65m██[38;2;53;157;174m██[38;2;1;1;1m██[38;2;26;100;120m██[38;2;14;58;65m████[38;2;53;157;174m██[38;2;138;86;4m██[38;2;240;200;26m██[38;2;181;151;25m████[38;2;138;86;4m██[38;2;240;200;26m████[38;2;181;151;25m████[38;2;1;1;1m██      [38;2;67;73;83m██[38;2;202;208;219m██[38;2;67;73;83m██    ████              
            [38;2;138;86;4m██[38;2;181;151;25m████[38;2;1;1;1m██[38;2;67;73;83m██[38;2;134;141;168m████[38;2;67;73;83m██[38;2;134;141;168m██[38;2;14;58;65m██[38;2;53;157;174m████[38;2;1;1;1m██[38;2;26;100;120m██[38;2;53;157;174m████[38;2;138;86;4m██[38;2;240;200;26m██[38;2;181;151;25m████[38;2;138;86;4m██[38;2;240;200;26m██[38;2;181;151;25m████[38;2;1;1;1m██████    [38;2;67;73;83m██[38;2;202;208;219m████[38;2;67;73;83m██████[38;2;202;208;219m████[38;2;67;73;83m██            
            [38;2;138;86;4m██[38;2;181;151;25m██████[38;2;1;1;1m██[38;2;134;141;168m████[38;2;67;73;83m██[38;2;134;141;168m██[38;2;14;58;65m██[38;2;53;157;174m██[38;2;1;1;1m██[38;2;26;100;120m████[38;2;53;157;174m████[38;2;138;86;4m██[38;2;240;200;26m██[38;2;181;151;25m██[38;2;138;86;4m██[38;2;240;200;26m██[38;2;181;151;25m██[38;2;1;1;1m████[38;2;240;200;26m██████[38;2;1;1;1m██  [38;2;67;73;83m██[38;2;202;208;219m████[38;2;67;73;83m██[38;2;202;208;219m██████[38;2;134;141;168m██[38;2;67;73;83m██            
            [38;2;138;86;4m██[38;2;181;151;25m██████[38;2;1;1;1m██[38;2;134;141;168m████[38;2;67;73;83m██[38;2;134;141;168m██[38;2;14;58;65m██[38;2;53;157;174m██[38;2;1;1;1m██[38;2;26;100;120m██[38;2;53;157;174m████[38;2;138;86;4m██[38;2;240;200;26m██[38;2;181;151;25m████████[38;2;138;86;4m██[38;2;240;200;26m████[38;2;181;151;25m██████[38;2;1;1;1m██  [38;2;67;73;83m██[38;2;202;208;219m██[38;2;134;141;168m████[38;2;202;208;219m████[38;2;67;73;83m██[38;2;1;1;1m██              
              [38;2;138;86;4m██[38;2;181;151;25m██[38;2;14;58;65m██[38;2;26;100;120m██[38;2;1;1;1m██[38;2;134;141;168m████[38;2;14;58;65m██[38;2;26;100;120m██[38;2;53;157;174m██[38;2;1;1;1m██[38;2;26;100;120m██[38;2;53;157;174m████[38;2;138;86;4m██[38;2;240;200;26m██[38;2;181;151;25m██████[38;2;138;86;4m██[38;2;240;200;26m██[38;2;181;151;25m██████[38;2;1;1;1m████    [38;2;67;73;83m██[38;2;202;208;219m██[38;2;67;73;83m██[38;2;134;141;168m████[38;2;1;1;1m██                  
              [38;2;138;86;4m██[38;2;181;151;25m██[38;2;14;58;65m██[38;2;26;100;120m██[38;2;1;1;1m██[38;2;134;141;168m████[38;2;14;58;65m██[38;2;26;100;120m██[38;2;1;1;1m██[38;2;26;100;120m████[38;2;53;157;174m██[38;2;138;86;4m██[38;2;240;200;26m██[38;2;181;151;25m████████[38;2;240;200;26m██[38;2;181;151;25m██████[38;2;1;1;1m██        [38;2;67;73;83m██[38;2;202;208;219m██[38;2;67;73;83m██[38;2;134;141;168m██[38;2;1;1;1m██  [38;2;67;73;83m████              
                [38;2;138;86;4m██[38;2;14;58;65m██[38;2;26;100;120m████[38;2;1;1;1m██[38;2;134;141;168m██[38;2;14;58;65m██[38;2;26;100;120m██[38;2;1;1;1m██[38;2;26;100;120m██[38;2;53;157;174m████[38;2;138;86;4m██[38;2;240;200;26m██[38;2;181;151;25m██████████████[38;2;1;1;1m██        [38;2;67;73;83m██[38;2;202;208;219m████[38;2;67;73;83m██[38;2;134;141;168m██[38;2;67;73;83m████[38;2;134;141;168m████[38;2;67;73;83m██            
                [38;2;14;58;65m██████[38;2;26;100;120m██[38;2;1;1;1m████[38;2;26;100;120m██[38;2;1;1;1m██[38;2;26;100;120m████[38;2;53;157;174m████[38;2;138;86;4m██[38;2;240;200;26m██[38;2;181;151;25m██████[38;2;14;58;65m████████[38;2;26;100;120m██[38;2;14;58;65m██      [38;2;67;73;83m██[38;2;202;208;219m██[38;2;134;141;168m██[38;2;67;73;83m██[38;2;134;141;168m██████████[38;2;67;73;83m██            
                [38;2;14;58;65m██[38;2;53;157;174m██[38;2;14;58;65m██[38;2;26;100;120m████[38;2;1;1;1m██[38;2;26;100;120m██[38;2;1;1;1m██[38;2;26;100;120m██[38;2;53;157;174m████[38;2;138;86;4m██[38;2;240;200;26m██[38;2;181;151;25m████[38;2;14;58;65m████[38;2;26;100;120m████████████[38;2;14;58;65m██████[38;2;134;141;168m████[38;2;67;73;83m██[38;2;134;141;168m████████[38;2;67;73;83m████              
                [38;2;14;58;65m██[38;2;53;157;174m██[38;2;14;58;65m██[38;2;1;1;1m██[38;2;26;100;120m████[38;2;1;1;1m██[38;2;26;100;120m████[38;2;53;157;174m████[38;2;138;86;4m██[38;2;240;200;26m██[38;2;14;58;65m████[38;2;26;100;120m████[38;2;14;58;65m████[38;2;26;100;120m████[38;2;14;58;65m████[38;2;53;157;174m██████[38;2;14;58;65m████[38;2;67;73;83m██[38;2;134;141;168m██████[38;2;67;73;83m██                  
                [38;2;14;58;65m██[38;2;53;157;174m████[38;2;14;58;65m██[38;2;1;1;1m████[38;2;26;100;120m████[38;2;53;157;174m██████[38;2;138;86;4m██[38;2;14;58;65m██[38;2;53;157;174m██[38;2;26;100;120m████[38;2;14;58;65m██[38;2;53;157;174m████[38;2;1;1;1m██[38;2;14;58;65m██[38;2;53;157;174m████████████████[38;2;1;1;1m██[38;2;67;73;83m██████  [38;2;14;58;65m████            
                  [38;2;1;1;1m██[38;2;53;157;174m████[38;2;14;58;65m████[38;2;26;100;120m██[38;2;53;157;174m██████████████[38;2;14;58;65m████[38;2;67;204;201m████[38;2;53;157;174m████[38;2;1;1;1m██[38;2;53;157;174m██████████████[38;2;1;1;1m██[38;2;67;73;83m██[38;2;134;141;168m████[38;2;202;208;219m██[38;2;67;73;83m██[38;2;53;157;174m████[38;2;14;58;65m██          
                  [38;2;1;1;1m██[38;2;26;100;120m██[38;2;53;157;174m██[38;2;67;204;201m████[38;2;53;157;174m████████████[38;2;1;1;1m████[38;2;134;141;168m██[38;2;14;58;65m██[38;2;67;204;201m████[38;2;53;157;174m██████[38;2;1;1;1m██[38;2;53;157;174m██████████[38;2;1;1;1m██[38;2;67;73;83m██[38;2;134;141;168m██[38;2;202;208;219m████[38;2;134;141;168m██[38;2;202;208;219m██[38;2;67;73;83m██[38;2;53;157;174m████[38;2;14;58;65m██        
                ██[38;2;26;100;120m██[38;2;1;1;1m██[38;2;53;157;174m██[38;2;67;204;201m████[38;2;53;157;174m██████████[38;2;1;1;1m██[38;2;67;73;83m██[38;2;134;141;168m██[38;2;14;58;65m██[38;2;53;157;174m████████████[38;2;1;1;1m██[38;2;53;157;174m████[38;2;26;100;120m████[38;2;14;58;65m██[38;2;134;141;168m██[38;2;67;73;83m██[38;2;134;141;168m██[38;2;202;208;219m████[38;2;134;141;168m██[38;2;202;208;219m██[38;2;67;73;83m██[38;2;53;157;174m██████[38;2;14;58;65m██      
                ██[38;2;53;157;174m██[38;2;1;1;1m██[38;2;26;100;120m██[38;2;67;204;201m████[38;2;53;157;174m████████[38;2;1;1;1m██[38;2;134;141;168m██[38;2;67;73;83m██[38;2;134;141;168m██[38;2;1;1;1m██[38;2;53;157;174m██████████[38;2;26;100;120m██[38;2;1;1;1m██[38;2;26;100;120m████████[38;2;1;1;1m██[38;2;134;141;168m██[38;2;67;73;83m████[38;2;202;208;219m████[38;2;67;73;83m██[38;2;202;208;219m██[38;2;67;73;83m██[38;2;53;157;174m██[38;2;26;100;120m██[38;2;53;157;174m████[38;2;1;1;1m██    
                [38;2;26;100;120m██[38;2;53;157;174m████[38;2;1;1;1m██[38;2;53;157;174m██[38;2;67;204;201m██[38;2;53;157;174m████[38;2;26;100;120m██[38;2;1;1;1m██[38;2;134;141;168m████[38;2;67;73;83m████[38;2;1;1;1m██[38;2;53;157;174m██████████[38;2;1;1;1m██[38;2;26;100;120m████████[38;2;1;1;1m██[38;2;67;73;83m██[38;2;134;141;168m██[38;2;1;1;1m██[38;2;67;73;83m██[38;2;202;208;219m██[38;2;134;141;168m██[38;2;67;73;83m██[38;2;134;141;168m██[38;2;1;1;1m██[38;2;26;100;120m██[38;2;98;247;247m██[38;2;26;100;120m██[38;2;53;157;174m██[38;2;1;1;1m██    
              [38;2;14;58;65m██[38;2;53;157;174m████████[38;2;1;1;1m██[38;2;26;100;120m██[38;2;53;157;174m██[38;2;1;1;1m████[38;2;134;141;168m████████[38;2;67;73;83m██[38;2;1;1;1m██[38;2;53;157;174m████████[38;2;26;100;120m██[38;2;1;1;1m██[38;2;26;100;120m████[38;2;1;1;1m████[38;2;134;141;168m██[38;2;67;73;83m██[38;2;134;141;168m██[38;2;1;1;1m██[38;2;134;141;168m██[38;2;67;73;83m████[38;2;134;141;168m████[38;2;1;1;1m██[38;2;26;100;120m██[38;2;98;247;247m████[38;2;26;100;120m██[38;2;53;157;174m██[38;2;1;1;1m██  
              [38;2;14;58;65m██[38;2;53;157;174m████████[38;2;26;100;120m██[38;2;1;1;1m████[38;2;134;141;168m██[38;2;67;73;83m██[38;2;134;141;168m██████████[38;2;1;1;1m██[38;2;53;157;174m████████[38;2;1;1;1m████████[38;2;134;141;168m██████[38;2;67;73;83m████[38;2;134;141;168m██[38;2;1;1;1m██[38;2;134;141;168m████[38;2;67;73;83m██[38;2;1;1;1m██[38;2;53;157;174m████[38;2;26;100;120m████[38;2;53;157;174m████[38;2;1;1;1m██  
            [38;2;26;100;120m██[38;2;53;157;174m████████[38;2;26;100;120m██[38;2;1;1;1m██    ████[38;2;67;73;83m██[38;2;134;141;168m██████████[38;2;14;58;65m██[38;2;53;157;174m████[38;2;26;100;120m██[38;2;1;1;1m██[38;2;134;141;168m████[38;2;67;73;83m████████[38;2;134;141;168m████[38;2;67;73;83m██[38;2;14;58;65m██[38;2;1;1;1m████[38;2;67;73;83m██[38;2;26;100;120m██[38;2;53;157;174m██[38;2;26;100;120m██[38;2;98;247;247m██[38;2;26;100;120m██[38;2;53;157;174m██[38;2;1;1;1m██    
          [38;2;26;100;120m██[38;2;67;204;201m████[38;2;53;157;174m██████[38;2;1;1;1m██          ████[38;2;67;73;83m██[38;2;134;141;168m██████[38;2;1;1;1m██[38;2;53;157;174m████████[38;2;1;1;1m██[38;2;134;141;168m████████████[38;2;1;1;1m████[38;2;14;58;65m██[38;2;26;100;120m██████████[38;2;98;247;247m████[38;2;26;100;120m██[38;2;1;1;1m██      
          [38;2;14;58;65m██[38;2;26;100;120m████████[38;2;1;1;1m██[38;2;26;100;120m██[38;2;1;1;1m██            ██████[38;2;67;73;83m██[38;2;1;1;1m██[38;2;53;157;174m████████[38;2;1;1;1m██████████████      [38;2;14;58;65m██[38;2;26;100;120m████████[38;2;98;247;247m██[38;2;26;100;120m██[38;2;53;157;174m██[38;2;1;1;1m██      
            ████████[38;2;14;58;65m██[38;2;26;100;120m██[38;2;1;1;1m██                  ██[38;2;67;204;201m████[38;2;53;157;174m████[38;2;26;100;120m██[38;2;1;1;1m██[38;2;26;100;120m████████[38;2;14;58;65m██        ██[38;2;26;100;120m██████████[38;2;53;157;174m████[38;2;1;1;1m██      
              [38;2;14;58;65m██[38;2;67;73;83m██[38;2;113;147;191m██[38;2;67;73;83m██[38;2;26;100;120m██[38;2;1;1;1m██                  ██[38;2;26;100;120m██████[38;2;14;58;65m██[38;2;1;1;1m██[38;2;26;100;120m██████████[38;2;14;58;65m██          ██[38;2;26;100;120m████████[38;2;53;157;174m████[38;2;1;1;1m██      
              [38;2;14;58;65m████[38;2;67;73;83m██[38;2;26;100;120m████[38;2;1;1;1m██                    [38;2;14;58;65m██████[38;2;26;100;120m██[38;2;1;1;1m██[38;2;26;100;120m████████[38;2;14;58;65m██              ██[38;2;26;100;120m██████[38;2;53;157;174m██[38;2;1;1;1m██        
              [38;2;14;58;65m██[38;2;26;100;120m████████[38;2;1;1;1m██                    [38;2;14;58;65m██[38;2;26;100;120m██████[38;2;1;1;1m██[38;2;26;100;120m██████[38;2;14;58;65m████                ██[38;2;26;100;120m██████[38;2;1;1;1m██        
              [38;2;14;58;65m██[38;2;53;157;174m██[38;2;26;100;120m██████[38;2;1;1;1m██                    [38;2;14;58;65m██[38;2;53;157;174m██[38;2;26;100;120m████[38;2;1;1;1m██[38;2;26;100;120m████[38;2;14;58;65m██[38;2;26;100;120m██[38;2;14;58;65m██                ██[38;2;26;100;120m████[38;2;14;58;65m██[38;2;26;100;120m██[38;2;1;1;1m██      
            [38;2;14;58;65m██[38;2;53;157;174m██████[38;2;26;100;120m██[38;2;1;1;1m██                      [38;2;14;58;65m██[38;2;53;157;174m████[38;2;26;100;120m██[38;2;1;1;1m██[38;2;14;58;65m████[38;2;26;100;120m████[38;2;14;58;65m██                  ████[38;2;26;100;120m████[38;2;1;1;1m██      
            [38;2;14;58;65m██[38;2;53;157;174m████████[38;2;1;1;1m██                      [38;2;14;58;65m██[38;2;53;157;174m██████[38;2;1;1;1m██[38;2;26;100;120m████████[38;2;14;58;65m██                ██[38;2;26;100;120m████████[38;2;1;1;1m██      
            [38;2;14;58;65m██[38;2;53;157;174m████████[38;2;1;1;1m██                    [38;2;14;58;65m██[38;2;53;157;174m████████[38;2;26;100;120m██[38;2;1;1;1m██[38;2;26;100;120m██████[38;2;14;58;65m██                ██[38;2;26;100;120m████████[38;2;1;1;1m██      
          [38;2;14;58;65m██[38;2;53;157;174m██████████[38;2;1;1;1m██                    [38;2;14;58;65m██[38;2;53;157;174m██████████[38;2;1;1;1m██[38;2;26;100;120m██████[38;2;14;58;65m██                ██[38;2;26;100;120m██████████[38;2;0;167;174m██    
        ██[38;2;14;58;65m██[38;2;53;157;174m██████████[38;2;0;167;174m████                  ██[38;2;53;157;174m██████████[38;2;0;167;174m██[38;2;26;100;120m██[38;2;0;167;174m██[38;2;26;100;120m██[38;2;0;167;174m████              ██[38;2;26;100;120m████████[38;2;0;167;174m██[38;2;98;247;247m██[38;2;0;167;174m██  
      ██[38;2;98;247;247m██[38;2;0;167;174m██[38;2;53;157;174m██████[38;2;0;167;174m████[38;2;98;247;247m████[38;2;0;167;174m██              ██[38;2;98;247;247m██[38;2;53;157;174m████████[38;2;0;167;174m██[38;2;98;247;247m██[38;2;0;167;174m██[38;2;98;247;247m██[38;2;0;167;174m██[38;2;98;247;247m██[38;2;0;167;174m██            ██[38;2;98;247;247m██[38;2;0;167;174m████████[38;2;98;247;247m████[38;2;249;255;255m██[38;2;0;167;174m██
      ██[38;2;98;247;247m██[38;2;249;255;255m██[38;2;0;167;174m██████[38;2;98;247;247m████████[38;2;0;167;174m██            ██[38;2;98;247;247m████[38;2;0;167;174m████████[38;2;98;247;247m██████[38;2;0;167;174m██[38;2;98;247;247m██[38;2;249;255;255m██[38;2;98;247;247m██[38;2;0;167;174m██        ██[38;2;98;247;247m██[38;2;249;255;255m██[38;2;98;247;247m██████████████[38;2;0;167;174m██
      ██[38;2;98;247;247m████████[38;2;249;255;255m██[38;2;98;247;247m████[38;2;249;255;255m██[38;2;98;247;247m██[38;2;0;167;174m██            ██[38;2;98;247;247m██[38;2;249;255;255m██[38;2;98;247;247m████[38;2;249;255;255m██[38;2;98;247;247m████████[38;2;0;167;174m██[38;2;98;247;247m██████[38;2;0;167;174m██        ██[38;2;98;247;247m████[38;2;249;255;255m██[38;2;98;247;247m██████[38;2;249;255;255m██[38;2;98;247;247m██[38;2;0;167;174m██  
        ██[38;2;98;247;247m██████████[38;2;0;167;174m████[38;2;1;1;1m██              [38;2;0;167;174m██[38;2;98;247;247m██████████████[38;2;249;255;255m██[38;2;0;167;174m████[38;2;98;247;247m██[38;2;0;167;174m██████          ████[38;2;98;247;247m██████[38;2;0;167;174m██████[38;2;1;1;1m██  
        [38;2;67;73;83m██[38;2;0;167;174m██[38;2;98;247;247m██[38;2;249;255;255m██[38;2;0;167;174m████[38;2;202;208;219m████[38;2;1;1;1m██                [38;2;0;167;174m████[38;2;249;255;255m██[38;2;98;247;247m████[38;2;0;167;174m██████[38;2;1;1;1m██[38;2;134;141;168m██[38;2;0;167;174m████[38;2;67;73;83m██            ██[38;2;202;208;219m██[38;2;0;167;174m██[38;2;98;247;247m██[38;2;0;167;174m██[38;2;202;208;219m██████[38;2;1;1;1m██  
      [38;2;67;73;83m██[38;2;202;208;219m██[38;2;0;167;174m██[38;2;98;247;247m██[38;2;0;167;174m██[38;2;202;208;219m████████[38;2;1;1;1m██                [38;2;67;73;83m██[38;2;202;208;219m██[38;2;0;167;174m██[38;2;98;247;247m██[38;2;0;167;174m██[38;2;202;208;219m██████[38;2;1;1;1m██[38;2;134;141;168m██████[38;2;67;73;83m██            ██[38;2;202;208;219m██[38;2;0;167;174m██[38;2;98;247;247m██[38;2;0;167;174m██[38;2;202;208;219m██████[38;2;1;1;1m██  
      [38;2;67;73;83m██[38;2;202;208;219m██[38;2;0;167;174m██[38;2;98;247;247m██[38;2;0;167;174m██[38;2;202;208;219m██████[38;2;134;141;168m██[38;2;1;1;1m██                [38;2;67;73;83m██[38;2;202;208;219m██[38;2;0;167;174m██[38;2;98;247;247m██[38;2;0;167;174m██[38;2;202;208;219m██████[38;2;1;1;1m██[38;2;134;141;168m██████[38;2;67;73;83m██            ██[38;2;202;208;219m████[38;2;0;167;174m██[38;2;202;208;219m██████[38;2;134;141;168m██[38;2;1;1;1m██  
      [38;2;67;73;83m██[38;2;202;208;219m████[38;2;0;167;174m██[38;2;202;208;219m████[38;2;134;141;168m██████[38;2;1;1;1m██                [38;2;67;73;83m██[38;2;202;208;219m████[38;2;0;167;174m██[38;2;202;208;219m██████[38;2;134;141;168m██[38;2;1;1;1m██[38;2;134;141;168m██████[38;2;67;73;83m██            ██[38;2;134;141;168m██[38;2;202;208;219m██████[38;2;134;141;168m██████[38;2;1;1;1m██  
    [38;2;31;30;28m████[38;2;134;141;168m████████████████[38;2;1;1;1m██                [38;2;67;73;83m██[38;2;134;141;168m██[38;2;202;208;219m██████[38;2;134;141;168m██████[38;2;1;1;1m██[38;2;134;141;168m██████[38;2;67;73;83m██            ██[38;2;31;30;28m████[38;2;134;141;168m██████████[38;2;1;1;1m██  
  [38;2;31;30;28m██[38;2;134;141;168m████[38;2;31;30;28m████[38;2;134;141;168m████████[38;2;67;73;83m██[38;2;1;1;1m██                  [38;2;67;73;83m██[38;2;31;30;28m████[38;2;134;141;168m██████████[38;2;1;1;1m██[38;2;67;73;83m██████              [38;2;31;30;28m██[38;2;67;73;83m████[38;2;31;30;28m████[38;2;134;141;168m██████[38;2;1;1;1m██  
  [38;2;31;30;28m██[38;2;67;73;83m████████[38;2;1;1;1m██████[38;2;67;73;83m██                      [38;2;31;30;28m██[38;2;67;73;83m████[38;2;31;30;28m████[38;2;134;141;168m██████[38;2;1;1;1m██                  ██[38;2;134;141;168m████[38;2;67;73;83m████████[38;2;134;141;168m████[38;2;1;1;1m██  
    ████████                            [38;2;31;30;28m██[38;2;134;141;168m████[38;2;67;73;83m████████[38;2;1;1;1m████                    ██[38;2;67;73;83m████████[38;2;1;1;1m████████    
                                        [38;2;31;30;28m██[38;2;67;73;83m████████[38;2;1;1;1m████                          ████████            
                                          ████████                                                  
[0m