                      [38;2;21;22;30m██████████                                                                    
                  ██[38;2;38;40;44m██[38;2;52;57;63m██████████[38;2;38;40;44m██[38;2;21;22;30m██                                                                
                ██[38;2;52;57;63m██████████████████[38;2;21;22;30m██                                                              
              ██[38;2;52;57;63m██████████████████[38;2;38;40;44m██[38;2;52;57;63m██[38;2;21;22;30m██                                                            
              ██[38;2;52;57;63m████████████████[38;2;38;40;44m██[38;2;170;126;36m██[38;2;52;57;63m██[38;2;21;22;30m██                                                            
            ██[38;2;38;40;44m██[38;2;52;57;63m██████████████[38;2;38;40;44m██[38;2;255;205;55m██[38;2;170;126;36m██[38;2;52;57;63m████[38;2;21;22;30m██                                                          
            ██[38;2;38;40;44m██[38;2;52;57;63m██████████[38;2;38;40;44m████[38;2;140;137;140m██[38;2;253;253;253m██[38;2;38;40;44m██[38;2;52;57;63m████[38;2;21;22;30m██                                                          
            ██[38;2;253;253;253m██[38;2;38;40;44m██[38;2;81;37;41m████[38;2;38;40;44m████[38;2;115;187;191m██[38;2;52;57;63m██[38;2;115;187;191m██[38;2;253;253;253m██[38;2;38;40;44m██[38;2;52;57;63m████[38;2;21;22;30m██                                                          
    [38;2;81;37;41m██[38;2;56;29;35m██    [38;2;21;22;30m██[38;2;115;187;191m██[38;2;81;37;41m██[38;2;124;56;61m████[38;2;81;37;41m██[38;2;140;137;140m██[38;2;115;187;191m██[38;2;15;15;15m██[38;2;115;187;191m██[38;2;253;253;253m██[38;2;52;57;63m██████[38;2;21;22;30m██                                                          
  [38;2;81;37;41m██[38;2;124;56;61m████[38;2;56;29;35m██████[38;2;81;37;41m██[38;2;124;56;61m████████[38;2;81;37;41m██[38;2;140;137;140m██[38;2;115;187;191m██[38;2;253;253;253m██[38;2;170;126;36m██[38;2;52;57;63m██████[38;2;21;22;30m██                                                          
  [38;2;81;37;41m██[38;2;124;56;61m██[38;2;81;37;41m██[38;2;124;56;61m██████████████████[38;2;81;37;41m██[38;2;56;29;35m██[38;2;170;126;36m██[38;2;52;57;63m████████[38;2;21;22;30m██                                                          
[38;2;56;29;35m██[38;2;124;56;61m████[38;2;81;37;41m██[38;2;124;56;61m████████████[38;2;81;37;41m██████[38;2;56;29;35m████[38;2;170;126;36m██[38;2;52;57;63m████████[38;2;21;22;30m██                                                          
[38;2;56;29;35m██[38;2;124;56;61m████████[38;2;15;15;15m████[38;2;56;29;35m████████[38;2;15;15;15m████[38;2;170;126;36m████[38;2;52;57;63m██████████[38;2;21;22;30m██                                                          
[38;2;56;29;35m██[38;2;124;56;61m████[38;2;81;37;41m██[38;2;15;15;15m██    ████████[38;2;170;126;36m████████[38;2;52;57;63m██[38;2;255;205;55m██[38;2;52;57;63m████[38;2;38;40;44m██[38;2;21;22;30m██                                                          
[38;2;56;29;35m██[38;2;124;56;61m████[38;2;15;15;15m██      [38;2;98;74;32m██[38;2;170;126;36m████████████[38;2;52;57;63m██[38;2;255;205;55m██[38;2;170;126;36m██[38;2;52;57;63m████[38;2;38;40;44m██[38;2;21;22;30m██                                                          
  [38;2;15;15;15m████        [38;2;98;74;32m██[38;2;255;205;55m██[38;2;170;126;36m██████[38;2;255;205;55m████████[38;2;52;57;63m██████[38;2;38;40;44m██[38;2;21;22;30m██                                                          
              [38;2;98;74;32m██[38;2;255;205;55m██████████████[38;2;170;126;36m██[38;2;52;57;63m████[38;2;38;40;44m████[38;2;21;22;30m██                                                          
              [38;2;98;74;32m██[38;2;255;205;55m████████████[38;2;170;126;36m██[38;2;52;57;63m██[38;2;255;205;55m██[38;2;52;57;63m██[38;2;38;40;44m██████[38;2;15;15;15m██                                                        
              [38;2;98;74;32m██[38;2;255;205;55m████████████[38;2;52;57;63m██[38;2;255;205;55m██[38;2;170;126;36m██[38;2;38;40;44m████████[38;2;15;15;15m██                                                        
              [38;2;98;74;32m██[38;2;255;205;55m██████████[38;2;170;126;36m██[38;2;52;57;63m██[38;2;255;205;55m██[38;2;38;40;44m██████████[38;2;21;22;30m██                                                        
            [38;2;98;74;32m██[38;2;255;205;55m████████████[38;2;52;57;63m██[38;2;255;205;55m██[38;2;170;126;36m██[38;2;38;40;44m████████████[38;2;15;15;15m██                                                      
            [38;2;98;74;32m██[38;2;255;205;55m████████████████[38;2;38;40;44m████████████[38;2;21;22;30m████[38;2;15;15;15m████                                                  
          [38;2;21;22;30m██[38;2;98;74;32m██[38;2;255;205;55m██████████████[38;2;170;126;36m██[38;2;38;40;44m██[38;2;255;205;55m██[38;2;38;40;44m████[38;2;21;22;30m████[38;2;52;57;63m████████[38;2;15;15;15m██████                                            
        [38;2;21;22;30m██[38;2;52;57;63m██[38;2;98;74;32m██[38;2;255;205;55m██████████████[38;2;52;57;63m██[38;2;255;205;55m██[38;2;170;126;36m██[38;2;38;40;44m██[38;2;21;22;30m██[38;2;52;57;63m██████████████████[38;2;15;15;15m████                                        
      [38;2;21;22;30m██[38;2;52;57;63m██[38;2;98;74;32m██[38;2;255;205;55m██████████████[38;2;170;126;36m██[38;2;52;57;63m██[38;2;255;205;55m██[38;2;38;40;44m██[38;2;21;22;30m██[38;2;52;57;63m████████████████████████[38;2;15;15;15m██                                      
    [38;2;21;22;30m██[38;2;52;57;63m████[38;2;98;74;32m██[38;2;255;205;55m██████████████[38;2;52;57;63m██[38;2;255;205;55m██[38;2;170;126;36m██[38;2;38;40;44m██[38;2;21;22;30m██[38;2;52;57;63m██████████████████████████[38;2;15;15;15m██                                    
    [38;2;21;22;30m██[38;2;52;57;63m████[38;2;98;74;32m██[38;2;255;205;55m██████████████████[38;2;52;57;63m██[38;2;21;22;30m██[38;2;52;57;63m██████████████████████████████[38;2;15;15;15m██                                  
  [38;2;21;22;30m██[38;2;52;57;63m████[38;2;98;74;32m██[38;2;255;205;55m██████████████████[38;2;170;126;36m██[38;2;52;57;63m██[38;2;21;22;30m██[38;2;52;57;63m████████████████████████[38;2;170;126;36m██[38;2;255;205;55m████[38;2;170;126;36m██[38;2;98;74;32m██                                
  [38;2;21;22;30m██[38;2;52;57;63m████[38;2;98;74;32m██[38;2;255;205;55m██████████████████[38;2;52;57;63m██[38;2;38;40;44m██[38;2;52;57;63m██████████████████████[38;2;170;126;36m██[38;2;255;205;55m██████████[38;2;98;74;32m██                                
  [38;2;21;22;30m██[38;2;52;57;63m██[38;2;38;40;44m██[38;2;98;74;32m██[38;2;255;205;55m████████████████[38;2;170;126;36m██[38;2;52;57;63m██[38;2;38;40;44m██[38;2;52;57;63m██████████████████[38;2;170;126;36m██[38;2;255;205;55m████████████████[38;2;98;74;32m██                              
  [38;2;21;22;30m██[38;2;52;57;63m██[38;2;98;74;32m██[38;2;255;205;55m██████████████████[38;2;52;57;63m████[38;2;38;40;44m██[38;2;52;57;63m██████████████[38;2;170;126;36m██[38;2;255;205;55m██████████████████████[38;2;98;74;32m██                            
  [38;2;21;22;30m██[38;2;38;40;44m██[38;2;98;74;32m██[38;2;255;205;55m████████████████[38;2;170;126;36m██[38;2;52;57;63m████[38;2;38;40;44m██[38;2;52;57;63m████████████[38;2;170;126;36m██[38;2;255;205;55m████████████████████████[38;2;98;74;32m██                            
  [38;2;21;22;30m██[38;2;38;40;44m██[38;2;98;74;32m██[38;2;255;205;55m████████████████[38;2;52;57;63m████[38;2;38;40;44m████[38;2;21;22;30m██[38;2;52;57;63m████████[38;2;170;126;36m██[38;2;255;205;55m██████████████████████████[38;2;170;126;36m██[38;2;98;74;32m██                          
  [38;2;21;22;30m██[38;2;38;40;44m██[38;2;98;74;32m██[38;2;170;126;36m██[38;2;255;205;55m████████████[38;2;170;126;36m██[38;2;38;40;44m████████[38;2;21;22;30m██[38;2;52;57;63m████████[38;2;255;205;55m██████████████████████████[38;2;170;126;36m██████[38;2;15;15;15m██      [38;2;21;22;30m██  ██            
    ██[38;2;98;74;32m██[38;2;170;126;36m██████[38;2;255;205;55m████████[38;2;38;40;44m██████████[38;2;21;22;30m██[38;2;38;40;44m██[38;2;52;57;63m████[38;2;170;126;36m██[38;2;255;205;55m████████████████████████[38;2;170;126;36m██████████[38;2;15;15;15m██[38;2;21;22;30m████[38;2;38;40;44m██[38;2;21;22;30m██[38;2;38;40;44m██[38;2;21;22;30m██          
    ██[38;2;98;74;32m██[38;2;170;126;36m██████████████[38;2;38;40;44m████████[38;2;21;22;30m██[38;2;55;65;90m██[38;2;15;15;15m██[38;2;38;40;44m██[38;2;52;57;63m██[38;2;255;205;55m████████████████████████[38;2;170;126;36m██[38;2;255;205;55m██[38;2;170;126;36m██████████[38;2;98;74;32m██[38;2;38;40;44m████[38;2;21;22;30m██[38;2;38;40;44m████[38;2;21;22;30m████      
      ██[38;2;170;126;36m████████████[38;2;38;40;44m██████████[38;2;21;22;30m██[38;2;55;65;90m██[38;2;15;15;15m██[38;2;38;40;44m██[38;2;170;126;36m██[38;2;255;205;55m████████████████████[38;2;170;126;36m████[38;2;255;205;55m██[38;2;170;126;36m██[38;2;255;205;55m██[38;2;170;126;36m██[38;2;98;74;32m██[38;2;38;40;44m██████████████[38;2;21;22;30m██[38;2;38;40;44m████[38;2;21;22;30m██[38;2;15;15;15m██  
      [38;2;21;22;30m██[38;2;38;40;44m██[38;2;170;126;36m████████[38;2;38;40;44m██████████[38;2;21;22;30m██[38;2;55;65;90m██████[38;2;15;15;15m██[38;2;170;126;36m██████[38;2;255;205;55m██████████[38;2;170;126;36m████████[38;2;255;205;55m██[38;2;170;126;36m██[38;2;255;205;55m██[38;2;170;126;36m████████[38;2;98;74;32m██[38;2;38;40;44m████████████████████[38;2;15;15;15m██
        ██[38;2;38;40;44m██[38;2;170;126;36m████[38;2;38;40;44m████████████[38;2;21;22;30m██[38;2;55;65;90m████████[38;2;15;15;15m██[38;2;170;126;36m████████████████████████████████████████[38;2;98;74;32m██[38;2;38;40;44m████[38;2;21;22;30m██[38;2;15;15;15m██████████  
          ██[38;2;38;40;44m██████████████[38;2;21;22;30m██[38;2;55;65;90m████████████[38;2;15;15;15m██[38;2;170;126;36m██████████████████████████████████[38;2;98;74;32m██[38;2;15;15;15m████████              
            ██[38;2;38;40;44m██████████[38;2;21;22;30m██[38;2;55;65;90m████████████████[38;2;15;15;15m██[38;2;98;74;32m██[38;2;170;126;36m██████████████████████████[38;2;15;15;15m████                        
              ██[38;2;21;22;30m██[38;2;38;40;44m████[38;2;21;22;30m██[38;2;55;65;90m██████████████████████[38;2;15;15;15m████[38;2;98;74;32m██[38;2;170;126;36m██████████████[38;2;98;74;32m██[38;2;15;15;15m████[38;2;21;22;30m██████                      
                  [38;2;15;15;15m████[38;2;55;65;90m████████[38;2;38;40;44m██[38;2;55;65;90m██████████████████[38;2;38;40;44m██[38;2;15;15;15m██████████████[38;2;38;40;44m████████████[38;2;21;22;30m██████                
                      [38;2;15;15;15m██[38;2;21;22;30m██[38;2;55;65;90m██████[38;2;38;40;44m████[38;2;55;65;90m██████████████████[38;2;21;22;30m██    ██████████[38;2;38;40;44m██████████████[38;2;21;22;30m██████          
                          [38;2;15;15;15m██[38;2;55;65;90m██████[38;2;38;40;44m██[38;2;15;15;15m██[38;2;21;22;30m██[38;2;55;65;90m██████████[38;2;15;15;15m██[38;2;21;22;30m██                ██████████[38;2;38;40;44m██████████[38;2;21;22;30m██        
                          [38;2;56;29;35m██[38;2;21;22;30m████████    ██[38;2;55;65;90m██████[38;2;15;15;15m██[38;2;56;29;35m██                            [38;2;21;22;30m████████████        
                    [38;2;56;29;35m██████[38;2;81;37;41m██████████[38;2;56;29;35m██  [38;2;15;15;15m████████[38;2;81;37;41m████[38;2;56;29;35m██                                              
                ████[38;2;81;37;41m██[38;2;124;56;61m████[38;2;81;37;41m██[38;2;124;56;61m██[38;2;81;37;41m████[38;2;15;15;15m████[38;2;56;29;35m██[38;2;81;37;41m████████████[38;2;56;29;35m██                                              
              ██[38;2;81;37;41m██[38;2;15;15;15m██[38;2;124;56;61m████[38;2;56;29;35m██[38;2;124;56;61m████[38;2;81;37;41m██[38;2;15;15;15m██[38;2;81;37;41m██████[38;2;124;56;61m██[38;2;81;37;41m████[38;2;124;56;61m██[38;2;81;37;41m██[38;2;15;15;15m██                                                
              [38;2;56;29;35m██[38;2;15;15;15m██[38;2;124;56;61m████[38;2;56;29;35m██[38;2;124;56;61m████[38;2;56;29;35m██[38;2;15;15;15m██[38;2;124;56;61m████[38;2;56;29;35m██[38;2;124;56;61m████[38;2;56;29;35m██[38;2;124;56;61m████[38;2;15;15;15m██                                                  
                ██[38;2;124;56;61m██[38;2;56;29;35m██[38;2;15;15;15m██[38;2;124;56;61m██[38;2;56;29;35m██  [38;2;15;15;15m██[38;2;124;56;61m██[38;2;15;15;15m██[38;2;56;29;35m██[38;2;124;56;61m██[38;2;81;37;41m██[38;2;56;29;35m██[38;2;124;56;61m██[38;2;56;29;35m██                                                    
                  [38;2;15;15;15m██    ██    ████  ██[38;2;124;56;61m██[38;2;15;15;15m████[38;2;124;56;61m██[38;2;15;15;15m██                                                    
                                    ████    ██                                                      
[0m