              [38;2;98;98;115m██                                                                                                                  
            ██[38;2;229;229;229m██[38;2;98;98;115m██                                                                                                                
            ██[38;2;229;229;229m██[38;2;98;98;115m██                                                                                                                
            ██[38;2;229;229;229m██[38;2;181;149;21m██[38;2;132;107;34m██                                                                                                              
          [38;2;98;98;115m██[38;2;229;229;229m████[38;2;181;149;21m██[38;2;132;107;34m██                                                                                                              
          [38;2;98;98;115m██[38;2;229;229;229m████[38;2;181;149;21m████[38;2;132;107;34m██                                                                                                            
          [38;2;98;98;115m██[38;2;229;229;229m██[38;2;230;189;65m██[38;2;181;149;21m████[38;2;132;107;34m██                                                                                                            
          [38;2;98;98;115m██[38;2;229;229;229m██[38;2;230;189;65m██[38;2;181;149;21m██████[38;2;132;107;34m██                                                                                                          
          [38;2;98;98;115m██[38;2;229;229;229m██[38;2;181;149;21m████████[38;2;132;107;34m██                                                                                                          
          [38;2;98;98;115m██[38;2;229;229;229m██[38;2;181;149;21m██████████[38;2;132;107;34m██                                                                                                        
          [38;2;98;98;115m██[38;2;229;229;229m██[38;2;181;149;21m██████████[38;2;132;107;34m██                                                                                                        
          [38;2;98;98;115m██[38;2;229;229;229m██[38;2;181;149;21m████████████[38;2;132;107;34m██                                                                                                      
          [38;2;98;98;115m██[38;2;229;229;229m██[38;2;181;149;21m████[38;2;132;107;34m██[38;2;181;149;21m██████[38;2;132;107;34m██                                                                                                      
          [38;2;98;98;115m██[38;2;229;229;229m██[38;2;181;149;21m████[38;2;132;107;34m██[38;2;230;189;65m██[38;2;181;149;21m██████[38;2;132;107;34m██                                                                                                    
          [38;2;98;98;115m██[38;2;229;229;229m██[38;2;230;189;65m██[38;2;181;149;21m██[38;2;132;107;34m██[38;2;230;189;65m██[38;2;181;149;21m██████[38;2;132;107;34m██                                                                                                    
          [38;2;98;98;115m██[38;2;229;229;229m██[38;2;230;189;65m██[38;2;181;149;21m████[38;2;132;107;34m██[38;2;230;189;65m██[38;2;181;149;21m██████[38;2;132;107;34m██                                                                                                  
          [38;2;98;98;115m██[38;2;229;229;229m████[38;2;181;149;21m████[38;2;132;107;34m██[38;2;230;189;65m██[38;2;181;149;21m██████[38;2;132;107;34m██                                                                                                  
            [38;2;98;98;115m██[38;2;229;229;229m██[38;2;181;149;21m██████[38;2;132;107;34m██[38;2;230;189;65m██[38;2;181;149;21m██████[38;2;132;107;34m██                                                                                                
            [38;2;98;98;115m██[38;2;229;229;229m██[38;2;181;149;21m██████[38;2;132;107;34m██[38;2;230;189;65m██[38;2;181;149;21m██████[38;2;132;107;34m██                                                                                                
            [38;2;98;98;115m██[38;2;229;229;229m██[38;2;230;189;65m██[38;2;181;149;21m██████[38;2;132;107;34m██[38;2;230;189;65m██[38;2;181;149;21m██████[38;2;132;107;34m██                                                                                              
            [38;2;98;98;115m██[38;2;229;229;229m████[38;2;181;149;21m██████[38;2;132;107;34m██[38;2;230;189;65m██[38;2;181;149;21m██████[38;2;132;107;34m██                                                                                              
              [38;2;98;98;115m██[38;2;229;229;229m██[38;2;181;149;21m████████[38;2;132;107;34m██[38;2;230;189;65m██[38;2;181;149;21m██████[38;2;132;107;34m██                                                                                            
              [38;2;65;65;82m██[38;2;229;229;229m██[38;2;230;189;65m██[38;2;181;149;21m██████[38;2;132;107;34m██[38;2;230;189;65m██[38;2;181;149;21m██████[38;2;132;107;34m██                                                                                            
              [38;2;65;65;82m██[38;2;229;229;229m████[38;2;181;149;21m████████[38;2;132;107;34m██[38;2;230;189;65m██[38;2;181;149;21m██████[38;2;132;107;34m██                                                                                          
                [38;2;98;98;115m██[38;2;229;229;229m██[38;2;230;189;65m██[38;2;181;149;21m██████[38;2;132;107;34m██[38;2;230;189;65m██[38;2;181;149;21m██[38;2;230;189;65m██[38;2;181;149;21m██[38;2;132;107;34m██                                                                                          
                [38;2;65;65;82m██[38;2;229;229;229m████[38;2;181;149;21m████████[38;2;132;107;34m██[38;2;230;189;65m██[38;2;132;107;34m██[38;2;181;149;21m████[38;2;132;107;34m██                                                                                        
                  [38;2;65;65;82m██[38;2;229;229;229m██[38;2;230;189;65m██[38;2;181;149;21m████[38;2;230;189;65m██[38;2;132;107;34m████[38;2;181;149;21m██████[38;2;132;107;34m██                                                                                        
                  [38;2;65;65;82m██[38;2;229;229;229m████[38;2;181;149;21m████[38;2;132;107;34m██[38;2;181;149;21m██[38;2;132;107;34m██[38;2;230;189;65m██[38;2;181;149;21m██████[38;2;132;107;34m██                                                                                      
                    [38;2;65;65;82m██[38;2;229;229;229m██[38;2;230;189;65m██[38;2;181;149;21m████████[38;2;132;107;34m██[38;2;181;149;21m████[38;2;132;107;34m██[38;2;230;189;65m██[38;2;132;107;34m██                                                                                    
                    [38;2;65;65;82m██[38;2;229;229;229m████[38;2;181;149;21m████████████[38;2;132;107;34m██[38;2;230;189;65m██████[38;2;132;107;34m██                                                        [38;2;41;41;41m████                      
                      [38;2;65;65;82m██[38;2;229;229;229m██[38;2;230;189;65m██[38;2;181;149;21m██████████[38;2;132;107;34m██[38;2;230;189;65m██████[38;2;181;149;21m██[38;2;106;24;24m██[38;2;16;16;16m████                                                [38;2;41;41;41m██[38;2;255;46;40m██[38;2;41;41;41m██                      
                      [38;2;65;65;82m██[38;2;229;229;229m████[38;2;181;149;21m████████[38;2;132;107;34m██[38;2;230;189;65m██████[38;2;181;149;21m██[38;2;106;24;24m██[38;2;197;49;49m██████[38;2;106;24;24m██[38;2;16;16;16m██                                          [38;2;41;41;41m██[38;2;255;46;40m████[38;2;41;41;41m██                      
████                    ██[38;2;229;229;229m██[38;2;230;189;65m██[38;2;181;149;21m██████[38;2;132;107;34m██[38;2;230;189;65m████[38;2;181;149;21m██[38;2;106;24;24m██[38;2;197;49;49m██████████[38;2;148;49;65m██[38;2;16;16;16m██                                      [38;2;41;41;41m██[38;2;98;98;115m██[38;2;255;46;40m████[38;2;41;41;41m██                      
██[38;2;255;46;40m██[38;2;41;41;41m██                  ██[38;2;229;229;229m████[38;2;181;149;21m██████[38;2;132;107;34m██[38;2;230;189;65m████[38;2;106;24;24m██[38;2;197;49;49m██████████████[38;2;65;65;82m██[38;2;16;16;16m██                                  [38;2;41;41;41m██[38;2;98;98;115m████[38;2;255;46;40m████[38;2;41;41;41m██                      
██[38;2;255;46;40m██[38;2;98;98;115m██[38;2;41;41;41m██                  ██[38;2;229;229;229m██[38;2;230;189;65m██[38;2;181;149;21m████[38;2;132;107;34m██[38;2;230;189;65m██[38;2;181;149;21m██[38;2;106;24;24m██[38;2;197;49;49m██████████████[38;2;65;65;82m██[38;2;98;98;115m██[38;2;16;16;16m██                              [38;2;41;41;41m██[38;2;98;98;115m██████[38;2;255;46;40m██[38;2;41;41;41m██                        
██[38;2;255;46;40m████[38;2;98;98;115m██[38;2;41;41;41m██                ██[38;2;229;229;229m████[38;2;181;149;21m████[38;2;132;107;34m██[38;2;230;189;65m██[38;2;132;107;34m██[38;2;197;49;49m██████████████[38;2;148;49;65m██[38;2;98;98;115m██████[38;2;16;16;16m████                        [38;2;41;41;41m██[38;2;98;98;115m██████[38;2;255;46;40m████[38;2;41;41;41m██                        
██[38;2;255;46;40m████[38;2;98;98;115m████[38;2;41;41;41m██                ██[38;2;229;229;229m████[38;2;181;149;21m██[38;2;132;107;34m██[38;2;230;189;65m██[38;2;106;24;24m██[38;2;197;49;49m████████████[38;2;148;49;65m██[38;2;98;98;115m██████████[38;2;65;65;82m██[38;2;16;16;16m████                  [38;2;41;41;41m██[38;2;98;98;115m██████[38;2;255;46;40m██████[38;2;41;41;41m██                        
██[38;2;255;46;40m██████[38;2;98;98;115m████[38;2;41;41;41m██                ██[38;2;229;229;229m██[38;2;181;149;21m████[38;2;230;189;65m██[38;2;106;24;24m██[38;2;197;49;49m██████████[38;2;65;65;82m██[38;2;98;98;115m██████████████████[38;2;16;16;16m██            [38;2;41;41;41m████[38;2;98;98;115m████[38;2;255;46;40m████████[38;2;41;41;41m██                          
  ██[38;2;255;46;40m██████[38;2;98;98;115m████[38;2;41;41;41m██              [38;2;16;16;16m██[38;2;172;164;180m██[38;2;229;229;229m██[38;2;181;149;21m██[38;2;132;107;34m██[38;2;106;24;24m██[38;2;197;49;49m██████[38;2;65;65;82m████[38;2;98;98;115m██████████████████████[38;2;16;16;16m██      [38;2;41;41;41m████[38;2;98;98;115m██████[38;2;255;46;40m██████████[38;2;41;41;41m██                          
  ██[38;2;255;46;40m████████[38;2;98;98;115m████[38;2;41;41;41m████            [38;2;16;16;16m██[38;2;229;229;229m██[38;2;181;149;21m██[38;2;132;107;34m██[38;2;106;24;24m██[38;2;65;65;82m██████[38;2;98;98;115m██████[38;2;65;65;82m██[38;2;41;41;41m██[38;2;98;98;115m██████████████████[38;2;16;16;16m██[38;2;41;41;41m████[38;2;98;98;115m████[38;2;65;65;82m████[38;2;98;98;115m██████[38;2;255;46;40m██████[38;2;41;41;41m██                          
  ██[38;2;255;46;40m████[38;2;98;98;115m██████[38;2;65;65;82m██[38;2;98;98;115m████[38;2;41;41;41m████      ██[38;2;65;65;82m██[38;2;16;16;16m██[38;2;229;229;229m██[38;2;181;149;21m██[38;2;132;107;34m██[38;2;16;16;16m██[38;2;98;98;115m████████[38;2;65;65;82m██[38;2;172;164;180m██[38;2;41;41;41m██[38;2;98;98;115m██████████████[38;2;41;41;41m██████[38;2;98;98;115m████[38;2;65;65;82m████[38;2;98;98;115m████████[38;2;255;46;40m██████[38;2;41;41;41m██                            
    ██[38;2;255;46;40m████[38;2;98;98;115m██████[38;2;65;65;82m████[38;2;98;98;115m████[38;2;41;41;41m████████[38;2;65;65;82m██[38;2;16;16;16m██[38;2;172;164;180m██[38;2;181;149;21m██[38;2;132;107;34m██[38;2;16;16;16m██[38;2;98;98;115m████[38;2;65;65;82m████[38;2;16;16;16m██[38;2;229;229;229m██[38;2;255;46;40m██[38;2;41;41;41m██[38;2;98;98;115m████[38;2;41;41;41m████████[38;2;98;98;115m██████[38;2;65;65;82m████[38;2;98;98;115m██████████[38;2;255;46;40m████████[38;2;41;41;41m██                            
    ██[38;2;255;46;40m██████[38;2;98;98;115m████████[38;2;65;65;82m████[38;2;98;98;115m████[38;2;65;65;82m██[38;2;41;41;41m██████[38;2;16;16;16m██[38;2;172;164;180m██[38;2;181;149;21m██[38;2;132;107;34m██[38;2;16;16;16m██[38;2;65;65;82m██[38;2;132;107;34m██[38;2;172;164;180m██[38;2;229;229;229m██[38;2;255;46;40m██[38;2;41;41;41m████████[38;2;65;65;82m██[38;2;98;98;115m██████[38;2;65;65;82m██████[38;2;98;98;115m██████[38;2;255;46;40m████████████[38;2;16;16;16m████                              
      ████[38;2;255;46;40m████████[38;2;98;98;115m██████[38;2;65;65;82m██████████████[38;2;16;16;16m██[38;2;172;164;180m██[38;2;181;149;21m██[38;2;132;107;34m██[38;2;181;149;21m████[38;2;132;107;34m████[38;2;41;41;41m██[38;2;65;65;82m████████████████[38;2;98;98;115m██[38;2;255;46;40m████████████[38;2;16;16;16m██████████[38;2;65;65;82m████[38;2;16;16;16m██                            
          ████████[38;2;255;46;40m████████████[38;2;98;98;115m██[38;2;65;65;82m████████[38;2;16;16;16m██[38;2;172;164;180m██[38;2;181;149;21m██[38;2;132;107;34m██████[38;2;65;65;82m██████████[38;2;255;46;40m████████████[38;2;16;16;16m████████████[38;2;148;49;65m██████[38;2;16;16;16m██[38;2;65;65;82m████████[38;2;16;16;16m██                          
                  ████████████[38;2;255;46;40m████████████[38;2;41;41;41m██[38;2;172;164;180m██[38;2;132;107;34m██[38;2;255;46;40m██████████████[38;2;16;16;16m████████████[38;2;181;149;21m████[38;2;106;24;24m██[38;2;204;77;77m████[38;2;106;24;24m██[38;2;148;49;65m████[38;2;16;16;16m██[38;2;41;41;41m██████[38;2;65;65;82m████[38;2;41;41;41m██[38;2;16;16;16m██                        
                              ████████████[38;2;255;46;40m██████[38;2;16;16;16m██████████████[38;2;65;65;82m██[38;2;16;16;16m██[38;2;41;41;41m████[38;2;181;149;21m██████[38;2;106;24;24m██[38;2;204;77;77m████[38;2;106;24;24m██[38;2;148;49;65m████[38;2;106;24;24m██[38;2;41;41;41m████████████[38;2;65;65;82m██[38;2;41;41;41m██[38;2;16;16;16m██                      
                                        [38;2;132;107;34m██[38;2;16;16;16m████[38;2;41;41;41m██[38;2;65;65;82m████[38;2;41;41;41m██[38;2;16;16;16m██[38;2;65;65;82m██[38;2;41;41;41m██[38;2;65;65;82m██████[38;2;16;16;16m██[38;2;132;107;34m██[38;2;230;189;65m████[38;2;106;24;24m██[38;2;204;77;77m████[38;2;106;24;24m██[38;2;148;49;65m██████[38;2;106;24;24m██[38;2;41;41;41m██████████████[38;2;65;65;82m██[38;2;41;41;41m██[38;2;16;16;16m██                    
                                    [38;2;132;107;34m████[38;2;181;149;21m████████[38;2;16;16;16m██████[38;2;41;41;41m██[38;2;65;65;82m████[38;2;41;41;41m██[38;2;65;65;82m████[38;2;98;98;115m██[38;2;132;107;34m██[38;2;230;189;65m████[38;2;106;24;24m██[38;2;204;77;77m████[38;2;106;24;24m██[38;2;148;49;65m████[38;2;106;24;24m██[38;2;65;65;82m██[38;2;16;16;16m██[38;2;41;41;41m██████████████████[38;2;16;16;16m██                  
                                [38;2;106;24;24m████[38;2;204;77;77m██[38;2;106;24;24m████[38;2;181;149;21m████[38;2;230;189;65m████[38;2;132;107;34m██[38;2;65;65;82m████[38;2;41;41;41m██[38;2;65;65;82m████[38;2;41;41;41m██[38;2;98;98;115m██[38;2;132;107;34m██[38;2;230;189;65m████[38;2;106;24;24m██[38;2;204;77;77m████[38;2;106;24;24m██[38;2;148;49;65m██████[38;2;106;24;24m██[38;2;65;65;82m████[38;2;16;16;16m██[38;2;41;41;41m████████████████[38;2;16;16;16m██                  
                            [38;2;106;24;24m████[38;2;204;77;77m██████████[38;2;106;24;24m██[38;2;230;189;65m████████[38;2;132;107;34m██[38;2;65;65;82m██[38;2;41;41;41m██[38;2;65;65;82m██[38;2;98;98;115m██[38;2;65;65;82m██[38;2;98;98;115m██[38;2;132;107;34m██[38;2;230;189;65m████[38;2;106;24;24m██[38;2;204;77;77m████[38;2;106;24;24m██[38;2;148;49;65m████[38;2;106;24;24m██[38;2;16;16;16m██[38;2;65;65;82m██████[38;2;16;16;16m██[38;2;41;41;41m████████████████[38;2;16;16;16m██                
                          [38;2;106;24;24m██[38;2;148;49;65m████[38;2;106;24;24m████[38;2;204;77;77m████████[38;2;106;24;24m██[38;2;230;189;65m██████[38;2;132;107;34m██[38;2;98;98;115m██[38;2;65;65;82m██[38;2;98;98;115m██████[38;2;65;65;82m██[38;2;132;107;34m██[38;2;230;189;65m██[38;2;181;149;21m██[38;2;106;24;24m██[38;2;204;77;77m████[38;2;106;24;24m██[38;2;148;49;65m████[38;2;106;24;24m██[38;2;41;41;41m██[38;2;16;16;16m██[38;2;65;65;82m████[38;2;98;98;115m██[38;2;16;16;16m██[38;2;41;41;41m██████████████[38;2;16;16;16m██                
                          ██[38;2;148;49;65m████████[38;2;106;24;24m██[38;2;204;77;77m████████[38;2;106;24;24m██[38;2;230;189;65m██████[38;2;132;107;34m██[38;2;65;65;82m██[38;2;98;98;115m██████[38;2;65;65;82m██[38;2;132;107;34m██[38;2;230;189;65m██[38;2;181;149;21m██[38;2;204;77;77m██████[38;2;16;16;16m██[38;2;148;49;65m██[38;2;106;24;24m██[38;2;41;41;41m██████[38;2;16;16;16m██[38;2;65;65;82m██[38;2;98;98;115m████[38;2;16;16;16m██[38;2;41;41;41m██████████████[38;2;16;16;16m██              
                            ████[38;2;148;49;65m██████[38;2;106;24;24m██[38;2;204;77;77m████████[38;2;106;24;24m██[38;2;230;189;65m████[38;2;132;107;34m██[38;2;98;98;115m██[38;2;65;65;82m██[38;2;98;98;115m████[38;2;65;65;82m██[38;2;132;107;34m██[38;2;230;189;65m██[38;2;204;77;77m██[38;2;255;46;40m████[38;2;204;77;77m██[38;2;16;16;16m██[38;2;106;24;24m██[38;2;16;16;16m██[38;2;41;41;41m████████[38;2;16;16;16m██[38;2;65;65;82m██[38;2;98;98;115m████[38;2;16;16;16m██[38;2;41;41;41m████████████[38;2;16;16;16m██              
                                ████[38;2;148;49;65m████[38;2;106;24;24m██[38;2;204;77;77m████████[38;2;181;149;21m██[38;2;230;189;65m████[38;2;132;107;34m██[38;2;65;65;82m██[38;2;98;98;115m████[38;2;65;65;82m██[38;2;132;107;34m██[38;2;230;189;65m██[38;2;204;77;77m██[38;2;255;46;40m████[38;2;204;77;77m██[38;2;16;16;16m██[38;2;65;65;82m██[38;2;16;16;16m██[38;2;41;41;41m██████████[38;2;16;16;16m██[38;2;98;98;115m████[38;2;65;65;82m██[38;2;41;41;41m██████████[38;2;16;16;16m██████            
                                  [38;2;41;41;41m██[38;2;16;16;16m████[38;2;148;49;65m██[38;2;106;24;24m██[38;2;204;77;77m████████[38;2;181;149;21m██[38;2;230;189;65m██[38;2;132;107;34m██[38;2;98;98;115m██[38;2;65;65;82m██[38;2;98;98;115m██[38;2;65;65;82m██[38;2;132;107;34m██[38;2;230;189;65m██[38;2;204;77;77m████████[38;2;16;16;16m██[38;2;65;65;82m██[38;2;16;16;16m██[38;2;41;41;41m████[38;2;16;16;16m██[38;2;41;41;41m████[38;2;132;107;34m██[38;2;16;16;16m██[38;2;98;98;115m████[38;2;16;16;16m██[38;2;222;222;222m██████████████[38;2;41;41;41m██████      
                                  ██[38;2;98;98;115m██[38;2;65;65;82m██[38;2;16;16;16m████[38;2;204;77;77m████[38;2;255;46;40m████[38;2;204;77;77m██[38;2;181;149;21m██[38;2;230;189;65m██[38;2;132;107;34m██[38;2;65;65;82m██[38;2;98;98;115m██[38;2;65;65;82m██[38;2;132;107;34m██[38;2;181;149;21m██[38;2;204;77;77m████████[38;2;16;16;16m██[38;2;65;65;82m██[38;2;41;41;41m████[38;2;16;16;16m██[38;2;181;149;21m██[38;2;16;16;16m██[38;2;132;107;34m██[38;2;230;189;65m██[38;2;16;16;16m██[38;2;98;98;115m████[38;2;16;16;16m████████████████[38;2;172;164;180m██[38;2;222;222;222m████[38;2;65;65;82m████  
                      [38;2;98;98;115m██████████[38;2;41;41;41m██[38;2;98;98;115m████[38;2;65;65;82m██[38;2;16;16;16m██[38;2;41;41;41m██[38;2;16;16;16m██[38;2;204;77;77m██[38;2;255;46;40m████[38;2;204;77;77m████[38;2;181;149;21m██[38;2;132;107;34m██[38;2;98;98;115m██[38;2;65;65;82m██[38;2;98;98;115m████[38;2;181;149;21m██[38;2;204;77;77m██[38;2;16;16;16m██████[38;2;65;65;82m██[38;2;16;16;16m██[38;2;41;41;41m██[38;2;172;164;180m██[38;2;16;16;16m██[38;2;181;149;21m██[38;2;132;107;34m██[38;2;230;189;65m████[38;2;181;149;21m██[38;2;16;16;16m████████[38;2;41;41;41m██████████[38;2;16;16;16m██████[38;2;65;65;82m██[38;2;172;164;180m██[38;2;222;222;222m██[38;2;41;41;41m██
                [38;2;98;98;115m██████[38;2;222;222;222m██████████[38;2;41;41;41m██[38;2;98;98;115m██[38;2;65;65;82m██[38;2;16;16;16m██[38;2;172;164;180m██[38;2;41;41;41m████[38;2;16;16;16m██[38;2;204;77;77m██████████[38;2;181;149;21m██[38;2;16;16;16m██[38;2;65;65;82m██[38;2;98;98;115m████[38;2;16;16;16m████[38;2;65;65;82m████████[38;2;16;16;16m██[38;2;172;164;180m██[38;2;16;16;16m██[38;2;181;149;21m████[38;2;132;107;34m██[38;2;230;189;65m████[38;2;132;107;34m██[38;2;181;149;21m██[38;2;132;107;34m██[38;2;230;189;65m████[38;2;16;16;16m██[38;2;41;41;41m████████[38;2;16;16;16m██[38;2;65;65;82m██[38;2;172;164;180m██[38;2;222;222;222m████[38;2;41;41;41m██  
            [38;2;98;98;115m████[38;2;222;222;222m████[38;2;172;164;180m██[38;2;65;65;82m██[38;2;16;16;16m██████████[38;2;98;98;115m██[38;2;65;65;82m██[38;2;132;107;34m██[38;2;172;164;180m██████[38;2;16;16;16m████[38;2;204;77;77m████████[38;2;16;16;16m████[38;2;98;98;115m████████████[38;2;65;65;82m██████[38;2;172;164;180m████[38;2;16;16;16m██[38;2;181;149;21m██[38;2;132;107;34m██[38;2;230;189;65m████[38;2;132;107;34m██[38;2;181;149;21m██[38;2;132;107;34m██[38;2;230;189;65m████[38;2;16;16;16m██[38;2;41;41;41m████[38;2;16;16;16m██[38;2;172;164;180m██[38;2;222;222;222m████████[38;2;41;41;41m████    
          [38;2;98;98;115m██[38;2;222;222;222m████[38;2;65;65;82m██[38;2;16;16;16m████        [38;2;132;107;34m████[38;2;65;65;82m██[38;2;132;107;34m██[38;2;230;189;65m██[38;2;16;16;16m██[38;2;41;41;41m████████[38;2;16;16;16m████████[38;2;65;65;82m██[38;2;98;98;115m████████████[38;2;65;65;82m████[38;2;172;164;180m██████[38;2;41;41;41m██[38;2;16;16;16m██[38;2;181;149;21m██[38;2;132;107;34m██[38;2;230;189;65m██[38;2;132;107;34m██[38;2;181;149;21m██[38;2;132;107;34m██[38;2;230;189;65m██[38;2;181;149;21m██[38;2;16;16;16m██[38;2;41;41;41m████████[38;2;16;16;16m██[38;2;172;164;180m██[38;2;222;222;222m██[38;2;16;16;16m████        
        [38;2;65;65;82m██[38;2;222;222;222m████[38;2;16;16;16m██              ██[38;2;230;189;65m██[38;2;132;107;34m████[38;2;230;189;65m██[38;2;16;16;16m██[38;2;41;41;41m██[38;2;132;107;34m██[38;2;16;16;16m██[38;2;41;41;41m████[38;2;16;16;16m██[38;2;172;164;180m██████[38;2;65;65;82m████████████[38;2;172;164;180m██████[38;2;16;16;16m████[38;2;41;41;41m██[38;2;132;107;34m██████[38;2;181;149;21m████[38;2;132;107;34m██[38;2;230;189;65m██[38;2;132;107;34m██[38;2;16;16;16m██[38;2;41;41;41m████████████[38;2;16;16;16m██[38;2;222;222;222m██[38;2;16;16;16m██          
      [38;2;65;65;82m██[38;2;172;164;180m████[38;2;222;222;222m████[38;2;16;16;16m██        [38;2;132;107;34m████[38;2;16;16;16m██[38;2;230;189;65m████[38;2;132;107;34m██[38;2;230;189;65m██[38;2;16;16;16m██[38;2;132;107;34m██[38;2;181;149;21m██[38;2;16;16;16m██[38;2;172;164;180m████[38;2;41;41;41m██[38;2;16;16;16m██[38;2;41;41;41m██[38;2;222;222;222m██████████████[38;2;41;41;41m██[38;2;16;16;16m████[38;2;65;65;82m██[38;2;16;16;16m██[38;2;132;107;34m██[38;2;181;149;21m██[38;2;230;189;65m████[38;2;132;107;34m██[38;2;181;149;21m██[38;2;132;107;34m████[38;2;181;149;21m██[38;2;16;16;16m██[38;2;222;222;222m██████████████[38;2;16;16;16m██[38;2;65;65;82m████[38;2;172;164;180m██      
        [38;2;16;16;16m██████[38;2;65;65;82m██    [38;2;98;98;115m██████[38;2;16;16;16m██[38;2;181;149;21m██[38;2;16;16;16m██[38;2;230;189;65m████[38;2;132;107;34m██[38;2;230;189;65m██[38;2;16;16;16m██[38;2;181;149;21m████[38;2;16;16;16m██[38;2;41;41;41m██[38;2;16;16;16m██████[38;2;98;98;115m██[38;2;41;41;41m██[38;2;16;16;16m██████████[38;2;41;41;41m██[38;2;98;98;115m████[38;2;65;65;82m████[38;2;132;107;34m████[38;2;230;189;65m████████[38;2;132;107;34m██[38;2;181;149;21m████[38;2;16;16;16m████████████████[38;2;172;164;180m██[38;2;222;222;222m████████[38;2;65;65;82m████  
                [38;2;98;98;115m████[38;2;222;222;222m██████[38;2;16;16;16m██[38;2;181;149;21m██[38;2;132;107;34m██[38;2;16;16;16m██[38;2;230;189;65m██[38;2;181;149;21m██[38;2;230;189;65m██[38;2;16;16;16m██[38;2;181;149;21m████[38;2;16;16;16m██[38;2;41;41;41m██[38;2;16;16;16m██[38;2;222;222;222m████[38;2;65;65;82m██[38;2;98;98;115m██████████████[38;2;65;65;82m████[38;2;172;164;180m██[38;2;132;107;34m██[38;2;230;189;65m████[38;2;132;107;34m██[38;2;230;189;65m████[38;2;181;149;21m██[38;2;16;16;16m██████[38;2;41;41;41m████████████████[38;2;16;16;16m████████[38;2;172;164;180m██[38;2;222;222;222m██[38;2;172;164;180m██[38;2;65;65;82m██
            [38;2;98;98;115m████[38;2;222;222;222m██[38;2;172;164;180m██[38;2;65;65;82m██[38;2;16;16;16m██████[38;2;181;149;21m████[38;2;16;16;16m██[38;2;132;107;34m██[38;2;181;149;21m████[38;2;16;16;16m██[38;2;181;149;21m██[38;2;132;107;34m██[38;2;41;41;41m████[38;2;106;24;24m██[38;2;41;41;41m██[38;2;222;222;222m████[38;2;172;164;180m██[38;2;65;65;82m████████████[38;2;172;164;180m████[38;2;132;107;34m██[38;2;230;189;65m████████[38;2;16;16;16m██████[38;2;197;49;49m██[38;2;106;24;24m██[38;2;41;41;41m████████████████████[38;2;16;16;16m██[38;2;172;164;180m██[38;2;222;222;222m████[38;2;172;164;180m██[38;2;41;41;41m██  
          [38;2;98;98;115m██[38;2;222;222;222m████[38;2;65;65;82m██[38;2;16;16;16m██        ██[38;2;181;149;21m██[38;2;132;107;34m██[38;2;230;189;65m██████[38;2;132;107;34m██[38;2;181;149;21m██[38;2;16;16;16m██[38;2;106;24;24m████[38;2;197;49;49m████[38;2;41;41;41m████[38;2;222;222;222m████████████████[38;2;16;16;16m████[38;2;230;189;65m██████[38;2;16;16;16m██[38;2;197;49;49m██████████[38;2;106;24;24m████[38;2;41;41;41m████████████[38;2;172;164;180m██[38;2;222;222;222m██████[38;2;172;164;180m██[38;2;41;41;41m████    
        [38;2;98;98;115m██[38;2;222;222;222m████[38;2;16;16;16m██          [38;2;106;24;24m████[38;2;16;16;16m██[38;2;230;189;65m████[38;2;132;107;34m████[38;2;230;189;65m██[38;2;132;107;34m██[38;2;16;16;16m██[38;2;197;49;49m████████████[38;2;41;41;41m████████████████[38;2;197;49;49m██[38;2;16;16;16m██[38;2;181;149;21m██[38;2;230;189;65m██[38;2;16;16;16m██[38;2;197;49;49m████████████████[38;2;106;24;24m██[38;2;41;41;41m██[38;2;16;16;16m██[38;2;172;164;180m██[38;2;222;222;222m██████[38;2;172;164;180m██[38;2;16;16;16m████[38;2;41;41;41m██        
      [38;2;65;65;82m██[38;2;172;164;180m████[38;2;222;222;222m████[38;2;16;16;16m██      [38;2;106;24;24m██[38;2;197;49;49m████[38;2;16;16;16m██[38;2;230;189;65m██[38;2;132;107;34m██[38;2;230;189;65m████[38;2;132;107;34m██[38;2;230;189;65m██[38;2;181;149;21m██[38;2;16;16;16m██[38;2;197;49;49m██████████[38;2;65;65;82m██[38;2;98;98;115m████████████[38;2;148;49;65m██[38;2;197;49;49m████[38;2;16;16;16m████[38;2;197;49;49m████████████████████[38;2;16;16;16m██[38;2;41;41;41m██[38;2;16;16;16m██[38;2;172;164;180m██[38;2;222;222;222m██[38;2;16;16;16m████              
        ██████[38;2;65;65;82m██      [38;2;106;24;24m██[38;2;197;49;49m████████[38;2;132;107;34m██[38;2;230;189;65m██████[38;2;181;149;21m██[38;2;132;107;34m██[38;2;230;189;65m██[38;2;16;16;16m██[38;2;197;49;49m██████████[38;2;148;49;65m██[38;2;98;98;115m██████████[38;2;106;24;24m██[38;2;197;49;49m████████████████████████████████[38;2;16;16;16m██[38;2;41;41;41m██[38;2;16;16;16m██[38;2;222;222;222m██[38;2;16;16;16m██                
                      [38;2;106;24;24m██[38;2;197;49;49m████████[38;2;16;16;16m██[38;2;230;189;65m██████[38;2;181;149;21m██[38;2;16;16;16m██[38;2;181;149;21m██[38;2;16;16;16m██[38;2;197;49;49m████[38;2;148;49;65m████[38;2;197;49;49m████[38;2;65;65;82m██████████[38;2;106;24;24m██[38;2;197;49;49m████████████████████████████████[38;2;16;16;16m██[38;2;41;41;41m██████[38;2;16;16;16m██                
                    [38;2;106;24;24m██[38;2;197;49;49m██████████[38;2;16;16;16m██[38;2;181;149;21m██[38;2;230;189;65m████[38;2;16;16;16m██[38;2;197;49;49m██[38;2;16;16;16m██[38;2;197;49;49m██████████[38;2;148;49;65m████[38;2;106;24;24m██[38;2;65;65;82m████████[38;2;106;24;24m██[38;2;197;49;49m██████[38;2;106;24;24m██[38;2;197;49;49m██[38;2;98;98;115m██[38;2;197;49;49m████████████████[38;2;98;98;115m██[38;2;197;49;49m████[38;2;16;16;16m██[38;2;41;41;41m██[38;2;16;16;16m██                  
                    [38;2;106;24;24m██[38;2;197;49;49m████████[38;2;148;49;65m██[38;2;98;98;115m██[38;2;16;16;16m██[38;2;230;189;65m██[38;2;181;149;21m██[38;2;16;16;16m██[38;2;197;49;49m██████████████████[38;2;148;49;65m██[38;2;106;24;24m██[38;2;65;65;82m████[38;2;106;24;24m██[38;2;148;49;65m████[38;2;197;49;49m████[38;2;106;24;24m██[38;2;197;49;49m██[38;2;98;98;115m████[38;2;197;49;49m██████████████[38;2;98;98;115m██[38;2;197;49;49m████[38;2;16;16;16m████                    
                    [38;2;106;24;24m██[38;2;98;98;115m██[38;2;197;49;49m██[38;2;98;98;115m██████[38;2;148;49;65m████[38;2;16;16;16m████[38;2;148;49;65m████[38;2;197;49;49m████████[38;2;148;49;65m████████████[38;2;106;24;24m██[38;2;65;65;82m██[38;2;106;24;24m██[38;2;148;49;65m██████[38;2;106;24;24m██[38;2;148;49;65m██[38;2;197;49;49m██[38;2;148;49;65m██[38;2;98;98;115m██████[38;2;197;49;49m██████[38;2;98;98;115m████[38;2;148;49;65m██[38;2;197;49;49m██[38;2;148;49;65m██[38;2;16;16;16m██                      
                    [38;2;106;24;24m██[38;2;98;98;115m██████[38;2;148;49;65m████████████████████████████████████[38;2;16;16;16m████████[38;2;148;49;65m████[38;2;106;24;24m██[38;2;148;49;65m██[38;2;197;49;49m██████[38;2;148;49;65m██[38;2;98;98;115m██████████[38;2;148;49;65m██[38;2;197;49;49m████[38;2;106;24;24m██                        
                      ██[38;2;98;98;115m██[38;2;148;49;65m██████████████[38;2;106;24;24m████[38;2;148;49;65m████████████[38;2;106;24;24m██[38;2;16;16;16m██████[38;2;41;41;41m████████[38;2;16;16;16m██████[38;2;148;49;65m████[38;2;197;49;49m████████[38;2;148;49;65m██[38;2;98;98;115m████[38;2;148;49;65m██[38;2;197;49;49m████[38;2;148;49;65m██[38;2;16;16;16m██                        
                      ██[38;2;148;49;65m████████████████████[38;2;16;16;16m████████████[38;2;41;41;41m██████████████████████[38;2;16;16;16m██[38;2;148;49;65m████[38;2;197;49;49m████████████████[38;2;148;49;65m██[38;2;16;16;16m██                          
                        ██[38;2;148;49;65m██████████████████[38;2;16;16;16m██    [38;2;41;41;41m██[38;2;65;65;82m██[38;2;41;41;41m████████████████████████[38;2;65;65;82m██[38;2;16;16;16m██[38;2;148;49;65m██████[38;2;197;49;49m████████[38;2;148;49;65m██████[38;2;16;16;16m██  ██████                  
                          ██[38;2;106;24;24m██[38;2;148;49;65m████████████[38;2;16;16;16m██    [38;2;41;41;41m██[38;2;98;98;115m██████[38;2;65;65;82m██[38;2;41;41;41m██████████████[38;2;65;65;82m██████████[38;2;16;16;16m██[38;2;148;49;65m████████████████[38;2;16;16;16m██████[38;2;65;65;82m██████[38;2;16;16;16m██████            
                              ██[38;2;106;24;24m██[38;2;148;49;65m████████[38;2;16;16;16m██    [38;2;41;41;41m██[38;2;98;98;115m████████████[38;2;65;65;82m██████████████████████[38;2;16;16;16m██[38;2;148;49;65m████████████[38;2;16;16;16m██[38;2;41;41;41m████[38;2;65;65;82m██████[38;2;41;41;41m████████[38;2;16;16;16m██          
                                  ██[38;2;148;49;65m████[38;2;65;65;82m██[38;2;16;16;16m██    [38;2;41;41;41m██[38;2;98;98;115m██████████████[38;2;65;65;82m████████████████████[38;2;16;16;16m██[38;2;148;49;65m██████████[38;2;16;16;16m██[38;2;41;41;41m████████████████[38;2;16;16;16m████[38;2;41;41;41m██[38;2;16;16;16m██        
                                    ██[38;2;65;65;82m████[38;2;16;16;16m██  [38;2;41;41;41m██[38;2;98;98;115m████████████████[38;2;65;65;82m██████████████████████[38;2;16;16;16m██[38;2;148;49;65m██████[38;2;16;16;16m██[38;2;65;65;82m██[38;2;41;41;41m██████[38;2;16;16;16m██[38;2;41;41;41m██████[38;2;16;16;16m██    ████        
                                      ██[38;2;65;65;82m████[38;2;16;16;16m██[38;2;41;41;41m██[38;2;98;98;115m████████████████[38;2;65;65;82m██████████████████████[38;2;16;16;16m██[38;2;65;65;82m██[38;2;148;49;65m██[38;2;16;16;16m██[38;2;65;65;82m██[38;2;41;41;41m██[38;2;65;65;82m██[38;2;41;41;41m████[38;2;16;16;16m████████                  
                                      ██[38;2;65;65;82m██[38;2;98;98;115m██[38;2;229;229;229m██[38;2;41;41;41m██[38;2;98;98;115m████████████████[38;2;65;65;82m██████████████████████[38;2;16;16;16m██[38;2;65;65;82m████[38;2;16;16;16m██[38;2;41;41;41m██[38;2;65;65;82m██[38;2;41;41;41m████[38;2;16;16;16m██                          
                                    ██[38;2;98;98;115m██[38;2;229;229;229m██████[38;2;41;41;41m██[38;2;98;98;115m████[38;2;65;65;82m██[38;2;98;98;115m████████[38;2;65;65;82m██████[38;2;41;41;41m██[38;2;65;65;82m████████████████[38;2;16;16;16m██[38;2;65;65;82m██████[38;2;16;16;16m████████                            
                                [38;2;65;65;82m████[38;2;98;98;115m██[38;2;229;229;229m██████[38;2;98;98;115m██[38;2;41;41;41m██[38;2;65;65;82m██[38;2;98;98;115m██[38;2;65;65;82m██[38;2;98;98;115m████████[38;2;65;65;82m██████[38;2;41;41;41m██[38;2;98;98;115m██[38;2;65;65;82m████████████[38;2;16;16;16m██[38;2;98;98;115m██[38;2;65;65;82m████[38;2;98;98;115m██[38;2;16;16;16m██                                  
                            [38;2;65;65;82m████[38;2;229;229;229m██[38;2;98;98;115m██[38;2;229;229;229m████████[38;2;16;16;16m██  [38;2;41;41;41m██[38;2;98;98;115m████[38;2;65;65;82m██[38;2;98;98;115m██████[38;2;65;65;82m████[38;2;41;41;41m██[38;2;98;98;115m████[38;2;65;65;82m████████████[38;2;16;16;16m██[38;2;229;229;229m████[38;2;98;98;115m██[38;2;229;229;229m████[38;2;16;16;16m██                                
                          [38;2;65;65;82m██[38;2;229;229;229m████[38;2;65;65;82m██[38;2;229;229;229m██████[38;2;65;65;82m██[38;2;16;16;16m██    [38;2;41;41;41m██[38;2;65;65;82m██[38;2;98;98;115m██[38;2;65;65;82m██[38;2;98;98;115m████[38;2;65;65;82m██████[38;2;41;41;41m██[38;2;98;98;115m████[38;2;65;65;82m██████████[38;2;16;16;16m████[38;2;229;229;229m██████[38;2;98;98;115m██[38;2;229;229;229m████[38;2;65;65;82m██                              
                          [38;2;16;16;16m████[38;2;65;65;82m██[38;2;229;229;229m████[38;2;65;65;82m██[38;2;16;16;16m██          ██[38;2;98;98;115m████[38;2;65;65;82m██[38;2;98;98;115m██[38;2;65;65;82m████[38;2;41;41;41m██[38;2;98;98;115m████[38;2;65;65;82m██████[38;2;16;16;16m██████    ██[38;2;229;229;229m██████[38;2;98;98;115m██[38;2;229;229;229m████[38;2;65;65;82m██                            
                              [38;2;16;16;16m██████                ████  ████[38;2;41;41;41m██  [38;2;16;16;16m██████████            ██[38;2;65;65;82m██[38;2;229;229;229m██[38;2;16;16;16m████[38;2;229;229;229m██[38;2;65;65;82m██                            
                                                                                          ██[38;2;16;16;16m████  ████                            
[0m