                                                          [38;2;40;44;48m██████      
                            [38;2;61;69;77m████████████████            [38;2;40;44;48m████[38;2;61;69;77m████[38;2;40;44;48m██    
                        [38;2;61;69;77m████[38;2;89;102;106m████████████████[38;2;61;69;77m██████      [38;2;40;44;48m██[38;2;89;102;106m██[38;2;16;16;16m████[38;2;61;69;77m██[38;2;40;44;48m████
                    ██[38;2;61;69;77m██[38;2;89;102;106m██████████████████████████[38;2;61;69;77m██[38;2;40;44;48m██  ██[38;2;89;102;106m██  [38;2;16;16;16m██[38;2;40;44;48m██[38;2;89;102;106m██[38;2;16;16;16m██
                  [38;2;40;44;48m██[38;2;89;102;106m██████████████████████████████████[38;2;40;44;48m██  ██[38;2;89;102;106m██████[38;2;16;16;16m██  
                [38;2;40;44;48m██[38;2;89;102;106m██████████████████████████████████████[38;2;40;44;48m██[38;2;61;69;77m██[38;2;16;16;16m██████    
          [38;2;61;69;77m████[38;2;40;44;48m██[38;2;89;102;106m██████████████████████████████████████████[38;2;16;16;16m████        
      [38;2;61;69;77m████[38;2;89;102;106m████[38;2;40;44;48m██[38;2;89;102;106m████████████[38;2;40;44;48m████[38;2;61;69;77m████[38;2;89;102;106m████████████████████████[38;2;16;16;16m██        
    [38;2;61;69;77m██[38;2;89;102;106m██████[38;2;77;54;40m██[38;2;126;92;72m██████[38;2;89;102;106m██████[38;2;40;44;48m██[38;2;89;102;106m████████[38;2;61;69;77m██[38;2;89;102;106m██████████████████████[38;2;16;16;16m██        
  [38;2;77;54;40m██[38;2;180;126;94m██[38;2;126;92;72m██[38;2;89;102;106m████[38;2;77;54;40m██[38;2;180;126;94m████████[38;2;126;92;72m██[38;2;89;102;106m██[38;2;40;44;48m██[38;2;126;92;72m████[38;2;89;102;106m██████████████████████████████[38;2;16;16;16m██      
[38;2;77;54;40m██[38;2;180;126;94m██████[38;2;126;92;72m██[38;2;77;54;40m██[38;2;180;126;94m████████████[38;2;77;54;40m██[38;2;180;126;94m████████[38;2;126;92;72m██[38;2;89;102;106m██████████████████████████[38;2;16;16;16m██      
[38;2;77;54;40m██[38;2;180;126;94m██████[38;2;16;16;16m██[38;2;77;54;40m██[38;2;180;126;94m████████████[38;2;77;54;40m██[38;2;180;126;94m██████████[38;2;89;102;106m████████████████████████████[38;2;16;16;16m██    
[38;2;77;54;40m██[38;2;180;126;94m██[38;2;16;16;16m████  [38;2;77;54;40m██[38;2;180;126;94m████████████[38;2;77;54;40m██[38;2;180;126;94m██████████[38;2;126;92;72m██[38;2;89;102;106m████[38;2;61;69;77m██[38;2;89;102;106m████████████████████[38;2;16;16;16m██    
[38;2;77;54;40m██[38;2;16;16;16m██    [38;2;115;52;63m████████[38;2;126;92;72m██[38;2;180;126;94m████[38;2;77;54;40m██[38;2;180;126;94m████████████[38;2;126;92;72m██[38;2;89;102;106m████[38;2;16;16;16m██[38;2;89;102;106m████████████████████[38;2;16;16;16m██    
      [38;2;115;52;63m██[38;2;248;133;153m██████[38;2;192;87;105m████[38;2;115;52;63m██[38;2;180;126;94m██[38;2;77;54;40m██[38;2;16;16;16m████[38;2;180;126;94m████████[38;2;126;92;72m██[38;2;16;16;16m████[38;2;89;102;106m██████████████████████[38;2;16;16;16m██    
      [38;2;115;52;63m██[38;2;248;133;153m████████[38;2;192;87;105m██[38;2;248;133;153m██[38;2;115;52;63m██[38;2;126;92;72m██████[38;2;16;16;16m██████████[38;2;89;102;106m██████████████████████████[38;2;16;16;16m██    
    [38;2;115;52;63m██[38;2;248;133;153m██[38;2;115;52;63m██[38;2;248;133;153m██[38;2;16;16;16m██[38;2;192;87;105m██[38;2;248;133;153m██[38;2;192;87;105m██[38;2;248;133;153m██[38;2;16;16;16m██[38;2;126;92;72m████[38;2;175;169;146m██[38;2;16;16;16m████[38;2;253;253;253m████[38;2;89;102;106m██[38;2;61;69;77m██████[38;2;89;102;106m████████████████[38;2;61;69;77m██[38;2;16;16;16m██    
    [38;2;115;52;63m██[38;2;192;87;105m██[38;2;16;16;16m██[38;2;248;133;153m██[38;2;16;16;16m████[38;2;248;133;153m██[38;2;192;87;105m██[38;2;248;133;153m████[38;2;16;16;16m██[38;2;180;126;94m██[38;2;253;253;253m██[38;2;61;69;77m████[38;2;253;253;253m████[38;2;61;69;77m██[38;2;246;213;65m████[38;2;61;69;77m██[38;2;89;102;106m████████████████[38;2;61;69;77m██[38;2;16;16;16m██    
    [38;2;115;52;63m████[38;2;16;16;16m██[38;2;248;133;153m██[38;2;16;16;16m████[38;2;115;52;63m██[38;2;248;133;153m██[38;2;192;87;105m██[38;2;248;133;153m██[38;2;16;16;16m██[38;2;180;126;94m██[38;2;246;213;65m██[38;2;253;253;253m██████[38;2;61;69;77m██[38;2;246;213;65m████[38;2;61;69;77m██[38;2;89;102;106m████████████████[38;2;61;69;77m████[38;2;16;16;16m██    
    [38;2;115;52;63m████[38;2;16;16;16m██[38;2;248;133;153m██[38;2;115;52;63m██[38;2;16;16;16m████[38;2;248;133;153m██[38;2;192;87;105m██[38;2;248;133;153m██[38;2;192;87;105m██[38;2;16;16;16m██[38;2;126;92;72m██[38;2;246;213;65m████████[38;2;126;92;72m████[38;2;89;102;106m████████████████[38;2;61;69;77m██████[38;2;16;16;16m██    
    [38;2;115;52;63m██[38;2;192;87;105m██[38;2;16;16;16m██[38;2;248;133;153m████[38;2;16;16;16m████[38;2;248;133;153m██[38;2;192;87;105m██████[38;2;16;16;16m██[38;2;180;126;94m██[38;2;126;92;72m████████[38;2;180;126;94m██[38;2;126;92;72m██[38;2;89;102;106m██████████████[38;2;61;69;77m██████[38;2;16;16;16m██      
    [38;2;115;52;63m██[38;2;248;133;153m██[38;2;115;52;63m██[38;2;248;133;153m████[38;2;192;87;105m██[38;2;16;16;16m██[38;2;248;133;153m██[38;2;192;87;105m██████[38;2;115;52;63m██[38;2;180;126;94m████████████[38;2;126;92;72m██[38;2;89;102;106m████████████[38;2;61;69;77m████████[38;2;16;16;16m██      
      ██[38;2;248;133;153m██████████[38;2;192;87;105m██████[38;2;115;52;63m██[38;2;180;126;94m████████████[38;2;126;92;72m██[38;2;89;102;106m██████████[38;2;61;69;77m████████████[38;2;16;16;16m██      
        ████████████████[38;2;180;126;94m██████████[38;2;89;102;106m████████[38;2;61;69;77m██████████████████[38;2;16;16;16m██        
              ██[38;2;126;92;72m██████████[38;2;180;126;94m██████[38;2;61;69;77m██[38;2;89;102;106m██████████[38;2;40;44;48m██[38;2;61;69;77m██████[38;2;40;44;48m██[38;2;61;69;77m██████[38;2;16;16;16m██        
                ████[38;2;126;92;72m██████████[38;2;61;69;77m██[38;2;89;102;106m████████████[38;2;16;16;16m██████[38;2;40;44;48m██[38;2;61;69;77m████████[38;2;16;16;16m██        
                ██[38;2;61;69;77m██[38;2;16;16;16m██████████[38;2;40;44;48m██[38;2;89;102;106m████████████[38;2;16;16;16m██    ██[38;2;61;69;77m████████[38;2;16;16;16m██        
              ██[38;2;192;87;105m████[38;2;61;69;77m██[38;2;16;16;16m██        [38;2;40;44;48m██[38;2;89;102;106m████████[38;2;16;16;16m██        ██[38;2;192;87;105m████[38;2;61;69;77m██[38;2;16;16;16m██        
              ████████            ██[38;2;248;133;153m████[38;2;89;102;106m██[38;2;16;16;16m██        ████████          
                                  ████████                            
[0m