                                                            [38;2;163;93;15m██                                                                                                      
                                                          ██[38;2;253;249;42m██[38;2;128;30;32m██                                                  [38;2;163;93;15m██                                                
                                                        ██[38;2;253;249;42m██[38;2;235;68;80m██[38;2;128;30;32m██                                                ██[38;2;253;249;42m██[38;2;163;93;15m██                                              
                                                        ██[38;2;253;249;42m██[38;2;235;68;80m████[38;2;128;30;32m██      ██████                ██████          ██[38;2;235;68;80m████[38;2;253;249;42m██[38;2;163;93;15m██                                            
                                                      ██[38;2;253;249;42m██[38;2;235;68;80m██████[38;2;128;30;32m██    ██[38;2;235;68;80m████[38;2;128;30;32m██                ██[38;2;235;68;80m████[38;2;128;30;32m████    ██[38;2;235;68;80m████████[38;2;253;249;42m██[38;2;163;93;15m██                                          
                                                      ██[38;2;253;249;42m██[38;2;235;68;80m████[38;2;128;30;32m██    ██[38;2;235;68;80m██████[38;2;128;30;32m██                ██[38;2;235;68;80m████████[38;2;128;30;32m██    ██[38;2;235;68;80m██████[38;2;253;249;42m██[38;2;163;93;15m██                                          
                                                      ██[38;2;253;249;42m██[38;2;235;68;80m████[38;2;128;30;32m██    ██[38;2;235;68;80m██████[38;2;128;30;32m██                ██[38;2;235;68;80m████████[38;2;128;30;32m██    ██[38;2;235;68;80m████████[38;2;253;249;42m██[38;2;163;93;15m██                                        
                                                    ██[38;2;253;249;42m██[38;2;235;68;80m████[38;2;128;30;32m██    ██[38;2;235;68;80m████████[38;2;128;30;32m██                ██[38;2;235;68;80m██████████[38;2;128;30;32m██    ██[38;2;235;68;80m██████[38;2;253;249;42m██[38;2;163;93;15m██                                        
                                                    ██[38;2;253;249;42m██[38;2;235;68;80m████[38;2;128;30;32m██    ██[38;2;235;68;80m████████[38;2;128;30;32m██                  ██[38;2;235;68;80m████████[38;2;128;30;32m██    ██[38;2;235;68;80m██████[38;2;253;249;42m██[38;2;163;93;15m██                                        
                                                    ██[38;2;253;249;42m██[38;2;235;68;80m████[38;2;128;30;32m██    ██[38;2;235;68;80m██████[38;2;128;30;32m██        [38;2;121;120;119m██          [38;2;128;30;32m██[38;2;235;68;80m████████[38;2;128;30;32m██    ██[38;2;235;68;80m██████[38;2;253;249;42m██[38;2;163;93;15m██                                        
                                                    ██[38;2;253;249;42m██[38;2;235;68;80m████[38;2;128;30;32m██    ██[38;2;235;68;80m██████[38;2;128;30;32m██      [38;2;121;120;119m██[38;2;248;254;253m██[38;2;16;16;16m██    [38;2;121;120;119m██  [38;2;128;30;32m██[38;2;235;68;80m██████[38;2;128;30;32m██      ██[38;2;235;68;80m██████[38;2;253;249;42m██[38;2;163;93;15m██                                        
                                                    ██[38;2;253;249;42m██[38;2;235;68;80m██████[38;2;128;30;32m██    ██[38;2;235;68;80m████[38;2;128;30;32m██[38;2;16;16;16m██    [38;2;121;120;119m██[38;2;248;254;253m██[38;2;16;16;16m██  [38;2;121;120;119m██[38;2;248;254;253m██[38;2;16;16;16m██[38;2;128;30;32m██[38;2;235;68;80m██████[38;2;128;30;32m██      ██[38;2;235;68;80m██████[38;2;253;249;42m██[38;2;163;93;15m██                                        
                                                      ██[38;2;253;249;42m██[38;2;235;68;80m██████[38;2;128;30;32m██    ██[38;2;235;68;80m██[38;2;121;120;119m██[38;2;248;254;253m██[38;2;16;16;16m██  [38;2;121;120;119m██[38;2;248;254;253m██[38;2;16;16;16m██  [38;2;121;120;119m██[38;2;248;254;253m██[38;2;16;16;16m██[38;2;128;30;32m██[38;2;235;68;80m██[38;2;128;30;32m████      ██[38;2;235;68;80m████████[38;2;253;249;42m██[38;2;163;93;15m██                                        
                                                      [38;2;16;16;16m██[38;2;253;249;42m██[38;2;235;68;80m████[38;2;166;41;71m████[38;2;128;30;32m██  ████  [38;2;121;120;119m██[38;2;248;254;253m██[38;2;16;16;16m██[38;2;121;120;119m██[38;2;248;254;253m████[38;2;121;120;119m██[38;2;248;254;253m████[38;2;16;16;16m██[38;2;128;30;32m████        ██[38;2;235;68;80m████████[38;2;253;249;42m██[38;2;163;93;15m██                                          
                                                        [38;2;16;16;16m██[38;2;253;249;42m██[38;2;166;41;71m████████[38;2;128;30;32m██[38;2;166;41;71m████[38;2;128;30;32m██[38;2;121;120;119m██[38;2;248;254;253m██[38;2;180;181;181m██[38;2;121;120;119m██[38;2;248;254;253m████[38;2;121;120;119m██[38;2;248;254;253m██[38;2;16;16;16m██  [38;2;128;30;32m██[38;2;166;41;71m██[38;2;128;30;32m████████[38;2;166;41;71m██[38;2;235;68;80m████████[38;2;253;249;42m██[38;2;163;93;15m██[38;2;67;65;64m████████████████                          
                                                          [38;2;16;16;16m██[38;2;201;166;78m██[38;2;166;41;71m████████████████[38;2;121;120;119m██[38;2;248;254;253m██[38;2;180;181;181m██[38;2;248;254;253m██[38;2;180;181;181m████[38;2;248;254;253m██[38;2;16;16;16m████[38;2;166;41;71m████████████████[38;2;235;68;80m████[38;2;253;249;42m██[38;2;163;93;15m██[38;2;67;65;64m██[38;2;121;120;119m████████████[38;2;0;0;0m██[38;2;87;86;85m██[38;2;0;0;0m██                        
                                                            [38;2;16;16;16m██[38;2;201;166;78m████[38;2;166;41;71m████████████[38;2;16;16;16m██[38;2;180;181;181m████[38;2;163;93;15m██████[38;2;180;181;181m██[38;2;16;16;16m██[38;2;166;41;71m████████████████████[38;2;253;249;42m██[38;2;163;93;15m██[38;2;67;65;64m██[38;2;121;120;119m████████████[38;2;0;0;0m██[38;2;87;86;85m████[38;2;0;0;0m██        [38;2;67;65;64m██████          
                                                              [38;2;16;16;16m████[38;2;201;166;78m██████████[38;2;16;16;16m████[38;2;163;93;15m██[38;2;201;166;78m██[38;2;249;229;119m██████[38;2;163;93;15m████[38;2;16;16;16m████[38;2;201;166;78m████[38;2;166;41;71m████████[38;2;201;166;78m████[38;2;16;16;16m██[38;2;67;65;64m██[38;2;121;120;119m████████████████[38;2;0;0;0m██████    [38;2;67;65;64m████[38;2;121;120;119m██████[38;2;67;65;64m████      
                                                                  [38;2;16;16;16m██████████  [38;2;163;93;15m██[38;2;201;166;78m██[38;2;249;229;119m████████[38;2;201;166;78m██[38;2;249;229;119m██[38;2;166;41;71m██[38;2;121;120;119m██[38;2;16;16;16m██████[38;2;201;166;78m██████[38;2;16;16;16m████[38;2;121;120;119m██████████████████████████[38;2;67;65;64m████[38;2;121;120;119m██████████████[38;2;0;0;0m██    
                                                                          [38;2;166;41;71m██[38;2;163;93;15m██[38;2;249;229;119m██[38;2;201;166;78m██[38;2;249;229;119m██████[38;2;201;166;78m██[38;2;249;229;119m████[38;2;166;41;71m██[38;2;16;16;16m██[38;2;121;120;119m██[38;2;166;41;71m██[38;2;121;120;119m██[38;2;16;16;16m██████[38;2;121;120;119m████████████████████████████████████████████[38;2;67;65;64m████[38;2;0;0;0m██    
                                                                    [38;2;166;41;71m██    ██[38;2;201;166;78m████[38;2;249;229;119m██[38;2;201;166;78m██████[38;2;249;229;119m██[38;2;201;166;78m████[38;2;166;41;71m██[38;2;201;166;78m██[38;2;16;16;16m██[38;2;166;41;71m██[38;2;121;120;119m██████████[38;2;67;65;64m██████████████████[38;2;121;120;119m████████████████████[38;2;67;65;64m████[38;2;87;86;85m████[38;2;0;0;0m██    
                                                                    [38;2;166;41;71m██  ██[38;2;255;148;206m██[38;2;166;41;71m██[38;2;249;229;119m██[38;2;201;166;78m██████████[38;2;166;41;71m████[38;2;201;166;78m████[38;2;166;41;71m██[38;2;16;16;16m██[38;2;121;120;119m██████[38;2;67;65;64m████[38;2;87;86;85m██████████████████[38;2;67;65;64m████[38;2;121;120;119m██████████████[38;2;67;65;64m██[38;2;87;86;85m████████[38;2;0;0;0m██    
                                                                    [38;2;166;41;71m██  ██[38;2;255;148;206m██[38;2;255;255;255m██[38;2;166;41;71m██[38;2;249;229;119m████████[38;2;166;41;71m██[38;2;255;255;255m██[38;2;255;148;206m██[38;2;166;41;71m██[38;2;201;166;78m██[38;2;166;41;71m██[38;2;16;16;16m██[38;2;121;120;119m██[38;2;67;65;64m████[38;2;87;86;85m██████████████████████████[38;2;67;65;64m██[38;2;121;120;119m████████████[38;2;171;169;168m██[38;2;67;65;64m██[38;2;87;86;85m██████[38;2;0;0;0m██    
                                                                      [38;2;166;41;71m████[38;2;255;148;206m██[38;2;255;255;255m██[38;2;166;41;71m██[38;2;249;229;119m██████[38;2;166;41;71m██[38;2;255;148;206m██[38;2;255;255;255m██[38;2;255;148;206m██[38;2;166;41;71m████[38;2;118;117;116m██[38;2;201;166;78m██[38;2;16;16;16m██[38;2;87;86;85m██████████[38;2;0;0;0m██████████████[38;2;87;86;85m██████[38;2;67;65;64m██[38;2;121;120;119m████████[38;2;171;169;168m██████[38;2;0;0;0m████████████  
                                                                        [38;2;166;41;71m██[38;2;255;255;255m████[38;2;166;41;71m██[38;2;249;229;119m██████[38;2;166;41;71m██[38;2;255;255;255m██████[38;2;166;41;71m██[38;2;201;166;78m██[38;2;118;117;116m██[38;2;201;166;78m██[38;2;16;16;16m██[38;2;87;86;85m██████[38;2;0;0;0m████              ████[38;2;87;86;85m██[38;2;67;65;64m██[38;2;121;120;119m████[38;2;171;169;168m██████████████████████[38;2;0;0;0m██
                                                                        [38;2;166;41;71m██[38;2;255;148;206m██[38;2;255;255;255m██[38;2;166;41;71m██[38;2;249;229;119m██[38;2;166;41;71m██[38;2;249;229;119m██[38;2;166;41;71m██[38;2;255;148;206m██[38;2;255;255;255m██[38;2;255;148;206m██[38;2;166;41;71m██[38;2;201;166;78m██[38;2;118;117;116m██[38;2;201;166;78m██[38;2;16;16;16m██[38;2;87;86;85m████[38;2;0;0;0m██                      ██[38;2;121;120;119m██[38;2;171;169;168m██████████████████████████[38;2;0;0;0m██
                                                                          [38;2;166;41;71m████[38;2;201;166;78m██[38;2;249;229;119m██████[38;2;166;41;71m██[38;2;255;148;206m██[38;2;255;255;255m██[38;2;166;41;71m██[38;2;201;166;78m██[38;2;118;117;116m██[38;2;201;166;78m██[38;2;16;16;16m██  [38;2;0;0;0m████                      ██[38;2;171;169;168m████████████████████████████[38;2;67;65;64m██[38;2;0;0;0m██
                                                                            [38;2;16;16;16m██[38;2;201;166;78m████[38;2;166;41;71m██[38;2;249;229;119m████[38;2;166;41;71m████[38;2;201;166;78m██[38;2;118;117;116m██[38;2;16;16;16m████                              [38;2;0;0;0m██[38;2;67;65;64m██[38;2;171;169;168m████████████[38;2;0;0;0m██[38;2;67;65;64m████████████[38;2;87;86;85m██[38;2;0;0;0m██
                                                                              [38;2;16;16;16m████[38;2;201;166;78m██████████[38;2;16;16;16m████                                  [38;2;0;0;0m██[38;2;87;86;85m██[38;2;67;65;64m██████[38;2;171;169;168m████[38;2;67;65;64m██[38;2;0;0;0m██[38;2;87;86;85m██████████[38;2;67;65;64m██[38;2;87;86;85m██[38;2;0;0;0m██
                                                                                  [38;2;16;16;16m██████████                                      [38;2;0;0;0m██[38;2;87;86;85m████████[38;2;67;65;64m████[38;2;87;86;85m██[38;2;0;0;0m██[38;2;87;86;85m██████████[38;2;67;65;64m██[38;2;87;86;85m██[38;2;0;0;0m██
                                                                      [38;2;163;93;15m██████        [38;2;16;16;16m██[38;2;128;30;32m████[38;2;251;237;169m██[38;2;128;30;32m████                                  [38;2;0;0;0m██[38;2;87;86;85m██████████[38;2;67;65;64m██[38;2;87;86;85m██[38;2;0;0;0m██[38;2;87;86;85m██████████[38;2;67;65;64m██[38;2;0;0;0m██  
                                                                    [38;2;163;93;15m██[38;2;249;229;119m██████[38;2;163;93;15m██  ██[38;2;16;16;16m██[38;2;166;41;71m██[38;2;235;68;80m██[38;2;128;30;32m██[38;2;251;237;169m██[38;2;166;41;71m██[38;2;235;68;80m██[38;2;128;30;32m██  [38;2;163;93;15m██████                        [38;2;0;0;0m████[38;2;87;86;85m████████[38;2;67;65;64m██[38;2;0;0;0m████████████████    
                                                                  [38;2;163;93;15m████[38;2;249;229;119m████████[38;2;16;16;16m██[38;2;163;93;15m██[38;2;166;41;71m██[38;2;235;68;80m██[38;2;128;30;32m██[38;2;251;237;169m██████[38;2;166;41;71m██[38;2;235;68;80m██[38;2;128;30;32m██[38;2;249;229;119m██████[38;2;163;93;15m██                          [38;2;0;0;0m████[38;2;87;86;85m████[38;2;0;0;0m██                    
                                                                  [38;2;163;93;15m██[38;2;249;229;119m██[38;2;163;93;15m██[38;2;201;166;78m████[38;2;249;229;119m██[38;2;16;16;16m██[38;2;201;166;78m██[38;2;235;68;80m██[38;2;128;30;32m██[38;2;251;237;169m██[38;2;21;169;214m████[38;2;249;127;116m██[38;2;251;237;169m██[38;2;166;41;71m██[38;2;235;68;80m██[38;2;128;30;32m██[38;2;201;166;78m████[38;2;249;229;119m██[38;2;163;93;15m██                            [38;2;0;0;0m████                      
                                                        [38;2;163;93;15m████    ████[38;2;249;229;119m██[38;2;201;166;78m██[38;2;163;93;15m██[38;2;201;166;78m████[38;2;16;16;16m██[38;2;201;166;78m██[38;2;235;68;80m██[38;2;128;30;32m██[38;2;251;237;169m██[38;2;21;169;214m██[38;2;249;127;116m████[38;2;251;237;169m██[38;2;166;41;71m██[38;2;235;68;80m██[38;2;128;30;32m██[38;2;201;166;78m██████[38;2;163;93;15m██                                                      
                                                      ██[38;2;201;166;78m████[38;2;163;93;15m████[38;2;201;166;78m████[38;2;16;16;16m██[38;2;201;166;78m██[38;2;163;93;15m██[38;2;201;166;78m██[38;2;16;16;16m██[38;2;163;93;15m██[38;2;201;166;78m██[38;2;235;68;80m██[38;2;128;30;32m██[38;2;251;237;169m██[38;2;21;169;214m██[38;2;249;127;116m████[38;2;251;237;169m██[38;2;166;41;71m██[38;2;235;68;80m██[38;2;128;30;32m██[38;2;201;166;78m██████[38;2;163;93;15m████  ████                                              
                                                  ████[38;2;249;229;119m████[38;2;201;166;78m████[38;2;163;93;15m██[38;2;16;16;16m████  ██████  ██[38;2;201;166;78m██[38;2;166;41;71m██[38;2;235;68;80m██[38;2;128;30;32m██[38;2;251;237;169m██[38;2;249;127;116m██[38;2;251;237;169m██[38;2;166;41;71m██[38;2;235;68;80m██[38;2;128;30;32m██[38;2;201;166;78m██████[38;2;16;16;16m██[38;2;201;166;78m████[38;2;163;93;15m██[38;2;201;166;78m████[38;2;163;93;15m████                                          
                                            ██████[38;2;249;229;119m██████████[38;2;201;166;78m██[38;2;16;16;16m██                ██[38;2;201;166;78m██[38;2;166;41;71m██[38;2;235;68;80m██[38;2;128;30;32m██[38;2;251;237;169m██[38;2;166;41;71m██[38;2;235;68;80m██[38;2;16;16;16m██  ██████  ██[38;2;163;93;15m██[38;2;201;166;78m██████[38;2;249;229;119m████[38;2;163;93;15m██                                        
                                          ██[38;2;249;229;119m██████[38;2;201;166;78m██[38;2;249;229;119m████████[38;2;16;16;16m██                    ████[38;2;128;30;32m██[38;2;16;16;16m████████              ██[38;2;201;166;78m██████[38;2;249;229;119m██████[38;2;163;93;15m████                                    
                                            [38;2;16;16;16m████[38;2;201;166;78m██[38;2;249;229;119m████[38;2;16;16;16m██████                      [38;2;128;30;32m██[38;2;201;166;78m██[38;2;128;30;32m██[38;2;235;68;80m████[38;2;128;30;32m██                  [38;2;16;16;16m██[38;2;201;166;78m██████[38;2;249;229;119m████████[38;2;163;93;15m██                                  
                                                [38;2;16;16;16m██████                          [38;2;128;30;32m████[38;2;201;166;78m██[38;2;128;30;32m██[38;2;235;68;80m████[38;2;128;30;32m██                    [38;2;16;16;16m████[38;2;201;166;78m████[38;2;249;229;119m████████[38;2;163;93;15m██████                            
                                                                    [38;2;128;30;32m████[38;2;16;16;16m██████████[38;2;128;30;32m██[38;2;201;166;78m████[38;2;128;30;32m██[38;2;235;68;80m████[38;2;128;30;32m██                      [38;2;16;16;16m██████[38;2;201;166;78m██[38;2;249;229;119m██████[38;2;201;166;78m██[38;2;249;229;119m██[38;2;163;93;15m██                          
                                                                [38;2;128;30;32m████[38;2;231;64;76m██[38;2;237;70;82m████████████[38;2;16;16;16m████████████[38;2;128;30;32m██                            [38;2;16;16;16m████████████                            
                                                              [38;2;128;30;32m██[38;2;231;64;76m██[38;2;253;249;42m████[38;2;231;64;76m██[38;2;237;70;82m██████[38;2;231;64;76m████[38;2;237;70;82m████[38;2;16;16;16m██[38;2;201;166;78m██████[38;2;16;16;16m██████████[38;2;128;30;32m██                                                          
                                                            ██[38;2;253;249;42m██[38;2;205;170;82m██[38;2;231;64;76m██[38;2;199;164;76m██[38;2;253;249;42m██[38;2;247;243;36m██████[38;2;253;249;42m████[38;2;247;243;36m██[38;2;237;70;82m██[38;2;128;30;32m██[38;2;201;166;78m██████[38;2;16;16;16m██[38;2;237;70;82m██████[38;2;169;44;73m████[38;2;128;30;32m██                                                        
                                                          ██[38;2;205;170;82m██[38;2;199;164;76m██[38;2;231;64;76m██[38;2;237;70;82m████[38;2;199;164;76m██[38;2;253;249;42m██████[38;2;199;164;76m██[38;2;231;64;76m██[38;2;237;70;82m██████[38;2;16;16;16m██[38;2;201;166;78m████[38;2;165;40;70m██[38;2;16;16;16m██[38;2;237;70;82m██[38;2;199;164;76m██[38;2;253;249;42m██[38;2;167;42;71m████[38;2;16;16;16m██                                                      
                        [38;2;67;65;64m████                            [38;2;128;30;32m██[38;2;237;70;82m██████████████[38;2;231;64;76m██████[38;2;237;70;82m██████████[38;2;16;16;16m██[38;2;201;166;78m██[38;2;16;16;16m██[38;2;169;44;73m██[38;2;16;16;16m██[38;2;237;70;82m████[38;2;199;164;76m██[38;2;253;249;42m██[38;2;201;166;78m████[38;2;16;16;16m██                                                    
            [38;2;0;0;0m████    [38;2;67;65;64m████[38;2;171;169;168m████[38;2;67;65;64m██████                    [38;2;128;30;32m██[38;2;237;70;82m████[38;2;231;64;76m██[38;2;237;70;82m██████████████████████████[38;2;16;16;16m██[38;2;201;166;78m██[38;2;16;16;16m██[38;2;201;166;78m██[38;2;16;16;16m██[38;2;237;70;82m██████[38;2;231;64;76m██[38;2;199;164;76m██[38;2;201;166;78m████[38;2;16;16;16m██                                                  
          [38;2;67;65;64m██[38;2;171;169;168m████[38;2;0;0;0m████[38;2;171;169;168m██████████████[38;2;67;65;64m██                  [38;2;16;16;16m██[38;2;237;70;82m██[38;2;231;64;76m██[38;2;253;249;42m██[38;2;231;64;76m██[38;2;237;70;82m████████████████████████[38;2;16;16;16m██[38;2;201;166;78m██[38;2;16;16;16m██[38;2;201;166;78m██[38;2;16;16;16m██[38;2;237;70;82m██[38;2;231;64;76m████[38;2;237;70;82m██[38;2;169;44;73m██[38;2;167;42;71m████[38;2;16;16;16m██                                                  
        [38;2;67;65;64m██[38;2;171;169;168m██████████████████████[38;2;67;65;64m██[38;2;0;0;0m██                [38;2;16;16;16m██[38;2;231;64;76m████[38;2;253;249;42m██[38;2;199;164;76m██[38;2;253;249;42m██[38;2;231;64;76m████[38;2;237;70;82m████████████[38;2;231;64;76m████[38;2;253;249;42m██[38;2;237;70;82m██[38;2;16;16;16m██[38;2;201;166;78m██[38;2;16;16;16m██[38;2;201;166;78m██[38;2;16;16;16m██[38;2;237;70;82m██[38;2;199;164;76m██[38;2;253;249;42m██[38;2;231;64;76m██[38;2;237;70;82m██[38;2;169;44;73m██████[38;2;16;16;16m██                                                
      [38;2;67;65;64m██[38;2;171;169;168m██████████████████████[38;2;67;65;64m██[38;2;87;86;85m██[38;2;0;0;0m██                [38;2;16;16;16m██[38;2;201;166;78m██[38;2;253;249;42m██[38;2;199;164;76m██[38;2;237;70;82m██[38;2;199;164;76m██[38;2;253;249;42m████[38;2;231;64;76m████████████[38;2;253;249;42m████[38;2;199;164;76m██[38;2;237;70;82m██[38;2;16;16;16m██[38;2;128;30;32m██[38;2;201;166;78m████[38;2;16;16;16m██[38;2;237;70;82m████[38;2;199;164;76m██[38;2;253;249;42m██[38;2;231;64;76m██[38;2;167;42;71m██[38;2;169;44;73m████[38;2;16;16;16m██                                                
    [38;2;67;65;64m██[38;2;171;169;168m██████████████████████[38;2;67;65;64m██[38;2;87;86;85m████[38;2;0;0;0m██              [38;2;16;16;16m██[38;2;201;166;78m████[38;2;199;164;76m██[38;2;237;70;82m██████[38;2;199;164;76m██[38;2;253;249;42m████████████████[38;2;199;164;76m██[38;2;237;70;82m██████[38;2;16;16;16m██[38;2;201;166;78m██████[38;2;16;16;16m██[38;2;237;70;82m████[38;2;199;164;76m██[38;2;253;249;42m████[38;2;167;42;71m██████[38;2;16;16;16m██                                              
    [38;2;0;0;0m████[38;2;171;169;168m████████████████[38;2;121;120;119m██[38;2;67;65;64m██[38;2;87;86;85m██████[38;2;0;0;0m██              [38;2;16;16;16m██[38;2;199;164;76m████[38;2;237;70;82m██████████[38;2;199;164;76m██[38;2;247;243;36m██[38;2;253;249;42m██████[38;2;247;243;36m██[38;2;199;164;76m██[38;2;231;64;76m██[38;2;237;70;82m████████[38;2;16;16;16m██[38;2;201;166;78m██████[38;2;16;16;16m██[38;2;237;70;82m██████[38;2;199;164;76m██[38;2;253;249;42m██[38;2;201;166;78m██████[38;2;16;16;16m██                                              
    [38;2;67;65;64m██[38;2;87;86;85m██[38;2;0;0;0m████[38;2;171;169;168m████████[38;2;121;120;119m██████[38;2;67;65;64m██[38;2;87;86;85m██████[38;2;0;0;0m██              [38;2;16;16;16m██[38;2;169;44;73m██[38;2;237;70;82m████████████████[38;2;199;164;76m██████[38;2;237;70;82m██████████████[38;2;16;16;16m██[38;2;128;30;32m██[38;2;201;166;78m████[38;2;16;16;16m██[38;2;237;70;82m████████[38;2;199;164;76m████[38;2;201;166;78m████[38;2;16;16;16m██                                              
    [38;2;67;65;64m██[38;2;87;86;85m████[38;2;0;0;0m██[38;2;171;169;168m████[38;2;121;120;119m██████████[38;2;67;65;64m██[38;2;87;86;85m████[38;2;0;0;0m██                [38;2;16;16;16m██[38;2;169;44;73m██[38;2;237;70;82m████████████████████████████████████[38;2;16;16;16m██[38;2;128;30;32m██[38;2;201;166;78m████[38;2;16;16;16m██[38;2;237;70;82m████████[38;2;169;44;73m████[38;2;199;164;76m████[38;2;169;44;73m██[38;2;16;16;16m██                                            
      [38;2;67;65;64m██[38;2;87;86;85m██[38;2;0;0;0m██[38;2;121;120;119m██████████████[38;2;67;65;64m██[38;2;87;86;85m██[38;2;0;0;0m██                [38;2;16;16;16m██[38;2;169;44;73m██████[38;2;237;70;82m██[38;2;67;65;64m████[38;2;237;70;82m██████████████████████████[38;2;172;48;77m██[38;2;16;16;16m██[38;2;128;30;32m████[38;2;201;166;78m██[38;2;16;16;16m██[38;2;237;70;82m████████[38;2;169;44;73m██████████[38;2;16;16;16m██                                            
      [38;2;67;65;64m████[38;2;0;0;0m██[38;2;121;120;119m████████████████[38;2;0;0;0m██                  [38;2;16;16;16m██[38;2;70;69;68m██████[38;2;67;65;64m██[38;2;121;120;119m████[38;2;67;65;64m████[38;2;74;72;71m██████[38;2;237;70;82m██████████████[38;2;172;48;77m████[38;2;16;16;16m████[38;2;128;30;32m██[38;2;201;166;78m██[38;2;16;16;16m██[38;2;237;70;82m██████[38;2;172;48;77m██[38;2;169;44;73m██████████[38;2;16;16;16m██                                            
[38;2;0;0;0m██[38;2;67;65;64m████[38;2;121;120;119m████████████████████████[38;2;0;0;0m████              [38;2;16;16;16m██[38;2;67;65;64m██████[38;2;121;120;119m██████████[38;2;67;65;64m██[38;2;0;0;0m██[38;2;74;72;71m████████████████████[38;2;16;16;16m██████[38;2;163;93;15m██[38;2;16;16;16m██[38;2;74;72;71m████████[38;2;169;44;73m██████████[38;2;16;16;16m██                                            
[38;2;0;0;0m██[38;2;121;120;119m████████████████████████████████[38;2;0;0;0m████████[38;2;67;65;64m████████[38;2;121;120;119m██████████████████[38;2;67;65;64m██[38;2;0;0;0m██[38;2;74;72;71m████████████████[38;2;68;66;65m██[38;2;16;16;16m██[38;2;87;86;85m██[38;2;16;16;16m██[38;2;201;166;78m██[38;2;16;16;16m██[38;2;74;72;71m██████[38;2;70;69;68m████████████[38;2;16;16;16m██                                            
[38;2;0;0;0m██[38;2;121;120;119m████████████████████████████████████████████████████████████████[38;2;67;65;64m██[38;2;87;86;85m██[38;2;0;0;0m██[38;2;171;169;168m████████████[38;2;125;124;122m██[38;2;87;85;84m██[38;2;125;124;122m██[38;2;16;16;16m████[38;2;201;166;78m████[38;2;16;16;16m██[38;2;87;85;84m██[38;2;125;124;122m████[38;2;121;120;119m██[38;2;70;69;68m██████████[38;2;16;16;16m██                                            
[38;2;0;0;0m██[38;2;121;120;119m████████[38;2;0;0;0m██████[38;2;67;65;64m██[38;2;121;120;119m████████████████████████████████████████████████[38;2;67;65;64m██[38;2;87;86;85m████[38;2;0;0;0m██[38;2;171;169;168m████████[38;2;87;85;84m████[38;2;125;124;122m██[38;2;16;16;16m██[38;2;87;86;85m██[38;2;16;16;16m██[38;2;201;166;78m████[38;2;16;16;16m██[38;2;125;124;122m██[38;2;87;85;84m██[38;2;125;124;122m██[38;2;121;120;119m██████████[38;2;87;85;84m██[38;2;16;16;16m██                                            
[38;2;0;0;0m██████████[38;2;87;86;85m████[38;2;67;65;64m██[38;2;87;86;85m██[38;2;67;65;64m██[38;2;121;120;119m████████████████████████████████████████████████[38;2;67;65;64m██[38;2;87;86;85m██[38;2;0;0;0m██[38;2;171;169;168m██[38;2;87;85;84m██████[38;2;125;124;122m████[38;2;16;16;16m██[38;2;87;86;85m██[38;2;68;66;65m██[38;2;16;16;16m██[38;2;201;166;78m██████[38;2;16;16;16m██[38;2;125;124;122m██[38;2;87;85;84m██[38;2;121;120;119m██████[38;2;87;85;84m████[38;2;121;120;119m██[38;2;16;16;16m██                                            
[38;2;0;0;0m██[38;2;87;86;85m████████████[38;2;67;65;64m██[38;2;87;86;85m████[38;2;67;65;64m██[38;2;121;120;119m██████████████████████████[38;2;67;65;64m████[38;2;121;120;119m██████████████████[38;2;0;0;0m██[38;2;87;85;84m████[38;2;171;169;168m████[38;2;125;124;122m████[38;2;16;16;16m████[38;2;87;86;85m████[38;2;68;66;65m██[38;2;16;16;16m██[38;2;201;166;78m████[38;2;16;16;16m██[38;2;125;124;122m██[38;2;121;120;119m██[38;2;87;85;84m██████[38;2;121;120;119m████[38;2;16;16;16m██                                              
  [38;2;0;0;0m██[38;2;87;86;85m██████████[38;2;67;65;64m██[38;2;87;86;85m██[38;2;67;65;64m██[38;2;121;120;119m██████████████████[38;2;67;65;64m██████████[38;2;87;86;85m████[38;2;67;65;64m██[38;2;121;120;119m████████████[38;2;67;65;64m████[38;2;87;86;85m██[38;2;0;0;0m██[38;2;171;169;168m████[38;2;125;124;122m██[38;2;16;16;16m████    ██[38;2;87;86;85m██████[38;2;16;16;16m████[38;2;163;93;15m██[38;2;16;16;16m██[38;2;121;120;119m██████████[38;2;16;16;16m████                                              
  [38;2;0;0;0m██[38;2;87;86;85m██████[38;2;0;0;0m██████[38;2;67;65;64m██[38;2;121;120;119m██████████████████[38;2;0;0;0m██[38;2;87;86;85m██████████████[38;2;67;65;64m██[38;2;121;120;119m████████[38;2;67;65;64m████[38;2;87;86;85m██████[38;2;0;0;0m██[38;2;16;16;16m██████          ██████  ██[38;2;201;166;78m████[38;2;16;16;16m██[38;2;121;120;119m██████[38;2;16;16;16m██[38;2;121;120;119m██[38;2;16;16;16m██                                              
    [38;2;0;0;0m██████      ██[38;2;67;65;64m██████[38;2;121;120;119m██████████[38;2;0;0;0m██[38;2;87;86;85m██[38;2;67;65;64m██[38;2;87;86;85m████████████[38;2;67;65;64m██[38;2;121;120;119m██[38;2;67;65;64m██████[38;2;87;86;85m██████████[38;2;0;0;0m██[38;2;201;166;78m██[38;2;16;16;16m██                    ██[38;2;201;166;78m██████[38;2;16;16;16m██████  ██                                                
                [38;2;0;0;0m██[38;2;87;86;85m██████[38;2;67;65;64m████████[38;2;0;0;0m██[38;2;87;86;85m████[38;2;67;65;64m██[38;2;87;86;85m████████[38;2;0;0;0m████████[38;2;87;86;85m████████████████[38;2;0;0;0m██[38;2;201;166;78m████[38;2;16;16;16m██                    ████[38;2;163;93;15m██[38;2;201;166;78m██[38;2;16;16;16m██                                                      
                [38;2;0;0;0m██[38;2;87;86;85m██████████████[38;2;0;0;0m██[38;2;87;86;85m████[38;2;0;0;0m██████████      ██[38;2;87;86;85m████████████[38;2;0;0;0m████[38;2;16;16;16m██████                        ██[38;2;201;166;78m████[38;2;16;16;16m██                                                      
                [38;2;0;0;0m██[38;2;87;86;85m██████████████[38;2;0;0;0m██[38;2;87;86;85m██[38;2;0;0;0m██                ██[38;2;87;86;85m██████[38;2;0;0;0m██████[38;2;201;166;78m████[38;2;16;16;16m██                            ██[38;2;201;166;78m████[38;2;16;16;16m██                                                      
                [38;2;0;0;0m██[38;2;87;86;85m██████████████[38;2;0;0;0m████                    ██████  [38;2;16;16;16m██[38;2;201;166;78m████[38;2;16;16;16m██                                ██[38;2;201;166;78m████[38;2;16;16;16m██                                                    
                  [38;2;0;0;0m██████[38;2;87;86;85m████████[38;2;0;0;0m██                              [38;2;16;16;16m██[38;2;201;166;78m████[38;2;16;16;16m██                                ██[38;2;201;166;78m████[38;2;16;16;16m██                                                    
                        [38;2;0;0;0m████████                              [38;2;16;16;16m██[38;2;249;229;119m██[38;2;201;166;78m██[38;2;16;16;16m██                                    ██[38;2;201;166;78m██[38;2;16;16;16m██                                                    
                                                              ██[38;2;249;229;119m██[38;2;201;166;78m██[38;2;16;16;16m██                                    ██[38;2;201;166;78m██[38;2;16;16;16m██                                                    
                                                              ██[38;2;249;229;119m██[38;2;16;16;16m██                                        ██                                                      
                                                              [38;2;163;93;15m██[38;2;249;229;119m██[38;2;16;16;16m██                                                                                                
                                                                ██                                                                                                  
[0m