  [38;2;200;134;30m████████                                                                                                                                                            
[38;2;119;63;21m██[38;2;255;235;12m████████[38;2;200;134;30m████████                                                                                                                                                    
  [38;2;16;16;16m████[38;2;200;134;30m██[38;2;255;235;12m██████████[38;2;200;134;30m████                                                                                                                                                
    [38;2;16;16;16m██[38;2;131;24;32m██[38;2;16;16;16m██[38;2;255;235;12m████████████[38;2;119;63;21m████                  [38;2;200;134;30m████████████                                                                                                              
      [38;2;16;16;16m██[38;2;131;24;32m██[38;2;16;16;16m██[38;2;255;235;12m████████████[38;2;241;182;33m██[38;2;119;63;21m██          ████[38;2;200;134;30m██[38;2;255;235;12m████████████[38;2;119;63;21m██                                                            [38;2;200;134;30m████████████                                    
        [38;2;16;16;16m██[38;2;131;24;32m██[38;2;16;16;16m██[38;2;255;235;12m████████████[38;2;241;182;33m██[38;2;119;63;21m██    ████[38;2;200;134;30m██[38;2;241;182;33m██[38;2;255;235;12m██████████[38;2;42;50;92m████                                                    [38;2;200;134;30m██████████[38;2;255;235;12m████████████[38;2;119;63;21m██                                  
          [38;2;16;16;16m██[38;2;131;24;32m██[38;2;16;16;16m██[38;2;255;235;12m████████████[38;2;241;182;33m██[38;2;16;16;16m██[38;2;119;63;21m██[38;2;200;134;30m████████[38;2;241;182;33m██[38;2;255;235;12m████[38;2;119;63;21m██[38;2;42;50;92m██[38;2;86;97;153m████[38;2;42;50;92m████                                        [38;2;200;134;30m████████[38;2;255;235;12m██████████████[38;2;119;63;21m████████                                    
          [38;2;16;16;16m██[38;2;131;24;32m████[38;2;16;16;16m██[38;2;255;235;12m██████████[38;2;200;134;30m██[38;2;241;182;33m██[38;2;16;16;16m██[38;2;200;134;30m██████████[38;2;241;182;33m██[38;2;16;16;16m██[38;2;86;97;153m████████████[38;2;42;50;92m██                                [38;2;200;134;30m██████[38;2;255;235;12m████████████████[38;2;119;63;21m██████                                            
            [38;2;16;16;16m██[38;2;131;24;32m██[38;2;42;51;92m██[38;2;16;16;16m██[38;2;241;182;33m████[38;2;255;235;12m████[38;2;200;134;30m████[38;2;241;182;33m██[38;2;119;63;21m██[38;2;200;134;30m████████[38;2;16;16;16m██[38;2;86;97;153m████[38;2;16;16;16m████████████                          [38;2;200;134;30m██████[38;2;255;235;12m██████████████████[38;2;119;63;21m████                                                  
            [38;2;16;16;16m██[38;2;131;24;32m██[38;2;42;51;92m██[38;2;85;98;153m██[38;2;16;16;16m████[38;2;131;24;32m████[38;2;200;134;30m██████[38;2;241;182;33m██[38;2;119;63;21m██[38;2;200;134;30m████[38;2;16;16;16m████████[38;2;42;50;92m██████                            [38;2;200;134;30m████[38;2;255;235;12m██████████████████[38;2;119;63;21m██████                                                      
            [38;2;16;16;16m██[38;2;131;24;32m██[38;2;42;51;92m██[38;2;85;98;153m██[38;2;16;16;16m██[38;2;238;90;98m██[38;2;16;16;16m██[38;2;238;90;98m██[38;2;16;16;16m██[38;2;200;134;30m████[38;2;241;182;33m██[38;2;16;16;16m██[38;2;200;134;30m██[38;2;16;16;16m██[38;2;42;50;92m████████████████                      [38;2;200;134;30m████[38;2;255;235;12m██████████████████[38;2;119;63;21m████                                                            
              [38;2;16;16;16m████[38;2;85;98;153m████[38;2;131;24;32m██[38;2;16;16;16m██[38;2;238;90;98m████[38;2;16;16;16m██[38;2;200;134;30m████[38;2;241;182;33m██[38;2;16;16;16m████████████[38;2;42;50;92m██████████                  [38;2;200;134;30m██[38;2;255;235;12m██████████████████[38;2;119;63;21m████                  [38;2;42;50;92m████████████████████                          
        [38;2;131;24;32m██████████[38;2;16;16;16m████[38;2;85;98;153m████[38;2;42;51;92m██████[38;2;16;16;16m██[38;2;200;134;30m██[38;2;241;182;33m██[38;2;16;16;16m██          ██████[38;2;42;50;92m██████            [38;2;119;63;21m██[38;2;200;134;30m██[38;2;255;235;12m████████████████[38;2;119;63;21m████      [38;2;42;50;92m████████████████[38;2;86;97;153m████████████████████[38;2;42;50;92m██████████████            
    [38;2;16;16;16m██[38;2;131;24;32m██[38;2;242;242;242m██[38;2;255;180;139m████████[38;2;131;24;32m██[38;2;16;16;16m██████[38;2;42;51;92m████[38;2;16;16;16m██[38;2;119;63;21m██[38;2;200;134;30m████[38;2;16;16;16m██  [38;2;119;63;21m██████        [38;2;16;16;16m████[38;2;42;50;92m████        [38;2;119;63;21m██[38;2;255;235;12m████████████████[38;2;119;63;21m████  [38;2;42;50;92m████████[38;2;86;97;153m██████████████████████████████████████████████████[38;2;42;50;92m██████████  
    [38;2;16;16;16m██[38;2;200;134;30m██[38;2;131;24;32m██[38;2;242;242;242m██[38;2;131;24;32m██[38;2;242;242;242m██[38;2;131;24;32m██[38;2;119;63;21m██[38;2;200;134;30m██████[38;2;16;16;16m████[38;2;200;134;30m██[38;2;119;63;21m██[38;2;16;16;16m██[38;2;200;134;30m██[38;2;16;16;16m██[38;2;119;63;21m██[38;2;241;182;33m██████[38;2;119;63;21m██          [38;2;16;16;16m████    [38;2;119;63;21m████[38;2;255;235;12m██████████████[38;2;119;63;21m████[38;2;42;50;92m████████████[38;2;86;97;153m██████████████████████████████████████████████████████████████[38;2;42;50;92m██
      [38;2;16;16;16m██[38;2;200;134;30m██████████████████████████[38;2;16;16;16m██[38;2;200;134;30m██[38;2;16;16;16m██[38;2;241;182;33m██████████[38;2;119;63;21m██              ██[38;2;255;235;12m████[38;2;241;182;33m████[38;2;255;235;12m████████[38;2;42;50;92m████████████████[38;2;86;97;153m██████████████████████████████[38;2;16;16;16m██████████████████████████████████  
        ████[38;2;200;134;30m██████[38;2;16;16;16m██████[38;2;200;134;30m██████[38;2;16;16;16m████████[38;2;241;182;33m████████[38;2;119;63;21m██████            ██[38;2;255;235;12m██[38;2;241;182;33m██████[38;2;255;235;12m██████[38;2;16;16;16m████[38;2;42;50;92m██████████████[38;2;86;97;153m████████████████[38;2;16;16;16m████████████████                                    
            ██████    ████████    [38;2;119;63;21m██[38;2;241;182;33m████████[38;2;119;63;21m██                ██[38;2;255;235;12m██[38;2;241;182;33m██████[38;2;255;235;12m████[38;2;16;16;16m████[38;2;42;50;92m██████████████████[38;2;86;97;153m██████[38;2;16;16;16m██████████                                                    
                      ██[38;2;200;134;30m████[38;2;16;16;16m██    [38;2;119;63;21m██[38;2;241;182;33m██████[38;2;119;63;21m██                ██[38;2;255;235;12m██[38;2;200;134;30m██[38;2;241;182;33m██████[38;2;255;235;12m██[38;2;16;16;16m██[38;2;42;50;92m████████████████████[38;2;16;16;16m████████                                                              
                      ██[38;2;200;134;30m████[38;2;16;16;16m██    [38;2;119;63;21m██[38;2;241;182;33m██████[38;2;119;63;21m██  ████        ██[38;2;241;182;33m██[38;2;200;134;30m██[38;2;241;182;33m██████[38;2;16;16;16m████[38;2;42;50;92m████████████████[38;2;16;16;16m██████                                                                      
                      ██[38;2;200;134;30m██[38;2;42;51;92m██[38;2;85;98;153m██[38;2;16;16;16m██  [38;2;119;63;21m██[38;2;241;182;33m████[38;2;119;63;21m██  ██[38;2;241;182;33m████[38;2;119;63;21m██    [38;2;16;16;16m██[38;2;241;182;33m██[38;2;200;134;30m████[38;2;241;182;33m████[38;2;16;16;16m██[38;2;42;50;92m██████████████[38;2;16;16;16m██████[38;2;42;50;92m██████████████                                                              
                      [38;2;16;16;16m████[38;2;42;51;92m██[38;2;85;98;153m██[38;2;16;16;16m██    [38;2;119;63;21m██[38;2;241;182;33m██[38;2;119;63;21m████[38;2;241;182;33m████[38;2;119;63;21m████  [38;2;16;16;16m██[38;2;200;134;30m██████[38;2;241;182;33m████[38;2;16;16;16m██[38;2;42;50;92m██████████[38;2;16;16;16m██████[38;2;42;50;92m██████████████[38;2;86;97;153m██████[38;2;42;50;92m██████████                                                    
                      [38;2;16;16;16m██[38;2;42;51;92m████[38;2;85;98;153m████[38;2;16;16;16m████[38;2;119;63;21m██[38;2;241;182;33m██[38;2;119;63;21m██[38;2;241;182;33m████[38;2;119;63;21m██    ████[38;2;200;134;30m██████[38;2;16;16;16m████[38;2;42;50;92m██████[38;2;16;16;16m██████[38;2;42;50;92m████████████████[38;2;86;97;153m████████████████████[38;2;42;50;92m██████                                              
                      [38;2;16;16;16m██[38;2;42;51;92m████[38;2;85;98;153m████[38;2;42;51;92m██[38;2;85;98;153m██[38;2;16;16;16m████[38;2;119;63;21m██[38;2;241;182;33m██[38;2;119;63;21m██      [38;2;16;16;16m██[38;2;200;134;30m██████[38;2;16;16;16m██[38;2;42;50;92m██████[38;2;16;16;16m████[38;2;42;50;92m████████████████████[38;2;86;97;153m████████████████████████████[38;2;42;50;92m██████                                        
                        [38;2;16;16;16m██[38;2;42;51;92m████[38;2;85;98;153m██[38;2;42;51;92m██[38;2;85;98;153m██[38;2;42;51;92m██[38;2;85;98;153m██[38;2;16;16;16m████[38;2;119;63;21m██████[38;2;16;16;16m██[38;2;200;134;30m████[38;2;16;16;16m████[38;2;42;50;92m████[38;2;16;16;16m████[38;2;42;50;92m████████████[38;2;16;16;16m████████████████████████████[38;2;86;97;153m██████████████████[38;2;42;50;92m████                                    
                        [38;2;16;16;16m██[38;2;42;51;92m████[38;2;85;98;153m████[38;2;42;51;92m██[38;2;85;98;153m██[38;2;42;51;92m██[38;2;85;98;153m██[38;2;42;51;92m██[38;2;241;182;33m████[38;2;200;134;30m██[38;2;16;16;16m██[38;2;200;134;30m██[38;2;16;16;16m██[38;2;42;50;92m████[38;2;16;16;16m████[38;2;42;50;92m████████[38;2;16;16;16m████████[38;2;42;50;92m██████████████              [38;2;16;16;16m██████████[38;2;86;97;153m████████████[38;2;42;50;92m████                                
                        [38;2;16;16;16m██[38;2;42;51;92m██[38;2;16;16;16m██████[38;2;85;98;153m████[38;2;42;51;92m██[38;2;85;98;153m████[38;2;42;51;92m██[38;2;255;235;12m████[38;2;119;63;21m██[38;2;16;16;16m██[38;2;241;182;33m██[38;2;16;16;16m████[38;2;42;50;92m████[38;2;16;16;16m████████[38;2;42;50;92m██████████████████████████                    [38;2;16;16;16m██████████[38;2;86;97;153m██████[38;2;42;50;92m██                              
                          [38;2;16;16;16m██[38;2;42;51;92m██████[38;2;85;98;153m████[38;2;42;51;92m██[38;2;85;98;153m████[38;2;42;51;92m██[38;2;255;235;12m████████████[38;2;119;63;21m██[38;2;16;16;16m████[38;2;42;50;92m████████████████████████[38;2;86;97;153m██████████[38;2;42;50;92m████                          [38;2;16;16;16m██████                                
                          ██[38;2;42;51;92m████████[38;2;85;98;153m████[38;2;42;51;92m██[38;2;85;98;153m██[38;2;42;51;92m████[38;2;255;235;12m██████████████[38;2;241;182;33m██[38;2;16;16;16m████████████████████[38;2;42;50;92m██[38;2;86;97;153m████████████████[38;2;42;50;92m████                                                            
                          [38;2;16;16;16m██[38;2;42;51;92m██████[38;2;16;16;16m██████[38;2;85;98;153m████████[38;2;42;51;92m██[38;2;255;235;12m██████████████[38;2;241;182;33m████[38;2;16;16;16m██  ██[38;2;42;51;92m██████[38;2;16;16;16m██  ████████[38;2;86;97;153m██████████████[38;2;42;50;92m██                                                          
                            [38;2;16;16;16m██[38;2;42;51;92m████[38;2;16;16;16m██[38;2;42;51;92m████[38;2;85;98;153m██████████[38;2;42;51;92m██[38;2;255;235;12m██████████████[38;2;241;182;33m████[38;2;16;16;16m██[38;2;42;51;92m██████████[38;2;16;16;16m████[38;2;42;51;92m██████[38;2;16;16;16m██████[38;2;86;97;153m██████████[38;2;42;50;92m██                                                        
                            [38;2;16;16;16m██[38;2;42;51;92m██[38;2;16;16;16m██[38;2;42;51;92m████████[38;2;16;16;16m████████[38;2;255;235;12m██████████████████[38;2;241;182;33m██[38;2;16;16;16m██[38;2;42;51;92m████████████████████[38;2;16;16;16m██    ██████[38;2;86;97;153m██████[38;2;42;50;92m██                                                      
                              [38;2;16;16;16m██[38;2;42;51;92m██████████[38;2;16;16;16m██[38;2;200;134;30m██████[38;2;241;182;33m██[38;2;255;235;12m████████████████[38;2;241;182;33m████[38;2;16;16;16m██[38;2;42;51;92m██[38;2;16;16;16m████[38;2;42;51;92m██████████[38;2;16;16;16m██            ████[38;2;86;97;153m████[38;2;42;50;92m██                                                    
                              [38;2;16;16;16m██[38;2;42;51;92m██████████[38;2;16;16;16m██[38;2;200;134;30m████████[38;2;241;182;33m██[38;2;255;235;12m██████████████[38;2;241;182;33m████[38;2;16;16;16m████    ██[38;2;42;51;92m██████[38;2;16;16;16m██                  ████[38;2;86;97;153m██[38;2;42;50;92m██                                                  
                                [38;2;16;16;16m██[38;2;42;51;92m██████[38;2;16;16;16m██[38;2;200;134;30m████████████[38;2;241;182;33m████[38;2;255;235;12m████████[38;2;241;182;33m████[38;2;200;134;30m██[38;2;16;16;16m████    ██[38;2;42;51;92m██[38;2;16;16;16m████                        ████                                                  
                                  ██[38;2;42;51;92m██[38;2;16;16;16m██[38;2;200;134;30m██████████████████[38;2;241;182;33m████████[38;2;200;134;30m██████[38;2;16;16;16m██[38;2;42;51;92m██[38;2;16;16;16m██  ████                                                                                  
                                    ████[38;2;241;182;33m██[38;2;200;134;30m████████[38;2;119;63;21m██████████[38;2;200;134;30m██████████[38;2;16;16;16m██  ████                                                                                        
                                    [38;2;119;63;21m██[38;2;200;134;30m██[38;2;16;16;16m██[38;2;241;182;33m████[38;2;200;134;30m██[38;2;119;63;21m██[38;2;200;134;30m████[38;2;255;235;12m██████[38;2;119;63;21m██████[38;2;200;134;30m████[38;2;16;16;16m██                                                                                              
                                      [38;2;119;63;21m██[38;2;200;134;30m██[38;2;16;16;16m████[38;2;241;182;33m██[38;2;119;63;21m██[38;2;200;134;30m████[38;2;255;235;12m████████████[38;2;119;63;21m██[38;2;16;16;16m██              [38;2;200;134;30m██████                                                                            
                                      [38;2;119;63;21m██[38;2;200;134;30m██████[38;2;16;16;16m████[38;2;200;134;30m██████[38;2;255;235;12m████████████[38;2;16;16;16m██          [38;2;200;134;30m████[38;2;255;235;12m██████[38;2;200;134;30m██████                                                                      
                                        [38;2;119;63;21m██[38;2;200;134;30m████████[38;2;16;16;16m██[38;2;200;134;30m██████[38;2;241;182;33m██[38;2;255;235;12m████████[38;2;16;16;16m██        [38;2;119;63;21m██[38;2;255;235;12m████████████████[38;2;119;63;21m██                                                                    
                                          ██[38;2;200;134;30m████████[38;2;16;16;16m████[38;2;200;134;30m████[38;2;241;182;33m██[38;2;255;235;12m██[38;2;119;63;21m██[38;2;16;16;16m██        [38;2;119;63;21m██[38;2;255;235;12m██████[38;2;200;134;30m████[38;2;16;16;16m████████                                                                      
                                            [38;2;119;63;21m████████[38;2;200;134;30m██[38;2;119;63;21m██[38;2;16;16;16m████████[38;2;241;182;33m████[38;2;16;16;16m████  ██[38;2;255;235;12m██████[38;2;16;16;16m████[38;2;42;50;92m██████                                                                          
                                                [38;2;16;16;16m██[38;2;200;134;30m██████[38;2;16;16;16m██  ██[38;2;241;182;33m████[38;2;200;134;30m██[38;2;255;235;12m████[38;2;16;16;16m██[38;2;119;63;21m██[38;2;241;182;33m████[38;2;16;16;16m██[38;2;42;50;92m██████[38;2;86;97;153m████[38;2;42;50;92m████                                                                      
                                                  [38;2;16;16;16m██[38;2;200;134;30m██[38;2;119;63;21m██[38;2;200;134;30m██[38;2;16;16;16m██  ████[38;2;241;182;33m██[38;2;255;235;12m████[38;2;16;16;16m██[38;2;200;134;30m████[38;2;16;16;16m██[38;2;42;50;92m████[38;2;16;16;16m████████[38;2;86;97;153m████[38;2;42;50;92m██                                                                    
                                                    [38;2;16;16;16m██[38;2;241;182;33m██[38;2;200;134;30m██[38;2;16;16;16m████[38;2;200;134;30m████[38;2;16;16;16m██[38;2;255;235;12m██[38;2;200;134;30m██[38;2;16;16;16m██[38;2;200;134;30m██[38;2;16;16;16m██[38;2;42;50;92m██[38;2;16;16;16m████        ████                                                                      
                                                    ██[38;2;241;182;33m██[38;2;200;134;30m██[38;2;16;16;16m██[38;2;200;134;30m████[38;2;16;16;16m████[38;2;200;134;30m██[38;2;255;235;12m██[38;2;16;16;16m████████████████                                                                              
                                                  ██[38;2;241;182;33m██[38;2;200;134;30m██[38;2;16;16;16m██[38;2;200;134;30m██[38;2;16;16;16m████[38;2;42;50;92m██[38;2;16;16;16m██[38;2;255;235;12m██[38;2;241;182;33m██[38;2;255;235;12m██[38;2;42;51;92m██[38;2;85;98;153m██[38;2;16;16;16m██[38;2;42;50;92m████████[38;2;16;16;16m████                                                                          
                                                  ██[38;2;241;182;33m██[38;2;119;63;21m██[38;2;16;16;16m████[38;2;42;50;92m████[38;2;16;16;16m████[38;2;200;134;30m██[38;2;255;235;12m████[38;2;42;51;92m██[38;2;85;98;153m██[38;2;16;16;16m██████████[38;2;42;50;92m████[38;2;16;16;16m██                                                                        
                                                ██[38;2;241;182;33m██[38;2;200;134;30m██[38;2;16;16;16m██[38;2;42;51;92m████[38;2;16;16;16m████    ██[38;2;255;235;12m████[38;2;42;51;92m██[38;2;85;98;153m████[38;2;16;16;16m██      ████[38;2;42;50;92m██[38;2;16;16;16m██                                                                      
                                                ██[38;2;241;182;33m██[38;2;16;16;16m██[38;2;42;51;92m██████[38;2;16;16;16m██      ██[38;2;255;235;12m████[38;2;42;51;92m██[38;2;85;98;153m████[38;2;16;16;16m██          ████                                                                      
                                                ████[38;2;42;51;92m██████[38;2;16;16;16m██          ██[38;2;42;51;92m██[38;2;85;98;153m████[38;2;16;16;16m██                                                                                      
                                            ████[38;2;85;98;153m████[38;2;42;51;92m██[38;2;16;16;16m████            ██[38;2;85;98;153m██████[38;2;16;16;16m██                                                                                      
                                      [38;2;119;63;21m████[38;2;16;16;16m██[38;2;85;98;153m████[38;2;42;51;92m██[38;2;85;98;153m████              [38;2;42;51;92m██[38;2;85;98;153m████[38;2;42;51;92m██[38;2;85;98;153m████[38;2;16;16;16m██                                                                                    
                                  [38;2;119;63;21m████[38;2;200;134;30m████[38;2;16;16;16m██[38;2;85;98;153m██[38;2;42;51;92m██[38;2;16;16;16m██[38;2;85;98;153m██[38;2;16;16;16m██              ██[38;2;85;98;153m██[38;2;42;51;92m██[38;2;16;16;16m██[38;2;85;98;153m██[38;2;16;16;16m████                                                                                    
                                [38;2;119;63;21m██[38;2;200;134;30m██████[38;2;119;63;21m██[38;2;16;16;16m██████[38;2;200;134;30m██[38;2;16;16;16m██              [38;2;42;51;92m██[38;2;16;16;16m██[38;2;85;98;153m██[38;2;16;16;16m██  ██[38;2;200;134;30m██[38;2;16;16;16m██                                                                                    
                              [38;2;119;63;21m██[38;2;200;134;30m██████[38;2;16;16;16m████  ██[38;2;200;134;30m████[38;2;16;16;16m██              ██[38;2;200;134;30m██[38;2;16;16;16m██    ██[38;2;200;134;30m████[38;2;16;16;16m██                                                                                  
                            [38;2;119;63;21m██[38;2;200;134;30m██████[38;2;16;16;16m████  ██[38;2;200;134;30m████[38;2;16;16;16m██              ██[38;2;200;134;30m████[38;2;16;16;16m██    ██[38;2;200;134;30m████[38;2;241;182;33m██[38;2;16;16;16m██                                                                                
                          [38;2;119;63;21m██[38;2;241;182;33m██[38;2;200;134;30m████[38;2;16;16;16m████    [38;2;119;63;21m██[38;2;200;134;30m████[38;2;16;16;16m██              [38;2;119;63;21m██[38;2;200;134;30m████[38;2;16;16;16m██    ██[38;2;200;134;30m██[38;2;241;182;33m██[38;2;255;235;12m██[38;2;16;16;16m██                                                                                
                        [38;2;119;63;21m██[38;2;241;182;33m████[38;2;200;134;30m██[38;2;16;16;16m████    [38;2;119;63;21m██[38;2;200;134;30m████[38;2;16;16;16m██                [38;2;119;63;21m██[38;2;200;134;30m████[38;2;16;16;16m██      [38;2;119;63;21m██[38;2;241;182;33m██[38;2;255;235;12m████[38;2;16;16;16m██                                                                              
                        [38;2;119;63;21m██[38;2;241;182;33m████[38;2;16;16;16m██[38;2;42;50;92m██[38;2;16;16;16m██    [38;2;119;63;21m██[38;2;241;182;33m██[38;2;200;134;30m██[38;2;16;16;16m██              [38;2;119;63;21m██[38;2;241;182;33m██[38;2;200;134;30m████[38;2;16;16;16m██      [38;2;119;63;21m██[38;2;241;182;33m██[38;2;255;235;12m████[38;2;200;134;30m██[38;2;16;16;16m██                                                                            
                      [38;2;119;63;21m██[38;2;241;182;33m████[38;2;16;16;16m██[38;2;42;50;92m██[38;2;16;16;16m██      [38;2;119;63;21m██[38;2;255;235;12m██[38;2;241;182;33m██[38;2;16;16;16m██              [38;2;119;63;21m██[38;2;241;182;33m████[38;2;200;134;30m██[38;2;16;16;16m██        [38;2;119;63;21m██[38;2;255;235;12m██████[38;2;16;16;16m██                                                                            
                    [38;2;119;63;21m██[38;2;241;182;33m██████[38;2;16;16;16m██[38;2;42;50;92m██[38;2;16;16;16m██      [38;2;119;63;21m██[38;2;255;235;12m██[38;2;241;182;33m██[38;2;16;16;16m██              [38;2;119;63;21m██[38;2;241;182;33m████[38;2;16;16;16m██[38;2;42;50;92m██[38;2;16;16;16m██        [38;2;119;63;21m██[38;2;255;235;12m████[38;2;200;134;30m██[38;2;16;16;16m██                                                                          
                    [38;2;119;63;21m██[38;2;241;182;33m████[38;2;16;16;16m██[38;2;42;50;92m██[38;2;16;16;16m██      [38;2;119;63;21m██[38;2;255;235;12m████[38;2;16;16;16m██                [38;2;119;63;21m██[38;2;241;182;33m████[38;2;16;16;16m██[38;2;42;50;92m██[38;2;16;16;16m██        [38;2;119;63;21m██[38;2;255;235;12m██████[38;2;16;16;16m████                                                                        
                  [38;2;119;63;21m██[38;2;241;182;33m██████[38;2;16;16;16m██[38;2;42;50;92m██[38;2;16;16;16m██      [38;2;119;63;21m██[38;2;255;235;12m████[38;2;16;16;16m██                [38;2;119;63;21m██[38;2;241;182;33m████[38;2;16;16;16m██[38;2;42;50;92m██[38;2;16;16;16m██          [38;2;119;63;21m██[38;2;255;235;12m██████[38;2;16;16;16m████                                                                      
                  [38;2;119;63;21m██[38;2;241;182;33m████[38;2;16;16;16m██[38;2;42;50;92m████[38;2;16;16;16m██      [38;2;119;63;21m██[38;2;255;235;12m████[38;2;16;16;16m██                [38;2;119;63;21m██[38;2;241;182;33m████[38;2;16;16;16m██[38;2;42;50;92m██[38;2;16;16;16m██            [38;2;200;134;30m██[38;2;255;235;12m████[38;2;16;16;16m██[38;2;42;50;92m██[38;2;16;16;16m██                                                                    
                  [38;2;119;63;21m██[38;2;241;182;33m████[38;2;16;16;16m██[38;2;42;50;92m██[38;2;16;16;16m██        [38;2;119;63;21m██[38;2;255;235;12m████[38;2;16;16;16m██                [38;2;119;63;21m██[38;2;241;182;33m████[38;2;16;16;16m██[38;2;42;50;92m██[38;2;16;16;16m██            [38;2;119;63;21m██[38;2;241;182;33m██[38;2;255;235;12m████[38;2;16;16;16m██[38;2;42;50;92m████                                                                  
                  [38;2;119;63;21m██[38;2;241;182;33m██[38;2;16;16;16m████[38;2;42;50;92m██[38;2;16;16;16m██        [38;2;119;63;21m██[38;2;255;235;12m██[38;2;16;16;16m██[38;2;42;50;92m██[38;2;16;16;16m██              [38;2;119;63;21m██[38;2;241;182;33m████[38;2;16;16;16m██[38;2;42;50;92m██[38;2;16;16;16m██              [38;2;119;63;21m██[38;2;255;235;12m██████[38;2;16;16;16m██[38;2;86;97;153m██[38;2;42;50;92m██                                                                
                [38;2;119;63;21m██[38;2;241;182;33m████[38;2;16;16;16m████[38;2;42;50;92m██[38;2;16;16;16m██      [38;2;200;134;30m██[38;2;255;235;12m████[38;2;16;16;16m██[38;2;42;50;92m██[38;2;16;16;16m██              [38;2;119;63;21m██[38;2;241;182;33m████[38;2;119;63;21m██[38;2;42;50;92m████[38;2;16;16;16m██              [38;2;119;63;21m██[38;2;255;235;12m██████[38;2;16;16;16m██[38;2;86;97;153m██[38;2;42;50;92m██                                                              
                [38;2;119;63;21m██[38;2;241;182;33m████[38;2;16;16;16m████[38;2;42;50;92m██[38;2;16;16;16m██      [38;2;200;134;30m██[38;2;255;235;12m████[38;2;16;16;16m██[38;2;42;50;92m██[38;2;16;16;16m██                [38;2;119;63;21m██[38;2;241;182;33m██[38;2;119;63;21m██[38;2;16;16;16m██[38;2;42;50;92m██[38;2;16;16;16m██                [38;2;119;63;21m██[38;2;255;235;12m████[38;2;200;134;30m██[38;2;16;16;16m██[38;2;86;97;153m██[38;2;42;50;92m████                                                          
                [38;2;119;63;21m██[38;2;241;182;33m██[38;2;16;16;16m██  ██[38;2;42;50;92m██[38;2;16;16;16m██      [38;2;200;134;30m██[38;2;255;235;12m████[38;2;16;16;16m██[38;2;42;50;92m██[38;2;16;16;16m██                [38;2;119;63;21m██[38;2;241;182;33m██[38;2;200;134;30m██[38;2;16;16;16m██[38;2;42;50;92m██[38;2;16;16;16m██                  [38;2;119;63;21m██[38;2;255;235;12m████[38;2;200;134;30m██[38;2;16;16;16m██[38;2;86;97;153m████[38;2;42;50;92m████                                                      
                [38;2;119;63;21m██[38;2;241;182;33m██[38;2;16;16;16m██  ██[38;2;42;50;92m██[38;2;16;16;16m██      [38;2;200;134;30m██[38;2;255;235;12m████[38;2;16;16;16m██[38;2;86;97;153m██[38;2;16;16;16m██                [38;2;119;63;21m██[38;2;241;182;33m████[38;2;16;16;16m████[38;2;42;50;92m██[38;2;16;16;16m██                  [38;2;119;63;21m██[38;2;255;235;12m████[38;2;16;16;16m██[38;2;42;50;92m████[38;2;86;97;153m████[38;2;42;50;92m████                                                  
                [38;2;119;63;21m██[38;2;241;182;33m██[38;2;16;16;16m██    ██        [38;2;200;134;30m██[38;2;255;235;12m████[38;2;16;16;16m██[38;2;86;97;153m██[38;2;16;16;16m██                [38;2;119;63;21m██[38;2;241;182;33m████[38;2;16;16;16m████[38;2;42;50;92m██[38;2;16;16;16m██                    [38;2;119;63;21m██[38;2;255;235;12m████[38;2;16;16;16m██  [38;2;42;50;92m████[38;2;86;97;153m████[38;2;42;50;92m██                                                
                [38;2;119;63;21m██[38;2;241;182;33m██[38;2;16;16;16m██              [38;2;200;134;30m██[38;2;255;235;12m████[38;2;16;16;16m██[38;2;86;97;153m██[38;2;16;16;16m██                  [38;2;119;63;21m██[38;2;241;182;33m██[38;2;16;16;16m██  ██[38;2;42;50;92m██[38;2;16;16;16m██                    [38;2;119;63;21m██[38;2;255;235;12m████[38;2;16;16;16m██    [38;2;42;50;92m████                                                  
                  [38;2;16;16;16m██                [38;2;200;134;30m██[38;2;255;235;12m████[38;2;16;16;16m██[38;2;42;50;92m██[38;2;86;97;153m██[38;2;16;16;16m██                [38;2;119;63;21m██[38;2;241;182;33m██[38;2;119;63;21m██  [38;2;16;16;16m██[38;2;42;50;92m██[38;2;16;16;16m██                      [38;2;119;63;21m██[38;2;255;235;12m████[38;2;16;16;16m██                                                        
                                    [38;2;200;134;30m██[38;2;255;235;12m████[38;2;16;16;16m██[38;2;42;50;92m██[38;2;86;97;153m██[38;2;16;16;16m██                [38;2;119;63;21m██[38;2;241;182;33m████[38;2;16;16;16m██  ██[38;2;42;50;92m██[38;2;16;16;16m██                      [38;2;119;63;21m██[38;2;200;134;30m██[38;2;255;235;12m██[38;2;16;16;16m██                                                      
                                    [38;2;200;134;30m██[38;2;255;235;12m████[38;2;16;16;16m██  [38;2;42;50;92m██[38;2;16;16;16m██                  [38;2;119;63;21m██[38;2;241;182;33m██[38;2;16;16;16m██    ████                        [38;2;200;134;30m██[38;2;119;63;21m████                                                      
                                      [38;2;200;134;30m██[38;2;255;235;12m██[38;2;16;16;16m██  [38;2;42;50;92m██[38;2;86;97;153m██[38;2;42;50;92m██                [38;2;200;134;30m██[38;2;241;182;33m██[38;2;16;16;16m██                                                                                            
                                      [38;2;119;63;21m██[38;2;255;235;12m██[38;2;16;16;16m██    [38;2;42;50;92m████                  [38;2;119;63;21m██[38;2;241;182;33m██[38;2;16;16;16m██                                                                                          
                                      [38;2;119;63;21m██[38;2;255;235;12m██[38;2;16;16;16m██                            [38;2;119;63;21m██[38;2;16;16;16m██                                                                                          
                                        [38;2;119;63;21m██                                                                                                                            
[0m