                                                  [38;2;78;78;168m████                                                          
                                                ██[38;2;169;183;255m██[38;2;114;126;236m██[38;2;50;50;105m██                                                        
                                              [38;2;78;78;168m██[38;2;169;183;255m██[38;2;78;78;168m██[38;2;114;126;236m██[38;2;50;50;105m██                                                        
                                              [38;2;78;78;168m██[38;2;169;183;255m██[38;2;78;78;168m██[38;2;114;126;236m██[38;2;50;50;105m██                                                        
                                            [38;2;78;78;168m██[38;2;114;126;236m██[38;2;169;183;255m██[38;2;78;78;168m██[38;2;114;126;236m██[38;2;50;50;105m██                                                        
                                            [38;2;78;78;168m██[38;2;114;126;236m██[38;2;169;183;255m██[38;2;78;78;168m██[38;2;114;126;236m██[38;2;50;50;105m██                                                        
                                          [38;2;78;78;168m██[38;2;169;183;255m██[38;2;114;126;236m██[38;2;169;183;255m██[38;2;78;78;168m██[38;2;114;126;236m████[38;2;50;50;105m██                                                      
                        ████              [38;2;78;78;168m██[38;2;169;183;255m██████[38;2;78;78;168m██[38;2;114;126;236m████[38;2;50;50;105m██                                                      
                      ██[38;2;169;183;255m██[38;2;78;78;168m██[38;2;50;50;105m██            [38;2;78;78;168m██[38;2;169;183;255m██████[38;2;78;78;168m██[38;2;114;126;236m████[38;2;50;50;105m██                                                      
                      ██[38;2;169;183;255m██[38;2;78;78;168m████[38;2;50;50;105m██        [38;2;78;78;168m██[38;2;169;183;255m██████[38;2;78;78;168m██[38;2;114;126;236m██████[38;2;50;50;105m██                                                      
                      ██[38;2;169;183;255m████[38;2;78;78;168m████[38;2;50;50;105m██      [38;2;78;78;168m██[38;2;169;183;255m██████[38;2;78;78;168m██[38;2;114;126;236m██████[38;2;50;50;105m██                            ████████                  
                      ██[38;2;114;126;236m██[38;2;169;183;255m██[38;2;78;78;168m██████[38;2;50;50;105m██    [38;2;78;78;168m██[38;2;169;183;255m██████[38;2;78;78;168m██[38;2;114;126;236m████████[38;2;50;50;105m██                    ██████[38;2;114;126;236m████████[38;2;50;50;105m██                
                      ██[38;2;114;126;236m██[38;2;169;183;255m████[38;2;78;78;168m██████[38;2;50;50;105m██[38;2;78;78;168m██[38;2;169;183;255m████████[38;2;78;78;168m██[38;2;114;126;236m████████[38;2;0;0;0m██                [38;2;50;50;105m████[38;2;169;183;255m██[38;2;114;126;236m████████[38;2;78;78;168m████[38;2;0;0;0m██                
                      [38;2;50;50;105m██[38;2;114;126;236m████[38;2;169;183;255m██[38;2;78;78;168m████████[38;2;50;50;105m██[38;2;169;183;255m██[38;2;114;126;236m██[38;2;169;183;255m████[38;2;78;78;168m██[38;2;114;126;236m████████[38;2;0;0;0m██            [38;2;50;50;105m████[38;2;169;183;255m████[38;2;114;126;236m████████[38;2;78;78;168m████[38;2;0;0;0m██                  
                      [38;2;50;50;105m██[38;2;114;126;236m████[38;2;169;183;255m██[38;2;78;78;168m████████[38;2;50;50;105m██[38;2;169;183;255m██[38;2;114;126;236m████[38;2;169;183;255m██[38;2;78;78;168m██[38;2;114;126;236m██████████[38;2;0;0;0m██      [38;2;50;50;105m████[38;2;169;183;255m██████[38;2;114;126;236m██████[38;2;169;183;255m██[38;2;78;78;168m████[38;2;50;50;105m██                    
                      ██[38;2;114;126;236m██████[38;2;169;183;255m██[38;2;78;78;168m████[38;2;50;50;105m██[38;2;114;126;236m████████[38;2;169;183;255m██[38;2;78;78;168m██[38;2;114;126;236m██████████[38;2;0;0;0m██[38;2;50;50;105m██████[38;2;169;183;255m████████████████[38;2;78;78;168m██████[38;2;0;0;0m██                    
                        [38;2;50;50;105m██[38;2;114;126;236m████[38;2;169;183;255m██[38;2;78;78;168m████[38;2;50;50;105m██[38;2;114;126;236m██████[38;2;93;69;52m████████[38;2;114;126;236m████████[38;2;0;0;0m██[38;2;114;126;236m████████████[38;2;169;183;255m████████[38;2;78;78;168m██████[38;2;0;0;0m██                      
                        [38;2;50;50;105m██[38;2;114;126;236m██████[38;2;169;183;255m██[38;2;78;78;168m██[38;2;50;50;105m██[38;2;114;126;236m██████[38;2;93;69;52m██[38;2;247;190;84m████[38;2;93;69;52m██[38;2;114;126;236m██████████[38;2;0;0;0m██[38;2;114;126;236m████████████[38;2;169;183;255m████[38;2;78;78;168m██████[38;2;50;50;105m██                        
    [38;2;114;126;236m██[38;2;78;78;168m██                  [38;2;93;69;52m████[38;2;114;126;236m██[38;2;169;183;255m██[38;2;50;50;105m██[38;2;114;126;236m████████[38;2;93;69;52m██[38;2;255;234;147m██[38;2;208;128;52m██[38;2;93;69;52m██[38;2;114;126;236m██████████[38;2;0;0;0m██[38;2;114;126;236m██████████[38;2;169;183;255m██[38;2;78;78;168m██████████[38;2;0;0;0m██                        
  [38;2;114;126;236m██[38;2;220;218;253m██[38;2;169;183;255m██[38;2;50;50;105m██              [38;2;208;128;52m██[38;2;255;234;147m████[38;2;93;69;52m██[38;2;114;126;236m██[38;2;50;50;105m██[38;2;114;126;236m██████[38;2;93;69;52m██[38;2;255;234;147m████[38;2;151;95;14m██[38;2;93;69;52m██[38;2;78;78;168m██[38;2;114;126;236m██████████[38;2;93;69;52m████[38;2;114;126;236m████[38;2;169;183;255m██[38;2;78;78;168m████████[38;2;114;126;236m██[38;2;50;50;105m██                          
  [38;2;78;78;168m██[38;2;220;218;253m██[38;2;114;126;236m██[38;2;50;50;105m██              [38;2;93;69;52m██[38;2;255;234;147m██████[38;2;93;69;52m██[38;2;114;126;236m████████[38;2;93;69;52m██[38;2;255;234;147m████[38;2;151;95;14m██[38;2;208;128;52m██[38;2;93;69;52m██[38;2;78;78;168m████[38;2;114;126;236m████[38;2;93;69;52m██[38;2;255;234;147m██[38;2;208;128;52m██[38;2;93;69;52m██[38;2;114;126;236m██[38;2;78;78;168m████████[38;2;114;126;236m██[38;2;78;78;168m██[38;2;0;0;0m██                          
[38;2;78;78;168m██[38;2;220;218;253m██[38;2;78;78;168m██[38;2;114;126;236m██[38;2;50;50;105m██                [38;2;0;0;0m██[38;2;255;234;147m██████[38;2;93;69;52m██[38;2;114;126;236m██[38;2;93;69;52m████[38;2;151;95;14m██[38;2;208;128;52m████[38;2;151;95;14m████[38;2;247;190;84m██[38;2;93;69;52m██[38;2;78;78;168m████[38;2;93;69;52m██[38;2;255;234;147m██████[38;2;93;69;52m██[38;2;78;78;168m████████[38;2;114;126;236m████[38;2;50;50;105m██                            
[38;2;78;78;168m██[38;2;220;218;253m██[38;2;78;78;168m██[38;2;114;126;236m██[38;2;78;78;168m██[38;2;50;50;105m██[38;2;78;78;168m██          ████[38;2;0;0;0m██[38;2;255;234;147m████[38;2;247;190;84m██[38;2;93;69;52m██[38;2;208;128;52m██[38;2;247;190;84m████████████████[38;2;93;69;52m████[38;2;255;234;147m██████[38;2;93;69;52m██[38;2;78;78;168m████████[38;2;114;126;236m██████[38;2;0;0;0m██                            
[38;2;78;78;168m██[38;2;220;218;253m██[38;2;78;78;168m██[38;2;114;126;236m████[38;2;50;50;105m██[38;2;169;183;255m██[38;2;78;78;168m██████████[38;2;169;183;255m██████[38;2;0;0;0m██[38;2;255;234;147m██[38;2;247;190;84m██[38;2;208;128;52m██[38;2;247;190;84m██[38;2;151;95;14m██████████[38;2;247;190;84m██[38;2;208;128;52m██[38;2;247;190;84m██[38;2;151;95;14m██[38;2;255;234;147m██████[38;2;93;69;52m██[38;2;78;78;168m██[38;2;50;50;105m████[38;2;78;78;168m██[38;2;114;126;236m██████[38;2;50;50;105m██                              
[38;2;78;78;168m██[38;2;169;183;255m██[38;2;78;78;168m██[38;2;114;126;236m████[38;2;78;78;168m██[38;2;114;126;236m██[38;2;169;183;255m██████████████[38;2;114;126;236m████[38;2;93;69;52m██[38;2;208;128;52m██[38;2;247;190;84m██[38;2;151;95;14m██[38;2;254;199;214m████████[38;2;253;143;172m██[38;2;160;27;76m██[38;2;247;190;84m██[38;2;208;128;52m██[38;2;247;190;84m██[38;2;255;234;147m████[38;2;0;0;0m██[38;2;78;78;168m████████[38;2;50;50;105m██████[38;2;114;126;236m██[38;2;0;0;0m██                              
[38;2;78;78;168m██[38;2;169;183;255m██[38;2;78;78;168m██[38;2;114;126;236m██████[38;2;78;78;168m██[38;2;169;183;255m████████████[38;2;114;126;236m████[38;2;93;69;52m██[38;2;247;190;84m████[38;2;151;95;14m██[38;2;254;199;214m██[38;2;255;255;255m████████[38;2;254;199;214m██[38;2;244;83;111m██[38;2;93;69;52m██[38;2;247;190;84m██[38;2;208;128;52m████[38;2;151;95;14m██[38;2;93;69;52m██[38;2;78;78;168m██████[38;2;114;126;236m████████[38;2;50;50;105m████                              
[38;2;78;78;168m██[38;2;169;183;255m██[38;2;78;78;168m██[38;2;114;126;236m████████[38;2;78;78;168m██[38;2;114;126;236m██[38;2;169;183;255m██████[38;2;114;126;236m██████[38;2;93;69;52m██[38;2;247;190;84m██[38;2;151;95;14m██[38;2;254;199;214m██[38;2;255;255;255m████████████[38;2;254;199;214m██[38;2;244;83;111m██[38;2;93;69;52m██[38;2;247;190;84m██[38;2;151;95;14m██[38;2;208;128;52m██[38;2;93;69;52m██[38;2;78;78;168m████[38;2;114;126;236m██████████████[38;2;50;50;105m████                          
  ██[38;2;169;183;255m██[38;2;114;126;236m██████████[38;2;78;78;168m████[38;2;114;126;236m████[38;2;93;69;52m██████[38;2;208;128;52m██[38;2;151;95;14m██[38;2;253;143;172m██[38;2;254;199;214m██[38;2;255;255;255m████████████[38;2;254;199;214m██[38;2;244;83;111m████[38;2;160;27;76m██[38;2;247;190;84m██[38;2;151;95;14m████[38;2;93;69;52m██████[38;2;114;126;236m████████████████[38;2;50;50;105m████                      
  [38;2;0;0;0m██[38;2;169;183;255m██[38;2;114;126;236m██████████████[38;2;78;78;168m██[38;2;93;69;52m██[38;2;255;234;147m██████[38;2;247;190;84m██[38;2;151;95;14m██[38;2;253;143;172m██[38;2;254;199;214m██[38;2;255;255;255m████████████[38;2;254;199;214m██[38;2;244;83;111m██[38;2;160;27;76m██[38;2;0;0;0m██[38;2;247;190;84m██[38;2;208;128;52m██[38;2;247;190;84m████████[38;2;93;69;52m██[38;2;114;126;236m██████████████████[38;2;78;78;168m██[38;2;50;50;105m████                
  [38;2;0;0;0m██[38;2;169;183;255m██[38;2;78;78;168m██[38;2;114;126;236m██████████████[38;2;93;69;52m██[38;2;255;234;147m██████[38;2;247;190;84m██[38;2;151;95;14m██[38;2;253;143;172m██[38;2;254;199;214m██[38;2;255;255;255m████████████[38;2;254;199;214m██[38;2;160;27;76m████[38;2;0;0;0m██[38;2;247;190;84m██[38;2;208;128;52m██[38;2;247;190;84m████████[38;2;93;69;52m██[38;2;114;126;236m████████████████████████[38;2;78;78;168m██[38;2;50;50;105m██            
    [38;2;0;0;0m██[38;2;78;78;168m██[38;2;114;126;236m██████████████[38;2;93;69;52m████████[38;2;208;128;52m██[38;2;151;95;14m██[38;2;253;143;172m██[38;2;160;27;76m██[38;2;254;199;214m██[38;2;255;255;255m████████[38;2;254;199;214m██[38;2;160;27;76m██████[38;2;0;0;0m██[38;2;247;190;84m██[38;2;151;95;14m████[38;2;93;69;52m██[38;2;0;0;0m████[38;2;93;69;52m██[38;2;169;183;255m████[38;2;114;126;236m██████████████████████████[38;2;78;78;168m██        
    [38;2;0;0;0m██[38;2;114;126;236m██[38;2;78;78;168m██[38;2;114;126;236m████████████████[38;2;78;78;168m██[38;2;93;69;52m██[38;2;247;190;84m██[38;2;151;95;14m██[38;2;160;27;76m██[38;2;244;83;111m██[38;2;160;27;76m██[38;2;254;199;214m████████[38;2;160;27;76m████████[38;2;0;0;0m██[38;2;247;190;84m██[38;2;208;128;52m████[38;2;0;0;0m██[38;2;169;183;255m████████████████[38;2;114;126;236m████████████████████████[38;2;78;78;168m██    
      [38;2;0;0;0m██[38;2;78;78;168m██[38;2;114;126;236m████████████████[38;2;78;78;168m████[38;2;93;69;52m██[38;2;247;190;84m██[38;2;93;69;52m██[38;2;160;27;76m██████████████████[38;2;93;69;52m██[38;2;247;190;84m██[38;2;208;128;52m████[38;2;0;0;0m██[38;2;78;78;168m██████████[38;2;169;183;255m██████████████████[38;2;114;126;236m████████████████[38;2;78;78;168m██  
        [38;2;0;0;0m██[38;2;78;78;168m██[38;2;114;126;236m██████████████[38;2;78;78;168m████[38;2;93;69;52m██[38;2;208;128;52m██[38;2;247;190;84m██[38;2;93;69;52m██[38;2;160;27;76m██[38;2;244;83;111m████████[38;2;160;27;76m████[38;2;93;69;52m██[38;2;247;190;84m██[38;2;151;95;14m██[38;2;208;128;52m████[38;2;0;0;0m██[38;2;78;78;168m████[38;2;114;126;236m██████[38;2;78;78;168m██████████[38;2;169;183;255m████████████████[38;2;114;126;236m██████████[38;2;50;50;105m██
          [38;2;0;0;0m██[38;2;114;126;236m████████████████[38;2;78;78;168m████[38;2;93;69;52m██[38;2;247;190;84m████[38;2;160;27;76m██[38;2;244;83;111m██████████[38;2;93;69;52m██[38;2;247;190;84m██[38;2;208;128;52m████[38;2;151;95;14m██[38;2;208;128;52m██[38;2;0;0;0m██[38;2;78;78;168m████[38;2;114;126;236m██████████████████[38;2;78;78;168m██████████████████[38;2;114;126;236m██████[38;2;50;50;105m██
            [38;2;0;0;0m██[38;2;114;126;236m██████████████[38;2;78;78;168m██[38;2;93;69;52m██[38;2;255;234;147m██[38;2;247;190;84m██[38;2;208;128;52m██[38;2;247;190;84m██[38;2;93;69;52m██[38;2;0;0;0m████████[38;2;247;190;84m██[38;2;151;95;14m██[38;2;208;128;52m██[38;2;247;190;84m████[38;2;93;69;52m██[38;2;78;78;168m██████[38;2;114;126;236m████████████████████████████████████[38;2;0;0;0m████[38;2;50;50;105m██  
          [38;2;0;0;0m██[38;2;78;78;168m██[38;2;0;0;0m██[38;2;50;50;105m██[38;2;114;126;236m██████████[38;2;93;69;52m██[38;2;255;234;147m████[38;2;247;190;84m██[38;2;0;0;0m██[38;2;208;128;52m██[38;2;247;190;84m██████████[38;2;208;128;52m████[38;2;151;95;14m██[38;2;247;190;84m██████[38;2;93;69;52m██[38;2;78;78;168m██[38;2;114;126;236m██████████████████████████████[38;2;0;0;0m██████[38;2;50;50;105m██        
        ██[38;2;114;126;236m████[38;2;78;78;168m████[38;2;0;0;0m██[38;2;114;126;236m██████[38;2;93;69;52m██[38;2;255;234;147m██████[38;2;0;0;0m██[38;2;78;78;168m██[38;2;0;0;0m██[38;2;208;128;52m██████[38;2;151;95;14m██[38;2;208;128;52m██████[38;2;0;0;0m████[38;2;247;190;84m████[38;2;255;234;147m██[38;2;93;69;52m██[38;2;114;126;236m██████████████████[38;2;0;0;0m██████████[38;2;50;50;105m██                
      ██[38;2;114;126;236m████████[38;2;169;183;255m████[38;2;0;0;0m██[38;2;78;78;168m██[38;2;93;69;52m██[38;2;255;234;147m██████[38;2;0;0;0m██[38;2;114;126;236m██[38;2;78;78;168m██[38;2;114;126;236m██[38;2;0;0;0m██[38;2;247;190;84m████[38;2;151;95;14m████[38;2;0;0;0m████[38;2;78;78;168m████[38;2;0;0;0m██[38;2;255;234;147m██████[38;2;93;69;52m██[38;2;114;126;236m██████████[38;2;0;0;0m██████[38;2;169;183;255m██[38;2;114;126;236m████████[38;2;50;50;105m██                
    ██[38;2;114;126;236m██[38;2;169;183;255m████████[38;2;78;78;168m████[38;2;50;50;105m██[38;2;78;78;168m██[38;2;93;69;52m██[38;2;255;234;147m██[38;2;247;190;84m██[38;2;93;69;52m██[38;2;114;126;236m████[38;2;78;78;168m██[38;2;114;126;236m████[38;2;255;234;147m████[38;2;208;128;52m██[38;2;0;0;0m██[38;2;78;78;168m████████[38;2;114;126;236m██[38;2;0;0;0m██[38;2;255;234;147m██████[38;2;0;0;0m██[38;2;114;126;236m████[38;2;0;0;0m████[38;2;78;78;168m████[38;2;169;183;255m██████[38;2;114;126;236m████████[38;2;50;50;105m██              
    ██[38;2;169;183;255m██████[38;2;78;78;168m██████████[38;2;50;50;105m██[38;2;114;126;236m██[38;2;93;69;52m████[38;2;114;126;236m██████[38;2;78;78;168m██[38;2;114;126;236m████[38;2;0;0;0m██[38;2;255;234;147m██[38;2;208;128;52m██[38;2;0;0;0m██[38;2;78;78;168m██████[38;2;114;126;236m██████[38;2;0;0;0m██[38;2;255;234;147m██[38;2;247;190;84m██[38;2;93;69;52m██[38;2;114;126;236m██[38;2;50;50;105m██[38;2;78;78;168m████████████[38;2;169;183;255m████[38;2;114;126;236m████████[38;2;50;50;105m██            
  ██[38;2;169;183;255m████[38;2;78;78;168m██████████████[38;2;50;50;105m██[38;2;114;126;236m██████████[38;2;78;78;168m██[38;2;114;126;236m██████[38;2;0;0;0m██[38;2;247;190;84m████[38;2;0;0;0m██[38;2;114;126;236m██[38;2;78;78;168m████[38;2;114;126;236m████████[38;2;0;0;0m██[38;2;93;69;52m██[38;2;114;126;236m████[38;2;0;0;0m██[38;2;78;78;168m██████████████[38;2;114;126;236m██[38;2;169;183;255m████[38;2;114;126;236m██████[38;2;50;50;105m██          
  ██[38;2;78;78;168m████████[38;2;0;0;0m██████████[38;2;50;50;105m██[38;2;114;126;236m██████[38;2;169;183;255m██[38;2;114;126;236m██[38;2;78;78;168m██[38;2;114;126;236m████████[38;2;0;0;0m████[38;2;114;126;236m████[38;2;78;78;168m██[38;2;114;126;236m████████████████[38;2;50;50;105m██[38;2;0;0;0m██[38;2;78;78;168m████████████████████[38;2;169;183;255m██████[38;2;114;126;236m██[38;2;50;50;105m██        
    [38;2;0;0;0m████████          [38;2;50;50;105m██[38;2;114;126;236m████[38;2;169;183;255m██[38;2;114;126;236m██[38;2;78;78;168m██[38;2;114;126;236m██████████████████[38;2;78;78;168m██[38;2;114;126;236m████████████████[38;2;0;0;0m██  ████████[38;2;50;50;105m██[38;2;78;78;168m████████████████[38;2;114;126;236m██[38;2;0;0;0m██        
                      [38;2;50;50;105m██[38;2;169;183;255m██████[38;2;78;78;168m██[38;2;169;183;255m██[38;2;114;126;236m██████████████████[38;2;78;78;168m██[38;2;114;126;236m████████████████[38;2;0;0;0m██            ██████████████████          
                    [38;2;50;50;105m██[38;2;114;126;236m██[38;2;169;183;255m████[38;2;78;78;168m██[38;2;114;126;236m██[38;2;169;183;255m████[38;2;114;126;236m████████████████[38;2;78;78;168m██[38;2;114;126;236m████████████████[38;2;0;0;0m██                                        
                    [38;2;50;50;105m██[38;2;169;183;255m████[38;2;114;126;236m██[38;2;78;78;168m██[38;2;169;183;255m██████████[38;2;114;126;236m██████[38;2;169;183;255m████[38;2;114;126;236m██[38;2;78;78;168m██[38;2;114;126;236m████████████████[38;2;0;0;0m██                                        
                    [38;2;50;50;105m██[38;2;169;183;255m████[38;2;78;78;168m██[38;2;169;183;255m██████████████████████[38;2;114;126;236m██[38;2;78;78;168m██[38;2;114;126;236m██████[38;2;169;183;255m██[38;2;114;126;236m████████[38;2;0;0;0m██                                        
                    [38;2;50;50;105m██[38;2;169;183;255m██[38;2;78;78;168m██[38;2;114;126;236m██[38;2;169;183;255m██████████████████████[38;2;114;126;236m██[38;2;78;78;168m██[38;2;114;126;236m██████[38;2;169;183;255m████[38;2;114;126;236m██████[38;2;0;0;0m██                                        
                  [38;2;50;50;105m██[38;2;114;126;236m██[38;2;78;78;168m██[38;2;114;126;236m████████████[38;2;169;183;255m██████████████[38;2;114;126;236m██[38;2;78;78;168m██[38;2;114;126;236m██████[38;2;169;183;255m██████[38;2;114;126;236m████[38;2;0;0;0m██                                        
                  [38;2;50;50;105m██[38;2;78;78;168m██[38;2;114;126;236m████████████████[38;2;169;183;255m████████████[38;2;114;126;236m██[38;2;78;78;168m██[38;2;114;126;236m██████[38;2;169;183;255m██████[38;2;114;126;236m██[38;2;50;50;105m██                                          
                  ██[38;2;78;78;168m██[38;2;114;126;236m████████████████████[38;2;169;183;255m██████[38;2;114;126;236m████[38;2;78;78;168m██[38;2;114;126;236m██████[38;2;169;183;255m██████[38;2;114;126;236m██[38;2;0;0;0m██                                          
                [38;2;50;50;105m██[38;2;78;78;168m██[38;2;114;126;236m████████████████████████[38;2;169;183;255m████[38;2;114;126;236m████[38;2;78;78;168m██[38;2;114;126;236m██████[38;2;169;183;255m██████[38;2;114;126;236m██[38;2;0;0;0m██                                          
                [38;2;50;50;105m██[38;2;114;126;236m████████████████████████████[38;2;169;183;255m██[38;2;114;126;236m████████████[38;2;169;183;255m██████[38;2;114;126;236m██[38;2;0;0;0m██                                          
              [38;2;50;50;105m██[38;2;114;126;236m██████████████████████████████[38;2;169;183;255m██[38;2;114;126;236m██[38;2;78;78;168m██[38;2;114;126;236m████████[38;2;169;183;255m██████[38;2;114;126;236m██[38;2;0;0;0m██                                          
              [38;2;50;50;105m██[38;2;114;126;236m████████[38;2;78;78;168m██████[38;2;50;50;105m████[38;2;114;126;236m████████████████[38;2;78;78;168m██[38;2;114;126;236m████████[38;2;169;183;255m████[38;2;114;126;236m████[38;2;0;0;0m██                                          
            [38;2;50;50;105m██[38;2;114;126;236m████████[38;2;78;78;168m████████████[38;2;50;50;105m██[38;2;114;126;236m██████████████[38;2;78;78;168m██[38;2;114;126;236m████████[38;2;169;183;255m████[38;2;114;126;236m████[38;2;0;0;0m██                                          
            [38;2;50;50;105m██[38;2;169;183;255m██[38;2;114;126;236m████[38;2;78;78;168m████████████████[38;2;0;0;0m██[38;2;78;78;168m██[38;2;114;126;236m██████████[38;2;78;78;168m██[38;2;114;126;236m████████[38;2;169;183;255m████[38;2;114;126;236m████[38;2;0;0;0m██                                          
            [38;2;50;50;105m██[38;2;169;183;255m██[38;2;114;126;236m██[38;2;78;78;168m████████████████[38;2;0;0;0m██  [38;2;50;50;105m██[38;2;78;78;168m██[38;2;114;126;236m████████[38;2;78;78;168m██[38;2;114;126;236m██████[38;2;169;183;255m██████[38;2;114;126;236m██[38;2;50;50;105m██                                            
          ██[38;2;169;183;255m████[38;2;78;78;168m████████████████[38;2;0;0;0m██      [38;2;78;78;168m██[38;2;114;126;236m████████[38;2;78;78;168m██[38;2;114;126;236m██████[38;2;169;183;255m████[38;2;114;126;236m████[38;2;0;0;0m██                                            
          ██[38;2;169;183;255m████[38;2;78;78;168m██████████████[38;2;0;0;0m██        [38;2;50;50;105m██[38;2;114;126;236m████████[38;2;78;78;168m██[38;2;114;126;236m██████[38;2;169;183;255m████[38;2;114;126;236m████[38;2;0;0;0m██                                            
          ██[38;2;169;183;255m████[38;2;78;78;168m████████████[38;2;0;0;0m██          [38;2;50;50;105m██[38;2;114;126;236m████████[38;2;78;78;168m██[38;2;114;126;236m██████[38;2;169;183;255m████[38;2;114;126;236m████[38;2;0;0;0m██                                            
          ██[38;2;169;183;255m████[38;2;78;78;168m██████████[38;2;50;50;105m██[38;2;0;0;0m██          [38;2;50;50;105m██[38;2;114;126;236m████████[38;2;78;78;168m██[38;2;114;126;236m██████[38;2;169;183;255m██[38;2;114;126;236m████[38;2;50;50;105m██                                              
            ██[38;2;169;183;255m██[38;2;114;126;236m██[38;2;78;78;168m██████[38;2;50;50;105m██[38;2;78;78;168m████[38;2;0;0;0m██        [38;2;50;50;105m██[38;2;114;126;236m████████[38;2;78;78;168m██[38;2;114;126;236m██████[38;2;169;183;255m██[38;2;114;126;236m████[38;2;0;0;0m██                                              
            ██[38;2;169;183;255m████[38;2;78;78;168m██████[38;2;50;50;105m██[38;2;78;78;168m████[38;2;0;0;0m██        [38;2;50;50;105m██[38;2;114;126;236m████████[38;2;78;78;168m██[38;2;114;126;236m██████[38;2;169;183;255m██[38;2;114;126;236m████[38;2;0;0;0m██                                              
              ██[38;2;169;183;255m██[38;2;114;126;236m██[38;2;78;78;168m██████[38;2;50;50;105m██[38;2;78;78;168m████[38;2;0;0;0m██      [38;2;50;50;105m██[38;2;114;126;236m████████[38;2;78;78;168m██[38;2;114;126;236m████[38;2;169;183;255m████[38;2;114;126;236m████[38;2;0;0;0m██                                              
                ██[38;2;169;183;255m██[38;2;114;126;236m██[38;2;78;78;168m████[38;2;50;50;105m██[38;2;78;78;168m████[38;2;0;0;0m██      [38;2;50;50;105m██[38;2;114;126;236m████████[38;2;78;78;168m██[38;2;114;126;236m████[38;2;169;183;255m██[38;2;114;126;236m██████[38;2;0;0;0m██                                              
                  ██[38;2;169;183;255m██[38;2;78;78;168m██████[38;2;50;50;105m██[38;2;78;78;168m██[38;2;50;50;105m██      ██[38;2;114;126;236m████████[38;2;78;78;168m██[38;2;114;126;236m████[38;2;169;183;255m██[38;2;114;126;236m████[38;2;50;50;105m██                                                
                    [38;2;0;0;0m██[38;2;50;50;105m██[38;2;78;78;168m██████[38;2;50;50;105m██[38;2;78;78;168m██[38;2;0;0;0m██    [38;2;50;50;105m██[38;2;114;126;236m████████[38;2;78;78;168m██[38;2;114;126;236m████[38;2;169;183;255m██[38;2;114;126;236m████[38;2;0;0;0m██                                                
                        ██[38;2;78;78;168m██████[38;2;50;50;105m██[38;2;0;0;0m██      [38;2;50;50;105m██[38;2;114;126;236m██████[38;2;78;78;168m██[38;2;114;126;236m████[38;2;169;183;255m██[38;2;114;126;236m████[38;2;0;0;0m██                                                
                          ████[38;2;78;78;168m████[38;2;0;0;0m██      [38;2;50;50;105m██[38;2;114;126;236m██████[38;2;78;78;168m██[38;2;114;126;236m██████████[38;2;0;0;0m██                                                
                              ████        [38;2;50;50;105m██[38;2;114;126;236m██████[38;2;78;78;168m██[38;2;114;126;236m████████[38;2;50;50;105m██                                                  
                                          ██[38;2;114;126;236m██████[38;2;78;78;168m██[38;2;114;126;236m████████[38;2;0;0;0m██                                                  
                                            [38;2;50;50;105m██[38;2;114;126;236m████[38;2;78;78;168m██[38;2;114;126;236m████████[38;2;0;0;0m██                                                  
                                            [38;2;50;50;105m██[38;2;114;126;236m████[38;2;78;78;168m██[38;2;114;126;236m████████[38;2;0;0;0m██                                                  
                                            [38;2;50;50;105m██[38;2;114;126;236m████[38;2;78;78;168m██[38;2;114;126;236m████████[38;2;0;0;0m██                                                  
                                              [38;2;50;50;105m██[38;2;114;126;236m████[38;2;78;78;168m██[38;2;114;126;236m████[38;2;50;50;105m██                                                    
                                              ██[38;2;114;126;236m████[38;2;78;78;168m██[38;2;114;126;236m████[38;2;0;0;0m██                                                    
                                                [38;2;50;50;105m██[38;2;114;126;236m██[38;2;78;78;168m██[38;2;114;126;236m████[38;2;0;0;0m██                                                    
                                                [38;2;50;50;105m██[38;2;114;126;236m██[38;2;78;78;168m██[38;2;114;126;236m████[38;2;0;0;0m██                                                    
                                                  [38;2;50;50;105m██[38;2;114;126;236m████[38;2;50;50;105m██                                                      
                                                  ██[38;2;114;126;236m████[38;2;0;0;0m██                                                      
                                                    [38;2;50;50;105m██[38;2;0;0;0m██                                                        
[0m