                                                                                                      [38;2;31;31;31m██                                
                                                                                                    ██[38;2;57;56;57m██[38;2;31;31;31m██                              
                                                                                                    ██[38;2;57;56;57m██[38;2;31;31;31m██                              
                                                                                                  ██[38;2;57;56;57m████[38;2;41;40;41m██[38;2;31;31;31m██                            
                                                                                                  ██[38;2;57;56;57m████[38;2;41;40;41m████[38;2;31;31;31m██                          
                                                                                                  ██[38;2;57;56;57m██████[38;2;41;40;41m██[38;2;31;31;31m██                          
                                                                            ████    ██              ██[38;2;57;56;57m██████[38;2;31;31;31m██                          
                                                                            ██[38;2;57;56;57m██[38;2;31;31;31m████[38;2;57;56;57m██[38;2;31;31;31m██              ████████                          
                                                                            ██[38;2;57;56;57m████████[38;2;31;31;31m██                    [38;2;48;48;48m██[38;2;7;7;7m██                        
                                                                            [38;2;31;31;31m██[38;2;41;40;41m██[38;2;57;56;57m██████[38;2;31;31;31m██                      [38;2;48;48;48m██[38;2;7;7;7m██                      
                                              [38;2;41;40;41m████  ██                      [38;2;31;31;31m██[38;2;41;40;41m██████████[38;2;7;7;7m████                    [38;2;48;48;48m██[38;2;7;7;7m██                    
                                            [38;2;41;40;41m██[38;2;57;56;57m████[38;2;41;40;41m██[38;2;57;56;57m██[38;2;31;31;31m██                      [38;2;7;7;7m██[38;2;41;40;41m██████[38;2;7;7;7m██[38;2;48;48;48m████[38;2;7;7;7m██████████            [38;2;48;48;48m██[38;2;7;7;7m██                  
                                          [38;2;41;40;41m██[38;2;57;56;57m██████████[38;2;31;31;31m██[38;2;48;48;48m████████████            [38;2;7;7;7m██████      [38;2;48;48;48m██████████[38;2;7;7;7m████          [38;2;48;48;48m██[38;2;7;7;7m██                
                                        [38;2;41;40;41m██[38;2;57;56;57m██████████████[38;2;31;31;31m██[38;2;87;89;87m██████████[38;2;48;48;48m████                              ████[38;2;7;7;7m██        [38;2;48;48;48m██[38;2;7;7;7m██                
                                    [38;2;41;40;41m████[38;2;57;56;57m██████████████████[38;2;31;31;31m██[38;2;87;89;87m████████████[38;2;48;48;48m██████                            ██[38;2;7;7;7m██        [38;2;48;48;48m██[38;2;7;7;7m██              
                                  [38;2;41;40;41m██[38;2;57;56;57m████████████████████████[38;2;31;31;31m██[38;2;87;89;87m████████████████[38;2;48;48;48m████                        ██[38;2;7;7;7m██        [38;2;48;48;48m██[38;2;7;7;7m██              
                                [38;2;41;40;41m██[38;2;57;56;57m████████████████████████████[38;2;31;31;31m██[38;2;87;89;87m██████████████████[38;2;48;48;48m████                      ██[38;2;7;7;7m██      [38;2;48;48;48m██[38;2;7;7;7m██              
                              [38;2;41;40;41m██[38;2;57;56;57m████████████████████████████████[38;2;31;31;31m██[38;2;87;89;87m████████████████████[38;2;48;48;48m████                  ██[38;2;7;7;7m██    [38;2;48;48;48m██[38;2;7;7;7m██                
                            [38;2;41;40;41m██[38;2;57;56;57m████████████████████████████████████[38;2;31;31;31m████[38;2;87;89;87m████████████████████[38;2;48;48;48m██████████        ██[38;2;7;7;7m██    [38;2;48;48;48m██[38;2;7;7;7m██████████        
                          [38;2;41;40;41m██[38;2;57;56;57m██████████████████████████████████████████[38;2;31;31;31m██[38;2;87;89;87m████████████████████████████[38;2;48;48;48m██████  ██[38;2;7;7;7m██  [38;2;48;48;48m██[38;2;7;7;7m██[38;2;48;48;48m██████████[38;2;7;7;7m████    
                        [38;2;41;40;41m██[38;2;57;56;57m██████████████████████████████████████████████[38;2;7;7;7m██[38;2;87;89;87m████████████████████████████[38;2;66;66;66m████[38;2;48;48;48m████[38;2;7;7;7m██[38;2;48;48;48m██[38;2;7;7;7m██[38;2;48;48;48m██          ████[38;2;7;7;7m██  
                        ████████████[38;2;57;56;57m██████████████████[38;2;31;31;31m████[38;2;57;56;57m████████████████[38;2;7;7;7m██[38;2;87;89;87m████████████████████████████[38;2;66;66;66m████[38;2;7;7;7m██████[38;2;48;48;48m██              ████[38;2;7;7;7m██
[38;2;75;76;73m████                [38;2;7;7;7m████[38;2;87;89;87m████[38;2;66;66;66m████████[38;2;7;7;7m██[38;2;57;56;57m██████████[38;2;31;31;31m██████[38;2;159;161;157m██[38;2;7;7;7m██[38;2;57;56;57m████████████████[38;2;7;7;7m██[38;2;87;89;87m████████████████████████████[38;2;66;66;66m██████[38;2;7;7;7m██[38;2;48;48;48m██                  ██[38;2;7;7;7m██
██[38;2;159;161;157m██[38;2;75;76;73m██████        [38;2;7;7;7m██[38;2;87;89;87m████[38;2;159;161;157m██[38;2;66;66;66m██[38;2;87;89;87m██████[38;2;66;66;66m████[38;2;7;7;7m██████████[38;2;159;161;157m██████[38;2;111;114;108m██[38;2;7;7;7m██[38;2;57;56;57m████████████[38;2;41;40;41m██[38;2;57;56;57m████[38;2;7;7;7m██[38;2;87;89;87m████████████████████████████[38;2;66;66;66m██████[38;2;7;7;7m██                  [38;2;48;48;48m██[38;2;7;7;7m██
██[38;2;111;114;108m██[38;2;159;161;157m██████[38;2;75;76;73m██████[38;2;7;7;7m██[38;2;87;89;87m████████████████████[38;2;48;48;48m██[38;2;159;161;157m██[38;2;111;114;108m██[38;2;159;161;157m████████[38;2;111;114;108m██[38;2;7;7;7m██[38;2;57;56;57m████████████████[38;2;31;31;31m██[38;2;57;56;57m██[38;2;7;7;7m██[38;2;87;89;87m████████████████████████████[38;2;66;66;66m██████[38;2;7;7;7m██              [38;2;31;31;31m██████[38;2;7;7;7m██
  ██[38;2;111;114;108m██[38;2;159;161;157m██████████[38;2;7;7;7m██[38;2;87;89;87m████[38;2;159;161;157m██[38;2;66;66;66m██[38;2;87;89;87m██████████[38;2;48;48;48m██[38;2;208;210;206m██[38;2;75;76;73m██[38;2;208;210;206m████[38;2;159;161;157m████[38;2;111;114;108m████[38;2;7;7;7m██[38;2;57;56;57m██████████████████[38;2;7;7;7m████[38;2;87;89;87m████████████████████████████[38;2;66;66;66m██████[38;2;7;7;7m██            [38;2;31;31;31m██[38;2;57;56;57m██████[38;2;31;31;31m██
  [38;2;7;7;7m██[38;2;111;114;108m██████[38;2;159;161;157m████[38;2;7;7;7m██[38;2;87;89;87m████[38;2;159;161;157m██[38;2;208;210;206m██[38;2;66;66;66m██[38;2;87;89;87m██████████[38;2;48;48;48m██[38;2;159;161;157m██[38;2;75;76;73m██[38;2;159;161;157m████[38;2;111;114;108m██████[38;2;7;7;7m██[38;2;57;56;57m██████████████████[38;2;41;40;41m██[38;2;7;7;7m██[38;2;87;89;87m██████████████████████████████[38;2;66;66;66m████████[38;2;7;7;7m██          [38;2;31;31;31m██[38;2;57;56;57m██████[38;2;31;31;31m██
    [38;2;7;7;7m██[38;2;111;114;108m████████[38;2;7;7;7m██[38;2;87;89;87m████[38;2;66;66;66m████[38;2;87;89;87m████████████[38;2;48;48;48m██[38;2;111;114;108m██[38;2;75;76;73m██[38;2;111;114;108m████████[38;2;7;7;7m██[38;2;57;56;57m████████████████[38;2;41;40;41m██[38;2;57;56;57m████[38;2;41;40;41m██[38;2;7;7;7m██[38;2;87;89;87m████████████████████████████[38;2;66;66;66m████████[38;2;7;7;7m██        [38;2;31;31;31m██[38;2;57;56;57m████[38;2;41;40;41m████[38;2;31;31;31m██
      [38;2;7;7;7m████[38;2;111;114;108m████[38;2;7;7;7m██[38;2;87;89;87m████████████████████[38;2;66;66;66m██[38;2;48;48;48m██[38;2;111;114;108m██[38;2;75;76;73m██[38;2;111;114;108m██[38;2;7;7;7m████[38;2;41;40;41m██[38;2;57;56;57m██████████████████[38;2;31;31;31m██[38;2;41;40;41m████[38;2;7;7;7m██[38;2;87;89;87m██████████████████████████[38;2;66;66;66m██████████[38;2;7;7;7m██        [38;2;31;31;31m██[38;2;57;56;57m██[38;2;41;40;41m██████[38;2;31;31;31m██
          [38;2;7;7;7m██████[38;2;87;89;87m████[38;2;159;161;157m████[38;2;66;66;66m██[38;2;87;89;87m██████████[38;2;66;66;66m████[38;2;48;48;48m████[38;2;7;7;7m██[38;2;41;40;41m████████[38;2;57;56;57m████████████████[38;2;31;31;31m██[38;2;41;40;41m████[38;2;7;7;7m██[38;2;87;89;87m██████████████████████████[38;2;66;66;66m██████████[38;2;7;7;7m██        [38;2;31;31;31m██[38;2;57;56;57m██[38;2;41;40;41m████[38;2;31;31;31m██  
              [38;2;7;7;7m██[38;2;87;89;87m████[38;2;159;161;157m██[38;2;208;210;206m██[38;2;66;66;66m██[38;2;87;89;87m████[38;2;48;48;48m██[38;2;247;247;247m██[38;2;48;48;48m██[38;2;66;66;66m████████[38;2;7;7;7m██[38;2;41;40;41m██████[38;2;57;56;57m██[38;2;41;40;41m██[38;2;57;56;57m██████████████[38;2;41;40;41m██[38;2;31;31;31m██[38;2;41;40;41m██[38;2;7;7;7m██[38;2;87;89;87m████████████████████████[38;2;66;66;66m████████████[38;2;7;7;7m██        [38;2;31;31;31m██[38;2;57;56;57m██[38;2;31;31;31m████    
                [38;2;48;48;48m██[38;2;87;89;87m██[38;2;66;66;66m████[38;2;87;89;87m████[38;2;48;48;48m██[38;2;159;161;157m██[38;2;247;247;247m████[38;2;66;66;66m██████[38;2;7;7;7m██[38;2;41;40;41m██████[38;2;57;56;57m██[38;2;41;40;41m██[38;2;57;56;57m██[38;2;41;40;41m██[38;2;57;56;57m██████████[38;2;41;40;41m██[38;2;57;56;57m██[38;2;31;31;31m██[38;2;7;7;7m██[38;2;87;89;87m████████████████[38;2;66;66;66m██[38;2;87;89;87m██[38;2;66;66;66m██[38;2;87;89;87m██[38;2;66;66;66m██████████████[38;2;7;7;7m██        [38;2;31;31;31m████        
                [38;2;48;48;48m██[38;2;87;89;87m██████████[38;2;48;48;48m██[38;2;7;7;7m██[38;2;247;247;247m██[38;2;48;48;48m██[38;2;66;66;66m██████[38;2;7;7;7m██[38;2;41;40;41m████████[38;2;57;56;57m██[38;2;41;40;41m██[38;2;57;56;57m██████[38;2;41;40;41m██[38;2;57;56;57m██[38;2;41;40;41m██[38;2;57;56;57m██[38;2;41;40;41m██[38;2;31;31;31m██[38;2;7;7;7m██[38;2;87;89;87m██████████████[38;2;66;66;66m██[38;2;87;89;87m██[38;2;66;66;66m██[38;2;87;89;87m██[38;2;66;66;66m████[38;2;48;48;48m██[38;2;66;66;66m██████████[38;2;7;7;7m██                    
                [38;2;48;48;48m██[38;2;87;89;87m██████████[38;2;48;48;48m██[38;2;247;247;247m██[38;2;48;48;48m██[38;2;66;66;66m██████[38;2;7;7;7m██[38;2;41;40;41m████████████[38;2;57;56;57m██[38;2;41;40;41m██[38;2;57;56;57m██████[38;2;31;31;31m██[38;2;41;40;41m██████[38;2;7;7;7m██[38;2;87;89;87m████████████[38;2;66;66;66m████████[38;2;87;89;87m██[38;2;66;66;66m██████[38;2;48;48;48m██[38;2;66;66;66m██████████[38;2;7;7;7m██                    
                  [38;2;48;48;48m██[38;2;87;89;87m██████████[38;2;66;66;66m████████[38;2;7;7;7m██[38;2;41;40;41m████████████████████[38;2;57;56;57m██[38;2;41;40;41m██[38;2;31;31;31m██[38;2;41;40;41m██████[38;2;7;7;7m██[38;2;87;89;87m██████[38;2;66;66;66m████████████████████[38;2;48;48;48m██[38;2;66;66;66m██████████[38;2;7;7;7m██                      
                  [38;2;48;48;48m██[38;2;87;89;87m████████[38;2;66;66;66m████████[38;2;7;7;7m██[38;2;41;40;41m██████████████████████[38;2;57;56;57m██[38;2;41;40;41m████[38;2;31;31;31m██[38;2;41;40;41m████[38;2;7;7;7m██[38;2;66;66;66m██████████████████████████[38;2;48;48;48m██[38;2;66;66;66m██████████[38;2;7;7;7m██                      
                  [38;2;48;48;48m██[38;2;87;89;87m████████[38;2;66;66;66m██████[38;2;7;7;7m██[38;2;41;40;41m██████████████████████████████[38;2;31;31;31m██[38;2;41;40;41m██[38;2;7;7;7m██[38;2;66;66;66m██████████████████████████[38;2;7;7;7m██[38;2;66;66;66m████████████[38;2;7;7;7m██                      
                  [38;2;48;48;48m██[38;2;87;89;87m██████[38;2;41;40;41m████[38;2;66;66;66m████[38;2;7;7;7m██[38;2;41;40;41m██████████████████████████████[38;2;7;7;7m██[38;2;41;40;41m██[38;2;7;7;7m██[38;2;66;66;66m████████████████████████[38;2;7;7;7m██████[38;2;66;66;66m██████████[38;2;7;7;7m██                      
                  ██[38;2;41;40;41m██████[38;2;57;56;57m██[38;2;41;40;41m██[38;2;66;66;66m██[38;2;7;7;7m██[38;2;41;40;41m██████████████████████████████[38;2;7;7;7m██[38;2;66;66;66m██[38;2;7;7;7m██[38;2;66;66;66m██████████████████████[38;2;7;7;7m████[38;2;48;48;48m██[38;2;7;7;7m██  ██[38;2;66;66;66m████████[38;2;7;7;7m██                      
                    ██[38;2;57;56;57m████[38;2;41;40;41m████[38;2;7;7;7m██[38;2;41;40;41m██████████████████████████████[38;2;7;7;7m██[38;2;66;66;66m██████████████[38;2;48;48;48m██[38;2;66;66;66m████████[38;2;7;7;7m████[38;2;48;48;48m████[38;2;7;7;7m██    ██[38;2;66;66;66m██████████[38;2;7;7;7m██                    
                      ████████[38;2;41;40;41m██████████████████████[38;2;31;31;31m██[38;2;41;40;41m████████[38;2;7;7;7m██[38;2;66;66;66m██████[38;2;87;89;87m████[38;2;66;66;66m██[38;2;48;48;48m██[38;2;66;66;66m██████[38;2;7;7;7m████[38;2;48;48;48m██████[38;2;7;7;7m██        ██[38;2;66;66;66m████████[38;2;7;7;7m██                    
                          ██[38;2;41;40;41m██████████████████████████[38;2;31;31;31m██[38;2;41;40;41m████[38;2;7;7;7m██[38;2;66;66;66m██████[38;2;87;89;87m████████[38;2;48;48;48m██[38;2;7;7;7m██████[38;2;48;48;48m████████[38;2;7;7;7m██          ██[38;2;66;66;66m████████[38;2;48;48;48m██[38;2;7;7;7m██                  
                          ██[38;2;41;40;41m██████████████████████████[38;2;31;31;31m██[38;2;41;40;41m████[38;2;7;7;7m██[38;2;66;66;66m██████[38;2;87;89;87m████████[38;2;7;7;7m██    ██[38;2;48;48;48m██████████[38;2;7;7;7m██          ██[38;2;66;66;66m████[38;2;48;48;48m██████[38;2;7;7;7m██                
                            ██[38;2;41;40;41m██████████████████████████[38;2;7;7;7m██[38;2;41;40;41m██[38;2;7;7;7m██[38;2;66;66;66m██████[38;2;87;89;87m████████[38;2;7;7;7m██      ██[38;2;48;48;48m██████████[38;2;7;7;7m██          ██[38;2;48;48;48m████████[38;2;7;7;7m██                
                            ██████[38;2;41;40;41m████████████[38;2;31;31;31m████[38;2;41;40;41m██████[38;2;7;7;7m██████[38;2;66;66;66m██████[38;2;87;89;87m████████[38;2;7;7;7m██        ██[38;2;48;48;48m████████[38;2;7;7;7m██            ██[38;2;48;48;48m██████[38;2;7;7;7m██                
                          ██[38;2;87;89;87m██████[38;2;7;7;7m████████[38;2;41;40;41m████████[38;2;7;7;7m████[38;2;41;40;41m██[38;2;7;7;7m██    ██[38;2;66;66;66m████[38;2;87;89;87m████████[38;2;7;7;7m██        ██[38;2;48;48;48m██████[38;2;7;7;7m██              ██[38;2;48;48;48m██████[38;2;7;7;7m██                
                          ██[38;2;87;89;87m██████████[38;2;48;48;48m████[38;2;7;7;7m██████[38;2;41;40;41m██[38;2;7;7;7m██  ████    ██[38;2;66;66;66m██████[38;2;87;89;87m████[38;2;7;7;7m██        ██[38;2;48;48;48m████████[38;2;7;7;7m██                ██[38;2;48;48;48m██████[38;2;7;7;7m██              
                          ██[38;2;66;66;66m██[38;2;87;89;87m████████[38;2;48;48;48m██[38;2;7;7;7m██      ████            ██[38;2;66;66;66m████████[38;2;7;7;7m██      ██[38;2;31;31;31m████[38;2;48;48;48m████[38;2;7;7;7m██                  ██[38;2;48;48;48m██████[38;2;7;7;7m██              
                            ██[38;2;48;48;48m██[38;2;66;66;66m████[38;2;48;48;48m██████[38;2;7;7;7m████                  ██[38;2;66;66;66m██[38;2;48;48;48m██[38;2;66;66;66m████[38;2;7;7;7m██    ██[38;2;41;40;41m██████[38;2;31;31;31m██[38;2;7;7;7m██                    ██[38;2;48;48;48m██[38;2;31;31;31m████[38;2;7;7;7m██              
                              ████[38;2;48;48;48m████████[38;2;31;31;31m██[38;2;41;40;41m██[38;2;7;7;7m██                  ██[38;2;48;48;48m██[38;2;66;66;66m████[38;2;7;7;7m██    ██[38;2;41;40;41m████████[38;2;7;7;7m██                    ██[38;2;31;31;31m██[38;2;41;40;41m██[38;2;31;31;31m██[38;2;41;40;41m██[38;2;7;7;7m██            
                                  ████[38;2;48;48;48m██[38;2;31;31;31m██[38;2;41;40;41m████[38;2;7;7;7m██                  ██[38;2;66;66;66m██[38;2;48;48;48m██[38;2;66;66;66m██[38;2;7;7;7m██    ██████████                      ██[38;2;41;40;41m████[38;2;31;31;31m██[38;2;41;40;41m██[38;2;7;7;7m██            
                                      ██[38;2;41;40;41m██████[38;2;7;7;7m██                  ██[38;2;66;66;66m██████[38;2;7;7;7m██                                      ██████████            
                                        ██████                    ██[38;2;66;66;66m██████[38;2;7;7;7m██                                                            
                                                                  ██[38;2;66;66;66m██████[38;2;7;7;7m██                                                            
                                                                ██[38;2;66;66;66m██████[38;2;7;7;7m██                                                              
                                                                ██[38;2;31;31;31m████[38;2;66;66;66m██[38;2;7;7;7m██                                                              
                                                              ██[38;2;41;40;41m██[38;2;31;31;31m██[38;2;41;40;41m██[38;2;31;31;31m██[38;2;7;7;7m██                                                              
                                                              ██[38;2;41;40;41m██[38;2;31;31;31m██[38;2;41;40;41m████[38;2;7;7;7m██                                                              
                                                              ██████████                                                                
[0m