                                                                            [38;2;66;159;246m██                                    ██████                                  
                                                                          ██[38;2;168;255;177m██[38;2;66;159;246m██                              ████[38;2;168;255;177m██████[38;2;66;159;246m████                              
                                                                          ██[38;2;168;255;177m██[38;2;66;159;246m██                            ██[38;2;168;255;177m████[38;2;71;222;202m██[38;2;168;255;177m████████[38;2;66;159;246m██                            
                                                                        ██[38;2;168;255;177m██████[38;2;66;159;246m██                        ██[38;2;168;255;177m████[38;2;71;222;202m██[38;2;168;255;177m██████████[38;2;71;222;202m██[38;2;66;159;246m██                          
                                                                      ██[38;2;168;255;177m████████[38;2;66;159;246m██                        ██[38;2;168;255;177m████[38;2;71;222;202m██[38;2;168;255;177m████████[38;2;71;222;202m████[38;2;66;159;246m██                          
                                                                  ████[38;2;168;255;177m██████████[38;2;66;159;246m██      ████████████    ██[38;2;168;255;177m██████████████[38;2;66;159;246m████[38;2;71;222;202m████[38;2;66;159;246m██                        
                                                                ██[38;2;168;255;177m████████████████[38;2;66;159;246m██████[38;2;71;222;202m██[38;2;168;255;177m████████[38;2;71;222;202m██[38;2;66;159;246m██████[38;2;168;255;177m██████████[38;2;71;222;202m██[38;2;66;159;246m██    ██[38;2;71;222;202m██[38;2;66;159;246m██                        
                                                            ████[38;2;168;255;177m██████████████[38;2;66;159;246m████[38;2;168;255;177m██[38;2;71;222;202m██[38;2;168;255;177m██████████████[38;2;71;222;202m████[38;2;66;159;246m██[38;2;71;222;202m██[38;2;168;255;177m██████[38;2;71;222;202m██[38;2;66;159;246m██        ██                          
                                                        ████[38;2;168;255;177m████████████████[38;2;66;159;246m██[38;2;71;222;202m██[38;2;168;255;177m██[38;2;71;222;202m██[38;2;168;255;177m██████████████████[38;2;71;222;202m████[38;2;66;159;246m██[38;2;71;222;202m████████[38;2;66;159;246m██                                    
                                                      ██[38;2;168;255;177m██████████████████[38;2;66;159;246m██[38;2;71;222;202m██[38;2;168;255;177m██[38;2;71;222;202m██[38;2;168;255;177m████████████████████[38;2;71;222;202m████████████[38;2;66;159;246m██                        ████    ██    
                                                    ██[38;2;71;222;202m██[38;2;168;255;177m████████████████[38;2;71;222;202m██████[38;2;168;255;177m██[38;2;71;222;202m██[38;2;168;255;177m██████████[38;2;71;222;202m██[38;2;168;255;177m████████[38;2;71;222;202m████████████[38;2;66;159;246m██  ████████            ██[38;2;168;255;177m██[38;2;66;159;246m██  ██[38;2;168;255;177m██[38;2;66;159;246m██  
                                                    ██[38;2;71;222;202m██[38;2;168;255;177m████████[38;2;66;159;246m████████████[38;2;71;222;202m██[38;2;66;159;246m██[38;2;168;255;177m██████████[38;2;71;222;202m██[38;2;168;255;177m██████████[38;2;71;222;202m██████████[38;2;66;159;246m██████[38;2;168;255;177m████████[38;2;66;159;246m████      ██[38;2;168;255;177m████[38;2;66;159;246m████[38;2;168;255;177m████[38;2;66;159;246m██  
                                                  ██[38;2;71;222;202m██████[38;2;168;255;177m██[38;2;66;159;246m████[38;2;244;244;244m██████████[38;2;168;255;177m██[38;2;66;159;246m████[38;2;168;255;177m████████[38;2;71;222;202m██[38;2;168;255;177m██████████[38;2;71;222;202m████████[38;2;66;159;246m████[38;2;71;222;202m██[38;2;168;255;177m████████████████[38;2;66;159;246m██████[38;2;168;255;177m████[38;2;66;159;246m██[38;2;168;255;177m██████[38;2;71;222;202m██[38;2;66;159;246m██  
                                                  ██[38;2;71;222;202m████[38;2;66;159;246m████[38;2;244;244;244m██████████████████[38;2;168;255;177m██[38;2;66;159;246m████[38;2;168;255;177m██[38;2;71;222;202m████[38;2;168;255;177m██████████[38;2;71;222;202m██████[38;2;66;159;246m██[38;2;71;222;202m██[38;2;168;255;177m████████████[38;2;71;222;202m████[38;2;168;255;177m██████████████████████[38;2;71;222;202m████[38;2;66;159;246m██
                                                  ██[38;2;71;222;202m██[38;2;36;36;24m██[38;2;244;244;244m████████████████████████████[38;2;36;36;24m██[38;2;71;222;202m██[38;2;168;255;177m██████████[38;2;71;222;202m██████[38;2;66;159;246m██[38;2;71;222;202m██[38;2;168;255;177m██████████[38;2;71;222;202m████[38;2;168;255;177m████████[38;2;71;222;202m████[38;2;168;255;177m██████████████[38;2;71;222;202m████[38;2;66;159;246m██
                                            [38;2;60;53;189m████████[38;2;36;36;24m██[38;2;244;244;244m████[38;2;168;255;177m██[38;2;244;244;244m██████████████████████[38;2;168;255;177m██[38;2;244;244;244m██[38;2;36;36;24m██[38;2;60;53;189m████████[38;2;168;255;177m██[38;2;71;222;202m████[38;2;66;159;246m██[38;2;71;222;202m██[38;2;168;255;177m██████████[38;2;71;222;202m██[38;2;168;255;177m████████████████[38;2;71;222;202m██[38;2;168;255;177m██████████[38;2;71;222;202m██████[38;2;66;159;246m██
                                        [38;2;60;53;189m████[38;2;105;105;255m██████[38;2;60;53;189m██[38;2;36;36;24m██[38;2;168;255;177m██[38;2;71;222;202m████[38;2;168;255;177m██[38;2;244;244;244m██████████████[38;2;168;255;177m██[38;2;244;244;244m██[38;2;168;255;177m██[38;2;71;222;202m████[38;2;36;36;24m██[38;2;60;87;240m████[38;2;211;109;242m████[38;2;60;53;189m██████[38;2;66;159;246m██[38;2;71;222;202m████[38;2;168;255;177m████[38;2;71;222;202m████[38;2;168;255;177m████████████████████[38;2;71;222;202m██[38;2;168;255;177m████[38;2;71;222;202m██████████[38;2;66;159;246m██
                                      [38;2;60;53;189m██[38;2;60;87;240m██████[38;2;60;53;189m████[38;2;36;36;24m██[38;2;168;255;177m██████[38;2;71;222;202m██[38;2;244;244;244m████[38;2;71;222;202m████████████[38;2;244;244;244m████[38;2;71;222;202m██[38;2;168;255;177m██████[38;2;36;36;24m██[38;2;60;87;240m██████[38;2;211;109;242m████[38;2;60;87;240m██[38;2;60;53;189m██[38;2;71;222;202m████████████[38;2;168;255;177m██████[38;2;71;222;202m████[38;2;168;255;177m██████████[38;2;71;222;202m██████████████[38;2;66;159;246m██  
                                [38;2;60;53;189m████[38;2;66;159;246m██[38;2;60;53;189m████████[38;2;71;222;202m████████[38;2;168;255;177m████[38;2;71;222;202m██[38;2;244;244;244m██[38;2;71;222;202m██[38;2;168;255;177m████████████[38;2;71;222;202m██[38;2;244;244;244m██[38;2;71;222;202m██[38;2;168;255;177m████[38;2;71;222;202m████████[38;2;60;87;240m████████[38;2;71;222;202m██[38;2;60;53;189m██████[38;2;71;222;202m██████[38;2;168;255;177m██[38;2;71;222;202m██████[38;2;168;255;177m████████[38;2;71;222;202m██████████████████[38;2;36;36;24m██  
                            [38;2;60;53;189m████[38;2;66;159;246m████[38;2;60;53;189m██[38;2;71;222;202m████████[38;2;60;53;189m██████[38;2;71;222;202m████[38;2;168;255;177m████[38;2;71;222;202m████[38;2;168;255;177m██████████████[38;2;71;222;202m██[38;2;168;255;177m████[38;2;71;222;202m████[38;2;66;159;246m██[38;2;60;53;189m██████[38;2;71;222;202m████████[38;2;60;53;189m██[38;2;60;87;240m████[38;2;36;36;24m██[38;2;71;222;202m████████████[38;2;168;255;177m████[38;2;71;222;202m████████[38;2;36;36;24m████[38;2;71;222;202m██████[38;2;36;36;24m████    
                          [38;2;60;53;189m██[38;2;66;159;246m████[38;2;60;53;189m██[38;2;60;87;240m██[38;2;60;53;189m██[38;2;71;222;202m████[38;2;60;53;189m████[38;2;244;244;244m██████[38;2;60;53;189m██[38;2;71;222;202m████[38;2;168;255;177m██[38;2;66;159;246m██[38;2;168;255;177m████████████████[38;2;66;159;246m██[38;2;168;255;177m██[38;2;71;222;202m████[38;2;60;87;240m██[38;2;66;159;246m██[38;2;244;244;244m████[38;2;60;53;189m████████[38;2;71;222;202m████[38;2;60;53;189m██[38;2;60;87;240m████[38;2;36;36;24m██[38;2;71;222;202m████████████████████[38;2;36;36;24m██    ██████        
                        [38;2;60;53;189m██[38;2;60;87;240m████[38;2;60;53;189m██████[38;2;71;222;202m████[38;2;60;53;189m██[38;2;66;159;246m██[38;2;244;244;244m████[38;2;250;211;152m██[38;2;66;159;246m████[38;2;60;53;189m██[38;2;71;222;202m██[38;2;168;255;177m██[38;2;66;159;246m██[38;2;168;255;177m██[38;2;71;222;202m██████████████[38;2;66;159;246m██[38;2;168;255;177m██[38;2;71;222;202m██[38;2;60;87;240m████[38;2;243;168;255m██[38;2;244;244;244m██[38;2;60;87;240m██[38;2;244;244;244m██[38;2;60;53;189m██[38;2;60;87;240m████[38;2;60;53;189m██[38;2;71;222;202m████[38;2;60;53;189m██████[38;2;36;36;24m██[38;2;71;222;202m██████████████████[38;2;36;36;24m██                  
                      [38;2;66;159;246m██[38;2;60;53;189m██████[38;2;71;222;202m████████[38;2;60;53;189m██[38;2;66;159;246m████[38;2;250;211;152m██████[38;2;60;87;240m██████[38;2;60;53;189m██[38;2;71;222;202m████████[38;2;60;53;189m████████████[38;2;71;222;202m██████[38;2;60;53;189m██[38;2;60;87;240m██[38;2;243;168;255m████████████[38;2;60;87;240m████[38;2;60;53;189m██[38;2;71;222;202m██████[38;2;60;87;240m██[38;2;60;53;189m██[38;2;71;222;202m████████████████[38;2;36;36;24m██                    
    [38;2;66;159;246m██                ██[38;2;71;222;202m██████[38;2;60;53;189m████[38;2;71;222;202m██[38;2;60;53;189m██[38;2;66;159;246m████[38;2;250;211;152m██████[38;2;60;53;189m██[38;2;60;87;240m██████[38;2;60;53;189m██[38;2;71;222;202m████[38;2;60;53;189m████[38;2;60;87;240m████████████[38;2;60;53;189m██████[38;2;71;222;202m██[38;2;60;53;189m██[38;2;60;87;240m████[38;2;211;109;242m██[38;2;243;168;255m██[38;2;60;87;240m████████[38;2;60;53;189m██[38;2;71;222;202m████[38;2;60;53;189m██[38;2;66;159;246m██[38;2;60;87;240m██[38;2;36;36;24m██[38;2;71;222;202m██████████████[38;2;36;36;24m██                    
  [38;2;66;159;246m██[38;2;168;255;177m██[38;2;66;159;246m██            ██[38;2;71;222;202m██[38;2;60;53;189m████[38;2;66;159;246m████[38;2;60;53;189m██[38;2;71;222;202m██[38;2;60;53;189m████[38;2;60;87;240m████[38;2;60;53;189m████████████[38;2;71;222;202m████[38;2;60;53;189m██[38;2;66;159;246m████[38;2;60;53;189m████[38;2;244;244;244m████████[38;2;66;159;246m██[38;2;60;53;189m██████[38;2;71;222;202m██[38;2;60;53;189m████[38;2;60;87;240m██[38;2;243;168;255m██[38;2;60;53;189m██████████[38;2;71;222;202m██[38;2;60;53;189m██[38;2;60;87;240m██[38;2;60;53;189m██[38;2;250;211;152m██[38;2;36;36;24m██[38;2;71;222;202m██████████████[38;2;36;36;24m██                    
  [38;2;66;159;246m██[38;2;168;255;177m██[38;2;66;159;246m██            ██[38;2;60;53;189m██[38;2;66;159;246m████[38;2;243;168;255m██[38;2;66;159;246m██[38;2;60;53;189m██[38;2;71;222;202m██[38;2;60;53;189m████████[38;2;71;222;202m████████████████[38;2;60;53;189m██[38;2;66;159;246m██████[38;2;244;244;244m████[38;2;60;53;189m██████[38;2;66;159;246m████[38;2;60;53;189m██████[38;2;71;222;202m██[38;2;60;53;189m████████[38;2;71;222;202m██████████[38;2;60;53;189m██[38;2;60;87;240m██[38;2;250;211;152m██[38;2;60;53;189m██[38;2;250;211;152m██[38;2;36;36;24m██[38;2;71;222;202m██████████[38;2;36;36;24m██                      
  [38;2;66;159;246m██[38;2;168;255;177m████[38;2;66;159;246m██        ██[38;2;60;53;189m██[38;2;60;87;240m██[38;2;243;168;255m██[38;2;66;159;246m██[38;2;211;109;242m████[38;2;60;53;189m██[38;2;71;222;202m██████████[38;2;60;53;189m████████[38;2;71;222;202m██████████[38;2;60;53;189m██[38;2;66;159;246m████[38;2;244;244;244m██[38;2;60;87;240m████[38;2;60;53;189m██[38;2;60;87;240m████[38;2;66;159;246m██[38;2;60;87;240m████[38;2;60;53;189m██[38;2;71;222;202m██████████[38;2;60;53;189m██████████[38;2;71;222;202m██[38;2;60;53;189m██[38;2;250;211;152m██████[38;2;36;36;24m██[38;2;71;222;202m██████████[38;2;36;36;24m██                      
  [38;2;66;159;246m██[38;2;168;255;177m██████[38;2;66;159;246m████    ██[38;2;60;53;189m██[38;2;60;87;240m██[38;2;211;109;242m████[38;2;60;87;240m██[38;2;60;53;189m██[38;2;71;222;202m████[38;2;60;53;189m████████[38;2;66;159;246m████[38;2;60;53;189m████[38;2;71;222;202m████[38;2;60;53;189m████[38;2;71;222;202m████[38;2;60;53;189m██[38;2;66;159;246m██[38;2;244;244;244m████[38;2;60;87;240m██[38;2;60;53;189m██[38;2;60;87;240m██[38;2;66;159;246m████[38;2;60;87;240m██[38;2;60;53;189m██[38;2;71;222;202m██[38;2;60;53;189m████[38;2;71;222;202m████[38;2;60;53;189m████[38;2;66;159;246m████████[38;2;60;53;189m██[38;2;71;222;202m██[38;2;60;53;189m██[38;2;250;211;152m██████[38;2;36;36;24m██[38;2;71;222;202m██████[38;2;36;36;24m██                        
  [38;2;66;159;246m██[38;2;168;255;177m██████████[38;2;66;159;246m████[38;2;60;53;189m██[38;2;60;87;240m██[38;2;211;109;242m████[38;2;60;87;240m██[38;2;60;53;189m██[38;2;71;222;202m██[38;2;60;53;189m████[38;2;66;159;246m████████[38;2;60;53;189m████[38;2;60;87;240m██[38;2;60;53;189m██[38;2;71;222;202m██[38;2;60;53;189m██████████[38;2;71;222;202m██[38;2;60;53;189m██[38;2;60;87;240m██[38;2;66;159;246m██████████[38;2;60;87;240m██[38;2;60;53;189m██[38;2;71;222;202m██[38;2;60;53;189m██[38;2;66;159;246m██[38;2;60;53;189m████[38;2;71;222;202m██[38;2;60;53;189m██[38;2;60;87;240m██[38;2;60;53;189m██[38;2;244;244;244m██[38;2;66;159;246m██[38;2;244;244;244m██[38;2;60;53;189m████[38;2;71;222;202m██[38;2;60;53;189m██[38;2;60;87;240m██[38;2;60;53;189m██[38;2;36;36;24m██[38;2;71;222;202m██[38;2;36;36;24m████                          
    [38;2;66;159;246m██[38;2;168;255;177m██████████[38;2;66;159;246m██[38;2;60;53;189m██[38;2;60;87;240m██████[38;2;60;53;189m██[38;2;71;222;202m██[38;2;60;53;189m██[38;2;66;159;246m██[38;2;168;255;177m██[38;2;60;53;189m██[38;2;168;255;177m██[38;2;60;53;189m████[38;2;60;87;240m████[38;2;60;53;189m██[38;2;71;222;202m████[38;2;60;53;189m██[38;2;66;159;246m██[38;2;60;53;189m██[38;2;60;87;240m████[38;2;60;53;189m██[38;2;71;222;202m██[38;2;60;53;189m██[38;2;60;87;240m████[38;2;60;53;189m██[38;2;60;87;240m████[38;2;60;53;189m██[38;2;71;222;202m██[38;2;60;53;189m██[38;2;66;159;246m████[38;2;60;53;189m██████[38;2;71;222;202m██[38;2;60;53;189m██[38;2;60;87;240m████[38;2;244;244;244m████[38;2;60;53;189m██[38;2;244;244;244m██[38;2;60;53;189m██[38;2;71;222;202m██[38;2;60;53;189m████[38;2;71;222;202m██[38;2;36;36;24m██                              
    [38;2;66;159;246m██[38;2;168;255;177m████████████[38;2;71;222;202m██[38;2;60;53;189m██[38;2;60;87;240m██[38;2;60;53;189m██[38;2;71;222;202m██[38;2;60;53;189m██[38;2;66;159;246m██[38;2;168;255;177m████[38;2;71;222;202m████[38;2;60;87;240m██[38;2;71;222;202m██[38;2;60;87;240m████[38;2;60;53;189m██[38;2;71;222;202m██[38;2;60;53;189m██[38;2;66;159;246m████[38;2;243;168;255m██[38;2;60;53;189m██[38;2;60;87;240m████[38;2;60;53;189m██[38;2;71;222;202m██[38;2;60;53;189m██████[38;2;60;87;240m██[38;2;60;53;189m██[38;2;71;222;202m██[38;2;60;53;189m██[38;2;66;159;246m████[38;2;244;244;244m██[38;2;60;53;189m██████[38;2;71;222;202m██[38;2;60;53;189m██[38;2;60;87;240m██[38;2;66;159;246m██[38;2;60;87;240m██[38;2;244;244;244m████[38;2;60;53;189m██████[38;2;71;222;202m████[38;2;60;87;240m██[38;2;36;36;24m██                              
[38;2;66;159;246m████  ██[38;2;168;255;177m██████████[38;2;71;222;202m██[38;2;60;53;189m████[38;2;71;222;202m██[38;2;60;53;189m██[38;2;66;159;246m██[38;2;168;255;177m████[38;2;71;222;202m██████████[38;2;60;87;240m██[38;2;60;53;189m██[38;2;71;222;202m████[38;2;60;53;189m██[38;2;66;159;246m████[38;2;243;168;255m██[38;2;60;53;189m██[38;2;60;87;240m██[38;2;211;109;242m██[38;2;60;87;240m██[38;2;60;53;189m██[38;2;71;222;202m████[38;2;60;53;189m████[38;2;71;222;202m██[38;2;60;53;189m██[38;2;66;159;246m████[38;2;244;244;244m████[38;2;60;53;189m████████[38;2;71;222;202m██[38;2;60;53;189m██[38;2;60;87;240m████[38;2;66;159;246m██[38;2;60;87;240m██[38;2;66;159;246m██[38;2;60;87;240m██[38;2;60;53;189m██[38;2;71;222;202m██[38;2;60;87;240m██[38;2;244;244;244m██[38;2;36;36;24m██                              
[38;2;66;159;246m██[38;2;168;255;177m██[38;2;66;159;246m██████[38;2;71;222;202m██[38;2;168;255;177m████████████[38;2;60;53;189m██████[38;2;168;255;177m██[38;2;71;222;202m████████████[38;2;60;87;240m██[38;2;60;53;189m██[38;2;71;222;202m██[38;2;60;53;189m██[38;2;66;159;246m████[38;2;243;168;255m██████[38;2;60;87;240m██[38;2;211;109;242m████[38;2;60;53;189m████[38;2;71;222;202m██████[38;2;60;53;189m████[38;2;66;159;246m████[38;2;244;244;244m████[38;2;66;159;246m██[38;2;60;53;189m████████[38;2;71;222;202m██[38;2;60;53;189m██[38;2;60;87;240m████████[38;2;60;53;189m██[38;2;71;222;202m██[38;2;60;87;240m██[38;2;244;244;244m████[38;2;36;36;24m██                              
[38;2;66;159;246m██[38;2;168;255;177m████████[38;2;66;159;246m████[38;2;71;222;202m██[38;2;168;255;177m██████████[38;2;60;53;189m██[38;2;60;87;240m████[38;2;71;222;202m██████████[38;2;66;159;246m██████[38;2;71;222;202m██[38;2;60;53;189m██[38;2;66;159;246m████[38;2;243;168;255m██████[38;2;211;109;242m██████[38;2;60;53;189m██████[38;2;71;222;202m████[38;2;60;53;189m██[38;2;60;87;240m██[38;2;60;53;189m██[38;2;244;244;244m██████[38;2;66;159;246m████[38;2;60;53;189m██████[38;2;71;222;202m████[38;2;60;53;189m████████[38;2;71;222;202m████[38;2;60;87;240m██[38;2;66;159;246m██[38;2;244;244;244m██[38;2;36;36;24m██                              
  [38;2;66;159;246m██[38;2;168;255;177m████████████████████████[38;2;60;53;189m██[38;2;60;87;240m████[38;2;71;222;202m████[38;2;66;159;246m████[38;2;71;222;202m██████[38;2;66;159;246m██[38;2;60;53;189m██████[38;2;211;109;242m██[38;2;243;168;255m████[38;2;211;109;242m██████[38;2;60;53;189m████████[38;2;71;222;202m██[38;2;60;53;189m██[38;2;60;87;240m████[38;2;66;159;246m██[38;2;244;244;244m████[38;2;66;159;246m████[38;2;60;87;240m████[38;2;60;53;189m██[38;2;71;222;202m██████████████[38;2;60;87;240m██[38;2;66;159;246m████[38;2;36;36;24m██                                
  [38;2;66;159;246m██[38;2;168;255;177m██████████████████████████[38;2;60;87;240m██████[38;2;66;159;246m██[38;2;71;222;202m██[38;2;168;255;177m██[38;2;71;222;202m██████[38;2;66;159;246m██[38;2;60;53;189m██[38;2;60;87;240m██████[38;2;211;109;242m██████████[38;2;60;87;240m██[38;2;60;53;189m██████[38;2;71;222;202m████[38;2;60;53;189m██[38;2;60;87;240m██[38;2;66;159;246m██████████[38;2;60;87;240m████[38;2;60;53;189m██[38;2;71;222;202m████[38;2;60;87;240m████████[38;2;71;222;202m██[38;2;60;87;240m██[38;2;66;159;246m████[38;2;36;36;24m██                                
    [38;2;66;159;246m██[38;2;168;255;177m████████[38;2;71;222;202m██[38;2;168;255;177m████████████████[38;2;66;159;246m██[38;2;38;25;110m██[38;2;66;159;246m██[38;2;168;255;177m██████[38;2;71;222;202m████[38;2;66;159;246m██[38;2;71;222;202m██[38;2;60;53;189m██[38;2;60;87;240m██████[38;2;211;109;242m██████[38;2;60;87;240m██████[38;2;60;53;189m████[38;2;71;222;202m████[38;2;60;53;189m██[38;2;60;87;240m████[38;2;66;159;246m██████[38;2;60;87;240m████[38;2;60;53;189m██[38;2;71;222;202m██[38;2;60;87;240m████[38;2;244;244;244m██████[38;2;60;53;189m██[38;2;71;222;202m██[38;2;60;87;240m██[38;2;66;159;246m██[38;2;36;36;24m██                                  
      [38;2;66;159;246m██[38;2;71;222;202m██[38;2;168;255;177m██[38;2;66;159;246m██[38;2;168;255;177m██████████████[38;2;66;159;246m████[38;2;38;25;110m██[38;2;61;47;145m██[38;2;66;159;246m██[38;2;168;255;177m████████[38;2;71;222;202m██[38;2;66;159;246m████[38;2;71;222;202m██[38;2;60;53;189m██[38;2;60;87;240m████[38;2;60;53;189m██[38;2;60;87;240m██████████[38;2;60;53;189m████[38;2;71;222;202m████[38;2;60;53;189m████[38;2;60;87;240m██████[38;2;60;53;189m██[38;2;60;87;240m██[38;2;60;53;189m██[38;2;71;222;202m██[38;2;60;87;240m██[38;2;66;159;246m██[38;2;244;244;244m██████[38;2;66;159;246m██[38;2;60;53;189m██[38;2;71;222;202m██[38;2;60;87;240m██[38;2;36;36;24m██                                    
        [38;2;66;159;246m████[38;2;38;25;110m██[38;2;66;159;246m██[38;2;168;255;177m██[38;2;71;222;202m██[38;2;168;255;177m████[38;2;66;159;246m████[38;2;168;255;177m██[38;2;38;25;110m██[38;2;61;47;145m████[38;2;66;159;246m██[38;2;168;255;177m████████[38;2;66;159;246m████[38;2;61;47;145m██[38;2;66;159;246m██[38;2;71;222;202m██[38;2;60;53;189m████[38;2;60;87;240m████[38;2;60;53;189m████████[38;2;66;159;246m██[38;2;71;222;202m████[38;2;168;255;177m██[38;2;71;222;202m██[38;2;66;159;246m██[38;2;60;53;189m████[38;2;60;87;240m██[38;2;60;53;189m████[38;2;71;222;202m██[38;2;60;87;240m██[38;2;66;159;246m████████████[38;2;60;53;189m██[38;2;71;222;202m██[38;2;36;36;24m██                                      
[38;2;66;159;246m████████[38;2;71;222;202m██[38;2;38;25;110m██[38;2;61;47;145m████[38;2;66;159;246m██[38;2;168;255;177m████[38;2;66;159;246m██[38;2;168;255;177m██████[38;2;38;25;110m██[38;2;61;47;145m████[38;2;66;159;246m██[38;2;71;222;202m██[38;2;168;255;177m██[38;2;66;159;246m████[38;2;61;47;145m████████[38;2;66;159;246m██[38;2;168;255;177m██[38;2;60;53;189m██████[38;2;168;255;177m██████[38;2;71;222;202m██[38;2;168;255;177m████[38;2;71;222;202m██[38;2;168;255;177m████[38;2;71;222;202m██[38;2;168;255;177m██[38;2;66;159;246m██[38;2;60;53;189m████[38;2;71;222;202m████[38;2;60;87;240m██[38;2;66;159;246m██████████[38;2;60;53;189m██[38;2;71;222;202m██[38;2;36;36;24m██      [38;2;66;159;246m████                              
██[38;2;71;222;202m██████[38;2;38;25;110m██[38;2;61;47;145m████[38;2;38;25;110m██[38;2;61;47;145m██[38;2;66;159;246m██[38;2;168;255;177m██[38;2;71;222;202m████[38;2;168;255;177m██[38;2;38;25;110m██[38;2;61;47;145m████[38;2;66;159;246m██[38;2;71;222;202m████[38;2;66;159;246m██[38;2;61;47;145m████████[38;2;36;36;24m██[38;2;225;49;141m██[38;2;66;159;246m██[38;2;168;255;177m██████████████████████████████████████[38;2;71;222;202m████[38;2;60;87;240m████████[38;2;60;53;189m██[38;2;71;222;202m██[38;2;36;36;24m██    [38;2;66;159;246m████[38;2;168;255;177m██[38;2;66;159;246m██                              
  ██[38;2;71;222;202m████[38;2;38;25;110m██████[38;2;61;47;145m████[38;2;38;25;110m██[38;2;61;47;145m██[38;2;66;159;246m██[38;2;168;255;177m██[38;2;71;222;202m██[38;2;38;25;110m██[38;2;61;47;145m████[38;2;66;159;246m██[38;2;168;255;177m████[38;2;71;222;202m██[38;2;66;159;246m██[38;2;61;47;145m████[38;2;36;36;24m██[38;2;244;244;244m██[38;2;225;49;141m████[38;2;66;159;246m████[38;2;168;255;177m██████████████████████████████████████[38;2;71;222;202m████[38;2;66;159;246m██████████████[38;2;168;255;177m██████[38;2;66;159;246m██                              
    ██[38;2;71;222;202m██████[38;2;38;25;110m██[38;2;61;47;145m██[38;2;38;25;110m██[38;2;61;47;145m████[38;2;38;25;110m██[38;2;66;159;246m██[38;2;168;255;177m██[38;2;38;25;110m██[38;2;61;47;145m████[38;2;66;159;246m██[38;2;168;255;177m██[38;2;71;222;202m██[38;2;66;159;246m██[38;2;61;47;145m████[38;2;36;36;24m██[38;2;28;184;201m████[38;2;244;244;244m██[38;2;225;49;141m██[38;2;168;255;177m████[38;2;66;159;246m████[38;2;168;255;177m████████████████████████████████████████████████████████[38;2;66;159;246m██                                
      ████[38;2;71;222;202m██[38;2;38;25;110m██████[38;2;61;47;145m██[38;2;38;25;110m██[38;2;66;159;246m██[38;2;168;255;177m████[38;2;38;25;110m██[38;2;61;47;145m████[38;2;66;159;246m██[38;2;168;255;177m██[38;2;66;159;246m██[38;2;61;47;145m██████[38;2;36;36;24m██[38;2;28;184;201m████[38;2;244;244;244m██[38;2;66;159;246m██[38;2;168;255;177m████████[38;2;66;159;246m██[38;2;168;255;177m████████████████████████████████████████████████████[38;2;66;159;246m██                                  
          ██████[38;2;38;25;110m████[38;2;168;255;177m████████[38;2;38;25;110m██[38;2;61;47;145m██████[38;2;66;159;246m██[38;2;61;47;145m██████[38;2;36;36;24m██[38;2;28;184;201m██[38;2;244;244;244m██[38;2;28;184;201m██[38;2;244;244;244m██[38;2;66;159;246m██[38;2;168;255;177m████[38;2;71;222;202m██████[38;2;168;255;177m████████████[38;2;71;222;202m██[38;2;168;255;177m████████████████[38;2;71;222;202m██[38;2;168;255;177m████████████████[38;2;66;159;246m████                                    
            ██[38;2;71;222;202m████[38;2;168;255;177m████[38;2;71;222;202m██[38;2;168;255;177m██████[38;2;38;25;110m██[38;2;61;47;145m██████████[38;2;225;49;141m██[38;2;36;36;24m██[38;2;28;184;201m██[38;2;244;244;244m██[38;2;28;184;201m██[38;2;244;244;244m██[38;2;66;159;246m██[38;2;71;222;202m████[38;2;168;255;177m██████████[38;2;71;222;202m██[38;2;168;255;177m██████[38;2;66;159;246m██[38;2;168;255;177m████[38;2;66;159;246m██[38;2;168;255;177m████████████[38;2;66;159;246m████[38;2;168;255;177m██████[38;2;66;159;246m██████                                        
          ██[38;2;71;222;202m████████[38;2;66;159;246m██[38;2;71;222;202m██[38;2;168;255;177m██[38;2;71;222;202m██[38;2;168;255;177m██[38;2;38;25;110m██[38;2;61;47;145m██████████[38;2;225;49;141m██[38;2;36;36;24m██[38;2;28;184;201m████[38;2;244;244;244m██[38;2;61;47;145m██[38;2;168;255;177m████████████████[38;2;66;159;246m██[38;2;168;255;177m██[38;2;66;159;246m██[38;2;168;255;177m██[38;2;66;159;246m██[38;2;168;255;177m██[38;2;66;159;246m██[38;2;61;47;145m██[38;2;168;255;177m████[38;2;66;159;246m██[38;2;168;255;177m██████████[38;2;66;159;246m██████                                              
            [38;2;36;36;24m████[38;2;66;159;246m████[38;2;71;222;202m████████[38;2;168;255;177m██[38;2;71;222;202m██[38;2;38;25;110m██[38;2;61;47;145m██████████[38;2;225;49;141m██[38;2;36;36;24m██[38;2;61;47;145m████[38;2;168;255;177m██████████████████[38;2;71;222;202m██[38;2;38;25;110m██[38;2;61;47;145m██[38;2;66;159;246m██[38;2;61;47;145m██[38;2;66;159;246m██[38;2;61;47;145m████[38;2;66;159;246m██[38;2;61;47;145m██[38;2;71;222;202m██[38;2;168;255;177m████████████████[38;2;66;159;246m████                                          
                [38;2;36;36;24m██[38;2;71;222;202m██████[38;2;66;159;246m██[38;2;71;222;202m██████[38;2;38;25;110m██[38;2;61;47;145m████[38;2;225;49;141m██[38;2;61;47;145m██████[38;2;71;222;202m██[38;2;61;47;145m██[38;2;168;255;177m████[38;2;66;159;246m██[38;2;168;255;177m██████████████[38;2;38;25;110m██[38;2;61;47;145m████[38;2;38;25;110m██[38;2;61;47;145m████[38;2;38;25;110m██[38;2;61;47;145m██████[38;2;168;255;177m██████████████████████[38;2;66;159;246m██                                        
                  [38;2;36;36;24m██████[38;2;66;159;246m██[38;2;71;222;202m████[38;2;66;159;246m██[38;2;71;222;202m██[38;2;38;25;110m██[38;2;61;47;145m████[38;2;38;25;110m████[38;2;71;222;202m████[38;2;168;255;177m████[38;2;71;222;202m██[38;2;66;159;246m██[38;2;71;222;202m██[38;2;168;255;177m██[38;2;71;222;202m██[38;2;168;255;177m██[38;2;66;159;246m██[38;2;168;255;177m██[38;2;71;222;202m██[38;2;38;25;110m██[38;2;61;47;145m██[38;2;38;25;110m████[38;2;61;47;145m████[38;2;38;25;110m██[38;2;61;47;145m████[38;2;38;25;110m██[38;2;71;222;202m██[38;2;66;159;246m██[38;2;168;255;177m████████████[38;2;66;159;246m██████                                          
                        [38;2;36;36;24m██[38;2;71;222;202m████[38;2;36;36;24m██[38;2;71;222;202m████[38;2;38;25;110m████[38;2;71;222;202m████████[38;2;168;255;177m██[38;2;71;222;202m████[38;2;36;36;24m██[38;2;66;159;246m██[38;2;71;222;202m████[38;2;168;255;177m██[38;2;66;159;246m██[38;2;71;222;202m████[38;2;38;25;110m████[38;2;71;222;202m██[38;2;38;25;110m██[38;2;61;47;145m██[38;2;38;25;110m████[38;2;61;47;145m██[38;2;38;25;110m██[38;2;71;222;202m██████[38;2;66;159;246m████████████                                                
                        [38;2;36;36;24m██[38;2;71;222;202m██[38;2;36;36;24m████[38;2;71;222;202m████████████[38;2;66;159;246m██[38;2;71;222;202m██████[38;2;36;36;24m██  ██[38;2;71;222;202m██████[38;2;36;36;24m██[38;2;71;222;202m██████████[38;2;38;25;110m████[38;2;71;222;202m██[38;2;38;25;110m████[38;2;71;222;202m██████████[38;2;66;159;246m██                                                        
                          [38;2;36;36;24m██    ██[38;2;71;222;202m██████[38;2;36;36;24m██████[38;2;71;222;202m██████[38;2;36;36;24m██    ██[38;2;71;222;202m██[38;2;66;159;246m██  [38;2;36;36;24m██[38;2;71;222;202m██████[38;2;66;159;246m██[38;2;71;222;202m██████████████████████[38;2;66;159;246m██                                                      
                                [38;2;36;36;24m██[38;2;71;222;202m██[38;2;36;36;24m████    ██[38;2;71;222;202m████[38;2;36;36;24m██      ██[38;2;71;222;202m██[38;2;36;36;24m██  ██[38;2;71;222;202m██████[38;2;36;36;24m██[38;2;66;159;246m████[38;2;71;222;202m████████████[38;2;66;159;246m██████                                                        
                                  [38;2;36;36;24m██        ██[38;2;71;222;202m██[38;2;36;36;24m██          ██      ██[38;2;71;222;202m██[38;2;36;36;24m██      [38;2;66;159;246m████████████                                                              
                                              [38;2;36;36;24m██                      ██                                                                                  
[0m