                                [38;2;140;109;119m██████████                                                                        
                            ████[38;2;240;225;232m██████████[38;2;140;109;119m████                                                                    
                          ██[38;2;240;225;232m██████████████████[38;2;140;109;119m██                                                                  
                        ██[38;2;240;225;232m████████████████████[38;2;191;161;166m██[38;2;140;109;119m██  ████                                                          
                        ██[38;2;240;225;232m████████████████████[38;2;191;161;166m████[38;2;140;109;119m██[38;2;240;225;232m████[38;2;16;16;16m██                                                        
                      [38;2;140;109;119m██[38;2;240;225;232m████████████████████[38;2;191;161;166m████[38;2;140;109;119m██[38;2;240;225;232m██████[38;2;16;16;16m██                                                        
                      [38;2;140;109;119m██[38;2;240;225;232m██████████████████[38;2;191;161;166m████[38;2;140;109;119m██[38;2;240;225;232m████████[38;2;16;16;16m██                                                        
                  [38;2;140;109;119m██████████████[38;2;240;225;232m██████[38;2;191;161;166m██████[38;2;140;109;119m██[38;2;240;225;232m██████████[38;2;16;16;16m██                                                        
              [38;2;140;109;119m████[38;2;240;225;232m██████████████[38;2;140;109;119m████[38;2;191;161;166m██████[38;2;140;109;119m██[38;2;240;225;232m██████████[38;2;16;16;16m██                                                          
            [38;2;140;109;119m██[38;2;240;225;232m██████████████████████[38;2;140;109;119m██[38;2;191;161;166m████[38;2;140;109;119m██[38;2;240;225;232m██████████[38;2;16;16;16m██                                                          
          [38;2;140;109;119m██[38;2;240;225;232m██████████████████████████[38;2;140;109;119m████[38;2;240;225;232m██████████[38;2;191;161;166m██[38;2;16;16;16m██                                                          
        [38;2;140;109;119m██[38;2;240;225;232m██████████████████████████████[38;2;140;109;119m██[38;2;240;225;232m██████████[38;2;16;16;16m██                                  [38;2;100;88;122m██████                    
      [38;2;140;109;119m██[38;2;240;225;232m████[38;2;235;171;208m██[38;2;240;225;232m██████████████[38;2;235;171;208m████[38;2;240;225;232m████████[38;2;140;109;119m██[38;2;240;225;232m████████[38;2;191;161;166m██[38;2;16;16;16m██    [38;2;140;109;119m██                  [38;2;100;88;122m██████████[38;2;173;161;197m██████[38;2;50;44;94m████                
      [38;2;140;109;119m██[38;2;240;225;232m██[38;2;235;171;208m████[38;2;240;225;232m████████████[38;2;235;171;208m████████[38;2;240;225;232m████████████████[38;2;16;16;16m██[38;2;140;109;119m██  ██[38;2;191;161;166m██[38;2;140;109;119m██          [38;2;100;88;122m██████[38;2;173;161;197m████████████████████[38;2;50;44;94m██              
    [38;2;140;109;119m██[38;2;240;225;232m██[38;2;235;171;208m████████[38;2;240;225;232m████████[38;2;235;171;208m████████████[38;2;240;225;232m████████████[38;2;16;16;16m██[38;2;191;161;166m██[38;2;140;109;119m██  ██[38;2;191;161;166m██[38;2;140;109;119m██    [38;2;50;44;94m██████[38;2;173;161;197m██████████████████████████[38;2;50;44;94m██              
    [38;2;140;109;119m██[38;2;240;225;232m██[38;2;235;171;208m████[38;2;240;225;232m██[38;2;235;171;208m██[38;2;240;225;232m██████[38;2;235;171;208m██████[38;2;240;225;232m██[38;2;235;171;208m██████[38;2;240;225;232m████[38;2;140;109;119m██[38;2;240;225;232m████[38;2;16;16;16m██[38;2;191;161;166m██████[38;2;140;109;119m██[38;2;191;161;166m████[38;2;140;109;119m██[38;2;50;44;94m████[38;2;173;161;197m██████████████████████████████████[38;2;50;44;94m██            
    [38;2;140;109;119m██[38;2;235;171;208m████[38;2;186;73;124m██[38;2;240;225;232m██[38;2;235;171;208m████[38;2;240;225;232m██[38;2;235;171;208m██████[38;2;240;225;232m██[38;2;242;102;170m██[38;2;240;225;232m██[38;2;235;171;208m██████[38;2;240;225;232m██[38;2;235;171;208m██[38;2;16;16;16m██████[38;2;191;161;166m████████████[38;2;50;44;94m██[38;2;133;119;161m██████[38;2;100;88;122m██[38;2;173;161;197m██████████████████████████████[38;2;50;44;94m██            
    [38;2;140;109;119m██[38;2;235;171;208m██[38;2;186;73;124m██[38;2;242;102;170m██[38;2;16;16;16m██[38;2;240;225;232m██[38;2;235;171;208m████████[38;2;240;225;232m██[38;2;242;102;170m██[38;2;16;16;16m██[38;2;242;102;170m██[38;2;240;225;232m██[38;2;235;171;208m████████████[38;2;16;16;16m██[38;2;191;161;166m██████████[38;2;50;44;94m██[38;2;133;119;161m██[38;2;100;88;122m██[38;2;50;44;94m████[38;2;133;119;161m██[38;2;100;88;122m██[38;2;173;161;197m██████████████████████████████[38;2;50;44;94m████        
    [38;2;140;109;119m██[38;2;235;171;208m██[38;2;186;73;124m██[38;2;242;102;170m██[38;2;16;16;16m██[38;2;242;102;170m██[38;2;240;225;232m██[38;2;235;171;208m████[38;2;240;225;232m██[38;2;242;102;170m██[38;2;16;16;16m██[38;2;186;73;124m██[38;2;242;102;170m██[38;2;240;225;232m██[38;2;235;171;208m████████[38;2;191;161;166m██[38;2;235;171;208m██[38;2;16;16;16m██[38;2;191;161;166m██████████[38;2;16;16;16m██[38;2;133;119;161m██[38;2;50;44;94m██[38;2;100;88;122m████[38;2;50;44;94m██[38;2;133;119;161m██[38;2;100;88;122m██[38;2;173;161;197m████████████████████████████[38;2;50;44;94m██[38;2;133;119;161m██[38;2;50;44;94m██      
      [38;2;122;32;92m██[38;2;242;102;170m██[38;2;186;73;124m██[38;2;240;225;232m██[38;2;242;102;170m████[38;2;240;225;232m████[38;2;242;102;170m██[38;2;122;32;92m██[38;2;240;225;232m████[38;2;186;73;124m██[38;2;242;102;170m██[38;2;240;225;232m██[38;2;235;171;208m████[38;2;191;161;166m██[38;2;186;73;124m██[38;2;191;161;166m██[38;2;16;16;16m██[38;2;191;161;166m██████████[38;2;16;16;16m██[38;2;133;119;161m██[38;2;100;88;122m██████[38;2;50;44;94m██[38;2;133;119;161m██[38;2;100;88;122m██[38;2;173;161;197m██████████████████████[38;2;133;119;161m████[38;2;16;16;16m████[38;2;133;119;161m████[38;2;50;44;94m██    
      [38;2;122;32;92m██[38;2;242;102;170m██[38;2;121;108;151m████[38;2;242;102;170m██████████[38;2;235;171;208m██[38;2;240;225;232m██[38;2;121;108;151m████[38;2;242;102;170m████[38;2;191;161;166m████[38;2;186;73;124m████[38;2;16;16;16m██[38;2;191;161;166m████████████[38;2;16;16;16m██[38;2;133;119;161m██[38;2;100;88;122m████████[38;2;50;44;94m██[38;2;133;119;161m██[38;2;100;88;122m██[38;2;173;161;197m██████████████[38;2;133;119;161m████[38;2;16;16;16m██████[38;2;100;88;122m██████[38;2;133;119;161m██[38;2;50;44;94m██    
      [38;2;122;32;92m██[38;2;242;102;170m██[38;2;186;73;124m██[38;2;121;108;151m██[38;2;242;102;170m██████████[38;2;186;73;124m██[38;2;121;108;151m████[38;2;186;73;124m██[38;2;242;102;170m██████[38;2;186;73;124m██████[38;2;16;16;16m██[38;2;140;109;119m██[38;2;191;161;166m██████[38;2;140;109;119m████  [38;2;16;16;16m██[38;2;133;119;161m██[38;2;100;88;122m██████[38;2;50;44;94m██[38;2;133;119;161m██[38;2;100;88;122m██[38;2;173;161;197m██████[38;2;133;119;161m████[38;2;16;16;16m████████[38;2;100;88;122m████████████[38;2;50;44;94m██[38;2;133;119;161m██[38;2;50;44;94m██  
        [38;2;122;32;92m██[38;2;242;102;170m██[38;2;186;73;124m██[38;2;242;102;170m████████████[38;2;186;73;124m████[38;2;242;102;170m██████[38;2;235;171;208m████[38;2;186;73;124m██[38;2;16;16;16m██    [38;2;140;109;119m██████      [38;2;16;16;16m██[38;2;133;119;161m██[38;2;100;88;122m████[38;2;16;16;16m████[38;2;50;44;94m██[38;2;133;119;161m██████[38;2;16;16;16m██████[38;2;133;119;161m████[38;2;16;16;16m██[38;2;100;88;122m██████████████[38;2;50;44;94m██[38;2;133;119;161m██[38;2;50;44;94m██  
        [38;2;122;32;92m██[38;2;242;102;170m████[38;2;186;73;124m██[38;2;122;32;92m██[38;2;242;102;170m████[38;2;122;32;92m████[38;2;242;102;170m████████[38;2;235;171;208m██████[38;2;186;73;124m██[38;2;16;16;16m██                  ██████[38;2;100;88;122m████[38;2;16;16;16m████████[38;2;100;86;150m██[38;2;50;44;94m██[38;2;133;119;161m████████[38;2;16;16;16m██[38;2;100;88;122m████████████[38;2;50;44;94m██[38;2;133;119;161m██[38;2;50;44;94m██  
          [38;2;16;16;16m██[38;2;242;102;170m██[38;2;122;32;92m████[38;2;186;73;124m████[38;2;122;32;92m██████[38;2;242;102;170m██████[38;2;235;171;208m████[38;2;242;102;170m██[38;2;16;16;16m██                        ██[38;2;100;88;122m██[38;2;16;16;16m██[38;2;100;86;150m████[38;2;72;60;130m██[38;2;100;86;150m████[38;2;50;44;94m██[38;2;100;88;122m████[38;2;133;119;161m████[38;2;16;16;16m██[38;2;100;88;122m██████████████[38;2;133;119;161m██[38;2;50;44;94m██  
            [38;2;16;16;16m██[38;2;242;102;170m██[38;2;122;32;92m████[38;2;242;102;170m██[38;2;122;32;92m████[38;2;186;73;124m██[38;2;242;102;170m██████████[38;2;16;16;16m██                  [38;2;50;44;94m████████[38;2;16;16;16m██[38;2;100;88;122m██[38;2;16;16;16m██[38;2;50;44;94m██[38;2;100;86;150m██████[38;2;50;44;94m██[38;2;133;119;161m████[38;2;100;88;122m████[38;2;133;119;161m██[38;2;16;16;16m██[38;2;100;88;122m██████████████[38;2;50;44;94m██[38;2;133;119;161m██[38;2;50;44;94m██
              [38;2;16;16;16m████[38;2;242;102;170m████████████████[38;2;16;16;16m████      [38;2;122;32;92m██████      [38;2;50;44;94m██[38;2;72;60;130m██[38;2;50;44;94m██[38;2;72;60;130m████[38;2;50;44;94m██████[38;2;100;86;150m████████[38;2;50;44;94m██[38;2;133;119;161m██[38;2;100;88;122m██[38;2;133;119;161m██[38;2;100;88;122m██[38;2;133;119;161m██[38;2;16;16;16m██[38;2;100;88;122m██████████████[38;2;50;44;94m██[38;2;133;119;161m██[38;2;50;44;94m██
                  [38;2;16;16;16m████[38;2;122;32;92m████[38;2;186;73;124m████[38;2;122;32;92m████        ██[38;2;186;73;124m██[38;2;242;102;170m████[38;2;16;16;16m██  [38;2;50;44;94m██[38;2;72;60;130m██████[38;2;50;44;94m██[38;2;72;60;130m████[38;2;50;44;94m██[38;2;100;86;150m████[38;2;50;44;94m██[38;2;100;86;150m██[38;2;72;60;130m████[38;2;50;44;94m████[38;2;100;88;122m██[38;2;133;119;161m██[38;2;16;16;16m██[38;2;100;88;122m████████████████[38;2;50;44;94m██[38;2;133;119;161m██[38;2;50;44;94m██
              [38;2;122;32;92m████[38;2;186;73;124m██[38;2;242;102;170m████████[38;2;186;73;124m██████[38;2;16;16;16m████    [38;2;122;32;92m██[38;2;186;73;124m██[38;2;242;102;170m████[38;2;16;16;16m██[38;2;50;44;94m████[38;2;72;60;130m██████[38;2;50;44;94m██[38;2;72;60;130m████[38;2;16;16;16m████[38;2;50;44;94m██[38;2;72;60;130m████████████[38;2;16;16;16m████[38;2;100;88;122m████████[38;2;16;16;16m████[38;2;50;44;94m██[38;2;100;88;122m████[38;2;50;44;94m██[38;2;133;119;161m██[38;2;50;44;94m██
          [38;2;122;32;92m████[38;2;242;102;170m████████[38;2;186;73;124m██[38;2;242;102;170m██████[38;2;186;73;124m██[38;2;122;32;92m██[38;2;186;73;124m████[38;2;16;16;16m████[38;2;50;44;94m██[38;2;16;16;16m██[38;2;242;102;170m████[38;2;16;16;16m██[38;2;100;86;150m██[38;2;122;32;92m████[38;2;72;60;130m██████[38;2;50;44;94m██[38;2;72;60;130m██[38;2;16;16;16m██[38;2;100;88;122m██[38;2;16;16;16m██[38;2;72;60;130m██████[38;2;16;16;16m██████[38;2;100;88;122m████████[38;2;16;16;16m████      ██[38;2;100;88;122m██[38;2;50;44;94m██[38;2;133;119;161m██[38;2;50;44;94m██
        [38;2;122;32;92m██[38;2;242;102;170m██████[38;2;122;32;92m██████[38;2;186;73;124m██[38;2;242;102;170m██████[38;2;186;73;124m████[38;2;50;44;94m████████[38;2;100;86;150m████[38;2;16;16;16m████[38;2;100;86;150m██[38;2;122;32;92m██[38;2;242;102;170m████[38;2;16;16;16m██[38;2;72;60;130m████[38;2;50;44;94m██[38;2;16;16;16m██[38;2;100;88;122m██[38;2;50;44;94m██[38;2;100;88;122m██[38;2;16;16;16m██████[38;2;100;88;122m████████[38;2;50;44;94m██[38;2;16;16;16m████    ██████  ██[38;2;50;44;94m██[38;2;133;119;161m██[38;2;50;44;94m██
      [38;2;122;32;92m██[38;2;242;102;170m██[38;2;122;32;92m████[38;2;242;102;170m██████[38;2;186;73;124m██[38;2;122;32;92m██[38;2;242;102;170m██[38;2;186;73;124m██[38;2;50;44;94m██████[38;2;100;86;150m██████████████[38;2;122;32;92m████[38;2;186;73;124m██[38;2;242;102;170m████[38;2;16;16;16m██[38;2;50;44;94m██[38;2;16;16;16m████[38;2;100;88;122m████[38;2;16;16;16m██[38;2;100;88;122m██████████[38;2;50;44;94m██████[38;2;100;88;122m████[38;2;16;16;16m██████[38;2;173;161;197m██████[38;2;16;16;16m██  ██[38;2;133;119;161m██[38;2;16;16;16m██
    [38;2;122;32;92m██[38;2;186;73;124m██[38;2;242;102;170m██████[38;2;122;32;92m██[38;2;242;102;170m██████[38;2;122;32;92m██[38;2;50;44;94m██[38;2;100;86;150m██████████████████[38;2;50;44;94m██[38;2;122;32;92m██[38;2;242;102;170m████[38;2;122;32;92m██[38;2;242;102;170m████[38;2;16;16;16m██  ██[38;2;100;88;122m██[38;2;50;44;94m██[38;2;100;88;122m██[38;2;16;16;16m██[38;2;100;88;122m████[38;2;50;44;94m██████[38;2;100;88;122m████[38;2;16;16;16m██████[38;2;173;161;197m██████[38;2;133;119;161m██[38;2;100;88;122m██████[38;2;16;16;16m██  ██  
    [38;2;122;32;92m██[38;2;186;73;124m██[38;2;242;102;170m██████[38;2;122;32;92m████[38;2;242;102;170m████[38;2;122;32;92m██[38;2;100;86;150m████████████[38;2;72;60;130m██[38;2;16;16;16m████████[38;2;122;32;92m██[38;2;242;102;170m████[38;2;122;32;92m██[38;2;186;73;124m████[38;2;16;16;16m██  ██[38;2;100;88;122m██[38;2;50;44;94m██[38;2;100;88;122m████[38;2;50;44;94m████[38;2;100;88;122m████[38;2;16;16;16m██████[38;2;173;161;197m██████[38;2;133;119;161m██[38;2;100;88;122m████[38;2;133;119;161m████████[38;2;16;16;16m██      
  [38;2;50;44;94m████[38;2;100;86;150m██[38;2;122;32;92m██[38;2;242;102;170m████[38;2;122;32;92m██[38;2;100;86;150m██[38;2;122;32;92m████[38;2;100;86;150m██████[38;2;72;60;130m██[38;2;16;16;16m████████[38;2;122;32;92m██[38;2;186;73;124m████[38;2;122;32;92m██[38;2;186;73;124m██[38;2;242;102;170m████[38;2;186;73;124m████[38;2;16;16;16m██    ██[38;2;100;88;122m██[38;2;50;44;94m██[38;2;100;88;122m██████████[38;2;16;16;16m██[38;2;173;161;197m██████[38;2;133;119;161m██[38;2;100;88;122m████[38;2;133;119;161m██████████████[38;2;16;16;16m██      
[38;2;50;44;94m██[38;2;100;86;150m████████[38;2;122;32;92m████[38;2;100;86;150m████████[38;2;16;16;16m████████[38;2;186;73;124m████████[38;2;122;32;92m██[38;2;16;16;16m██[38;2;122;32;92m██[38;2;186;73;124m████████[38;2;16;16;16m████      ██[38;2;100;88;122m████████████[38;2;50;44;94m██[38;2;173;161;197m██[38;2;133;119;161m██[38;2;100;88;122m████[38;2;133;119;161m████████████████████[38;2;16;16;16m██      
[38;2;50;44;94m██[38;2;100;86;150m████████████[38;2;16;16;16m████████[38;2;186;73;124m██████████████[38;2;122;32;92m████    [38;2;16;16;16m████████            ██[38;2;100;88;122m██[38;2;50;44;94m██[38;2;100;88;122m██████[38;2;50;44;94m██[38;2;133;119;161m██[38;2;100;88;122m██[38;2;133;119;161m████████████████████████[38;2;16;16;16m██      
██[38;2;100;86;150m██████[38;2;16;16;16m██████[38;2;242;102;170m████[38;2;16;16;16m██[38;2;122;32;92m██████████████[38;2;186;73;124m████[38;2;133;119;161m██[38;2;100;88;122m████                    [38;2;16;16;16m██[38;2;100;88;122m██[38;2;50;44;94m██[38;2;100;88;122m██████[38;2;50;44;94m██[38;2;133;119;161m██[38;2;100;88;122m██[38;2;133;119;161m██████████████████████[38;2;16;16;16m██        
  ██████  [38;2;122;32;92m██[38;2;242;102;170m██████[38;2;16;16;16m██[38;2;133;119;161m████[38;2;50;44;94m██[38;2;186;73;124m████████████[38;2;122;32;92m██[38;2;133;119;161m████[38;2;100;88;122m██                    [38;2;16;16;16m██[38;2;100;88;122m██[38;2;50;44;94m██[38;2;100;88;122m████[38;2;50;44;94m██[38;2;133;119;161m██[38;2;100;88;122m██[38;2;133;119;161m██████████████████[38;2;16;16;16m████          
            [38;2;122;32;92m██████[38;2;173;161;197m████[38;2;50;44;94m██[38;2;186;73;124m████████[38;2;122;32;92m██[38;2;186;73;124m██████[38;2;122;32;92m██[38;2;50;44;94m████                    [38;2;16;16;16m██[38;2;50;44;94m██[38;2;100;88;122m██[38;2;50;44;94m████[38;2;133;119;161m██[38;2;100;88;122m██[38;2;133;119;161m██████████████[38;2;16;16;16m██████              
              [38;2;100;88;122m██[38;2;173;161;197m████[38;2;50;44;94m██[38;2;242;102;170m██[38;2;186;73;124m████[38;2;122;32;92m██[38;2;16;16;16m██[38;2;186;73;124m██████████[38;2;16;16;16m██                        ██[38;2;50;44;94m██[38;2;100;88;122m██████████████[38;2;16;16;16m████████                    
              [38;2;100;88;122m██████[38;2;242;102;170m██████[38;2;186;73;124m██[38;2;16;16;16m██  ██[38;2;186;73;124m██████████[38;2;16;16;16m██                          ██████████████                            
            [38;2;122;32;92m██[38;2;242;102;170m████████████[38;2;16;16;16m██    ██[38;2;186;73;124m██████████[38;2;16;16;16m██                                                                    
            [38;2;122;32;92m██[38;2;242;102;170m████████████[38;2;16;16;16m██      ██████████                                                                      
              ████████████                                                                                        
[0m